X,Y,Z,X1,Y1,Z1
0.000523,-0.0065577,0.0,0.0005225,-0.0065479,0.0
0.0010531,-0.0064895,0.0,0.0010518,-0.0064797,0.0
0.0015376,-0.0063951,0.0,0.0015355,-0.0063855,0.0
0.0020387,-0.0062553,0.0,0.0020359,-0.0062458,0.0
0.0025277,-0.0060792,0.0,0.002524,-0.00607,0.0
0.0030028,-0.0058586,0.0,0.0029984,-0.0058499,0.0
0.0034598,-0.0056074,0.0,0.0034548,-0.005599,0.0
0.0038861,-0.005319,0.0,0.0038805,-0.0053111,0.0
0.0042813,-0.0049996,0.0,0.0042752,-0.004992,0.0
0.004662,-0.0046604,0.0,0.0046552,-0.0046533,0.0
0.004991,-0.004302,0.0,0.0049838,-0.0042954,0.0
0.0053164,-0.0039021,0.0,0.0053086,-0.0038961,0.0
0.0055942,-0.0034649,0.0,0.005586,-0.0034596,0.0
0.0058543,-0.0029997,0.0,0.0058456,-0.0029951,0.0
0.0060739,-0.0025144,0.0,0.006065,-0.0025105,0.0
0.006253,-0.0020278,0.0,0.0062439,-0.0020246,0.0
0.0064092,-0.0015206,0.0,0.0063998,-0.0015182,0.0
0.0065053,-0.0010248,0.0,0.0064959,-0.0010232,0.0
0.0065746,-0.0005033,0.0,0.006565,-0.0005025,0.0
0.0065893,9e-07,0.0,0.0065799,1e-06,0.0
0.0065716,0.000522,0.0,0.0065622,0.0005215,0.0
0.0065148,0.0010222,0.0,0.0065054,0.001021,0.0
0.0064155,0.0015297,0.0,0.0064061,0.0015278,0.0
0.0062716,0.0020499,0.0,0.0062625,0.0020472,0.0
0.0060812,0.0025414,0.0,0.0060723,0.002538,0.0
0.005852,0.0030164,0.0,0.0058434,0.0030123,0.0
0.0056158,0.0034543,0.0,0.0056074,0.0034495,0.0
0.0053253,0.003886,0.0,0.0053174,0.0038804,0.0
0.005014,0.0042753,0.0,0.0050067,0.0042692,0.0
0.0046574,0.0046501,0.0,0.0046507,0.0046433,0.0
0.0042876,0.0050021,0.0,0.0042814,0.004995,0.0
0.0038722,0.0053225,0.0,0.0038666,0.0053149,0.0
0.0034485,0.0056107,0.0,0.0034434,0.0056027,0.0
0.0030004,0.0058582,0.0,0.0029961,0.0058498,0.0
0.0025256,0.0060739,0.0,0.0025219,0.0060652,0.0
0.0020536,0.0062595,0.0,0.0020506,0.0062505,0.0
0.0015411,0.0064065,0.0,0.0015389,0.0063973,0.0
0.0010526,0.0065109,0.0,0.0010512,0.0065017,0.0
0.0005399,0.0065779,0.0,0.0005392,0.0065685,0.0
1.18e-05,0.0065966,0.0,1.2e-05,0.0065873,0.0
-0.0005141,0.0065632,0.0,-0.0005132,0.006554,0.0
-0.0010426,0.0064956,0.0,-0.0010411,0.0064865,0.0
-0.001553,0.0064029,0.0,-0.0015508,0.0063939,0.0
-0.0020608,0.0062585,0.0,-0.0020578,0.0062496,0.0
-0.0025487,0.0060702,0.0,-0.002545,0.0060615,0.0
-0.0030173,0.0058602,0.0,-0.0030129,0.0058517,0.0
-0.0034708,0.0056057,0.0,-0.0034657,0.0055976,0.0
-0.0038998,0.0053218,0.0,-0.0038941,0.005314,0.0
-0.004303,0.0050017,0.0,-0.0042965,0.0049943,1e-07
-0.0046664,0.0046698,0.0,-0.0046593,0.0046631,0.0
-0.0050199,0.004295,0.0,-0.0050123,0.0042889,0.0
-0.0053324,0.0038886,0.0,-0.0053244,0.003883,0.0
-0.0056145,0.0034565,0.0,-0.005606,0.0034515,0.0
-0.0058683,0.0029902,0.0,-0.0058594,0.002986,0.0
-0.0060785,0.0025336,0.0,-0.0060692,0.0025301,0.0
-0.0062476,0.0020515,0.0,-0.0062382,0.0020489,0.0
-0.0064072,0.0015375,0.0,-0.0063977,0.0015356,0.0
-0.0065028,0.0010263,0.0,-0.0064933,0.0010253,0.0
-0.0065673,0.0005151,0.0,-0.0065578,0.0005147,0.0
-0.0065868,-4.4e-06,0.0,-0.0065772,-4.2e-06,0.0
-0.0065596,-0.0005063,0.0,-0.00655,-0.0005054,0.0
-0.0065149,-0.0010122,0.0,-0.0065053,-0.0010105,0.0
-0.006414,-0.0015195,0.0,-0.0064047,-0.001517,0.0
-0.0062617,-0.0020324,0.0,-0.0062526,-0.0020292,0.0
-0.0060681,-0.0025261,0.0,-0.0060593,-0.0025222,0.0
-0.0058644,-0.0029812,0.0,-0.0058559,-0.0029767,0.0
-0.0056027,-0.0034476,0.0,-0.0055945,-0.0034424,0.0
-0.0053233,-0.0038763,0.0,-0.0053155,-0.0038705,0.0
-0.0050038,-0.0042727,0.0,-0.0049964,-0.0042663,0.0
-0.0046704,-0.0046453,0.0,-0.0046636,-0.0046382,0.0
-0.0042947,-0.0049999,0.0,-0.0042885,-0.0049924,0.0
-0.0038962,-0.005318,0.0,-0.0038906,-0.0053101,0.0
-0.0034633,-0.0056159,0.0,-0.0034582,-0.0056076,0.0
-0.0030202,-0.0058616,0.0,-0.0030157,-0.005853,0.0
-0.0025424,-0.0060871,0.0,-0.0025385,-0.0060781,0.0
-0.0020525,-0.0062683,0.0,-0.0020494,-0.006259,0.0
-0.0015444,-0.006411,0.0,-0.001542,-0.0064015,0.0
-0.001026,-0.0065102,0.0,-0.0010244,-0.0065006,0.0
-0.0004977,-0.0065693,0.0,-0.0004968,-0.0065596,0.0
-8e-07,0.0038082,0.0176906,-8e-07,0.0038077,0.0177569
0.0002982,0.0037962,0.0176906,0.0002981,0.0037957,0.017757
0.0005952,0.0037612,0.0176907,0.0005951,0.0037608,0.017757
0.0008881,0.0037033,0.0176907,0.0008881,0.0037028,0.017757
0.001176,0.0036223,0.0176908,0.001176,0.0036218,0.0177571
0.0014571,0.0035183,0.0176907,0.0014569,0.0035178,0.0177571
0.001729,0.0033933,0.0176908,0.0017289,0.0033929,0.0177571
0.0019899,0.0032463,0.0176908,0.0019899,0.0032459,0.0177571
0.002239,0.0030803,0.0176908,0.0022389,0.0030799,0.0177571
0.0024739,0.0028954,0.0176908,0.0024739,0.0028949,0.0177571
0.0026939,0.0026925,0.0176908,0.0026939,0.0026919,0.0177571
0.002897,0.0024725,0.0176908,0.0028968,0.002472,0.0177571
0.0030818,0.0022375,0.0176908,0.0030818,0.002237,0.0177571
0.0032478,0.0019885,0.0176908,0.0032478,0.001988,0.017757
0.0033939,0.0017276,0.0176907,0.0033938,0.0017271,0.017757
0.0035188,0.0014556,0.0176907,0.0035188,0.0014551,0.017757
0.0036228,0.0011746,0.0176907,0.0036228,0.0011742,0.0177569
0.0037038,0.0008867,0.0176907,0.0037038,0.0008862,0.0177569
0.0037618,0.0005937,0.0176906,0.0037618,0.0005932,0.0177568
0.0037968,0.0002958,0.0176906,0.0037968,0.0002952,0.0177567
0.0038088,-2.2e-06,0.0176905,0.0038088,-2.7e-06,0.0177566
0.0037969,-0.0003012,0.0176905,0.0037968,-0.0003017,0.0177566
0.0037618,-0.0005982,0.0176904,0.0037618,-0.0005987,0.0177565
0.0037029,-0.0008911,0.0176903,0.0037028,-0.0008916,0.0177565
0.0036219,-0.001179,0.0176903,0.0036218,-0.0011795,0.0177564
0.0035189,-0.0014601,0.0176902,0.0035188,-0.0014605,0.0177562
0.0033929,-0.001731,0.0176902,0.0033929,-0.0017315,0.0177563
0.0032469,-0.001992,0.0176901,0.0032469,-0.0019925,0.0177561
0.003081,-0.002241,0.01769,0.0030809,-0.0022414,0.017756
0.002896,-0.002475,0.0176899,0.002896,-0.0024754,0.0177559
0.002693,-0.0026949,0.0176899,0.002693,-0.0026954,0.0177558
0.0024731,-0.0028979,0.0176898,0.002473,-0.0028984,0.0177558
0.0022392,-0.0030829,0.0176896,0.0022391,-0.0030834,0.0177556
0.0019902,-0.0032488,0.0176896,0.0019901,-0.0032494,0.0177556
0.0017292,-0.0033958,0.0176896,0.0017291,-0.0033964,0.0177555
0.0014572,-0.0035208,0.0176895,0.0014572,-0.0035214,0.0177554
0.0011772,-0.0036238,0.0176894,0.0011771,-0.0036244,0.0177554
0.0008883,-0.0037058,0.0176894,0.0008882,-0.0037063,0.0177554
0.0005954,-0.0037639,0.0176893,0.0005953,-0.0037643,0.0177553
0.0002984,-0.0037988,0.0176893,0.0002983,-0.0037994,0.0177552
-6e-07,-0.0038108,0.0176892,-6e-07,-0.0038113,0.0177552
-0.0002995,-0.0037988,0.0176892,-0.0002996,-0.0037993,0.0177551
-0.0005965,-0.0037639,0.0176892,-0.0005966,-0.0037644,0.0177551
-0.0008905,-0.0037059,0.0176891,-0.0008906,-0.0037064,0.017755
-0.0011775,-0.0036249,0.017689,-0.0011775,-0.0036254,0.017755
-0.0014584,-0.0035209,0.0176891,-0.0014585,-0.0035214,0.017755
-0.0017304,-0.0033959,0.017689,-0.0017305,-0.0033964,0.017755
-0.0019913,-0.003249,0.0176891,-0.0019914,-0.0032494,0.0177551
-0.0022404,-0.003083,0.017689,-0.0022405,-0.0030834,0.017755
-0.0024753,-0.002898,0.017689,-0.0024754,-0.0028985,0.017755
-0.0026943,-0.002695,0.017689,-0.0026944,-0.0026955,0.017755
-0.0028972,-0.0024751,0.017689,-0.0028974,-0.0024755,0.017755
-0.0030832,-0.0022401,0.0176891,-0.0030834,-0.0022406,0.0177551
-0.0032493,-0.0019912,0.017689,-0.0032493,-0.0019916,0.0177551
-0.0033952,-0.0017301,0.0176891,-0.0033953,-0.0017306,0.0177551
-0.0035203,-0.0014582,0.017689,-0.0035203,-0.0014587,0.0177552
-0.0036243,-0.0011782,0.0176891,-0.0036243,-0.0011788,0.0177552
-0.0037052,-0.0008893,0.0176892,-0.0037053,-0.0008898,0.0177553
-0.0037632,-0.0005963,0.0176892,-0.0037633,-0.0005968,0.0177553
-0.0037982,-0.0002993,0.0176893,-0.0037983,-0.0002998,0.0177554
-0.0038102,-4e-07,0.0176893,-0.0038103,-9e-07,0.0177554
-0.0037982,0.0002976,0.0176894,-0.0037983,0.0002971,0.0177555
-0.0037632,0.0005945,0.0176895,-0.0037633,0.000594,0.0177556
-0.0037052,0.0008885,0.0176895,-0.0037053,0.000888,0.0177557
-0.0036233,0.0011765,0.0176896,-0.0036233,0.001176,0.0177558
-0.0035203,0.0014564,0.0176896,-0.0035204,0.001456,0.0177558
-0.0033953,0.0017284,0.0176896,-0.0033954,0.0017279,0.0177559
-0.0032483,0.0019894,0.0176898,-0.0032484,0.0019889,0.017756
-0.0030823,0.0022384,0.0176898,-0.0030824,0.0022379,0.0177561
-0.0028974,0.0024734,0.0176899,-0.0028974,0.0024728,0.0177562
-0.0026944,0.0026923,0.01769,-0.0026945,0.0026918,0.0177563
-0.0024745,0.0028953,0.01769,-0.0024745,0.0028948,0.0177564
-0.0022405,0.0030802,0.0176901,-0.0022405,0.0030798,0.0177564
-0.0019915,0.0032463,0.0176902,-0.0019916,0.0032459,0.0177564
-0.0017305,0.0033932,0.0176903,-0.0017306,0.0033928,0.0177566
-0.0014586,0.0035182,0.0176903,-0.0014587,0.0035178,0.0177566
-0.0011787,0.0036212,0.0176904,-0.0011787,0.0036207,0.0177567
-0.0008897,0.0037031,0.0176905,-0.0008897,0.0037027,0.0177568
-0.0005967,0.0037612,0.0176904,-0.0005968,0.0037607,0.0177568
-0.0002997,0.0037962,0.0176905,-0.0002998,0.0037958,0.0177569
0.0002758,-0.0065311,0.0002172,0.0002757,-0.006522,0.000217
0.0007831,-0.0064963,0.0002046,0.0007823,-0.0064872,0.0002044
0.0012922,-0.0064096,0.0002187,0.0012907,-0.0064007,0.0002186
0.0017883,-0.0063015,0.000205,0.001786,-0.0062927,0.0002048
0.0022838,-0.0061393,0.0002013,0.0022808,-0.0061308,0.0002012
0.0027493,-0.0059467,0.0002103,0.0027456,-0.0059385,0.0002101
0.0032149,-0.0057082,0.000211,0.0032106,-0.0057003,0.0002108
0.0036561,-0.0054362,0.0002113,0.0036512,-0.0054287,0.0002111
0.004066,-0.0051282,0.0002136,0.0040606,-0.005121,0.0002134
0.0044471,-0.0048084,0.0002061,0.0044411,-0.0048016,0.000206
0.0047997,-0.0044474,0.0002207,0.0047933,-0.0044411,0.0002206
0.0051293,-0.0040786,0.0002103,0.0051224,-0.0040728,0.0002101
0.0054314,-0.0036639,0.0002087,0.0054241,-0.0036587,0.0002085
0.0056973,-0.0032211,0.0002013,0.0056895,-0.0032165,0.0002012
0.005942,-0.0027415,0.0001981,0.0059338,-0.0027375,0.0001979
0.0061331,-0.0022642,0.0002033,0.0061248,-0.0022609,0.0002032
0.0063056,-0.0017587,0.0002036,0.0062971,-0.0017561,0.0002035
0.0064225,-0.0012701,0.0002155,0.0064139,-0.0012682,0.0002154
0.0065059,-0.0007522,0.0002136,0.0064972,-0.0007511,0.0002135
0.0065449,-0.0002524,0.0002226,0.0065361,-0.0002519,0.0002224
0.0065437,0.0002634,0.0002155,0.0065349,0.0002633,0.0002152
0.0065066,0.000769,0.0002223,0.0064979,0.0007683,0.000222
0.0064364,0.0012722,0.0002124,0.0064277,0.0012708,0.0002122
0.0063108,0.0017805,0.0002046,0.0063022,0.0017784,0.0002044
0.0061453,0.0022829,0.0002086,0.0061369,0.0022801,0.0002084
0.0059368,0.0027668,0.0002084,0.0059287,0.0027633,0.0002082
0.0057021,0.0032163,0.000223,0.0056944,0.0032123,0.0002228
0.0054432,0.0036543,0.0002102,0.0054358,0.0036495,0.0002101
0.0051472,0.0040656,0.0002133,0.0051403,0.0040602,0.0002131
0.0048189,0.0044492,0.0002027,0.0048124,0.0044433,0.0002026
0.0044525,0.0048081,0.0002083,0.0044465,0.0048018,0.0002081
0.004064,0.0051407,0.0002026,0.0040585,0.0051339,0.0002024
0.0036402,0.0054466,0.0002075,0.0036353,0.0054394,0.0002073
0.0032052,0.0057087,0.0002049,0.0032009,0.0057011,0.0002048
0.0027434,0.0059366,0.0002097,0.0027397,0.0059288,0.0002096
0.0022771,0.0061369,0.0002119,0.002274,0.0061288,0.0002118
0.0017976,0.0063069,0.0002085,0.0017952,0.0062985,0.0002083
0.0012835,0.0064333,0.0002137,0.0012819,0.0064248,0.0002134
0.0007948,0.0065202,0.0002113,0.0007939,0.0065116,0.0002111
0.0002705,0.0065618,0.0002047,0.0002702,0.0065531,0.0002045
-0.0002496,0.0065514,0.0002067,-0.0002491,0.0065428,0.0002066
-0.0007794,0.0065021,0.0002057,-0.0007783,0.0064937,0.0002055
-0.0013047,0.0064159,0.0002067,-0.0013029,0.0064075,0.0002065
-0.0017869,0.0062996,0.0002108,-0.0017845,0.0062912,0.0002107
-0.0022928,0.0061334,0.00021,-0.0022897,0.0061253,0.0002098
-0.002771,0.00593,0.0002116,-0.0027673,0.0059221,0.0002115
-0.003225,0.0057061,0.0002073,-0.0032207,0.0056984,0.0002071
-0.0036696,0.0054343,0.0002122,-0.0036646,0.005427,0.000212
-0.0040839,0.0051406,0.0002141,-0.0040783,0.0051337,0.000214
-0.0044655,0.0048044,0.0002251,-0.0044593,0.004798,0.0002251
-0.0048175,0.0044548,0.0002085,-0.0048107,0.004449,0.0002084
-0.0051508,0.0040716,0.0002099,-0.0051436,0.0040662,0.0002097
-0.0054545,0.003656,0.0002113,-0.0054469,0.0036512,0.0002111
-0.0057199,0.0032074,0.0002043,-0.0057118,0.0032032,0.0002041
-0.0059517,0.0027499,0.0002171,-0.0059434,0.0027464,0.0002169
-0.0061372,0.0022844,0.000219,-0.0061287,0.0022816,0.0002188
-0.0063034,0.0017738,0.0002132,-0.0062946,0.0017718,0.000213
-0.0064234,0.00128,0.00021,-0.0064145,0.0012787,0.0002098
-0.0065109,0.0007633,0.0002093,-0.006502,0.0007627,0.0002091
-0.0065445,0.0002441,0.0002135,-0.0065357,0.000244,0.0002132
-0.0065377,-0.0002536,0.0002133,-0.0065289,-0.0002531,0.0002131
-0.0065047,-0.0007697,0.000211,-0.0064958,-0.0007684,0.0002109
-0.0064287,-0.0012605,0.0002121,-0.0064199,-0.0012585,0.0002119
-0.0062982,-0.0017719,0.0002009,-0.0062897,-0.0017693,0.0002008
-0.0061331,-0.0022729,0.0002044,-0.0061248,-0.0022697,0.0002042
-0.0059323,-0.0027443,0.000216,-0.0059244,-0.0027405,0.0002159
-0.0057123,-0.0032044,0.000201,-0.0057045,-0.0031999,0.0002009
-0.0054379,-0.0036614,0.0002084,-0.0054305,-0.0036563,0.0002082
-0.0051501,-0.0040581,0.0002081,-0.005143,-0.0040525,0.0002079
-0.0048181,-0.0044398,0.0002112,-0.0048115,-0.0044336,0.000211
-0.0044602,-0.0048022,0.0002036,-0.0044541,-0.0047954,0.0002034
-0.0040767,-0.0051313,0.0002064,-0.0040712,-0.0051242,0.0002062
-0.0036565,-0.0054436,0.0001989,-0.0036515,-0.005436,0.0001986
-0.0032266,-0.0057028,0.0002077,-0.0032221,-0.0056949,0.0002074
-0.0027669,-0.0059409,0.0002016,-0.002763,-0.0059327,0.0002014
-0.0022858,-0.0061423,0.000216,-0.0022825,-0.0061338,0.0002157
-0.0017798,-0.0063083,0.0002062,-0.0017773,-0.0062996,0.000206
-0.0012748,-0.0064256,0.0001993,-0.001273,-0.0064167,0.0001992
-0.0007622,-0.0065125,0.0002003,-0.000761,-0.0065036,0.0002002
-0.000222,-0.0065481,0.0002065,-0.0002215,-0.006539,0.0002062
0.0001492,0.0038054,0.0174316,0.0001492,0.0038048,0.0174979
0.0004483,0.0037824,0.0174317,0.0004482,0.0037818,0.017498
0.0007432,0.0037354,0.0174317,0.0007431,0.0037348,0.017498
0.0010342,0.0036654,0.0174318,0.0010341,0.0036648,0.0174981
0.0013182,0.0035725,0.0174308,0.001318,0.0035718,0.0174971
0.0015951,0.0034584,0.0174317,0.001595,0.0034579,0.0174981
0.0018611,0.0033225,0.0174318,0.0018609,0.0033219,0.0174981
0.0021171,0.0031655,0.0174308,0.002117,0.0031649,0.0174971
0.002359,0.0029895,0.0174308,0.0023589,0.0029889,0.0174971
0.002586,0.0027956,0.0174308,0.0025859,0.002795,0.0174971
0.002798,0.0025836,0.0174308,0.0027979,0.002583,0.0174971
0.0029921,0.0023566,0.0174308,0.0029918,0.002356,0.0174971
0.003168,0.0021146,0.0174308,0.0031678,0.0021141,0.017497
0.003324,0.0018586,0.0174308,0.0033238,0.0018581,0.017497
0.00346,0.0015927,0.0174307,0.0034598,0.0015921,0.017497
0.003574,0.0013157,0.0174307,0.0035738,0.0013151,0.0174969
0.003666,0.0010317,0.0174307,0.0036658,0.0010312,0.0174969
0.003736,0.0007408,0.0174306,0.0037358,0.0007402,0.0174968
0.003783,0.0004448,0.0174306,0.0037828,0.0004443,0.0174967
0.003806,0.0001468,0.0174305,0.0038058,0.0001463,0.0174967
0.003806,-0.0001521,0.0174305,0.0038058,-0.0001526,0.0174966
0.003782,-0.0004501,0.0174304,0.0037818,-0.0004506,0.0174966
0.003736,-0.0007462,0.0174304,0.0037359,-0.0007465,0.0174965
0.0036661,-0.0010361,0.0174303,0.0036659,-0.0010365,0.0174964
0.0035731,-0.001321,0.0174303,0.0035729,-0.0013215,0.0174963
0.0034591,-0.001597,0.0174302,0.0034589,-0.0015975,0.0174962
0.0033231,-0.001864,0.0174301,0.0033229,-0.0018645,0.0174961
0.0031661,-0.002119,0.01743,0.0031659,-0.0021194,0.017496
0.0029912,-0.00236,0.0174299,0.002991,-0.0023604,0.0174959
0.0027961,-0.002588,0.0174299,0.002796,-0.0025884,0.0174959
0.0025852,-0.002799,0.0174298,0.002585,-0.0027993,0.0174958
0.0023572,-0.0029929,0.0174297,0.0023571,-0.0029933,0.0174957
0.0021152,-0.0031689,0.0174297,0.0021151,-0.0031693,0.0174956
0.0018603,-0.0033259,0.0174296,0.0018601,-0.0033263,0.0174956
0.0015933,-0.0034609,0.0174295,0.0015931,-0.0034612,0.0174955
0.0013173,-0.0035759,0.0174295,0.0013172,-0.0035762,0.0174954
0.0010323,-0.0036678,0.0174294,0.0010322,-0.0036682,0.0174954
0.0007414,-0.0037379,0.0174294,0.0007413,-0.0037382,0.0174953
0.0004464,-0.0037849,0.0174293,0.0004463,-0.0037853,0.0174953
0.0001474,-0.0038079,0.0174292,0.0001474,-0.0038082,0.0174952
-0.0001516,-0.0038079,0.0174292,-0.0001516,-0.0038082,0.0174951
-0.0004495,-0.0037839,0.0174292,-0.0004496,-0.0037842,0.017495
-0.0007455,-0.0037379,0.0174292,-0.0007455,-0.0037383,0.0174951
-0.0010355,-0.0036679,0.0174291,-0.0010355,-0.0036683,0.017495
-0.0013205,-0.003575,0.017429,-0.0013204,-0.0035753,0.017495
-0.0015964,-0.00346,0.017429,-0.0015964,-0.0034603,0.017495
-0.0018634,-0.003324,0.017429,-0.0018634,-0.0033244,0.017495
-0.0021184,-0.003168,0.0174291,-0.0021184,-0.0031684,0.017495
-0.0023604,-0.002992,0.017429,-0.0023603,-0.0029924,0.017495
-0.0025874,-0.0027981,0.017429,-0.0025873,-0.0027984,0.017495
-0.0027993,-0.0025861,0.017429,-0.0027993,-0.0025864,0.017495
-0.0029933,-0.0023581,0.017429,-0.0029933,-0.0023585,0.017495
-0.0031693,-0.0021161,0.017429,-0.0031692,-0.0021165,0.0174951
-0.0033253,-0.0018611,0.0174291,-0.0033252,-0.0018615,0.0174951
-0.0034613,-0.0015942,0.0174291,-0.0034613,-0.0015946,0.0174951
-0.0035753,-0.0013172,0.0174291,-0.0035753,-0.0013176,0.0174952
-0.0036683,-0.0010333,0.0174292,-0.0036682,-0.0010336,0.0174952
-0.0037373,-0.0007423,0.0174292,-0.0037372,-0.0007427,0.0174953
-0.0037843,-0.0004463,0.0174293,-0.0037842,-0.0004467,0.0174954
-0.0038073,-0.0001483,0.0174293,-0.0038072,-0.0001488,0.0174954
-0.0038073,0.0001506,0.0174293,-0.0038072,0.0001502,0.0174955
-0.0037833,0.0004486,0.0174294,-0.0037832,0.0004481,0.0174955
-0.0037363,0.0007446,0.0174295,-0.0037363,0.0007441,0.0174956
-0.0036663,0.0010346,0.0174295,-0.0036663,0.0010341,0.0174957
-0.0035744,0.0013195,0.0174296,-0.0035743,0.001319,0.0174958
-0.0034594,0.0015955,0.0174296,-0.0034593,0.001595,0.0174958
-0.0033234,0.0018615,0.0174297,-0.0033234,0.0018609,0.0174959
-0.0031674,0.0021165,0.0174298,-0.0031673,0.0021159,0.017496
-0.0029914,0.0023585,0.0174299,-0.0029914,0.0023579,0.0174961
-0.0027965,0.0025865,0.017431,-0.0027964,0.0025859,0.0174972
-0.0025855,0.0027974,0.0174311,-0.0025855,0.0027969,0.0174973
-0.0023575,0.0029914,0.017431,-0.0023575,0.0029909,0.0174973
-0.0021155,0.0031674,0.0174312,-0.0021155,0.0031669,0.0174974
-0.0018605,0.0033234,0.0174312,-0.0018605,0.0033228,0.0174975
-0.0015946,0.0034594,0.0174313,-0.0015946,0.0034588,0.0174976
-0.0013186,0.0035734,0.0174313,-0.0013186,0.0035728,0.0174976
-0.0010337,0.0036654,0.0174314,-0.0010337,0.0036648,0.0174977
-0.0007427,0.0037354,0.0174315,-0.0007427,0.0037348,0.0174978
-0.0004477,0.0037824,0.0174315,-0.0004478,0.0037818,0.0174978
-0.0001497,0.0038054,0.0174315,-0.0001498,0.0038048,0.0174979
0.0005191,-0.0064383,0.0004036,0.0005187,-0.0064301,0.0004034
0.0020233,-0.0061428,0.0003934,0.0020209,-0.0061349,0.0003933
0.0024834,-0.0059695,0.0003987,0.0024804,-0.0059619,0.0003987
0.0029476,-0.0057501,0.0003969,0.002944,-0.0057428,0.0003968
0.0033874,-0.0055001,0.0003923,0.0033833,-0.005493,0.0003922
0.0038149,-0.0052032,0.0003939,0.0038102,-0.0051965,0.0003938
0.0041999,-0.0048925,0.0004004,0.0041948,-0.0048862,0.0004004
0.0045563,-0.0045774,0.0003862,0.0045506,-0.0045714,0.0003862
0.0049061,-0.0042123,0.00039,0.0048999,-0.0042067,0.00039
0.0052049,-0.003818,0.0004016,0.0051984,-0.003813,0.0004016
0.0054936,-0.0034094,0.0003875,0.0054867,-0.0034049,0.0003874
0.0057455,-0.0029527,0.0003874,0.0057382,-0.0029488,0.0003873
0.0059778,-0.0024836,0.0003783,0.0059702,-0.0024803,0.0003781
0.006145,-0.0019881,0.0003976,0.0061373,-0.0019854,0.0003976
0.0062951,-0.0015018,0.0003883,0.0062872,-0.0014998,0.0003883
0.0063799,-0.0009951,0.0004025,0.006372,-0.0009937,0.0004024
0.0064416,-0.0005097,0.0003997,0.0064336,-0.000509,0.0003996
0.006467,2.01e-05,0.0003988,0.006459,2.02e-05,0.0003986
0.0064407,0.0005048,0.0003993,0.0064328,0.0005044,0.0003991
0.0063776,0.0010164,0.0004088,0.0063697,0.0010154,0.0004086
0.0062958,0.0015138,0.0003862,0.0062879,0.0015121,0.0003861
0.0061415,0.0020077,0.0004012,0.0061338,0.0020054,0.000401
0.0059568,0.0024863,0.0003937,0.0059493,0.0024835,0.0003937
0.0057602,0.0029624,0.0003908,0.0057529,0.0029589,0.0003907
0.0055042,0.0033934,0.0004044,0.0054973,0.0033894,0.0004043
0.0052252,0.0038158,0.0004006,0.0052187,0.0038113,0.0004006
0.0049149,0.0042121,0.0003934,0.0049088,0.004207,0.0003933
0.0045869,0.0045761,0.0003851,0.0045812,0.0045706,0.000385
0.0042075,0.0049214,0.0003865,0.0042023,0.0049154,0.0003863
0.003806,0.0052334,0.0003841,0.0038012,0.0052271,0.000384
0.0033725,0.0054963,0.0004019,0.0033683,0.0054897,0.0004018
0.0029354,0.0057391,0.000393,0.0029317,0.0057321,0.000393
0.0024934,0.0059613,0.000395,0.0024903,0.0059541,0.000395
0.0020119,0.0061454,0.0004078,0.0020094,0.006138,0.0004077
0.0015126,0.0062906,0.0003954,0.0015108,0.0062829,0.0003954
0.0010222,0.0063862,0.0004083,0.001021,0.0063785,0.0004081
0.0005232,0.0064552,0.0003932,0.0005226,0.0064473,0.000393
1.14e-05,0.0064787,0.0003907,1.15e-05,0.0064708,0.0003905
-0.000511,0.0064524,0.0003757,-0.0005104,0.0064446,0.0003756
-0.0010394,0.0063789,0.0003681,-0.0010381,0.0063711,0.0003681
-0.001527,0.0062744,0.0003955,-0.0015251,0.0062668,0.0003954
-0.0020123,0.0061307,0.0004089,-0.0020098,0.0061232,0.0004088
-0.0025109,0.0059664,0.0003795,-0.0025077,0.005959,0.0003794
-0.0029549,0.0057545,0.0003996,-0.0029512,0.0057474,0.0003995
-0.0034135,0.0054997,0.000394,-0.0034092,0.0054929,0.0003939
-0.0038276,0.0052214,0.0004016,-0.0038228,0.005215,0.0004015
-0.0042162,0.0049169,0.0003963,-0.0042108,0.0049108,0.0003963
-0.0045901,0.0045626,0.0003953,-0.0045842,0.004557,0.0003953
-0.0049182,0.0041984,0.0004031,-0.0049119,0.0041934,0.000403
-0.0052326,0.0038114,0.0003969,-0.0052259,0.0038068,0.0003969
-0.0055204,0.0033856,0.0003929,-0.0055133,0.0033815,0.0003928
-0.0057618,0.0029434,0.0003985,-0.0057544,0.00294,0.0003985
-0.00596,0.0024826,0.000408,-0.0059524,0.0024798,0.000408
-0.0061442,0.0019988,0.0003941,-0.0061363,0.0019966,0.000394
-0.0062795,0.0015004,0.0003979,-0.0062715,0.0014989,0.0003977
-0.0063818,0.0010111,0.0003987,-0.0063737,0.0010102,0.0003985
-0.0064424,0.0004919,0.0003998,-0.0064343,0.0004916,0.0003996
-0.0064493,-1.3e-06,0.000398,-0.0064412,-1e-06,0.0003979
-0.006431,-0.0005021,0.0003978,-0.0064229,-0.0005012,0.0003977
-0.006374,-0.0010023,0.0004058,-0.006366,-0.0010008,0.0004057
-0.0062832,-0.0015036,0.0003912,-0.0062753,-0.0015015,0.0003911
-0.0061393,-0.0019941,0.0003919,-0.0061316,-0.0019913,0.0003918
-0.0059677,-0.0024889,0.0003874,-0.0059602,-0.0024856,0.0003873
-0.0057574,-0.0029445,0.0003984,-0.0057502,-0.0029406,0.0003983
-0.0055059,-0.0034066,0.0003875,-0.0054991,-0.0034022,0.0003875
-0.0052257,-0.0038171,0.0004075,-0.0052191,-0.0038122,0.0004074
-0.0049142,-0.0042043,0.0004014,-0.0049079,-0.0041988,0.0004013
-0.0045756,-0.0045673,0.0003956,-0.0045698,-0.0045613,0.0003954
-0.004205,-0.0049121,0.0003946,-0.0041997,-0.0049057,0.0003944
-0.0038083,-0.0052282,0.000378,-0.0038035,-0.0052214,0.0003778
-0.0033857,-0.0054904,0.0004006,-0.0033814,-0.0054833,0.0004004
-0.0029414,-0.0057443,0.0003941,-0.0029376,-0.005737,0.0003939
-0.002489,-0.0059526,0.0004008,-0.0024857,-0.005945,0.0004006
-0.0020028,-0.0061336,0.0003934,-0.0020002,-0.0061257,0.0003933
-0.0014954,-0.0062776,0.0003926,-0.0014934,-0.0062695,0.0003926
-0.001005,-0.0063769,0.0003907,-0.0010036,-0.0063687,0.0003906
0.0005973,0.0037616,0.0171717,0.0005972,0.0037608,0.017238
0.0008903,0.0037026,0.0171718,0.0008901,0.0037019,0.017238
0.0003003,0.0037966,0.0171717,0.0003002,0.0037958,0.0172379
0.0011782,0.0036216,0.0171718,0.0011781,0.0036209,0.017238
0.0014582,0.0035177,0.0171717,0.001458,0.0035169,0.017238
0.0017302,0.0033926,0.0171718,0.00173,0.003392,0.0172381
0.0019912,0.0032466,0.0171718,0.001991,0.0032459,0.0172381
0.0022402,0.0030807,0.0171719,0.00224,0.00308,0.0172381
0.0024742,0.0028947,0.0171719,0.0024739,0.002894,0.0172381
0.0026942,0.0026917,0.0171719,0.0026938,0.002691,0.0172381
0.0028972,0.0024717,0.0171718,0.0028968,0.002471,0.017238
0.0030822,0.0022368,0.0171718,0.0030819,0.0022361,0.017238
0.0032482,0.0019878,0.0171718,0.0032478,0.0019871,0.0172379
0.0033942,0.0017268,0.0171718,0.0033938,0.0017262,0.017238
0.0035201,0.0014558,0.0171718,0.0035198,0.0014552,0.0172379
0.0036232,0.0011748,0.0171717,0.0036228,0.0011742,0.0172379
0.0037042,0.0008868,0.0171717,0.0037038,0.0008863,0.0172378
0.0037622,0.0005929,0.0171716,0.0037618,0.0005924,0.0172377
0.0037972,0.0002959,0.0171716,0.0037968,0.0002954,0.0172377
0.0038092,-3.1e-06,0.0171715,0.0038088,-3.6e-06,0.0172376
0.0037972,-0.0003021,0.0171715,0.0037968,-0.0003026,0.0172375
0.0037622,-0.0005991,0.0171714,0.0037618,-0.0005995,0.0172375
0.0037032,-0.0008921,0.0171713,0.0037029,-0.0008925,0.0172374
0.0036222,-0.0011801,0.0171713,0.0036218,-0.0011804,0.0172373
0.0035182,-0.001461,0.0171712,0.0035179,-0.0014614,0.0172372
0.0033932,-0.001732,0.0171711,0.0033929,-0.0017324,0.0172371
0.0032473,-0.001993,0.0171711,0.0032469,-0.0019933,0.017237
0.0030803,-0.002242,0.017171,0.0030799,-0.0022423,0.017237
0.0028953,-0.002476,0.0171709,0.002895,-0.0024763,0.0172369
0.0026923,-0.002696,0.0171709,0.002692,-0.0026962,0.0172368
0.0024723,-0.002899,0.0171708,0.002472,-0.0028992,0.0172367
0.0022373,-0.003084,0.0171707,0.0022371,-0.0030842,0.0172366
0.0019884,-0.00325,0.0171707,0.0019881,-0.0032502,0.0172365
0.0017274,-0.003396,0.0171706,0.0017272,-0.0033962,0.0172365
0.0014564,-0.003522,0.0171705,0.0014562,-0.0035222,0.0172364
0.0011754,-0.003625,0.0171704,0.0011753,-0.0036251,0.0172364
0.0008874,-0.0037059,0.0171704,0.0008873,-0.0037061,0.0172363
0.0005935,-0.003764,0.0171704,0.0005933,-0.0037641,0.0172363
0.0002965,-0.003799,0.0171702,0.0002964,-0.0037991,0.0172361
-2.5e-06,-0.003811,0.0171702,-2.6e-06,-0.0038111,0.0172361
-0.0003015,-0.003799,0.0171702,-0.0003015,-0.0037991,0.017236
-0.0005985,-0.003764,0.0171702,-0.0005985,-0.0037642,0.017236
-0.0008924,-0.003705,0.0171701,-0.0008925,-0.0037052,0.017236
-0.0011805,-0.0036241,0.0171701,-0.0011804,-0.0036242,0.017236
-0.0014605,-0.00352,0.0171701,-0.0014604,-0.0035202,0.0172359
-0.0017324,-0.0033951,0.01717,-0.0017323,-0.0033953,0.017236
-0.0019935,-0.0032481,0.0171701,-0.0019934,-0.0032483,0.0172359
-0.0022424,-0.0030821,0.0171701,-0.0022423,-0.0030823,0.0172359
-0.0024774,-0.0028961,0.01717,-0.0024773,-0.0028963,0.0172359
-0.0026964,-0.0026931,0.01717,-0.0026963,-0.0026934,0.017236
-0.0028994,-0.0024731,0.01717,-0.0028992,-0.0024734,0.017236
-0.0030844,-0.0022381,0.01717,-0.0030842,-0.0022384,0.017236
-0.0032504,-0.0019892,0.0171701,-0.0032501,-0.0019895,0.017236
-0.0033964,-0.0017272,0.0171701,-0.0033962,-0.0017275,0.0172361
-0.0035214,-0.0014562,0.0171701,-0.0035212,-0.0014565,0.0172361
-0.0036254,-0.0011752,0.0171701,-0.0036252,-0.0011755,0.0172361
-0.0037064,-0.0008872,0.0171702,-0.0037062,-0.0008876,0.0172362
-0.0037644,-0.0005932,0.0171702,-0.0037641,-0.0005937,0.0172363
-0.0037994,-0.0002963,0.0171703,-0.0037992,-0.0002967,0.0172364
-0.0038104,2.7e-06,0.0171703,-0.0038102,2.3e-06,0.0172364
-0.0037984,0.0003017,0.0171704,-0.0037982,0.0003012,0.0172365
-0.0037624,0.0005987,0.0171705,-0.0037622,0.0005982,0.0172365
-0.0037044,0.0008917,0.0171705,-0.0037042,0.0008911,0.0172366
-0.0036224,0.0011796,0.0171706,-0.0036222,0.0011791,0.0172367
-0.0035185,0.0014606,0.0171706,-0.0035182,0.00146,0.0172368
-0.0033935,0.0017316,0.0171707,-0.0033933,0.001731,0.0172368
-0.0032475,0.0019926,0.0171708,-0.0032473,0.001992,0.0172369
-0.0030805,0.0022416,0.0171708,-0.0030803,0.0022409,0.017237
-0.0028955,0.0024756,0.0171709,-0.0028953,0.0024749,0.0172371
-0.0026925,0.0026956,0.017171,-0.0026924,0.0026949,0.0172372
-0.0024725,0.0028976,0.0171711,-0.0024724,0.0028969,0.0172373
-0.0022375,0.0030826,0.0171711,-0.0022374,0.0030819,0.0172374
-0.0019886,0.0032485,0.0171712,-0.0019885,0.0032478,0.0172374
-0.0017276,0.0033945,0.0171713,-0.0017275,0.0033938,0.0172375
-0.0014556,0.0035196,0.0171713,-0.0014555,0.0035188,0.0172376
-0.0011756,0.0036225,0.0171714,-0.0011756,0.0036218,0.0172376
-0.0008877,0.0037036,0.0171714,-0.0008876,0.0037028,0.0172377
-0.0005947,0.0037616,0.0171715,-0.0005947,0.0037608,0.0172378
0.0010232,-0.006383,0.0004,0.0010221,-0.0063748,0.0003999
0.001528,-0.0062781,0.0003939,0.0015263,-0.00627,0.0003939
-0.0005039,-0.006439,0.0003894,-0.0005031,-0.0064307,0.0003892
1.3e-06,0.0038086,0.0171716,1.2e-06,0.0038078,0.0172379
1.22e-05,-0.0064653,0.0003937,1.24e-05,-0.0064569,0.0003935
-0.0002977,0.0037966,0.0171716,-0.0002977,0.0037958,0.0172378
0.0022209,-0.0059661,0.0005572,0.0022184,-0.005959,0.0005574
0.0035434,-0.0052734,0.0005451,0.0035393,-0.0052671,0.0005452
0.0039564,-0.0049868,0.0005494,0.0039519,-0.0049808,0.0005495
0.0043151,-0.0046651,0.0005532,0.0043102,-0.0046594,0.0005534
0.0046656,-0.0043231,0.0005525,0.0046602,-0.0043177,0.0005527
0.0049798,-0.0039719,0.0005633,0.0049741,-0.0039671,0.0005634
0.0052817,-0.0035465,0.0005529,0.0052756,-0.0035421,0.000553
0.0055361,-0.0031285,0.0005498,0.0055297,-0.0031247,0.0005499
0.0057732,-0.0026795,0.0005472,0.0057666,-0.0026763,0.0005473
0.005966,-0.0022062,0.0005625,0.0059592,-0.0022035,0.0005626
0.0061308,-0.0017176,0.0005586,0.0061238,-0.0017154,0.0005588
0.0062407,-0.0012335,0.0005506,0.0062336,-0.0012319,0.0005509
0.0063147,-0.0007324,0.000563,0.0063075,-0.0007314,0.0005632
0.006376,-0.0002411,0.00054,0.0063687,-0.0002407,0.0005401
0.0063658,0.0002538,0.0005613,0.0063587,0.0002537,0.0005614
0.0063121,0.0007474,0.0005658,0.0063049,0.0007468,0.0005659
0.0062362,0.0012444,0.0005589,0.0062291,0.0012432,0.000559
0.0061255,0.0017383,0.0005518,0.0061185,0.0017366,0.0005519
0.0059612,0.0022136,0.0005493,0.0059544,0.0022113,0.0005495
0.0057619,0.0026869,0.0005475,0.0057553,0.0026841,0.0005477
0.0055353,0.0031319,0.0005665,0.005529,0.0031286,0.0005668
0.005273,0.0035517,0.0005571,0.005267,0.0035478,0.0005574
0.0049945,0.0039482,0.0005513,0.0049887,0.0039439,0.0005517
0.0046725,0.0043343,0.0005619,0.0046672,0.0043296,0.0005622
0.00433,0.0046788,0.0005426,0.0043251,0.0046736,0.0005428
0.0039562,0.004988,0.0005532,0.0039517,0.0049825,0.0005534
0.0035507,0.0052802,0.0005446,0.0035466,0.0052743,0.0005448
0.0031135,0.0055395,0.0005516,0.00311,0.0055334,0.0005519
0.0026669,0.005756,0.0005605,0.0026639,0.0057497,0.0005607
0.0022181,0.0059499,0.0005501,0.0022157,0.0059433,0.0005504
0.0017233,0.0061134,0.0005492,0.0017213,0.0061066,0.0005495
0.0012502,0.0062253,0.0005554,0.0012488,0.0062183,0.0005556
0.000754,0.0063167,0.0005591,0.0007533,0.0063096,0.0005592
0.0002579,0.0063631,0.0005572,0.0002577,0.0063559,0.0005573
-0.0002553,0.0063575,0.0005528,-0.0002549,0.0063504,0.000553
-0.0007714,0.0063267,0.000524,-0.0007704,0.0063196,0.0005241
-0.0012542,0.0062347,0.0005433,-0.0012527,0.0062277,0.0005435
-0.0017232,0.0061076,0.000555,-0.0017212,0.0061007,0.0005552
-0.0022365,0.0059475,0.0005518,-0.0022339,0.0059408,0.000552
-0.0026918,0.0057574,0.0005572,-0.0026887,0.005751,0.0005574
-0.0031328,0.0055308,0.000544,-0.0031291,0.0055245,0.0005443
-0.0035564,0.0052784,0.000556,-0.0035523,0.0052724,0.0005562
-0.0039581,0.00499,0.0005672,-0.0039535,0.0049844,0.0005675
-0.0043339,0.0046664,0.0005649,-0.0043288,0.0046611,0.0005653
-0.0046911,0.0043137,0.0005603,-0.0046855,0.0043089,0.0005605
-0.0050088,0.0039459,0.0005623,-0.0050029,0.0039416,0.0005625
-0.0052983,0.0035362,0.0005588,-0.0052921,0.0035323,0.0005591
-0.00554,0.0031125,0.0005581,-0.0055335,0.0031092,0.0005584
-0.0057621,0.0026707,0.0005492,-0.0057552,0.0026679,0.0005495
-0.0059634,0.0021986,0.0005494,-0.0059565,0.0021964,0.0005497
-0.0061165,0.0017172,0.0005506,-0.0061094,0.0017156,0.0005508
-0.0062302,0.0012343,0.0005573,-0.006223,0.0012333,0.0005574
-0.0063155,0.0007413,0.0005535,-0.0063081,0.0007407,0.0005536
-0.0063513,0.0002362,0.000559,-0.006344,0.0002362,0.000559
-0.0063526,-0.0002453,0.0005551,-0.0063452,-0.0002447,0.0005552
-0.0063104,-0.0007414,0.0005507,-0.006303,-0.0007403,0.0005508
-0.006236,-0.0012511,0.0005584,-0.0062288,-0.0012494,0.0005586
-0.0061247,-0.0017321,0.0005437,-0.0061176,-0.0017299,0.0005439
-0.0059671,-0.0022156,0.0005414,-0.0059602,-0.0022128,0.0005416
-0.0057686,-0.0026735,0.0005624,-0.0057619,-0.0026702,0.0005627
-0.0055454,-0.0031345,0.0005625,-0.005539,-0.0031307,0.0005627
-0.0052817,-0.0035597,0.0005602,-0.0052756,-0.0035554,0.0005604
-0.004987,-0.0039523,0.0005632,-0.0049812,-0.0039476,0.0005634
-0.0046606,-0.0043156,0.0005646,-0.0046551,-0.0043105,0.0005647
-0.0043228,-0.004662,0.0005603,-0.0043178,-0.0046564,0.0005604
-0.0039384,-0.0050023,0.0005505,-0.0039338,-0.0049963,0.0005505
-0.0035548,-0.0052803,0.0005485,-0.0035506,-0.005274,0.0005486
-0.0031111,-0.0055424,0.000553,-0.0031074,-0.0055358,0.0005531
-0.0026828,-0.0057649,0.0005578,-0.0026796,-0.0057581,0.0005579
-0.0022223,-0.0059632,0.0005572,-0.0022196,-0.0059561,0.0005573
-0.0017296,-0.0061289,0.0005484,-0.0017274,-0.0061216,0.0005485
-0.001226,-0.0062464,0.0005549,-0.0012245,-0.0062391,0.0005551
0.0010353,0.0036648,0.0169118,0.0010351,0.0036638,0.016978
0.0007453,0.0037348,0.0169118,0.0007452,0.0037338,0.0169779
0.0004493,0.0037817,0.0169117,0.0004492,0.0037808,0.0169779
0.0015963,0.0034578,0.0169118,0.0015961,0.0034569,0.016978
0.0018623,0.0033218,0.0169119,0.001862,0.0033209,0.016978
0.0021173,0.0031658,0.0169119,0.002117,0.0031649,0.016978
0.0023593,0.0029898,0.0169119,0.0023589,0.002989,0.016978
0.0025863,0.0027958,0.0169119,0.0025859,0.002795,0.016978
0.0027983,0.0025838,0.0169119,0.0027979,0.0025831,0.016978
0.0029924,0.0023559,0.0169119,0.0029918,0.0023551,0.0169779
0.0031683,0.0021138,0.0169118,0.0031678,0.0021131,0.0169779
0.0033243,0.0018589,0.0169118,0.0033238,0.0018582,0.0169779
0.0034603,0.0015919,0.0169118,0.0034598,0.0015912,0.0169779
0.0035743,0.0013159,0.0169118,0.0035738,0.0013153,0.0169778
0.0036663,0.0010309,0.0169117,0.0036657,0.0010303,0.0169778
0.0037364,0.00074,0.0169117,0.0037358,0.0007394,0.0169777
0.0037833,0.000445,0.0169116,0.0037828,0.0004444,0.0169777
0.0038064,0.0001459,0.0169116,0.0038058,0.0001455,0.0169776
0.0038063,-0.0001531,0.0169116,0.0038058,-0.0001535,0.0169775
0.0037823,-0.0004511,0.0169115,0.0037818,-0.0004515,0.0169774
0.0037354,-0.0007461,0.0169114,0.0037348,-0.0007464,0.0169774
0.0036654,-0.0010371,0.0169114,0.0036648,-0.0010374,0.0169773
0.0035734,-0.0013221,0.0169113,0.0035728,-0.0013223,0.0169772
0.0034584,-0.001598,0.0169112,0.0034579,-0.0015983,0.0169771
0.0033224,-0.0018641,0.0169112,0.0033219,-0.0018642,0.016977
0.0031664,-0.0021191,0.0169111,0.0031659,-0.0021192,0.0169769
0.0029904,-0.0023611,0.016911,0.00299,-0.0023612,0.0169769
0.0027954,-0.0025891,0.0169109,0.002795,-0.0025891,0.0169768
0.0025844,-0.0028,0.0169109,0.002584,-0.0028001,0.0169767
0.0023564,-0.002994,0.0169108,0.0023561,-0.0029941,0.0169766
0.0021145,-0.0031701,0.0169108,0.0021141,-0.0031701,0.0169765
0.0018595,-0.003326,0.0169107,0.0018592,-0.0033261,0.0169764
0.0015925,-0.0034621,0.0169106,0.0015922,-0.003462,0.0169764
0.0013155,-0.0035761,0.0169105,0.0013152,-0.003576,0.0169763
0.0010315,-0.0036691,0.0169105,0.0010313,-0.003669,0.0169763
0.0007405,-0.0037381,0.0169104,0.0007403,-0.003738,0.0169762
0.0004445,-0.0037851,0.0169104,0.0004444,-0.003785,0.0169761
0.0001465,-0.0038081,0.0169103,0.0001464,-0.003808,0.0169761
-0.0001534,-0.0038081,0.0169103,-0.0001535,-0.003808,0.0169761
-0.0004515,-0.0037841,0.0169102,-0.0004515,-0.003784,0.016976
-0.0007474,-0.0037371,0.0169102,-0.0007474,-0.0037371,0.0169759
-0.0010385,-0.0036671,0.0169102,-0.0010384,-0.0036671,0.0169759
-0.0013225,-0.0035741,0.0169101,-0.0013223,-0.0035741,0.0169759
-0.0015995,-0.0034591,0.0169101,-0.0015993,-0.0034591,0.0169759
-0.0018654,-0.0033231,0.0169101,-0.0018653,-0.0033231,0.0169759
-0.0021205,-0.0031671,0.0169101,-0.0021202,-0.0031671,0.0169759
-0.0023625,-0.0029902,0.0169101,-0.0023622,-0.0029902,0.0169759
-0.0025894,-0.0027962,0.0169101,-0.0025892,-0.0027962,0.0169759
-0.0028014,-0.0025842,0.0169101,-0.0028012,-0.0025842,0.0169759
-0.0029954,-0.0023562,0.0169101,-0.0029951,-0.0023563,0.0169759
-0.0031715,-0.0021142,0.0169101,-0.0031711,-0.0021143,0.0169759
-0.0033275,-0.0018582,0.0169101,-0.0033271,-0.0018584,0.016976
-0.0034625,-0.0015912,0.0169101,-0.0034621,-0.0015914,0.0169761
-0.0035764,-0.0013152,0.0169102,-0.003576,-0.0013154,0.0169761
-0.0036684,-0.0010303,0.0169102,-0.003668,-0.0010305,0.0169761
-0.0037384,-0.0007393,0.0169103,-0.003738,-0.0007396,0.0169761
-0.0037844,-0.0004433,0.0169103,-0.0037841,-0.0004436,0.0169763
-0.0038074,-0.0001452,0.0169104,-0.0038071,-0.0001457,0.0169763
-0.0038075,0.0001538,0.0169104,-0.003807,0.0001533,0.0169764
-0.0037835,0.0004528,0.0169105,-0.0037831,0.0004522,0.0169764
-0.0037365,0.0007477,0.0169106,-0.0037361,0.0007472,0.0169765
-0.0036654,0.0010388,0.0169106,-0.0036651,0.0010381,0.0169766
-0.0035735,0.0013228,0.0169107,-0.0035731,0.0013221,0.0169767
-0.0034585,0.0015988,0.0169107,-0.0034582,0.0015981,0.0169767
-0.0033216,0.0018657,0.0169108,-0.0033211,0.001865,0.0169768
-0.0031656,0.0021197,0.0169108,-0.0031652,0.002119,0.0169769
-0.0029895,0.0023617,0.0169109,-0.0029892,0.002361,0.016977
-0.0027946,0.0025887,0.016911,-0.0027943,0.0025879,0.0169771
-0.0025826,0.0027997,0.0169111,-0.0025823,0.0027989,0.0169772
-0.0023556,0.0029937,0.0169112,-0.0023553,0.0029929,0.0169772
-0.0021136,0.0031697,0.0169112,-0.0021134,0.0031689,0.0169773
-0.0018586,0.0033247,0.0169113,-0.0018585,0.0033238,0.0169774
-0.0015916,0.0034607,0.0169113,-0.0015915,0.0034598,0.0169775
-0.0013157,0.0035747,0.0169114,-0.0013155,0.0035738,0.0169776
-0.0010316,0.0036667,0.0169115,-0.0010315,0.0036658,0.0169776
-0.0007406,0.0037357,0.0169115,-0.0007406,0.0037348,0.0169776
0.0007594,-0.0063152,0.0005589,0.0007587,-0.0063078,0.0005591
0.0017589,-0.0061397,0.000545,0.001757,-0.0061324,0.0005452
0.0012589,-0.0062348,0.0005555,0.0012576,-0.0062274,0.0005557
0.0026867,-0.0057703,0.0005626,0.0026837,-0.0057635,0.0005629
0.0031194,-0.0055353,0.0005503,0.0031159,-0.0055287,0.0005506
0.0013203,0.0035728,0.0169118,0.0013201,0.0035718,0.016978
0.0001514,0.0038058,0.0169117,0.0001513,0.0038048,0.0169778
-0.0007401,-0.006321,0.0005443,-0.0007391,-0.0063135,0.0005445
0.0002711,-0.0063509,0.0005593,0.000271,-0.0063434,0.0005594
-0.0004456,0.0037827,0.0169116,-0.0004457,0.0037818,0.0169777
-0.0001476,0.0038057,0.0169116,-0.0001477,0.0038048,0.0169778
0.0036876,-0.0050519,0.0006923,0.0036838,-0.0050464,0.0006929
0.0047573,-0.0040782,0.0007059,0.0047524,-0.0040737,0.0007064
0.0050548,-0.0036964,0.0006965,0.0050494,-0.0036923,0.0006971
0.0053229,-0.0032861,0.0006941,0.0053172,-0.0032824,0.0006947
0.0055612,-0.0028593,0.0006899,0.0055553,-0.0028561,0.0006905
0.005769,-0.0024019,0.0006911,0.005763,-0.0023992,0.0006917
0.005948,-0.0019412,0.0006887,0.0059418,-0.001939,0.0006893
0.0060945,-0.0014435,0.0006933,0.0060881,-0.0014418,0.000694
0.0061869,-0.0009637,0.000697,0.0061805,-0.0009626,0.0006977
0.0062453,-0.0004714,0.0006935,0.0062388,-0.0004707,0.0006942
0.0062599,-2.1e-06,0.0007026,0.0062534,-1.9e-06,0.0007031
0.0062492,0.0005023,0.0007079,0.0062428,0.000502,0.0007084
0.006179,0.0009856,0.0006978,0.0061726,0.0009848,0.0006984
0.0060878,0.0014711,0.0007012,0.0060814,0.0014699,0.0007017
0.0059642,0.0019457,0.0006861,0.0059579,0.0019439,0.0006867
0.0057759,0.0024187,0.0006811,0.0057698,0.0024164,0.0006818
0.0055633,0.0028686,0.0006896,0.0055575,0.0028658,0.0006903
0.0053187,0.0032977,0.0006998,0.0053132,0.0032945,0.0007005
0.0050519,0.0037037,0.0007009,0.0050466,0.0037001,0.0007016
0.0047627,0.0040746,0.000697,0.0047577,0.0040705,0.0006977
0.004419,0.0044368,0.0007107,0.0044145,0.0044324,0.0007114
0.0040674,0.0047521,0.000693,0.0040632,0.0047473,0.0006938
0.003693,0.005051,0.000689,0.0036892,0.0050459,0.0006897
0.0032917,0.0053271,0.0006846,0.0032882,0.0053217,0.0006853
0.0028492,0.005567,0.0006975,0.0028462,0.0055614,0.0006982
0.0023974,0.0057717,0.0006909,0.0023949,0.0057658,0.0006917
0.0019386,0.0059516,0.0006819,0.0019366,0.0059455,0.0006826
0.0014642,0.0060801,0.000687,0.0014627,0.0060738,0.0006877
0.0009932,0.0061828,0.0006955,0.0009922,0.0061765,0.0006961
0.0004973,0.0062409,0.0006928,0.0004969,0.0062345,0.0006934
-7.7e-06,0.00626,0.0006958,-7.6e-06,0.0062536,0.0006964
-0.0005138,0.0062356,0.0006807,-0.0005132,0.0062292,0.0006813
-0.000981,0.0061917,0.0006689,-0.00098,0.0061852,0.0006695
-0.0014719,0.0060763,0.0006831,-0.0014703,0.0060701,0.0006837
-0.0019592,0.0059283,0.000681,-0.0019571,0.0059222,0.0006817
-0.0024257,0.0057681,0.0006972,-0.0024231,0.0057622,0.0006978
-0.0028724,0.0055561,0.0006867,-0.0028692,0.0055504,0.0006874
-0.0033,0.0053203,0.0006933,-0.0032965,0.0053148,0.000694
-0.0037024,0.0050497,0.0007052,-0.0036985,0.0050446,0.000706
-0.0040855,0.0047563,0.0006976,-0.0040811,0.0047514,0.0006984
-0.0044449,0.0044162,0.0007064,-0.0044401,0.0044117,0.0007072
-0.0047723,0.0040582,0.0007037,-0.0047671,0.0040541,0.0007045
-0.0050686,0.0036789,0.0007098,-0.0050632,0.0036753,0.0007105
-0.0053364,0.003274,0.000704,-0.0053307,0.0032708,0.0007047
-0.0055657,0.0028548,0.0006973,-0.0055597,0.002852,0.000698
-0.0057752,0.0023974,0.000688,-0.0057689,0.0023952,0.0006888
-0.0059483,0.001926,0.0006791,-0.0059418,0.0019243,0.0006799
-0.0060839,0.0014591,0.0006856,-0.0060773,0.0014579,0.0006862
-0.0061769,0.0009715,0.0006845,-0.0061702,0.0009708,0.0006851
-0.0062424,0.0004796,0.000692,-0.0062357,0.0004794,0.0006925
-0.0062545,-7.8e-06,0.0007047,-0.0062478,-7.5e-06,0.0007052
-0.0062407,-0.0004837,0.0006945,-0.006234,-0.0004829,0.0006951
-0.0061851,-0.0009797,0.0006976,-0.0061785,-0.0009784,0.0006981
-0.0060821,-0.0014763,0.0007003,-0.0060757,-0.0014745,0.0007009
-0.005971,-0.0019549,0.0006784,-0.0059645,-0.0019526,0.000679
-0.0057858,-0.0024006,0.0006898,-0.0057797,-0.0023978,0.0006904
-0.0055678,-0.0028588,0.000686,-0.0055618,-0.0028556,0.0006866
-0.0053238,-0.0032898,0.0006937,-0.0053181,-0.0032861,0.0006943
-0.0050533,-0.0037,0.0007003,-0.005048,-0.0036959,0.000701
-0.004759,-0.0040676,0.000707,-0.0047539,-0.0040632,0.0007076
-0.004419,-0.0044225,0.0007077,-0.0044143,-0.0044176,0.0007083
-0.0040731,-0.0047597,0.0006915,-0.0040687,-0.0047544,0.000692
-0.0036913,-0.0050792,0.000695,-0.0036873,-0.0050736,0.0006955
-0.0032895,-0.0053428,0.0006869,-0.0032859,-0.0053369,0.0006873
-0.002853,-0.0055739,0.0006933,-0.0028499,-0.0055678,0.0006938
-0.0024007,-0.0057757,0.000698,-0.0023981,-0.0057694,0.0006986
-0.001941,-0.0059508,0.0006831,-0.0019388,-0.0059443,0.0006837
-0.0014577,-0.0060904,0.000685,-0.001456,-0.0060837,0.0006855
0.0005984,0.0037619,0.0166528,0.0005982,0.0037608,0.0167188
0.0044277,-0.004429,0.0006925,0.004423,-0.004424,0.0006932
0.0019924,0.003246,0.0166519,0.001992,0.0032449,0.0167179
0.0017314,0.0033929,0.016652,0.001731,0.0033919,0.0167179
0.0024755,0.002895,0.016652,0.0024749,0.002894,0.0167179
0.0026944,0.0026919,0.016652,0.0026939,0.002691,0.0167179
0.0028975,0.002472,0.016652,0.0028969,0.0024711,0.0167179
0.0030834,0.0022369,0.0166519,0.0030828,0.0022361,0.0167179
0.0032495,0.001988,0.0166519,0.0032488,0.0019872,0.0167178
0.0033954,0.001727,0.0166519,0.0033948,0.0017262,0.0167178
0.0035205,0.001455,0.0166519,0.0035198,0.0014543,0.0167178
0.0036235,0.001174,0.0166518,0.0036228,0.0011733,0.0167177
0.0037045,0.000886,0.0166518,0.0037037,0.0008853,0.0167177
0.0037625,0.000593,0.0166517,0.0037617,0.0005924,0.0167176
0.0037975,0.000296,0.0166517,0.0037968,0.0002955,0.0167175
0.0038095,-3e-06,0.0166517,0.0038088,-3.5e-06,0.0167175
0.0037975,-0.000302,0.0166516,0.0037968,-0.0003024,0.0167174
0.0037625,-0.0005991,0.0166515,0.0037618,-0.0005994,0.0167173
0.0037035,-0.0008931,0.0166515,0.0037028,-0.0008933,0.0167173
0.0036225,-0.0011811,0.0166514,0.0036218,-0.0011813,0.0167172
0.0035186,-0.0014611,0.0166514,0.0035178,-0.0014612,0.0167171
0.0033935,-0.0017331,0.0166513,0.0033928,-0.0017332,0.016717
0.0032466,-0.0019941,0.0166512,0.0032459,-0.0019942,0.0167169
0.0030805,-0.0022431,0.0166511,0.0030799,-0.0022431,0.0167168
0.0028945,-0.0024771,0.016651,0.002894,-0.002477,0.0167167
0.0026915,-0.0026971,0.016651,0.002691,-0.0026971,0.0167167
0.0024715,-0.0029001,0.0166509,0.002471,-0.0029,0.0167165
0.0022365,-0.0030851,0.0166508,0.0022361,-0.003085,0.0167165
0.0019876,-0.0032511,0.0166508,0.0019872,-0.003251,0.0167164
0.0017266,-0.0033971,0.0166507,0.0017262,-0.0033969,0.0167163
0.0014546,-0.0035221,0.0166506,0.0014542,-0.0035219,0.0167163
0.0011736,-0.0036261,0.0166506,0.0011733,-0.0036259,0.0167162
0.0008856,-0.0037071,0.0166505,0.0008853,-0.0037069,0.0167161
0.0005916,-0.0037651,0.0166505,0.0005914,-0.0037649,0.0167161
0.0002945,-0.0038002,0.0166504,0.0002945,-0.0037999,0.016716
-4.5e-06,-0.0038111,0.0166504,-4.5e-06,-0.0038109,0.016716
-0.0003035,-0.0037991,0.0166503,-0.0003034,-0.0037989,0.0167159
-0.0006004,-0.0037631,0.0166503,-0.0006004,-0.0037629,0.0167159
-0.0008945,-0.0037052,0.0166503,-0.0008944,-0.0037049,0.0167159
-0.0011825,-0.0036232,0.0166502,-0.0011823,-0.0036229,0.0167158
-0.0014635,-0.0035192,0.0166502,-0.0014633,-0.003519,0.0167158
-0.0017345,-0.0033932,0.0166501,-0.0017342,-0.003393,0.0167158
-0.0019954,-0.0032472,0.0166502,-0.0019952,-0.003247,0.0167158
-0.0022444,-0.0030802,0.0166502,-0.0022442,-0.0030801,0.0167158
-0.0024795,-0.0028952,0.0166502,-0.0024791,-0.0028951,0.0167158
-0.0026985,-0.0026912,0.0166501,-0.0026981,-0.0026911,0.0167158
-0.0029015,-0.0024712,0.0166502,-0.002901,-0.0024712,0.0167158
-0.0030865,-0.0022362,0.0166502,-0.003086,-0.0022362,0.0167159
-0.0032525,-0.0019862,0.0166502,-0.003252,-0.0019863,0.0167159
-0.0033985,-0.0017252,0.0166502,-0.003398,-0.0017253,0.0167159
-0.0035236,-0.0014532,0.0166502,-0.003523,-0.0014534,0.016716
-0.0036265,-0.0011722,0.0166503,-0.003626,-0.0011725,0.016716
-0.0037065,-0.0008842,0.0166503,-0.0037059,-0.0008845,0.0167161
-0.0037645,-0.0005902,0.0166503,-0.0037639,-0.0005905,0.0167161
-0.0037996,-0.0002932,0.0166504,-0.003799,-0.0002936,0.0167162
-0.0038106,5.8e-06,0.0166505,-0.0038099,5.4e-06,0.0167162
-0.0037986,0.0003048,0.0166505,-0.003798,0.0003043,0.0167163
-0.0037626,0.0006018,0.0166506,-0.003762,0.0006013,0.0167164
-0.0037036,0.0008958,0.0166507,-0.003703,0.0008952,0.0167165
-0.0036216,0.0011828,0.0166507,-0.003621,0.0011822,0.0167165
-0.0035176,0.0014638,0.0166508,-0.0035171,0.0014631,0.0167167
-0.0033916,0.0017348,0.0166508,-0.0033911,0.0017341,0.0167167
-0.0032456,0.0019958,0.0166509,-0.0032451,0.0019951,0.0167168
-0.0030786,0.0022438,0.0166509,-0.0030781,0.002243,0.0167169
-0.0028936,0.0024789,0.016651,-0.0028932,0.002478,0.016717
-0.0026896,0.0026979,0.0166511,-0.0026892,0.0026969,0.0167171
-0.0024696,0.0029008,0.0166522,-0.0024692,0.0028999,0.0167181
-0.0022346,0.0030849,0.0166523,-0.0022343,0.0030839,0.0167182
-0.0019856,0.0032509,0.0166523,-0.0019854,0.0032498,0.0167183
-0.0017246,0.0033959,0.0166524,-0.0017244,0.0033948,0.0167183
-0.0014537,0.0035209,0.0166524,-0.0014534,0.0035198,0.0167185
-0.0011726,0.0036239,0.0166525,-0.0011725,0.0036228,0.0167185
-0.0008856,0.0037049,0.0166526,-0.0008855,0.0037038,0.0167185
0.0009932,-0.006189,0.0006966,0.0009923,-0.0061822,0.0006973
0.0024165,-0.0057784,0.0007042,0.0024141,-0.0057722,0.0007049
0.0014878,-0.0060866,0.0006851,0.0014864,-0.00608,0.0006858
0.0040794,-0.004757,0.0006986,0.0040751,-0.0047517,0.0006991
-0.0002318,-0.0063611,0.0005427,-0.0002313,-0.0063535,0.0005427
0.0008914,0.0037029,0.0166528,0.0008912,0.0037019,0.0167189
0.0022404,0.00308,0.016652,0.00224,0.003079,0.0167179
0.0019553,-0.0059519,0.0006985,0.0019533,-0.0059455,0.0006992
0.0011794,0.0036219,0.0166529,0.0011791,0.0036209,0.0167189
0.0003014,0.003797,0.0166528,0.0003013,0.0037958,0.0167188
-0.0009615,-0.0062101,0.0006869,-0.0009604,-0.0062033,0.0006874
0.0005055,-0.0062357,0.0006928,0.0005051,-0.0062289,0.0006934
0.0032878,-0.0053303,0.0006842,0.0032844,-0.0053244,0.0006848
-0.0005926,0.0037629,0.0166527,-0.0005925,0.0037618,0.0167186
0.0028634,-0.0055744,0.0007023,0.0028605,-0.0055683,0.000703
0.0014594,0.0035179,0.0166529,0.0014591,0.0035169,0.0167189
0.0051216,-0.003442,0.0008349,0.0051166,-0.0034384,0.000836
0.0016952,-0.0059301,0.0008288,0.0016937,-0.0059242,0.0008301
0.0048382,-0.0038244,0.0008325,0.0048334,-0.0038204,0.0008337
0.0055859,-0.0025987,0.0008212,0.0055804,-0.0025959,0.0008223
0.0057697,-0.0021462,0.0008176,0.005764,-0.0021439,0.0008188
0.0059325,-0.0016706,0.0008122,0.0059267,-0.0016688,0.0008134
0.0060497,-0.0011861,0.0008248,0.0060439,-0.0011848,0.0008261
0.0061308,-0.0007074,0.0008251,0.0061249,-0.0007066,0.0008263
0.0061565,-0.0002369,0.000837,0.0061507,-0.0002365,0.0008381
0.006171,0.000252,0.0008374,0.0061651,0.000252,0.0008384
0.0061182,0.0007386,0.0008332,0.0061124,0.0007381,0.0008344
0.0060409,0.0012111,0.000829,0.0060351,0.0012102,0.0008301
0.0059376,0.0016935,0.0008227,0.0059319,0.0016921,0.0008237
0.0057861,0.0021476,0.0008124,0.0057805,0.0021458,0.0008135
0.0055885,0.0025905,0.0008178,0.0055831,0.0025882,0.000819
0.0053698,0.003031,0.0008274,0.0053646,0.0030283,0.0008287
0.0051108,0.0034535,0.0008359,0.0051059,0.0034504,0.0008372
0.0048354,0.0038285,0.000839,0.0048308,0.0038251,0.0008403
0.0045262,0.0041893,0.000839,0.0045218,0.0041854,0.0008403
0.0041782,0.0045322,0.0008411,0.0041742,0.004528,0.0008424
0.003815,0.0048438,0.0008352,0.0038113,0.0048393,0.0008365
0.0034403,0.0051202,0.0008243,0.0034369,0.0051154,0.0008256
0.0030246,0.0053747,0.0008251,0.0030217,0.0053697,0.0008263
0.0025887,0.0055868,0.0008261,0.0025862,0.0055816,0.0008274
0.0021298,0.0057852,0.0008207,0.0021277,0.0057797,0.000822
0.0016725,0.0059384,0.0008215,0.0016709,0.0059328,0.0008227
0.0012087,0.0060385,0.0008235,0.0012076,0.0060328,0.0008247
0.0007312,0.0061125,0.0008172,0.0007306,0.0061067,0.0008185
0.0002405,0.0061526,0.0008166,0.0002404,0.0061467,0.0008178
-0.0002574,0.0061555,0.0008185,-0.0002571,0.0061497,0.0008196
-0.0007357,0.0061193,0.0008139,-0.0007349,0.0061135,0.000815
-0.0012096,0.006037,0.0008036,-0.0012084,0.0060312,0.0008047
-0.0016933,0.0059293,0.0008124,-0.0016916,0.0059236,0.0008136
-0.0021517,0.005767,0.00082,-0.0021496,0.0057615,0.0008212
-0.0026063,0.005584,0.0008225,-0.0026037,0.0055787,0.0008237
-0.0030367,0.0053552,0.0008207,-0.0030336,0.0053501,0.000822
-0.0034574,0.0051077,0.0008391,-0.0034539,0.0051029,0.0008403
-0.0038488,0.0048315,0.000838,-0.003845,0.0048269,0.0008393
-0.0042047,0.0045224,0.0008365,-0.0042005,0.0045181,0.0008377
-0.0045414,0.0041797,0.0008396,-0.0045369,0.0041758,0.0008409
-0.0048443,0.0038121,0.0008398,-0.0048394,0.0038085,0.0008411
-0.0051264,0.0034331,0.0008452,-0.0051213,0.00343,0.0008464
-0.0053677,0.0030157,0.0008357,-0.0053624,0.003013,0.0008371
-0.0055884,0.0025874,0.0008249,-0.0055828,0.0025851,0.0008262
-0.0057777,0.0021201,0.0008157,-0.0057718,0.0021183,0.000817
-0.0059384,0.0016684,0.0008185,-0.0059325,0.001667,0.0008197
-0.006049,0.0011918,0.0008242,-0.006043,0.001191,0.0008253
-0.0061217,0.0007164,0.0008235,-0.0061156,0.000716,0.0008246
-0.0061627,0.0002309,0.000839,-0.0061567,0.0002309,0.00084
-0.0061581,-0.0002562,0.0008356,-0.006152,-0.0002557,0.0008367
-0.0061293,-0.0007274,0.0008312,-0.0061233,-0.0007265,0.0008323
-0.0060516,-0.0012182,0.0008363,-0.0060456,-0.0012168,0.0008374
-0.0059361,-0.0016943,0.0008235,-0.0059303,-0.0016924,0.0008246
-0.0057926,-0.0021556,0.0008193,-0.0057868,-0.0021533,0.0008204
-0.005594,-0.0025925,0.0008237,-0.0055884,-0.0025897,0.0008249
-0.0053708,-0.0030189,0.00082,-0.0053654,-0.0030158,0.0008212
-0.005118,-0.0034433,0.0008295,-0.0051129,-0.0034397,0.0008307
-0.0048371,-0.0038307,0.0008457,-0.0048324,-0.0038268,0.0008469
-0.0045239,-0.0041885,0.0008399,-0.0045194,-0.0041842,0.000841
-0.004177,-0.0045278,0.0008383,-0.0041729,-0.0045232,0.0008394
-0.0038234,-0.0048568,0.0008229,-0.0038196,-0.0048518,0.0008239
-0.0034415,-0.0051235,0.0008379,-0.0034381,-0.0051183,0.0008389
-0.003035,-0.0053746,0.00082,-0.003032,-0.0053691,0.0008211
-0.0025961,-0.0055954,0.0008256,-0.0025934,-0.0055897,0.0008267
-0.0021393,-0.0057848,0.0008283,-0.0021371,-0.005779,0.0008294
-0.0016758,-0.0059424,0.0008188,-0.0016741,-0.0059363,0.0008198
0.0053603,-0.0030307,0.0008282,0.005355,-0.0030275,0.0008294
0.0027985,0.0025841,0.0163931,0.0027979,0.0025831,0.0164588
0.0025875,0.0027951,0.0163931,0.0025869,0.002794,0.0164588
0.0031686,0.0021141,0.016392,0.0031678,0.0021132,0.0164578
0.0033246,0.0018591,0.016392,0.0033238,0.0018582,0.0164577
0.0034606,0.0015921,0.016392,0.0034598,0.0015913,0.0164577
0.0035746,0.0013151,0.016392,0.0035738,0.0013143,0.0164577
0.0036676,0.0010311,0.0163919,0.0036667,0.0010304,0.0164576
0.0037367,0.0007401,0.0163919,0.0037357,0.0007395,0.0164576
0.0037837,0.000444,0.0163918,0.0037827,0.0004435,0.0164575
0.0038067,0.000146,0.0163918,0.0038057,0.0001456,0.0164574
0.0038067,-0.000153,0.0163917,0.0038058,-0.0001534,0.0164574
0.0037827,-0.000452,0.0163917,0.0037818,-0.0004523,0.0164573
0.0037357,-0.000747,0.0163916,0.0037348,-0.0007473,0.0164572
0.0036657,-0.001038,0.0163916,0.0036648,-0.0010383,0.0164571
0.0035737,-0.001322,0.0163915,0.0035728,-0.0013222,0.0164571
0.0034587,-0.0015991,0.0163914,0.0034578,-0.0015991,0.016457
0.0033227,-0.0018651,0.0163914,0.0033219,-0.0018651,0.0164569
0.0031657,-0.0021201,0.0163913,0.0031649,-0.00212,0.0164568
0.0029897,-0.0023621,0.0163912,0.0029889,-0.002362,0.0164567
0.0027957,-0.0025901,0.0163911,0.002795,-0.0025899,0.0164566
0.0025837,-0.0028011,0.0163911,0.0025831,-0.0028009,0.0164565
0.0023557,-0.0029951,0.016391,0.0023551,-0.0029949,0.0164564
0.0021137,-0.0031711,0.0163909,0.0021131,-0.0031708,0.0164564
0.0018577,-0.0033272,0.0163909,0.0018572,-0.0033268,0.0164563
0.0015917,-0.0034632,0.0163908,0.0015912,-0.0034629,0.0164562
0.0013146,-0.0035772,0.0163907,0.0013143,-0.0035768,0.0164561
0.0010296,-0.0036692,0.0163906,0.0010293,-0.0036688,0.0164561
0.0007386,-0.0037392,0.0163906,0.0007384,-0.0037388,0.0164561
0.0004426,-0.0037852,0.0163906,0.0004425,-0.0037848,0.016456
0.0001446,-0.0038082,0.0163905,0.0001445,-0.0038078,0.0164559
-0.0001554,-0.0038082,0.0163904,-0.0001554,-0.0038078,0.0164559
-0.0004534,-0.0037842,0.0163904,-0.0004534,-0.0037838,0.0164558
-0.0007494,-0.0037372,0.0163904,-0.0007493,-0.0037368,0.0164558
-0.0010405,-0.0036663,0.0163903,-0.0010403,-0.0036658,0.0164558
-0.0013245,-0.0035742,0.0163903,-0.0013242,-0.0035738,0.0164558
-0.0016015,-0.0034592,0.0163903,-0.0016012,-0.0034589,0.0164557
-0.0018675,-0.0033222,0.0163903,-0.0018671,-0.0033219,0.0164557
-0.0021225,-0.0031653,0.0163903,-0.0021221,-0.003165,0.0164557
-0.0023645,-0.0029892,0.0163903,-0.002364,-0.002989,0.0164557
-0.0025915,-0.0027943,0.0163903,-0.002591,-0.0027941,0.0164558
-0.0028035,-0.0025822,0.0163903,-0.002803,-0.0025821,0.0164557
-0.0029976,-0.0023542,0.0163903,-0.0029969,-0.0023541,0.0164558
-0.0031725,-0.0021113,0.0163903,-0.0031719,-0.0021112,0.0164558
-0.0033285,-0.0018562,0.0163903,-0.0033279,-0.0018562,0.0164558
-0.0034636,-0.0015892,0.0163903,-0.0034629,-0.0015893,0.0164559
-0.0035776,-0.0013122,0.0163904,-0.0035769,-0.0013123,0.0164559
-0.0036696,-0.0010272,0.0163904,-0.0036689,-0.0010274,0.016456
-0.0037386,-0.0007362,0.0163904,-0.0037378,-0.0007364,0.016456
-0.0037856,-0.0004402,0.0163905,-0.0037848,-0.0004405,0.0164561
-0.0038077,-0.0001422,0.0163906,-0.0038069,-0.0001426,0.0164562
-0.0038076,0.0001569,0.0163906,-0.0038068,0.0001564,0.0164562
-0.0037837,0.0004559,0.0163907,-0.0037829,0.0004553,0.0164563
-0.0037356,0.0007509,0.0163907,-0.0037349,0.0007503,0.0164564
-0.0036646,0.0010419,0.0163908,-0.0036639,0.0010412,0.0164564
-0.0035717,0.0013259,0.0163909,-0.0035709,0.0013252,0.0164565
-0.0034567,0.0016019,0.0163909,-0.003456,0.0016011,0.0164566
-0.0033207,0.0018689,0.0163919,-0.00332,0.0018681,0.0164577
-0.0031636,0.0021229,0.016392,-0.003163,0.0021221,0.0164578
-0.0029876,0.002365,0.0163921,-0.002987,0.002364,0.0164579
-0.0027927,0.002592,0.0163922,-0.0027921,0.002591,0.0164579
-0.0025807,0.002802,0.0163922,-0.0025802,0.002801,0.016458
-0.0023526,0.002996,0.0163923,-0.0023522,0.0029949,0.0164581
-0.0021106,0.003171,0.0163924,-0.0021103,0.0031699,0.0164581
-0.0018556,0.003327,0.0163925,-0.0018553,0.0033259,0.0164582
-0.0015896,0.0034621,0.0163925,-0.0015893,0.0034609,0.0164583
-0.0013136,0.0035761,0.0163926,-0.0013134,0.0035748,0.0164584
-0.0010286,0.0036681,0.0163927,-0.0010285,0.0036668,0.0164584
0.0012255,-0.0060472,0.0008229,0.0012245,-0.0060411,0.0008241
0.0021543,-0.0057809,0.0008338,0.0021523,-0.0057751,0.0008351
0.0007465,0.0037351,0.0163929,0.0007462,0.0037338,0.0164588
0.0018635,0.0033221,0.016393,0.001863,0.0033209,0.0164589
0.0045256,-0.004197,0.0008368,0.0045212,-0.0041927,0.0008379
0.0029926,0.0023561,0.016393,0.0029918,0.0023551,0.0164588
0.0004515,0.0037821,0.0163929,0.0004513,0.0037808,0.0164587
-0.0012011,-0.0060588,0.0008173,-0.0011998,-0.0060526,0.0008183
-0.0004733,-0.0062469,0.0006816,-0.0004727,-0.00624,0.0006822
0.000738,-0.0061193,0.000826,0.0007375,-0.0061132,0.0008271
0.0021185,0.0031661,0.0163931,0.002118,0.003165,0.0164589
3.4e-06,0.0038089,0.0166527,3.3e-06,0.0038078,0.0167188
0.0034428,-0.0051181,0.0008234,0.0034395,-0.0051128,0.0008245
6.4e-06,-0.0062702,0.0006832,6.5e-06,-0.0062634,0.0006837
-0.0002956,0.0037979,0.0166527,-0.0002956,0.0037968,0.0167187
0.0023605,0.0029901,0.0163931,0.00236,0.002989,0.0164589
-0.0007386,0.0037371,0.0163927,-0.0007385,0.0037358,0.0164585
0.0038316,-0.0048303,0.0008276,0.003828,-0.0048253,0.0008287
0.0025992,-0.0055943,0.0008332,0.0025968,-0.0055887,0.0008345
0.0015975,0.0034581,0.0163931,0.0015971,0.0034569,0.0164588
0.0041923,-0.0045173,0.0008502,0.0041883,-0.0045127,0.0008512
0.0010365,0.0036651,0.016393,0.0010362,0.0036639,0.0164588
0.0018949,-0.0057751,0.0009667,0.0018933,-0.0057697,0.0009685
0.0057852,-0.001888,0.000943,0.00578,-0.0018861,0.0009447
0.0055921,-0.0023326,0.0009475,0.005587,-0.0023303,0.0009493
0.0060197,-0.0009291,0.0009623,0.0060143,-0.0009282,0.000964
0.0060651,-0.0004634,0.0009746,0.0060598,-0.0004628,0.0009763
0.0060689,1.32e-05,0.0009621,0.0060635,1.34e-05,0.0009638
0.0060644,0.0004865,0.0009659,0.006059,0.0004863,0.0009675
0.0059953,0.0009646,0.0009649,0.00599,0.000964,0.0009665
0.0059062,0.0014327,0.0009548,0.005901,0.0014316,0.0009565
0.0057744,0.0018927,0.0009491,0.0057693,0.0018912,0.0009508
0.0056005,0.0023243,0.0009487,0.0055955,0.0023224,0.0009506
0.0054082,0.0027734,0.000962,0.0054035,0.0027712,0.0009639
0.0051675,0.0031928,0.0009621,0.0051629,0.0031902,0.000964
0.0048982,0.0035853,0.0009769,0.0048939,0.0035824,0.0009788
0.004614,0.0039502,0.0009762,0.0046099,0.0039469,0.0009781
0.0042805,0.0042945,0.0009684,0.0042767,0.0042909,0.0009704
0.003933,0.0046198,0.0009704,0.0039295,0.0046158,0.0009724
0.0035577,0.0049145,0.0009652,0.0035545,0.0049103,0.0009671
0.0031839,0.0051708,0.0009547,0.0031811,0.0051664,0.0009566
0.0027632,0.005396,0.0009537,0.0027607,0.0053913,0.0009556
0.0023349,0.005619,0.0009529,0.0023328,0.0056141,0.0009547
0.0018833,0.0057755,0.0009542,0.0018817,0.0057705,0.0009561
0.0014232,0.0059021,0.0009559,0.001422,0.005897,0.0009577
0.0009603,0.0060001,0.0009567,0.0009595,0.0059949,0.0009584
0.0004837,0.0060527,0.0009513,0.0004833,0.0060474,0.0009531
-4e-06,0.0060659,0.0009461,-4e-06,0.0060606,0.0009479
-0.0004936,0.0060412,0.0009472,-0.0004931,0.0060359,0.0009489
-0.0009711,0.0060065,0.0009476,-0.0009702,0.0060013,0.0009492
-0.0014378,0.0058987,0.0009381,-0.0014364,0.0058936,0.0009398
-0.0019017,0.0057705,0.0009505,-0.0018999,0.0057654,0.0009523
-0.0023566,0.0055974,0.0009516,-0.0023544,0.0055925,0.0009534
-0.0027759,0.0053922,0.000955,-0.0027733,0.0053875,0.0009568
-0.0031972,0.0051603,0.0009635,-0.0031942,0.0051558,0.0009654
-0.0035989,0.0048866,0.0009716,-0.0035956,0.0048824,0.0009735
-0.0039634,0.0046078,0.0009704,-0.0039597,0.0046038,0.0009723
-0.0043213,0.0042887,0.000976,-0.0043174,0.0042851,0.0009779
-0.0046248,0.0039431,0.0009811,-0.0046205,0.0039398,0.000983
-0.0049243,0.0035687,0.0009781,-0.0049198,0.0035657,0.0009799
-0.0051619,0.0031763,0.0009716,-0.0051571,0.0031736,0.0009735
-0.0054076,0.0027597,0.0009693,-0.0054026,0.0027575,0.0009711
-0.0055988,0.002318,0.0009478,-0.0055936,0.0023162,0.0009497
-0.0057717,0.0018585,0.0009536,-0.0057663,0.0018571,0.0009555
-0.0059133,0.0014111,0.0009607,-0.0059078,0.0014101,0.0009624
-0.0059941,0.0009328,0.0009586,-0.0059886,0.0009322,0.0009603
-0.0060572,0.0004696,0.0009609,-0.0060516,0.0004694,0.0009625
-0.0060662,-2e-05,0.0009656,-0.0060607,-1.97e-05,0.0009672
-0.0060487,-0.0004868,0.0009698,-0.0060432,-0.0004861,0.0009715
-0.0059997,-0.0009577,0.0009545,-0.0059942,-0.0009566,0.0009562
-0.0059027,-0.0014385,0.0009554,-0.0058973,-0.001437,0.0009571
-0.0057845,-0.0018943,0.0009538,-0.0057792,-0.0018924,0.0009555
-0.0055976,-0.0023464,0.0009543,-0.0055924,-0.002344,0.0009561
-0.0054108,-0.0027667,0.0009596,-0.0054059,-0.002764,0.0009613
-0.0051616,-0.0031862,0.0009548,-0.0051569,-0.003183,0.0009567
-0.0048993,-0.003578,0.0009695,-0.0048949,-0.0035746,0.0009713
-0.0046154,-0.003946,0.0009782,-0.0046113,-0.0039424,0.0009799
-0.0042919,-0.0042958,0.0009756,-0.004288,-0.0042918,0.0009773
-0.0039326,-0.0046297,0.0009651,-0.003929,-0.0046253,0.0009668
-0.0035713,-0.0049108,0.0009649,-0.003568,-0.0049062,0.0009666
-0.0031832,-0.0051828,0.0009583,-0.0031803,-0.005178,0.0009599
-0.002777,-0.0054016,0.0009485,-0.0027744,-0.0053965,0.0009501
-0.0023256,-0.0056096,0.0009536,-0.0023235,-0.0056043,0.0009554
-0.0018726,-0.0057886,0.0009516,-0.0018708,-0.0057832,0.0009532
0.0053905,-0.0027616,0.0009512,0.0053856,-0.0027589,0.0009529
0.0049053,-0.003578,0.0009683,0.0049009,-0.0035746,0.00097
0.0033957,0.0017262,0.0161331,0.0033947,0.0017253,0.0161987
0.0032497,0.0019882,0.0161332,0.0032488,0.0019873,0.0161987
0.0036238,0.0011741,0.0161331,0.0036227,0.0011734,0.0161986
0.0037048,0.0008861,0.016133,0.0037038,0.0008855,0.0161985
0.0037638,0.0005921,0.016133,0.0037627,0.0005916,0.0161984
0.0037978,0.0002951,0.0161329,0.0037967,0.0002946,0.0161984
0.0038098,-3.9e-06,0.0161329,0.0038087,-4.3e-06,0.0161983
0.0037978,-0.0003029,0.0161328,0.0037967,-0.0003033,0.0161982
0.0037628,-0.0006,0.0161328,0.0037618,-0.0006002,0.0161982
0.0037038,-0.000893,0.0161327,0.0037028,-0.0008932,0.0161981
0.0036228,-0.001181,0.0161327,0.0036218,-0.0011811,0.016198
0.0035189,-0.001462,0.0161326,0.0035178,-0.001462,0.0161979
0.0033928,-0.0017341,0.0161325,0.0033918,-0.001734,0.0161978
0.0032468,-0.0019951,0.0161325,0.0032459,-0.001995,0.0161978
0.0030798,-0.0022431,0.0161324,0.0030789,-0.0022429,0.0161977
0.0028948,-0.0024781,0.0161323,0.002894,-0.0024779,0.0161976
0.0026909,-0.0026982,0.0161322,0.00269,-0.0026978,0.0161975
0.0024708,-0.0029012,0.0161321,0.0024701,-0.0029008,0.0161974
0.0022358,-0.0030862,0.0161321,0.0022351,-0.0030858,0.0161973
0.0019868,-0.0032522,0.016132,0.0019862,-0.0032517,0.0161972
0.0017257,-0.0033982,0.016132,0.0017252,-0.0033977,0.0161972
0.0014537,-0.0035232,0.0161319,0.0014532,-0.0035227,0.0161971
0.0011727,-0.0036262,0.0161318,0.0011723,-0.0036257,0.016197
0.0008847,-0.0037072,0.0161308,0.0008844,-0.0037066,0.016196
0.0005907,-0.0037653,0.0161307,0.0005905,-0.0037647,0.0161959
0.0002937,-0.0038003,0.0161307,0.0002935,-0.0037997,0.0161959
-6.3e-06,-0.0038113,0.0161306,-6.4e-06,-0.0038107,0.0161958
-0.0003054,-0.0037993,0.0161306,-0.0003054,-0.0037987,0.0161957
-0.0006024,-0.0037633,0.0161305,-0.0006023,-0.0037627,0.0161957
-0.0008964,-0.0037043,0.0161305,-0.0008963,-0.0037037,0.0161957
-0.0011845,-0.0036223,0.0161305,-0.0011842,-0.0036217,0.0161957
-0.0014645,-0.0035183,0.0161304,-0.0014641,-0.0035177,0.0161957
-0.0017365,-0.0033923,0.0161304,-0.001736,-0.0033918,0.0161956
-0.0019975,-0.0032463,0.0161304,-0.001997,-0.0032458,0.0161956
-0.0022465,-0.0030793,0.0161304,-0.002246,-0.0030788,0.0161956
-0.0024805,-0.0028933,0.0161304,-0.00248,-0.0028929,0.0161957
-0.0027006,-0.0026893,0.0161304,-0.0026999,-0.0026889,0.0161957
-0.0029036,-0.0024693,0.0161304,-0.0029029,-0.002469,0.0161957
-0.0030876,-0.0022333,0.0161304,-0.0030868,-0.002233,0.0161957
-0.0032536,-0.0019843,0.0161304,-0.0032528,-0.0019841,0.0161958
-0.0033996,-0.0017232,0.0161304,-0.0033988,-0.0017232,0.0161958
-0.0035246,-0.0014502,0.0161305,-0.0035238,-0.0014502,0.0161958
-0.0036267,-0.0011692,0.0161305,-0.0036258,-0.0011693,0.0161959
-0.0037077,-0.0008812,0.0161306,-0.0037068,-0.0008813,0.016196
-0.0037657,-0.0005871,0.0161306,-0.0037647,-0.0005873,0.016196
-0.0037997,-0.0002901,0.0161306,-0.0037987,-0.0002904,0.016196
-0.0038107,8.9e-06,0.0161317,-0.0038097,8.5e-06,0.0161971
-0.0037977,0.0003079,0.0161318,-0.0037968,0.0003074,0.0161972
-0.0037617,0.0006049,0.0161318,-0.0037608,0.0006044,0.0161973
-0.0037027,0.0008989,0.0161319,-0.0037018,0.0008983,0.0161973
-0.0036208,0.0011859,0.016132,-0.0036198,0.0011853,0.0161974
-0.0035167,0.001467,0.016132,-0.0035158,0.0014662,0.0161975
-0.0033907,0.001738,0.0161321,-0.0033899,0.0017372,0.0161976
-0.0032437,0.0019991,0.0161321,-0.0032429,0.0019981,0.0161977
-0.0030767,0.0022471,0.0161322,-0.0030759,0.0022461,0.0161977
-0.0028907,0.0024811,0.0161323,-0.00289,0.00248,0.0161978
-0.0026877,0.0027001,0.0161323,-0.002687,0.002699,0.0161979
-0.0024677,0.0029021,0.0161324,-0.0024671,0.0029009,0.016198
-0.0022327,0.0030871,0.0161325,-0.0022321,0.0030859,0.0161981
-0.0019837,0.0032521,0.0161326,-0.0019831,0.0032508,0.0161981
-0.0017227,0.0033982,0.0161326,-0.0017222,0.0033969,0.0161982
-0.0014516,0.0035222,0.0161327,-0.0014513,0.0035209,0.0161983
-0.0011706,0.0036252,0.0161328,-0.0011703,0.0036238,0.0161983
0.0014293,-0.0058999,0.000962,0.0014281,-0.0058944,0.0009639
0.0030341,-0.0053702,0.0008283,0.0030312,-0.0053647,0.0008295
0.0035208,0.0014552,0.0161331,0.0035197,0.0014543,0.0161986
0.0051651,-0.0031901,0.0009664,0.0051605,-0.0031871,0.0009681
0.0026957,0.0026912,0.0161333,0.0026949,0.0026901,0.0161988
0.0059193,-0.0014205,0.0009537,0.005914,-0.001419,0.0009554
0.0013215,0.0035721,0.016393,0.0013211,0.0035709,0.0164588
0.0043018,-0.0042813,0.0009824,0.004298,-0.0042772,0.0009841
0.0046192,-0.0039535,0.0009769,0.0046151,-0.0039497,0.0009786
0.0002493,-0.0061557,0.000824,0.0002492,-0.0061495,0.0008251
0.0028987,0.0024722,0.0161332,0.0028979,0.0024712,0.0161987
0.0024756,0.0028943,0.0161332,0.0024749,0.0028931,0.0161988
-0.0014106,-0.0059071,0.000946,-0.0014092,-0.0059016,0.0009477
-0.0007054,-0.0061308,0.0008231,-0.0007046,-0.0061246,0.0008241
0.0009647,-0.0059957,0.0009544,0.000964,-0.0059901,0.0009562
0.0001534,0.0038061,0.0163928,0.0001533,0.0038048,0.0164587
0.0023348,-0.0055951,0.0009617,0.0023328,-0.0055899,0.0009636
0.0005995,0.0037613,0.0161331,0.0005993,0.0037598,0.0161986
-0.0004436,0.0037831,0.0163928,-0.0004436,0.0037818,0.0164586
-0.0008836,0.0037052,0.0161328,-0.0008834,0.0037038,0.0161984
0.0019926,0.0032462,0.0161332,0.001992,0.003245,0.0161988
0.0031954,-0.0051681,0.0009636,0.0031927,-0.0051633,0.0009654
0.0008925,0.0037033,0.0161331,0.0008922,0.0037018,0.0161987
0.0035821,-0.0049025,0.0009564,0.0035789,-0.0048978,0.0009581
0.0017316,0.0033923,0.0161332,0.0017311,0.0033909,0.0161988
0.0039536,-0.0046079,0.0009701,0.0039501,-0.0046035,0.0009717
0.0030837,0.0022362,0.0161332,0.0030828,0.0022352,0.0161987
0.0059837,-0.0002257,0.0010921,0.0059789,-0.0002253,0.0010944
0.0059488,-0.0006902,0.0011019,0.005944,-0.0006894,0.0011043
0.0059486,0.000721,0.0010978,0.0059439,0.0007207,0.0011001
0.0058559,0.0011893,0.0010834,0.0058511,0.0011885,0.0010858
0.0057547,0.001636,0.0010794,0.00575,0.0016349,0.0010817
0.0056228,0.0020688,0.0010924,0.0056182,0.0020674,0.0010948
0.0054393,0.0025135,0.0010857,0.0054349,0.0025117,0.0010882
0.0052142,0.0029545,0.0010944,0.0052099,0.0029523,0.0010969
0.0049651,0.0033502,0.0011058,0.0049612,0.0033477,0.0011084
0.0046869,0.0037078,0.0011123,0.0046831,0.0037051,0.001115
0.0043803,0.0040544,0.0010981,0.0043767,0.0040513,0.0011007
0.0040464,0.0043921,0.0011049,0.0040431,0.0043888,0.0011075
0.0036893,0.0047,0.0010964,0.0036863,0.0046963,0.0010989
0.0033178,0.0049845,0.0010988,0.0033151,0.0049807,0.0011013
0.0029415,0.0052342,0.001094,0.0029391,0.0052301,0.0010964
0.002504,0.005433,0.001082,0.0025019,0.0054286,0.0010844
0.0020677,0.0056141,0.0010835,0.002066,0.0056096,0.001086
0.0016321,0.0057589,0.0010827,0.0016308,0.0057543,0.0010852
0.0011734,0.0058603,0.0010838,0.0011725,0.0058556,0.0010862
0.0006975,0.0059358,0.0010816,0.000697,0.005931,0.001084
0.0002469,0.0059786,0.0010692,0.0002467,0.0059738,0.0010715
-0.0002403,0.0059858,0.0010741,-0.0002401,0.005981,0.0010764
-0.000715,0.0059282,0.0010689,-0.0007144,0.0059234,0.0010713
-0.0011774,0.0058667,0.0010649,-0.0011764,0.0058619,0.0010673
-0.0016547,0.0057553,0.0010746,-0.0016533,0.0057506,0.001077
-0.0021042,0.0056055,0.0010775,-0.0021023,0.005601,0.0010798
-0.0025255,0.0054226,0.0010835,-0.0025233,0.0054182,0.001086
-0.0029432,0.0052104,0.0010899,-0.0029406,0.0052063,0.0010924
-0.0033496,0.0049704,0.0010978,-0.0033468,0.0049665,0.0011002
-0.0037341,0.0046809,0.0011107,-0.003731,0.0046773,0.0011132
-0.0040749,0.0043772,0.0010995,-0.0040715,0.0043738,0.0011021
-0.0044087,0.0040526,0.001107,-0.0044049,0.0040495,0.0011096
-0.0047078,0.0036945,0.0011016,-0.0047038,0.0036916,0.0011041
-0.0049632,0.0033218,0.0011054,-0.004959,0.0033192,0.001108
-0.0052098,0.0029204,0.0010932,-0.0052053,0.0029181,0.0010957
-0.0054317,0.0024971,0.0010848,-0.005427,0.0024952,0.0010873
-0.0056173,0.0020693,0.0010842,-0.0056125,0.0020678,0.0010866
-0.0057667,0.0016039,0.0010869,-0.0057618,0.0016028,0.0010893
-0.0058677,0.0011463,0.0010853,-0.0058627,0.0011456,0.0010876
-0.0059364,0.000684,0.0010919,-0.0059315,0.0006837,0.0010942
-0.0059676,0.0002135,0.0010879,-0.0059626,0.0002136,0.0010902
-0.0059694,-0.000256,0.0011032,-0.0059645,-0.0002555,0.0011055
-0.0059282,-0.0007168,0.00109,-0.0059232,-0.0007159,0.0010924
-0.0058666,-0.0011712,0.0010776,-0.0058616,-0.0011699,0.0010799
-0.0057495,-0.001647,0.0010803,-0.0057447,-0.0016454,0.0010827
-0.0056072,-0.0020931,0.0010848,-0.0056025,-0.0020911,0.0010872
-0.0054251,-0.0025197,0.0010971,-0.0054205,-0.0025174,0.0010994
-0.005215,-0.0029371,0.0010835,-0.0052106,-0.0029344,0.0010859
-0.0049662,-0.0033332,0.0010973,-0.0049619,-0.0033303,0.0010998
-0.0046837,-0.0037121,0.0011065,-0.0046798,-0.0037089,0.001109
-0.0043787,-0.0040549,0.0011019,-0.004375,-0.0040514,0.0011043
-0.0040556,-0.0043905,0.0011027,-0.0040521,-0.0043867,0.0011051
-0.0037047,-0.0047014,0.0011043,-0.0037016,-0.0046974,0.0011066
-0.0033246,-0.0049731,0.0010889,-0.0033218,-0.0049688,0.0010912
-0.0029369,-0.0052198,0.0010881,-0.0029344,-0.0052153,0.0010903
-0.0025227,-0.0054378,0.0010866,-0.0025205,-0.0054331,0.0010888
-0.0020608,-0.0056331,0.0010832,-0.002059,-0.0056282,0.0010854
0.0054242,-0.0025146,0.0010826,0.0054197,-0.0025123,0.0010849
-0.0002369,-0.0061551,0.0008196,-0.0002365,-0.0061489,0.0008207
0.003737,0.0007392,0.0158732,0.0037357,0.0007386,0.0159384
0.003668,0.0010302,0.0158732,0.0036668,0.0010295,0.0159384
0.003807,0.0001461,0.015873,0.0038057,0.0001457,0.0159383
0.003807,-0.0001539,0.015873,0.0038057,-0.0001543,0.0159382
0.003783,-0.0004519,0.015873,0.0037818,-0.0004522,0.0159381
0.003736,-0.000748,0.0158729,0.0037347,-0.0007481,0.015938
0.003666,-0.001038,0.0158729,0.0036648,-0.0010381,0.015938
0.003573,-0.0013231,0.0158728,0.0035718,-0.001323,0.0159379
0.003459,-0.001599,0.0158727,0.0034578,-0.001599,0.0159378
0.003322,-0.0018661,0.0158726,0.0033209,-0.0018659,0.0159377
0.003166,-0.0021211,0.0158726,0.0031649,-0.0021208,0.0159376
0.0029899,-0.0023631,0.0158725,0.0029889,-0.0023628,0.0159375
0.0027949,-0.0025902,0.0158725,0.002794,-0.0025898,0.0159374
0.0025829,-0.0028022,0.0158723,0.002582,-0.0028017,0.0159374
0.0023549,-0.0029962,0.0158723,0.0023541,-0.0029957,0.0159373
0.0021129,-0.0031713,0.0158722,0.0021121,-0.0031706,0.0159372
0.0018569,-0.0033283,0.0158722,0.0018562,-0.0033276,0.0159371
0.0015898,-0.0034633,0.0158721,0.0015893,-0.0034626,0.015937
0.0013138,-0.0035773,0.015872,0.0013133,-0.0035766,0.015937
0.0010287,-0.0036693,0.015872,0.0010284,-0.0036686,0.0159369
0.0007378,-0.0037393,0.0158719,0.0007375,-0.0037386,0.0159369
0.0004418,-0.0037853,0.0158719,0.0004415,-0.0037846,0.0159368
0.0001427,-0.0038084,0.0158718,0.0001426,-0.0038076,0.0159367
-0.0001563,-0.0038084,0.0158717,-0.0001563,-0.0038075,0.0159367
-0.0004553,-0.0037844,0.0158717,-0.0004553,-0.0037836,0.0159367
-0.0007504,-0.0037364,0.0158717,-0.0007502,-0.0037356,0.0159366
-0.0010414,-0.0036664,0.0158717,-0.0010412,-0.0036656,0.0159366
-0.0013265,-0.0035734,0.0158716,-0.0013261,-0.0035726,0.0159366
-0.0016025,-0.0034583,0.0158716,-0.001602,-0.0034577,0.0159366
-0.0018695,-0.0033213,0.0158716,-0.001869,-0.0033207,0.0159366
-0.0021245,-0.0031644,0.0158716,-0.002124,-0.0031638,0.0159365
-0.0023666,-0.0029884,0.0158716,-0.0023659,-0.0029878,0.0159366
-0.0025936,-0.0027933,0.0158716,-0.0025929,-0.0027928,0.0159366
-0.0028046,-0.0025803,0.0158716,-0.0028038,-0.0025799,0.0159366
-0.0029987,-0.0023523,0.0158716,-0.0029978,-0.0023519,0.0159366
-0.0031737,-0.0021093,0.0158716,-0.0031728,-0.002109,0.0159366
-0.0033297,-0.0018542,0.0158716,-0.0033287,-0.0018541,0.0159367
-0.0034647,-0.0015872,0.0158716,-0.0034637,-0.0015871,0.0159367
-0.0035787,-0.0013102,0.0158717,-0.0035777,-0.0013102,0.0159368
-0.0036708,-0.0010251,0.0158717,-0.0036697,-0.0010252,0.0159368
-0.0037398,-0.0007331,0.0158717,-0.0037386,-0.0007333,0.0159369
-0.0037858,-0.0004371,0.0158718,-0.0037846,-0.0004373,0.0159369
-0.0038088,-0.0001391,0.0158719,-0.0038077,-0.0001394,0.015937
-0.0038078,0.00016,0.0158719,-0.0038067,0.0001596,0.015937
-0.0037828,0.000459,0.0158719,-0.0037817,0.0004585,0.0159371
-0.0037348,0.000754,0.0158721,-0.0037337,0.0007534,0.0159372
-0.0036648,0.001045,0.0158721,-0.0036638,0.0010443,0.0159373
-0.0035708,0.0013291,0.0158722,-0.0035697,0.0013283,0.0159373
-0.0034558,0.0016051,0.0158722,-0.0034548,0.0016042,0.0159374
-0.0033188,0.0018711,0.0158723,-0.0033178,0.0018702,0.0159375
-0.0031618,0.0021262,0.0158724,-0.0031608,0.0021251,0.0159376
-0.0029858,0.0023672,0.0158724,-0.0029849,0.0023661,0.0159377
-0.0027908,0.0025942,0.0158725,-0.0027899,0.002593,0.0159377
-0.0025787,0.0028043,0.0158726,-0.002578,0.002803,0.0159379
-0.0023507,0.0029983,0.0158737,-0.00235,0.0029969,0.0159389
-0.0021087,0.0031733,0.0158737,-0.0021081,0.0031719,0.015939
-0.0018537,0.0033283,0.0158738,-0.0018531,0.0033269,0.0159391
-0.0015876,0.0034633,0.0158738,-0.0015872,0.0034619,0.0159392
-0.0013106,0.0035773,0.0158739,-0.0013103,0.0035758,0.0159392
0.0022416,0.0030802,0.0161332,0.002241,0.003079,0.0161988
0.0016405,-0.0057432,0.0010853,0.0016392,-0.0057382,0.0010878
0.0056157,-0.0020743,0.0010741,0.005611,-0.0020724,0.0010764
0.0027765,-0.0053978,0.0009605,0.0027742,-0.0053927,0.0009624
0.0058857,-0.0011554,0.0010728,0.0058808,-0.0011543,0.0010751
0.0057574,-0.0016383,0.0010673,0.0057526,-0.0016368,0.0010697
-0.0001456,0.0038061,0.0163928,-0.0001456,0.0038048,0.0164587
0.0059955,0.0002486,0.0010969,0.0059907,0.0002486,0.0010991
0.0003035,0.0037973,0.016133,0.0003033,0.0037958,0.0161986
0.0033259,0.0018583,0.0158733,0.0033248,0.0018573,0.0159386
0.003784,0.0004442,0.0158732,0.0037827,0.0004436,0.0159383
0.0011806,0.0036212,0.0161331,0.0011802,0.0036199,0.0161987
0.0004526,0.0037824,0.0158742,0.0004523,0.0037808,0.0159395
0.0025878,0.0027953,0.0158734,0.0025869,0.0027941,0.0159387
0.0051946,-0.0029251,0.0010817,0.0051903,-0.0029224,0.0010841
-0.001614,-0.005773,0.0010836,-0.0016125,-0.005768,0.0010859
-0.0009284,-0.006012,0.0009524,-0.0009275,-0.0060063,0.000954
0.0011763,-0.0058592,0.0010907,0.0011755,-0.0058541,0.0010931
0.0031689,0.0021143,0.0158734,0.0031678,0.0021133,0.0159386
0.0004893,-0.0060579,0.0009631,0.000489,-0.0060523,0.0009647
0.0049674,-0.0033267,0.001102,0.0049634,-0.0033238,0.0011043
0.0033343,-0.0049759,0.0010998,0.0033317,-0.0049715,0.0011021
-0.0005905,0.0037632,0.0161329,-0.0005905,0.0037618,0.0161985
0.0027998,0.0025833,0.0158734,0.0027989,0.0025821,0.0159387
0.0020802,-0.0055928,0.0010922,0.0020786,-0.005588,0.0010948
-0.0010266,0.0036684,0.0158739,-0.0010263,0.0036668,0.0159393
0.0035749,0.0013152,0.0158733,0.0035738,0.0013144,0.0159385
0.0021188,0.0031654,0.0158734,0.002118,0.003164,0.0159387
0.0029435,-0.0052072,0.0010953,0.0029411,-0.0052026,0.0010978
0.0007476,0.0037354,0.0158742,0.0007473,0.0037339,0.0159396
0.0018637,0.0033223,0.0158734,0.0018631,0.003321,0.0159387
0.0034609,0.0015922,0.0158733,0.0034598,0.0015914,0.0159386
0.0040601,-0.0043893,0.001107,0.0040569,-0.0043854,0.0011093
0.0046976,-0.0037063,0.0011079,0.0046938,-0.003703,0.0011102
0.0014606,0.0035182,0.0161332,0.0014601,0.0035169,0.0161988
0.004394,-0.004048,0.0011203,0.0043904,-0.0040445,0.0011227
0.0037052,-0.0046889,0.0010924,0.0037022,-0.0046847,0.0010947
0.0056072,-0.0018306,0.0011997,0.005603,-0.001829,0.0012027
0.0057461,0.0014035,0.0012206,0.0057418,0.0014026,0.0012235
0.0058316,0.0009348,0.001208,0.0058272,0.0009344,0.0012109
0.0054534,0.002264,0.0012057,0.0054493,0.0022625,0.0012088
0.0052555,0.0026834,0.0012049,0.0052515,0.0026815,0.001208
0.0050157,0.0031048,0.0012184,0.0050119,0.0031027,0.0012216
0.004755,0.003482,0.0012389,0.0047516,0.0034796,0.0012421
0.0044704,0.0038337,0.0012382,0.0044671,0.0038311,0.0012415
0.0041533,0.0041706,0.0012308,0.0041502,0.0041677,0.001234
0.0038294,0.0044889,0.0012298,0.0038266,0.0044857,0.001233
0.0034517,0.0047701,0.0012217,0.0034491,0.0047667,0.0012249
0.0030866,0.0050395,0.0012227,0.0030843,0.0050359,0.0012258
0.0026842,0.0052514,0.0012109,0.0026821,0.0052476,0.0012141
0.0022542,0.0054562,0.0012115,0.0022525,0.0054522,0.0012146
0.0018252,0.005606,0.0012053,0.0018238,0.0056018,0.0012084
0.0013979,0.0057353,0.001205,0.0013968,0.0057312,0.001208
0.0009051,0.0058198,0.0012023,0.0009045,0.0058155,0.0012053
0.0004587,0.0058923,0.0012122,0.0004584,0.005888,0.0012152
3.6e-06,0.0058888,0.001185,3.6e-06,0.0058844,0.001188
-0.0004722,0.0058732,0.001195,-0.0004718,0.0058688,0.001198
-0.0009463,0.0058184,0.0011955,-0.0009455,0.0058141,0.0011985
-0.0014047,0.0057363,0.0011908,-0.0014036,0.0057321,0.0011938
-0.0018425,0.0055967,0.0011967,-0.001841,0.0055925,0.0011997
-0.0022824,0.0054336,0.0012061,-0.0022805,0.0054295,0.0012092
-0.0027018,0.0052519,0.0012153,-0.0026996,0.0052481,0.0012184
-0.0030912,0.0050041,0.0012114,-0.0030887,0.0050005,0.0012146
-0.0034965,0.0047652,0.001223,-0.0034937,0.0047618,0.001226
-0.0038582,0.0044689,0.001238,-0.0038552,0.0044657,0.0012411
-0.0041911,0.0041507,0.0012325,-0.0041878,0.0041477,0.0012357
-0.0044902,0.0038116,0.0012298,-0.0044867,0.0038089,0.0012331
-0.0047769,0.0034636,0.0012401,-0.0047732,0.0034612,0.0012433
-0.0050293,0.0030747,0.0012264,-0.0050253,0.0030726,0.0012295
-0.0052649,0.0026698,0.0012201,-0.0052607,0.002668,0.0012231
-0.0054455,0.0022458,0.0012144,-0.0054411,0.0022443,0.0012175
-0.0056056,0.0018243,0.0011981,-0.0056011,0.0018231,0.0012012
-0.0057415,0.0013527,0.0012094,-0.005737,0.001352,0.0012124
-0.0058267,0.0009122,0.0012152,-0.0058222,0.0009117,0.0012181
-0.0058734,0.0004355,0.001218,-0.0058689,0.0004354,0.0012209
-0.0058996,-2.04e-05,0.001226,-0.0058951,-2.01e-05,0.0012289
-0.0058821,-0.0004937,0.0012307,-0.0058776,-0.000493,0.0012336
-0.0058114,-0.0009463,0.0012096,-0.0058069,-0.0009453,0.0012126
-0.0057319,-0.0013973,0.0012062,-0.0057274,-0.0013961,0.0012092
-0.005616,-0.0018352,0.0012123,-0.0056116,-0.0018335,0.0012154
-0.0054408,-0.0022626,0.0012185,-0.0054366,-0.0022606,0.0012216
-0.0052387,-0.0026896,0.0012134,-0.0052346,-0.0026873,0.0012164
-0.0050255,-0.0030962,0.0012134,-0.0050215,-0.0030936,0.0012165
-0.0047643,-0.0034806,0.0012204,-0.0047606,-0.0034777,0.0012234
-0.0044711,-0.0038172,0.0012325,-0.0044676,-0.0038142,0.0012357
-0.0041611,-0.0041669,0.0012218,-0.0041579,-0.0041635,0.0012248
-0.0038194,-0.0044959,0.0012221,-0.0038164,-0.0044923,0.0012251
-0.0034648,-0.0047906,0.0012307,-0.0034621,-0.0047867,0.0012336
-0.0030819,-0.0050313,0.0012078,-0.0030794,-0.0050272,0.0012107
-0.002674,-0.0052523,0.001202,-0.0026718,-0.0052481,0.0012049
-0.0022603,-0.0054648,0.0012087,-0.0022585,-0.0054604,0.0012116
0.0025347,-0.0054232,0.0010969,0.0025327,-0.0054186,0.0010993
0.0001545,0.0038064,0.0158742,0.0001544,0.0038048,0.0159395
0.0058312,-0.000927,0.0012064,0.0058268,-0.0009261,0.0012095
0.0037051,0.0008853,0.0156134,0.0037037,0.0008845,0.0156783
4.4e-06,0.0038092,0.016133,4.4e-06,0.0038078,0.0161986
0.0037981,-0.0003029,0.0156132,0.0037967,-0.0003032,0.0156781
0.0038101,-3.9e-06,0.0156133,0.0038087,-4.2e-06,0.0156781
0.0037041,-0.000894,0.0156131,0.0037028,-0.000894,0.0156779
0.0036222,-0.001182,0.0156131,0.0036207,-0.001182,0.0156779
0.0035181,-0.001463,0.015613,0.0035168,-0.0014629,0.0156777
0.0033931,-0.0017341,0.0156129,0.0033918,-0.0017339,0.0156777
0.0032461,-0.0019951,0.0156128,0.0032449,-0.0019948,0.0156776
0.0030801,-0.0022441,0.0156128,0.0030789,-0.0022437,0.0156775
0.0028941,-0.0024792,0.0156127,0.002893,-0.0024787,0.0156774
0.002691,-0.0026982,0.0156126,0.00269,-0.0026976,0.0156773
0.002471,-0.0029012,0.0156125,0.0024701,-0.0029006,0.0156772
0.002235,-0.0030863,0.0156125,0.0022341,-0.0030856,0.0156771
0.001986,-0.0032524,0.0156124,0.0019852,-0.0032515,0.015677
0.001725,-0.0033983,0.0156124,0.0017243,-0.0033975,0.015677
0.0014529,-0.0035234,0.0156123,0.0014523,-0.0035225,0.015677
0.0011719,-0.0036264,0.0156122,0.0011714,-0.0036255,0.0156769
0.0008829,-0.0037074,0.0156122,0.0008825,-0.0037065,0.0156768
0.0005898,-0.0037654,0.0156121,0.0005896,-0.0037645,0.0156768
0.0002917,-0.0038004,0.0156121,0.0002916,-0.0037994,0.0156767
-7.3e-06,-0.0038114,0.015612,-7.3e-06,-0.0038104,0.0156766
-0.0003063,-0.0037994,0.0156119,-0.0003063,-0.0037985,0.0156766
-0.0006043,-0.0037634,0.0156119,-0.0006042,-0.0037625,0.0156766
-0.0008974,-0.0037045,0.0156119,-0.0008972,-0.0037035,0.0156765
-0.0011854,-0.0036225,0.0156119,-0.0011851,-0.0036215,0.0156765
-0.0014665,-0.0035184,0.0156118,-0.001466,-0.0035176,0.0156765
-0.0017385,-0.0033924,0.0156118,-0.001738,-0.0033916,0.0156765
-0.0019995,-0.0032454,0.0156118,-0.0019989,-0.0032446,0.0156765
-0.0022475,-0.0030784,0.0156118,-0.0022469,-0.0030777,0.0156764
-0.0024826,-0.0028924,0.0156118,-0.0024818,-0.0028917,0.0156765
-0.0027017,-0.0026883,0.0156118,-0.0027008,-0.0026878,0.0156765
-0.0029047,-0.0024673,0.0156118,-0.0029037,-0.0024668,0.0156765
-0.0030897,-0.0022323,0.0156118,-0.0030887,-0.0022319,0.0156765
-0.0032548,-0.0019823,0.0156118,-0.0032537,-0.0019819,0.0156766
-0.0034008,-0.0017202,0.0156118,-0.0033996,-0.00172,0.0156766
-0.0035258,-0.0014482,0.0156119,-0.0035246,-0.0014481,0.0156767
-0.0036278,-0.0011672,0.0156119,-0.0036266,-0.0011671,0.0156767
-0.0037088,-0.0008781,0.0156119,-0.0037076,-0.0008782,0.0156767
-0.0037658,-0.0005851,0.015612,-0.0037646,-0.0005853,0.0156768
-0.0037998,-0.000287,0.0156121,-0.0037986,-0.0002873,0.0156769
-0.0038108,1.2e-05,0.0156121,-0.0038096,1.16e-05,0.0156769
-0.0037979,0.000311,0.0156122,-0.0037966,0.0003105,0.015677
-0.0037619,0.0006081,0.0156122,-0.0037606,0.0006075,0.0156771
-0.0037028,0.0009021,0.0156123,-0.0037017,0.0009014,0.0156772
-0.0036199,0.0011891,0.0156123,-0.0036187,0.0011883,0.0156772
-0.0035159,0.0014702,0.0156124,-0.0035147,0.0014693,0.0156773
-0.0033898,0.0017412,0.0156125,-0.0033887,0.0017402,0.0156774
-0.0032428,0.0020013,0.0156125,-0.0032418,0.0020002,0.0156775
-0.0030758,0.0022493,0.0156136,-0.0030748,0.0022481,0.0156785
-0.0028898,0.0024833,0.0156137,-0.0028889,0.0024821,0.0156787
-0.0026858,0.0027024,0.0156137,-0.0026849,0.002701,0.0156787
-0.0024658,0.0029044,0.0156138,-0.002465,0.002903,0.0156788
-0.0022307,0.0030884,0.0156139,-0.00223,0.0030869,0.0156788
-0.0019817,0.0032535,0.0156139,-0.001981,0.003252,0.015679
-0.0017206,0.0033995,0.015614,-0.0017201,0.0033979,0.0156791
-0.0014496,0.0035235,0.0156141,-0.0014492,0.0035219,0.0156791
0.0057382,-0.0013721,0.0011863,0.0057338,-0.0013708,0.0011894
0.0023608,0.0029894,0.0158734,0.0023599,0.002988,0.0159387
0.0054457,-0.0022648,0.0011984,0.0054415,-0.0022629,0.0012013
0.0056058,0.0018352,0.0012211,0.0056017,0.001834,0.0012241
0.0037631,-0.000601,0.0156132,0.0037617,-0.0006011,0.015678
0.0029939,0.0023563,0.0158734,0.0029928,0.0023552,0.0159386
0.0058687,-0.0004565,0.0012189,0.0058644,-0.0004559,0.001222
0.0052405,-0.0026736,0.0012119,0.0052365,-0.0026714,0.001215
0.0006006,0.0037616,0.0156144,0.0006004,0.0037599,0.0156795
0.0010376,0.0036654,0.0158743,0.0010373,0.0036639,0.0159396
0.0058817,0.0004598,0.0012131,0.0058774,0.0004597,0.0012161
-0.0018194,-0.0056119,0.0012029,-0.0018179,-0.0056074,0.0012059
-0.0011458,-0.0058782,0.0010767,-0.0011447,-0.005873,0.001079
-0.0004661,-0.0060535,0.0009595,-0.0004655,-0.0060479,0.0009612
0.0013879,-0.0057311,0.0012168,0.0013869,-0.0057265,0.0012199
0.0022419,0.0030795,0.0156136,0.002241,0.003078,0.0156786
0.00325,0.0019874,0.0156136,0.0032488,0.0019863,0.0156785
0.0041639,-0.0041655,0.0012367,0.0041608,-0.0041621,0.0012397
0.0007236,-0.0059309,0.0010816,0.0007231,-0.0059258,0.001084
0.0036241,0.0011743,0.0156135,0.0036227,0.0011735,0.0156784
0.0050243,-0.0030815,0.0012187,0.0050205,-0.0030789,0.0012217
0.0024769,0.0028945,0.0156136,0.002476,0.0028931,0.0156786
-0.0007366,0.0037374,0.015874,-0.0007364,0.0037358,0.0159394
0.0059,7e-06,0.0012168,0.0058956,7.2e-06,0.0012198
0.0026959,0.0026915,0.0156136,0.0026949,0.0026902,0.0156786
0.0003046,0.0037976,0.0156144,0.0003044,0.0037958,0.0156794
0.004768,-0.0034641,0.0012246,0.0047644,-0.0034613,0.0012276
0.0037991,0.0002952,0.0156134,0.0037977,0.0002947,0.0156782
-0.0011686,0.0036255,0.0156141,-0.0011682,0.0036239,0.0156792
-0.0002936,0.0037982,0.0161329,-0.0002935,0.0037968,0.0161985
0.0031009,-0.0050271,0.0012318,0.0030987,-0.005023,0.0012348
0.0019938,0.0032466,0.0156145,0.0019931,0.003245,0.0156796
0.0033961,0.0017264,0.0156135,0.0033948,0.0017254,0.0156785
0.0037641,0.0005922,0.0156134,0.0037627,0.0005917,0.0156783
0.0034762,-0.0047783,0.0012258,0.0034737,-0.0047743,0.0012288
0.0015977,0.0034584,0.0158734,0.0015971,0.0034569,0.0159387
2.4e-06,-0.0060699,0.0009555,2.5e-06,-0.0060642,0.0009572
0.0038328,-0.0044829,0.0012303,0.00383,-0.0044793,0.0012333
0.001827,-0.0056076,0.0012233,0.0018257,-0.0056031,0.0012264
0.0037363,-0.0007479,0.0153534,0.0037348,-0.000748,0.0154179
0.0008937,0.0037036,0.0156145,0.0008933,0.0037019,0.0156795
0.0050642,0.0028478,0.0013304,0.0050607,0.002846,0.0013343
0.005271,0.0024347,0.0013217,0.0052673,0.0024332,0.0013255
0.0045561,0.0036054,0.0013581,0.004553,0.0036032,0.001362
0.0042625,0.0039477,0.0013548,0.0042596,0.0039453,0.0013587
0.0039288,0.0042756,0.0013438,0.0039261,0.0042729,0.0013477
0.0035877,0.0045549,0.0013402,0.0035852,0.0045519,0.0013442
0.0032274,0.0048371,0.0013408,0.0032252,0.0048339,0.0013446
0.0028443,0.005059,0.0013299,0.0028422,0.0050557,0.0013338
0.0024297,0.0052735,0.0013303,0.002428,0.00527,0.0013343
0.0020086,0.0054521,0.0013325,0.0020072,0.0054484,0.0013363
0.0015967,0.0055927,0.0013293,0.0015956,0.0055889,0.001333
0.0011438,0.0057059,0.0013202,0.001143,0.0057021,0.0013239
0.0006731,0.0057745,0.0013278,0.0006726,0.0057707,0.0013314
0.0002281,0.0057987,0.0013121,0.0002279,0.0057947,0.0013159
-0.000225,0.0058127,0.0013078,-0.0002248,0.0058087,0.0013115
-0.0007005,0.0057693,0.0013074,-0.0006999,0.0057653,0.0013111
-0.0011603,0.0056912,0.0013124,-0.0011594,0.0056874,0.0013162
-0.0016019,0.0055829,0.0013165,-0.0016007,0.0055792,0.0013202
-0.0020382,0.0054505,0.0013248,-0.0020367,0.0054468,0.0013284
-0.0024497,0.0052589,0.0013295,-0.0024478,0.0052554,0.0013334
-0.0028451,0.0050573,0.0013331,-0.002843,0.0050539,0.001337
-0.0032395,0.0048104,0.0013328,-0.0032371,0.0048072,0.0013368
-0.0036144,0.0045411,0.0013418,-0.0036118,0.0045381,0.0013457
-0.003965,0.0042448,0.0013572,-0.0039621,0.004242,0.0013611
-0.0042802,0.0039224,0.0013562,-0.0042771,0.0039199,0.0013602
-0.0045581,0.0035763,0.0013506,-0.0045548,0.0035739,0.0013546
-0.0048308,0.0032124,0.0013466,-0.0048273,0.0032104,0.0013504
-0.0050704,0.0028173,0.0013352,-0.0050667,0.0028155,0.0013391
-0.005286,0.0024152,0.0013337,-0.0052822,0.0024138,0.0013374
-0.0054501,0.0019863,0.0013308,-0.0054461,0.0019851,0.0013346
-0.0055896,0.0015707,0.0013132,-0.0055855,0.0015699,0.001317
-0.0057029,0.001122,0.0013285,-0.0056988,0.0011214,0.0013321
-0.0057721,0.000672,0.0013284,-0.005768,0.0006718,0.0013319
-0.005808,0.0002164,0.0013445,-0.0058039,0.0002165,0.0013481
-0.0057948,-0.0002473,0.0013331,-0.0057907,-0.0002469,0.0013367
-0.0057693,-0.0007072,0.0013409,-0.0057652,-0.0007064,0.0013445
-0.0056829,-0.0011609,0.0013248,-0.0056788,-0.0011598,0.0013286
-0.0055761,-0.0015981,0.0013263,-0.0055721,-0.0015967,0.00133
-0.005451,-0.0020293,0.0013306,-0.005447,-0.0020276,0.0013342
-0.0052507,-0.0024394,0.0013321,-0.0052469,-0.0024374,0.0013359
-0.0050649,-0.0028449,0.0013341,-0.0050613,-0.0028427,0.0013378
-0.0048211,-0.0032336,0.0013261,-0.0048176,-0.0032311,0.0013299
-0.0045646,-0.0035936,0.0013526,-0.0045613,-0.0035909,0.0013564
-0.0042618,-0.0039504,0.001351,-0.0042588,-0.0039475,0.0013547
-0.0039303,-0.0042722,0.0013345,-0.0039274,-0.004269,0.0013383
-0.0035954,-0.0045902,0.0013446,-0.0035928,-0.0045868,0.0013481
-0.0032195,-0.0048545,0.0013343,-0.0032171,-0.0048508,0.0013379
-0.0028321,-0.005064,0.0013198,-0.00283,-0.0050602,0.0013235
-0.0024354,-0.0052924,0.0013257,-0.0024336,-0.0052884,0.0013292
0.002361,0.0029897,0.0153548,0.00236,0.0029881,0.0154195
0.0044905,-0.0038174,0.0012432,0.0044872,-0.0038143,0.0012462
0.0009313,-0.0058137,0.0012161,0.0009307,-0.0058091,0.0012192
0.003084,0.0022364,0.0156136,0.0030828,0.0022353,0.0156785
0.005767,-0.0006802,0.0013319,0.0057631,-0.0006795,0.0013356
0.0026962,-0.0052357,0.0012156,0.0026943,-0.0052315,0.0012187
0.0038073,-0.0001538,0.0153535,0.0038057,-0.0001541,0.015418
0.0054383,-0.0020124,0.0013171,0.0054345,-0.0020108,0.0013209
0.0035733,-0.001324,0.0153533,0.0035718,-0.0013239,0.0154177
0.0036663,-0.001039,0.0153533,0.0036648,-0.0010389,0.0154178
0.0033223,-0.0018661,0.0153531,0.0033209,-0.0018657,0.0154175
0.0031652,-0.0021221,0.015353,0.0031639,-0.0021217,0.0154174
0.0029892,-0.0023632,0.015353,0.002988,-0.0023626,0.0154174
0.0027942,-0.0025913,0.0153529,0.002793,-0.0025906,0.0154173
0.0025821,-0.0028023,0.0153528,0.0025811,-0.0028015,0.0154172
0.0023551,-0.0029963,0.0153527,0.0023541,-0.0029955,0.0154171
0.0021121,-0.0031724,0.0153527,0.0021112,-0.0031715,0.015417
0.0018571,-0.0033284,0.0153526,0.0018563,-0.0033274,0.015417
0.00159,-0.0034644,0.0153525,0.0015893,-0.0034634,0.0154169
0.001313,-0.0035784,0.0153525,0.0013124,-0.0035774,0.0154168
0.001028,-0.0036705,0.0153525,0.0010275,-0.0036694,0.0154167
0.0007359,-0.0037394,0.0153524,0.0007355,-0.0037384,0.0154167
0.0004409,-0.0037855,0.0153523,0.0004406,-0.0037844,0.0154167
0.0001418,-0.0038085,0.0153523,0.0001417,-0.0038074,0.0154166
-0.0001583,-0.0038085,0.0153522,-0.0001583,-0.0038074,0.0154165
-0.0004563,-0.0037845,0.0153522,-0.0004562,-0.0037834,0.0154165
-0.0007524,-0.0037365,0.0153522,-0.0007521,-0.0037354,0.0154165
-0.0010434,-0.0036655,0.0153521,-0.0010431,-0.0036644,0.0154164
-0.0013274,-0.0035725,0.0153521,-0.001327,-0.0035714,0.0154164
-0.0016045,-0.0034575,0.015352,-0.001604,-0.0034565,0.0154164
-0.0018706,-0.0033205,0.0153521,-0.0018699,-0.0033195,0.0154164
-0.0021256,-0.0031635,0.015352,-0.0021248,-0.0031626,0.0154164
-0.0023677,-0.0029864,0.015352,-0.0023668,-0.0029856,0.0154164
-0.0025947,-0.0027914,0.015352,-0.0025937,-0.0027907,0.0154164
-0.0028068,-0.0025794,0.015352,-0.0028057,-0.0025787,0.0154164
-0.0029998,-0.0023503,0.0153521,-0.0029987,-0.0023497,0.0154164
-0.0031758,-0.0021083,0.015352,-0.0031746,-0.0021078,0.0154165
-0.0033308,-0.0018522,0.0153521,-0.0033296,-0.0018519,0.0154165
-0.0034659,-0.0015842,0.0153521,-0.0034646,-0.001584,0.0154165
-0.0035799,-0.0013072,0.0153521,-0.0035786,-0.001307,0.0154166
-0.0036719,-0.0010221,0.0153522,-0.0036706,-0.0010221,0.0154166
-0.0037399,-0.0007311,0.0153522,-0.0037385,-0.0007311,0.0154167
-0.0037859,-0.000435,0.0153523,-0.0037845,-0.0004352,0.0154167
-0.003809,-0.000136,0.0153523,-0.0038075,-0.0001363,0.0154168
-0.0038069,0.000163,0.0153524,-0.0038055,0.0001627,0.0154168
-0.003783,0.0004611,0.0153524,-0.0037815,0.0004606,0.015417
-0.0037349,0.0007572,0.0153525,-0.0037336,0.0007565,0.015417
-0.0036639,0.0010472,0.0153525,-0.0036626,0.0010464,0.0154171
-0.00357,0.0013323,0.0153526,-0.0035686,0.0013313,0.0154172
-0.0034549,0.0016083,0.0153537,-0.0034537,0.0016073,0.0154182
-0.0033179,0.0018743,0.0153537,-0.0033167,0.0018733,0.0154183
-0.0031609,0.0021284,0.0153538,-0.0031597,0.0021272,0.0154184
-0.0029838,0.0023694,0.0153539,-0.0029827,0.0023682,0.0154185
-0.0027888,0.0025965,0.0153539,-0.0027878,0.0025951,0.0154186
-0.0025768,0.0028065,0.015354,-0.0025759,0.0028051,0.0154187
-0.0023488,0.0029996,0.0153541,-0.0023479,0.002998,0.0154187
-0.0021068,0.0031746,0.0153541,-0.0021059,0.003173,0.0154188
-0.0018517,0.0033296,0.0153542,-0.001851,0.003328,0.0154189
-0.0015857,0.0034646,0.0153543,-0.0015851,0.0034629,0.015419
0.0037833,-0.0004529,0.0153534,0.0037818,-0.000453,0.0154179
0.0048312,0.0032387,0.0013482,0.0048279,0.0032368,0.001352
0.0035211,0.0014544,0.0156135,0.0035197,0.0014534,0.0156785
0.0057113,0.0011403,0.0013288,0.0057074,0.0011397,0.0013324
0.0013217,0.0035724,0.0158733,0.0013212,0.0035709,0.0159386
0.0034583,-0.0016001,0.0153532,0.0034568,-0.0015998,0.0154176
0.0007487,0.0037357,0.0153547,0.0007484,0.0037339,0.0154194
0.0037373,0.0007393,0.0153537,0.0037358,0.0007387,0.0154182
0.0057703,0.000689,0.0013267,0.0057664,0.0006887,0.0013303
-0.0013761,-0.0057416,0.001201,-0.0013749,-0.005737,0.001204
0.0054452,0.0020238,0.0013296,0.0054416,0.0020226,0.0013334
0.0021199,0.0031657,0.0153548,0.0021191,0.0031641,0.0154195
-0.0020098,-0.0054479,0.0013191,-0.0020083,-0.0054438,0.0013229
0.002589,0.0027956,0.0153548,0.002588,0.0027942,0.0154195
0.0022723,-0.0054402,0.0012135,0.0022706,-0.0054358,0.0012166
-0.0006649,-0.0059436,0.0010842,-0.0006643,-0.0059384,0.0010865
0.0038073,0.0001452,0.0153536,0.0038057,0.0001448,0.0154181
0.0036683,0.0010304,0.0153537,0.0036668,0.0010296,0.0154183
0.0042657,-0.0039353,0.0013429,0.0042627,-0.0039323,0.0013465
0.0011441,-0.0056961,0.0013345,0.0011433,-0.0056919,0.0013383
-0.0008815,0.0037065,0.0156142,-0.0008813,0.0037048,0.0156792
0.0031701,0.0021136,0.0153548,0.0031688,0.0021123,0.0154195
0.0057807,-0.0002169,0.0013264,0.0057767,-0.0002165,0.0013302
0.0015973,-0.0055978,0.0013415,0.0015962,-0.0055937,0.0013452
0.0002341,-0.00597,0.0010841,0.0002341,-0.0059648,0.0010864
0.0039492,-0.0042669,0.00135,0.0039465,-0.0042637,0.0013536
0.0050693,-0.0028307,0.0013341,0.0050658,-0.0028285,0.0013377
6.6e-06,0.0038096,0.0156144,6.5e-06,0.0038078,0.0156794
-0.0004415,0.0037834,0.0158741,-0.0004415,0.0037818,0.0159394
0.0028989,0.0024715,0.0156136,0.0028979,0.0024702,0.0156786
0.0004537,0.0037828,0.0153547,0.0004534,0.0037809,0.0154194
0.0048208,-0.0032102,0.0013321,0.0048174,-0.0032078,0.0013359
0.005261,-0.0024249,0.0013256,0.0052573,-0.002423,0.0013293
-0.0013096,0.0035777,0.0153543,-0.0013092,0.0035759,0.0154191
0.0055979,-0.0015728,0.0013101,0.005594,-0.0015715,0.0013137
0.0057022,-0.0011221,0.0013159,0.0056981,-0.0011211,0.0013197
0.0055925,0.001585,0.0013363,0.0055887,0.0015841,0.00134
0.0017328,0.0033926,0.0156146,0.0017321,0.003391,0.0156796
0.0033262,0.0018585,0.0153548,0.0033248,0.0018574,0.0154194
0.0032349,-0.0048291,0.0013446,0.0032327,-0.0048254,0.0013482
-0.0001435,0.0038064,0.0158741,-0.0001435,0.0038048,0.0159394
0.0028548,-0.0050479,0.0013428,0.0028529,-0.0050441,0.0013466
0.0048739,0.0029909,0.001451,0.0048709,0.0029892,0.0014557
0.0040317,0.0040591,0.0014621,0.0040291,0.0040568,0.0014668
0.0043436,0.0037163,0.0014695,0.0043409,0.0037142,0.0014742
0.0033488,0.0046276,0.0014511,0.0033466,0.0046248,0.0014557
0.002989,0.0048743,0.0014516,0.0029871,0.0048714,0.0014562
0.0025842,0.0051037,0.0014546,0.0025825,0.0051006,0.0014593
0.0021849,0.0052954,0.0014571,0.0021835,0.0052922,0.0014617
0.0017639,0.0054352,0.0014505,0.0017629,0.0054319,0.0014551
0.0013437,0.0055761,0.0014419,0.0013428,0.0055727,0.0014464
0.0008995,0.0056655,0.0014375,0.000899,0.0056621,0.0014419
0.0004371,0.0057005,0.0014361,0.0004368,0.005697,0.0014405
-2.44e-05,0.0057267,0.001431,-2.43e-05,0.0057231,0.0014354
-0.0004718,0.0057057,0.0014191,-0.0004714,0.0057021,0.0014235
-0.0009231,0.0056528,0.0014254,-0.0009224,0.0056493,0.0014299
-0.0013665,0.0055627,0.001436,-0.0013656,0.0055593,0.0014405
-0.001789,0.0054376,0.0014413,-0.0017877,0.0054342,0.0014458
-0.002198,0.005281,0.001447,-0.0021965,0.0052777,0.0014515
-0.002605,0.005103,0.0014654,-0.0026032,0.0050998,0.0014699
-0.0029996,0.0048646,0.0014545,-0.0029975,0.0048616,0.0014591
-0.0033752,0.0046117,0.0014568,-0.003373,0.0046089,0.0014615
-0.0037307,0.0043357,0.0014682,-0.0037282,0.0043331,0.0014728
-0.0040641,0.0040279,0.0014784,-0.0040614,0.0040256,0.0014831
-0.0043502,0.0036829,0.0014721,-0.0043473,0.0036806,0.0014769
-0.0046288,0.0033351,0.0014676,-0.0046257,0.0033332,0.0014722
-0.0048704,0.0029594,0.0014525,-0.0048671,0.0029577,0.0014572
-0.005098,0.0025794,0.0014526,-0.0050946,0.0025779,0.0014571
-0.0052678,0.0021683,0.0014384,-0.0052642,0.0021671,0.001443
-0.0054296,0.0017449,0.0014437,-0.0054259,0.001744,0.0014483
-0.0055676,0.0013266,0.001432,-0.0055638,0.001326,0.0014365
-0.005643,0.0008743,0.0014331,-0.0056392,0.0008739,0.0014375
-0.0056914,0.0004346,0.0014453,-0.0056877,0.0004346,0.0014497
-0.0057231,-2.29e-05,0.0014581,-0.0057195,-2.26e-05,0.0014625
-0.0056993,-0.000465,0.0014504,-0.0056956,-0.0004645,0.0014547
-0.0056416,-0.0009231,0.0014473,-0.0056379,-0.0009223,0.0014517
-0.005552,-0.0013642,0.0014515,-0.0055483,-0.0013631,0.001456
-0.0054202,-0.001784,0.0014397,-0.0054165,-0.0017826,0.0014443
-0.0052758,-0.0022034,0.0014457,-0.0052722,-0.0022018,0.0014502
-0.0050811,-0.0026096,0.001455,-0.0050777,-0.0026077,0.0014595
-0.0048709,-0.0029957,0.001445,-0.0048676,-0.0029935,0.0014494
-0.004635,-0.0033763,0.0014592,-0.0046319,-0.0033739,0.0014636
-0.0043423,-0.0037302,0.0014652,-0.0043394,-0.0037275,0.0014697
-0.0040232,-0.0040622,0.0014592,-0.0040205,-0.0040594,0.0014637
-0.0037091,-0.0043593,0.0014478,-0.0037065,-0.0043562,0.0014522
-0.0033445,-0.0046445,0.0014428,-0.0033423,-0.0046413,0.0014471
-0.0029792,-0.0048965,0.0014476,-0.0029772,-0.0048931,0.0014519
-0.0025893,-0.0051016,0.0014375,-0.0025875,-0.005098,0.0014419
0.0006972,-0.0057608,0.0013318,0.0006968,-0.0057565,0.0013355
0.0045703,-0.003596,0.001356,0.0045671,-0.0035933,0.0013596
0.0046254,0.0033635,0.0014642,0.0046225,0.0033616,0.0014688
-0.000213,-0.0059843,0.0010841,-0.0002128,-0.0059791,0.0010863
0.0029941,0.0023555,0.0153548,0.0029929,0.0023543,0.0154195
0.0028944,-0.0024793,0.0150942,0.002893,-0.0024785,0.0151583
0.0032464,-0.0019962,0.0150944,0.003245,-0.0019957,0.0151584
0.0026903,-0.0026993,0.0150942,0.0026891,-0.0026985,0.0151581
0.0024703,-0.0029024,0.0150931,0.0024692,-0.0029015,0.0151571
0.0022352,-0.0030874,0.015093,0.0022342,-0.0030864,0.015157
0.0019852,-0.0032535,0.0150929,0.0019843,-0.0032524,0.0151569
0.0017241,-0.0033995,0.0150929,0.0017233,-0.0033984,0.0151568
0.0014521,-0.0035245,0.0150928,0.0014514,-0.0035233,0.0151568
0.001171,-0.0036275,0.0150928,0.0011705,-0.0036263,0.0151567
0.000882,-0.0037075,0.0150927,0.0008815,-0.0037063,0.0151566
0.0005879,-0.0037656,0.0150926,0.0005876,-0.0037643,0.0151566
0.0002909,-0.0038006,0.0150926,0.0002907,-0.0037993,0.0151565
-8.2e-06,-0.0038116,0.0150925,-8.3e-06,-0.0038103,0.0151565
-0.0003083,-0.0037996,0.0150925,-0.0003082,-0.0037983,0.0151564
-0.0006053,-0.0037636,0.0150924,-0.0006051,-0.0037623,0.0151564
-0.0008993,-0.0037036,0.0150924,-0.0008991,-0.0037023,0.0151563
-0.0011874,-0.0036216,0.0150924,-0.001187,-0.0036204,0.0151563
-0.0014685,-0.0035176,0.0150924,-0.0014679,-0.0035164,0.0151563
-0.0017396,-0.0033915,0.0150923,-0.0017389,-0.0033904,0.0151563
-0.0020006,-0.0032445,0.0150923,-0.0019998,-0.0032435,0.0151563
-0.0022497,-0.0030775,0.0150924,-0.0022488,-0.0030766,0.0151563
-0.0024837,-0.0028905,0.0150923,-0.0024827,-0.0028896,0.0151563
-0.0027038,-0.0026864,0.0150923,-0.0027027,-0.0026856,0.0151563
-0.0029058,-0.0024664,0.0150923,-0.0029046,-0.0024657,0.0151564
-0.0030908,-0.0022304,0.0150923,-0.0030896,-0.0022298,0.0151564
-0.0032569,-0.0019803,0.0150923,-0.0032555,-0.0019798,0.0151564
-0.0034019,-0.0017183,0.0150923,-0.0034005,-0.0017179,0.0151564
-0.003526,-0.0014463,0.0150924,-0.0035245,-0.001446,0.0151565
-0.003629,-0.0011652,0.0150925,-0.0036275,-0.001165,0.0151565
-0.003709,-0.0008761,0.0150925,-0.0037075,-0.000876,0.0151566
-0.003766,-0.0005821,0.0150925,-0.0037645,-0.0005821,0.0151566
-0.0038,-0.000285,0.0150926,-0.0037985,-0.0002852,0.0151567
-0.0038111,1.51e-05,0.0150927,-0.0038095,1.47e-05,0.0151568
-0.0037981,0.0003141,0.0150937,-0.0037965,0.0003137,0.0151578
-0.003762,0.0006112,0.0150937,-0.0037605,0.0006106,0.0151579
-0.0037021,0.0009043,0.0150938,-0.0037005,0.0009035,0.015158
-0.00362,0.0011923,0.0150939,-0.0036185,0.0011914,0.015158
-0.003515,0.0014724,0.0150939,-0.0035136,0.0014714,0.0151581
-0.003388,0.0017434,0.015094,-0.0033866,0.0017424,0.0151582
-0.003241,0.0020035,0.015094,-0.0032396,0.0020023,0.0151583
-0.003074,0.0022515,0.0150942,-0.0030727,0.0022502,0.0151583
-0.0028879,0.0024856,0.0150942,-0.0028867,0.0024842,0.0151584
-0.0026849,0.0027047,0.0150943,-0.0026838,0.0027031,0.0151585
-0.0024638,0.0029057,0.0150943,-0.0024628,0.0029041,0.0151586
-0.0022288,0.0030907,0.0150954,-0.0022279,0.003089,0.0151597
-0.0019798,0.0032548,0.0150955,-0.001979,0.003253,0.0151598
-0.0017197,0.0033998,0.0150956,-0.001719,0.003398,0.0151599
0.0050889,0.00259,0.0014422,0.0050857,0.0025886,0.0014468
0.0057934,0.0002297,0.0013296,0.0057895,0.0002298,0.0013334
0.0001556,0.0038068,0.0153546,0.0001555,0.0038049,0.0154193
0.0004685,-0.0058826,0.001207,0.0004683,-0.0058779,0.0012099
0.0037843,0.0004433,0.0153536,0.0037827,0.0004427,0.0154182
0.0035983,-0.0045587,0.0013416,0.0035959,-0.0045552,0.0013453
0.0011817,0.0036216,0.0156145,0.0011812,0.0036199,0.0156795
0.0030794,-0.0022442,0.0150943,0.003078,-0.0022436,0.0151583
0.0037011,0.0043447,0.001459,0.0036987,0.0043421,0.0014638
0.0010388,0.0036657,0.0153547,0.0010383,0.0036639,0.0154195
0.0008948,0.0037029,0.015095,0.0008944,0.003701,0.0151594
0.0034612,0.0015915,0.0153538,0.0034598,0.0015905,0.0154184
-0.0001424,0.0038067,0.0153546,-0.0001424,0.0038048,0.0154193
-0.0008981,-0.0058266,0.0012066,-0.0008973,-0.0058219,0.0012095
0.0052825,0.0021997,0.0014506,0.0052792,0.0021985,0.0014551
0.0022421,0.0030798,0.0150951,0.0022411,0.0030781,0.0151594
0.0037644,0.0005924,0.0150949,0.0037628,0.0005918,0.0151591
-0.0021957,-0.0052947,0.001441,-0.0021941,-0.005291,0.0014453
0.0009053,-0.0056534,0.0014547,0.0009048,-0.0056495,0.0014591
-0.0015659,-0.0055888,0.0013179,-0.0015647,-0.0055846,0.0013217
0.0028001,0.0025836,0.0153548,0.0027989,0.0025822,0.0154195
0.0024403,-0.0052537,0.0013289,0.0024387,-0.0052498,0.0013328
-0.0005885,0.0037636,0.0156143,-0.0005884,0.0037618,0.0156793
0.0038104,-4.7e-06,0.0150948,0.0038088,-5.1e-06,0.015159
0.0037065,0.0008854,0.0150949,0.0037048,0.0008847,0.0151592
0.0043374,-0.0037086,0.0014508,0.0043346,-0.0037059,0.0014552
-0.0010256,0.0036697,0.0153544,-0.0010252,0.0036679,0.0154191
0.0057049,-0.0004464,0.001451,0.0057014,-0.0004459,0.0014554
0.0040345,-0.0040286,0.0014447,0.0040319,-0.0040258,0.0014492
0.0024771,0.0028948,0.0150951,0.002476,0.0028932,0.0151594
0.0006018,0.0037619,0.015095,0.0006015,0.00376,0.0151593
0.0048807,-0.0029891,0.0014576,0.0048776,-0.002987,0.001462
0.0052815,-0.0021824,0.001449,0.0052782,-0.0021809,0.0014535
0.0033624,-0.0046131,0.0014543,0.0033603,-0.0046099,0.0014588
0.0013468,-0.0055628,0.0014477,0.001346,-0.0055589,0.0014522
0.0056503,-0.0009048,0.0014402,0.0056467,-0.0009041,0.0014447
0.0050887,-0.002599,0.00145,0.0050855,-0.0025972,0.0014543
0.0037045,-0.0008939,0.0150947,0.0037028,-0.0008939,0.0151588
0.0033934,-0.0017351,0.0150944,0.0033919,-0.0017347,0.0151585
-0.0014476,0.0035238,0.0150956,-0.0014471,0.003522,0.0151599
0.0037985,-0.0003038,0.0150947,0.0037968,-0.000304,0.0151589
0.0037625,-0.0006009,0.0150947,0.0037608,-0.000601,0.0151588
0.0029986,-0.0048593,0.0014624,0.0029967,-0.0048559,0.0014668
0.0018649,0.0033217,0.0153548,0.0018641,0.00332,0.0154195
0.0035762,0.0013154,0.0153537,0.0035748,0.0013145,0.0154184
0.0014618,0.0035176,0.0156145,0.0014612,0.0035159,0.0156795
0.0030843,0.0022367,0.0150951,0.0030829,0.0022354,0.0151594
0.0032503,0.0019876,0.0150951,0.0032489,0.0019864,0.0151593
0.0055539,0.0013354,0.001441,0.0055505,0.0013348,0.0014455
0.0020354,-0.0054533,0.001332,0.002034,-0.0054492,0.0013358
0.0054376,-0.0017662,0.0014323,0.0054342,-0.0017649,0.0014367
0.0035185,-0.0014631,0.0150945,0.0035168,-0.0014628,0.0151585
0.005657,0.0009028,0.0014473,0.0056535,0.0009024,0.0014517
0.0036225,-0.001182,0.0150945,0.0036208,-0.0011818,0.0151587
0.0037203,-0.0043534,0.001463,0.003718,-0.0043503,0.0014674
7.7e-06,0.0038099,0.0150959,7.6e-06,0.0038079,0.0151602
0.0044245,0.0034894,0.001582,0.004422,0.0034877,0.0015875
0.0027577,0.0049406,0.0015689,0.002756,0.0049379,0.0015741
0.00312,0.0047002,0.0015721,0.0031181,0.0046976,0.0015775
0.0019494,0.0053014,0.0015723,0.0019483,0.0052984,0.0015776
0.0015322,0.0054426,0.0015633,0.0015313,0.0054395,0.0015685
0.0010995,0.0055527,0.0015669,0.0010988,0.0055496,0.001572
0.0006692,0.0056135,0.00155,0.0006689,0.0056103,0.0015552
0.0001994,0.0056359,0.0015462,0.0001993,0.0056327,0.0015514
-0.0002585,0.0056497,0.0015418,-0.0002583,0.0056465,0.0015469
-0.0006866,0.0055897,0.0015324,-0.000686,0.0055864,0.0015376
-0.0011239,0.0055349,0.0015453,-0.0011231,0.0055318,0.0015505
-0.0015525,0.0054258,0.0015606,-0.0015515,0.0054227,0.0015658
-0.0019699,0.0052917,0.0015652,-0.0019686,0.0052887,0.0015703
-0.0023808,0.0051272,0.0015687,-0.0023793,0.0051243,0.0015738
-0.0027878,0.0049296,0.0015753,-0.0027861,0.0049269,0.0015804
-0.0031428,0.0046888,0.001575,-0.0031407,0.0046862,0.0015803
-0.0035071,0.0044191,0.0015818,-0.0035049,0.0044167,0.0015872
-0.0038471,0.0041391,0.0015931,-0.0038448,0.0041368,0.0015984
-0.0041559,0.0038165,0.0016027,-0.0041534,0.0038144,0.0016082
-0.0044334,0.0034627,0.0015904,-0.0044306,0.0034608,0.0015958
-0.0046981,0.0031077,0.0015819,-0.0046952,0.0031061,0.0015873
-0.0049266,0.0027291,0.001578,-0.0049236,0.0027277,0.0015832
-0.005126,0.0023436,0.0015677,-0.0051228,0.0023425,0.0015729
-0.0052926,0.0019256,0.0015691,-0.0052893,0.0019246,0.0015744
-0.0054406,0.001509,0.001563,-0.0054372,0.0015084,0.0015681
-0.0055424,0.0010821,0.0015519,-0.0055389,0.0010816,0.001557
-0.005612,0.0006554,0.0015662,-0.0056086,0.0006553,0.0015713
-0.0056264,0.000206,0.0015637,-0.005623,0.0002062,0.0015689
-0.0056214,-0.0002395,0.0015712,-0.0056181,-0.0002391,0.0015764
-0.0055933,-0.0006841,0.0015635,-0.0055899,-0.0006834,0.0015686
-0.0055364,-0.0011197,0.0015736,-0.005533,-0.0011188,0.0015787
-0.0054262,-0.0015511,0.0015697,-0.0054228,-0.0015499,0.0015749
-0.005278,-0.0019719,0.0015645,-0.0052747,-0.0019705,0.0015697
-0.0051091,-0.0023703,0.0015689,-0.0051059,-0.0023687,0.0015742
-0.0049176,-0.0027673,0.0015712,-0.0049146,-0.0027654,0.0015764
-0.0046705,-0.0031501,0.0015622,-0.0046676,-0.003148,0.0015674
-0.0044231,-0.0035236,0.001578,-0.0044203,-0.0035212,0.0015831
-0.0041219,-0.0038492,0.0015791,-0.0041193,-0.0038467,0.0015843
-0.0037985,-0.0041548,0.0015724,-0.0037961,-0.0041521,0.0015777
-0.003483,-0.0044401,0.0015562,-0.0034808,-0.0044373,0.0015613
-0.0031146,-0.0046879,0.001557,-0.0031126,-0.0046848,0.0015623
-0.0027414,-0.0049241,0.0015596,-0.0027397,-0.004921,0.0015647
0.005427,0.0017771,0.0014403,0.0054237,0.0017762,0.0014449
0.0057086,6.8e-06,0.001449,0.005705,7e-06,0.0014536
0.0023544,-0.0029974,0.0148344,0.0023532,-0.0029964,0.014898
0.0037995,0.0002943,0.0150949,0.0037977,0.0002938,0.015159
0.003815,0.0041463,0.0015808,0.0038127,0.0041441,0.0015863
0.0046226,-0.0033584,0.0014597,0.0046196,-0.0033561,0.0014642
0.0029895,-0.0023643,0.0148346,0.0029881,-0.0023635,0.0148982
0.0025824,-0.0028034,0.0148344,0.0025812,-0.0028024,0.014898
0.0035737,-0.001324,0.0148349,0.0035719,-0.0013237,0.0148985
-0.0002925,0.0037986,0.0156143,-0.0002925,0.0037968,0.0156794
0.0027945,-0.0025913,0.0148345,0.0027931,-0.0025905,0.0148981
0.0021113,-0.0031725,0.0148343,0.0021103,-0.0031714,0.0148979
0.0018563,-0.0033285,0.0148342,0.0018553,-0.0033273,0.0148978
0.0015892,-0.0034646,0.0148342,0.0015884,-0.0034633,0.0148977
0.0013121,-0.0035786,0.0148341,0.0013115,-0.0035773,0.0148977
0.0010271,-0.0036706,0.014834,0.0010266,-0.0036692,0.0148976
0.000735,-0.0037396,0.014834,0.0007346,-0.0037382,0.0148976
0.000439,-0.0037867,0.0148339,0.0004387,-0.0037853,0.0148974
0.0001409,-0.0038087,0.0148338,0.0001407,-0.0038073,0.0148974
-0.0001592,-0.0038087,0.0148338,-0.0001592,-0.0038073,0.0148974
-0.0004573,-0.0037837,0.0148338,-0.0004571,-0.0037822,0.0148974
-0.0007533,-0.0037366,0.0148337,-0.000753,-0.0037353,0.0148973
-0.0010444,-0.0036658,0.0148337,-0.001044,-0.0036643,0.0148973
-0.0013295,-0.0035727,0.0148337,-0.0013289,-0.0035714,0.0148972
-0.0016055,-0.0034566,0.0148337,-0.0016048,-0.0034554,0.0148972
-0.0018726,-0.0033206,0.0148336,-0.0018718,-0.0033194,0.0148972
-0.0021277,-0.0031626,0.0148336,-0.0021268,-0.0031615,0.0148972
-0.0023687,-0.0029855,0.0148337,-0.0023677,-0.0029845,0.0148972
-0.0025968,-0.0027905,0.0148336,-0.0025957,-0.0027895,0.0148972
-0.0028079,-0.0025775,0.0148336,-0.0028066,-0.0025766,0.0148972
-0.0030009,-0.0023494,0.0148336,-0.0029996,-0.0023487,0.0148973
-0.0031769,-0.0021064,0.0148337,-0.0031756,-0.0021057,0.0148973
-0.003332,-0.0018503,0.0148337,-0.0033305,-0.0018498,0.0148973
-0.003467,-0.0015832,0.0148337,-0.0034655,-0.0015829,0.0148974
-0.0035811,-0.0013052,0.0148338,-0.0035795,-0.0013049,0.0148974
-0.0036721,-0.0010201,0.0148338,-0.0036704,-0.00102,0.0148975
-0.0037411,-0.0007291,0.0148338,-0.0037394,-0.000729,0.0148975
-0.0037861,-0.000433,0.0148339,-0.0037845,-0.0004331,0.0148976
-0.0038092,-0.0001339,0.0148339,-0.0038074,-0.0001342,0.0148976
-0.0038072,0.0001652,0.014834,-0.0038055,0.0001647,0.0148977
-0.0037832,0.0004643,0.014834,-0.0037815,0.0004637,0.0148978
-0.0037342,0.0007593,0.0148341,-0.0037325,0.0007586,0.0148979
-0.0036631,0.0010504,0.0148342,-0.0036615,0.0010496,0.0148979
-0.0035701,0.0013345,0.0148342,-0.0035686,0.0013335,0.014898
-0.0034541,0.0016105,0.0148343,-0.0034526,0.0016094,0.0148981
-0.0033171,0.0018756,0.0148344,-0.0033156,0.0018744,0.0148981
-0.00316,0.0021307,0.0148344,-0.0031586,0.0021293,0.0148982
-0.002983,0.0023717,0.0148345,-0.0029817,0.0023703,0.0148983
-0.0027879,0.0025978,0.0148356,-0.0027867,0.0025963,0.0148994
-0.0025759,0.0028078,0.0148356,-0.0025748,0.0028062,0.0148995
-0.0023478,0.0030009,0.0148357,-0.0023469,0.0029992,0.0148996
-0.0021058,0.0031759,0.0148358,-0.0021049,0.0031741,0.0148997
-0.0018507,0.003331,0.0148358,-0.00185,0.0033291,0.0148997
0.0019941,0.0032468,0.0150951,0.0019931,0.0032451,0.0151594
0.0049377,0.0027611,0.0015749,0.0049349,0.0027597,0.0015801
0.002367,0.0051349,0.0015799,0.0023655,0.005132,0.0015853
0.0004593,-0.0057109,0.0014544,0.0004591,-0.0057069,0.0014588
0.0041368,0.0038459,0.0015828,0.0041344,0.0038439,0.0015882
0.0036667,-0.0010389,0.0148349,0.0036649,-0.0010388,0.0148986
0.0028992,0.0024717,0.0150951,0.0028979,0.0024703,0.0151594
0.004685,0.0031325,0.0015756,0.0046824,0.0031309,0.001581
0.0031656,-0.0021222,0.0148346,0.0031641,-0.0021216,0.0148983
0.0003057,0.0037979,0.0150959,0.0003055,0.0037959,0.0151603
0.0034792,0.0044417,0.0015815,0.0034772,0.0044393,0.0015868
0.0013228,0.0035728,0.0153548,0.0013222,0.0035709,0.0154195
0.0055621,-0.0013293,0.0014293,0.0055585,-0.0013283,0.0014339
0.0011819,0.0036219,0.015095,0.0011813,0.00362,0.0151594
-0.0004405,0.0037848,0.0153546,-0.0004404,0.0037828,0.0154192
0.0015988,0.0034578,0.0153548,0.0015982,0.003456,0.0154195
-0.0011118,-0.0057108,0.0013147,-0.0011109,-0.0057066,0.0013183
0.0051328,0.0023598,0.001569,0.0051298,0.0023586,0.0015742
0.0002363,-0.00579,0.0013293,0.0002362,-0.0057857,0.001333
0.0054451,0.0015486,0.0015693,0.005442,0.001548,0.0015744
-0.0023515,-0.0051273,0.0015535,-0.00235,-0.005124,0.0015586
0.0010399,0.0036651,0.0148364,0.0010394,0.0036631,0.0149003
-0.0017617,-0.0054595,0.0014471,-0.0017604,-0.0054558,0.0014515
0.0056324,-0.0002171,0.001565,0.0056292,-0.0002167,0.0015703
0.0026117,-0.005087,0.0014633,0.0026101,-0.0050835,0.0014679
0.0037377,0.0007395,0.0148352,0.0037358,0.0007388,0.0148991
-0.0011676,0.0036269,0.0150956,-0.0011671,0.003625,0.01516
0.0037847,0.0004434,0.0148352,0.0037828,0.0004428,0.014899
-0.0002914,0.0037989,0.0150958,-0.0002914,0.0037969,0.0151602
0.0046906,-0.0031243,0.0015699,0.0046878,-0.0031223,0.0015751
0.0026962,0.0026918,0.0150951,0.002695,0.0026903,0.0151594
0.0044319,-0.0034815,0.0015781,0.0044292,-0.0034792,0.0015833
-0.0007345,0.0037387,0.0153545,-0.0007343,0.0037369,0.0154191
0.0007489,0.0037361,0.0148363,0.0007485,0.003734,0.0149003
0.0037367,-0.0007479,0.014835,0.0037349,-0.0007478,0.0148987
0.0033226,-0.0018672,0.0148347,0.003321,-0.0018666,0.0148984
0.0011113,-0.0055193,0.0015596,0.0011107,-0.0055157,0.0015649
0.005618,-0.0006734,0.0015609,0.0056147,-0.0006729,0.001566
0.0034586,-0.0016001,0.0148348,0.0034569,-0.0015997,0.0148984
0.0051254,-0.0023685,0.0015672,0.0051224,-0.0023669,0.0015724
-0.0015847,0.003465,0.0148359,-0.001584,0.0034631,0.0148998
0.0021202,0.003166,0.0148354,0.0021191,0.0031642,0.0148994
0.0031334,-0.0046912,0.0015858,0.0031317,-0.0046881,0.0015909
0.0049071,-0.0027409,0.0015652,0.0049042,-0.0027392,0.0015705
0.000667,-0.0055846,0.0015578,0.0006668,-0.005581,0.001563
0.0041539,-0.0038274,0.0015802,0.0041514,-0.0038249,0.0015853
0.0036254,0.0011735,0.015095,0.0036238,0.0011726,0.0151592
0.0056934,0.0004557,0.001446,0.0056899,0.0004556,0.0014506
0.0033964,0.0017266,0.0150951,0.0033948,0.0017255,0.0151593
0.0029944,0.0023558,0.0148355,0.002993,0.0023544,0.0148993
0.0031704,0.0021138,0.0148354,0.0031689,0.0021125,0.0148993
0.0038077,0.0001453,0.0148352,0.0038058,0.0001449,0.0148989
-0.0004369,-0.0058735,0.0012081,-0.0004365,-0.0058688,0.0012111
0.0017875,-0.0054382,0.001444,0.0017864,-0.0054344,0.0014485
1.24e-05,-0.0058872,0.0012111,1.26e-05,-0.0058825,0.0012141
0.0034951,-0.0044268,0.0015816,0.0034931,-0.0044239,0.0015868
0.0052942,-0.0019465,0.0015666,0.0052912,-0.0019451,0.0015718
0.0038076,-0.0001547,0.0148351,0.0038058,-0.000155,0.0148988
0.005538,0.0011027,0.0015618,0.0055348,0.0011023,0.0015669
0.0023623,0.00299,0.0148354,0.0023611,0.0029882,0.0148993
0.0036228,-0.001183,0.0145753,0.003621,-0.0011827,0.0146385
0.0036258,0.0042531,0.001697,0.0036238,0.004251,0.001703
0.0053118,0.0019641,0.0015719,0.0053088,0.0019632,0.001577
0.0013031,0.0054312,0.0016753,0.0013023,0.0054284,0.0016812
0.0017055,0.0053004,0.0016747,0.0017046,0.0052976,0.0016808
0.0004355,0.0055443,0.0016525,0.0004353,0.0055414,0.0016584
-2.4e-05,0.0055751,0.0016579,-2.4e-05,0.0055721,0.0016638
-0.0004553,0.0055539,0.0016588,-0.0004549,0.005551,0.0016647
-0.0008862,0.0055056,0.001652,-0.0008856,0.0055027,0.0016578
-0.0013155,0.0054136,0.0016628,-0.0013146,0.0054108,0.0016687
-0.0017422,0.0052975,0.0016748,-0.0017412,0.0052948,0.0016807
-0.0021519,0.0051465,0.0016791,-0.0021506,0.0051439,0.0016849
-0.0025534,0.0049512,0.0016726,-0.0025518,0.0049487,0.0016785
-0.0029275,0.0047412,0.0016856,-0.0029257,0.0047387,0.0016916
-0.0032741,0.0045013,0.0016946,-0.0032722,0.004499,0.0017007
-0.003623,0.0042248,0.0016993,-0.0036209,0.0042226,0.0017054
-0.0039522,0.0039421,0.0017117,-0.0039499,0.0039401,0.0017178
-0.0042579,0.0036095,0.0017086,-0.0042554,0.0036077,0.0017147
-0.0045315,0.0032469,0.0017031,-0.0045289,0.0032452,0.0017091
-0.0047567,0.0028875,0.0016984,-0.004754,0.0028862,0.0017043
-0.0049725,0.0024972,0.0016892,-0.0049696,0.002496,0.0016951
-0.0051402,0.0021041,0.0016795,-0.0051373,0.0021032,0.0016855
-0.0053064,0.0016904,0.001684,-0.0053033,0.0016897,0.0016899
-0.0054242,0.0012715,0.00167,-0.0054211,0.001271,0.0016758
-0.0054905,0.0008588,0.0016681,-0.0054874,0.0008586,0.001674
-0.0055438,0.0004223,0.00168,-0.0055408,0.0004223,0.0016859
-0.0055592,-1.96e-05,0.0016857,-0.0055562,-1.94e-05,0.0016916
-0.0055533,-0.0004571,0.0016834,-0.0055502,-0.0004566,0.0016892
-0.0054923,-0.0008945,0.0016778,-0.0054893,-0.0008938,0.0016836
-0.0054061,-0.0013233,0.0016817,-0.005403,-0.0013224,0.0016876
-0.0052812,-0.0017407,0.0016812,-0.0052782,-0.0017395,0.0016871
-0.0051184,-0.0021394,0.0016847,-0.0051154,-0.0021381,0.0016907
-0.0049566,-0.0025344,0.0016893,-0.0049538,-0.0025327,0.0016953
-0.0047153,-0.0029118,0.001668,-0.0047125,-0.0029099,0.0016741
-0.0045,-0.0032954,0.0016858,-0.0044974,-0.0032934,0.0016916
-0.0042194,-0.0036315,0.0016877,-0.004217,-0.0036293,0.0016936
-0.0039235,-0.0039544,0.0016904,-0.0039212,-0.003952,0.0016961
-0.0036008,-0.0042502,0.0016918,-0.0035987,-0.0042477,0.0016976
-0.0032741,-0.0045094,0.0016784,-0.0032721,-0.0045066,0.0016842
-0.0029087,-0.0047734,0.0016819,-0.002907,-0.0047705,0.0016877
0.001323,0.0035731,0.0148354,0.0013224,0.0035711,0.0148993
0.0056287,0.0002317,0.0015662,0.0056255,0.0002317,0.0015715
0.0022345,-0.0030875,0.0145747,0.0022333,-0.0030863,0.0146378
0.0019854,-0.0032536,0.0145746,0.0019844,-0.0032523,0.0146378
0.0014619,0.0035179,0.0150951,0.0014613,0.003516,0.0151594
0.0045137,-0.003267,0.0016926,0.0045111,-0.0032651,0.0016986
0.0024706,-0.0029025,0.0145748,0.0024693,-0.0029014,0.0146379
0.0015435,-0.0054222,0.0015613,0.0015426,-0.0054187,0.0015666
0.0036686,0.0010305,0.0148353,0.0036669,0.0010297,0.0148991
0.0021329,0.0051404,0.0016828,0.0021317,0.0051378,0.0016889
0.0017234,-0.0033996,0.0145746,0.0017224,-0.0033983,0.0146377
0.0014513,-0.0035247,0.0145745,0.0014505,-0.0035232,0.0146376
0.0011702,-0.0036277,0.0145744,0.0011696,-0.0036262,0.0146375
0.0008811,-0.0037087,0.0145744,0.0008806,-0.0037072,0.0146375
0.0005871,-0.0037658,0.0145743,0.0005867,-0.0037642,0.0146374
0.00029,-0.0038008,0.0145743,0.0002898,-0.0037993,0.0146374
-9.1e-06,-0.0038118,0.0145742,-9.2e-06,-0.0038102,0.0146373
-0.0003092,-0.0037988,0.0145742,-0.0003091,-0.0037973,0.0146373
-0.0006063,-0.0037628,0.0145741,-0.000606,-0.0037613,0.0146372
-0.0009004,-0.0037038,0.0145741,-0.0009,-0.0037023,0.0146372
-0.0011884,-0.0036218,0.0145741,-0.0011879,-0.0036203,0.0146371
-0.0014695,-0.0035178,0.0145741,-0.0014688,-0.0035164,0.0146372
-0.0017406,-0.0033908,0.0145741,-0.0017398,-0.0033894,0.0146372
-0.0020017,-0.0032437,0.014574,-0.0020008,-0.0032424,0.0146372
-0.0022507,-0.0030767,0.014574,-0.0022497,-0.0030755,0.0146372
-0.0024858,-0.0028896,0.014574,-0.0024847,-0.0028885,0.0146372
-0.0027049,-0.0026856,0.014574,-0.0027037,-0.0026846,0.0146371
-0.002907,-0.0024655,0.014574,-0.0029056,-0.0024646,0.0146372
-0.003092,-0.0022294,0.0145741,-0.0030905,-0.0022287,0.0146372
-0.0032571,-0.0019794,0.0145741,-0.0032556,-0.0019787,0.0146373
-0.0034031,-0.0017173,0.0145741,-0.0034015,-0.0017168,0.0146372
-0.0035271,-0.0014442,0.0145741,-0.0035255,-0.0014438,0.0146373
-0.0036302,-0.0011632,0.0145741,-0.0036285,-0.0011629,0.0146374
-0.0037102,-0.0008741,0.0145742,-0.0037085,-0.000874,0.0146374
-0.0037672,-0.00058,0.0145742,-0.0037654,-0.00058,0.0146375
-0.0038013,-0.0002829,0.0145743,-0.0037995,-0.0002831,0.0146375
-0.0038113,1.72e-05,0.0145743,-0.0038094,1.68e-05,0.0146376
-0.0037983,0.0003163,0.0145744,-0.0037965,0.0003158,0.0146377
-0.0037612,0.0006133,0.0145744,-0.0037595,0.0006127,0.0146377
-0.0037013,0.0009064,0.0145745,-0.0036995,0.0009057,0.0146378
-0.0036193,0.0011945,0.0145746,-0.0036175,0.0011936,0.0146379
-0.0035142,0.0014746,0.0145746,-0.0035126,0.0014736,0.014638
-0.0033882,0.0017457,0.0145747,-0.0033866,0.0017445,0.014638
-0.0032401,0.0020057,0.0145758,-0.0032386,0.0020044,0.0146391
-0.0030731,0.0022538,0.0145758,-0.0030716,0.0022524,0.0146392
-0.002887,0.0024869,0.0145759,-0.0028857,0.0024853,0.0146393
-0.002683,0.0027059,0.014576,-0.0026818,0.0027043,0.0146394
-0.002463,0.002908,0.014576,-0.0024618,0.0029063,0.0146395
-0.0022279,0.0030911,0.0145761,-0.0022269,0.0030892,0.0146395
-0.0019788,0.0032561,0.0145761,-0.0019779,0.0032542,0.0146396
0.0047655,-0.0029092,0.0016851,0.0047629,-0.0029074,0.0016908
0.0027543,-0.0049137,0.0015829,0.0027528,-0.0049106,0.0015882
0.0025373,0.0049512,0.0016809,0.0025359,0.0049486,0.0016869
0.0049678,-0.0025281,0.001684,0.0049651,-0.0025266,0.0016899
0.0021914,-0.0052811,0.001446,0.00219,-0.0052774,0.0014506
0.0035214,0.0014545,0.015095,0.0035198,0.0014535,0.0151593
0.0032744,0.0045111,0.0016895,0.0032726,0.0045088,0.0016956
0.0028937,-0.0024803,0.0145749,0.0028922,-0.0024795,0.0146381
0.0028004,0.0025839,0.0148354,0.002799,0.0025823,0.0148993
0.0018652,0.003322,0.0148354,0.0018642,0.0033202,0.0148993
0.0008733,0.0055168,0.0016712,0.0008729,0.005514,0.001677
0.0030797,-0.0022453,0.014575,0.0030782,-0.0022445,0.0146381
0.0026906,-0.0026994,0.0145748,0.0026892,-0.0026984,0.0146379
0.0029024,0.0047459,0.0016821,0.0029008,0.0047435,0.0016882
0.0037837,-0.0004528,0.0148351,0.0037819,-0.0004529,0.0148988
0.0038365,-0.0041308,0.0015717,0.0038342,-0.0041281,0.0015769
0.0039429,0.0039563,0.0016991,0.0039407,0.0039544,0.0017051
-0.0013064,-0.0055754,0.0014296,-0.0013055,-0.0055716,0.001434
0.0054311,-0.0015091,0.0015519,0.0054279,-0.0015081,0.0015572
0.0049672,0.0025353,0.0016807,0.0049646,0.0025341,0.0016867
1.94e-05,-0.0057278,0.0014527,1.95e-05,-0.0057239,0.001457
0.0052987,0.0017193,0.0016798,0.005296,0.0017186,0.0016858
-0.0019458,-0.0053,0.0015509,-0.0019445,-0.0052966,0.0015559
0.0004548,0.0037831,0.0148363,0.0004545,0.003781,0.0149002
0.001183,0.0036223,0.0145767,0.0011825,0.0036202,0.0146402
-0.0025219,-0.0049906,0.0016824,-0.0025204,-0.0049876,0.0016881
0.0055781,7.4e-06,0.0016812,0.0055752,7.6e-06,0.001687
0.0032468,-0.0019962,0.014575,0.0032451,-0.0019955,0.0146382
0.005553,-0.0004457,0.001676,0.00555,-0.0004453,0.001682
-0.0008805,0.0037069,0.0150957,-0.0008802,0.0037049,0.01516
-0.0005875,0.0037649,0.0150958,-0.0005873,0.0037629,0.0151601
0.0047627,0.0029137,0.0016865,0.0047603,0.0029124,0.0016924
-0.0013086,0.003579,0.014836,-0.0013081,0.003577,0.0148999
0.000895,0.0037033,0.0145767,0.0008945,0.0037011,0.0146402
-0.000656,-0.0057721,0.0013289,-0.0006554,-0.0057678,0.0013326
-0.0001413,0.0038071,0.0148362,-0.0001413,0.003805,0.0149001
0.0037048,-0.0008949,0.0145753,0.003703,-0.0008948,0.0146386
0.0025893,0.0027949,0.0148354,0.002588,0.0027933,0.0148993
0.001733,0.0033929,0.0150951,0.0017322,0.0033911,0.0151594
0.0037069,0.0008856,0.0145757,0.0037049,0.0008848,0.014639
0.005558,-0.0011082,0.001563,0.0055547,-0.0011074,0.001568
0.0038108,-4.7e-06,0.0145755,0.0038089,-5e-06,0.0146388
-0.0017177,0.0034012,0.0145762,-0.0017169,0.0033992,0.0146397
0.0042432,-0.003615,0.0016914,0.0042408,-0.0036128,0.0016972
0.0037649,0.0005915,0.0145756,0.0037629,0.0005909,0.0146389
0.0029072,-0.0047536,0.0017013,0.0029058,-0.0047508,0.0017071
0.0051339,-0.0021319,0.0016759,0.0051312,-0.0021305,0.0016819
0.0008836,-0.0055014,0.0016746,0.0008832,-0.0054981,0.0016804
0.0032944,-0.0044986,0.0016977,0.0032927,-0.0044959,0.0017035
0.005592,0.000668,0.001561,0.0055888,0.0006678,0.0015662
0.0033265,0.0018587,0.0148354,0.0033249,0.0018575,0.0148992
0.004229,0.003629,0.0016937,0.0042268,0.0036273,0.0016998
0.0028996,0.002472,0.0145758,0.002898,0.0024705,0.0146392
0.0037999,0.0002944,0.0145755,0.0037979,0.0002939,0.0146388
0.0030846,0.0022369,0.0145758,0.0030831,0.0022356,0.0146392
0.0045054,0.0032662,0.0016941,0.0045031,0.0032648,0.0017003
0.0035188,-0.0014641,0.0145752,0.003517,-0.0014637,0.0146384
0.0019943,0.0032462,0.0145768,0.0019933,0.0032443,0.0146402
0.0054112,0.0013033,0.0016726,0.0054084,0.0013028,0.0016786
0.0002322,-0.0056257,0.0015598,0.0002322,-0.0056221,0.001565
0.0013118,-0.0054163,0.0016793,0.0013112,-0.0054131,0.0016852
0.0001567,0.0038071,0.0148362,0.0001566,0.003805,0.0149002
0.0022434,0.0030802,0.0145758,0.0022422,0.0030783,0.0146393
0.0014631,0.0035183,0.0145767,0.0014624,0.0035162,0.0146402
0.0029888,-0.0023644,0.0143154,0.0029873,-0.0023635,0.014378
0.0018555,-0.0033297,0.014315,0.0018545,-0.0033283,0.0143776
-0.0002424,0.0054988,0.0017727,-0.0002423,0.0054961,0.0017792
0.0001978,0.0054879,0.0017626,0.0001977,0.0054852,0.0017693
-0.0010919,0.0053806,0.0017648,-0.0010912,0.005378,0.0017714
-0.0015138,0.0052885,0.001778,-0.0015129,0.005286,0.0017847
-0.0019206,0.0051461,0.0017842,-0.0019195,0.0051436,0.0017909
-0.0023179,0.0049701,0.001782,-0.0023166,0.0049677,0.0017887
-0.0026951,0.0047709,0.0017835,-0.0026936,0.0047687,0.0017903
-0.0030588,0.0045833,0.0018035,-0.0030571,0.004581,0.0018101
-0.0034246,0.0043247,0.001809,-0.0034227,0.0043227,0.0018158
-0.0037622,0.0040316,0.001818,-0.0037601,0.0040297,0.0018247
-0.0040485,0.0037236,0.0018099,-0.0040463,0.0037218,0.0018166
-0.0043207,0.0033795,0.0018006,-0.0043184,0.0033779,0.0018073
-0.0045709,0.003032,0.0018091,-0.0045685,0.0030307,0.0018158
-0.004799,0.0026576,0.0018053,-0.0047965,0.0026565,0.0018121
-0.0050059,0.002286,0.0018016,-0.0050033,0.0022851,0.0018081
-0.0051824,0.0018782,0.0017949,-0.0051797,0.0018774,0.0018015
-0.0052907,0.0014589,0.0017879,-0.0052879,0.0014584,0.0017946
-0.0053714,0.0010512,0.0017823,-0.0053686,0.0010509,0.001789
-0.0054509,0.0006329,0.0017926,-0.0054481,0.0006328,0.0017992
-0.0054856,0.0001937,0.0017925,-0.0054828,0.0001939,0.0017992
-0.0054899,-0.000247,0.0017964,-0.0054871,-0.0002467,0.001803
-0.0054499,-0.0006691,0.001788,-0.0054471,-0.0006685,0.0017946
-0.0054002,-0.0010873,0.0017962,-0.0053974,-0.0010865,0.0018027
-0.005295,-0.0015139,0.0017981,-0.0052923,-0.0015129,0.0018046
-0.0051634,-0.0019157,0.001803,-0.0051607,-0.0019145,0.0018097
-0.0049933,-0.0023235,0.0018052,-0.0049906,-0.0023221,0.0018117
-0.0047759,-0.002689,0.0017928,-0.0047733,-0.0026873,0.0017996
-0.0045561,-0.0030696,0.0017944,-0.0045536,-0.0030677,0.001801
-0.0043083,-0.0034133,0.0017915,-0.004306,-0.0034113,0.001798
-0.0040051,-0.0037467,0.0017944,-0.004003,-0.0037446,0.001801
-0.0037173,-0.0040631,0.0018035,-0.0037153,-0.0040608,0.0018099
-0.0033928,-0.0043538,0.0018049,-0.0033909,-0.0043514,0.0018113
-0.0030362,-0.0045835,0.0017846,-0.0030344,-0.0045808,0.0017911
0.0055627,0.0004454,0.0016847,0.0055599,0.0004454,0.0016906
0.0015991,0.0034581,0.0148354,0.0015983,0.0034561,0.0148993
-0.000208,-0.0058,0.0013335,-0.0002077,-0.0057957,0.0013372
0.0037989,-0.0003038,0.0145755,0.0037969,-0.0003039,0.0146387
0.0021116,-0.0031737,0.0143151,0.0021104,-0.0031723,0.0143777
0.0025076,-0.004959,0.0016836,0.0025063,-0.004956,0.0016896
0.0023729,-0.0051334,0.0015716,0.0023716,-0.0051301,0.0015768
0.0042989,0.0034107,0.0017964,0.0042968,0.0034093,0.0018033
0.0030483,0.0045665,0.0017992,0.0030468,0.0045643,0.001806
0.0037629,-0.0006008,0.0145754,0.0037609,-0.0006009,0.0146387
0.001967,-0.0052838,0.0015697,0.0019659,-0.0052804,0.0015751
0.0018915,0.0051721,0.0017942,0.0018905,0.0051695,0.001801
0.0013114,-0.0035788,0.0143149,0.0013106,-0.0035773,0.0143775
0.0010263,-0.0036709,0.0143148,0.0010257,-0.0036692,0.0143774
0.0007351,-0.0037409,0.0143148,0.0007347,-0.0037392,0.0143773
0.000439,-0.0037869,0.0143147,0.0004388,-0.0037852,0.0143773
0.00014,-0.0038089,0.0143147,0.0001399,-0.0038073,0.0143773
-0.0001601,-0.0038089,0.0143146,-0.0001601,-0.0038073,0.0143772
-0.0004582,-0.0037839,0.0143146,-0.000458,-0.0037823,0.0143772
-0.0007543,-0.0037369,0.0143145,-0.000754,-0.0037353,0.0143771
-0.0010454,-0.0036659,0.0143145,-0.0010449,-0.0036643,0.0143772
-0.0013305,-0.0035719,0.0143145,-0.0013299,-0.0035703,0.0143771
-0.0016066,-0.0034568,0.0143144,-0.0016059,-0.0034554,0.0143771
-0.0018737,-0.0033198,0.0143144,-0.0018728,-0.0033184,0.0143771
-0.0021288,-0.0031618,0.0143144,-0.0021278,-0.0031604,0.0143771
-0.0023709,-0.0029857,0.0143145,-0.0023697,-0.0029845,0.0143771
-0.002598,-0.0027897,0.0143144,-0.0025967,-0.0027885,0.0143771
-0.002809,-0.0025766,0.0143144,-0.0028076,-0.0025756,0.0143771
-0.0030021,-0.0023486,0.0143144,-0.0030006,-0.0023476,0.0143771
-0.0031781,-0.0021055,0.0143144,-0.0031766,-0.0021046,0.0143772
-0.0033332,-0.0018494,0.0143145,-0.0033315,-0.0018487,0.0143772
-0.0034683,-0.0015813,0.0143145,-0.0034665,-0.0015808,0.0143772
-0.0035813,-0.0013042,0.0143146,-0.0035795,-0.0013038,0.0143773
-0.0036734,-0.0010191,0.0143146,-0.0036715,-0.0010189,0.0143773
-0.0037413,-0.000727,0.0143146,-0.0037395,-0.0007269,0.0143773
-0.0037874,-0.0004309,0.0143147,-0.0037855,-0.000431,0.0143774
-0.0038094,-0.0001319,0.0143147,-0.0038075,-0.0001321,0.0143775
-0.0038074,0.0001673,0.0143148,-0.0038055,0.0001669,0.0143775
-0.0037824,0.0004654,0.0143148,-0.0037805,0.0004648,0.0143776
-0.0037344,0.0007615,0.0143149,-0.0037325,0.0007608,0.0143777
-0.0036634,0.0010516,0.014316,-0.0036615,0.0010507,0.0143788
-0.0035694,0.0013366,0.014316,-0.0035675,0.0013357,0.0143789
-0.0034533,0.0016117,0.0143161,-0.0034516,0.0016106,0.0143789
-0.0033163,0.0018778,0.0143161,-0.0033146,0.0018766,0.014379
-0.0031592,0.0021319,0.0143162,-0.0031576,0.0021305,0.0143791
-0.0029822,0.002373,0.0143163,-0.0029807,0.0023715,0.0143792
-0.0027871,0.0025991,0.0143163,-0.0027857,0.0025974,0.0143793
-0.0025751,0.0028091,0.0143164,-0.0025738,0.0028074,0.0143793
-0.002347,0.0030022,0.0143165,-0.0023459,0.0030003,0.0143794
-0.0021049,0.0031763,0.0143175,-0.0021039,0.0031743,0.0143805
0.0045719,-0.0030424,0.0017916,0.0045696,-0.0030406,0.0017981
0.0036258,0.0011737,0.0145757,0.0036239,0.0011727,0.0146391
0.0023074,0.0049963,0.0017991,0.0023062,0.004994,0.0018058
0.0047912,-0.002672,0.0017859,0.0047887,-0.0026705,0.0017926
0.0026902,0.0047951,0.0018072,0.0026889,0.0047928,0.001814
-0.000666,0.005446,0.001762,-0.0006656,0.0054433,0.0017687
0.0014776,0.0052911,0.0017868,0.0014769,0.0052885,0.0017936
0.0026975,0.0026921,0.0145758,0.0026961,0.0026904,0.0146392
0.0051454,0.0021308,0.0016795,0.0051427,0.0021299,0.0016855
0.0034034,0.0043181,0.0017951,0.0034017,0.0043161,0.0018019
-0.0004394,0.0037851,0.0148362,-0.0004393,0.003783,0.0149001
0.0004614,-0.0055577,0.0016759,0.0004612,-0.0055544,0.0016817
0.0033928,-0.0017352,0.0145751,0.0033911,-0.0017346,0.0146383
0.0035766,0.0013146,0.0148353,0.0035749,0.0013137,0.0148991
0.0017342,0.0033932,0.0145768,0.0017333,0.0033912,0.0146402
0.0015884,-0.0034648,0.0143149,0.0015876,-0.0034633,0.0143776
0.0023537,-0.0029976,0.0143152,0.0023524,-0.0029963,0.0143778
-0.0008732,-0.0056595,0.0014342,-0.0008725,-0.0056556,0.0014385
-0.0014467,0.0035252,0.0145763,-0.001446,0.0035232,0.0146398
-0.0002095,-0.0056351,0.0015663,-0.0002093,-0.0056315,0.0015715
-0.0021204,-0.0051592,0.0016682,-0.0021192,-0.0051561,0.0016739
0.0006029,0.0037623,0.0145767,0.0006026,0.0037601,0.0146401
0.0031659,-0.0021223,0.0143154,0.0031642,-0.0021215,0.0143781
0.0045746,0.0030598,0.0018017,0.0045724,0.0030586,0.0018085
0.0006473,0.0054561,0.0017693,0.000647,0.0054535,0.001776
0.005493,0.0002219,0.0017894,0.0054904,0.000222,0.0017961
-0.0026606,-0.0048062,0.0017795,-0.0026591,-0.0048034,0.0017861
0.003667,-0.0010399,0.0143157,0.0036651,-0.0010397,0.0143785
0.0054956,-0.0002108,0.001784,0.0054929,-0.0002105,0.0017907
-0.0004188,-0.0056992,0.001448,-0.0004185,-0.0056953,0.0014524
0.0034616,0.0015917,0.0148354,0.0034599,0.0015906,0.0148992
-0.0010245,0.0036701,0.014836,-0.0010241,0.003668,0.0148999
0.0010401,0.0036655,0.0143171,0.0010395,0.0036633,0.0143801
0.0017271,-0.0052938,0.0016803,0.0017262,-0.0052906,0.0016864
0.0026703,-0.0047798,0.0017974,0.0026691,-0.0047771,0.0018042
0.0025828,-0.0028035,0.0143152,0.0025814,-0.0028024,0.0143778
0.0055164,-0.0008775,0.0016716,0.0055134,-0.0008769,0.0016774
0.004784,0.0026902,0.0017845,0.0047817,0.0026891,0.0017913
0.0024775,0.0028951,0.0145758,0.0024761,0.0028934,0.0146393
0.00371,0.0040303,0.0017871,0.0037081,0.0040285,0.001794
0.0051571,0.0019014,0.0017939,0.0051546,0.0019007,0.0018006
0.0052972,-0.0017065,0.0016682,0.0052944,-0.0017054,0.0016741
-0.0018498,0.0033313,0.0143176,-0.0018489,0.0033293,0.0143806
0.0043046,-0.0033765,0.0017885,0.0043023,-0.0033746,0.0017953
0.0032507,0.0019879,0.0145758,0.003249,0.0019866,0.0146392
0.0039346,-0.0039342,0.0016863,0.0039324,-0.0039317,0.0016922
0.0049891,-0.0022946,0.001793,0.0049866,-0.0022933,0.0017997
7.7e-06,0.0038103,0.0145766,7.7e-06,0.0038081,0.0146401
-0.0015177,-0.0054411,0.0015557,-0.0015166,-0.0054375,0.0015609
0.0029947,0.0023561,0.0143172,0.0029931,0.0023546,0.0143801
0.0030703,-0.0045496,0.0017978,0.0030688,-0.004547,0.0018045
0.0055009,0.0008741,0.0016763,0.005498,0.0008739,0.0016823
0.003739,0.0007386,0.014316,0.003737,0.0007379,0.0143789
0.0040303,0.0037503,0.001809,0.0040282,0.0037487,0.0018158
0.0010699,0.0053914,0.0017767,0.0010694,0.0053888,0.0017834
0.0038081,0.0001444,0.0143159,0.003806,0.000144,0.0143787
0.0021205,0.0031663,0.0143172,0.0021193,0.0031644,0.0143802
0.0052816,0.0014912,0.0017892,0.005279,0.0014907,0.001796
0.0028007,0.0025842,0.0143172,0.0027992,0.0025826,0.0143801
0.0013242,0.0035735,0.0143172,0.0013235,0.0035713,0.0143801
0.0018664,0.0033224,0.0143172,0.0018654,0.0033203,0.0143802
0.003669,0.0010307,0.0143161,0.003667,0.0010299,0.014379
0.0038081,-0.0001546,0.0143159,0.003806,-0.0001549,0.0143787
0.0049845,0.0023011,0.0017905,0.0049821,0.0023002,0.0017974
0.0036309,-0.0042226,0.0016951,0.003629,-0.00422,0.0017009
-0.0002903,0.0037993,0.0145765,-0.0002903,0.0037971,0.01464
0.0006536,-0.0054356,0.0017702,0.0006533,-0.0054325,0.0017768
0.0027948,-0.0025925,0.0143153,0.0027933,-0.0025914,0.0143779
0.00108,-0.0053806,0.0017811,0.0010795,-0.0053775,0.0017878
0.003574,-0.0013241,0.0143157,0.0035721,-0.0013236,0.0143784
1.96e-05,-0.0055864,0.0016789,1.97e-05,-0.0055831,0.0016847
0.0016542,0.0051761,0.0019012,0.0016534,0.0051737,0.0019086
0.0054553,0.0006487,0.0017892,0.0054528,0.0006486,0.0017959
-0.0016908,0.0051515,0.001893,-0.0016899,0.0051492,0.0019004
-0.0012826,0.0052649,0.0018824,-0.0012819,0.0052626,0.0018899
-0.0024802,0.0048234,0.001908,-0.0024789,0.0048212,0.0019155
-0.0028479,0.0046069,0.0019052,-0.0028464,0.0046049,0.0019127
-0.003197,0.0043803,0.0019,-0.0031953,0.0043783,0.0019075
-0.0035434,0.0041225,0.0019094,-0.0035416,0.0041207,0.0019169
-0.0038429,0.0038222,0.0019135,-0.003841,0.0038205,0.001921
-0.004143,0.0035071,0.0019185,-0.0041409,0.0035055,0.0019261
-0.0043984,0.0031694,0.0019214,-0.0043962,0.0031681,0.0019289
-0.0046359,0.002808,0.0019201,-0.0046336,0.0028069,0.0019276
-0.0048504,0.0024318,0.0019148,-0.004848,0.0024309,0.0019222
-0.0050285,0.0020466,0.0018989,-0.005026,0.0020458,0.0019063
-0.0051596,0.0016482,0.0018972,-0.0051571,0.0016476,0.0019046
-0.0052649,0.0012434,0.0019018,-0.0052623,0.001243,0.0019093
-0.0053522,0.0008336,0.0019051,-0.0053496,0.0008334,0.0019126
-0.005402,0.0004027,0.0019022,-0.0053994,0.0004027,0.0019095
-0.0054131,-2.98e-05,0.0018995,-0.0054104,-2.95e-05,0.001907
-0.0053965,-0.0004543,0.001902,-0.0053939,-0.0004538,0.0019095
-0.0053544,-0.0008713,0.0019024,-0.0053518,-0.0008707,0.0019097
-0.005281,-0.0012857,0.0019044,-0.0052784,-0.0012849,0.0019117
-0.0051623,-0.0016938,0.0019128,-0.0051597,-0.0016928,0.0019201
-0.0050096,-0.0020913,0.0019079,-0.0050071,-0.0020901,0.0019152
-0.0048246,-0.0024848,0.0019146,-0.0048222,-0.0024834,0.001922
-0.004593,-0.0028361,0.0018961,-0.0045907,-0.0028345,0.0019036
-0.0043919,-0.0031998,0.0019081,-0.0043897,-0.0031981,0.0019154
-0.0041241,-0.0035258,0.0018985,-0.0041221,-0.0035239,0.0019058
-0.0038165,-0.0038595,0.0019135,-0.0038147,-0.0038576,0.0019208
-0.0035,-0.0041549,0.0019087,-0.0034982,-0.0041527,0.0019159
-0.0031664,-0.0044126,0.0019022,-0.0031647,-0.0044104,0.0019095
0.0037851,0.0004435,0.014316,0.003783,0.000443,0.0143788
0.0037371,-0.0007488,0.0143158,0.0037351,-0.0007488,0.0143785
0.0008813,-0.003709,0.0140553,0.0008808,-0.0037073,0.0141173
0.0019847,-0.0032538,0.0140555,0.0019836,-0.0032523,0.0141176
-0.0008714,0.0053458,0.00188,-0.0008709,0.0053434,0.0018874
0.0037841,-0.0004527,0.0143158,0.0037821,-0.0004529,0.0143786
0.00075,0.0037365,0.0143171,0.0007496,0.0037343,0.0143801
0.0014505,-0.0035249,0.0140554,0.0014497,-0.0035233,0.0141174
-0.0007335,0.0037391,0.0148361,-0.0007332,0.003737,0.0149
0.0011694,-0.003628,0.0140553,0.0011687,-0.0036263,0.0141173
0.0002891,-0.003801,0.0140551,0.0002888,-0.0037993,0.0141172
-1e-05,-0.0038121,0.0140551,-1.01e-05,-0.0038103,0.0141172
-0.0003101,-0.0037991,0.0140551,-0.00031,-0.0037973,0.0141171
-0.0006073,-0.0037631,0.014055,-0.000607,-0.0037613,0.0141171
-0.0009014,-0.0037041,0.014055,-0.000901,-0.0037023,0.0141171
-0.0011895,-0.003622,0.014055,-0.0011889,-0.0036204,0.014117
-0.0014706,-0.003517,0.0140549,-0.0014699,-0.0035154,0.014117
-0.0017417,-0.0033909,0.0140549,-0.0017408,-0.0033894,0.014117
-0.0020028,-0.0032429,0.0140549,-0.0020018,-0.0032415,0.014117
-0.0022519,-0.0030759,0.0140549,-0.0022508,-0.0030745,0.014117
-0.002486,-0.0028898,0.0140549,-0.0024847,-0.0028885,0.014117
-0.0027061,-0.0026847,0.0140549,-0.0027047,-0.0026835,0.014117
-0.0029082,-0.0024647,0.0140549,-0.0029067,-0.0024636,0.0141171
-0.0030932,-0.0022276,0.0140549,-0.0030916,-0.0022266,0.0141171
-0.0032583,-0.0019785,0.0140549,-0.0032566,-0.0019777,0.0141171
-0.0034034,-0.0017164,0.014055,-0.0034016,-0.0017157,0.0141171
-0.0035284,-0.0014433,0.014055,-0.0035266,-0.0014428,0.0141172
-0.0036304,-0.0011612,0.0140551,-0.0036286,-0.0011608,0.0141172
-0.0037105,-0.0008731,0.0140551,-0.0037086,-0.0008729,0.0141173
-0.0037675,-0.000579,0.0140552,-0.0037656,-0.0005789,0.0141173
-0.0038015,-0.0002809,0.0140552,-0.0037996,-0.000281,0.0141173
-0.0038116,1.82e-05,0.0140562,-0.0038095,1.8e-05,0.0141184
-0.0037986,0.0003174,0.0140563,-0.0037966,0.0003169,0.0141185
-0.0037615,0.0006145,0.0140563,-0.0037595,0.0006139,0.0141186
-0.0037015,0.0009086,0.0140564,-0.0036996,0.0009078,0.0141187
-0.0036185,0.0011957,0.0140565,-0.0036166,0.0011948,0.0141188
-0.0035135,0.0014758,0.0140565,-0.0035117,0.0014747,0.0141188
-0.0033874,0.0017469,0.0140566,-0.0033857,0.0017457,0.0141189
-0.0032404,0.002007,0.0140566,-0.0032387,0.0020057,0.014119
-0.0030723,0.0022551,0.0140567,-0.0030707,0.0022536,0.014119
-0.0028863,0.0024882,0.0140568,-0.0028848,0.0024866,0.0141191
-0.0026832,0.0027073,0.0140579,-0.0026818,0.0027056,0.0141202
-0.0024621,0.0029084,0.0140579,-0.0024608,0.0029065,0.0141203
-0.002227,0.0030925,0.014058,-0.0022259,0.0030905,0.0141204
0.0046191,-0.0028186,0.0019049,0.0046169,-0.0028171,0.0019124
0.0003058,0.0037983,0.0145766,0.0003056,0.0037961,0.0146401
0.0048295,0.0024571,0.001901,0.0048274,0.0024562,0.0019086
0.0031708,0.002114,0.0143171,0.0031691,0.0021127,0.0143801
0.0015993,0.0034584,0.0143172,0.0015984,0.0034563,0.0143801
0.0005872,-0.003767,0.0140552,0.0005868,-0.0037653,0.0141172
0.0023626,0.0029903,0.0143172,0.0023613,0.0029884,0.0143802
-0.0020967,0.0050014,0.0019005,-0.0020956,0.0049991,0.0019079
0.0050144,0.0020723,0.0019055,0.0050122,0.0020716,0.0019131
-1.24e-05,0.0054213,0.0018762,-1.24e-05,0.0054188,0.0018836
0.0002329,-0.0054857,0.001771,0.0002328,-0.0054826,0.0017776
0.0054203,-0.0012869,0.0016696,0.0054173,-0.001286,0.0016756
0.0022906,-0.0049717,0.0017954,0.0022895,-0.0049689,0.0018022
0.0031813,0.0043863,0.0019088,0.0031798,0.0043844,0.0019163
-0.0004452,0.0054009,0.0018795,-0.0004449,0.0053984,0.0018869
0.0017236,-0.0033999,0.0140555,0.0017226,-0.0033983,0.0141175
0.0022348,-0.0030887,0.0140556,0.0022335,-0.0030874,0.0141177
0.0020699,0.0050227,0.0019075,0.0020689,0.0050205,0.001915
-0.0022813,-0.005011,0.0017863,-0.0022801,-0.0050083,0.0017927
-0.0011666,0.0036273,0.0145763,-0.0011661,0.0036251,0.0146399
-0.0017158,-0.0053088,0.0016646,-0.0017147,-0.0053056,0.0016703
0.0012518,0.0052703,0.0018967,0.0012512,0.0052679,0.0019042
0.0021559,-0.0051404,0.0016813,0.0021548,-0.0051373,0.0016872
0.0030801,-0.0022454,0.0140559,0.0030783,-0.0022445,0.014118
0.0043746,0.0031982,0.0019031,0.0043725,0.003197,0.0019108
0.0004184,0.0054176,0.0018825,0.0004182,0.0054151,0.00189
0.0053929,0.0004295,0.0018964,0.0053906,0.0004295,0.0019039
0.0037653,0.0005917,0.0140575,0.0037632,0.000591,0.0141198
-0.0028111,-0.0046469,0.0018973,-0.0028097,-0.0046444,0.0019044
-0.0004259,-0.0055616,0.0016751,-0.0004256,-0.0055583,0.0016808
0.0037053,-0.0008949,0.0140572,0.0037032,-0.0008947,0.0141194
0.0024707,0.0048384,0.0019145,0.0024695,0.0048363,0.001922
0.0054767,-0.0006461,0.001792,0.005474,-0.0006456,0.0017985
-0.0006499,-0.0055967,0.0015547,-0.0006493,-0.0055931,0.0015598
0.0024699,-0.0029036,0.0140557,0.0024685,-0.0029024,0.0141178
0.0014985,-0.0053009,0.0017899,0.0014978,-0.0052979,0.0017965
0.0051708,0.0016763,0.0019089,0.0051686,0.0016757,0.0019163
0.0046245,0.0028409,0.0019038,0.0046225,0.0028398,0.0019113
0.0025896,0.0027953,0.0143172,0.0025882,0.0027935,0.0143802
-0.0005864,0.0037653,0.0145765,-0.0005862,0.0037631,0.01464
0.0034169,-0.0043108,0.0018092,0.0034152,-0.0043084,0.0018157
-0.0015838,0.0034663,0.0143177,-0.001583,0.0034643,0.0143807
0.0043917,-0.0031729,0.0019084,0.0043895,-0.0031712,0.0019157
0.0033967,0.0017268,0.0145757,0.003395,0.0017256,0.0146391
0.0040321,-0.0037179,0.0017938,0.00403,-0.0037157,0.0018004
-0.0019789,0.0032565,0.0140581,-0.0019779,0.0032545,0.0141205
0.0048211,-0.0024475,0.0018987,0.0048189,-0.0024463,0.0019061
0.0028424,0.0046264,0.0019193,0.0028411,0.0046245,0.0019268
0.0022436,0.0030806,0.0140577,0.0022424,0.0030786,0.0141201
0.0001578,0.0038075,0.014317,0.0001577,0.0038052,0.01438
0.0051471,-0.0018888,0.0017794,0.0051445,-0.0018877,0.0017862
0.003086,0.0022373,0.0140577,0.0030843,0.0022357,0.0141201
0.003323,-0.0018672,0.0143155,0.0033212,-0.0018665,0.0143782
0.0028379,-0.0046036,0.0019053,0.0028367,-0.0046011,0.0019129
0.0053739,0.001074,0.001781,0.0053713,0.0010738,0.0017878
0.0041145,0.0035285,0.0019166,0.0041126,0.003527,0.0019243
0.0004382,-0.0054097,0.0018917,0.0004382,-0.0054069,0.001899
0.002453,-0.00482,0.0019186,0.0024519,-0.0048174,0.001926
0.003577,0.0013148,0.0143161,0.003575,0.0013138,0.014379
0.0029009,0.0024723,0.0140577,0.0028993,0.0024707,0.0141201
0.0035217,0.0014547,0.0145757,0.00352,0.0014537,0.0146391
0.0019946,0.0032466,0.0140577,0.0019934,0.0032445,0.0141201
0.0037072,0.0008858,0.0140575,0.0037052,0.000885,0.0141199
0.0008951,0.0037037,0.0140576,0.0008946,0.0037014,0.01412
0.0011833,0.0036227,0.0140576,0.0011826,0.0036205,0.01412
0.003459,-0.0016011,0.0143156,0.0034571,-0.0016006,0.0143783
0.0035109,0.0041339,0.0019093,0.0035092,0.0041322,0.0019168
0.0054102,6.8e-06,0.0018915,0.0054078,6.9e-06,0.0018991
0.0036233,-0.001183,0.0140571,0.0036212,-0.0011827,0.0141193
0.002894,-0.0024805,0.0140558,0.0028924,-0.0024794,0.0141179
0.0008506,-0.0053494,0.0018967,0.0008503,-0.0053465,0.0019041
0.0038003,0.0002945,0.0140575,0.0037982,0.0002941,0.0141197
-0.0001413,0.0038075,0.014317,-0.0001412,0.0038052,0.01438
0.0038113,-4.6e-06,0.0140574,0.0038092,-4.9e-06,0.0141196
0.0053473,0.0008466,0.0018974,0.0053449,0.0008465,0.0019049
0.000603,0.0037627,0.0140576,0.0006027,0.0037604,0.01412
0.0048797,0.0022546,0.0020202,0.0048778,0.0022539,0.0020283
-0.0029935,0.0044528,0.0020205,-0.002992,0.0044511,0.0020287
-0.0026444,0.0046843,0.0020249,-0.0026431,0.0046824,0.002033
-0.0036462,0.0039271,0.0020276,-0.0036445,0.0039255,0.0020359
-0.0039518,0.0036307,0.0020318,-0.0039499,0.0036292,0.0020401
-0.0042244,0.0033277,0.0020372,-0.0042223,0.0033263,0.0020453
-0.0044616,0.0029574,0.002033,-0.0044595,0.0029563,0.0020412
-0.0046888,0.0025895,0.0020278,-0.0046865,0.0025886,0.002036
-0.0048945,0.002212,0.0020211,-0.0048923,0.0022113,0.0020292
-0.0050566,0.0018326,0.002018,-0.0050544,0.001832,0.002026
-0.0051762,0.0014356,0.0020188,-0.0051739,0.0014352,0.0020268
-0.0052545,0.0010364,0.0020191,-0.0052522,0.0010362,0.0020273
-0.0053311,0.0006067,0.0020165,-0.0053288,0.0006067,0.0020246
-0.005349,0.0001869,0.0020125,-0.0053465,0.000187,0.0020206
-0.0053389,-0.000233,0.0020136,-0.0053365,-0.0002326,0.0020218
-0.0053206,-0.0006524,0.0020185,-0.0053182,-0.0006518,0.0020265
-0.0052564,-0.0010676,0.0020192,-0.0052541,-0.0010669,0.0020273
-0.0051567,-0.001473,0.0020221,-0.0051544,-0.0014721,0.0020302
-0.0050222,-0.0018813,0.002024,-0.0050198,-0.0018803,0.002032
-0.0048684,-0.002259,0.0020223,-0.004866,-0.0022577,0.0020303
-0.004672,-0.0026429,0.0020281,-0.0046698,-0.0026414,0.0020362
-0.0044496,-0.0029981,0.0020228,-0.0044476,-0.0029965,0.0020308
-0.0042076,-0.0033327,0.0020178,-0.0042056,-0.0033311,0.0020257
-0.0039344,-0.0036517,0.0020131,-0.0039326,-0.0036499,0.002021
-0.0036097,-0.0039631,0.0020197,-0.003608,-0.0039613,0.0020278
-0.0033005,-0.0042448,0.0020229,-0.0032989,-0.0042427,0.0020309
-0.0002025,-0.005488,0.0017762,-0.0002023,-0.005485,0.0017828
0.0052988,-0.0014636,0.0017816,0.0052961,-0.0014627,0.0017883
0.0037632,-0.0006018,0.0140573,0.0037612,-0.0006018,0.0141195
0.0021109,-0.003174,0.0137971,0.0021097,-0.0031724,0.0138586
0.0032471,-0.0019973,0.0140569,0.0032453,-0.0019965,0.0141191
0.00269,-0.0027006,0.0140557,0.0026884,-0.0026994,0.0141178
0.0019145,-0.0051568,0.0017849,0.0019135,-0.0051538,0.0017916
-0.0006497,0.0053328,0.0019965,-0.0006493,0.0053305,0.0020045
0.0033269,0.001859,0.0143161,0.0033251,0.0018577,0.0143791
0.0004549,0.0037835,0.0143171,0.0004546,0.0037812,0.01438
-0.0008795,0.0037073,0.0145764,-0.0008791,0.0037051,0.0146399
-0.0010819,-0.0055303,0.0015486,-0.0010812,-0.0055267,0.0015538
0.0010255,-0.0036712,0.0137968,0.0010249,-0.0036694,0.0138583
-0.0004592,-0.0037843,0.0137966,-0.000459,-0.0037825,0.0138581
-0.0001601,-0.0038093,0.0137966,-0.00016,-0.0038074,0.0138581
0.0001391,-0.0038093,0.0137967,0.000139,-0.0038074,0.0138582
-0.0007553,-0.0037363,0.0137965,-0.000755,-0.0037344,0.013858
-0.0010465,-0.0036663,0.0137965,-0.0010459,-0.0036645,0.013858
-0.0013316,-0.0035722,0.0137965,-0.0013309,-0.0035705,0.013858
-0.0016077,-0.0034562,0.0137965,-0.0016069,-0.0034545,0.013858
-0.0018748,-0.0033191,0.0137964,-0.0018738,-0.0033175,0.013858
-0.0021299,-0.003162,0.0137964,-0.0021288,-0.0031606,0.0138579
-0.0023711,-0.002985,0.0137964,-0.0023698,-0.0029836,0.0138579
-0.0025982,-0.0027889,0.0137964,-0.0025968,-0.0027876,0.013858
-0.0028102,-0.0025768,0.0137965,-0.0028088,-0.0025756,0.013858
-0.0030033,-0.0023477,0.0137964,-0.0030017,-0.0023467,0.013858
-0.0031784,-0.0021046,0.0137965,-0.0031767,-0.0021037,0.013858
-0.0033345,-0.0018485,0.0137964,-0.0033327,-0.0018477,0.0138581
-0.0034686,-0.0015804,0.0137965,-0.0034667,-0.0015798,0.0138581
-0.0035826,-0.0013033,0.0137966,-0.0035807,-0.0013028,0.0138582
-0.0036736,-0.0010171,0.0137966,-0.0036717,-0.0010168,0.0138582
-0.0037417,-0.000726,0.0137967,-0.0037397,-0.0007259,0.0138583
-0.0037877,-0.0004289,0.0137967,-0.0037857,-0.0004289,0.0138583
-0.0038098,-0.0001308,0.0137967,-0.0038077,-0.0001309,0.0138584
-0.0038077,0.0001694,0.0137968,-0.0038057,0.000169,0.0138584
-0.0037828,0.0004675,0.0137968,-0.0037807,0.000467,0.0138586
-0.0037347,0.0007627,0.0137969,-0.0037327,0.0007619,0.0138586
-0.0036627,0.0010538,0.013797,-0.0036607,0.0010529,0.0138587
-0.0035687,0.0013379,0.013797,-0.0035668,0.0013369,0.0138588
-0.0034536,0.001613,0.0137971,-0.0034518,0.0016118,0.0138589
-0.0033156,0.0018791,0.0137971,-0.0033138,0.0018778,0.0138589
-0.0031585,0.0021333,0.0137982,-0.0031568,0.0021318,0.01386
-0.0029814,0.0023744,0.0137983,-0.0029798,0.0023727,0.0138601
-0.0027863,0.0026005,0.0137983,-0.0027848,0.0025987,0.0138601
-0.0025742,0.0028106,0.0137984,-0.0025729,0.0028087,0.0138602
-0.0023472,0.0030027,0.0137985,-0.0023459,0.0030007,0.0138603
0.0024777,0.0028955,0.0140577,0.0024763,0.0028936,0.0141201
0.0032511,0.0019882,0.0140576,0.0032492,0.0019868,0.01412
0.0031982,-0.0043731,0.0019148,0.0031968,-0.0043708,0.0019221
0.0038248,0.0038414,0.001911,0.003823,0.0038399,0.0019186
0.0037856,0.0004437,0.013798,0.0037834,0.0004432,0.0138597
0.0036262,0.0011739,0.0140576,0.0036242,0.0011729,0.0141199
-0.0010661,0.0052474,0.0019952,-0.0010655,0.0052452,0.0020033
0.0053862,-0.0010486,0.0017775,0.0053835,-0.0010479,0.0017842
0.0037452,-0.0040296,0.0018088,0.0037433,-0.0040273,0.0018154
-0.0033488,0.0042091,0.0020187,-0.0033472,0.0042074,0.0020268
0.0013116,-0.0035791,0.0137969,0.0013108,-0.0035774,0.0138583
-0.0002261,0.005365,0.0019923,-0.000226,0.0053626,0.0020003
1.93e-05,-0.005424,0.0018857,1.94e-05,-0.0054211,0.0018929
0.0008497,0.0053608,0.0018893,0.0008494,0.0053584,0.0018967
-0.0014616,0.0051545,0.002,-0.0014608,0.0051524,0.0020082
0.001825,0.0050462,0.00201,0.0018242,0.005044,0.0020182
-0.0012929,-0.0054333,0.0016691,-0.0012921,-0.00543,0.001675
0.0007344,-0.0037412,0.0137967,0.0007339,-0.0037394,0.0138582
-0.0008704,-0.0055041,0.0016707,-0.0008698,-0.0055008,0.0016765
-0.0018706,0.0050349,0.0020094,-0.0018697,0.0050328,0.0020174
0.0041258,-0.0035161,0.0019138,0.0041238,-0.0035142,0.0019212
-0.0013077,0.0035794,0.0143177,-0.001307,0.0035773,0.0143807
0.00064,-0.0053294,0.002008,0.0006398,-0.0053268,0.0020159
0.0007502,0.003737,0.0137991,0.0007497,0.0037347,0.0138609
0.0050278,0.0018507,0.0020145,0.0050258,0.0018501,0.0020228
0.0015887,-0.0034651,0.0137969,0.0015877,-0.0034634,0.0138585
0.0037993,-0.0003037,0.0140573,0.0037972,-0.0003038,0.0141196
-0.0022702,0.0048768,0.0020226,-0.0022691,0.0048748,0.0020307
-0.0006395,-0.0054443,0.0017696,-0.000639,-0.0054413,0.0017763
-0.0029618,-0.0044862,0.0020211,-0.0029604,-0.004484,0.0020289
0.0037376,-0.0007489,0.0137978,0.0037354,-0.0007487,0.0138594
-0.0004384,0.0037855,0.0143179,-0.0004382,0.0037832,0.0143809
0.0054142,-0.0004108,0.001897,0.0054118,-0.0004105,0.0019043
-0.0018934,-0.005162,0.0017775,-0.0018923,-0.0051591,0.0017841
0.002354,-0.0029978,0.0137972,0.0023526,-0.0029964,0.0138587
0.0021208,0.0031668,0.0137982,0.0021195,0.0031647,0.01386
-0.0024439,-0.00485,0.0018994,-0.0024426,-0.0048474,0.0019067
0.0031664,-0.0021234,0.0137974,0.0031645,-0.0021225,0.013859
0.0029963,-0.00446,0.0020275,0.0029951,-0.0044576,0.0020355
0.0044577,0.0029886,0.0020146,0.0044557,0.0029876,0.0020229
0.0029952,0.0023565,0.0137982,0.0029934,0.0023549,0.01386
0.0046745,0.0026068,0.0020113,0.0046727,0.0026059,0.0020197
0.0002243,-0.0053552,0.0019999,0.0002243,-0.0053525,0.0020079
0.0044584,-0.0029691,0.0020238,0.0044564,-0.0029677,0.0020319
-0.0017178,0.0034016,0.0140581,-0.001717,0.0033995,0.0141206
0.0001945,0.0053559,0.0019906,0.0001945,0.0053536,0.0019987
0.0004382,-0.0037872,0.0137967,0.0004379,-0.0037854,0.0138582
0.0023629,0.0029907,0.0137982,0.0023615,0.0029888,0.01386
-0.002104,0.0031777,0.0137985,-0.0021029,0.0031757,0.0138604
0.0003069,0.0037988,0.0140585,0.0003067,0.0037964,0.0141209
0.005009,-0.0020671,0.0018998,0.0050067,-0.002066,0.0019072
0.0014634,0.0035187,0.0140576,0.0014625,0.0035165,0.0141201
7.8e-06,0.0038108,0.0140584,7.8e-06,0.0038084,0.0141209
0.0038086,0.0001445,0.013798,0.0038064,0.0001442,0.0138596
0.0026978,0.0026914,0.0140577,0.0026963,0.0026897,0.0141201
0.0052595,0.0012579,0.0018999,0.0052572,0.0012576,0.0019075
0.0014309,0.0051488,0.0020107,0.0014303,0.0051466,0.002019
0.0017345,0.0033936,0.0140576,0.0017335,0.0033915,0.0141201
0.0026233,-0.0046506,0.0020198,0.0026222,-0.0046484,0.002028
0.0035222,0.0014549,0.0140576,0.0035202,0.0014539,0.0141199
0.0012653,-0.0052724,0.00189,0.0012647,-0.0052696,0.0018974
0.0020575,-0.0050015,0.0019048,0.0020566,-0.0049988,0.0019124
0.0022297,0.0048741,0.0020164,0.0022287,0.0048721,0.0020246
0.0018558,-0.00333,0.013797,0.0018547,-0.0033284,0.0138585
0.0041978,0.0033202,0.0020263,0.0041959,0.003319,0.0020347
0.0034629,0.0015919,0.0143162,0.003461,0.0015908,0.014379
0.0037395,0.0007388,0.013798,0.0037373,0.0007381,0.0138598
0.0053601,0.0002084,0.0020119,0.005358,0.0002085,0.0020201
0.0035192,-0.0014641,0.0140571,0.0035173,-0.0014636,0.0141193
0.0031713,0.0021144,0.0137982,0.0031694,0.0021129,0.01386
0.0029919,0.0044758,0.0020345,0.0029906,0.0044741,0.0020426
0.0036675,-0.00104,0.0137977,0.0036654,-0.0010397,0.0138593
0.0053221,0.0006257,0.002014,0.00532,0.0006257,0.0020223
0.0033143,0.0042054,0.0020266,0.0033128,0.0042037,0.0020349
0.0010403,0.003666,0.0137991,0.0010397,0.0036636,0.013861
0.004675,-0.0026099,0.002024,0.0046729,-0.0026086,0.0020323
0.0029893,-0.0023655,0.0137974,0.0029876,-0.0023645,0.0138589
0.0010498,-0.0052479,0.0020078,0.0010494,-0.0052453,0.0020159
0.0004551,0.003784,0.013799,0.0004548,0.0037817,0.0138609
-0.0012502,0.0051452,0.0021137,-0.0012496,0.0051431,0.0021226
-0.0040395,0.0034192,0.0021403,-0.0040376,0.0034179,0.0021492
-0.0037577,0.0037251,0.0021412,-0.003756,0.0037237,0.0021502
-0.0045266,0.0027406,0.0021431,-0.0045246,0.0027397,0.0021519
-0.0047268,0.002364,0.0021284,-0.0047248,0.0023633,0.0021374
-0.0048985,0.0019916,0.00212,-0.0048964,0.0019911,0.0021288
-0.0050452,0.0016102,0.0021176,-0.0050431,0.0016098,0.0021264
-0.0051678,0.0012154,0.0021337,-0.0051656,0.0012151,0.0021424
-0.0052398,0.000809,0.0021271,-0.0052376,0.0008089,0.002136
-0.0052791,0.0003948,0.0021251,-0.0052768,0.0003948,0.002134
-0.0053029,-1.55e-05,0.0021315,-0.0053007,-1.53e-05,0.0021403
-0.0052771,-0.0004416,0.0021306,-0.005275,-0.0004412,0.0021394
-0.0052256,-0.0008461,0.0021293,-0.0052233,-0.0008456,0.0021382
-0.0051529,-0.0012589,0.002134,-0.0051507,-0.0012582,0.0021428
-0.0050277,-0.0016595,0.002136,-0.0050256,-0.0016586,0.0021449
-0.0048921,-0.0020439,0.0021415,-0.00489,-0.0020429,0.0021502
-0.0047155,-0.0024157,0.0021326,-0.0047134,-0.0024144,0.0021413
-0.0045153,-0.0027898,0.0021376,-0.0045134,-0.0027883,0.0021463
-0.0042786,-0.0031353,0.0021315,-0.0042768,-0.0031337,0.0021403
-0.0040297,-0.0034621,0.0021353,-0.004028,-0.0034605,0.0021441
-0.0037323,-0.0037601,0.0021208,-0.0037306,-0.0037584,0.0021296
-0.0034198,-0.0040624,0.0021389,-0.0034183,-0.0040606,0.0021476
0.0035338,-0.0041225,0.0019217,0.0035321,-0.0041203,0.0019289
0.0026226,0.0046963,0.0020285,0.0026214,0.0046945,0.0020366
0.0016734,-0.0051457,0.001879,0.0016727,-0.0051428,0.0018865
-0.0010722,-0.0054047,0.0017863,-0.0010716,-0.0054016,0.0017929
-0.0004131,-0.0054067,0.0018835,-0.0004128,-0.0054039,0.0018908
-0.0043088,0.0031071,0.0021473,-0.0043069,0.003106,0.0021561
0.0052762,-0.0012474,0.0018939,0.0052737,-0.0012466,0.0019012
0.0018667,0.0033228,0.0137982,0.0018655,0.0033207,0.01386
0.0028011,0.0025835,0.0137982,0.0027994,0.0025818,0.01386
0.0037846,-0.0004537,0.0137979,0.0037824,-0.0004537,0.0138595
-0.0003101,-0.0037995,0.0135372,-0.00031,-0.0037976,0.013598
-0.0009014,-0.0037044,0.0135371,-0.0009009,-0.0037026,0.013598
-0.0006083,-0.0037634,0.0135372,-0.000608,-0.0037616,0.013598
-1.09e-05,-0.0038125,0.0135372,-1.1e-05,-0.0038105,0.0135981
-0.0011906,-0.0036224,0.0135371,-0.0011899,-0.0036206,0.013598
-0.0014707,-0.0035173,0.013537,-0.0014699,-0.0035156,0.0135979
-0.0017429,-0.0033903,0.0135371,-0.0017419,-0.0033886,0.0135979
-0.002004,-0.0032433,0.0135371,-0.0020029,-0.0032417,0.0135979
-0.0022531,-0.0030752,0.013537,-0.0022519,-0.0030737,0.0135979
-0.0024872,-0.0028891,0.013537,-0.0024859,-0.0028877,0.013598
-0.0027063,-0.002685,0.0135371,-0.0027049,-0.0026837,0.013598
-0.0029094,-0.0024639,0.013537,-0.0029078,-0.0024627,0.0135979
-0.0030935,-0.0022278,0.013537,-0.0030919,-0.0022268,0.013598
-0.0032597,-0.0019777,0.0135371,-0.0032579,-0.0019768,0.0135981
-0.0034047,-0.0017155,0.0135371,-0.0034028,-0.0017148,0.0135981
-0.0035288,-0.0014424,0.0135371,-0.0035268,-0.0014418,0.0135981
-0.0036309,-0.0011602,0.0135372,-0.0036288,-0.0011598,0.0135982
-0.0037109,-0.0008711,0.0135372,-0.0037088,-0.0008708,0.0135982
-0.0037679,-0.0005769,0.0135373,-0.0037658,-0.0005768,0.0135983
-0.003802,-0.0002798,0.0135373,-0.0037999,-0.0002799,0.0135983
-0.003812,2.03e-05,0.0135373,-0.0038098,2.01e-05,0.0135984
-0.003799,0.0003195,0.0135374,-0.0037969,0.0003191,0.0135985
-0.003762,0.0006167,0.0135375,-0.0037599,0.0006161,0.0135985
-0.0037019,0.0009098,0.0135375,-0.0036999,0.000909,0.0135986
-0.0036189,0.0011969,0.0135376,-0.0036169,0.001196,0.0135987
-0.0035138,0.0014771,0.0135386,-0.0035119,0.001476,0.0135998
-0.0033868,0.0017482,0.0135387,-0.0033849,0.001747,0.0135999
-0.0032397,0.0020084,0.0135388,-0.0032379,0.0020069,0.0135999
-0.0030726,0.0022555,0.0135389,-0.0030709,0.0022539,0.0136
-0.0028865,0.0024896,0.0135389,-0.0028849,0.0024879,0.0136001
-0.0026824,0.0027078,0.013539,-0.002681,0.0027059,0.0136002
-0.0024623,0.0029088,0.0135391,-0.002461,0.002907,0.0136002
0.0036695,0.0010299,0.013798,0.0036674,0.0010291,0.0138598
0.0052557,0.0010405,0.0020147,0.0052536,0.0010403,0.0020229
0.0035775,0.001315,0.0137981,0.0035754,0.001314,0.0138599
0.0053603,-0.0008235,0.0018948,0.0053578,-0.0008229,0.0019022
0.0036116,0.0039256,0.0020182,0.0036099,0.0039241,0.0020265
0.0051662,-0.0016561,0.0018918,0.0051637,-0.0016552,0.0018993
0.0039185,0.0036375,0.0020249,0.0039168,0.0036361,0.0020333
-0.0027697,0.0045202,0.0021306,-0.0027686,0.0045186,0.0021394
0.0038346,-0.0038282,0.0019136,0.0038328,-0.0038261,0.001921
-0.000848,0.0052207,0.0021043,-0.0008476,0.0052186,0.0021132
0.0011696,-0.0036284,0.0135374,0.0011689,-0.0036265,0.0135983
0.0053416,-0.0002034,0.002007,0.0053394,-0.0002032,0.0020153
0.0033286,-0.0042166,0.0020319,0.0033272,-0.0042145,0.0020398
0.0033932,-0.0017362,0.014057,0.0033913,-0.0017356,0.0141192
-0.0004382,0.0052723,0.0020987,-0.000438,0.0052703,0.0021075
0.0042168,-0.0033141,0.0020239,0.0042149,-0.0033125,0.002032
0.0051641,0.0014509,0.0020146,0.005162,0.0014504,0.0020228
-0.0014789,-0.0052979,0.0017723,-0.001478,-0.0052949,0.0017789
0.0033224,-0.0018683,0.0137975,0.0033205,-0.0018676,0.0138591
-0.0030986,-0.0043008,0.0021301,-0.0030971,-0.004299,0.0021389
0.0045351,-0.0027763,0.0021396,0.0045333,-0.0027751,0.0021484
-0.0010236,0.0036705,0.0143178,-0.0010231,0.0036682,0.0143808
0.0006032,0.0037633,0.0135397,0.0006028,0.0037609,0.0136009
-0.0016469,0.0050241,0.0021076,-0.0016461,0.0050222,0.0021166
0.0048845,0.0020409,0.0021189,0.0048826,0.0020403,0.002128
0.0033971,0.001726,0.0140576,0.0033952,0.0017248,0.01412
0.0014508,-0.0035253,0.0135375,0.0014499,-0.0035235,0.0135984
-0.002417,0.0047308,0.002133,-0.002416,0.0047291,0.0021417
-0.0034633,0.0040234,0.0021411,-0.0034618,0.0040218,0.00215
0.0042818,-0.0031005,0.0021312,0.00428,-0.003099,0.0021401
-0.0026029,-0.0046863,0.0020175,-0.0026016,-0.004684,0.0020254
-0.0020552,-0.0050257,0.001897,-0.0020542,-0.0050231,0.0019043
0.0010315,0.0052552,0.0020135,0.0010311,0.005253,0.0020217
0.0052795,0.0004181,0.0021214,0.0052776,0.0004181,0.0021304
-0.0031393,0.0042805,0.002126,-0.0031379,0.0042789,0.0021349
-0.0002903,0.0037998,0.0140584,-0.0002902,0.0037974,0.0141209
-3.14e-05,0.0053104,0.0021084,-3.13e-05,0.0053083,0.0021172
0.0031114,-0.0042725,0.0021245,0.0031101,-0.0042704,0.0021334
0.0032466,-0.0019975,0.013538,0.0032447,-0.0019966,0.013599
0.0022342,-0.0030891,0.0135377,0.0022328,-0.0030875,0.0135986
-0.0022272,0.0030929,0.0135391,-0.002226,0.0030909,0.0136003
0.0008954,0.0037043,0.0135397,0.0008948,0.0037019,0.0136009
0.0008336,-0.0052326,0.0021211,0.0008334,-0.0052301,0.0021298
0.0025821,-0.0028038,0.0137972,0.0025806,-0.0028025,0.0138587
-0.0001933,-0.0053677,0.0019973,-0.0001931,-0.0053651,0.0020052
0.0042937,0.0031234,0.0021343,0.0042918,0.0031224,0.0021433
0.0019949,0.0032471,0.0135398,0.0019937,0.003245,0.013601
0.0008805,-0.0037094,0.0135374,0.00088,-0.0037075,0.0135983
0.0045093,0.0027736,0.0021219,0.0045076,0.0027728,0.0021311
0.0029014,0.0024717,0.0135388,0.0028997,0.0024701,0.0136
0.0037638,-0.0006018,0.0135385,0.0037616,-0.0006017,0.0135995
0.0048549,-0.002229,0.0020115,0.0048528,-0.0022279,0.0020197
0.0027942,-0.0025927,0.0137973,0.0027926,-0.0025915,0.0138588
-0.0014467,0.0035256,0.0140582,-0.001446,0.0035234,0.0141206
0.0002892,-0.0038015,0.0135372,0.000289,-0.0037996,0.0135981
0.0030805,-0.0022466,0.013538,0.0030787,-0.0022456,0.0135989
-0.0007334,0.0037395,0.0143179,-0.0007331,0.0037372,0.0143809
-0.0018499,0.0033328,0.0137986,-0.001849,0.0033307,0.0138604
0.0027914,-0.0044987,0.0021311,0.0027904,-0.0044966,0.0021399
0.000158,0.003808,0.013799,0.0001578,0.0038056,0.0138609
0.0013244,0.0035739,0.0137991,0.0013236,0.0035717,0.013861
0.0027599,0.0045184,0.0021268,0.0027588,0.0045167,0.0021357
0.0037058,-0.0008949,0.0135384,0.0037036,-0.0008946,0.0135994
0.0052998,-2e-07,0.0021265,0.0052978,-1e-07,0.0021354
0.004719,0.0024275,0.0021322,0.0047174,0.0024268,0.0021411
0.0037658,0.0005918,0.0135386,0.0037636,0.0005912,0.0135997
0.00259,0.0027956,0.0137982,0.0025885,0.0027938,0.01386
0.0022253,-0.0048703,0.0020251,0.0022243,-0.0048678,0.0020333
0.0019936,0.0048998,0.0021211,0.0019928,0.0048979,0.0021301
0.001985,-0.0032551,0.0135376,0.0019838,-0.0032535,0.0135985
0.002244,0.003081,0.0135388,0.0022427,0.003079,0.0136
0.0034634,0.0015921,0.0137981,0.0034614,0.001591,0.0138599
0.0004303,-0.0052765,0.0021127,0.0004302,-0.005274,0.0021215
0.0035745,-0.0013251,0.0137976,0.0035724,-0.0013246,0.0138592
0.0038086,-0.0001546,0.0137979,0.0038064,-0.0001548,0.0138596
0.0006144,0.0053298,0.0019994,0.0006141,0.0053276,0.0020076
0.0030975,0.0042874,0.0021317,0.0030962,0.0042858,0.0021408
0.0038009,0.0002937,0.0135386,0.0037986,0.0002933,0.0135997
0.0030865,0.0022366,0.0135388,0.0030847,0.0022351,0.0136
0.0016215,0.0050538,0.0021312,0.0016208,0.0050518,0.00214
0.0033273,0.0018583,0.0137982,0.0033254,0.0018569,0.0138599
0.0047456,-0.0024042,0.00214,0.0047437,-0.0024031,0.0021488
-0.0010476,-0.0036657,0.0132778,-0.001047,-0.0036638,0.013338
-0.0047687,0.0021536,0.0022445,-0.0047669,0.002153,0.0022542
-0.0045802,0.0025211,0.0022472,-0.0045783,0.0025204,0.0022569
-0.0050414,0.0013966,0.0022315,-0.0050394,0.0013963,0.0022411
-0.00513,0.0009941,0.002232,-0.005128,0.000994,0.0022416
-0.0051972,0.0005937,0.0022396,-0.0051951,0.0005937,0.0022493
-0.0052327,0.0001812,0.0022418,-0.0052306,0.0001814,0.0022513
-0.0052239,-0.0002318,0.0022366,-0.0052219,-0.0002314,0.0022462
-0.0051982,-0.0006378,0.002245,-0.0051961,-0.0006374,0.0022545
-0.0051177,-0.0010456,0.0022379,-0.0051156,-0.0010449,0.0022475
-0.0050468,-0.0014516,0.0022469,-0.0050448,-0.0014508,0.0022564
-0.0049171,-0.0018456,0.0022549,-0.0049151,-0.0018447,0.0022643
-0.004762,-0.0022231,0.002253,-0.00476,-0.002222,0.0022623
-0.004554,-0.0025716,0.0022417,-0.0045522,-0.0025704,0.0022512
-0.0043424,-0.0029371,0.0022432,-0.0043408,-0.0029357,0.0022526
-0.004115,-0.0032756,0.0022547,-0.0041134,-0.0032742,0.0022641
-0.0038387,-0.0035847,0.0022438,-0.0038372,-0.0035832,0.0022533
-0.0035441,-0.0038638,0.0022411,-0.0035427,-0.0038623,0.0022506
0.0034594,-0.0016012,0.0137975,0.0034575,-0.0016006,0.0138592
-0.0010368,0.0051278,0.0022247,-0.0010363,0.0051259,0.0022342
0.0052295,0.0008287,0.0021242,0.0052275,0.0008286,0.0021332
0.0023925,0.0047208,0.0021232,0.0023915,0.0047191,0.0021321
-0.0007564,-0.0037368,0.0132778,-0.000756,-0.0037348,0.013338
-0.0013317,-0.0035727,0.0132777,-0.001331,-0.0035708,0.013338
0.0034494,-0.0040265,0.0021333,0.0034479,-0.0040246,0.0021421
0.0039527,-0.003634,0.0020268,0.0039509,-0.0036321,0.0020347
0.0033937,-0.0017363,0.0135381,0.0033917,-0.0017356,0.0135991
0.0024703,-0.002904,0.0135378,0.0024688,-0.0029026,0.0135987
0.005023,0.0016317,0.0021193,0.0050211,0.0016313,0.0021284
0.0012458,-0.0051508,0.0021198,0.0012453,-0.0051484,0.0021285
0.0040173,0.0034395,0.0021409,0.0040156,0.0034382,0.0021499
-0.00437,0.0028902,0.0022557,-0.0043683,0.0028893,0.0022653
0.0017347,0.0033942,0.0135397,0.0017337,0.0033919,0.013601
-0.0041386,0.0032272,0.0022584,-0.0041369,0.0032262,0.002268
0.0016006,0.0034589,0.0137981,0.0015996,0.0034567,0.01386
0.0037999,-0.0003046,0.0135385,0.0037977,-0.0003047,0.0135995
0.0026983,0.0026918,0.0135388,0.0026967,0.00269,0.0136
-0.0020398,0.0048871,0.002117,-0.0020389,0.0048853,0.0021258
-0.000161,-0.0038098,0.0132779,-0.000161,-0.0038079,0.0133381
-0.0016089,-0.0034566,0.0132777,-0.001608,-0.0034548,0.0133379
-0.0018751,-0.0033195,0.0132777,-0.0018741,-0.0033178,0.0133379
-0.0021302,-0.0031614,0.0132777,-0.002129,-0.0031598,0.0133379
-0.0023723,-0.0029843,0.0132776,-0.002371,-0.0029828,0.0133379
-0.0025995,-0.0027892,0.0132777,-0.002598,-0.0027878,0.013338
-0.0028107,-0.0025761,0.0132777,-0.0028091,-0.0025749,0.013338
-0.0030048,-0.002347,0.0132777,-0.0030031,-0.0023459,0.013338
-0.0031799,-0.0021039,0.0132778,-0.003178,-0.0021029,0.0133381
-0.0033349,-0.0018478,0.0132778,-0.0033331,-0.0018469,0.0133381
-0.0034701,-0.0015796,0.0132778,-0.0034681,-0.0015789,0.0133382
-0.0035832,-0.0013024,0.0132779,-0.0035811,-0.0013019,0.0133382
-0.0036742,-0.0010162,0.0132779,-0.0036721,-0.0010159,0.0133382
-0.0037432,-0.000724,0.0132779,-0.0037411,-0.0007238,0.0133383
-0.0037882,-0.0004279,0.0132779,-0.0037861,-0.0004278,0.0133383
-0.0038103,-0.0001297,0.013278,-0.0038081,-0.0001299,0.0133383
-0.0038083,0.0001705,0.0132781,-0.0038062,0.0001702,0.0133385
-0.0037833,0.0004687,0.0132781,-0.0037811,0.0004682,0.0133385
-0.0037353,0.0007638,0.0132791,-0.0037331,0.0007632,0.0133395
-0.0036632,0.001055,0.0132792,-0.0036611,0.0010542,0.0133397
-0.0035692,0.0013392,0.0132793,-0.0035671,0.0013381,0.0133397
-0.0034532,0.0016144,0.0132794,-0.0034512,0.0016132,0.0133399
-0.0033161,0.0018795,0.0132795,-0.0033142,0.0018782,0.01334
-0.0031589,0.0021337,0.0132795,-0.0031572,0.0021322,0.01334
-0.0029819,0.0023748,0.0132796,-0.0029801,0.0023732,0.0133401
-0.0027867,0.002601,0.0132806,-0.0027851,0.0025992,0.0133411
-0.0025746,0.0028111,0.0132807,-0.0025732,0.0028092,0.0133413
0.0052566,-0.0010227,0.0020065,0.0052544,-0.0010221,0.0020146
0.0037078,0.0008849,0.0135386,0.0037056,0.0008842,0.0135998
0.0005863,-0.0037674,0.0135373,0.000586,-0.0037655,0.0135982
-0.0049095,0.0017758,0.0022338,-0.0049075,0.0017753,0.0022435
-0.0005864,0.0037657,0.0140583,-0.0005861,0.0037634,0.0141208
-0.0004602,-0.0037848,0.0132778,-0.00046,-0.0037828,0.013338
0.0036268,0.0011731,0.0135387,0.0036246,0.0011722,0.0135999
-0.0038818,0.0035421,0.0022599,-0.0038801,0.0035409,0.0022695
0.0053311,-0.0006204,0.0020091,0.0053289,-0.00062,0.0020171
0.0034476,0.004047,0.0021481,0.0034462,0.0040455,0.002157
-0.0008403,-0.0053516,0.0018833,-0.0008398,-0.0053488,0.0018907
0.0017229,-0.0034002,0.0135376,0.0017218,-0.0033985,0.0135985
-0.0006324,0.0051931,0.0022211,-0.0006321,0.0051911,0.0022307
0.003657,-0.0039419,0.0020308,0.0036554,-0.0039399,0.0020388
0.0003061,0.0037993,0.0135396,0.0003059,0.0037969,0.0136009
0.0014579,-0.0051537,0.0019993,0.0014573,-0.0051511,0.0020075
0.0032483,-0.0041096,0.0022423,0.0032471,-0.0041077,0.0022518
-0.0011666,0.0036277,0.0140582,-0.0011661,0.0036254,0.0141207
0.0051449,0.0012381,0.002126,0.005143,0.0012378,0.002135
0.0036238,-0.0011831,0.0135382,0.0036217,-0.0011826,0.0135992
-0.0014344,0.0050274,0.0022237,-0.0014337,0.0050256,0.0022334
0.0029957,0.0023569,0.0132804,0.0029939,0.0023553,0.0133409
-0.0008785,0.0037077,0.0140583,-0.0008781,0.0037054,0.0141208
-0.0016654,-0.0051587,0.0018882,-0.0016645,-0.005156,0.0018956
-0.0025717,0.0045721,0.0022471,-0.0025707,0.0045706,0.0022568
-0.0035816,0.0038382,0.0022554,-0.00358,0.0038368,0.002265
0.0043627,-0.002893,0.0022419,0.004361,-0.0028918,0.0022515
-0.0032367,-0.0041347,0.002251,-0.0032354,-0.004133,0.0022604
-0.0022232,-0.0048854,0.0020104,-0.0022222,-0.004883,0.0020183
0.0051876,0.0006228,0.002236,0.0051858,0.0006227,0.0022458
0.0021706,0.0047586,0.0022337,0.0021698,0.0047569,0.0022434
0.0040226,-0.0034323,0.0021288,0.0040209,-0.0034307,0.0021376
-0.0029236,0.0043439,0.0022355,-0.0029224,0.0043424,0.0022452
0.0004552,0.0037847,0.0132803,0.0004549,0.0037822,0.0133408
-0.0001412,0.003808,0.0137989,-0.0001412,0.0038056,0.0138608
-0.0002343,0.0052424,0.0022242,-0.0002341,0.0052405,0.0022337
0.003323,-0.0018685,0.0132788,0.0033211,-0.0018677,0.0133391
0.0023545,-0.0029992,0.0132784,0.0023531,-0.0029977,0.0133386
0.0049012,0.0018163,0.0022317,0.0048994,0.0018159,0.0022415
-0.0023475,0.0030033,0.0132808,-0.0023462,0.0030013,0.0133413
0.0011835,0.0036233,0.0135397,0.0011827,0.0036209,0.0136009
0.0045652,-0.0025331,0.0022294,0.0045634,-0.002532,0.0022391
0.005227,0.0002127,0.0022332,0.0052252,0.0002128,0.002243
0.0041218,0.003241,0.0022499,0.0041202,0.00324,0.0022596
5.8e-06,-0.0052959,0.0021088,5.9e-06,-0.0052935,0.0021175
0.001867,0.0033235,0.0132804,0.0018659,0.0033213,0.013341
0.0025448,0.0045649,0.0022408,0.0025438,0.0045633,0.0022505
0.0010257,-0.0036726,0.013278,0.001025,-0.0036708,0.0133383
0.0043447,0.0029061,0.0022393,0.004343,0.0029053,0.0022491
0.0017775,0.0049178,0.0022371,0.0017768,0.0049161,0.0022468
0.0028016,0.002584,0.0132805,0.0027999,0.0025823,0.013341
0.0001392,-0.0038098,0.0132779,0.000139,-0.0038078,0.0133381
0.0028945,-0.0024808,0.0135379,0.0028928,-0.0024796,0.0135989
-0.0015828,0.0034669,0.0137987,-0.001582,0.0034647,0.0138605
0.0037402,0.000739,0.0132793,0.003738,0.0007383,0.0133397
0.0029154,-0.004348,0.0022478,0.0029143,-0.004346,0.0022573
0.0031659,-0.0021237,0.0132786,0.003164,-0.0021227,0.013339
0.002397,-0.0047028,0.0021231,0.0023961,-0.0047006,0.0021321
0.0051698,-0.0014453,0.0020089,0.0051675,-0.0014445,0.0020171
0.0007494,0.0037377,0.0132803,0.0007489,0.0037353,0.0133409
0.0047355,0.00219,0.0022262,0.0047339,0.0021893,0.0022361
0.003737,0.0037572,0.0021407,0.0037354,0.003756,0.0021498
0.000394,0.0052871,0.0021089,0.0003939,0.005285,0.0021177
-0.001257,-0.0052653,0.0018817,-0.0012562,-0.0052625,0.0018891
0.0021114,-0.0031743,0.0132783,0.0021101,-0.0031727,0.0133385
0.0013109,-0.0035806,0.0132781,0.0013101,-0.0035788,0.0133383
0.0037382,-0.0007488,0.0132791,0.003736,-0.0007486,0.0133394
-0.0019791,0.003258,0.0135402,-0.001978,0.0032559,0.0136014
0.0052777,-0.0004159,0.0021196,0.0052758,-0.0004155,0.0021285
-0.0006159,-0.0053108,0.0019963,-0.0006155,-0.0053081,0.0020045
0.0032525,0.0019875,0.0135388,0.0032506,0.0019861,0.0136
0.0024782,0.0028959,0.0135388,0.0024767,0.002894,0.0136
0.0035227,0.0014543,0.0135387,0.0035206,0.0014531,0.0135999
0.0050325,-0.0018394,0.0020055,0.0050303,-0.0018384,0.0020137
0.0006198,-0.005194,0.0022287,0.0006197,-0.0051917,0.0022383
-0.0027475,-0.0045243,0.002134,-0.0027462,-0.0045223,0.0021428
0.0010267,-0.0051241,0.0022269,0.0010263,-0.0051218,0.0022365
0.0018428,-0.00504,0.0020149,0.0018421,-0.0050374,0.0020231
0.0038119,-5.5e-06,0.0135385,0.0038096,-5.7e-06,0.0135996
0.0028879,0.0043521,0.0022475,0.0028868,0.0043506,0.0022573
0.0037853,-0.0004537,0.0132791,0.003783,-0.0004537,0.0133395
0.0012222,0.0051674,0.0021319,0.0012218,0.0051653,0.0021408
0.0037863,0.0004428,0.0132793,0.003784,0.0004423,0.0133397
0.0021212,0.0031674,0.0132804,0.0021199,0.0031653,0.013341
0.0031718,0.0021138,0.0132795,0.00317,0.0021124,0.01334
0.0001571,0.0038088,0.0132813,0.0001569,0.0038063,0.0133419
-0.0049253,0.0015686,0.0023557,-0.0049235,0.0015682,0.0023662
-0.0051051,0.0007858,0.0023529,-0.0051031,0.0007858,0.0023633
-0.0050372,0.0011861,0.0023514,-0.0050353,0.0011859,0.0023618
-0.0051669,-2.69e-05,0.002351,-0.005165,-2.67e-05,0.0023613
-0.0051532,-0.0004367,0.0023554,-0.0051513,-0.0004363,0.0023657
-0.0051068,-0.0008353,0.0023555,-0.0051049,-0.0008348,0.0023658
-0.0050212,-0.0012369,0.0023532,-0.0050194,-0.0012362,0.0023636
-0.0049123,-0.0016189,0.0023519,-0.0049105,-0.0016182,0.0023622
-0.0047738,-0.0020056,0.0023593,-0.004772,-0.0020046,0.0023695
-0.0046075,-0.0023642,0.0023581,-0.0046057,-0.0023631,0.0023683
-0.0044088,-0.002734,0.0023618,-0.0044072,-0.0027327,0.0023721
-0.0041814,-0.0030709,0.0023636,-0.0041799,-0.0030696,0.0023738
-0.0039194,-0.0033922,0.002358,-0.003918,-0.0033908,0.0023683
-0.0036478,-0.0036875,0.0023601,-0.0036464,-0.0036861,0.0023703
0.0035198,-0.0014642,0.0135382,0.0035176,-0.0014636,0.0135992
0.0026904,-0.0027009,0.0135379,0.0026888,-0.0026996,0.0135988
0.0051347,0.0010258,0.0022413,0.0051329,0.0010256,0.002251
-0.0022036,0.004752,0.0022384,-0.0022027,0.0047504,0.0022481
-0.0046184,0.0023188,0.0023614,-0.0046167,0.0023182,0.0023719
-0.0017443,-0.0033913,0.0130189,-0.0017434,-0.0033895,0.0130784
0.0025826,-0.0028051,0.0132785,0.002581,-0.0028037,0.0133387
0.00504,0.0014366,0.0022391,0.0050383,0.0014363,0.0022489
0.0035666,-0.0038385,0.0022442,0.0035651,-0.0038367,0.0022537
0.0038207,0.0035587,0.0022471,0.0038193,0.0035575,0.002257
0.0008045,0.0052293,0.0021189,0.0008042,0.0052272,0.0021279
-0.0044233,0.0026803,0.0023629,-0.0044215,0.0026795,0.0023733
0.005247,-0.0008197,0.0021265,0.0052451,-0.0008193,0.0021352
0.0007346,-0.0037417,0.0132781,0.0007341,-0.0037398,0.0133383
-0.0020056,-0.0032441,0.0130188,-0.0020044,-0.0032424,0.0130783
-0.0011908,-0.0036224,0.0130188,-0.0011902,-0.0036205,0.0130783
0.0023275,0.0046155,0.0023566,0.0023266,0.004614,0.002367
-0.0010313,-0.0052563,0.0020026,-0.0010307,-0.0052537,0.0020106
0.0036702,0.0010302,0.0132794,0.003668,0.0010293,0.0133399
-0.0047829,0.0019462,0.0023568,-0.0047812,0.0019457,0.0023673
-0.0014721,-0.0035184,0.0130189,-0.0014713,-0.0035165,0.0130784
-0.0022537,-0.0030759,0.0130188,-0.0022524,-0.0030744,0.0130783
-0.0024888,-0.0028898,0.0130186,-0.0024875,-0.0028883,0.0130782
-0.0027081,-0.0026846,0.0130188,-0.0027066,-0.0026833,0.0130783
-0.0029101,-0.0024634,0.0130185,-0.0029084,-0.0024621,0.0130781
-0.0030953,-0.0022273,0.0130188,-0.0030935,-0.0022262,0.0130783
-0.0032604,-0.0019771,0.0130187,-0.0032586,-0.0019762,0.0130783
-0.0034057,-0.001715,0.013019,-0.0034037,-0.0017142,0.0130785
-0.0035295,-0.0014417,0.0130188,-0.0035275,-0.0014411,0.0130783
-0.0036329,-0.0011595,0.013019,-0.0036308,-0.0011591,0.0130786
-0.003712,-0.0008713,0.0130191,-0.0037098,-0.000871,0.0130787
-0.003769,-0.000577,0.0130191,-0.0037669,-0.0005769,0.0130787
-0.0038031,-0.0002788,0.0130191,-0.0038009,-0.0002788,0.0130788
-0.0038129,2.05e-05,0.01302,-0.0038107,2.02e-05,0.0130796
-0.0037998,0.0003197,0.01302,-0.0037976,0.0003192,0.0130797
-0.0037629,0.0006169,0.0130201,-0.0037607,0.0006163,0.0130798
-0.0037029,0.0009102,0.0130203,-0.0037008,0.0009094,0.01308
-0.0036199,0.0011984,0.0130204,-0.0036179,0.0011975,0.0130801
-0.0035147,0.0014786,0.0130203,-0.0035126,0.0014775,0.01308
-0.0033878,0.0017489,0.0130206,-0.0033859,0.0017476,0.0130804
-0.0032405,0.0020089,0.0130214,-0.0032386,0.0020075,0.0130812
-0.0030735,0.0022562,0.0130216,-0.0030718,0.0022547,0.0130815
-0.0028874,0.0024905,0.0130218,-0.0028858,0.0024889,0.0130816
-0.0026832,0.0027086,0.0130217,-0.0026817,0.0027068,0.0130815
0.003235,0.0041211,0.0022484,0.0032337,0.0041197,0.0022581
0.0041141,-0.0032362,0.0022449,0.0041124,-0.0032348,0.0022545
-0.0004383,0.003786,0.0137989,-0.0004382,0.0037836,0.0138608
0.0036672,-0.00104,0.0132789,0.003665,-0.0010396,0.0133393
-0.0009027,-0.0037055,0.0130189,-0.0009022,-0.0037035,0.0130784
0.0045508,0.002557,0.002234,0.0045492,0.0025563,0.002244
-0.0039533,0.0033448,0.0023684,-0.0039518,0.0033438,0.0023788
-0.0042055,0.0030267,0.0023731,-0.0042039,0.0030258,0.0023835
-0.0018231,0.0049054,0.00223,-0.0018223,0.0049037,0.0022397
0.0034601,-0.0016014,0.0132788,0.0034581,-0.0016007,0.0133392
0.0018552,-0.0033304,0.0132782,0.001854,-0.0033287,0.0133384
-0.00083,0.0051042,0.0023405,-0.0008296,0.0051024,0.0023508
7.9e-06,0.0038113,0.0135396,7.9e-06,0.0038089,0.0136008
0.0014636,0.0035192,0.0135398,0.0014627,0.0035169,0.013601
0.0049028,-0.0020095,0.002125,0.0049008,-0.0020086,0.002134
-0.0051517,0.0003804,0.0023513,-0.0051498,0.0003806,0.0023617
0.0015999,0.0034596,0.0132804,0.0015989,0.0034573,0.013341
0.0002181,-0.0052268,0.0022251,0.0002182,-0.0052245,0.0022346
0.0033986,0.0017264,0.0135387,0.0033966,0.0017251,0.0135999
0.001588,-0.0034665,0.0132782,0.001587,-0.0034648,0.0133384
-0.0032593,0.0040974,0.0022428,-0.0032579,0.004096,0.0022525
-0.0013077,0.0035799,0.0137988,-0.001307,0.0035777,0.0138606
0.0033655,-0.0039262,0.0023554,0.0033642,-0.0039245,0.0023657
-0.0007335,0.00374,0.0137989,-0.0007331,0.0037376,0.0138607
0.0033947,-0.0017367,0.0130197,0.0033926,-0.0017359,0.0130793
0.0003062,0.0038005,0.0130223,0.000306,0.003798,0.0130821
-0.0018404,-0.0050197,0.0020061,-0.0018394,-0.0050172,0.0020143
0.0025905,0.0027962,0.0132804,0.0025889,0.0027943,0.013341
0.0038093,-0.0001545,0.0132792,0.003807,-0.0001547,0.0133396
-0.0029039,-0.004367,0.0022458,-0.0029026,-0.0043652,0.0022553
-0.0036732,0.0036346,0.0023573,-0.0036717,0.0036334,0.0023677
0.0052265,-0.0002006,0.002236,0.0052247,-0.0002003,0.0022458
-0.0033455,-0.0039496,0.0023574,-0.0033442,-0.0039481,0.0023677
0.0017354,0.0033953,0.0130216,0.0017343,0.0033931,0.0130814
-0.002355,0.0046043,0.0023567,-0.0023541,0.0046029,0.0023672
0.0013879,0.005038,0.0022325,0.0013874,0.0050362,0.0022421
0.004773,0.0019805,0.0023521,0.0047715,0.0019801,0.0023627
0.0037437,-0.0037352,0.0021246,0.0037421,-0.0037334,0.0021334
0.0037059,-0.000896,0.0130209,0.0037036,-0.0008957,0.0130805
-0.0004229,0.0051579,0.002339,-0.0004227,0.0051561,0.0023495
0.0020153,-0.0049069,0.0021315,0.0020145,-0.0049044,0.0021404
0.002471,-0.0029045,0.0130192,0.0024695,-0.0029031,0.0130788
0.0049057,0.0015977,0.0023438,0.0049041,0.0015973,0.0023544
-0.002463,0.0029099,0.0130218,-0.0024616,0.002908,0.0130817
0.00393,0.0033592,0.0023572,0.0039286,0.0033582,0.0023677
0.0047608,-0.0021809,0.0022348,0.004759,-0.00218,0.0022445
0.0051612,0.0004111,0.0023566,0.0051595,0.0004112,0.0023671
-0.0003963,-0.0052865,0.0021078,-0.000396,-0.005284,0.0021165
0.0019609,0.0047887,0.0023544,0.0019602,0.0047872,0.0023648
0.0030874,0.0022373,0.0130215,0.0030855,0.0022358,0.0130812
0.0029023,0.0024725,0.0130215,0.0029005,0.0024708,0.0130813
0.003043,-0.0041676,0.002353,0.003042,-0.0041658,0.0023633
0.0026827,0.00442,0.0023702,0.0026817,0.0044186,0.0023808
0.0051102,0.0008182,0.0023559,0.0051085,0.0008181,0.0023663
-1.09e-05,-0.0038135,0.0130189,-1.1e-05,-0.0038114,0.0130784
-0.001446,-0.0051628,0.002006,-0.0014452,-0.0051603,0.002014
-0.0021053,0.0031783,0.0132809,-0.0021042,0.0031763,0.0133414
0.0001728,0.0052316,0.0022175,0.0001728,0.0052297,0.002227
0.003709,0.0008853,0.0130214,0.0037067,0.0008845,0.0130812
0.0025662,-0.0045545,0.0022349,0.0025653,-0.0045525,0.0022447
0.0029898,-0.0023659,0.0132786,0.002988,-0.0023647,0.0133389
-0.0012222,0.0050217,0.0023413,-0.0012216,0.00502,0.0023516
-0.0006084,-0.0037644,0.0130188,-0.0006081,-0.0037624,0.0130783
0.0051491,-0.001226,0.0021163,0.005147,-0.0012254,0.0021253
0.0035532,0.0038632,0.0022575,0.0035518,0.003862,0.0022672
0.0041924,0.0030442,0.0023645,0.0041909,0.0030434,0.002375
0.0010406,0.0036667,0.0132804,0.0010399,0.0036643,0.0133409
0.0041837,-0.0030338,0.0023513,0.0041822,-0.0030326,0.0023617
0.0004373,-0.0037878,0.013278,0.000437,-0.0037858,0.0133382
0.0019956,0.0032482,0.0130216,0.0019943,0.003246,0.0130814
0.001169,-0.0036292,0.0130191,0.0011683,-0.0036273,0.0130786
0.0038093,0.0001447,0.0132792,0.003807,0.0001443,0.0133397
0.0035782,0.0013154,0.0132794,0.003576,0.0013143,0.0133399
0.0006025,0.0037646,0.0130225,0.0006021,0.0037621,0.0130824
-0.0023732,-0.0047161,0.0021166,-0.0023721,-0.0047139,0.0021254
0.0044219,-0.0026943,0.0023574,0.0044203,-0.0026933,0.0023679
-0.0027157,0.0044026,0.0023524,-0.0027146,0.0044011,0.002363
0.0032476,-0.0019978,0.0130197,0.0032456,-0.0019969,0.0130792
0.0014231,-0.0050311,0.0022325,0.0014226,-0.0050289,0.0022421
-0.001718,0.0034021,0.0135402,-0.001717,0.0033999,0.0136014
0.0037649,-0.0006018,0.0130209,0.0037626,-0.0006016,0.0130806
0.0004108,-0.005153,0.0023456,0.0004108,-0.0051508,0.0023559
-0.0003112,-0.0038004,0.0130188,-0.000311,-0.0037984,0.0130783
0.0023634,0.0029913,0.0132805,0.0023619,0.0029893,0.013341
0.0008808,-0.0037104,0.0130192,0.0008802,-0.0037085,0.0130787
0.003767,0.000592,0.0130213,0.0037646,0.0005914,0.013081
0.0008112,-0.005107,0.002344,0.000811,-0.0051048,0.0023543
0.0022349,-0.0030897,0.0130193,0.0022335,-0.0030881,0.0130788
0.0016375,-0.0050321,0.0021185,0.0016369,-0.0050297,0.0021274
0.0036544,-0.0036474,0.002357,0.003653,-0.0036458,0.0023673
0.0012095,-0.0050328,0.00235,0.0012091,-0.0050307,0.0023605
8e-06,0.0038124,0.0130222,7.9e-06,0.0038099,0.013082
-0.0010236,0.003671,0.0137988,-0.0010231,0.0036686,0.0138607
0.0014514,-0.0035263,0.0130193,0.0014504,-0.0035244,0.0130788
-0.0019889,0.0047829,0.0023522,-0.0019881,0.0047813,0.0023627
-0.0050278,-0.0010296,0.0024776,-0.0050261,-0.001029,0.0024886
-0.0051158,-0.0002289,0.0024735,-0.0051141,-0.0002286,0.0024847
-0.0049158,-0.0014061,0.0024759,-0.004914,-0.0014054,0.0024871
-0.0047919,-0.0017844,0.002474,-0.0047902,-0.0017836,0.0024851
-0.0046448,-0.0021569,0.0024831,-0.0046431,-0.002156,0.002494
-0.0044673,-0.0025151,0.0024774,-0.0044658,-0.002514,0.0024884
-0.0042553,-0.0028694,0.0024796,-0.004254,-0.0028682,0.0024906
-0.004014,-0.0031944,0.0024739,-0.0040126,-0.0031933,0.0024849
-0.0037496,-0.0034987,0.00248,-0.0037483,-0.0034974,0.002491
0.0035751,-0.0013252,0.0132789,0.003573,-0.0013247,0.0133392
0.0014631,0.0035203,0.0130214,0.0014622,0.003518,0.0130813
0.0019857,-0.003256,0.0130194,0.0019845,-0.0032543,0.0130789
0.0046083,0.002342,0.0023541,0.0046068,0.0023414,0.0023649
-0.002132,-0.0031627,0.01276,-0.0021308,-0.0031611,0.0128188
1.04e-05,-0.0051829,0.0023443,1.04e-05,-0.0051808,0.0023545
0.0036508,0.003672,0.0023676,0.0036495,0.0036709,0.0023781
0.0002884,-0.0038026,0.0130191,0.0002882,-0.0038005,0.0130786
0.0032535,0.0019882,0.0130215,0.0032516,0.0019868,0.0130813
0.0051968,-0.0006036,0.0022353,0.005195,-0.0006033,0.002245
-0.0023743,-0.0029857,0.0127602,-0.002373,-0.0029841,0.012819
-0.004799,0.0017391,0.0024757,-0.0047972,0.0017387,0.0024871
0.0038499,-0.0035499,0.0022442,0.0038483,-0.0035483,0.0022537
-0.0026016,-0.0027893,0.0127601,-0.0026001,-0.0027879,0.0128188
-0.0046742,0.0021113,0.0024814,-0.0046725,0.0021108,0.0024927
-0.0028127,-0.0025761,0.0127599,-0.0028111,-0.0025748,0.0128187
-0.0030059,-0.0023478,0.0127598,-0.0030041,-0.0023466,0.0128186
-0.003181,-0.0021037,0.01276,-0.0031792,-0.0021027,0.0128188
-0.0033374,-0.0018474,0.0127602,-0.0033355,-0.0018465,0.0128191
-0.0034715,-0.0015792,0.0127602,-0.0034695,-0.0015785,0.0128189
-0.0035847,-0.0013019,0.0127613,-0.0035826,-0.0013013,0.0128201
-0.0036757,-0.0010156,0.0127614,-0.0036736,-0.0010152,0.0128202
-0.0037448,-0.0007243,0.0127614,-0.0037427,-0.0007241,0.0128203
-0.0037898,-0.000428,0.0127614,-0.0037876,-0.000428,0.0128202
-0.0038119,-0.0001288,0.0127614,-0.0038097,-0.0001289,0.0128203
-0.0038103,0.0001707,0.0127618,-0.0038081,0.0001703,0.0128207
-0.0037852,0.00047,0.0127618,-0.0037829,0.0004696,0.0128207
-0.0037359,0.0007653,0.0127617,-0.0037337,0.0007647,0.0128206
-0.0036647,0.0010556,0.0127615,-0.0036625,0.0010548,0.0128204
-0.0035706,0.0013398,0.0127615,-0.0035685,0.0013388,0.0128205
-0.0034545,0.0016152,0.0127628,-0.0034525,0.001614,0.0128218
-0.0033175,0.0018814,0.0127629,-0.0033156,0.0018801,0.0128219
-0.0031605,0.0021348,0.0127632,-0.0031587,0.0021334,0.0128222
-0.002983,0.002376,0.0127631,-0.0029813,0.0023743,0.0128221
-0.002788,0.0026022,0.0127631,-0.0027863,0.0026004,0.0128221
0.0030375,0.0041959,0.0023678,0.0030364,0.0041945,0.0023782
0.0039262,-0.0033526,0.0023562,0.0039247,-0.0033512,0.0023665
0.0005866,-0.0037683,0.013019,0.0005862,-0.0037664,0.0130785
-0.0002902,0.0038003,0.0135395,-0.0002901,0.0037979,0.0136008
-0.0008123,-0.005241,0.0021181,-0.0008118,-0.0052385,0.0021268
0.003628,0.0011735,0.0130215,0.0036258,0.0011726,0.0130813
-0.001048,-0.0036672,0.0127601,-0.0010474,-0.0036653,0.0128188
0.0027947,-0.002593,0.0132785,0.002793,-0.0025917,0.0133388
-0.000186,-0.0052346,0.0022272,-0.0001859,-0.0052323,0.0022367
0.0051787,1.1e-05,0.0023545,0.005177,1.12e-05,0.0023651
0.0017235,-0.0034022,0.0130194,0.0017224,-0.0034004,0.0130788
0.0013247,0.0035746,0.0132804,0.0013239,0.0035723,0.013341
0.005046,-0.0016204,0.0021225,0.005044,-0.0016196,0.0021314
-0.0018769,-0.0033209,0.0127602,-0.0018758,-0.0033191,0.012819
0.0035208,-0.0014645,0.0130198,0.0035186,-0.0014639,0.0130794
0.0026911,-0.0027015,0.0130194,0.0026895,-0.0027002,0.013079
-0.0044802,0.0024763,0.0024844,-0.0044786,0.0024757,0.0024956
-0.0050885,-0.000637,0.0024788,-0.0050867,-0.0006365,0.0024899
0.0050125,0.0012154,0.0023448,0.0050109,0.0012151,0.0023554
0.003328,0.0018587,0.0132794,0.0033259,0.0018573,0.0133399
0.0001572,0.0038108,0.0127639,0.0001571,0.0038083,0.012823
-0.002021,-0.0049109,0.0021305,-0.00202,-0.0049086,0.0021392
0.0013115,-0.0035819,0.0127605,0.0013107,-0.00358,0.0128192
0.0026992,0.0026927,0.0130215,0.0026975,0.0026909,0.0130813
0.0033247,-0.0018693,0.0127623,0.0033227,-0.0018684,0.0128211
0.0038009,-0.0003046,0.013021,0.0037986,-0.0003046,0.0130807
-0.0025272,-0.0045747,0.0022369,-0.0025261,-0.0045727,0.0022465
-0.0037797,0.003455,0.0024862,-0.0037783,0.003454,0.0024974
-0.0030281,-0.0041944,0.0023548,-0.0030268,-0.0041927,0.0023651
-0.0021632,0.0046658,0.0024771,-0.0021623,0.0046644,0.0024883
-0.0049486,0.0013748,0.0024765,-0.0049468,0.0013745,0.0024876
-0.0051358,0.0001812,0.0024726,-0.0051339,0.0001814,0.0024837
0.003625,-0.0011843,0.0130201,0.0036228,-0.0011838,0.0130797
-0.0034641,-0.0037806,0.0024809,-0.0034628,-0.0037792,0.0024919
0.0002053,-0.0051357,0.0024657,0.0002053,-0.0051337,0.0024765
0.0010262,-0.0036742,0.0127607,0.0010256,-0.0036723,0.0128193
0.0046578,0.002148,0.0024774,0.0046564,0.0021475,0.0024888
0.0015727,0.0049234,0.0023563,0.001572,0.0049218,0.0023667
-0.0013332,-0.0035741,0.0127602,-0.0013325,-0.0035722,0.012819
0.0037698,0.0034825,0.0024804,0.0037685,0.0034815,0.0024916
-0.0025756,0.0028125,0.0127632,-0.0025742,0.0028106,0.0128223
-0.0006178,0.005099,0.0024612,-0.0006175,0.0050974,0.0024723
-2.32e-05,0.0051805,0.0023368,-2.31e-05,0.0051787,0.0023472
0.0021901,-0.0047596,0.0022381,0.0021893,-0.0047575,0.0022477
0.0018103,-0.0048975,0.0022338,0.0018097,-0.0048953,0.0022434
0.0049243,-0.0017997,0.0022418,0.0049225,-0.0017988,0.0022515
-0.0022277,0.0030938,0.0130217,-0.0022264,0.0030918,0.0130815
-0.0005864,0.0037663,0.0135395,-0.0005861,0.0037639,0.0136007
0.000996,0.005141,0.0022359,0.0009956,0.0051391,0.0022456
0.0046104,-0.0023363,0.0023533,0.0046087,-0.0023354,0.0023637
0.0005743,0.0051976,0.0022267,0.0005742,0.0051957,0.0022364
0.0051351,-0.0010072,0.0022325,0.0051333,-0.0010068,0.0022423
0.0034609,-0.001603,0.0127623,0.0034587,-0.0016023,0.0128211
0.0031735,0.0021149,0.0127631,0.0031716,0.0021135,0.0128221
0.0031746,-0.0040159,0.00248,0.0031735,-0.0040142,0.0024911
0.0024821,0.0045004,0.0024896,0.0024812,0.0044991,0.0025008
-0.0018502,0.0033324,0.0132809,-0.0018492,0.0033303,0.0133415
0.0026995,-0.0044014,0.0023528,0.0026985,-0.0043995,0.0023632
0.0029971,0.002358,0.0127628,0.0029952,0.0023564,0.0128218
0.0006002,-0.0051011,0.0024663,0.0006002,-0.0050991,0.0024773
0.001597,-0.0049207,0.0023536,0.0015965,-0.0049186,0.0023639
-0.0007567,-0.0037384,0.0127603,-0.0007563,-0.0037364,0.012819
0.0030807,-0.0022472,0.0130198,0.0030788,-0.0022461,0.0130794
-0.0016096,-0.003458,0.0127603,-0.0016087,-0.0034562,0.0128191
0.003353,0.0039461,0.0023632,0.0033518,0.0039449,0.0023738
0.004022,0.0031722,0.0024793,0.0040206,0.0031714,0.0024906
0.0040185,-0.003169,0.0024798,0.004017,-0.0031677,0.002491
-0.0025174,0.0044612,0.0024744,-0.0025164,0.0044598,0.0024856
-0.0042841,0.002822,0.0024915,-0.0042826,0.0028212,0.0025026
0.004409,0.0027001,0.0023597,0.0044074,0.0026994,0.0023704
0.0022448,0.003082,0.0130215,0.0022434,0.0030799,0.0130813
0.0016007,0.0034611,0.0127628,0.0015997,0.0034589,0.0128219
0.0036718,0.0010306,0.0127626,0.0036695,0.0010298,0.0128216
0.003469,-0.0037528,0.0024797,0.0034677,-0.0037512,0.0024908
0.0037419,0.0007394,0.0127626,0.0037396,0.0007388,0.0128216
0.0038019,0.0002938,0.0130211,0.0037995,0.0002934,0.0130808
-0.0014468,0.0035262,0.0135403,-0.0014461,0.0035239,0.0136015
-0.0040378,0.0031428,0.0024874,-0.0040364,0.0031419,0.0024987
0.0021121,0.0046642,0.0024797,0.0021114,0.0046627,0.002491
-0.0001411,0.0038089,0.0132813,-0.0001411,0.0038064,0.0133419
-0.0030502,0.004179,0.0023554,-0.003049,0.0041777,0.0023659
0.0051332,0.0002046,0.0024788,0.0051317,0.0002047,0.0024901
0.0034641,0.0015916,0.0132794,0.003462,0.0015904,0.0133399
-0.0012278,-0.0051735,0.0021216,-0.0012271,-0.0051711,0.0021302
0.0008957,0.0037054,0.0130214,0.0008952,0.0037029,0.0130812
-0.0016082,0.0049156,0.0023477,-0.0016075,0.0049139,0.002358
0.0048049,0.0017681,0.002469,0.0048034,0.0017677,0.0024803
0.002584,-0.0028063,0.0127619,0.0025824,-0.0028049,0.0128207
0.0042587,-0.0028496,0.0024793,0.0042572,-0.0028485,0.0024904
-0.0051044,0.0005829,0.0024736,-0.0051026,0.000583,0.0024846
0.003669,-0.0010415,0.0127624,0.0036668,-0.0010411,0.0128213
-0.0050184,0.0009795,0.0024688,-0.0050165,0.0009793,0.00248
-0.0010154,0.0050333,0.0024665,-0.0010149,0.0050317,0.0024775
0.0037402,-0.00075,0.0127625,0.0037379,-0.0007498,0.0128213
0.0051043,0.0006067,0.0024775,0.0051028,0.0006067,0.0024887
0.0023557,-0.0030006,0.0127619,0.0023542,-0.002999,0.0128206
-0.000161,-0.0038117,0.0127606,-0.000161,-0.0038097,0.0128193
-0.0033781,0.0039184,0.0023585,-0.0033768,0.0039171,0.0023689
0.0004546,0.0037866,0.0127639,0.0004543,0.0037842,0.012823
0.001867,0.003325,0.0127629,0.0018658,0.0033228,0.012822
0.0001384,-0.0038115,0.0127605,0.0001382,-0.0038095,0.0128192
0.0010092,-0.0050353,0.0024689,0.0010089,-0.0050332,0.00248
-0.0011667,0.0036282,0.0135404,-0.0011661,0.0036259,0.0136016
0.0027961,-0.002594,0.0127621,0.0027944,-0.0025927,0.0128209
0.0031674,-0.0021245,0.0127621,0.0031655,-0.0021235,0.0128209
-0.0048186,-0.0015867,0.0026,-0.004817,-0.001586,0.0026118
0.0035759,-0.0013257,0.0127624,0.0035737,-0.0013251,0.0128212
-0.0049332,-0.0012031,0.0026023,-0.0049315,-0.0012025,0.0026141
-0.004514,-0.0023329,0.0026045,-0.0045124,-0.0023318,0.0026162
-0.0043194,-0.0026705,0.002597,-0.004318,-0.0026693,0.0026087
-0.0040971,-0.0030147,0.0025967,-0.0040958,-0.0030135,0.0026085
-0.0038586,-0.0033194,0.0026037,-0.0038573,-0.0033181,0.0026154
0.0028955,-0.0024824,0.0130198,0.0028937,-0.0024812,0.0130793
0.0021123,-0.0031758,0.0127618,0.002111,-0.0031741,0.0128206
0.0044861,0.0025214,0.0024814,0.0044847,0.0025207,0.0024927
-0.0027095,-0.0026861,0.0125025,-0.0027079,-0.0026847,0.0125605
0.0034645,0.0037599,0.0024814,0.0034632,0.0037588,0.0024927
0.0011829,0.0036243,0.0130214,0.0011822,0.0036219,0.0130812
0.0035247,0.0014547,0.0130214,0.0035226,0.0014536,0.0130812
0.0033297,0.0018597,0.012763,0.0033276,0.0018583,0.012822
-0.0017807,0.0047983,0.0024728,-0.00178,0.0047968,0.002484
0.0028462,-0.0042553,0.0024801,0.0028452,-0.0042535,0.0024913
-0.0022561,-0.0030779,0.012503,-0.0022548,-0.0030762,0.0125609
-0.0047141,0.0019218,0.0026076,-0.0047124,0.0019213,0.0026195
0.0028411,0.0042592,0.0024847,0.0028401,0.004258,0.0024959
-0.0016336,-0.0050501,0.0021218,-0.0016328,-0.0050477,0.0021305
0.002479,0.0028968,0.0130215,0.0024774,0.0028949,0.0130813
-0.0001898,-0.0051361,0.0024639,-0.0001896,-0.005134,0.0024747
-0.0030977,-0.0022279,0.0125033,-0.0030959,-0.0022268,0.0125613
-0.0032637,-0.0019773,0.0125032,-0.0032618,-0.0019763,0.0125612
-0.0034088,-0.0017149,0.0125029,-0.0034068,-0.0017141,0.0125609
-0.0035329,-0.0014415,0.0125031,-0.0035309,-0.0014409,0.0125611
-0.0036349,-0.0011601,0.012503,-0.0036329,-0.0011596,0.012561
-0.0037153,-0.0008709,0.0125032,-0.0037132,-0.0008705,0.0125613
-0.0037715,-0.0005764,0.0125034,-0.0037693,-0.0005763,0.0125615
-0.0038059,-0.000278,0.012504,-0.0038037,-0.000278,0.012562
-0.0038158,2.16e-05,0.0125036,-0.0038135,2.14e-05,0.0125617
-0.0038015,0.000321,0.0125037,-0.0037993,0.0003207,0.0125618
-0.0037655,0.0006183,0.0125037,-0.0037633,0.0006177,0.0125618
-0.0037058,0.0009118,0.0125038,-0.0037036,0.0009111,0.0125619
-0.0036226,0.0011994,0.0125051,-0.0036205,0.0011985,0.0125633
-0.0035173,0.0014799,0.0125052,-0.0035153,0.0014788,0.0125633
-0.0033899,0.0017502,0.0125047,-0.003388,0.001749,0.0125629
-0.0032427,0.0020105,0.0125049,-0.0032408,0.0020091,0.0125631
-0.0030755,0.0022579,0.0125052,-0.0030737,0.0022563,0.0125634
-0.002889,0.002491,0.0125048,-0.0028874,0.0024893,0.012563
-0.0002167,0.0051328,0.0024585,-0.0002165,0.005131,0.0024696
0.0050365,-0.001413,0.0022364,0.0050346,-0.0014124,0.0022462
-0.0005916,-0.0052088,0.0022269,-0.0005913,-0.0052065,0.0022363
-0.0050619,-0.0004302,0.0025973,-0.0050602,-0.0004298,0.0026092
0.0035799,0.001316,0.0127629,0.0035776,0.001315,0.0128219
0.0013245,0.0035763,0.0127638,0.0013236,0.0035739,0.0128229
0.0015888,-0.0034678,0.0127614,0.0015878,-0.003466,0.0128202
-0.0050167,0.0007615,0.0025866,-0.0050149,0.0007615,0.0025984
0.0051302,-0.0001934,0.0024753,0.0051286,-0.0001931,0.0024866
-0.0029129,-0.002465,0.0125027,-0.0029112,-0.0024637,0.0125607
-0.0024902,-0.0028905,0.012503,-0.0024889,-0.002889,0.012561
0.0051657,-0.0004013,0.0023557,0.0051641,-0.000401,0.0023662
-0.0020066,-0.0032449,0.0125026,-0.0020054,-0.0032431,0.0125606
-0.0045418,0.0022684,0.0025992,-0.0045402,0.0022678,0.0026112
-0.0050141,-0.0008228,0.0026016,-0.0050124,-0.0008223,0.0026134
-0.0001422,0.0038108,0.0127639,-0.0001421,0.0038083,0.012823
0.0003819,0.0051733,0.0023444,0.0003818,0.0051715,0.0023547
0.0038129,-5.4e-06,0.013021,0.0038105,-5.6e-06,0.0130807
-0.0034906,0.0037506,0.002482,-0.0034894,0.0037495,0.0024931
-0.0008795,0.0037083,0.0135394,-0.0008791,0.0037059,0.0136007
-0.0004604,-0.0037866,0.0127605,-0.0004602,-0.0037846,0.0128192
-0.004667,-0.0019602,0.0026016,-0.0046653,-0.0019593,0.0026135
0.0037547,-0.0034685,0.0024818,0.0037533,-0.003467,0.0024929
0.0017355,0.0033974,0.0125056,0.0017344,0.0033951,0.0125638
-0.0021746,-0.0047671,0.0022429,-0.0021737,-0.0047651,0.0022524
0.0026933,-0.0027033,0.0125038,0.0026916,-0.0027019,0.0125618
0.0032499,-0.0019991,0.0125041,0.003248,-0.0019981,0.0125621
-0.0003905,-0.0051655,0.0023431,-0.0003902,-0.0051633,0.0023534
0.0038655,-0.0032971,0.002605,0.0038641,-0.0032958,0.0026168
0.0017612,0.0048252,0.0024771,0.0017606,0.0048237,0.0024883
-0.0031564,-0.0040333,0.00248,-0.0031551,-0.0040318,0.002491
0.001856,-0.0033318,0.0127616,0.0018548,-0.00333,0.0128204
0.0022795,0.0045432,0.0026064,0.0022787,0.0045418,0.0026183
-0.0048418,0.0015388,0.0025975,-0.0048401,0.0015385,0.0026094
0.0036276,-0.001185,0.0125041,0.0036254,-0.0011845,0.0125622
-0.0050741,-1.93e-05,0.0025836,-0.0050724,-1.91e-05,0.0025955
-0.0035903,-0.0036181,0.0026066,-0.0035891,-0.0036168,0.0026184
0.0011835,0.0050312,0.0023535,0.0011831,0.0050293,0.0023639
0.000734,-0.0037433,0.0127605,0.0007335,-0.0037413,0.0128192
0.0013908,-0.0049311,0.0024713,0.0013904,-0.004929,0.0024824
0.00117,-0.003633,0.0125036,0.0011693,-0.003631,0.0125615
0.0014514,-0.00353,0.0125039,0.0014505,-0.0035281,0.0125618
0.0031755,0.0040366,0.0024882,0.0031744,0.0040354,0.0024994
0.0035883,0.0035837,0.0025982,0.0035871,0.0035827,0.0026103
-0.0023486,0.0030048,0.0127634,-0.0023472,0.0030028,0.0128224
-0.0026861,0.0027097,0.0125062,-0.0026846,0.0027079,0.0125644
-0.0019636,0.0047186,0.0026024,-0.0019629,0.0047172,0.0026141
0.0037872,-0.0004538,0.0127626,0.0037848,-0.0004537,0.0128214
0.0023496,-0.0046079,0.0023494,0.0023488,-0.0046059,0.0023599
0.001982,-0.0047703,0.0023554,0.0019814,-0.0047682,0.0023659
0.004782,-0.0019711,0.0023513,0.0047802,-0.0019703,0.0023619
-0.0019795,0.0032581,0.013022,-0.0019784,0.003256,0.0130818
-0.0004383,0.0037868,0.0132813,-0.0004381,0.0037843,0.0133418
0.0049338,0.0014014,0.0024733,0.0049323,0.0014011,0.0024846
0.0028027,0.0025852,0.0127626,0.002801,0.0025835,0.0128217
0.0051029,-0.0007979,0.0023479,0.0051011,-0.0007975,0.0023585
-0.0011926,-0.0036247,0.0125031,-0.001192,-0.0036227,0.012561
0.0033971,-0.0017377,0.012504,0.003395,-0.0017369,0.012562
0.0037116,0.0008859,0.0125046,0.0037093,0.0008852,0.0125627
0.0029959,-0.0041188,0.0026041,0.002995,-0.0041171,0.0026159
-0.0009043,-0.0037083,0.0125034,-0.0009038,-0.0037063,0.0125613
0.0050687,0.0004013,0.0025938,0.0050672,0.0004013,0.002606
0.0014641,0.0035225,0.0125054,0.0014632,0.0035201,0.0125637
0.0037085,-0.0008965,0.0125044,0.0037062,-0.0008962,0.0125625
0.0004376,-0.0037894,0.0127604,0.0004373,-0.0037874,0.0128191
0.0038647,0.003304,0.0026052,0.0038634,0.0033032,0.0026173
-0.0015841,0.0034676,0.0132811,-0.0015832,0.0034654,0.0133416
-0.0043372,0.0026278,0.0026071,-0.0043357,0.0026272,0.002619
0.0030897,0.0022389,0.012505,0.0030878,0.0022373,0.0125632
0.0050692,5e-06,0.0025908,0.0050676,5.2e-06,0.0026029
0.0044803,-0.002497,0.0024797,0.0044787,-0.002496,0.0024909
-0.0017453,-0.003393,0.0125028,-0.0017443,-0.0033912,0.0125607
-0.0028585,0.0042638,0.0024809,-0.0028574,0.0042624,0.0024921
0.0004027,-0.0050629,0.0025803,0.0004027,-0.0050609,0.002592
-0.0004136,0.0050446,0.0025666,-0.0004134,0.0050431,0.0025785
0.0042634,0.0028424,0.0024813,0.004262,0.0028417,0.0024926
-0.00231,0.00452,0.0025875,-0.0023091,0.0045186,0.0025994
0.0050245,0.001011,0.0024721,0.0050229,0.0010108,0.0024834
1.17e-05,-0.0050753,0.0025728,1.18e-05,-0.0050733,0.0025844
0.0033057,-0.0038686,0.0026051,0.0033046,-0.003867,0.0026169
0.0037881,0.0004431,0.0127626,0.0037858,0.0004427,0.0128216
0.002632,0.0043435,0.0026007,0.0026312,0.0043423,0.0026127
-0.0035884,0.0035698,0.0026014,-0.0035872,0.0035688,0.0026134
0.0021222,0.0031689,0.0127629,0.0021208,0.0031668,0.0128219
-0.0002902,0.0038014,0.0130222,-0.0002901,0.0037989,0.0130821
0.0036306,0.0011746,0.0125048,0.0036283,0.0011737,0.0125629
0.0032559,0.0019895,0.012505,0.0032539,0.0019881,0.0125631
0.0024719,-0.0029067,0.0125038,0.0024704,-0.0029052,0.0125617
-0.0010096,-0.0051473,0.0022283,-0.0010091,-0.0051451,0.0022377
-0.0038877,0.0033051,0.0026127,-0.0038864,0.0033042,0.0026245
-0.0050492,0.0003707,0.002579,-0.0050475,0.0003709,0.0025909
0.0046956,0.0019415,0.0025937,0.0046941,0.0019411,0.0026058
0.0007834,0.0051173,0.0023478,0.0007832,0.0051155,0.0023582
-0.0003112,-0.0038029,0.0125034,-0.0003111,-0.0038008,0.0125613
0.0041218,-0.0029915,0.0026068,0.0041203,-0.0029903,0.0026185
0.0003055,0.0038032,0.0125058,0.0003053,0.0038007,0.0125641
-0.0049345,0.0011633,0.0025904,-0.0049328,0.0011631,0.0026022
0.0045199,0.0023288,0.0025894,0.0045185,0.0023282,0.0026016
-0.0008044,0.0050029,0.0025732,-0.0008041,0.0050015,0.0025849
7.1e-06,0.0038151,0.0125058,7e-06,0.0038126,0.0125641
-1.19e-05,-0.003816,0.0125034,-1.19e-05,-0.0038139,0.0125613
-0.0026879,-0.0044216,0.0023497,-0.0026868,-0.0044198,0.00236
0.0007499,0.0037396,0.0127639,0.0007494,0.0037372,0.012823
-0.0014067,0.0049242,0.0024698,-0.0014061,0.0049227,0.0024808
-0.0006096,-0.003767,0.0125033,-0.0006093,-0.003765,0.0125612
0.0028975,-0.002484,0.0125039,0.0028957,-0.0024827,0.0125619
0.0019268,0.0047111,0.0026056,0.0019261,0.0047097,0.0026174
-0.0048157,-0.0013753,0.0027162,-0.0048141,-0.0013746,0.0027288
-0.0041628,-0.0028118,0.0027158,-0.0041615,-0.0028107,0.0027284
-0.0043706,-0.00246,0.0027207,-0.0043692,-0.002459,0.0027332
0.0029912,-0.0023667,0.012762,0.0029894,-0.0023656,0.0128208
0.0032777,0.0038654,0.0026043,0.0032767,0.0038643,0.0026164
0.0008806,-0.003713,0.0125034,0.0008801,-0.003711,0.0125613
-0.0023769,-0.002989,0.0122459,-0.0023756,-0.0029874,0.012303
0.0010402,0.0036696,0.0127639,0.0010396,0.0036672,0.012823
0.0033997,0.001727,0.0130216,0.0033977,0.0017257,0.0130813
-0.0014741,-0.0035194,0.0125031,-0.0014732,-0.0035176,0.012561
0.0037694,0.0005915,0.0125043,0.0037671,0.000591,0.0125625
0.002647,-0.0043297,0.0026016,0.0026462,-0.004328,0.0026134
0.0002885,-0.0038051,0.0125035,0.0002883,-0.0038031,0.0125614
0.0050093,0.0007933,0.0025863,0.0050079,0.0007932,0.0025984
-0.0034757,-0.0015809,0.0122465,-0.0034737,-0.0015802,0.0123036
-0.0033413,-0.0018487,0.0122461,-0.0033394,-0.0018478,0.0123033
-0.003011,-0.0023497,0.0122469,-0.0030093,-0.0023485,0.012304
-0.0013079,0.0035807,0.013281,-0.0013071,0.0035783,0.0133416
0.0007878,-0.0050038,0.0025749,0.0007877,-0.0050018,0.0025867
-0.0031858,-0.002106,0.0122461,-0.0031839,-0.002105,0.0123032
-2.93e-05,0.0050712,0.0025723,-2.92e-05,0.0050697,0.002584
-0.0035902,-0.0013025,0.0122469,-0.0035881,-0.0013019,0.012304
-0.0036813,-0.0010167,0.0122466,-0.0036791,-0.0010163,0.0123038
-0.0037498,-0.0007239,0.0122469,-0.0037476,-0.0007236,0.0123041
-0.0037942,-0.0004273,0.0122465,-0.0037921,-0.0004272,0.0123037
-0.0038164,-0.0001289,0.0122468,-0.0038142,-0.000129,0.012304
-0.0038144,0.0001721,0.0122468,-0.0038122,0.0001718,0.012304
-0.0037893,0.0004706,0.0122466,-0.0037871,0.0004702,0.0123038
-0.00374,0.0007661,0.0122476,-0.0037378,0.0007655,0.0123048
-0.0036691,0.0010568,0.012248,-0.0036669,0.001056,0.0123053
-0.0035747,0.0013414,0.012248,-0.0035727,0.0013405,0.0123053
-0.0034585,0.001617,0.0122478,-0.0034565,0.0016159,0.0123051
-0.0033213,0.0018827,0.0122476,-0.0033194,0.0018814,0.0123049
-0.0031642,0.0021374,0.0122483,-0.0031623,0.0021359,0.0123056
-0.002988,0.0023781,0.0122492,-0.0029862,0.0023764,0.0123065
0.0001824,0.0051113,0.0024533,0.0001824,0.0051097,0.0024644
-0.0015802,0.0048423,0.0025963,-0.0015796,0.0048408,0.0026081
0.0029046,0.0024744,0.0125051,0.0029028,0.0024727,0.0125633
0.0022365,-0.0030919,0.0125039,0.002235,-0.0030902,0.0125618
-0.0033166,0.0038548,0.0026031,-0.0033154,0.0038538,0.0026149
-0.0041338,0.0029744,0.0026099,-0.0041324,0.0029736,0.0026216
0.003596,-0.003595,0.0026031,0.0035947,-0.0035935,0.0026148
0.0025034,-0.0044645,0.0024758,0.0025025,-0.0044627,0.002487
0.0050446,-0.0011942,0.0023547,0.0050428,-0.0011937,0.0023653
0.0049287,-0.0015903,0.0023609,0.0049269,-0.0015895,0.0023715
-0.0028164,-0.0025796,0.0122468,-0.0028148,-0.0025782,0.0123039
0.0035234,-0.0014664,0.0125042,0.0035212,-0.0014657,0.0125622
-0.0049772,-0.0006131,0.0027175,-0.0049755,-0.0006127,0.0027301
0.005088,-0.0005945,0.0024748,0.0050863,-0.0005943,0.0024862
0.0006031,0.003767,0.0125056,0.0006027,0.0037646,0.0125639
0.0048345,0.0015773,0.002598,0.004833,0.001577,0.00261
-0.0049132,-0.0009939,0.0027213,-0.0049117,-0.0009933,0.0027339
-0.0045681,0.0020678,0.002719,-0.0045666,0.0020673,0.0027317
-0.0031809,0.0040167,0.0024779,-0.0031797,0.0040154,0.0024891
-0.0039311,-0.0031259,0.0027251,-0.0039298,-0.0031247,0.0027378
-0.0026046,-0.0027928,0.012246,-0.0026031,-0.0027913,0.012303
0.0030828,-0.0022486,0.0125037,0.0030809,-0.0022474,0.0125617
0.0019969,0.0032502,0.0125055,0.0019956,0.003248,0.0125638
-0.0021347,-0.0031663,0.0122463,-0.0021335,-0.0031646,0.0123034
0.0034659,0.0015924,0.012763,0.0034637,0.0015912,0.012822
0.0028,-0.0025984,0.0122479,0.0027983,-0.002597,0.012305
-0.0023206,-0.0046201,0.0023545,-0.0023197,-0.0046182,0.0023648
-0.0014104,-0.0050491,0.002225,-0.0014097,-0.0050469,0.0022345
0.0031769,0.0021172,0.0122476,0.0031749,0.0021157,0.0123049
0.0049834,0.0005932,0.00271,0.004982,0.0005932,0.0027229
0.0020794,0.0045747,0.0027248,0.0020787,0.0045734,0.0027374
-0.0028281,-0.0042693,0.0024765,-0.002827,-0.0042677,0.0024875
-0.0047053,-0.0017493,0.0027213,-0.0047038,-0.0017486,0.0027339
-0.0047142,0.0017066,0.0027151,-0.0047126,0.0017062,0.0027278
-0.0044094,0.0024234,0.0027249,-0.0044079,0.0024228,0.0027376
0.0037679,-0.0006021,0.0125047,0.0037655,-0.000602,0.0125628
-0.0018792,-0.0033242,0.0122467,-0.0018782,-0.0033224,0.0123038
-0.0045548,-0.0021228,0.002727,-0.0045533,-0.0021219,0.0027395
-0.0032967,-0.0038863,0.0026089,-0.0032955,-0.003885,0.0026207
0.0034096,0.0036942,0.0027245,0.0034085,0.0036932,0.0027373
0.0040973,0.0029762,0.0025968,0.004096,0.0029754,0.0026089
0.0017746,-0.0048002,0.0024737,0.001774,-0.0047981,0.0024847
0.0013135,-0.0035867,0.0122475,0.0013126,-0.0035848,0.0123046
0.0031715,-0.0021268,0.0122471,0.0031695,-0.0021257,0.0123043
0.0017249,-0.0034044,0.0125034,0.0017238,-0.0034026,0.0125614
0.0013642,0.0049483,0.0024789,0.0013637,0.0049466,0.00249
0.0029805,0.0041178,0.0026098,0.0029795,0.0041167,0.0026217
0.0036885,0.0034144,0.0027267,0.0036872,0.0034135,0.0027396
-0.0021061,0.0031789,0.0127643,-0.0021049,0.0031768,0.0128233
-0.0024656,0.002912,0.0125062,-0.0024642,0.0029101,0.0125644
0.0011838,0.0036268,0.0125058,0.0011831,0.0036244,0.012564
0.0035807,-0.0013274,0.0122483,0.0035785,-0.0013268,0.0123055
0.0038113,-0.0001554,0.0127627,0.0038089,-0.0001555,0.0128216
0.0038111,0.0001449,0.0127626,0.0038088,0.0001446,0.0128215
-0.0017184,0.0034031,0.0130219,-0.0017173,0.0034009,0.0130817
0.0025878,-0.0028101,0.0122481,0.0025862,-0.0028087,0.0123051
0.0036754,0.0010318,0.0122472,0.0036732,0.001031,0.0123045
0.0033289,-0.0018716,0.0122475,0.0033269,-0.0018707,0.0123046
0.0004539,0.0037912,0.0122501,0.0004536,0.0037887,0.0123075
-0.0050097,-0.0002174,0.0027056,-0.0050081,-0.0002171,0.0027182
0.0027898,-0.0041735,0.0027151,0.0027889,-0.0041719,0.0027277
0.0005861,-0.003771,0.0125033,0.0005857,-0.003769,0.0125612
0.0036738,-0.0010424,0.0122484,0.0036716,-0.001042,0.0123056
-0.0004619,-0.0037903,0.0122461,-0.0004617,-0.0037882,0.0123031
0.0011964,-0.0049462,0.0025943,0.001196,-0.0049442,0.0026061
0.0030015,0.0023607,0.0122478,0.0029996,0.0023591,0.0123051
0.0019861,-0.0032581,0.0125037,0.0019849,-0.0032563,0.0125616
-0.0002185,0.005011,0.0027005,-0.0002184,0.0050096,0.0027132
-0.0013347,-0.003577,0.012246,-0.0013339,-0.003575,0.012303
0.0050187,0.0002069,0.0027162,0.0050172,0.000207,0.0027292
0.0046762,-0.0021419,0.0024785,0.0046746,-0.002141,0.0024897
-0.0002914,0.003804,0.0125066,-0.0002912,0.0038015,0.0125649
-0.0036821,-0.0034422,0.0027252,-0.0036809,-0.003441,0.0027378
0.0005925,-0.0049979,0.0027052,0.0005925,-0.004996,0.0027177
0.0005751,0.0050952,0.0024647,0.000575,0.0050935,0.0024758
-0.0027922,0.0026049,0.0122495,-0.0027906,0.0026032,0.0123068
-0.0007966,-0.0051244,0.0023418,-0.0007962,-0.0051222,0.0023521
-0.0026638,0.004339,0.0026026,-0.0026628,0.0043376,0.0026145
-0.0017994,-0.0049249,0.0022364,-0.0017986,-0.0049227,0.0022458
-0.0021005,0.0045687,0.0027089,-0.0020999,0.0045675,0.0027215
0.0035273,0.0014559,0.0125049,0.0035251,0.0014548,0.0125631
0.0002019,-0.0050203,0.002701,0.000202,-0.0050185,0.0027135
0.0043273,-0.0026528,0.0025988,0.0043258,-0.0026518,0.0026107
0.0023646,0.0029929,0.0127631,0.0023631,0.0029909,0.0128221
0.0024368,0.0044,0.0027225,0.002436,0.0043989,0.0027352
-0.0049907,0.0005571,0.00271,-0.004989,0.0005572,0.0027226
-0.0034378,0.0036935,0.0027288,-0.0034366,0.0036926,0.0027414
-0.0010237,0.0036716,0.013281,-0.0010231,0.0036693,0.0133416
-0.0004395,0.0037887,0.0127638,-0.0004393,0.0037863,0.0128229
0.0034018,0.0017281,0.0125047,0.0033997,0.0017268,0.0125628
0.0050513,-0.0003967,0.0025941,0.0050497,-0.0003964,0.0026064
0.0045566,0.0021178,0.0027057,0.0045552,0.0021173,0.0027186
0.0010269,-0.0036793,0.0122476,0.0010262,-0.0036773,0.0123046
-0.0005966,0.0049749,0.0026998,-0.0005964,0.0049734,0.0027125
-0.0037141,0.0033981,0.002725,-0.0037129,0.0033973,0.0027376
0.0047117,0.0017405,0.0027146,0.0047103,0.0017401,0.0027274
0.0037464,0.0007405,0.0122477,0.0037441,0.0007399,0.012305
0.0039432,-0.0030968,0.0027157,0.0039418,-0.0030957,0.0027283
-0.0017374,0.0047097,0.0027044,-0.0017367,0.0047084,0.002717
-0.0049306,0.0009495,0.0027085,-0.0049289,0.0009494,0.0027211
-0.0003781,-0.0050624,0.0025793,-0.0003779,-0.0050604,0.002591
0.0001565,0.0038146,0.0122493,0.0001563,0.0038122,0.0123067
-0.0001622,-0.0038157,0.0122461,-0.0001622,-0.0038137,0.0123031
0.0025916,0.0027973,0.0127627,0.00259,0.0027955,0.0128217
-0.0005795,-0.0050826,0.0024551,-0.0005791,-0.0050805,0.0024662
0.0031095,-0.0039456,0.0027147,0.0031085,-0.0039441,0.0027272
0.0043376,0.0026727,0.0026052,0.0043363,0.0026721,0.0026173
-0.0007335,0.0037407,0.0132811,-0.0007331,0.0037382,0.0133417
0.0036837,-0.0034017,0.0027133,0.0036825,-0.0034004,0.0027259
-0.0011895,0.0049209,0.0025813,-0.001189,0.0049194,0.0025932
0.0018696,0.0033298,0.0122494,0.0018684,0.0033276,0.0123068
-0.0010499,-0.0036708,0.0122459,-0.0010493,-0.0036688,0.012303
0.0016031,0.003466,0.0122492,0.0016021,0.0034638,0.0123065
0.0033329,0.0018616,0.0122474,0.0033309,0.0018603,0.0123047
0.0027012,0.002695,0.0125051,0.0026996,0.0026932,0.0125633
-0.0048447,-0.0011797,0.0028504,-0.0048431,-0.0011791,0.0028637
0.0017174,0.0047174,0.0027155,0.0017169,0.0047161,0.0027281
-0.004024,-0.0029598,0.0028521,-0.0040227,-0.0029587,0.0028654
0.0008954,0.0037088,0.0125056,0.0008949,0.0037064,0.0125639
0.0031004,0.0039635,0.0027346,0.0030994,0.0039624,0.0027473
-0.0034141,-0.0017173,0.0119903,-0.0034121,-0.0017165,0.0120465
-0.0027153,-0.0026894,0.0119909,-0.0027138,-0.002688,0.012047
0.0029949,-0.0023699,0.0122473,0.0029931,-0.0023686,0.0123044
0.0034651,-0.0016047,0.0122474,0.003463,-0.0016039,0.0123045
0.005024,-0.00099,0.0024737,0.0050222,-0.0009895,0.002485
0.0021536,-0.0046531,0.0024765,0.0021529,-0.004651,0.0024877
0.0001385,-0.0038168,0.0122466,0.0001384,-0.0038148,0.0123037
0.0007502,0.0037445,0.0122496,0.0007496,0.0037421,0.0123069
-0.0049184,-0.0007887,0.0028527,-0.0049168,-0.0007882,0.002866
-0.0016124,-0.0034619,0.0122461,-0.0016115,-0.0034601,0.0123031
0.0038044,0.0002942,0.0125042,0.0038021,0.0002938,0.0125623
0.004934,0.0012018,0.0025919,0.0049325,0.0012016,0.002604
-0.0036413,-0.0011612,0.0119909,-0.0036393,-0.0011607,0.0120471
-0.0050221,0.0001734,0.0027117,-0.0050205,0.0001736,0.0027243
0.0035835,0.0013173,0.0122474,0.0035813,0.0013164,0.0123046
-0.0014471,0.0035272,0.0130219,-0.0014463,0.0035249,0.0130818
-0.0029181,-0.002468,0.011991,-0.0029164,-0.0024668,0.0120472
-0.0001431,0.0038147,0.0122494,-0.000143,0.0038122,0.0123068
0.0009815,-0.0049329,0.0027009,0.0009812,-0.004931,0.0027134
-0.0037215,-0.0008719,0.0119911,-0.0037194,-0.0008715,0.0120473
-0.003539,-0.001444,0.0119906,-0.003537,-0.0014433,0.0120469
-0.0037782,-0.0005774,0.0119916,-0.003776,-0.0005772,0.0120478
-0.0038121,-0.0002781,0.0119911,-0.0038099,-0.0002782,0.0120473
-0.0038216,2.19e-05,0.0119918,-0.0038194,2.17e-05,0.0120481
-0.0038085,0.0003213,0.0119922,-0.0038062,0.000321,0.0120485
-0.0037727,0.0006196,0.0119923,-0.0037704,0.000619,0.0120486
-0.0037125,0.0009137,0.0119931,-0.0037103,0.0009129,0.0120494
-0.0036282,0.0012012,0.0119921,-0.0036262,0.0012003,0.0120484
-0.0035237,0.0014812,0.0119929,-0.0035216,0.0014801,0.0120492
-0.0033965,0.0017533,0.0119927,-0.0033945,0.0017521,0.0120491
-0.0032485,0.0020135,0.0119934,-0.0032466,0.0020121,0.0120498
-0.0030812,0.0022621,0.0119938,-0.0030794,0.0022606,0.0120503
0.0003605,0.0050791,0.0025867,0.0003605,0.0050776,0.0025985
-0.003966,0.0030874,0.0027184,-0.0039648,0.0030866,0.002731
0.0043712,0.0024719,0.0027099,0.0043698,0.0024713,0.0027228
0.0034079,-0.0036871,0.0027141,0.0034068,-0.0036856,0.0027266
0.0049219,0.0009841,0.0027084,0.0049204,0.000984,0.0027213
0.0009746,0.0050411,0.0024762,0.0009744,0.0050394,0.0024873
0.0041896,-0.0027965,0.0027248,0.0041881,-0.0027955,0.0027373
-0.0005874,0.0037676,0.0130223,-0.0005871,0.0037651,0.0130821
-0.0042036,0.0027724,0.0027277,-0.0042022,0.0027718,0.0027402
-0.0001785,-0.0050263,0.0027031,-0.0001784,-0.0050245,0.0027156
0.0015904,-0.0034718,0.0122467,0.0015894,-0.0034699,0.0123037
-0.0029824,0.0040973,0.0025943,-0.0029812,0.0040961,0.0026062
-0.0042303,-0.0026177,0.0028437,-0.004229,-0.0026167,0.0028571
-0.0048354,0.0013388,0.002716,-0.0048338,0.0013385,0.0027287
0.0015501,0.004835,0.002591,0.0015496,0.0048336,0.0026028
-0.0007574,-0.0037417,0.0122459,-0.000757,-0.0037397,0.0123029
0.0001713,0.0050117,0.0026963,0.0001714,0.0050103,0.002709
0.0021248,0.0031722,0.0122485,0.0021234,0.0031702,0.0123058
0.0022462,0.003084,0.0125048,0.0022448,0.0030819,0.012563
0.002358,-0.0030047,0.0122479,0.0023565,-0.0030031,0.0123049
-0.0031203,0.0039489,0.0027193,-0.0031192,0.0039478,0.002732
-0.0024964,-0.0028964,0.0119913,-0.002495,-0.0028948,0.0120474
-0.0024567,0.0043962,0.0027176,-0.0024558,0.0043949,0.0027301
-0.00226,-0.0030826,0.0119907,-0.0022587,-0.0030809,0.0120468
0.0024481,-0.0043767,0.0027256,0.0024473,-0.0043749,0.0027382
-0.002487,-0.0044824,0.0024728,-0.0024861,-0.0044806,0.0024838
-0.0011904,-0.0050415,0.0023415,-0.0011898,-0.0050394,0.0023517
0.0028061,0.0025882,0.0122477,0.0028043,0.0025864,0.0123051
0.004538,-0.0022894,0.0025923,0.0045365,-0.0022886,0.0026042
-0.0047398,-0.0015528,0.0028526,-0.0047383,-0.0015521,0.0028659
0.001884,0.0046087,0.0028499,0.0018835,0.0046075,0.0028632
-0.0049709,-0.0004069,0.0028427,-0.0049692,-0.0004065,0.002856
-0.0029792,-0.0041287,0.002605,-0.002978,-0.0041272,0.0026167
-0.0004408,0.0037916,0.0122492,-0.0004405,0.0037892,0.0123066
-0.0044384,0.0022218,0.0028491,-0.0044369,0.0022213,0.0028625
0.0039396,0.003116,0.002724,0.0039384,0.0031153,0.0027369
0.0037444,-0.0007506,0.0122474,0.0037421,-0.0007504,0.0123045
-0.0020113,-0.0032507,0.0119908,-0.0020102,-0.003249,0.0120469
-0.004423,-0.0022658,0.0028519,-0.0044217,-0.0022649,0.0028652
-0.0032692,-0.0019806,0.0119907,-0.0032674,-0.0019796,0.0120469
-0.0022616,0.0044378,0.0028399,-0.0022609,0.0044365,0.0028532
0.000735,-0.0037481,0.0122471,0.0007345,-0.0037461,0.0123041
0.0029014,-0.0024883,0.0119918,0.0028996,-0.002487,0.012048
0.0006031,0.0037732,0.0119949,0.0006027,0.0037708,0.0120513
0.0027662,0.0041901,0.0027211,0.0027654,0.004189,0.0027338
0.0035145,0.0035261,0.0028559,0.0035133,0.0035252,0.0028694
-0.0006108,-0.0037741,0.0119913,-0.0006105,-0.0037721,0.0120474
-0.0018508,0.0033339,0.0127641,-0.0018498,0.0033317,0.0128232
-0.0022302,0.0030953,0.0125063,-0.002229,0.0030932,0.0125645
0.0013258,0.0035808,0.0122489,0.001325,0.0035785,0.0123062
0.005032,-0.0007989,0.0026001,0.0050303,-0.0007985,0.0026121
0.0048227,0.0013694,0.0027114,0.0048213,0.0013691,0.0027242
-0.0009809,0.0049129,0.0027069,-0.0009806,0.0049115,0.0027196
-0.0025798,0.0028152,0.0122496,-0.0025783,0.0028133,0.0123069
0.0030874,-0.0022517,0.0119915,0.0030855,-0.0022506,0.0120477
0.0015686,-0.004825,0.002596,0.0015682,-0.004823,0.0026078
0.0036335,-0.001187,0.0119928,0.0036313,-0.0011865,0.012049
0.0034693,0.0015939,0.0122471,0.0034672,0.0015927,0.0123044
-1.77e-05,0.004969,0.0028298,-1.75e-05,0.0049676,0.0028433
0.0030953,0.0022431,0.0119937,0.0030933,0.0022416,0.0120501
-0.0035337,0.0035137,0.0028445,-0.0035326,0.0035128,0.0028578
-0.001167,0.0036295,0.0130223,-0.0011663,0.0036271,0.0130821
0.0050164,-0.0001877,0.0027172,0.0050148,-0.0001875,0.0027301
0.0035297,-0.0014688,0.0119922,0.0035275,-0.0014681,0.0120484
0.0048093,-0.0017774,0.0024744,0.0048076,-0.0017766,0.0024857
-0.0034035,-0.0037137,0.0027261,-0.0034024,-0.0037124,0.0027387
-0.0037646,-0.0032556,0.0028487,-0.0037634,-0.0032545,0.002862
-0.0005877,0.0037689,0.0125065,-0.0005875,0.0037665,0.0125647
-0.0004014,0.004954,0.0028347,-0.0004012,0.0049526,0.0028482
0.004028,-0.0029223,0.0028469,0.0040266,-0.0029212,0.0028602
-0.0019056,0.0046094,0.0028416,-0.001905,0.0046082,0.002855
-0.0028947,0.0024956,0.0119936,-0.002893,0.002494,0.01205
0.0020002,0.0032569,0.0119935,0.0019989,0.0032548,0.0120499
0.0032564,-0.0020026,0.0119924,0.0032544,-0.0020016,0.0120486
0.0038035,-0.0003046,0.0125046,0.0038012,-0.0003046,0.0125627
0.000393,-0.00496,0.0028302,0.0003929,-0.0049582,0.0028434
0.0021154,-0.0031812,0.0122475,0.0021141,-0.0031794,0.0123046
-0.0019561,-0.0047903,0.0023545,-0.0019553,-0.0047884,0.0023647
0.0032618,0.0019935,0.0119938,0.0032598,0.0019922,0.0120501
0.0003056,0.00381,0.0119949,0.0003054,0.0038076,0.0120513
-0.0046011,0.0018688,0.0028488,-0.0045996,0.0018684,0.0028622
0.0022436,0.0044479,0.0028501,0.0022429,0.0044467,0.0028635
0.0037731,-0.0032282,0.0028422,0.0037718,-0.0032269,0.0028555
0.0036367,0.0011763,0.0119921,0.0036345,0.0011754,0.0120485
0.0032397,0.0037944,0.0028533,0.0032386,0.0037934,0.0028668
0.0037926,0.000444,0.0122476,0.0037903,0.0004435,0.0123049
-0.004968,0.0003618,0.0028417,-0.0049664,0.000362,0.002855
0.0017387,0.003404,0.011994,0.0017376,0.0034018,0.0120504
0.0023069,-0.0045229,0.002601,0.0023062,-0.004521,0.0026129
0.0026979,-0.0027086,0.0119923,0.0026962,-0.0027072,0.0120485
0.0011721,-0.0036386,0.0119918,0.0011714,-0.0036366,0.0120479
0.0044275,0.0022631,0.0028358,0.0044262,0.0022626,0.0028495
0.0049404,-0.0013771,0.002475,0.0049387,-0.0013764,0.0024862
0.0045826,0.0019071,0.002831,0.0045813,0.0019067,0.0028447
-0.0031035,-0.0022315,0.0119905,-0.0031017,-0.0022304,0.0120467
-0.0049271,0.0007438,0.002837,-0.0049254,0.0007438,0.0028503
-0.001371,0.0048297,0.0027072,-0.0013704,0.0048283,0.0027198
0.0037169,0.0008872,0.0119912,0.0037147,0.0008866,0.0120476
-0.0005784,-0.0050021,0.0027081,-0.0005781,-0.0050002,0.0027204
0.0014539,-0.0035357,0.0119911,0.001453,-0.0035338,0.0120473
0.0007737,-0.0049004,0.0028244,0.0007736,-0.0048986,0.0028377
-0.0003131,-0.00381,0.0119911,-0.0003129,-0.003808,0.0120473
-0.0014769,-0.003526,0.0119912,-0.0014761,-0.0035241,0.0120473
-0.0007723,-0.00502,0.0025854,-0.0007719,-0.005018,0.0025971
0.0049186,0.0007813,0.0028406,0.0049171,0.0007812,0.0028543
0.0029231,-0.0040281,0.002845,0.0029222,-0.0040265,0.0028583
-0.0032448,0.0037884,0.0028449,-0.0032437,0.0037875,0.0028582
-0.0011949,-0.0036315,0.011991,-0.0011943,-0.0036295,0.0120471
0.0025997,-0.004234,0.0028478,0.0025989,-0.0042323,0.0028611
0.000438,-0.0037943,0.0122469,0.0004377,-0.0037922,0.0123039
0.0049629,0.0003988,0.0028475,0.0049614,0.0003988,0.0028612
0.0015302,0.0047532,0.0028465,0.0015297,0.0047519,0.0028599
-0.0002924,0.0038118,0.0119945,-0.0002923,0.0038094,0.0120509
-0.0042609,0.0025683,0.002846,-0.0042595,0.0025677,0.0028594
-0.0045972,-0.0019183,0.0028495,-0.0045957,-0.0019175,0.0028628
-0.0026062,0.0042503,0.0028463,-0.0026053,0.0042491,0.0028596
-0.0008797,0.0037095,0.0130223,-0.0008792,0.0037071,0.0130821
-1.14e-05,-0.0038235,0.0119917,-1.15e-05,-0.0038215,0.0120478
0.0035092,-0.0035146,0.002843,0.0035081,-0.0035132,0.0028563
0.0018589,-0.0033375,0.0122474,0.0018577,-0.0033357,0.0123045
0.0044012,-0.0024413,0.0027155,0.0043997,-0.0024404,0.0027282
0.0047335,0.0015354,0.0028447,0.0047321,0.0015351,0.0028584
0.0048269,0.0011579,0.0028376,0.0048255,0.0011577,0.0028513
-0.002822,-0.0025842,0.0117361,-0.0028205,-0.0025829,0.0117913
-0.0048324,-0.0009846,0.0029715,-0.0048309,-0.0009841,0.0029855
-0.0017496,-0.0033991,0.0119908,-0.0017487,-0.0033973,0.0120469
0.0030006,-0.0023744,0.0117369,0.0029989,-0.0023732,0.0117921
0.0032255,-0.0037843,0.0028424,0.0032244,-0.0037828,0.0028557
-0.003484,-0.0015831,0.0117348,-0.003482,-0.0015823,0.0117901
-0.0038065,0.0032146,0.0028482,-0.0038053,0.0032139,0.0028616
0.0024805,0.0028989,0.0125048,0.002479,0.002897,0.012563
-0.0036883,-0.0010185,0.0117361,-0.0036862,-0.0010181,0.0117914
0.0029047,0.004047,0.0028521,0.0029039,0.0040459,0.0028655
-0.0049762,-2.99e-05,0.0028366,-0.0049746,-2.97e-05,0.00285
0.0037149,-0.0008984,0.0119924,0.0037127,-0.0008981,0.0120486
6.3e-06,0.0038229,0.0119948,6.2e-06,0.0038205,0.0120513
0.0013694,-0.0048366,0.0027153,0.0013691,-0.0048347,0.0027277
-0.0038025,-0.0004287,0.0117382,-0.0038003,-0.0004286,0.0117935
0.004257,-0.0025904,0.0028408,0.0042555,-0.0025894,0.0028541
-0.0038239,-0.000128,0.0117367,-0.0038218,-0.0001281,0.011792
-0.0038223,0.0001722,0.011737,-0.0038201,0.0001719,0.0117923
-0.0037974,0.0004715,0.0117376,-0.0037953,0.000471,0.0117929
-0.0037488,0.0007681,0.0117382,-0.0037466,0.0007675,0.0117935
-0.0036773,0.0010589,0.0117382,-0.0036752,0.0010582,0.0117935
-0.0035827,0.0013435,0.0117375,-0.0035807,0.0013426,0.0117929
-0.0034663,0.0016204,0.011739,-0.0034643,0.0016194,0.0117945
-0.0033295,0.0018868,0.0117395,-0.0033277,0.0018856,0.0117949
-0.0031712,0.0021412,0.0117393,-0.0031694,0.0021398,0.0117947
0.0007688,0.0050218,0.0025907,0.0007686,0.0050203,0.0026024
0.0022497,0.00309,0.0119935,0.0022483,0.0030879,0.01205
-0.0009738,-0.0050282,0.0024618,-0.0009734,-0.0050262,0.0024728
0.0037777,0.003237,0.0028562,0.0037765,0.0032363,0.0028699
-0.0015794,-0.0049432,0.0023508,-0.0015788,-0.0049411,0.002361
-0.0015848,0.0034683,0.0127645,-0.0015839,0.0034661,0.0128236
-0.0027923,0.0041901,0.00272,-0.0027913,0.0041889,0.0027326
0.00291,0.0024789,0.0119938,0.0029082,0.0024773,0.0120502
0.0041758,0.0028041,0.0027228,0.0041745,0.0028035,0.0027356
-0.0007347,0.0037425,0.0127636,-0.0007343,0.00374,0.0128226
0.0042349,0.0026045,0.0028425,0.0042336,0.002604,0.0028562
0.0008825,-0.003719,0.0119919,0.000882,-0.0037169,0.012048
-0.003597,-0.001305,0.0117358,-0.003595,-0.0013044,0.0117911
0.0034025,-0.0017405,0.0119916,0.0034004,-0.0017397,0.0120477
6.2e-06,-0.0049924,0.0028345,6.3e-06,-0.0049905,0.0028477
0.0038155,-5.3e-06,0.0125045,0.0038132,-5.5e-06,0.0125626
0.0024761,-0.0029114,0.011993,0.0024746,-0.0029099,0.0120491
-0.0037573,-0.0007257,0.0117364,-0.0037551,-0.0007254,0.0117916
-0.0003789,-0.0049642,0.0028269,-0.0003787,-0.0049624,0.00284
-0.0041009,-0.0027778,0.002974,-0.0040996,-0.0027767,0.002988
-0.0009059,-0.0037137,0.0119909,-0.0009054,-0.0037117,0.012047
0.0008968,0.0037152,0.0119944,0.0008963,0.0037129,0.0120509
0.0025954,0.0042729,0.0028544,0.0025946,0.0042718,0.0028679
0.0010415,0.0036737,0.012249,0.0010409,0.0036713,0.0123063
0.0035337,0.0014581,0.011992,0.0035315,0.001457,0.0120484
-0.0026098,-0.0027984,0.0117369,-0.0026084,-0.002797,0.011792
-0.0040525,0.0029016,0.0028457,-0.0040513,0.0029009,0.0028589
0.000362,0.0049651,0.0028327,0.000362,0.0049637,0.002846
0.0005592,0.0049901,0.0027009,0.0005591,0.0049887,0.0027135
-0.0023821,-0.0029941,0.0117366,-0.0023807,-0.0029925,0.0117917
0.0036368,0.0033655,0.0029857,0.0036356,0.0033647,0.003
0.0010287,-0.0036864,0.0117367,0.0010281,-0.0036844,0.0117919
0.0047095,-0.0019404,0.0026024,0.0047079,-0.0019396,0.0026143
-0.0005907,0.0037763,0.0119944,-0.0005904,0.0037738,0.0120508
-0.00474,0.0015113,0.0028473,-0.0047383,0.001511,0.0028608
-0.0026377,-0.0043496,0.0026003,-0.0026367,-0.004348,0.002612
-0.0021402,-0.0031734,0.0117366,-0.0021391,-0.0031716,0.0117917
-0.0043148,-0.0024349,0.0029795,-0.0043135,-0.002434,0.0029935
0.0049127,0.0005975,0.0029753,0.0049112,0.0005975,0.0029897
-0.0033491,-0.0018525,0.0117364,-0.0033473,-0.0018515,0.0117917
0.0017269,-0.0034096,0.0119915,0.0017258,-0.0034078,0.0120476
-0.0045004,0.0020316,0.0029829,-0.004499,0.0020312,0.0029971
0.0022509,-0.0044326,0.0028552,0.0022502,-0.0044308,0.0028686
-0.0019819,0.0032604,0.0125061,-0.0019808,0.0032583,0.0125644
0.0014666,0.0035284,0.0119934,0.0014657,0.0035261,0.0120498
0.0049856,-0.0005903,0.0027134,0.004984,-0.0005899,0.0027263
0.0037766,0.0005929,0.0119926,0.0037743,0.0005924,0.012049
-0.0047496,-0.0013685,0.002978,-0.0047482,-0.0013678,0.002992
-0.0049157,-0.0005984,0.0029775,-0.0049141,-0.0005979,0.0029915
0.0035921,0.0013196,0.0117381,0.0035899,0.0013187,0.0117935
-0.0023523,0.0030087,0.0122493,-0.002351,0.0030067,0.0123066
-0.0016156,-0.0034686,0.0117364,-0.0016148,-0.0034667,0.0117915
0.0030584,-0.0038892,0.0029783,0.0030574,-0.0038876,0.0029923
-0.0043233,0.0023881,0.0029813,-0.0043219,0.0023875,0.0029955
-0.0031021,-0.0039628,0.0027212,-0.003101,-0.0039614,0.0027338
0.0028048,-0.0026035,0.0117364,0.0028031,-0.0026021,0.0117917
0.0019522,-0.004688,0.0025973,0.0019516,-0.0046861,0.0026091
-0.0036442,0.0033586,0.0029766,-0.0036431,0.0033578,0.0029907
0.0034091,0.0017318,0.0119939,0.003407,0.0017306,0.0120502
0.0025946,0.0028004,0.0122484,0.002593,0.0027986,0.0123057
0.0011541,-0.0048327,0.0028262,0.0011538,-0.0048309,0.0028395
0.0036819,-0.0010445,0.0117383,0.0036796,-0.001044,0.0117936
-0.0013092,0.0035825,0.0127646,-0.0013085,0.0035801,0.0128237
0.0049625,-0.0011936,0.0026018,0.0049608,-0.0011931,0.0026137
-0.0033559,0.0036284,0.002975,-0.0033548,0.0036274,0.0029891
0.0049766,1.1e-05,0.0028492,0.004975,1.11e-05,0.0028629
-0.0049189,0.0005488,0.0029728,-0.0049172,0.0005489,0.0029869
0.0001967,-0.0049509,0.0029616,0.0001968,-0.0049491,0.0029755
-0.0035076,-0.0035401,0.0028514,-0.0035065,-0.0035389,0.0028647
-0.0007364,0.0037456,0.0122493,-0.000736,0.0037431,0.0123066
0.0041267,-0.0027481,0.0029747,0.0041253,-0.002747,0.0029887
-0.0007832,0.0049183,0.002841,-0.0007829,0.0049169,0.0028545
-0.0015406,0.0047299,0.0028379,-0.00154,0.0047286,0.0028512
0.003178,-0.0021319,0.0117378,0.0031761,-0.0021309,0.011793
-0.0026908,0.0027144,0.0119941,-0.0026893,0.0027127,0.0120505
-0.0029939,0.0023827,0.0117391,-0.0029922,0.0023812,0.0117945
-0.0049362,0.0001588,0.0029687,-0.0049346,0.000159,0.0029828
0.0037914,-0.0004542,0.0122473,0.0037891,-0.0004541,0.0123045
0.0022402,-0.0030968,0.0119921,0.0022389,-0.0030952,0.0120483
-0.0029312,0.0040342,0.0028483,-0.0029302,0.0040332,0.0028617
0.0004539,0.0037995,0.01174,0.0004536,0.0037971,0.0117955
0.0020484,0.0045048,0.0029815,0.0020478,0.0045037,0.0029957
0.0038799,-0.003066,0.0029767,0.0038786,-0.0030648,0.0029907
-0.0013387,-0.0035853,0.0117366,-0.001338,-0.0035834,0.0117918
0.0016781,0.0046413,0.0029748,0.0016777,0.0046402,0.002989
0.0033671,0.0036502,0.0029855,0.003366,0.0036492,0.0029996
0.0038158,0.0001451,0.0122475,0.0038135,0.0001449,0.0123047
-0.0002085,0.004953,0.0029666,-0.0002083,0.0049516,0.0029808
0.000584,-0.0049169,0.0029602,0.0005839,-0.0049151,0.0029741
0.0018732,0.0033371,0.0117389,0.001872,0.0033349,0.0117944
0.0021099,-0.0045598,0.0027247,0.0021093,-0.004558,0.0027373
0.0035886,-0.0013308,0.0117377,0.0035864,-0.0013302,0.011793
-0.002428,0.0043193,0.0029778,-0.0024273,0.0043181,0.0029918
-0.0030173,-0.0023546,0.0117357,-0.0030156,-0.0023534,0.0117909
-0.0020848,0.0044908,0.0029757,-0.0020841,0.0044897,0.0029898
0.0045052,0.0020821,0.0029708,0.0045037,0.0020817,0.0029851
0.0013149,-0.0035942,0.0117363,0.0013141,-0.0035923,0.0117915
0.0021299,0.0031803,0.0117397,0.0021285,0.0031782,0.0117951
0.0048512,0.0009635,0.0029748,0.0048496,0.0009634,0.0029893
-0.003862,-0.0030816,0.0029767,-0.0038608,-0.0030804,0.0029909
0.0001867,0.0049445,0.0029673,0.0001867,0.0049431,0.0029815
-0.0007598,-0.0037515,0.0117369,-0.0007594,-0.0037496,0.0117921
-0.0048506,0.0011319,0.0028401,-0.0048489,0.0011317,0.0028535
-0.0007657,-0.0049212,0.0028337,-0.0007654,-0.0049194,0.002847
-0.0004626,-0.0037993,0.0117362,-0.0004624,-0.0037973,0.0117914
-0.002118,-0.0046737,0.0024788,-0.0021171,-0.0046719,0.0024898
0.0023672,0.0029959,0.0122485,0.0023658,0.002994,0.0123058
0.0013505,0.0048448,0.0027159,0.0013501,0.0048434,0.0027286
-0.0009656,-0.0049447,0.0027115,-0.0009652,-0.0049429,0.002724
0.0011584,0.004944,0.0025977,0.001158,0.0049426,0.0026095
0.0043321,0.0024248,0.0029723,0.0043308,0.0024243,0.0029866
0.003684,0.0010343,0.0117379,0.0036818,0.0010335,0.0117933
0.0030073,0.002366,0.0117389,0.0030055,0.0023644,0.0117943
0.0027531,-0.0041099,0.0029814,0.0027522,-0.0041083,0.0029954
0.0031839,0.002122,0.0117392,0.003182,0.0021206,0.0117947
0.0002886,-0.0038123,0.0119919,0.0002883,-0.0038102,0.012048
0.0007502,0.0037524,0.0117398,0.0007497,0.00375,0.0117952
0.0033485,-0.0036363,0.0029756,0.0033474,-0.0036348,0.0029896
-0.0004428,0.0038006,0.0117414,-0.0004426,0.0037982,0.0117969
-0.0049312,-0.0002263,0.0029698,-0.0049296,-0.0002261,0.0029839
-0.0048594,0.0009221,0.0029698,-0.0048578,0.0009221,0.0029839
0.0024238,-0.0043128,0.0029808,0.002423,-0.004311,0.0029948
-0.0044856,-0.0020783,0.0029839,-0.0044842,-0.0020774,0.0029979
0.0040179,0.0029272,0.0028489,0.0040167,0.0029265,0.0028625
-0.001025,0.0036735,0.0127646,-0.0010244,0.0036711,0.0128237
0.003622,-0.003362,0.0029744,0.0036207,-0.0033607,0.0029885
-0.0046368,0.0016782,0.0029849,-0.0046353,0.0016778,0.0029991
-0.0037874,-0.0005776,0.0114838,-0.0037852,-0.0005774,0.0115381
-0.0018839,-0.0033304,0.0117357,-0.0018829,-0.0033287,0.0117908
0.0046334,0.0017119,0.0029677,0.004632,0.0017116,0.0029821
0.0047517,0.0013354,0.0029736,0.0047503,0.0013351,0.002988
-0.0001622,-0.0038245,0.0117376,-0.0001621,-0.0038225,0.0117927
-0.0037313,-0.0008732,0.0114829,-0.0037292,-0.0008729,0.0115372
0.0028127,0.0025938,0.0117392,0.0028109,0.0025922,0.0117947
-0.0011724,0.0048426,0.0028377,-0.0011719,0.0048412,0.0028511
0.0038945,0.0030734,0.0029828,0.0038933,0.0030727,0.002997
-0.0017204,0.0034062,0.0125068,-0.0017194,0.003404,0.0125651
-0.0038931,0.0030343,0.002973,-0.003892,0.0030335,0.0029872
-0.0046203,-0.0017276,0.0029742,-0.0046189,-0.0017269,0.0029881
0.0011849,0.0036334,0.0119932,0.0011841,0.003631,0.0120496
0.0030483,0.0038782,0.0029701,0.0030474,0.0038771,0.0029844
-0.0001868,-0.0049504,0.0029602,-0.0001866,-0.0049486,0.0029741
0.004835,-0.0015666,0.0025911,0.0048334,-0.0015659,0.0026031
0.0044437,-0.0022451,0.002842,0.0044422,-0.0022443,0.0028554
-0.0038332,2.17e-05,0.0114846,-0.0038309,2.16e-05,0.0115389
0.0043343,-0.0024073,0.0029735,0.0043328,-0.0024064,0.0029875
-0.0038188,0.0003229,0.0114848,-0.0038166,0.0003225,0.011539
-0.0037818,0.0006214,0.0114843,-0.0037797,0.0006209,0.0115386
-0.0037215,0.0009148,0.0114841,-0.0037194,0.0009142,0.0115385
-0.0036385,0.0012035,0.0114849,-0.0036365,0.0012026,0.0115392
-0.0035325,0.0014856,0.0114847,-0.0035306,0.0014846,0.0115391
-0.0034059,0.0017569,0.0114857,-0.003404,0.0017558,0.0115401
-0.003258,0.0020185,0.0114856,-0.0032562,0.0020172,0.01154
-0.0025031,-0.0029043,0.0114829,-0.0025017,-0.0029027,0.011537
0.0049522,0.0002124,0.0029797,0.0049507,0.0002125,0.002994
0.0045827,-0.0020911,0.0027199,0.0045812,-0.0020904,0.0027325
-0.0013638,-0.0049376,0.002465,-0.0013632,-0.0049357,0.0024761
0.0024053,0.0043187,0.0029754,0.0024046,0.0043176,0.0029897
-0.003822,-0.0002794,0.0114839,-0.0038199,-0.0002793,0.0115381
-0.0005912,0.0049225,0.0029695,-0.000591,0.004921,0.0029837
0.0025912,-0.0028154,0.0117377,0.0025897,-0.002814,0.0117928
0.0037752,-0.0006041,0.0119924,0.0037729,-0.0006039,0.0120486
-0.0027463,0.0041104,0.0029806,-0.0027453,0.0041092,0.0029947
0.0005871,-0.0037772,0.0119914,0.0005867,-0.0037752,0.0120475
0.0038151,-0.0001556,0.0122472,0.0038128,-0.0001557,0.0123044
-0.0031933,-0.0021104,0.0117368,-0.0031915,-0.0021093,0.0117921
0.0037521,-0.000752,0.0117381,0.0037499,-0.0007517,0.0117933
-0.0010526,-0.0036796,0.0117365,-0.001052,-0.0036777,0.0117917
0.0027064,0.0026997,0.0119938,0.0027047,0.0026979,0.0120502
-0.0005621,-0.0049223,0.0029651,-0.0005618,-0.0049205,0.0029791
0.0016051,0.0034738,0.0117385,0.0016041,0.0034716,0.011794
0.0001557,0.0038234,0.0117408,0.0001556,0.003821,0.0117963
0.0034771,0.0015977,0.0117393,0.0034751,0.0015966,0.0117947
-0.002723,-0.0026973,0.0114833,-0.0027214,-0.0026959,0.0115375
-0.0017436,-0.0048191,0.0024709,-0.0017429,-0.0048172,0.0024818
-0.0041229,0.0027209,0.0029785,-0.0041216,0.0027203,0.0029926
0.0007357,-0.0037554,0.011737,0.0007353,-0.0037534,0.0117921
0.0019897,-0.0032632,0.0119916,0.0019885,-0.0032615,0.0120478
0.0017482,-0.0047007,0.0027144,0.0017477,-0.0046988,0.002727
0.0020061,0.0032668,0.0114863,0.002005,0.0032648,0.0115407
-0.0022909,-0.004539,0.0025942,-0.0022901,-0.0045373,0.0026059
-0.0037417,0.0031716,0.0031022,-0.0037405,0.0031709,0.0031171
-0.0022664,-0.0030911,0.0114832,-0.0022651,-0.0030893,0.0115373
-0.0041619,-0.002591,0.0030994,-0.0041606,-0.00259,0.0031141
-0.0001445,0.0038244,0.0117414,-0.0001445,0.0038219,0.0117969
-0.0039583,-0.0029101,0.00311,-0.003957,-0.002909,0.0031249
-0.0034244,-0.0017222,0.011484,-0.0034225,-0.0017213,0.0115382
0.0015938,-0.0034795,0.0117378,0.0015928,-0.0034777,0.0117929
-0.001163,-0.0049526,0.0025907,-0.0011625,-0.0049507,0.0026025
-0.003548,-0.0014475,0.0114818,-0.003546,-0.0014468,0.0115361
-0.001754,-0.0034079,0.0114832,-0.001753,-0.003406,0.0115373
0.0045246,0.0018892,0.0030925,0.0045232,0.0018887,0.0031076
-0.0021099,0.0031832,0.01225,-0.0021087,0.0031812,0.0123073
0.0049557,-0.0003852,0.0028409,0.0049541,-0.000385,0.0028545
0.0038108,0.0002951,0.0119917,0.0038085,0.0002948,0.012048
0.0009673,-0.004846,0.0029609,0.0009671,-0.0048442,0.0029748
-0.0048431,-0.0007811,0.003103,-0.0048415,-0.0007807,0.0031179
0.0029177,0.0024855,0.0114856,0.0029159,0.0024839,0.01154
0.0037183,0.0031725,0.0030978,0.0037171,0.0031718,0.0031128
-0.0014489,0.0035288,0.0125066,-0.0014481,0.0035265,0.0125648
0.0001384,-0.0038255,0.0117374,0.0001383,-0.0038234,0.0117925
0.003104,0.0022491,0.0114849,0.0031021,0.0022476,0.0115394
-0.0007391,0.0037544,0.0117409,-0.0007387,0.003752,0.0117965
0.0008844,-0.0037296,0.0114839,0.0008839,-0.0037276,0.011538
-0.0027797,-0.0041979,0.0027193,-0.0027787,-0.0041964,0.0027317
0.0015334,-0.0047231,0.0028379,0.0015331,-0.0047213,0.0028512
0.0048884,0.0003991,0.0031023,0.0048869,0.0003991,0.0031174
0.0033409,0.001866,0.0117394,0.0033389,0.0018648,0.0117948
-2e-07,-0.0048988,0.003082,-1e-07,-0.0048971,0.0030967
-0.0009573,-0.0048388,0.0029584,-0.0009569,-0.004837,0.0029723
0.0049224,-0.0009749,0.0027061,0.0049208,-0.0009744,0.0027188
-0.0034823,0.003464,0.0031079,-0.0034812,0.0034632,0.0031227
-0.0032193,-0.0037967,0.0028483,-0.0032182,-0.0037954,0.0028616
-0.0003971,0.0048785,0.0030908,-0.0003969,0.0048771,0.0031057
0.0029113,-0.0024959,0.0114848,0.0029095,-0.0024946,0.0115389
-0.000884,0.0037192,0.0119942,-0.0008835,0.0037168,0.0120506
0.0041887,-0.0025572,0.0030973,0.0041873,-0.0025562,0.003112
-0.0017023,0.0046473,0.0029755,-0.0017017,0.0046461,0.0029896
0.0030969,-0.0022584,0.0114836,0.0030951,-0.0022572,0.0115378
-0.0024714,0.0029168,0.0119944,-0.00247,0.0029148,0.0120509
-0.0027993,0.0026091,0.0117389,-0.0027977,0.0026074,0.0117944
-0.0030895,0.0022668,0.0114856,-0.0030878,0.0022653,0.01154
0.0043605,0.0022297,0.0030898,0.0043592,0.0022293,0.0031049
-0.0048521,0.0007338,0.0031046,-0.0048506,0.0007339,0.0031193
-0.0025746,0.0041827,0.003115,-0.0025738,0.0041816,0.0031298
0.0039658,-0.0028748,0.0030971,0.0039645,-0.0028737,0.0031118
0.0022059,0.0043803,0.0031048,0.0022053,0.0043792,0.0031197
-0.0030698,0.0038823,0.00298,-0.0030688,0.0038813,0.0029941
0.0034601,0.0034657,0.0030999,0.003459,0.0034648,0.0031148
0.0031763,-0.0037276,0.0031034,0.0031753,-0.0037261,0.0031182
0.0017435,0.0034136,0.0114862,0.0017424,0.0034114,0.0115406
-0.004548,0.0018452,0.0031167,-0.0045466,0.0018448,0.0031316
0.0020708,-0.004507,0.0029833,0.0020701,-0.0045052,0.0029972
-0.0047613,0.0013067,0.0029723,-0.0047597,0.0013065,0.0029865
0.00412,0.0027573,0.0029767,0.0041187,0.0027567,0.002991
-0.0014807,-0.0035362,0.0114833,-0.0014798,-0.0035343,0.0115375
0.0013256,0.004773,0.0029725,0.0013253,0.0047717,0.0029865
0.0033356,-0.0018763,0.011737,0.0033335,-0.0018754,0.0117922
0.0023625,-0.00301,0.0117374,0.0023611,-0.0030084,0.0117925
0.0037543,0.0007413,0.0117383,0.003752,0.0007408,0.0117936
-0.0008812,0.0037119,0.0125065,-0.0008807,0.0037095,0.0125648
0.0003846,-0.0048838,0.0030858,0.0003846,-0.004882,0.0031004
-0.000908,-0.0037241,0.011483,-0.0009075,-0.0037221,0.0115372
0.0048481,0.0007738,0.0031093,0.0048465,0.0007737,0.0031244
0.0034729,-0.0016082,0.0117377,0.0034708,-0.0016075,0.0117929
0.0037254,-0.0009003,0.0114855,0.0037231,-0.0008999,0.0115397
0.0036446,-0.0011898,0.0114862,0.0036424,-0.0011892,0.0115404
-0.0029263,-0.0024747,0.0114831,-0.0029246,-0.0024735,0.0115373
-0.0036511,-0.0011642,0.0114829,-0.0036491,-0.0011636,0.0115371
-0.0022441,0.0043683,0.0031082,-0.0022434,0.0043672,0.0031231
-0.0043825,0.0021913,0.0031108,-0.0043811,0.0021909,0.0031257
0.0036481,0.0011803,0.0114868,0.003646,0.0011794,0.0115412
-0.0036158,-0.0033803,0.0029859,-0.0036146,-0.0033791,0.0030001
0.002373,0.0030032,0.0117391,0.0023715,0.0030012,0.0117946
-0.0048884,0.0003577,0.0030996,-0.0048869,0.0003579,0.0031144
-0.0047593,-0.0011696,0.0031022,-0.0047578,-0.001169,0.003117
-2.34e-05,0.004915,0.0030925,-2.33e-05,0.0049136,0.0031074
0.0035429,0.0014627,0.0114846,0.0035407,0.0014617,0.0115391
0.0027404,0.0041326,0.0029856,0.0027397,0.0041315,0.0029998
0.0011742,-0.0036495,0.0114837,0.0011734,-0.0036475,0.0115377
0.0003045,0.003821,0.0114879,0.0003044,0.0038186,0.0115423
0.0005636,0.0049213,0.0029688,0.0005634,0.0049199,0.002983
-0.0011595,-0.0048554,0.0028301,-0.001159,-0.0048536,0.0028433
0.000953,0.0049316,0.0027144,0.0009528,0.0049302,0.0027268
0.0028707,-0.0039702,0.0031104,0.0028698,-0.0039687,0.0031251
0.0007441,0.0049258,0.0028354,0.0007439,0.0049244,0.0028488
0.0024858,0.0029044,0.0119936,0.0024842,0.0029025,0.0120501
0.0018476,0.0045375,0.003106,0.0018471,0.0045363,0.003121
0.0010425,0.0036827,0.0117406,0.0010419,0.0036803,0.0117961
0.0006035,0.0037854,0.0114879,0.0006032,0.003783,0.0115423
0.0011485,0.0048444,0.0028393,0.0011482,0.0048431,0.0028527
0.0019002,-0.0045942,0.0028502,0.0018997,-0.0045923,0.0028635
-0.0006134,-0.0037845,0.011483,-0.0006132,-0.0037825,0.0115372
-0.0039838,0.0028577,0.0031109,-0.0039826,0.002857,0.0031258
0.0025513,-0.0041741,0.0031057,0.0025505,-0.0041725,0.0031204
-0.0032775,-0.0019855,0.0114843,-0.0032757,-0.0019845,0.0115384
-0.0043578,-0.0022445,0.0031059,-0.0043565,-0.0022435,0.0031208
-0.0018535,0.0033379,0.0122495,-0.0018525,0.0033358,0.0123069
-0.0020178,-0.0032603,0.0114842,-0.0020167,-0.0032585,0.0115383
-0.0047766,0.0011031,0.0031035,-0.004775,0.001103,0.0031184
0.0046574,0.0015179,0.0031013,0.0046559,0.0015176,0.0031165
-0.0013449,0.0047681,0.0029733,-0.0013444,0.0047667,0.0029873
-0.0037718,-0.0007275,0.0112332,-0.0037696,-0.0007272,0.0112863
0.0027139,0.0027071,0.0114859,0.0027122,0.0027053,0.0115404
0.0039607,0.0028832,0.003099,0.0039595,0.0028826,0.0031139
-0.000974,0.0048514,0.0029707,-0.0009736,0.0048501,0.0029848
0.0013278,0.0035882,0.0117392,0.001327,0.0035859,0.0117946
-0.000593,0.0037857,0.011487,-0.0005927,0.0037834,0.0115416
-0.004187,0.0025227,0.0031079,-0.0041857,0.0025221,0.0031229
0.000589,-0.0037875,0.0114834,0.0005886,-0.0037855,0.0115374
0.0038105,-0.0003053,0.0119921,0.0038081,-0.0003053,0.0120483
-0.0003757,-0.00488,0.0030857,-0.0003755,-0.0048783,0.0031005
0.0049015,4.1e-06,0.0031001,0.0048999,4.3e-06,0.0031151
0.0003666,0.0048951,0.0031,0.0003665,0.0048937,0.0031149
0.0009397,0.0048463,0.002961,0.0009395,0.004845,0.0029751
0.0045092,-0.0020599,0.0029761,0.0045077,-0.0020592,0.0029902
-0.0011685,0.0036317,0.0125062,-0.0011678,0.0036293,0.0125645
-0.0038118,0.0004734,0.0112326,-0.0038096,0.0004729,0.0112858
-0.0007723,0.0048367,0.0030926,-0.000772,0.0048354,0.0031075
0.0043672,-0.0022151,0.0030963,0.0043657,-0.0022143,0.003111
-0.0037644,0.0007698,0.0112334,-0.0037622,0.0007692,0.0112866
0.0027045,-0.0027172,0.0114835,0.0027029,-0.0027158,0.0115377
-0.0036921,0.0010623,0.0112347,-0.00369,0.0010615,0.0112879
-0.0035968,0.0013486,0.0112353,-0.0035948,0.0013477,0.0112886
-0.0034804,0.0016264,0.0112348,-0.0034784,0.0016253,0.0112881
-0.0033424,0.0018931,0.0112356,-0.0033405,0.0018919,0.0112889
0.0049467,-0.0001827,0.0029747,0.0049451,-0.0001825,0.002989
-0.0028843,0.0039545,0.0031075,-0.0028834,0.0039535,0.0031223
-0.0037031,-0.001022,0.0112325,-0.003701,-0.0010215,0.0112857
0.002217,-0.0043711,0.0030997,0.0022164,-0.0043694,0.0031144
-0.003836,0.0001731,0.0112328,-0.0038338,0.0001729,0.0112861
0.0034721,-0.0034631,0.003105,0.003471,-0.0034618,0.0031197
-0.0046847,0.00147,0.0031109,-0.0046832,0.0014697,0.0031258
-0.003838,-0.0001289,0.0112322,-0.0038357,-0.000129,0.0112854
0.0037847,-0.0006056,0.0114854,0.0037824,-0.0006054,0.0115396
-0.0026217,-0.0028082,0.0112333,-0.0026202,-0.0028067,0.0112864
-0.0011979,-0.0036416,0.0114839,-0.0011972,-0.0036396,0.0115381
0.0025446,0.0041922,0.0031091,0.0025438,0.0041911,0.0031241
0.0037285,0.0008903,0.0114847,0.0037262,0.0008895,0.0115391
0.0014783,0.0046767,0.0031079,0.0014779,0.0046756,0.0031227
-0.0003126,-0.0038208,0.0114839,-0.0003125,-0.0038189,0.011538
0.0037994,-0.0004551,0.0117387,0.0037971,-0.000455,0.011794
0.0004383,-0.0038023,0.011737,0.000438,-0.0038003,0.0117922
0.0022558,0.0030987,0.0114859,0.0022545,0.0030967,0.0115404
-0.0038161,-0.0004294,0.011232,-0.0038139,-0.0004293,0.0112852
-0.0048967,-0.0004083,0.0031075,-0.0048951,-0.0004079,0.0031223
-0.0007519,-0.0048335,0.0030846,-0.0007516,-0.0048318,0.0030993
0.0031835,0.0037257,0.0031009,0.0031825,0.0037248,0.0031159
5e-06,0.0038324,0.0114879,5e-06,0.0038301,0.0115424
-0.0024427,-0.0043961,0.0027181,-0.0024419,-0.0043945,0.0027305
-0.0037252,-0.0032062,0.0031162,-0.003724,-0.0032051,0.0031309
-0.0049078,-2.98e-05,0.0031014,-0.0049063,-2.96e-05,0.0031161
-0.0033604,-0.0018584,0.0112322,-0.0033586,-0.0018575,0.0112853
-0.0011347,-0.0047596,0.0030963,-0.0011342,-0.0047579,0.003111
-0.00423,-0.0023969,0.0032365,-0.0042287,-0.002396,0.003252
-0.0015871,0.003472,0.012249,-0.0015862,0.0034698,0.0123064
-0.0016221,-0.0034827,0.0112333,-0.0016213,-0.0034808,0.0112864
-0.0002957,0.003821,0.0114877,-0.0002955,0.0038187,0.0115422
0.0014588,-0.003546,0.0114846,0.0014579,-0.003544,0.0115387
0.0038114,0.0030113,0.0032403,0.0038102,0.0030106,0.003256
0.0007558,-0.0048242,0.0030824,0.0007557,-0.0048225,0.0030971
0.0018625,-0.0033432,0.0117364,0.0018614,-0.0033414,0.0117915
-0.0013673,-0.0048501,0.0027053,-0.0013667,-0.0048483,0.0027177
0.0037326,-0.0031832,0.0031027,0.0037314,-0.003182,0.0031175
0.002815,-0.0026124,0.0112333,0.0028133,-0.0026111,0.0112864
0.0045579,0.0016957,0.0032295,0.0045564,0.0016953,0.0032454
-0.004772,0.000913,0.0032395,-0.0047705,0.000913,0.0032552
0.0028239,0.002606,0.0112361,0.0028222,0.0026043,0.0112894
0.0021185,-0.0031869,0.0117369,0.0021172,-0.0031852,0.0117921
-0.0018912,-0.0033428,0.0112336,-0.0018902,-0.003341,0.0112866
-0.0048137,-0.000591,0.003233,-0.0048122,-0.0005906,0.0032485
-0.0040351,-0.0027197,0.0032404,-0.0040338,-0.0027187,0.0032559
0.0038233,-5.1e-06,0.011993,0.0038209,-5.3e-06,0.0120493
0.0013338,-0.0047606,0.0029639,0.0013335,-0.0047589,0.0029778
0.0049067,-0.0007712,0.002837,0.0049051,-0.0007708,0.0028505
0.0040567,-0.0027047,0.0032364,0.0040553,-0.0027037,0.0032518
-1.21e-05,-0.0038332,0.0114836,-1.2e-05,-0.0038312,0.0115377
0.0032709,0.0019987,0.0114857,0.0032689,0.0019974,0.0115401
-0.0029127,-0.0040434,0.0028451,-0.0029116,-0.004042,0.0028583
-0.000187,-0.0048596,0.003226,-0.0001869,-0.0048579,0.0032415
-0.0008876,0.0037283,0.0114884,-0.0008872,0.0037261,0.0115428
0.0035402,-0.001473,0.0114865,0.0035381,-0.0014723,0.0115406
-0.004516,-0.0018933,0.0031118,-0.0045146,-0.0018926,0.0031267
0.0048723,0.0001976,0.0032396,0.0048708,0.0001977,0.0032554
0.0007363,0.0048426,0.0030927,0.0007361,0.0048412,0.0031077
0.0047545,0.0011356,0.0031012,0.004753,0.0011354,0.0031164
0.0048538,-0.0013626,0.0027142,0.0048522,-0.001362,0.0027268
0.0021365,0.003192,0.0112362,0.0021352,0.0031899,0.0112896
-0.003581,0.0032818,0.0032355,-0.00358,0.003281,0.0032511
0.0045948,-0.0018896,0.0028437,0.0045934,-0.0018889,0.0028571
-0.0031122,-0.002237,0.0114823,-0.0031105,-0.0022359,0.0115365
0.0018802,0.0033514,0.011236,0.001879,0.0033493,0.0112894
-0.0005799,0.0048235,0.0032296,-0.0005796,0.0048222,0.0032453
-0.002586,0.0028195,0.0117407,-0.0025845,0.0028178,0.0117961
0.0024832,-0.0029208,0.0114834,0.0024817,-0.0029192,0.0115376
0.0030115,-0.0023844,0.0112327,0.0030097,-0.0023831,0.0112858
-0.0022355,0.0031014,0.0119948,-0.0022343,0.0030994,0.0120512
-0.0029022,0.0025009,0.0114857,-0.0029006,0.0024993,0.0115401
-0.0031842,0.0021483,0.0112345,-0.0031824,0.002147,0.0112879
-0.002832,-0.0025932,0.0112317,-0.0028305,-0.0025919,0.0112848
0.004172,0.0025604,0.0030899,0.0041708,0.0025598,0.0031049
-0.001914,-0.0046922,0.0025889,-0.0019132,-0.0046904,0.0026007
-0.0047568,-0.0009655,0.0032341,-0.0047554,-0.000965,0.0032497
0.0047227,-0.0017304,0.0027177,0.0047212,-0.0017297,0.0027304
-0.0018773,0.0045322,0.0030978,-0.0018767,0.0045311,0.0031126
-0.0031983,0.003728,0.0031141,-0.0031973,0.003727,0.003129
0.0008984,0.0037264,0.0114866,0.0008978,0.0037239,0.0115411
-0.0036113,-0.0013098,0.0112322,-0.0036092,-0.0013091,0.0112854
0.0020139,0.004425,0.00324,0.0020133,0.004424,0.0032557
-0.000204,0.004858,0.0032293,-0.0002038,0.0048566,0.0032449
0.0044052,0.0020444,0.0032289,0.0044039,0.002044,0.0032448
0.0037657,-0.0007548,0.0112334,0.0037635,-0.0007545,0.0112866
0.0014705,0.0035415,0.0114883,0.0014696,0.0035393,0.0115427
0.0042527,-0.0023711,0.0032365,0.0042513,-0.0023702,0.003252
0.0032647,-0.0020093,0.0114834,0.0032628,-0.0020083,0.0115377
-0.0023924,-0.0030064,0.0112331,-0.002391,-0.0030048,0.0112862
-0.0010569,-0.0036939,0.0112332,-0.0010564,-0.003692,0.0112863
0.0038003,0.0004449,0.0117382,0.0037981,0.0004444,0.0117935
-0.0010271,0.0036776,0.0122492,-0.0010265,0.0036752,0.0123065
0.0023516,0.004256,0.0032415,0.002351,0.0042549,0.0032572
0.0048265,0.0005848,0.0032388,0.004825,0.0005847,0.0032547
0.0001883,-0.0048549,0.0032216,0.0001884,-0.0048532,0.0032369
0.003695,-0.0010482,0.0112336,0.0036928,-0.0010477,0.0112868
-0.0033435,-0.0036518,0.0029839,-0.0033423,-0.0036506,0.002998
0.0035531,0.0032926,0.0032316,0.003552,0.0032919,0.0032473
-0.0023824,0.0042374,0.0032436,-0.0023816,0.0042363,0.0032592
-0.0044307,0.001995,0.0032423,-0.0044293,0.0019945,0.003258
0.0011199,0.004783,0.0030979,0.0011196,0.0047818,0.0031128
-0.0010308,0.003685,0.0117407,-0.0010302,0.0036826,0.0117962
-0.001558,-0.0048554,0.002594,-0.0015573,-0.0048535,0.0026056
-0.0048257,0.0005411,0.0032352,-0.0048242,0.0005413,0.0032508
0.0024935,0.0029131,0.0114875,0.002492,0.0029113,0.0115419
0.0036062,0.0013239,0.0112352,0.003604,0.001323,0.0112885
0.0026008,0.0028067,0.0117396,0.0025992,0.0028049,0.0117951
0.0034175,0.0017361,0.0114857,0.0034154,0.001735,0.0115401
0.0036982,0.0010384,0.0112347,0.003696,0.0010376,0.011288
-0.001331,-0.0047626,0.0029652,-0.0013304,-0.0047609,0.0029791
0.0010325,-0.003701,0.011233,0.0010319,-0.0036989,0.011286
-0.0046511,-0.0015345,0.0031065,-0.0046497,-0.0015338,0.0031213
0.0028662,0.0039763,0.0031028,0.0028654,0.0039752,0.0031179
0.0030076,-0.003821,0.0032415,0.0030067,-0.0038195,0.003257
-0.0038334,0.0029949,0.0032392,-0.0038323,0.0029942,0.0032549
-0.0045682,0.0016383,0.0032352,-0.0045668,0.001638,0.0032508
0.0033014,-0.0035706,0.0032363,0.0033003,-0.0035693,0.0032517
-0.000763,-0.0037657,0.0112338,-0.0007626,-0.0037637,0.0112868
0.0030189,0.0023757,0.0112347,0.003017,0.0023742,0.0112881
0.000455,0.0038132,0.0112364,0.0004547,0.0038108,0.0112898
0.0018648,-0.0045273,0.0030963,0.0018644,-0.0045256,0.0031109
0.0001546,0.0038369,0.0112356,0.0001545,0.0038345,0.011289
-0.0026999,0.0040283,0.0032413,-0.0026991,0.0040273,0.0032569
-0.0034961,-0.0015892,0.0112316,-0.0034942,-0.0015884,0.0112848
0.0017133,-0.0046428,0.0029743,0.0017129,-0.0046411,0.0029882
0.0007385,-0.0037699,0.0112318,0.000738,-0.0037677,0.0112848
0.0027005,-0.0040535,0.0032488,0.0026996,-0.004052,0.0032643
-0.0009346,-0.004763,0.0032249,-0.0009342,-0.0047612,0.0032404
0.0013201,-0.0036071,0.0112333,0.0013193,-0.0036051,0.0112863
-0.0044117,-0.0020567,0.0032452,-0.0044104,-0.0020559,0.0032608
-0.0048413,-0.0002179,0.0032314,-0.0048398,-0.0002176,0.0032469
-0.0021487,-0.0031851,0.0112338,-0.0021475,-0.0031834,0.0112869
-0.0020387,0.0044194,0.0032336,-0.0020381,0.0044182,0.0032492
0.0026017,-0.0028265,0.011233,0.0026001,-0.002825,0.0112861
0.0046783,0.0013254,0.0032373,0.0046768,0.0013251,0.0032532
0.0026093,0.0028175,0.0112351,0.0026077,0.0028157,0.0112884
-0.0015138,0.0046685,0.0031071,-0.0015132,0.0046672,0.0031219
0.0011879,0.0036444,0.0114869,0.0011871,0.003642,0.0115414
-0.0011522,0.0047652,0.0031014,-0.0011518,0.0047639,0.0031163
0.0001679,0.0048545,0.0032238,0.0001679,0.0048532,0.0032395
0.0002894,-0.0038222,0.0114831,0.0002893,-0.0038201,0.0115372
-0.000744,0.0037683,0.0112361,-0.0007436,0.0037659,0.0112895
-0.0046822,0.001277,0.003237,-0.0046806,0.0012768,0.0032527
0.0038333,-0.0030124,0.0032387,0.003832,-0.0030113,0.0032542
-0.0005665,-0.0048288,0.0032266,-0.0005662,-0.004827,0.0032421
-0.0033111,0.0035496,0.0032378,-0.0033101,0.0035488,0.0032534
-0.0009506,0.004773,0.0032352,-0.0009502,0.0047717,0.0032508
0.0045309,-0.001876,0.0031037,0.0045295,-0.0018753,0.0031186
-0.0036546,0.0012087,0.0109872,-0.0036526,0.0012079,0.0110393
-0.0035481,0.0014909,0.0109862,-0.0035462,0.0014899,0.0110384
-0.0034223,0.0017646,0.0109865,-0.0034203,0.0017634,0.0110387
-0.0013436,-0.0035996,0.011233,-0.001343,-0.0035976,0.0112861
-0.0019867,0.0032656,0.0119952,-0.0019855,0.0032635,0.0120516
-0.0038513,2.26e-05,0.0109847,-0.0038491,2.25e-05,0.0110369
-0.0037485,-0.0008767,0.0109845,-0.0037464,-0.0008763,0.0110366
0.0023642,-0.004238,0.0032368,0.0023634,-0.0042364,0.0032523
-0.0038364,0.0003239,0.0109849,-0.0038341,0.0003236,0.0110371
0.0016544,0.0045639,0.0032404,0.001654,0.0045627,0.0032562
-0.0032046,-0.0021162,0.0112321,-0.0032028,-0.0021152,0.0112852
-0.0038002,0.0006233,0.0109854,-0.003798,0.0006228,0.0110376
0.0048544,-0.0001879,0.0032368,0.0048529,-0.0001876,0.0032526
0.0034138,-0.0017469,0.0114855,0.0034117,-0.001746,0.0115397
0.0037874,0.0005943,0.0114842,0.0037851,0.0005938,0.0115386
0.0040356,0.0027016,0.0032316,0.0040344,0.002701,0.0032474
0.0032913,0.0035691,0.0032379,0.0032902,0.0035682,0.0032536
-0.0042624,0.0023366,0.003246,-0.004261,0.0023361,0.0032616
0.0012891,0.0047014,0.0032418,0.0012888,0.0047003,0.0032575
-0.0004638,-0.0038122,0.0112323,-0.0004635,-0.0038102,0.0112853
-0.0037401,0.0009192,0.0109869,-0.0037379,0.0009185,0.011039
0.0035824,-0.0033072,0.0032415,0.0035812,-0.0033059,0.0032569
0.0034899,0.0016041,0.0112334,0.0034878,0.0016031,0.0112867
0.0020224,-0.0044107,0.0032351,0.0020218,-0.004409,0.0032505
0.0007519,0.0037666,0.0112357,0.0007514,0.0037642,0.0112891
0.0038132,-0.0004579,0.0112338,0.0038109,-0.0004577,0.011287
0.0023803,0.0030138,0.0112354,0.0023789,0.0030119,0.0112888
-0.0034597,-0.0034878,0.0031169,-0.0034586,-0.0034866,0.0031317
-0.0042857,-0.0022031,0.0033761,-0.0042845,-0.0022023,0.0033924
-0.0048027,-0.0004044,0.0033765,-0.0048013,-0.000404,0.0033929
-0.0017249,0.0034111,0.011995,-0.0017239,0.0034089,0.0120514
-0.0004459,0.0038145,0.0112359,-0.0004457,0.0038122,0.0112893
0.0005655,-0.0048225,0.003224,0.0005654,-0.0048207,0.0032394
0.0017318,-0.0034199,0.0114837,0.0017307,-0.003418,0.0115378
-0.0015287,-0.0047457,0.0028355,-0.001528,-0.004744,0.0028486
0.0046041,0.001503,0.0033743,0.0046024,0.0015026,0.0033909
-0.0030075,0.0023916,0.0112364,-0.0030058,0.00239,0.0112897
0.0027257,0.0027193,0.0109864,0.002724,0.0027176,0.0110386
0.0005518,0.0048257,0.0032322,0.0005517,0.0048244,0.0032478
0.0022458,-0.0031056,0.0114837,0.0022444,-0.0031039,0.0115378
-0.0021867,0.0042946,0.0033757,-0.002186,0.0042935,0.003392
-0.0041125,-0.0025399,0.0033819,-0.0041112,-0.002539,0.0033982
-0.0010362,0.0036983,0.011237,-0.0010356,0.003696,0.0112904
-0.0001642,-0.0038384,0.0112327,-0.0001641,-0.0038364,0.0112857
0.0049121,-0.0005614,0.0029714,0.0049105,-0.0005611,0.0029856
0.0037689,0.0007438,0.0112339,0.0037667,0.0007432,0.0112872
-0.0012045,-0.0036585,0.0109835,-0.0012039,-0.0036565,0.0110355
0.0038241,-0.0001557,0.0117395,0.0038218,-0.0001558,0.0117948
-0.0025897,-0.004255,0.0028451,-0.0025888,-0.0042535,0.0028583
-0.004056,0.0026694,0.0032436,-0.0040547,0.0026688,0.0032593
-0.0047141,0.0010916,0.0033818,-0.0047125,0.0010914,0.0033982
0.0037445,-0.0009049,0.0109858,0.0037422,-0.0009045,0.011038
0.0036015,-0.0013357,0.0112347,0.0035994,-0.001335,0.0112879
2.7e-06,-0.0048237,0.0033664,2.8e-06,-0.004822,0.0033828
-0.0030366,-0.0038957,0.0029747,-0.0030356,-0.0038944,0.0029887
-0.0003825,-0.0048152,0.0033666,-0.0003824,-0.0048135,0.0033828
0.0026795,0.0040522,0.0032393,0.0026787,0.0040511,0.003255
0.0047584,0.000949,0.0032418,0.0047569,0.0009489,0.0032577
-0.0034246,0.003392,0.0033799,-0.0034236,0.0033912,0.0033963
-0.0013117,0.0035852,0.0122489,-0.0013109,0.0035829,0.0123063
-0.0044693,0.0018069,0.0033779,-0.0044679,0.0018065,0.0033943
0.0046422,-0.0016962,0.002974,0.0046408,-0.0016955,0.0029881
0.0004399,-0.0038154,0.0112318,0.0004396,-0.0038133,0.0112848
-0.0023584,0.0030136,0.0117409,-0.002357,0.0030117,0.0117963
-0.002698,0.0027202,0.0114858,-0.0026965,0.0027186,0.0115403
0.0029225,-0.0025065,0.0109842,0.0029208,-0.0025052,0.0110361
-0.0032735,0.0020261,0.0109858,-0.0032716,0.0020248,0.011038
-0.0038405,-0.0002798,0.0109848,-0.0038383,-0.0002798,0.0110369
-0.0014882,-0.0035516,0.0109838,-0.0014875,-0.0035497,0.0110358
-0.0038066,-0.0005802,0.0109846,-0.0038044,-0.00058,0.0110367
0.0028396,-0.0039013,0.0033811,0.0028386,-0.0038999,0.0033973
-0.003028,-0.0023639,0.0112319,-0.0030264,-0.0023627,0.0112851
0.0044238,-0.0020352,0.0032404,0.0044224,-0.0020345,0.0032559
0.0018292,0.0044594,0.0033789,0.0018287,0.0044583,0.0033954
-0.0046716,-0.0013355,0.0032404,-0.0046702,-0.0013349,0.0032559
0.0048939,-0.0003699,0.0031021,0.0048924,-0.0003697,0.0031171
-0.0036684,-0.0011693,0.0109836,-0.0036663,-0.0011687,0.0110357
0.0006056,0.0038025,0.0109871,0.0006052,0.0038001,0.0110395
0.0027156,-0.0027283,0.0109842,0.002714,-0.0027269,0.0110362
-0.0007663,0.0047785,0.0033755,-0.0007659,0.0047772,0.0033919
-0.0047562,-0.000776,0.0033785,-0.0047547,-0.0007756,0.0033948
-0.0030216,0.0038022,0.003242,-0.0030207,0.0038013,0.0032576
0.0003063,0.0038383,0.0109874,0.000306,0.003836,0.0110398
-0.0003935,0.0048111,0.0033691,-0.0003932,0.0048097,0.0033855
-0.003294,-0.0019951,0.0109837,-0.0032922,-0.001994,0.0110357
-0.0001455,0.0038374,0.011236,-0.0001454,0.0038351,0.0112894
0.004236,0.0023821,0.0032313,0.0042347,0.0023816,0.0032472
0.0021677,0.0043015,0.003383,0.0021671,0.0043004,0.0033996
0.0031905,-0.0021401,0.0112337,0.0031886,-0.002139,0.0112868
-0.0025134,-0.002915,0.0109844,-0.002512,-0.0029135,0.0110363
0.0048175,9.9e-06,0.0033759,0.0048159,1e-05,0.0033924
-0.0017619,-0.0034227,0.0109845,-0.001761,-0.0034208,0.0110365
-0.0011719,0.0036377,0.0119951,-0.0011713,0.0036354,0.0120516
0.003137,-0.0036665,0.0033765,0.003136,-0.0036652,0.0033928
0.0048551,-0.0011659,0.0028369,0.0048535,-0.0011654,0.0028503
-0.0036798,0.0031209,0.003379,-0.0036786,0.0031201,0.0033955
0.0047983,0.0003826,0.0033731,0.0047967,0.0003826,0.0033897
0.0030001,0.0038258,0.0032347,0.0029992,0.0038249,0.0032504
0.0038984,0.0028318,0.003375,0.0038972,0.0028311,0.0033917
-0.0034399,-0.0017294,0.0109832,-0.003438,-0.0017285,0.0110352
0.0020153,0.0032822,0.0109883,0.0020141,0.0032801,0.0110406
-0.0043202,0.0021547,0.0033846,-0.0043188,0.0021542,0.003401
0.0009265,0.0047603,0.0032286,0.0009262,0.004759,0.0032443
-0.0048534,0.0001564,0.0032281,-0.0048519,0.0001566,0.0032436
0.0031964,0.0021297,0.011234,0.0031945,0.0021283,0.0112874
0.0038211,-0.0003058,0.0114859,0.0038188,-0.0003058,0.0115402
0.0011347,-0.004768,0.0030955,0.0011345,-0.0047663,0.0031103
0.0016684,-0.0045543,0.0032301,0.0016681,-0.0045526,0.0032456
0.0044757,0.0018617,0.0033719,0.0044742,0.0018613,0.0033885
-0.0013165,-0.004685,0.0032368,-0.0013159,-0.0046834,0.0032522
-0.0009129,-0.0037398,0.0109847,-0.0009124,-0.003738,0.0110367
-0.0011765,0.0036486,0.0114887,-0.0011759,0.0036463,0.0115431
0.003664,0.0011858,0.010986,0.0036618,0.001185,0.0110382
-0.0038064,-0.0030293,0.0032443,-0.0038051,-0.0030282,0.0032598
-0.002089,-0.0045748,0.0027133,-0.0020882,-0.0045732,0.0027257
-0.0015053,-0.0046764,0.003102,-0.0015046,-0.0046747,0.0031166
0.004118,-0.0025128,0.0033686,0.0041166,-0.0025118,0.0033848
0.0035585,0.0014687,0.0109857,0.0035564,0.0014677,0.0110379
-0.0047736,0.0007271,0.0033807,-0.004772,0.0007272,0.0033972
0.0039137,-0.0028304,0.0033758,0.0039125,-0.0028294,0.0033919
0.003662,0.0031346,0.0033768,0.0036609,0.0031338,0.0033934
0.0016107,0.0034876,0.0112363,0.0016097,0.0034853,0.0112897
0.003803,-0.0006085,0.0109855,0.0038007,-0.0006083,0.0110376
0.0008882,-0.0037471,0.0109835,0.0008877,-0.0037449,0.0110355
-0.0027351,-0.0027096,0.0109824,-0.0027336,-0.0027081,0.0110344
0.0038244,0.0001442,0.0117396,0.0038221,0.000144,0.0117949
0.0015021,-0.0046531,0.0030866,0.0015019,-0.0046514,0.0031013
0.0029303,0.0024982,0.0109856,0.0029286,0.0024965,0.0110378
0.0011793,-0.0036644,0.0109838,0.0011786,-0.0036624,0.0110358
0.0022662,0.0031138,0.0109872,0.0022648,0.0031118,0.0110395
-0.0025214,0.0041046,0.0033834,-0.0025206,0.0041036,0.0033999
0.0015995,-0.0034937,0.0112335,0.0015985,-0.0034917,0.0112865
-0.0048172,-2.99e-05,0.0033734,-0.0048157,-2.96e-05,0.0033898
-0.0016825,0.0045549,0.0032322,-0.001682,0.0045538,0.003248
-0.0045567,-0.0016945,0.003246,-0.0045553,-0.0016938,0.0032617
0.0023716,-0.0030217,0.0112324,0.0023701,-0.00302,0.0112854
0.0010458,0.0036972,0.0112374,0.0010451,0.0036949,0.0112908
0.0013091,-0.0046772,0.003224,0.0013088,-0.0046755,0.0032395
0.004746,-0.0015355,0.0028422,0.0047445,-0.0015348,0.0028556
-0.0008935,0.0037457,0.0109881,-0.000893,0.0037433,0.0110404
0.0025147,-0.0041198,0.0033796,0.0025138,-0.0041182,0.0033958
-0.0044474,-0.0018629,0.0033831,-0.0044461,-0.001862,0.0033995
-0.0013205,0.004674,0.0032375,-0.00132,0.0046728,0.0032531
0.000139,-0.0038394,0.011232,0.0001389,-0.0038373,0.011285
-0.0021159,0.0031888,0.0117409,-0.0021147,0.0031868,0.0117964
0.0014657,0.0045994,0.0033753,0.0014653,0.0045982,0.0033918
0.0036602,-0.0011961,0.0109859,0.003658,-0.0011955,0.011038
-0.0045958,0.0014544,0.0033785,-0.0045943,0.0014541,0.0033949
-0.0017339,-0.0047383,0.0027163,-0.0017332,-0.0047365,0.0027287
0.0003758,-0.0048016,0.0033636,0.0003758,-0.0047999,0.0033799
-0.0034962,0.0016328,0.0107386,-0.0034942,0.0016318,0.0107897
0.0033526,0.0018724,0.0112335,0.0033506,0.0018712,0.0112868
-1.78e-05,0.004828,0.0033701,-1.77e-05,0.0048266,0.0033865
-0.0031261,-0.0022471,0.0109839,-0.0031244,-0.002246,0.0110359
-0.0018445,0.0044472,0.0033734,-0.0018438,0.004446,0.0033898
-0.0036136,0.0013534,0.0107381,-0.0036116,0.0013525,0.0107892
0.0031102,-0.002268,0.0109839,0.0031084,-0.0022668,0.011036
0.000902,0.0037438,0.0109879,0.0009014,0.0037415,0.0110402
-0.001137,0.0046954,0.0033765,-0.0011365,0.0046941,0.0033928
0.0017501,0.0034293,0.0109869,0.001749,0.0034271,0.0110393
-0.0031575,0.0036581,0.0033851,-0.0031565,0.0036573,0.0034015
-0.0007487,-0.0047649,0.0033714,-0.0007483,-0.0047632,0.0033877
0.0048028,-0.0003699,0.0033786,0.0048012,-0.0003696,0.0033951
0.0034124,-0.0034106,0.0033742,0.0034113,-0.0034093,0.0033903
-0.0035636,-0.0014544,0.0109829,-0.0035616,-0.0014537,0.011035
0.0041153,0.0025269,0.0033743,0.004114,0.0025262,0.003391
-0.0006162,-0.0037997,0.0109846,-0.0006158,-0.0037978,0.0110365
0.0025041,0.0029259,0.0109859,0.0025026,0.002924,0.0110382
0.0018386,-0.004462,0.0033755,0.0018382,-0.0044603,0.0033917
-0.0013512,-0.0036175,0.0107371,-0.0013506,-0.0036156,0.010788
-0.0022773,-0.003105,0.0109841,-0.0022761,-0.0031033,0.0110361
0.0046855,0.0011338,0.0033803,0.0046839,0.0011336,0.0033969
-0.001114,-0.004691,0.0033665,-0.0011136,-0.0046893,0.0033826
0.003745,0.0008944,0.0109851,0.0037428,0.0008938,0.0110373
0.004312,-0.0021853,0.0033774,0.0043106,-0.0021845,0.0033936
-0.0038309,0.0004752,0.0107379,-0.0038286,0.0004748,0.010789
0.0036781,-0.0031312,0.0033748,0.0036769,-0.00313,0.003391
-0.0038556,0.0001734,0.0107368,-0.0038534,0.0001732,0.0107878
0.003398,0.0034084,0.0033774,0.003397,0.0034076,0.003394
0.0021838,-0.0043021,0.0033789,0.0021832,-0.0043004,0.0033951
0.0005907,-0.0038048,0.0109834,0.0005903,-0.0038026,0.0110354
0.0038223,0.0002953,0.0114858,0.00382,0.0002949,0.0115402
0.0013333,0.0036018,0.0112369,0.0013325,0.0035996,0.0112903
0.0019956,-0.0032728,0.0114825,0.0019943,-0.003271,0.0115366
-0.0014527,0.0035357,0.011995,-0.0014519,0.0035334,0.0120514
-0.0028465,0.0038892,0.0033795,-0.0028455,0.0038882,0.0033959
-0.0020264,-0.003274,0.0109844,-0.0020253,-0.0032722,0.0110364
-0.0047936,-0.0002123,0.0035194,-0.004792,-0.000212,0.0035366
-0.0047204,0.0009001,0.0035236,-0.0047187,0.0009,0.0035407
-0.0037079,0.0010673,0.0107392,-0.0037058,0.0010665,0.0107902
-0.003555,-0.0033134,0.003245,-0.0035538,-0.0033123,0.0032605
-0.0018611,0.0033452,0.0117415,-0.0018601,0.0033431,0.0117969
0.0003574,0.0048094,0.0033658,0.0003573,0.004808,0.0033823
-0.0028106,0.0026192,0.011236,-0.0028091,0.0026175,0.0112894
0.0009398,-0.0047671,0.0032259,0.0009396,-0.0047653,0.0032414
-0.0017024,-0.0046511,0.0029707,-0.0017017,-0.0046495,0.0029846
0.0037595,0.0029691,0.003521,0.0037582,0.0029683,0.0035384
0.0014795,-0.0045904,0.0033697,0.0014791,-0.0045887,0.003386
-0.0031064,0.0022774,0.0109873,-0.0031046,0.0022759,0.0110395
0.0014649,-0.0035601,0.010983,0.001464,-0.003558,0.011035
-0.0038908,-0.0028505,0.0033801,-0.0038895,-0.0028495,0.0033964
-0.0041763,-0.0023589,0.0035245,-0.004175,-0.0023581,0.0035416
-0.0043705,0.001966,0.0035228,-0.0043691,0.0019655,0.00354
0.002663,-0.0039859,0.0035201,0.0026621,-0.0039844,0.003537
0.0007417,-0.0037873,0.0107355,0.0007412,-0.0037852,0.0107863
-0.0043366,-0.0020276,0.0035264,-0.0043352,-0.0020267,0.0035436
-0.0037203,-0.001026,0.0107357,-0.0037181,-0.0010255,0.0107867
0.0038151,0.0004455,0.0112339,0.0038129,0.0004451,0.0112872
-0.003789,-0.0007311,0.0107365,-0.0037869,-0.0007308,0.0107875
-0.0022401,-0.0044391,0.0028395,-0.0022393,-0.0044375,0.0028528
0.0011116,0.0046905,0.003375,0.0011112,0.0046892,0.0033915
0.0041906,-0.0023361,0.0035141,0.0041892,-0.0023352,0.0035311
-0.0041369,0.002493,0.0033841,-0.0041356,0.0024924,0.0034005
-0.0046276,0.0012592,0.0035173,-0.004626,0.0012591,0.0035344
0.002148,0.0032077,0.0107396,0.0021467,0.0032057,0.0107909
-0.0011835,0.0036653,0.0109893,-0.0011828,0.0036631,0.0110415
0.0034343,0.001745,0.0109859,0.0034323,0.0017438,0.0110382
0.0034857,-0.0016141,0.0112346,0.0034836,-0.0016133,0.0112878
-0.0033588,0.0019012,0.0107377,-0.0033569,0.0019,0.0107888
-0.0031697,-0.0037409,0.0031063,-0.0031686,-0.0037396,0.0031211
-0.0001872,-0.0047837,0.0035039,-0.000187,-0.004782,0.003521
0.0025022,0.0041325,0.0033818,0.0025015,0.0041313,0.0033984
-0.0014833,-0.0045973,0.0033786,-0.0014827,-0.0045957,0.0033948
-0.0005971,0.0038047,0.0109888,-0.0005968,0.0038023,0.0110411
-0.0024035,-0.0030208,0.0107365,-0.0024021,-0.0030192,0.0107873
0.0046664,-0.0015097,0.0031085,0.0046649,-0.001509,0.0031234
0.0016349,0.0045097,0.0035158,0.0016344,0.0045085,0.0035331
-0.0024778,0.0029222,0.0114863,-0.0024765,0.0029204,0.0115407
-0.0032206,-0.0021276,0.0107361,-0.0032189,-0.0021265,0.010787
0.0047621,0.0007587,0.0033835,0.0047605,0.0007587,0.0034001
0.0030254,-0.0023969,0.0107361,0.0030237,-0.0023957,0.010787
-0.0038575,-0.0001296,0.0107379,-0.0038553,-0.0001296,0.0107889
-0.0029406,-0.002487,0.0109838,-0.002939,-0.0024858,0.0110358
0.0045661,-0.0016821,0.0032388,0.0045647,-0.0016815,0.0032544
0.0037122,-0.0010532,0.0107385,0.00371,-0.0010527,0.0107895
-0.0046855,-0.0011466,0.0033825,-0.004684,-0.001146,0.0033988
-0.0044994,0.0016209,0.0035199,-0.0044979,0.0016205,0.0035371
0.0048168,-0.0005614,0.0032317,0.0048153,-0.0005612,0.0032474
0.0024947,-0.0029343,0.0109839,0.0024931,-0.0029327,0.0110359
0.0028274,-0.0026259,0.0107355,0.0028258,-0.0026245,0.0107865
0.0018897,0.0033662,0.0107405,0.0018885,0.0033641,0.0107918
-0.0047646,-0.0005869,0.0035219,-0.0047631,-0.0005865,0.003539
0.0037165,0.0010435,0.0107381,0.0037143,0.0010428,0.0107892
4.2e-06,0.003852,0.0109877,4.2e-06,0.0038495,0.01104
-0.000576,0.0047601,0.0035123,-0.0005757,0.0047587,0.0035294
-0.003278,0.003509,0.0035244,-0.0032769,0.0035081,0.0035416
0.0048423,-0.0009601,0.0029664,0.0048408,-0.0009597,0.0029806
0.0031209,0.0036691,0.0033752,0.0031199,0.0036681,0.0033918
0.0019856,0.0043764,0.0035255,0.001985,0.0043752,0.0035429
0.0047962,-0.0001805,0.0035216,0.0047946,-0.0001802,0.0035388
0.0036232,0.0013314,0.010737,0.003621,0.0013306,0.0107881
-0.0009426,0.0046942,0.0035125,-0.0009423,0.0046929,0.0035296
0.0007566,0.0037848,0.0107405,0.0007561,0.0037824,0.0107917
0.0033479,-0.0018825,0.011233,0.0033459,-0.0018815,0.0112862
-0.0027222,-0.0041048,0.0029727,-0.0027213,-0.0041034,0.0029867
-0.0003147,-0.0038378,0.0109841,-0.0003146,-0.0038357,0.011036
-0.0016306,-0.0034983,0.0107356,-0.0016298,-0.0034964,0.0107865
-0.0013159,0.0035934,0.0117403,-0.0013151,0.0035911,0.0117958
0.0039854,0.0026647,0.0035192,0.003984,0.0026641,0.0035366
-0.0039193,0.002826,0.0033774,-0.003918,0.0028253,0.0033939
-0.0033778,-0.0018678,0.0107353,-0.0033759,-0.0018668,0.0107862
-0.0023368,0.0041692,0.003521,-0.002336,0.0041681,0.0035382
0.0026233,0.002833,0.0107381,0.0026217,0.0028311,0.0107893
0.0029747,-0.0037708,0.0035219,0.0029737,-0.0037694,0.0035389
-0.0010625,-0.0037117,0.0107371,-0.0010619,-0.0037098,0.0107879
0.0001962,-0.0048037,0.0035088,0.0001963,-0.0048019,0.0035259
0.003838,-0.0001566,0.0112339,0.0038358,-0.0001566,0.0112872
0.0042999,0.0022039,0.0033739,0.0042985,0.0022034,0.0033906
-0.004805,0.0003419,0.0033695,-0.0048034,0.0003421,0.0033859
0.0045031,0.0016674,0.003509,0.0045016,0.001667,0.0035263
0.0046215,0.0013177,0.0035195,0.0046198,0.0013174,0.0035368
0.0039939,-0.0026601,0.0035165,0.0039926,-0.0026591,0.0035336
0.0028377,0.0026185,0.0107369,0.002836,0.0026168,0.0107881
-0.0013215,0.0036061,0.0112373,-0.0013207,0.0036039,0.0112907
-0.0016629,-0.004564,0.0032359,-0.0016622,-0.0045624,0.0032515
-0.0037814,0.000774,0.0107384,-0.0037792,0.0007734,0.0107895
-0.0035463,0.0032367,0.0035242,-0.0035451,0.0032359,0.0035414
0.0047985,0.0001949,0.0035205,0.0047968,0.000195,0.0035377
0.0031169,0.0022591,0.0109855,0.0031151,0.0022577,0.0110378
-0.0020095,0.0043592,0.00352,-0.0020088,0.004358,0.0035372
0.0037845,-0.0007593,0.0107385,0.0037823,-0.0007589,0.0107895
-0.0026341,-0.0028224,0.0107347,-0.0026325,-0.0028209,0.0107856
0.0004565,0.0038339,0.010741,0.0004562,0.0038315,0.0107921
0.0010361,-0.0037165,0.0107345,0.0010356,-0.0037145,0.0107853
0.0038372,-0.0003083,0.0109852,0.003835,-0.0003083,0.0110373
-0.004765,0.0005304,0.0035151,-0.0047634,0.0005305,0.0035322
0.0032628,-0.0035188,0.0035206,0.0032617,-0.0035175,0.0035376
0.0032062,-0.0021509,0.0107361,0.0032044,-0.0021498,0.010787
0.0021273,-0.003199,0.0112328,0.002126,-0.0031972,0.0112859
0.0035065,0.0032509,0.0035215,0.0035054,0.0032501,0.0035389
0.0014756,0.0035562,0.0109867,0.0014747,0.003554,0.0110391
-0.0039741,-0.0026816,0.003522,-0.0039728,-0.0026806,0.003539
0.0047518,-0.0013354,0.0029661,0.0047503,-0.0013348,0.0029802
-0.0041965,0.0023026,0.0035209,-0.0041952,0.0023022,0.0035381
0.0023417,-0.00419,0.0035248,0.0023409,-0.0041884,0.0035418
-0.0022417,0.0031074,0.0114863,-0.0022404,0.0031056,0.0115408
-0.0015033,0.0045894,0.0033774,-0.0015027,0.0045882,0.0033938
0.0043635,-0.0020012,0.0035212,0.0043621,-0.0020004,0.0035383
0.0035539,-0.0014791,0.010985,0.0035518,-0.0014783,0.0110371
0.003286,0.0020091,0.0109855,0.003284,0.0020078,0.0110377
-0.0012874,-0.0046291,0.0035128,-0.0012868,-0.0046273,0.0035297
0.0047535,-0.0005616,0.0035213,0.0047518,-0.0005613,0.0035386
-0.0005529,-0.0047722,0.0035133,-0.0005527,-0.0047704,0.0035303
-0.0002014,0.0047857,0.0035111,-0.0002013,0.0047843,0.0035282
-0.0030434,-0.0023748,0.0107368,-0.0030417,-0.0023735,0.0107877
0.0028182,0.0039143,0.0033747,0.0028174,0.0039133,0.0033912
0.0012849,0.0046327,0.0035198,0.0012846,0.0046314,0.003537
-0.0035695,0.0014986,0.0104923,-0.0035675,0.0014976,0.0105422
0.0036181,-0.0013413,0.0107366,0.0036159,-0.0013406,0.0107876
0.0032793,-0.0020179,0.0109831,0.0032774,-0.0020168,0.0110352
0.0007392,0.0047545,0.0033706,0.0007389,0.0047531,0.003387
0.0037885,0.0007479,0.010738,0.0037862,0.0007474,0.0107891
-0.0029874,0.0037558,0.0035219,-0.0029864,0.0037549,0.003539
-0.0002976,0.0038403,0.0109877,-0.0002974,0.0038379,0.0110401
0.0010501,0.0037149,0.0107402,0.0010495,0.0037125,0.0107915
0.0011927,0.0036616,0.0109884,0.0011919,0.0036593,0.0110408
-0.002159,-0.0032002,0.0107355,-0.0021578,-0.0031984,0.0107864
-0.0038587,0.0003255,0.0104909,-0.0038565,0.0003252,0.0105409
-0.0026827,0.0039849,0.0035205,-0.0026818,0.0039839,0.0035377
-0.0018887,-0.0046044,0.0028378,-0.001888,-0.0046028,0.002851
-0.000766,-0.0037832,0.010736,-0.0007656,-0.0037812,0.0107869
0.0023913,0.0030278,0.0107385,0.0023899,0.0030259,0.0107897
0.0002905,-0.0038398,0.0109838,0.0002904,-0.0038377,0.0110358
-0.0009241,-0.0047113,0.0035114,-0.0009237,-0.0047095,0.0035284
0.0038025,0.0005966,0.0109845,0.0038003,0.0005961,0.0110367
0.004466,-0.0018441,0.0033774,0.0044646,-0.0018434,0.0033939
-0.0036283,-0.0013157,0.0107359,-0.0036262,-0.001315,0.0107869
0.0007528,-0.0047604,0.0033656,0.0007526,-0.0047587,0.0033818
0.0043581,0.0020091,0.0035084,0.0043566,0.0020086,0.0035257
0.0004424,-0.0038352,0.0107359,0.0004421,-0.003833,0.0107868
0.0048344,-0.0007626,0.0030951,0.0048329,-0.0007622,0.00311
0.0018681,-0.003357,0.0112327,0.001867,-0.0033552,0.0112858
-0.0045809,-0.0015071,0.0033842,-0.0045795,-0.0015065,0.0034006
0.0047686,0.000565,0.003522,0.004767,0.000565,0.0035394
-0.0038348,-0.0004312,0.0107377,-0.0038326,-0.0004311,0.0107887
0.0038335,-5.3e-06,0.0114861,0.0038312,-5.4e-06,0.0115404
-0.0010424,0.0037163,0.0107419,-0.0010418,0.0037141,0.0107932
0.0046913,0.0009442,0.0035216,0.0046897,0.0009441,0.003539
-0.003675,0.0012142,0.0104894,-0.003673,0.0012134,0.0105394
0.0035228,-0.003253,0.0035169,0.0035216,-0.0032517,0.0035339
-0.0047449,-0.0003973,0.0036602,-0.0047433,-0.000397,0.0036781
-0.0032767,-0.0035809,0.0032412,-0.0032756,-0.0035796,0.0032567
-0.0015931,0.0034789,0.0117405,-0.0015921,0.0034767,0.011796
0.0001691,0.0047909,0.0035104,0.0001691,0.0047895,0.0035275
0.0031289,-0.0022832,0.0104902,0.003127,-0.0022819,0.0105399
0.0022566,-0.0031217,0.0109837,0.0022552,-0.0031199,0.0110357
-0.0025969,0.0028309,0.0112353,-0.0025956,0.0028291,0.0112887
-0.000467,-0.003831,0.0107362,-0.0004668,-0.003829,0.010787
0.003236,0.0035196,0.003522,0.003235,0.0035187,0.0035393
0.0036163,0.0030894,0.003669,0.003615,0.0030885,0.0036871
-0.0018563,-0.0045347,0.003101,-0.0018556,-0.0045332,0.0031157
0.0037668,-0.002967,0.0035168,0.0037656,-0.0029659,0.0035338
0.0016183,0.0035047,0.0107376,0.0016172,0.0035025,0.0107889
-0.002918,0.0025119,0.0109877,-0.0029164,0.0025103,0.0110399
0.0013259,-0.0036234,0.0107347,0.0013252,-0.0036214,0.0107856
-0.0036567,-0.0031462,0.0033841,-0.0036555,-0.0031451,0.0034004
0.0036807,-0.0012021,0.0104898,0.0036785,-0.0012015,0.0105397
-0.0003723,-0.0047375,0.0036495,-0.0003721,-0.0047357,0.0036673
0.0024843,-0.0040566,0.0036639,0.0024835,-0.004055,0.0036816
-0.0019927,0.0032739,0.0114871,-0.0019916,0.0032719,0.0115416
0.0038497,-6.7e-06,0.0109846,0.0038474,-6.9e-06,0.0110368
-0.0044871,-0.0016763,0.0035287,-0.0044856,-0.0016755,0.0035458
-0.0016671,0.0044986,0.0035227,-0.0016665,0.0044973,0.0035399
-0.0023965,-0.0043112,0.0029695,-0.0023957,-0.0043098,0.0029834
0.0038377,0.0001443,0.0112339,0.0038354,0.0001441,0.0112872
-1.31e-05,-0.0038492,0.010983,-1.31e-05,-0.0038472,0.011035
-0.0046376,0.0010727,0.0036597,-0.004636,0.0010725,0.0036775
-0.0016538,-0.0045159,0.0035198,-0.0016531,-0.0045142,0.0035367
-0.0031999,0.0021587,0.0107385,-0.0031981,0.0021573,0.0107897
-0.0028741,-0.0039868,0.0031089,-0.0028732,-0.0039854,0.0031236
0.0047389,-0.0003641,0.0036598,0.0047373,-0.0003638,0.0036777
0.0017387,-0.0034346,0.0109828,0.0017376,-0.0034327,0.0110348
0.0047496,-0.0007443,0.0033716,0.0047481,-0.0007439,0.0033881
-0.0007484,0.0037875,0.0107412,-0.0007479,0.0037852,0.0107925
-0.003514,-0.001597,0.0107345,-0.003512,-0.0015962,0.0107854
0.0001543,0.0038573,0.0107405,0.0001543,0.0038549,0.0107917
-0.002528,-0.0029343,0.0104906,-0.0025266,-0.0029327,0.0105404
-0.0003864,0.00474,0.0036569,-0.0003862,0.0047385,0.0036747
-0.0031445,-0.0022603,0.0104896,-0.0031427,-0.002259,0.0105394
0.0037671,0.0008996,0.0104917,0.0037648,0.000899,0.0105417
0.0038328,-0.0004608,0.0107378,0.0038305,-0.0004606,0.0107889
-0.0037723,-0.0008825,0.0104906,-0.00377,-0.0008821,0.0105404
0.0042465,-0.0021527,0.003658,0.0042451,-0.0021519,0.0036758
-0.0034427,0.0017746,0.0104916,-0.0034408,0.0017735,0.0105416
-0.0013298,0.0036242,0.0107425,-0.0013291,0.003622,0.0107937
-0.002291,-0.0031242,0.0104905,-0.0022896,-0.0031224,0.0105403
-0.0042609,0.0021335,0.0036655,-0.0042594,0.002133,0.0036835
0.0046783,-0.0013169,0.0032423,0.0046768,-0.0013164,0.0032579
-0.0047002,-0.000963,0.0035256,-0.0046987,-0.0009625,0.0035427
0.0026128,-0.002839,0.0107351,0.0026113,-0.0028375,0.010786
0.0020264,0.0032992,0.0104936,0.0020252,0.0032972,0.0105438
-0.0030984,0.0035925,0.0036593,-0.0030974,0.0035916,0.0036772
0.0009062,0.0037655,0.0104937,0.0009056,0.0037631,0.0105438
-0.0040488,-0.0025048,0.0036663,-0.0040475,-0.0025038,0.0036842
0.0037622,-0.0009103,0.0104897,0.00376,-0.0009099,0.0105396
0.001446,0.0045271,0.0036581,0.0014456,0.0045258,0.0036762
0.0043928,0.0018198,0.0036536,0.0043913,0.0018194,0.0036717
0.0017949,0.0043953,0.0036542,0.0017943,0.0043941,0.0036723
0.0030338,0.0023873,0.0107378,0.0030319,0.0023858,0.0107889
0.0035072,0.0016123,0.0107388,0.0035051,0.0016112,0.0107899
-0.0019006,-0.00336,0.0107366,-0.0018996,-0.0033581,0.0107875
-0.0014586,0.0035445,0.0114881,-0.0014577,0.0035422,0.0115425
-0.0038211,0.0006273,0.0104912,-0.0038189,0.0006268,0.0105412
-0.0024953,0.0040437,0.0036543,-0.0024944,0.0040426,0.0036723
0.0038544,0.0027955,0.0036649,0.003853,0.0027947,0.003683
0.0041814,0.0023525,0.0035183,0.00418,0.0023519,0.0035357
0.0005636,-0.0047637,0.0035114,0.0005635,-0.0047619,0.0035283
-0.0044222,0.0017971,0.0036695,-0.0044207,0.0017967,0.0036874
-0.0014665,0.0035601,0.0109889,-0.0014657,0.003558,0.0110411
0.0025172,0.0029414,0.0104902,0.0025158,0.0029395,0.0105403
0.0047636,-0.0011448,0.0031031,0.0047621,-0.0011443,0.0031179
0.0028029,-0.003843,0.0036621,0.002802,-0.0038415,0.0036799
-0.0012119,-0.0036784,0.0104924,-0.0012113,-0.0036764,0.0105421
-0.0047032,0.0007092,0.0036594,-0.0047015,0.0007093,0.0036773
0.0005938,-0.0038272,0.0104891,0.0005935,-0.003825,0.0105389
0.0019978,-0.0043569,0.0035177,0.0019973,-0.0043552,0.0035347
-0.0014971,-0.0035717,0.0104907,-0.0014963,-0.0035697,0.0105404
-0.0047945,0.0001587,0.0035174,-0.0047929,0.0001589,0.0035346
3.1e-06,-0.0047565,0.0036451,3.2e-06,-0.0047547,0.0036629
0.0045229,0.001474,0.0036545,0.0045213,0.0014736,0.0036725
0.0040609,-0.0024804,0.0036572,0.0040596,-0.0024795,0.003675
-0.0018306,-0.0044564,0.0033765,-0.0018299,-0.0044548,0.0033928
-0.0036905,-0.0011763,0.0104887,-0.0036883,-0.0011756,0.0105385
-0.0037774,0.0029429,0.0035171,-0.0037763,0.0029422,0.0035342
-0.0047556,-2.7e-05,0.0036597,-0.004754,-2.68e-05,0.0036776
-0.0042306,-0.0021791,0.003673,-0.0042293,-0.0021781,0.003691
0.0023322,0.0041999,0.0035247,0.0023315,0.0041987,0.003542
0.0029396,-0.002521,0.0104895,0.0029378,-0.0025196,0.0105393
0.0027394,0.0027351,0.0104907,0.0027377,0.0027334,0.0105408
-0.0033821,0.0033489,0.0036616,-0.003381,0.003348,0.0036796
0.0022782,0.0031301,0.0104913,0.0022769,0.0031282,0.0105414
-0.0021586,0.0042498,0.003665,-0.0021579,0.0042486,0.0036828
0.0011235,-0.0046831,0.0033645,0.0011233,-0.0046815,0.0033807
-0.0033114,-0.0020058,0.0104892,-0.0033096,-0.0020047,0.010539
0.0047567,6.4e-06,0.0036609,0.004755,6.5e-06,0.0036789
-0.0028483,-0.0026068,0.0107357,-0.0028467,-0.0026054,0.0107867
0.0006084,0.0038256,0.0104949,0.000608,0.0038231,0.010545
0.0008925,-0.0037691,0.0104896,0.0008919,-0.003767,0.0105394
-0.0007526,0.0046892,0.003658,-0.0007522,0.0046878,0.003676
-0.0038719,2.2e-05,0.0104919,-0.0038696,2.19e-05,0.0105417
0.0016439,-0.0044945,0.0035114,0.0016435,-0.0044927,0.0035284
-0.0013082,0.0046079,0.0035154,-0.0013077,0.0046066,0.0035327
0.0036854,0.0011924,0.0104912,0.0036832,0.0011916,0.0105411
-0.0046985,-0.0007649,0.0036626,-0.0046969,-0.0007644,0.0036805
-0.0037601,0.0009237,0.0104913,-0.0037579,0.000923,0.0105413
0.0033557,0.00336,0.0036677,0.0033546,0.003359,0.0036858
-0.0037542,-0.0029793,0.0035262,-0.0037529,-0.0029782,0.0035433
0.003576,-0.0014878,0.0104918,0.0035738,-0.001487,0.0105416
-0.0007351,-0.0046941,0.0036474,-0.0007348,-0.0046923,0.0036652
0.0021511,-0.0042446,0.003664,0.0021505,-0.0042429,0.0036817
0.0038571,-0.0001575,0.0107369,0.0038548,-0.0001575,0.010788
0.0034286,-0.0017541,0.010985,0.0034265,-0.0017532,0.011037
0.0045054,-0.0016584,0.0035207,0.004504,-0.0016578,0.0035378
-0.0014568,-0.0045315,0.0036493,-0.0014561,-0.0045298,0.0036669
0.003839,0.0002968,0.0109851,0.0038368,0.0002965,0.0110373
0.0045944,-0.0014873,0.0033816,0.0045929,-0.0014867,0.003398
0.0040596,0.002488,0.003667,0.0040582,0.0024873,0.0036851
0.002646,0.0039952,0.0035177,0.0026452,0.0039941,0.003535
0.0038275,0.000601,0.0104945,0.0038253,0.0006006,0.0105444
0.0001397,-0.0038581,0.0107362,0.0001396,-0.003856,0.0107871
-0.0027525,-0.0027263,0.0104912,-0.0027509,-0.0027248,0.0105409
-1.79e-05,0.004756,0.0036561,-1.78e-05,0.0047546,0.003674
-0.0029586,-0.0025016,0.01049,-0.0029569,-0.0025003,0.0105398
0.0021613,0.0032303,0.0102489,0.0021599,0.0032284,0.0102978
-0.0038282,-0.0005842,0.0104909,-0.003826,-0.0005839,0.0105408
0.0029544,0.0037727,0.0035179,0.0029534,0.0037717,0.0035353
0.0009134,0.0047108,0.0035177,0.0009131,0.0047095,0.0035349
-0.0020556,-0.004495,0.0029713,-0.0020549,-0.0044934,0.0029853
-0.00119,0.0036853,0.0104956,-0.0011894,0.0036831,0.0105457
0.0035011,-0.001621,0.0107357,0.003499,-0.0016202,0.0107866
0.0047059,0.0007414,0.0036607,0.0047043,0.0007413,0.0036787
-0.0004497,0.0038344,0.0107414,-0.0004495,0.003832,0.0107926
-0.0028111,0.0038363,0.0036579,-0.0028102,0.0038353,0.0036759
-0.0045371,0.0014302,0.0036606,-0.0045356,0.00143,0.0036785
-0.0001474,0.0038584,0.0107407,-0.0001474,0.003856,0.0107919
0.0010885,0.0046293,0.0036556,0.0010882,0.004628,0.0036736
0.0013384,0.0036216,0.0107398,0.0013375,0.0036193,0.010791
0.0032995,-0.0020304,0.0104911,0.0032975,-0.0020293,0.0105408
0.0020037,-0.0032866,0.010984,0.0020025,-0.0032848,0.011036
0.0042455,0.0021568,0.0036556,0.004244,0.0021563,0.0036737
0.001763,0.0034496,0.0104957,0.0017619,0.0034476,0.0105458
-0.0038433,-0.002811,0.0036723,-0.0038421,-0.00281,0.0036902
-0.0009184,-0.0037613,0.0104907,-0.000918,-0.0037592,0.0105404
0.0011984,0.0036831,0.0104936,0.0011976,0.0036807,0.0105437
-0.0047367,0.0003405,0.0036562,-0.004735,0.0003406,0.0036741
0.0002911,-0.0038609,0.0104891,0.0002909,-0.0038587,0.0105389
0.0024091,0.0030499,0.0102489,0.0024077,0.003048,0.0102978
0.0044024,-0.0018114,0.003665,0.004401,-0.0018107,0.0036828
-0.0023687,0.0030253,0.011236,-0.0023674,0.0030235,0.0112894
0.0046979,-0.000735,0.0036683,0.0046963,-0.0007347,0.0036863
-0.0001647,-0.0038571,0.0107357,-0.0001646,-0.003855,0.0107865
-0.0040093,0.0026479,0.0035176,-0.004008,0.0026472,0.0035348
0.0046283,0.0011217,0.0036612,0.0046267,0.0011215,0.0036792
-0.004064,0.0024571,0.0036598,-0.0040627,0.0024564,0.0036778
0.0030969,-0.0036212,0.0036615,0.0030958,-0.0036198,0.0036793
0.0047422,0.0003724,0.0036608,0.0047405,0.0003724,0.0036788
-0.004608,-0.0013234,0.0035289,-0.0046065,-0.0013228,0.0035461
-0.0036403,0.0013641,0.0102483,-0.0036382,0.0013633,0.0102971
-0.002992,-0.0038286,0.003236,-0.002991,-0.0038273,0.0032515
0.0026426,0.0028536,0.0102494,0.002641,0.0028518,0.0102983
0.0023827,-0.0030366,0.0107355,0.0023812,-0.003035,0.0107864
0.0046913,-0.0009277,0.0035202,0.0046898,-0.0009273,0.0035374
-0.0006191,-0.0038228,0.010491,-0.0006188,-0.0038208,0.0105407
-0.0005517,-0.0046881,0.0038031,-0.0005514,-0.0046862,0.0038217
0.003856,-0.0027921,0.0036593,0.0038546,-0.0027911,0.0036771
-0.0039149,-0.0026387,0.0038162,-0.0039136,-0.0026377,0.0038348
-0.002712,0.0027326,0.0109875,-0.0027107,0.0027309,0.0110398
-0.0032429,-0.0021435,0.0102459,-0.003241,-0.0021423,0.0102946
0.0011867,-0.0036882,0.0104916,0.0011861,-0.0036861,0.0105413
-0.003397,-0.0034326,0.0033824,-0.0033958,-0.0034313,0.0033987
0.0023046,-0.0041199,0.003808,0.0023038,-0.0041182,0.0038265
-0.0021233,0.0031991,0.0112344,-0.0021221,0.0031971,0.0112878
-0.0018291,0.0044012,0.0036669,-0.0018284,0.0043999,0.0036848
-0.0008982,0.0037677,0.010495,-0.0008978,0.0037654,0.0105451
-0.0018055,-0.0043996,0.0036542,-0.0018049,-0.004398,0.0036719
-0.0010994,-0.0046297,0.0036506,-0.0010989,-0.004628,0.0036683
0.0038224,-0.0006118,0.01049,0.0038202,-0.0006114,0.0105399
-0.0017723,-0.0034421,0.0104898,-0.0017713,-0.0034402,0.0105395
-0.0013591,-0.0036401,0.0102473,-0.0013584,-0.003638,0.0102958
0.0047157,-0.000175,0.0038119,0.004714,-0.0001748,0.0038306
-0.0030222,0.0024021,0.010739,-0.0030205,0.0024006,0.0107901
0.00337,0.0018829,0.0107389,0.003368,0.0018817,0.01079
-0.0005681,0.0047064,0.0038078,-0.0005678,0.0047049,0.0038264
-0.0035856,-0.001463,0.0104895,-0.0035835,-0.0014621,0.0105393
0.0042878,-0.0019709,0.0038048,0.0042863,-0.0019701,0.0038233
-0.0032929,0.0020382,0.010492,-0.003291,0.0020369,0.010542
-0.0025419,-0.0041965,0.0031079,-0.0025411,-0.0041951,0.0031227
0.003835,0.0004483,0.0107394,0.0038328,0.0004479,0.0107904
0.0016072,-0.0035084,0.0107326,0.0016062,-0.0035064,0.0107835
0.0041229,-0.0022991,0.0038036,0.0041215,-0.0022982,0.0038221
-0.0038617,-0.0002812,0.0104913,-0.0038595,-0.0002811,0.0105412
-0.0001944,0.0047253,0.0038084,-0.0001942,0.0047238,0.0038271
-0.0030638,-0.0023911,0.0102454,-0.003062,-0.0023898,0.0102941
0.0019004,0.0033894,0.0102515,0.0018993,0.0033874,0.0103004
-0.003817,-0.0007358,0.0102484,-0.0038148,-0.0007355,0.0102971
-0.0020369,-0.0032928,0.0104898,-0.0020357,-0.003291,0.0105396
-0.0045575,0.0012482,0.0038096,-0.0045559,0.001248,0.0038282
-0.0020142,-0.004424,0.0032403,-0.0020135,-0.0044226,0.0032558
-0.0035225,0.0016435,0.0102505,-0.0035204,0.0016425,0.0102992
-0.0024209,-0.0030436,0.010249,-0.0024195,-0.0030419,0.0102976
-0.0017318,0.0034187,0.0114882,-0.0017308,0.0034167,0.0115427
-0.0029332,0.0037006,0.0038062,-0.0029322,0.0036996,0.0038249
0.0033646,-0.0018919,0.010735,0.0033626,-0.0018908,0.010786
-0.0019942,-0.0043673,0.0035196,-0.0019934,-0.0043657,0.0035367
0.0037405,-0.0010607,0.0102482,0.0037382,-0.0010603,0.0102968
-0.0046808,-0.000577,0.0038107,-0.0046792,-0.0005766,0.0038294
0.0012582,0.0045579,0.0038109,0.0012579,0.0045565,0.0038296
0.0005398,0.0047546,0.0035105,0.0005396,0.0047533,0.0035277
0.0038132,0.0007527,0.0102496,0.003811,0.0007522,0.0102984
0.0032299,-0.0021668,0.0102498,0.0032279,-0.0021655,0.0102984
0.001613,0.0044408,0.0038095,0.0016124,0.0044395,0.0038283
0.0035813,0.0014787,0.0104928,0.0035791,0.0014777,0.0105428
0.0037121,0.0029184,0.0038145,0.0037107,0.0029175,0.0038334
0.0037427,0.0010499,0.0102482,0.0037404,0.0010492,0.010297
0.0021369,0.0042382,0.0036549,0.0021363,0.0042369,0.003673
0.0009338,-0.0046997,0.0035107,0.0009335,-0.0046979,0.0035277
0.0003062,0.0038598,0.0104951,0.0003061,0.0038575,0.0105451
-0.0016087,0.0035077,0.0107391,-0.0016077,0.0035056,0.0107903
-0.0032227,0.0034502,0.0038093,-0.0032216,0.0034493,0.003828
-0.0010705,-0.0037363,0.0102475,-0.0010699,-0.0037343,0.0102961
0.0027326,-0.002745,0.0104889,0.002731,-0.0027435,0.0105386
0.0018102,-0.0044028,0.0036599,0.0018097,-0.004401,0.0036776
-0.0046441,0.0008918,0.00381,-0.0046424,0.0008917,0.0038286
-0.0043084,0.0019465,0.0038144,-0.0043069,0.001946,0.0038332
-0.001117,0.0046349,0.003662,-0.0011165,0.0046335,0.00368
0.0026284,-0.0039279,0.0038074,0.0026274,-0.0039263,0.0038258
-0.0041086,-0.0023239,0.0038142,-0.0041072,-0.0023228,0.0038329
0.0003725,-0.0047438,0.0036486,0.0003725,-0.004742,0.0036664
0.0044309,0.0016357,0.0038079,0.0044294,0.0016353,0.0038267
0.0038567,0.0001455,0.0107371,0.0038545,0.0001452,0.0107881
-0.0014756,0.0035816,0.010497,-0.0014747,0.0035793,0.010547
0.0034676,0.0032027,0.0038179,0.0034664,0.0032018,0.0038368
-0.003749,-0.0010348,0.0102488,-0.0037468,-0.0010343,0.0102975
-0.0034602,-0.0017402,0.0104884,-0.0034582,-0.0017392,0.0105382
-0.0047171,-0.0002133,0.003809,-0.0047155,-0.000213,0.0038276
0.0030485,-0.0024137,0.0102493,0.0030467,-0.0024122,0.010298
0.0029464,0.0025119,0.0104905,0.0029446,0.0025103,0.0105405
0.0032128,0.0021413,0.0107367,0.0032108,0.0021398,0.0107878
-0.0026513,-0.0028407,0.0102493,-0.0026498,-0.0028392,0.0102979
-0.0026297,0.003916,0.0038024,-0.0026288,0.0039149,0.0038211
-0.0036367,0.003069,0.003663,-0.0036355,0.0030682,0.003681
0.0047607,-0.0009433,0.0032325,0.0047592,-0.0009429,0.0032482
0.0046938,-0.0011139,0.0033784,0.0046923,-0.0011134,0.0033948
-0.0023131,0.0041134,0.0038021,-0.0023124,0.0041123,0.0038208
0.0012904,-0.0046177,0.0035139,0.0012901,-0.004616,0.003531
0.0046887,-0.0005415,0.0038116,0.0046871,-0.0005412,0.0038303
-0.0043887,-0.0018435,0.0036727,-0.0043873,-0.0018427,0.0036906
0.0010573,0.0037423,0.0102511,0.0010566,0.0037399,0.0103001
0.0007604,0.0038128,0.0102521,0.0007599,0.0038104,0.010301
0.0007476,-0.0038171,0.0102479,0.0007472,-0.0038148,0.0102964
-0.0041298,0.0022759,0.0038109,-0.0041283,0.0022753,0.0038297
0.0033674,-0.0033668,0.0036642,0.0033662,-0.0033654,0.003682
-0.0038824,0.000174,0.0102476,-0.0038801,0.0001738,0.0102964
0.0004448,-0.0038619,0.0102475,0.0004446,-0.0038597,0.0102961
-0.0038566,0.0004784,0.0102488,-0.0038544,0.000478,0.0102976
-0.0001825,-0.0047222,0.0037968,-0.0001824,-0.0047203,0.0038154
0.003643,-0.0013516,0.0102481,0.0036407,-0.0013509,0.0102968
0.0042918,0.0019776,0.003808,0.0042902,0.0019771,0.0038268
0.0036235,-0.0030902,0.0036648,0.0036223,-0.003089,0.0036825
0.0038606,0.0004522,0.0102497,0.0038583,0.0004519,0.0102984
-0.002201,-0.0043753,0.0031031,-0.0022003,-0.0043738,0.0031179
-0.0036939,-0.0029367,0.0038145,-0.0036926,-0.0029356,0.0038331
-0.0034019,-0.001883,0.0102469,-0.0034,-0.001882,0.0102956
-0.0035065,-0.0032747,0.0035236,-0.0035052,-0.0032736,0.0035406
0.0038605,-0.0003102,0.0104906,0.0038582,-0.0003101,0.0105404
-0.0037372,0.0010727,0.0102474,-0.003735,0.001072,0.0102962
-0.0016242,-0.0044386,0.003802,-0.0016235,-0.004437,0.0038205
0.0039299,0.002627,0.0038166,0.0039284,0.0026262,0.0038355
0.0047176,0.0001918,0.003814,0.0047158,0.0001919,0.0038328
-0.0016411,-0.0035229,0.0102472,-0.0016402,-0.003521,0.0102958
-0.0009343,0.0046331,0.0038088,-0.0009339,0.0046317,0.0038275
0.0044362,-0.001623,0.0038035,0.0044347,-0.0016223,0.0038222
0.0024669,0.0040614,0.0036609,0.0024661,0.0040602,0.003679
0.002294,0.0031544,0.0100084,0.0022927,0.0031525,0.0100561
0.0041237,0.0023036,0.0038089,0.0041222,0.002303,0.0038279
-0.0038625,-0.000434,0.0102472,-0.0038602,-0.0004338,0.0102959
-0.0038707,0.0027763,0.0036643,-0.0038694,0.0027755,0.0036822
-0.0044452,0.0016043,0.0038093,-0.0044435,0.0016039,0.0038281
0.0008968,0.0046359,0.0038033,0.0008966,0.0046345,0.0038221
-0.0016001,0.0034914,0.0112369,-0.0015992,0.0034893,0.0112902
-0.0006018,0.0038257,0.0104952,-0.0006015,0.0038234,0.0105453
0.0014835,0.0035769,0.0104934,0.0014825,0.0035747,0.0105436
-0.0046211,-0.0009358,0.003813,-0.0046196,-0.0009353,0.0038318
-0.0046237,-0.0011292,0.0036714,-0.0046223,-0.0011286,0.0036893
2.2e-06,0.0038724,0.0104944,2.2e-06,0.00387,0.0105445
0.0033898,-0.0019063,0.01025,0.0033877,-0.0019051,0.0102987
0.0007176,0.0047046,0.0036585,0.0007174,0.0047032,0.0036765
-1.28e-05,-0.003872,0.0104892,-1.27e-05,-0.0038699,0.010539
-0.0024916,0.0029367,0.0109872,-0.0024903,0.0029349,0.0110395
0.0030723,0.0036264,0.0036648,0.0030713,0.0036254,0.0036829
0.0003495,0.0047511,0.0036562,0.0003494,0.0047497,0.0036742
-0.003604,-0.0031076,0.0036646,-0.0036028,-0.0031065,0.0036823
-0.0003175,-0.0038582,0.0104898,-0.0003174,-0.0038561,0.0105396
0.0038122,-0.0007634,0.0102465,0.0038099,-0.000763,0.0102952
-0.0021741,-0.0032236,0.0102489,-0.0021728,-0.0032218,0.0102976
0.0045377,0.0012835,0.003805,0.0045361,0.0012832,0.0038238
0.0046264,0.0009223,0.0038051,0.0046247,0.0009221,0.003824
-0.002763,0.0037888,0.0039596,-0.002762,0.0037877,0.0039791
0.0045287,-0.0014556,0.0036535,0.0045272,-0.001455,0.0036715
-0.0003003,0.0038594,0.0104951,-0.0003002,0.003857,0.0105452
0.0013462,0.0036466,0.0102504,0.0013454,0.0036443,0.0102994
0.0010443,-0.0037443,0.0102479,0.0010437,-0.0037422,0.0102965
0.0029298,-0.0037112,0.0038126,0.0029288,-0.0037097,0.0038311
0.0019626,-0.004291,0.0038109,0.0019621,-0.0042893,0.0038294
0.0046911,0.0005583,0.0038112,0.0046894,0.0005584,0.00383
-0.000913,-0.0046292,0.0038005,-0.0009126,-0.0046273,0.003819
-0.0017402,0.0034364,0.0109877,-0.0017392,0.0034343,0.01104
-0.0038827,-0.0001304,0.0102458,-0.0038804,-0.0001304,0.0102946
-0.001472,0.0045303,0.0036623,-0.0014714,0.004529,0.0036803
-0.0028685,-0.0026242,0.010249,-0.0028669,-0.0026228,0.0102976
-0.0026838,-0.0040432,0.0032321,-0.0026829,-0.0040418,0.0032476
-0.0019672,-0.0042984,0.0038092,-0.0019665,-0.0042968,0.0038277
0.0014267,0.0044731,0.0039651,0.0014262,0.0044716,0.0039846
0.0028586,0.0026373,0.0102498,0.0028569,0.0026356,0.0102987
0.0021366,-0.0032136,0.0107354,0.0021353,-0.0032118,0.0107862
0.0046348,-0.0011001,0.0036648,0.0046332,-0.0010995,0.0036826
-0.0007725,-0.0038087,0.0102469,-0.0007721,-0.0038066,0.0102954
0.0037098,-0.001213,0.0100066,0.0037074,-0.0012124,0.0100541
0.0039269,-0.0026192,0.0038077,0.0039255,-0.0026182,0.0038263
-0.0033387,-0.0020225,0.0100064,-0.0033368,-0.0020213,0.0100539
-0.0028244,0.0026309,0.0107395,-0.0028228,0.0026292,0.0107906
0.0014726,-0.0035842,0.0104909,0.0014716,-0.003582,0.0105406
-0.0031157,-0.003685,0.0033822,-0.0031146,-0.0036836,0.0033985
-0.0042769,-0.0019932,0.0038174,-0.0042755,-0.0019923,0.0038361
-0.0022534,0.0031209,0.0109861,-0.0022522,0.0031191,0.0110383
-0.0037037,0.0012243,0.0100081,-0.0037016,0.0012235,0.0100557
-0.0019805,0.0042887,0.0038073,-0.0019798,0.0042875,0.0038259
-0.0012738,-0.0045472,0.0038001,-0.0012732,-0.0045455,0.0038186
0.0010676,0.0045729,0.0039619,0.0010673,0.0045715,0.0039815
0.0046222,-0.0012901,0.003518,0.0046207,-0.0012895,0.0035352
-0.0007308,-0.004634,0.0039586,-0.0007305,-0.0046321,0.0039778
0.003206,-0.0034739,0.0038119,0.0032049,-0.0034725,0.0038305
-0.003123,0.0022889,0.0104921,-0.0031212,0.0022875,0.0105421
0.0034533,0.0017545,0.0104925,0.0034513,0.0017534,0.0105424
-0.0033838,0.0019149,0.0102506,-0.0033818,0.0019136,0.0102994
-0.0024591,0.0039913,0.0039582,-0.0024583,0.0039902,0.0039776
-0.0007452,0.0046359,0.003958,-0.0007449,0.0046345,0.0039774
0.0025364,0.0029632,0.0100092,0.0025348,0.0029614,0.0100569
0.0041867,-0.0021236,0.0039617,0.0041852,-0.0021227,0.003981
-0.0043517,0.0017638,0.0039668,-0.00435,0.0017633,0.0039863
-0.0003821,0.0046828,0.003953,-0.0003818,0.0046813,0.0039723
-0.0031685,-0.0022785,0.0100054,-0.0031666,-0.0022772,0.0100529
0.0020391,0.0033255,0.0100076,0.0020379,0.0033235,0.0100553
-0.0021758,-0.0043027,0.0033741,-0.002175,-0.0043012,0.0033904
0.0027817,0.0038585,0.003662,0.0027807,0.0038573,0.0036801
-0.0018674,0.003355,0.0112352,-0.0018663,0.003353,0.0112886
-0.0025465,-0.0029543,0.0100079,-0.0025451,-0.0029526,0.0100553
0.00014,-0.0038857,0.0102478,0.0001399,-0.0038835,0.0102963
0.0031925,0.0034766,0.0038117,0.0031914,0.0034755,0.0038306
0.0034491,-0.0017641,0.0104905,0.0034469,-0.0017631,0.0105403
0.0037937,-0.0009182,0.0100074,0.0037913,-0.0009177,0.0100549
0.0016292,0.0035271,0.0102532,0.0016282,0.003525,0.0103021
-0.003808,0.0007777,0.0102477,-0.0038057,0.0007771,0.0102966
0.0043409,0.0018034,0.0039642,0.0043393,0.001803,0.0039838
0.0031514,-0.0022992,0.0100075,0.0031495,-0.0022979,0.010055
0.0044657,0.0014544,0.0039643,0.0044641,0.001454,0.0039839
0.0038737,-6e-06,0.0104923,0.0038714,-6.1e-06,0.0105421
0.0037959,0.0027592,0.0039739,0.0037945,0.0027584,0.0039936
0.0033231,-0.0020451,0.0100082,0.003321,-0.0020439,0.0100557
0.0018769,-0.0033712,0.0107344,0.0018757,-0.0033694,0.0107853
0.0019537,0.0042926,0.0038051,0.0019531,0.0042912,0.0038241
0.0036492,0.0013415,0.0102485,0.003647,0.0013405,0.0102973
-0.0036548,-0.0013261,0.0102478,-0.0036526,-0.0013254,0.0102965
0.0012074,0.0037089,0.0100088,0.0012066,0.0037066,0.0100566
-0.0034827,0.0031885,0.0038099,-0.0034815,0.0031876,0.0038286
0.000169,0.0047154,0.003803,0.0001691,0.004714,0.0038217
0.0046914,-0.0003562,0.0039659,0.0046896,-0.000356,0.0039855
0.0037944,0.0009043,0.0100073,0.0037921,0.0009038,0.0100549
0.0004583,0.0038604,0.0102536,0.000458,0.003858,0.0103025
0.0035705,0.0030443,0.0039703,0.0035691,0.0030433,0.0039899
-0.0012198,-0.0037052,0.0100032,-0.0012191,-0.0037031,0.0100506
0.0025091,-0.0029508,0.010489,0.0025075,-0.0029492,0.0105388
-0.0047122,0.000156,0.0038075,-0.0047105,0.0001562,0.0038262
-0.0037883,-0.0027747,0.0039691,-0.0037869,-0.0027736,0.0039885
0.004336,-0.0017863,0.003957,0.0043344,-0.0017855,0.0039764
-0.0039911,-0.0024696,0.0039703,-0.0039897,-0.0024685,0.0039897
0.0028491,-0.0026448,0.0102487,0.0028473,-0.0026433,0.0102973
0.0007405,-0.0046958,0.0036523,0.0007404,-0.004694,0.00367
-0.0038553,-0.0005893,0.010006,-0.0038531,-0.0005889,0.0100536
-0.0023075,-0.0031466,0.0100067,-0.0023063,-0.0031447,0.0100541
-0.0010497,0.0037437,0.0102524,-0.0010491,0.0037414,0.0103013
-0.0046232,-0.000752,0.0039676,-0.0046215,-0.0007515,0.0039871
-0.0013404,0.00365,0.0102535,-0.0013397,0.0036478,0.0103024
-0.0037973,-0.00089,0.0100084,-0.0037951,-0.0008896,0.010056
-0.0046782,-0.0003966,0.0039638,-0.0046765,-0.0003963,0.0039832
0.0001832,-0.0047255,0.0037984,0.0001832,-0.0047237,0.003817
-0.0030576,0.0035548,0.0039573,-0.0030565,0.0035537,0.0039768
0.0014633,-0.0045347,0.0036593,0.0014629,-0.0045329,0.003677
0.003135,0.0022726,0.0104913,0.0031331,0.0022711,0.0105413
-0.0041986,0.0021016,0.0039661,-0.004197,0.002101,0.0039857
-0.0044781,0.0014221,0.0039632,-0.0044764,0.0014218,0.0039827
-0.0021464,-0.0042544,0.0036605,-0.0021456,-0.0042528,0.0036782
0.0009139,0.003792,0.0100096,0.0009132,0.0037896,0.0100574
0.0047052,1.17e-05,0.0039662,0.0047035,1.19e-05,0.0039857
0.0008989,-0.0037952,0.0100068,0.0008984,-0.0037929,0.0100541
0.002122,-0.0041791,0.0039604,0.0021213,-0.0041774,0.0039797
-0.0046901,0.0005227,0.00381,-0.0046884,0.0005227,0.0038287
-0.0015073,-0.0035978,0.0100033,-0.0015064,-0.0035957,0.0100507
-0.0038869,0.0003286,0.0100061,-0.0038847,0.0003283,0.0100538
-0.0039372,0.0026011,0.0038128,-0.0039358,0.0026004,0.0038316
0.0038552,0.0006052,0.0100067,0.0038528,0.0006048,0.0100542
-0.0003634,-0.0046812,0.0039548,-0.0003632,-0.0046792,0.0039741
-0.0018782,0.0033733,0.0107403,-0.0018771,0.0033713,0.0107915
0.002453,-0.0040004,0.0039605,0.0024521,-0.0039987,0.0039798
0.0038612,0.0002986,0.0104918,0.003859,0.0002983,0.0105416
0.000599,-0.0038548,0.0100074,0.0005986,-0.0038526,0.0100548
-0.0045238,-0.0014889,0.0036745,-0.0045223,-0.0014883,0.0036924
-0.0045773,0.0010678,0.0039669,-0.0045757,0.0010676,0.0039863
-0.0039024,2.13e-05,0.0100065,-0.0039,2.12e-05,0.010054
0.0035279,-0.0016324,0.0102482,0.0035256,-0.0016315,0.0102969
-0.0035975,0.0015116,0.0100081,-0.0035954,0.0015106,0.0100557
0.0046325,-0.00091,0.0038109,0.0046308,-0.0009096,0.0038296
-0.0017516,0.0034544,0.0104932,-0.0017506,0.0034523,0.0105433
-0.001782,-0.004334,0.0039556,-0.0017813,-0.0043323,0.0039748
0.0017725,0.004349,0.0039613,0.0017719,0.0043475,0.0039809
-0.0019134,-0.0033837,0.0102479,-0.0019124,-0.0033818,0.0102965
0.0036025,-0.0015,0.0100044,0.0036003,-0.0014991,0.010052
-0.0023589,-0.0042446,0.0032359,-0.0023581,-0.0042432,0.0032514
-0.0034847,-0.0017518,0.0100069,-0.0034827,-0.0017508,0.0100544
-0.0032424,-0.0035378,0.0035255,-0.0032412,-0.0035365,0.0035425
-0.0027717,-0.0027444,0.0100082,-0.0027701,-0.0027429,0.0100556
0.0038603,-0.0004623,0.0102485,0.003858,-0.000462,0.0102973
-0.0010877,-0.0045573,0.0039541,-0.0010872,-0.0045554,0.0039733
0.0022884,0.0041294,0.0038098,0.0022877,0.0041281,0.0038287
-0.0012903,0.0045501,0.0038088,-0.0012898,0.0045488,0.0038275
-0.0011079,0.0045627,0.0039631,-0.0011073,0.0045613,0.0039826
-0.0043903,0.0015859,0.0041239,-0.0043885,0.0015855,0.0041441
-0.003539,-0.0016078,0.0102467,-0.003537,-0.0016068,0.0102954
-0.0037246,0.0029057,0.0038131,-0.0037233,0.0029049,0.0038318
0.0011108,-0.0046248,0.0036584,0.0011105,-0.004623,0.0036762
-0.0007543,0.003814,0.010252,-0.0007539,0.0038117,0.010301
-0.0020025,0.0032889,0.0109869,-0.0020013,0.003287,0.0110392
0.0001548,0.0038847,0.0102516,0.0001548,0.0038823,0.0103005
0.0041896,0.0021373,0.0039645,0.004188,0.0021367,0.003984
-0.0009257,-0.0037887,0.0100029,-0.0009252,-0.0037866,0.0100503
-0.0037895,0.0009304,0.0100066,-0.0037873,0.0009298,0.0100542
0.0014948,0.0036012,0.0100104,0.0014938,0.003599,0.0100582
0.0040067,0.0024527,0.0039638,0.0040051,0.0024519,0.0039834
-0.0045529,-0.0011118,0.0039664,-0.0045513,-0.0011113,0.0039859
0.0011953,-0.0037146,0.0100062,0.0011945,-0.0037124,0.0100536
0.0037113,0.001202,0.0100072,0.003709,0.0012011,0.0100548
0.0040069,-0.0024494,0.0039584,0.0040055,-0.0024484,0.0039778
0.0045422,-0.0012687,0.0038039,0.0045406,-0.0012681,0.0038225
-0.0026103,0.002843,0.0107393,-0.0026089,0.0028413,0.0107904
-0.003555,-0.0030569,0.0039675,-0.0035537,-0.0030558,0.0039869
0.0016213,-0.0044322,0.003809,0.0016209,-0.0044305,0.0038276
0.0045618,0.0011,0.0039612,0.00456,0.0010997,0.0039808
0.0033052,0.0020195,0.0104919,0.0033031,0.0020183,0.0105419
0.0013357,-0.0036521,0.0102483,0.0013348,-0.0036499,0.0102968
0.0005313,0.0046908,0.0038006,0.0005312,0.0046893,0.0038193
0.0034722,-0.0017781,0.0100073,0.00347,-0.0017771,0.0100548
0.0017833,-0.0043386,0.0039644,0.0017828,-0.0043368,0.0039837
0.0046468,-0.0007259,0.0039637,0.0046451,-0.0007255,0.0039831
-0.0038909,-0.0002856,0.010005,-0.0038886,-0.0002854,0.0100526
0.0034672,-0.0032061,0.0038109,0.0034661,-0.0032048,0.0038294
0.0029594,-0.0025389,0.0100086,0.0029577,-0.0025375,0.0100561
0.0027575,-0.0037975,0.0039634,0.0027564,-0.0037959,0.0039827
0.0037105,-0.0029204,0.0038086,0.0037092,-0.0029192,0.0038271
0.0002934,-0.0038912,0.010007,0.0002932,-0.0038889,0.0100544
-0.0020527,-0.0033175,0.0100069,-0.0020516,-0.0033156,0.0100543
0.0019435,-0.0042364,0.0041159,0.0019429,-0.0042346,0.0041359
0.0030549,0.0024039,0.0102492,0.003053,0.0024023,0.0102981
0.0027602,0.0027549,0.010009,0.0027585,0.0027532,0.0100567
0.0026092,0.0039351,0.0038131,0.0026082,0.0039339,0.0038319
-0.0020149,0.0033056,0.0104935,-0.0020138,0.0033036,0.0105435
-0.0004713,-0.0038588,0.0102477,-0.000471,-0.0038567,0.0102962
0.0044699,-0.0014471,0.0039607,0.0044683,-0.0014465,0.0039801
-0.0033556,-0.0033835,0.0036686,-0.0033543,-0.0033822,0.0036863
-0.002935,0.0025257,0.0104928,-0.0029333,0.0025241,0.0105429
-0.0028203,-0.0039095,0.0033777,-0.0028193,-0.0039081,0.003394
-0.0041692,-0.0021504,0.0039707,-0.0041677,-0.0021494,0.00399
0.0038538,-0.0006151,0.0100069,0.0038515,-0.0006148,0.0100545
-0.0029802,-0.002521,0.0100056,-0.0029785,-0.0025195,0.0100531
-0.001639,0.0044343,0.003806,-0.0016384,0.0044331,0.0038246
-0.0009072,-0.0045676,0.0041154,-0.0009068,-0.0045657,0.0041354
0.0007103,0.0046408,0.0039599,0.0007101,0.0046393,0.0039795
-0.0001661,-0.0038844,0.0102466,-0.000166,-0.0038823,0.0102951
-0.0022947,-0.0041293,0.0038104,-0.0022938,-0.0041277,0.0038289
-0.0017854,-0.0034686,0.0100054,-0.0017844,-0.0034666,0.0100529
0.0030454,-0.0035643,0.0039664,0.0030442,-0.0035629,0.0039857
0.0012431,0.0044992,0.0041179,0.0012427,0.0044977,0.0041382
-0.0044976,0.0012415,0.0041205,-0.0044959,0.0012413,0.0041406
0.0035321,0.0016221,0.0102475,0.00353,0.001621,0.0102963
-0.0004536,0.0038614,0.0102525,-0.0004534,0.0038591,0.0103014
-0.0032227,0.0021741,0.0102501,-0.0032209,0.0021728,0.0102989
-0.0034263,-0.0018967,0.0097664,-0.0034243,-0.0018956,0.0098127
-0.0026057,0.0038769,0.0041168,-0.0026047,0.0038757,0.004137
-0.0044187,-0.0016519,0.0038144,-0.0044171,-0.0016511,0.0038332
0.0024286,0.0030767,0.0097695,0.0024271,0.0030748,0.0098161
-0.0026729,-0.0028628,0.0097685,-0.0026713,-0.0028611,0.0098148
-8.6e-06,0.0046916,0.00396,-8.5e-06,0.00469,0.0039795
0.0013569,0.0036735,0.0097691,0.0013561,0.0036712,0.0098157
-0.0009263,0.0045847,0.0041145,-0.0009258,0.0045832,0.0041347
-0.0032679,-0.0021597,0.0097676,-0.003266,-0.0021585,0.009814
0.0021784,0.0032582,0.0097672,0.0021771,0.0032562,0.0098138
-0.0023293,-0.0041947,0.0035204,-0.0023284,-0.0041932,0.0035375
0.0037712,0.0010582,0.0097666,0.0037688,0.0010575,0.009813
0.0036773,-0.0013635,0.0097677,0.0036748,-0.0013627,0.0098141
-0.0021354,0.0032157,0.0107401,-0.0021341,0.0032138,0.0107913
-0.0012012,0.0037115,0.0100122,-0.0012005,0.0037093,0.01006
-0.0024401,-0.0030652,0.0097674,-0.0024387,-0.0030634,0.0098137
-0.0021388,0.004179,0.0039578,-0.0021381,0.0041778,0.0039773
0.0015963,0.0043789,0.0041159,0.0015958,0.0043774,0.0041362
-0.0014407,-0.0044601,0.0039546,-0.00144,-0.0044583,0.0039739
0.0029088,0.0037238,0.003817,0.0029077,0.0037226,0.0038358
0.0022696,-0.0031389,0.0104892,0.0022682,-0.0031371,0.010539
0.001772,0.0034735,0.0100089,0.0017709,0.0034714,0.0100567
0.0006112,0.0038528,0.0100111,0.0006108,0.0038504,0.0100589
0.0010522,-0.0037749,0.0097658,0.0010515,-0.0037726,0.0098121
0.0043815,0.0016224,0.0041204,0.0043799,0.001622,0.0041408
-0.0045355,-0.0013002,0.0038174,-0.004534,-0.0012996,0.0038361
-0.0010789,-0.0037677,0.0097624,-0.0010782,-0.0037655,0.0098086
0.0038857,-0.0001575,0.0102487,0.0038833,-0.0001575,0.0102974
0.0007527,-0.0038445,0.0097656,0.0007523,-0.0038421,0.0098118
-0.0038487,0.0006305,0.0100049,-0.0038465,0.00063,0.0100525
0.0032533,-0.002182,0.009767,0.0032513,-0.0021807,0.0098133
-0.0037671,0.0010826,0.0097671,-0.0037649,0.0010819,0.0098135
-0.0005401,-0.0046298,0.0041102,-0.0005398,-0.0046279,0.0041302
0.0017505,-0.0034546,0.0104884,0.0017494,-0.0034527,0.0105381
-0.0005612,0.0046398,0.0041115,-0.0005609,0.0046384,0.0041317
-0.0037158,-0.0011843,0.0100081,-0.0037135,-0.0011837,0.0100557
-0.004253,0.0019283,0.0041224,-0.0042513,0.0019277,0.0041426
0.003877,0.0025946,0.0041246,0.0038755,0.0025939,0.0041449
-0.0036576,-0.0029072,0.0041251,-0.0036562,-0.002906,0.0041452
-0.0013706,-0.0036705,0.009764,-0.0013698,-0.0036684,0.0098102
-0.0033398,0.0033066,0.0039654,-0.0033386,0.0033057,0.0039849
0.0010641,0.0037716,0.0097698,0.0010634,0.0037693,0.0098164
0.0040795,-0.0022802,0.0041149,0.0040781,-0.0022792,0.004135
0.0042353,0.0019636,0.0041178,0.0042336,0.0019631,0.0041382
-0.0034479,-0.0032153,0.0038122,-0.0034466,-0.0032142,0.0038307
0.0033092,0.0033241,0.0039646,0.003308,0.0033231,0.0039843
0.0026332,-0.0028622,0.0102483,0.0026316,-0.0028606,0.0102969
-0.0046912,-2.8e-05,0.0039605,-0.0046895,-2.78e-05,0.00398
0.0046849,0.0003764,0.0039684,0.0046831,0.0003765,0.003988
0.0037701,-0.0010706,0.0097671,0.0037678,-0.0010701,0.0098135
0.0042424,-0.0019422,0.0041167,0.0042409,-0.0019414,0.0041369
-0.0038774,-0.0026198,0.0041261,-0.003876,-0.0026187,0.0041461
9e-07,-0.0047037,0.0039536,1e-06,-0.0047017,0.0039729
-0.001619,0.0035332,0.0102519,-0.0016181,0.003531,0.0103008
-0.0038456,-0.0007435,0.0097664,-0.0038435,-0.000743,0.0098128
-0.002117,-0.0041867,0.003962,-0.0021161,-0.004185,0.0039813
-0.0046348,-0.0005692,0.0041238,-0.004633,-0.0005688,0.0041441
-0.0034695,0.0017883,0.0100092,-0.0034674,0.0017872,0.0100569
0.0005488,-0.0046931,0.0038019,0.0005486,-0.0046913,0.0038204
0.0046355,0.0007412,0.0039641,0.0046337,0.0007411,0.0039837
-0.0001499,0.0038846,0.0102522,-0.0001499,0.0038823,0.0103012
-0.0046449,0.0007082,0.0039647,-0.0046433,0.0007081,0.0039841
0.0030719,-0.0024316,0.0097671,0.00307,-0.0024302,0.0098134
0.0046362,-0.0005415,0.0041119,0.0046344,-0.0005411,0.0041321
-0.0009063,0.0037956,0.010011,-0.0009058,0.0037933,0.0100587
-0.0040155,0.0024267,0.0039659,-0.0040141,0.002426,0.0039854
-0.0045721,-0.0009335,0.0041228,-0.0045703,-0.0009329,0.004143
0.0046628,-0.0001753,0.0041137,0.004661,-0.0001751,0.0041339
-0.0036688,0.001374,0.0097683,-0.0036667,0.0013731,0.0098147
0.0036625,0.0028964,0.0041299,0.0036611,0.0028954,0.0041503
0.0038908,0.0003008,0.0100091,0.0038885,0.0003005,0.0100567
0.0022763,-0.0040636,0.0041134,0.0022755,-0.0040618,0.0041334
-0.0029021,0.0036541,0.0041145,-0.0029011,0.0036531,0.0041347
-0.0039122,0.0001741,0.0097673,-0.0039099,0.000174,0.0098137
0.0038435,0.0007579,0.0097656,0.0038411,0.0007574,0.009812
-0.0038924,-0.0004401,0.0097641,-0.0038901,-0.0004399,0.0098105
-0.0038881,0.0004801,0.0097676,-0.0038859,0.0004798,0.009814
0.002109,0.004193,0.0039604,0.0021083,0.0041916,0.00398
-0.001893,0.0033958,0.0102508,-0.0018919,0.0033938,0.0102997
-0.0029613,-0.0037924,0.0035269,-0.0029602,-0.003791,0.003544
0.0003547,0.0046738,0.003958,0.0003546,0.0046723,0.0039776
0.000308,0.0038906,0.0100109,0.0003079,0.0038882,0.0100586
-0.0027292,0.0027475,0.0104947,-0.0027276,0.0027458,0.0105446
-0.0046567,-0.0002075,0.0041141,-0.0046549,-0.0002072,0.0041344
0.0008842,0.0045854,0.0041157,0.0008839,0.0045837,0.0041362
-0.0014562,0.0044569,0.0039607,-0.0014556,0.0044556,0.0039801
-0.0035654,-0.001621,0.009766,-0.0035633,-0.0016201,0.0098123
-0.0022868,0.0040629,0.0041133,-0.0022859,0.0040617,0.0041336
0.0026627,0.0028763,0.0097692,0.0026611,0.0028745,0.0098157
-0.0036121,-0.0014732,0.0100058,-0.0036099,-0.0014724,0.0100533
-0.0006252,-0.0038519,0.0100053,-0.0006248,-0.0038497,0.0100527
0.0016401,0.0035556,0.0097672,0.001639,0.0035534,0.0098138
-0.0035884,0.003033,0.0039674,-0.0035871,0.0030321,0.0039868
-0.0038107,0.0027355,0.0039694,-0.0038093,0.0027347,0.003989
0.0012774,-0.0045478,0.0038104,0.001277,-0.004546,0.0038288
-0.0024674,-0.004069,0.0036621,-0.0024664,-0.0040675,0.0036799
0.0033221,-0.0033237,0.0039618,0.0033209,-0.0033223,0.0039812
0.0044923,0.0012692,0.0041203,0.0044905,0.0012688,0.0041406
-0.0038388,0.0007844,0.0097659,-0.0038365,0.0007839,0.0098124
0.004579,-0.0009011,0.0041122,0.0045773,-0.0009006,0.0041323
0.001439,-0.0044637,0.0039641,0.0014387,-0.0044619,0.0039834
-0.0034056,-0.0031728,0.0041182,-0.0034043,-0.0031716,0.0041383
0.0037967,-0.0027589,0.003964,0.0037954,-0.0027578,0.0039833
0.0038913,0.0004536,0.0097659,0.0038889,0.0004533,0.0098124
0.0036079,0.0014886,0.0100073,0.0036057,0.0014876,0.0100549
0.0045709,-0.0010896,0.0039617,0.0045692,-0.001089,0.0039812
-0.0025043,-0.004114,0.0033755,-0.0025034,-0.0041127,0.0033917
-0.0046853,0.0003436,0.0039643,-0.0046836,0.0003436,0.0039838
0.0040709,0.0022868,0.0041199,0.0040692,0.0022861,0.0041402
0.0034152,-0.0019216,0.0097673,0.003413,-0.0019204,0.0098135
0.0020164,-0.0033068,0.0104891,0.0020151,-0.0033049,0.0105389
0.0016056,-0.0043869,0.0041193,0.0016052,-0.0043851,0.0041394
0.003885,0.000147,0.0102495,0.0038826,0.0001468,0.0102982
0.0035564,-0.0016493,0.0097685,0.0035542,-0.0016483,0.0098149
-0.0014875,0.0036072,0.010011,-0.0014866,0.003605,0.0100587
-0.0023816,0.0030392,0.0107391,-0.0023803,0.0030375,0.0107903
-0.0012825,0.004496,0.0041196,-0.001282,0.0044946,0.0041397
-0.0028901,-0.002645,0.0097665,-0.0028885,-0.0026435,0.0098128
0.0038854,-0.0025887,0.0041151,0.003884,-0.0025877,0.0041352
-0.0007791,-0.0038394,0.0097631,-0.0007786,-0.0038372,0.0098093
0.0013444,-0.0036792,0.0097656,0.0013436,-0.003677,0.0098118
-0.003915,-0.0001332,0.009765,-0.0039126,-0.0001331,0.0098114
0.0025913,-0.0038827,0.0041179,0.0025902,-0.003881,0.0041379
0.0027512,-0.0027635,0.0100076,0.0027495,-0.002762,0.010055
-0.0012568,-0.0044928,0.0041115,-0.0012562,-0.0044909,0.0041315
0.0009194,-0.0046386,0.0038049,0.0009192,-0.0046368,0.0038234
-0.0037759,-0.0010432,0.0097664,-0.0037736,-0.0010427,0.0098128
0.0036781,0.0013525,0.0097659,0.0036758,0.0013515,0.0098123
0.0039047,-5.2e-06,0.0100088,0.0039022,-5.2e-06,0.0100563
-0.0025057,0.0029536,0.0104934,-0.0025044,0.0029519,0.0105434
-0.0021915,-0.003248,0.0097672,-0.0021903,-0.0032461,0.0098134
-0.0027344,0.0037384,0.0042741,-0.0027334,0.0037372,0.0042951
0.0029678,0.0025308,0.0100075,0.002966,0.0025291,0.0100552
0.002436,0.0040207,0.0039631,0.0024351,0.0040193,0.0039827
-0.0030788,-0.0036361,0.0036656,-0.0030776,-0.0036347,0.0036833
-0.0017988,0.0043329,0.0039615,-0.0017981,0.0043317,0.003981
-0.0040642,-0.0023054,0.0041271,-0.0040627,-0.0023043,0.0041472
0.0038422,-0.0007712,0.0097677,0.0038399,-0.0007708,0.0098141
-0.0030877,-0.0024107,0.0097667,-0.0030859,-0.0024092,0.009813
-0.0016564,-0.0035516,0.009766,-0.0016555,-0.0035496,0.0098122
-0.0046172,-0.0003867,0.0042742,-0.0046153,-0.0003864,0.0042951
-0.0035179,-0.0017703,0.0095316,-0.0035158,-0.0017692,0.0095767
0.0032339,0.0021564,0.0102501,0.0032319,0.002155,0.0102989
-0.0045849,0.0008831,0.0041221,-0.0045833,0.000883,0.0041423
-0.0024304,0.0039415,0.0042691,-0.0024295,0.0039402,0.0042901
-0.0044214,0.0014068,0.0042829,-0.0044196,0.0014064,0.0043038
-0.002152,0.0032376,0.0102501,-0.0021507,0.0032356,0.0102989
-0.0022666,0.0031388,0.0104935,-0.0022653,0.003137,0.0105436
0.0039471,0.0024222,0.0042794,0.0039454,0.0024214,0.0043006
-0.0030439,0.0024192,0.0102512,-0.0030422,0.0024177,0.0103
0.0033938,0.0018949,0.0102483,0.0033917,0.0018936,0.0102971
-0.0027967,-0.0027699,0.009529,-0.002795,-0.0027683,0.0095741
0.0004473,-0.0038915,0.0097676,0.0004471,-0.0038893,0.0098139
0.003891,-0.0003113,0.0100071,0.0038886,-0.0003111,0.0100547
-0.0001981,0.0046542,0.0041059,-0.0001979,0.0046527,0.0041261
0.0023179,0.0031859,0.0095316,0.0023165,0.0031839,0.009577
-0.0025716,-0.0029805,0.0095307,-0.00257,-0.0029787,0.0095758
-0.0038924,-0.0005961,0.0095287,-0.00389,-0.0005958,0.0095739
-0.003514,-0.0030203,0.0042768,-0.0035127,-0.0030191,0.0042976
0.0041376,-0.0020978,0.0042704,0.004136,-0.0020969,0.0042913
-0.0026109,-0.0039312,0.0038055,-0.0026099,-0.0039297,0.0038241
-0.0042897,0.0017497,0.0042812,-0.004288,0.0017492,0.0043022
0.0025602,0.0029941,0.0095323,0.0025587,0.0029922,0.0095777
0.0014104,0.0044158,0.0042739,0.0014099,0.0044142,0.004295
-0.0033175,0.0020526,0.0100089,-0.0033156,0.0020513,0.0100566
0.0039141,0.0001482,0.009768,0.0039117,0.0001481,0.0098144
0.0028918,-0.0036693,0.0041202,0.0028907,-0.0036677,0.0041402
-0.0033007,-0.0033299,0.0039652,-0.0032995,-0.0033287,0.0039845
0.0019152,0.0034176,0.0097677,0.001914,0.0034155,0.0098142
0.000765,0.0038431,0.0097717,0.0007645,0.0038406,0.0098182
0.0044065,0.0014357,0.0042771,0.0044047,0.0014353,0.0042982
0.0019356,0.0042416,0.0041157,0.001935,0.0042401,0.004136
-0.0038247,0.0009383,0.0095307,-0.0038223,0.0009378,0.0095759
-0.0044553,-0.001472,0.003968,-0.0044537,-0.0014713,0.0039874
0.0036339,-0.0015146,0.0095322,0.0036316,-0.0015137,0.0095774
-0.0001742,-0.0046704,0.0041102,-0.0001741,-0.0046684,0.0041302
0.0024013,-0.0030597,0.0102486,0.0023998,-0.0030579,0.0102972
0.0009077,-0.003831,0.0095296,0.0009071,-0.0038287,0.0095747
-0.0007177,-0.0045794,0.0042709,-0.0007174,-0.0045775,0.0042917
0.0016179,-0.0035344,0.0102484,0.0016169,-0.0035324,0.010297
-0.0007359,0.0045756,0.0042644,-0.0007356,0.0045741,0.0042854
2e-06,0.0039017,0.0100112,2e-06,0.0038994,0.010059
-0.0006074,0.0038529,0.0100106,-0.000607,0.0038506,0.0100584
-0.0012321,-0.0037421,0.0095266,-0.0012313,-0.0037398,0.0095717
0.0012162,0.003744,0.0095321,0.0012154,0.0037417,0.0095775
-1.17e-05,-0.0039022,0.010007,-1.17e-05,-0.0039,0.0100543
0.0042771,0.0017794,0.0042753,0.0042754,0.0017789,0.0042965
0.0030342,0.003576,0.0039648,0.0030331,0.0035748,0.0039844
0.0043851,-0.0016102,0.0041193,0.0043835,-0.0016094,0.0041395
0.0010602,0.0045107,0.0042712,0.0010598,0.004509,0.0042923
0.0012059,-0.0037473,0.009528,0.0012051,-0.0037451,0.009573
0.003744,-0.0012242,0.0095319,0.0037415,-0.0012235,0.009577
0.0034192,0.003172,0.0041188,0.0034179,0.0031709,0.0041393
-0.0037394,-0.0027388,0.0042814,-0.003738,-0.0027377,0.0043022
0.0045775,0.0009182,0.004122,0.0045756,0.000918,0.0041423
0.0003685,-0.0046876,0.0039541,0.0003685,-0.0046857,0.0039734
-0.0031857,0.0034171,0.0041164,-0.0031845,0.003416,0.0041367
0.0015071,0.0036374,0.0095299,0.0015061,0.0036351,0.0095753
0.0017651,-0.00429,0.0042742,0.0017646,-0.0042881,0.004295
-0.0040842,0.0022541,0.0041188,-0.0040826,0.0022534,0.004139
-0.0043328,-0.0018174,0.0039706,-0.0043312,-0.0018165,0.00399
-0.0039224,0.000329,0.0095297,-0.00392,0.0003288,0.0095748
-0.0024418,-0.004002,0.003962,-0.0024408,-0.0040005,0.0039814
0.0046105,-0.0003558,0.0042683,0.0046087,-0.0003555,0.0042893
-0.003551,0.0016569,0.0097698,-0.0035489,0.0016559,0.0098162
-0.0038339,-0.0008992,0.0095297,-0.0038316,-0.0008987,0.0095749
0.0028728,-0.0026661,0.0097675,0.0028709,-0.0026646,0.0098138
0.0014823,-0.0036088,0.010007,0.0014814,-0.0036067,0.0100544
-0.0013521,0.0036772,0.0097695,-0.0013513,0.003675,0.009816
-0.0033647,-0.0020404,0.0095283,-0.0033627,-0.0020392,0.0095734
-0.0010875,0.0045068,0.0042679,-0.0010869,0.0045053,0.0042889
0.0035712,-0.0030493,0.0039643,0.00357,-0.0030481,0.0039836
0.0039566,-0.0024157,0.0042728,0.0039552,-0.0024147,0.0042938
-0.0009342,-0.003827,0.0095277,-0.0009337,-0.0038246,0.0095728
-0.0039378,2.16e-05,0.00953,-0.0039354,2.16e-05,0.0095752
-0.0037396,0.0012353,0.0095325,-0.0037373,0.0012344,0.0095778
-0.0010597,0.0037716,0.009771,-0.0010591,0.0037693,0.0098176
-0.0044781,-0.0012872,0.0041177,-0.0044764,-0.0012865,0.0041379
0.0046616,0.0001847,0.004118,0.0046598,0.0001848,0.0041383
0.0031797,-0.0023198,0.0095294,0.0031777,-0.0023183,0.0095745
0.0033541,-0.0020637,0.0095277,0.0033519,-0.0020624,0.0095729
-0.0045706,-0.0007461,0.0042749,-0.0045688,-0.0007457,0.0042958
0.0021011,-0.0041318,0.0042721,0.0021004,-0.00413,0.0042929
-0.0010781,-0.0045138,0.0042749,-0.0010776,-0.0045118,0.0042957
-0.001607,-0.0043887,0.0041132,-0.0016063,-0.0043869,0.0041333
0.0038308,0.0009153,0.0095315,0.0038283,0.0009147,0.0095767
0.0037387,0.0027239,0.0042811,0.0037371,0.002723,0.0043022
0.0045727,-0.0007161,0.0042681,0.0045709,-0.0007156,0.0042891
0.0037464,0.001213,0.0095308,0.003744,0.0012121,0.009576
-0.0019388,-0.0042456,0.004115,-0.001938,-0.0042438,0.0041351
-0.0030198,0.003514,0.0042744,-0.0030187,0.0035129,0.0042954
-0.0017651,0.0034792,0.010011,-0.0017641,0.0034771,0.0100588
0.0042834,-0.0017622,0.0042774,0.0042818,-0.0017614,0.0042984
-0.0019284,-0.0034088,0.0097662,-0.0019273,-0.0034069,0.0098124
-0.0046557,0.0001567,0.0041123,-0.0046538,0.0001568,0.0041325
-0.0020332,0.0033309,0.0100104,-0.002032,0.0033288,0.0100581
-0.0036457,-0.0014875,0.0095308,-0.0036434,-0.0014865,0.009576
0.0004615,0.00389,0.00977,0.0004613,0.0038875,0.0098166
0.001258,-0.0044979,0.0041201,0.0012576,-0.004496,0.0041402
-0.0026464,-0.0039933,0.0035213,-0.0026454,-0.0039918,0.0035384
0.000529,0.0046313,0.0041148,0.0005288,0.0046297,0.0041353
-0.0045146,0.0010528,0.0042773,-0.0045128,0.0010525,0.0042983
0.0027491,0.0038183,0.0039686,0.0027481,0.003817,0.0039882
0.0044977,-0.0012654,0.0041151,0.004496,-0.0012647,0.0041352
-0.0019661,0.0042334,0.0041145,-0.0019654,0.0042322,0.0041349
0.0028795,0.0026569,0.0097676,0.0028778,0.0026552,0.0098141
-0.0046395,-1.98e-05,0.004275,-0.0046376,-1.96e-05,0.004296
-0.0030047,-0.0025412,0.0095276,-0.003003,-0.0025398,0.0095728
-0.0032635,-0.003293,0.004276,-0.0032622,-0.0032918,0.0042969
-0.0034448,0.0031551,0.0041219,-0.0034435,0.0031541,0.0041422
0.0017572,0.0042893,0.0042772,0.0017565,0.0042878,0.0042983
-0.0039276,-0.0002879,0.0095311,-0.0039253,-0.0002877,0.0095762
0.003168,-0.0034178,0.0041173,0.0031668,-0.0034164,0.0041374
-0.0027906,-0.0038598,0.0036634,-0.0027896,-0.0038584,0.0036812
0.0024226,-0.0039522,0.0042753,0.0024217,-0.0039504,0.0042962
0.0020593,0.0033582,0.0095319,0.0020581,0.0033561,0.0095773
0.0046325,0.0005577,0.0041204,0.0046306,0.0005576,0.0041407
-0.0031896,-0.0034817,0.0038103,-0.0031884,-0.0034804,0.0038288
-0.002398,0.0030577,0.0102498,-0.0023966,0.0030559,0.0102986
0.0035037,-0.0017939,0.0095298,0.0035015,-0.0017928,0.009575
-0.002629,0.0028602,0.0102506,-0.0026275,0.0028585,0.0102994
-0.0003514,-0.0046252,0.0042677,-0.0003512,-0.0046232,0.0042885
0.0010916,-0.004568,0.0039581,0.0010912,-0.0045662,0.0039773
0.0006029,-0.0038907,0.0095286,0.0006026,-0.0038883,0.0095736
0.0021529,-0.003238,0.0102476,0.0021515,-0.0032361,0.0102962
0.0035595,0.0016359,0.009769,0.0035573,0.0016348,0.0098155
-0.0004751,-0.0038883,0.0097642,-0.0004748,-0.0038861,0.0098104
-0.0015225,-0.0036316,0.009528,-0.0015216,-0.0036294,0.0095731
-0.0003208,-0.0038881,0.0100052,-0.0003205,-0.003886,0.0100526
0.0009188,0.0038288,0.0095335,0.0009181,0.0038263,0.0095789
-0.0036792,0.0028722,0.0041235,-0.0036779,0.0028713,0.0041437
-0.0036822,-0.001336,0.0097664,-0.0036799,-0.0013352,0.0098128
-0.0003789,0.0046188,0.0042649,-0.0003786,0.0046172,0.004286
0.0034813,0.0017686,0.0100094,0.003479,0.0017675,0.010057
0.0041246,0.0021078,0.004279,0.0041228,0.0021072,0.0043002
0.0018924,-0.0033975,0.0102473,0.0018912,-0.0033955,0.0102959
0.0014283,-0.0044076,0.0042729,0.0014278,-0.0044057,0.0042937
-0.0038848,0.0006351,0.0095302,-0.0038825,0.0006347,0.0095754
0.0046303,4.6e-06,0.0042754,0.0046284,4.8e-06,0.0042964
0.0045,0.0010846,0.0042784,0.0044982,0.0010843,0.0042994
-0.0016341,0.0035606,0.00977,-0.0016332,0.0035584,0.0098165
0.0036743,-0.0028923,0.0041199,0.0036729,-0.0028911,0.0041399
0.0029893,-0.002564,0.0095326,0.0029875,-0.0025625,0.0095776
0.0025261,-0.0029708,0.0100069,0.0025245,-0.0029691,0.0100544
-0.0003039,0.0038892,0.0100102,-0.0003037,0.0038869,0.010058
-0.0038971,0.0025717,0.0041233,-0.0038956,0.0025709,0.0041436
-0.001424,-0.0044165,0.0042668,-0.0014233,-0.0044146,0.0042876
0.0038908,0.0006102,0.0095302,0.0038884,0.0006099,0.0095754
-0.0028448,0.0026492,0.0102525,-0.0028432,0.0026475,0.0103014
0.0022635,0.0040768,0.0041114,0.0022626,0.0040753,0.0041317
0.0001715,0.0046502,0.0041122,0.0001715,0.0046486,0.0041325
0.0027866,0.0027827,0.0095312,0.0027849,0.0027809,0.0095765
-0.0005309,-0.0045728,0.0044299,-0.0005307,-0.0045707,0.0044515
0.003828,-0.0009268,0.0095314,0.0038256,-0.0009262,0.0095765
-0.0031963,-0.0022986,0.0095288,-0.0031944,-0.0022973,0.009574
0.0001559,0.003915,0.0097701,0.0001558,0.0039126,0.0098166
0.0045992,-0.0001739,0.0044362,0.0045972,-0.0001737,0.004458
0.001927,-0.0041821,0.0044324,0.0019263,-0.0041802,0.0044539
-0.0009037,0.0045071,0.0044319,-0.0009033,0.0045055,0.0044538
0.003157,0.0022908,0.0100081,0.003155,0.0022893,0.0100558
-0.0046354,0.0005212,0.0041188,-0.0046337,0.0005211,0.004139
0.0035118,0.0030148,0.0042778,0.0035103,0.0030137,0.0042989
-0.0025656,0.0038202,0.0044355,-0.0025646,0.0038189,0.0044573
0.0027247,-0.0037544,0.0042736,0.0027235,-0.0037527,0.0042943
-0.0044395,0.0012193,0.0044394,-0.0044376,0.001219,0.0044611
-0.0039396,-0.0024371,0.0042803,-0.0039382,-0.002436,0.0043011
0.0026553,-0.0028856,0.0097669,0.0026536,-0.0028839,0.0098132
0.0045042,-0.0010728,0.0042696,0.0045025,-0.0010723,0.0042905
-0.003147,0.002306,0.0100104,-0.0031453,0.0023045,0.0100581
0.0001415,-0.0039153,0.0097666,0.0001414,-0.003913,0.0098128
-0.0046032,-0.0002032,0.0044364,-0.0046013,-0.000203,0.0044581
-0.0031563,-0.0034404,0.004121,-0.003155,-0.0034391,0.004141
0.0038924,-0.0004661,0.0097689,0.00389,-0.0004658,0.0098152
-0.0042272,-0.0019732,0.0041229,-0.0042256,-0.0019722,0.004143
-0.0026983,-0.0028933,0.0092945,-0.0026966,-0.0028916,0.0093384
0.0015766,0.0043226,0.0044362,0.0015759,0.0043209,0.0044582
-0.0023301,-0.0031749,0.0095316,-0.0023287,-0.0031729,0.0095767
-0.0029114,-0.0037213,0.0038125,-0.0029103,-0.0037198,0.003831
-0.0006295,-0.0038852,0.0095254,-0.0006291,-0.003883,0.0095705
0.0021993,0.0032904,0.0092979,0.002198,0.0032883,0.0093421
-0.0041419,0.0020821,0.0042797,-0.0041402,0.0020814,0.0043006
-0.000889,-0.0045105,0.0044326,-0.0008885,-0.0045084,0.0044542
0.0039158,-0.0001591,0.009767,0.0039133,-0.0001591,0.0098134
-0.002917,-0.0026721,0.0092928,-0.0029153,-0.0026705,0.0093367
0.0040273,-0.0022497,0.004436,0.0040256,-0.0022486,0.0044577
-0.0022861,0.0031628,0.0100103,-0.0022847,0.0031609,0.010058
-0.003932,-0.0004431,0.0092968,-0.0039296,-0.0004428,0.0093409
0.0007003,0.0045783,0.0042706,0.0007,0.0045765,0.0042918
-0.0012122,0.0037459,0.0095313,-0.0012115,0.0037435,0.0095767
0.0015918,-0.0043195,0.0044371,0.0015912,-0.0043175,0.0044587
-0.0028565,0.0036022,0.004441,-0.0028553,0.003601,0.0044629
0.0037516,-0.002717,0.0042706,0.0037501,-0.0027158,0.0042915
0.0036383,0.001503,0.0095285,0.003636,0.001502,0.0095738
0.0034358,-0.003177,0.0041175,0.0034345,-0.0031757,0.0041375
0.0017898,0.003508,0.0095302,0.0017887,0.0035058,0.0095756
-0.0022698,-0.0040794,0.0041154,-0.0022689,-0.0040778,0.0041354
-0.0013843,-0.0037051,0.0092915,-0.0013834,-0.0037028,0.0093353
-0.0043273,0.0015652,0.0044413,-0.0043254,0.0015648,0.004463
0.0024525,0.0031104,0.0092986,0.002451,0.0031084,0.0093427
0.0045745,-0.0005353,0.0044362,0.0045726,-0.0005349,0.004458
-0.0037514,-0.0011975,0.0095308,-0.0037491,-0.0011968,0.009576
-0.0010886,-0.0038037,0.0092916,-0.0010879,-0.0038014,0.0093355
-0.0034095,0.0019287,0.009769,-0.0034075,0.0019275,0.0098155
-0.0021145,0.004126,0.0042735,-0.0021137,0.0041246,0.0042946
-0.001501,0.0036383,0.009531,-0.0015002,0.003636,0.0095763
-0.0038857,-0.0007529,0.0092958,-0.0038833,-0.0007524,0.0093398
0.0041865,-0.0019195,0.0044371,0.0041848,-0.0019186,0.0044588
0.0010616,-0.0038126,0.0092934,0.001061,-0.0038102,0.0093373
0.0037099,-0.0013755,0.0092977,0.0037075,-0.0013747,0.0093417
0.0031628,0.0034424,0.0041204,0.0031616,0.0034412,0.0041407
0.0012338,0.004438,0.0044386,0.0012333,0.0044362,0.0044605
-0.0036017,-0.002865,0.0044423,-0.0036003,-0.0028638,0.004464
0.0040125,0.0022518,0.004445,0.0040107,0.002251,0.0044669
0.0007328,-0.0046347,0.0039524,0.0007326,-0.0046328,0.0039716
0.0038821,0.0007664,0.0092971,0.0038796,0.000766,0.0093412
-0.0038771,0.0007915,0.0092969,-0.0038747,0.000791,0.0093409
-0.0017608,-0.0042906,0.0042716,-0.0017599,-0.0042888,0.0042923
-0.0044991,-0.0011005,0.0042768,-0.0044973,-0.0010999,0.0042978
-0.0027428,-0.0038011,0.0039637,-0.0027418,-0.0037996,0.0039831
0.0044259,0.001255,0.0044407,0.004424,0.0012546,0.0044625
-0.0036289,0.0015225,0.0095318,-0.0036268,0.0015215,0.0095771
0.0016303,-0.0035612,0.0097669,0.0016293,-0.003559,0.0098132
0.0001852,-0.0046649,0.0041063,0.0001852,-0.0046629,0.0041263
-0.0016204,0.0043734,0.00412,-0.0016198,0.0043722,0.0041402
-0.0038034,0.0010929,0.0092964,-0.003801,0.0010921,0.0093405
-0.0007618,0.0038433,0.0097696,-0.0007614,0.003841,0.0098161
-0.0034637,-0.0019166,0.0092958,-0.0034615,-0.0019155,0.0093397
-0.0014401,0.0044092,0.0042814,-0.0014395,0.0044079,0.0043025
0.0031011,-0.0024566,0.0092957,0.0030991,-0.0024551,0.0093396
0.0032863,-0.0022064,0.009294,0.0032841,-0.002205,0.009338
-0.003954,0.000177,0.0092977,-0.0039515,0.0001769,0.0093417
-0.0005514,0.0045623,0.0044259,-0.0005511,0.0045607,0.0044477
-0.0033642,-0.0031324,0.004436,-0.0033629,-0.0031312,0.0044576
-0.0043704,-0.0016373,0.0041248,-0.0043687,-0.0016365,0.0041449
0.0035914,-0.0016625,0.0092962,0.0035891,-0.0016614,0.0093402
0.0007597,-0.0038819,0.0092931,0.0007592,-0.0038795,0.009337
0.0043125,0.0016001,0.0044391,0.0043106,0.0015996,0.0044609
0.0013695,0.0037147,0.009298,0.0013686,0.0037124,0.0093422
0.0014966,-0.0036408,0.0095284,0.0014957,-0.0036386,0.0095735
0.003926,0.0003013,0.0095296,0.0039236,0.0003011,0.0095748
0.0010723,0.0038103,0.0092987,0.0010716,0.0038078,0.0093429
-0.0036027,-0.0016378,0.0092975,-0.0036005,-0.0016368,0.0093415
0.0038226,0.0025568,0.0044443,0.0038209,0.0025559,0.0044662
-0.0045693,-0.0005622,0.0044391,-0.0045674,-0.0005618,0.0044608
0.0038108,0.0010696,0.0092961,0.0038083,0.0010689,0.0093402
-0.0039285,0.0004866,0.0092968,-0.0039261,0.0004862,0.0093408
0.0044081,-0.0014208,0.0042768,0.0044064,-0.0014201,0.0042977
-0.0046244,0.0003348,0.0042768,-0.0046225,0.0003348,0.0042977
0.0006155,0.0038887,0.0095343,0.0006151,0.0038862,0.0095797
-0.0001744,-0.0046055,0.0044334,-0.0001743,-0.0046034,0.004455
-0.0019086,0.003422,0.0097718,-0.0019074,0.0034199,0.0098183
-0.0012537,0.0044218,0.0044335,-0.0012531,0.0044203,0.0044555
0.0045986,0.0001903,0.0044386,0.0045966,0.0001904,0.0044604
-0.0024626,-0.0030938,0.0092957,-0.0024611,-0.003092,0.0093397
-0.0045851,0.0006975,0.0042794,-0.0045832,0.0006974,0.0043003
0.0017627,-0.0034795,0.0100071,0.0017616,-0.0034774,0.0100545
-0.0045184,0.0008712,0.0044411,-0.0045165,0.000871,0.0044629
0.0030789,0.0024218,0.0097668,0.003077,0.0024202,0.0098134
0.00225,-0.0040138,0.0044358,0.0022491,-0.0040119,0.0044574
0.0022859,-0.0031607,0.0100067,0.0022845,-0.0031589,0.0100541
-0.0032897,0.0032724,0.0042786,-0.0032885,0.0032714,0.0042997
-1.44e-05,0.0046324,0.0042686,-1.42e-05,0.0046308,0.0042897
-0.0038164,-0.0025762,0.0044447,-0.003815,-0.002575,0.0044664
0.001913,0.0041862,0.0044376,0.0019123,0.0041846,0.0044595
-0.0039554,-0.0001336,0.0092967,-0.0039529,-0.0001335,0.0093407
0.0045079,0.0009036,0.0044432,0.004506,0.0009033,0.0044649
-0.001801,-0.0035005,0.0095284,-0.0017999,-0.0034984,0.0095734
0.0019347,0.0034536,0.0092965,0.0019335,0.0034514,0.0093407
0.0013586,-0.0037174,0.0092938,0.0013578,-0.0037151,0.0093376
-0.0025257,0.0029722,0.0100093,-0.0025242,0.0029704,0.0100569
-0.0009169,0.0038294,0.009533,-0.0009163,0.003827,0.0095783
0.0045702,0.0007304,0.0042778,0.0045683,0.0007303,0.0042987
-0.0035342,0.0029933,0.0042777,-0.0035329,0.0029923,0.0042987
8.3e-06,-0.0046381,0.0042683,8.3e-06,-0.0046361,0.004289
0.0041736,0.0019303,0.0044436,0.0041718,0.0019297,0.0044655
0.0009057,-0.004573,0.0041119,0.0009054,-0.0045712,0.004132
0.0002961,-0.0039258,0.0095289,0.0002959,-0.0039235,0.0095739
0.0010796,-0.0045089,0.0042772,0.0010793,-0.0045071,0.004298
-0.0016713,-0.0035859,0.0092915,-0.0016703,-0.0035836,0.0093354
-0.0001668,-0.0039143,0.009766,-0.0001667,-0.003912,0.0098123
-0.0012403,-0.004427,0.0044296,-0.0012396,-0.0044251,0.0044511
-0.0045992,0.0001558,0.0044398,-0.0045974,0.000156,0.0044615
0.0038072,-0.0010816,0.0092961,0.0038047,-0.0010809,0.0093401
0.0034195,0.0019091,0.0097693,0.0034173,0.0019079,0.0098158
0.0039293,0.0004576,0.0092959,0.0039268,0.0004573,0.0093398
0.0020911,0.0041386,0.0042763,0.0020903,0.0041371,0.0042974
0.0046141,0.0003685,0.0042732,0.0046121,0.0003685,0.0042942
-0.0022586,0.0040098,0.0044333,-0.0022576,0.0040085,0.0044552
0.0033289,0.0020346,0.010009,0.0033268,0.0020333,0.0100567
0.0028999,-0.0026934,0.0092969,0.0028981,-0.0026917,0.0093408
0.0038306,-0.0025543,0.0044366,0.0038291,-0.0025531,0.0044583
-0.0033011,-0.0021819,0.0092939,-0.0032991,-0.0021805,0.0093378
0.0030118,-0.0035295,0.0042715,0.0030105,-0.003528,0.0042922
0.00278,-0.0027915,0.009533,0.0027783,-0.0027897,0.0095781
-0.0001517,0.0039165,0.0097693,-0.0001516,0.0039141,0.0098158
0.0016568,0.0035929,0.0092956,0.0016558,0.0035907,0.0093399
-0.0004587,0.0038934,0.009769,-0.0004584,0.003891,0.0098156
0.0034506,-0.0019401,0.0092946,0.0034483,-0.0019388,0.0093385
-0.0017856,0.0042707,0.0042718,-0.0017849,0.0042693,0.0042929
0.0003084,0.0039253,0.0095318,0.0003083,0.0039228,0.0095772
0.002075,-0.00408,0.0046009,0.0020741,-0.004078,0.0046232
-0.0020713,-0.0033485,0.0095308,-0.0020701,-0.0033466,0.0095758
0.0029968,0.0025554,0.0095306,0.0029949,0.0025537,0.0095759
0.0040825,0.0020841,0.0046089,0.0040806,0.0020833,0.0046317
0.0003455,0.0046236,0.0042761,0.0003455,0.0046218,0.0042971
-0.0021695,0.0032621,0.0097698,-0.0021682,0.0032601,0.0098164
0.0012185,-0.0037882,0.0090599,0.0012177,-0.0037858,0.0091026
0.0017503,-0.0042289,0.0046021,0.0017497,-0.0042269,0.0046245
-0.0026913,0.0036943,0.0046047,-0.0026902,0.003693,0.0046274
-0.0025957,-0.0030125,0.0090596,-0.0025941,-0.0030106,0.0091024
-0.0034638,-0.0029848,0.0046065,-0.0034623,-0.0029835,0.004629
0.0032615,0.0032841,0.0042746,0.0032602,0.0032829,0.0042957
-0.0007266,0.0045148,0.0046002,-0.0007262,0.004513,0.0046229
0.0019064,-0.0034234,0.009766,0.0019051,-0.0034213,0.0098123
0.0035211,-0.0030021,0.004267,0.0035198,-0.0030009,0.0042879
0.0025588,-0.0038257,0.0044384,0.0025577,-0.0038239,0.00446
0.0025817,0.0038926,0.0041155,0.0025807,0.0038912,0.0041359
-0.0039757,2.14e-05,0.009064,-0.0039732,2.14e-05,0.0091069
-0.0041227,-0.002124,0.0042785,-0.0041211,-0.002123,0.0042993
0.0024205,-0.003084,0.0097658,0.0024189,-0.0030821,0.009812
0.0038886,-0.0006216,0.0095319,0.0038862,-0.0006212,0.009577
0.0045118,-0.0008868,0.0044349,0.00451,-0.0008863,0.0044566
-0.0029573,0.002543,0.0100111,-0.0029556,0.0025414,0.0100588
0.0037143,0.0013636,0.009295,0.0037119,0.0013627,0.0093391
0.0030192,-0.0025908,0.0090632,0.0030173,-0.0025891,0.009106
-0.0001934,0.004594,0.0044303,-0.0001932,0.0045923,0.0044522
-0.0036883,-0.002709,0.0046104,-0.0036867,-0.0027078,0.0046329
0.0017344,0.004226,0.0046038,0.0017337,0.0042243,0.0046264
-0.0039682,-0.0002922,0.009064,-0.0039656,-0.000292,0.0091068
-0.0041907,0.0019018,0.004444,-0.0041888,0.0019012,0.0044658
-0.0007866,-0.0038771,0.009291,-0.0007862,-0.0038748,0.0093348
-0.003032,-0.003578,0.0039659,-0.0030308,-0.0035766,0.0039851
-0.003962,0.0023983,0.0042769,-0.0039604,0.0023975,0.0042978
-0.0007056,-0.0045177,0.004599,-0.0007052,-0.0045155,0.0046213
0.002079,0.0033903,0.0090634,0.0020777,0.0033881,0.0091064
-0.0010704,0.0038086,0.0092985,-0.0010699,0.0038062,0.0093427
0.0044415,0.0010755,0.0046124,0.0044396,0.0010752,0.0046349
0.0008824,0.0045207,0.0044364,0.0008821,0.0045189,0.0044583
-0.0003223,-0.0039227,0.0095274,-0.0003221,-0.0039205,0.0095725
-0.0017808,0.0035094,0.0095322,-0.0017797,0.0035073,0.0095775
-0.0037624,0.0027053,0.0042787,-0.003761,0.0027044,0.0042998
-0.0028246,-0.0028003,0.0090594,-0.0028229,-0.0027985,0.0091022
-0.0023968,0.003897,0.0046027,-0.0023958,0.0038956,0.0046253
0.0012511,-0.0044339,0.0044387,0.0012506,-0.0044319,0.0044603
-0.0031346,0.0033641,0.0044384,-0.0031333,0.003363,0.0044603
0.0032132,-0.0023456,0.0090621,0.0032111,-0.002344,0.0091049
-0.0043612,0.0013899,0.0046093,-0.0043593,0.0013895,0.0046318
-0.002091,-0.0041334,0.0042651,-0.0020901,-0.0041317,0.0042858
0.0026896,0.0029053,0.009297,0.0026879,0.0029033,0.0093411
-0.0003558,-0.0045659,0.0045997,-0.0003556,-0.0045637,0.004622
0.0045647,-0.0003546,0.0046033,0.0045628,-0.0003543,0.0046258
0.0009169,-0.0038708,0.0090579,0.0009163,-0.0038683,0.0091005
-0.0038125,-0.0010558,0.0092952,-0.0038101,-0.0010552,0.0093392
-0.0010779,0.0044531,0.0046033,-0.0010773,0.0044514,0.004626
-0.0045735,-2.05e-05,0.0046074,-0.0045715,-2.04e-05,0.0046299
-0.0012432,-0.0037768,0.0090582,-0.0012424,-0.0037744,0.0091009
0.0036072,0.0028562,0.0044425,0.0036056,0.0028551,0.0044644
-0.0032497,0.002189,0.0097695,-0.0032477,0.0021876,0.009816
-0.001366,0.0037155,0.0092976,-0.0013651,0.003713,0.0093417
-0.0037056,0.0013849,0.0092968,-0.0037033,0.001384,0.0093408
0.0037796,-0.0012352,0.009062,0.0037771,-0.0012345,0.0091048
-0.0039304,-0.0006027,0.0090647,-0.003928,-0.0006023,0.0091075
0.0043317,-0.0015825,0.0044415,0.00433,-0.0015817,0.0044632
0.0035093,0.0017823,0.0095294,0.0035071,0.0017811,0.0095747
-0.004398,-0.0014511,0.0042788,-0.0043963,-0.0014503,0.0042997
0.0039294,0.0006156,0.009064,0.0039268,0.0006152,0.0091068
0.0005464,-0.0046281,0.0041063,0.0005462,-0.0046262,0.0041263
-0.0025813,-0.0038895,0.0041192,-0.0025803,-0.0038879,0.0041393
-0.0034992,0.001801,0.0095321,-0.0034971,0.0018,0.0095774
-0.0015783,-0.0043177,0.0044258,-0.0015776,-0.0043158,0.0044473
0.0038697,0.0009224,0.0090635,0.0038671,0.0009218,0.0091063
0.0020308,-0.0033311,0.0100051,0.0020294,-0.0033291,0.0100526
0.0015209,0.003675,0.0090652,0.00152,0.0036727,0.0091082
-0.0035532,-0.0017877,0.0090631,-0.0035511,-0.0017866,0.0091059
0.0040814,-0.0020805,0.0045999,0.0040796,-0.0020795,0.0046224
-0.0029967,-0.0035335,0.0042725,-0.0029954,-0.0035321,0.0042933
0.0043459,0.0014199,0.0046085,0.004344,0.0014195,0.004631
-0.0038619,0.0009462,0.0090628,-0.0038595,0.0009456,0.0091057
0.0039012,0.0023961,0.0046106,0.0038994,0.0023952,0.0046332
0.0045715,9e-06,0.004602,0.0045695,9.2e-06,0.0046246
0.0039087,-0.0023928,0.0046019,0.003907,-0.0023916,0.0046243
-0.0034009,-0.0020599,0.0090614,-0.0033988,-0.0020586,0.0091042
-0.0037187,-0.0013506,0.0092955,-0.0037164,-0.0013497,0.0093395
-0.0031108,-0.0033901,0.0044369,-0.0031094,-0.0033887,0.0044586
-0.0044618,0.0010451,0.0046085,-0.0044599,0.0010448,0.004631
0.0032879,-0.0032758,0.0042741,0.0032867,-0.0032745,0.0042949
-0.0031193,-0.0024351,0.009295,-0.0031175,-0.0024336,0.0093389
0.0036715,-0.0015278,0.0090616,0.003669,-0.0015268,0.0091044
0.0004521,-0.0039296,0.0092922,0.0004518,-0.0039272,0.009336
-0.0027509,0.0027655,0.0100091,-0.0027493,0.0027638,0.0100567
0.0039377,-6.3e-06,0.0095292,0.0039352,-6.3e-06,0.0095744
-0.0015357,-0.0036669,0.0090572,-0.0015347,-0.0036647,0.0091
0.0017777,-0.0035136,0.0095303,0.0017766,-0.0035114,0.0095754
0.0012278,0.0037829,0.0090654,0.001227,0.0037805,0.0091085
0.0014009,0.0043568,0.0046059,0.0014003,0.0043549,0.0046286
0.0007698,0.0038815,0.0092976,0.0007692,0.0038789,0.0093418
-0.004512,-0.0009183,0.0044407,-0.0045101,-0.0009177,0.0044624
-0.0045651,-0.0003797,0.0046065,-0.0045631,-0.0003795,0.0046289
-0.0039242,0.000641,0.009065,-0.0039218,0.0006407,0.0091079
0.0023405,0.0032171,0.0090651,0.0023391,0.0032149,0.0091081
-0.0039627,0.000333,0.0090651,-0.0039602,0.0003328,0.009108
0.0028771,0.0036759,0.0041172,0.0028759,0.0036746,0.0041375
0.0023927,-0.003904,0.0046039,0.0023916,-0.0039021,0.0046262
-0.0032191,-0.0032447,0.0046035,-0.0032177,-0.0032433,0.004626
0.0032594,0.0021734,0.0097682,0.0032574,0.002172,0.0098147
-0.0016043,0.0043164,0.0044356,-0.0016036,0.004315,0.0044575
0.0028477,-0.0036107,0.0044329,0.0028465,-0.0036091,0.0044544
-0.0029806,0.0034652,0.0046076,-0.0029793,0.0034639,0.0046303
-0.0019478,-0.0034434,0.0092956,-0.0019466,-0.0034412,0.0093396
-0.0023505,-0.0032061,0.0090609,-0.0023491,-0.0032041,0.0091037
0.0020623,0.0040807,0.0046084,0.0020615,0.0040791,0.004631
-0.0022117,-0.0032783,0.009297,-0.0022104,-0.0032763,0.0093409
-0.0045622,0.0003378,0.0046088,-0.0045602,0.0003378,0.0046314
0.0028063,-0.0028195,0.0090643,0.0028045,-0.0028177,0.0091071
0.002237,0.004021,0.0044409,0.0022362,0.0040195,0.0044627
-0.0007706,0.0038803,0.0092988,-0.0007702,0.0038779,0.009343
0.0045264,-0.0007101,0.0046054,0.0045245,-0.0007096,0.0046279
0.0039247,-0.0003151,0.0095309,0.0039223,-0.0003149,0.0095761
0.0016466,-0.0035981,0.0092955,0.0016456,-0.0035959,0.0093394
0.0007235,-0.0045728,0.0042721,0.0007233,-0.0045709,0.0042928
-0.0024172,0.0030818,0.0097713,-0.0024158,0.0030799,0.0098178
0.0045139,0.0007225,0.0046097,0.004512,0.0007223,0.0046322
-0.0006136,0.0038882,0.0095327,-0.0006133,0.0038858,0.009578
0.0045633,0.0005474,0.0044385,0.0045613,0.0005473,0.0044602
-1.22e-05,-0.0039369,0.0095277,-1.22e-05,-0.0039346,0.0095727
-0.0045728,0.0005127,0.004439,-0.0045709,0.0005127,0.0044607
-0.0010618,-0.004447,0.0046,-0.0010612,-0.004445,0.0046223
-0.0042401,0.0017272,0.0046122,-0.0042382,0.0017267,0.0046347
-0.000943,-0.0038618,0.0090567,-0.0009424,-0.0038594,0.0090994
-0.0042722,-0.0017889,0.0042783,-0.0042705,-0.001788,0.0042992
0.0039551,0.0001481,0.0092954,0.0039526,0.0001479,0.0093393
0.0038782,-0.0007795,0.0092978,0.0038758,-0.0007791,0.0093418
-0.0003803,0.0045527,0.0045986,-0.0003801,0.0045509,0.0046212
0.0039647,0.0003047,0.0090625,0.0039621,0.0003045,0.0091053
0.0042285,0.0017537,0.0046084,0.0042266,0.0017531,0.0046311
0.0042289,-0.0017431,0.0045989,0.0042271,-0.0017423,0.0046213
-0.003682,-0.0015032,0.0090617,-0.0036797,-0.0015022,0.0091045
0.0015128,-0.0036782,0.0090619,0.0015119,-0.0036759,0.0091045
0.003865,-0.0009346,0.0090617,0.0038624,-0.000934,0.0091045
0.0024065,0.0039601,0.0042739,0.0024056,0.0039587,0.0042949
0.0044382,-0.001235,0.004437,0.0044365,-0.0012344,0.0044587
-0.0037765,0.0012469,0.0090629,-0.0037741,0.0012461,0.0091057
0.0036119,-0.0028409,0.0044324,0.0036105,-0.0028397,0.004454
-0.0019339,0.0041716,0.0044363,-0.0019331,0.0041701,0.0044582
-0.0033933,0.003109,0.0044382,-0.003392,0.003108,0.0044601
-0.0039977,-0.000137,0.0088358,-0.0039951,-0.0001369,0.0088775
1.4e-06,0.0039373,0.009532,1.5e-06,0.0039348,0.0095774
-0.0028751,-0.0036763,0.00412,-0.0028739,-0.0036748,0.00414
0.001806,0.0035437,0.0090649,0.0018049,0.0035414,0.0091079
-0.0040075,-0.0022648,0.0044433,-0.004006,-0.0022637,0.004465
0.0029979,0.0035319,0.0042721,0.0029966,0.0035306,0.0042932
0.0031891,0.0023119,0.0095306,0.003187,0.0023103,0.0095759
0.0001682,0.0045949,0.0044316,0.0001683,0.0045931,0.0044535
0.0045418,-0.0001737,0.0047713,0.0045398,-0.0001734,0.0047946
0.0005232,0.0045707,0.0044355,0.000523,0.0045689,0.0044574
0.0018876,0.0041409,0.0047773,0.0018868,0.0041392,0.0048008
0.0026792,-0.0029116,0.0092988,0.0026775,-0.0029099,0.0093427
0.0033601,0.0020519,0.0095307,0.003358,0.0020506,0.009576
-0.0026501,0.002882,0.0097696,-0.0026485,0.0028803,0.0098161
0.0031244,-0.0033738,0.0044322,0.0031232,-0.0033724,0.0044538
-0.0039729,-0.0004498,0.0088339,-0.0039703,-0.0004495,0.0088756
-0.0020874,0.0040703,0.0046025,-0.0020864,0.0040689,0.0046251
0.0019011,-0.0041288,0.0047694,0.0019003,-0.0041267,0.0047925
-0.002489,-0.003131,0.0088276,-0.0024874,-0.003129,0.0088692
-0.0009255,0.0038679,0.0090656,-0.000925,0.0038654,0.0091085
0.0033702,0.0031346,0.0044412,0.0033688,0.0031334,0.0044631
-0.0033214,-0.0030966,0.0047731,-0.0033199,-0.0030952,0.0047964
0.004519,-0.0005313,0.0047749,0.0045171,-0.0005309,0.0047982
-0.0028247,0.0035643,0.0047731,-0.0028235,0.003563,0.0047965
0.0021706,-0.0032631,0.0097651,0.0021692,-0.0032612,0.0098114
0.0015566,0.0042716,0.0047759,0.0015559,0.0042698,0.0047994
0.0039706,0.0004648,0.0088314,0.003968,0.0004645,0.0088731
0.0037855,0.0012231,0.0090628,0.0037831,0.0012222,0.0091057
0.0022191,-0.0039663,0.0047686,0.0022181,-0.0039643,0.0047917
-0.0038897,-0.0024057,0.0046077,-0.0038881,-0.0024046,0.0046301
-0.0040281,0.0022254,0.0044422,-0.0040264,0.0022246,0.0044639
0.0045602,0.0003657,0.004607,0.0045582,0.0003657,0.0046295
0.0001836,-0.0046021,0.0044362,0.0001836,-0.0046,0.0044578
0.0025514,-0.0030014,0.0095317,0.0025497,-0.0029996,0.0095768
-0.0020501,0.0033608,0.0095336,-0.0020488,0.0033588,0.0095789
-0.0035588,-0.0028322,0.0047772,-0.0035571,-0.0028309,0.0048005
0.0004652,0.0039297,0.0092971,0.0004649,0.0039271,0.0093414
-0.0036415,-0.001657,0.00883,-0.0036392,-0.0016559,0.0088716
0.0029097,0.0026856,0.0092968,0.0029078,0.0026838,0.0093409
0.0035967,0.0016524,0.0092936,0.0035944,0.0016513,0.0093377
0.0035411,-0.0018103,0.0090612,0.0035388,-0.0018091,0.009104
0.0022224,0.0033235,0.0088339,0.002221,0.0033212,0.0088757
-0.0030682,0.0024349,0.0097699,-0.0030664,0.0024334,0.0098163
-0.0039949,0.0001781,0.0088324,-0.0039923,0.0001779,0.0088741
0.0008972,-0.0045176,0.0044381,0.0008969,-0.0045156,0.0044598
0.0019559,0.00349,0.0088337,0.0019547,0.0034877,0.0088756
0.0044602,0.0008931,0.0047812,0.0044582,0.0008929,0.0048045
0.0010541,0.0044526,0.0046067,0.0010537,0.0044508,0.0046294
1.9e-06,-0.0045749,0.0046014,1.9e-06,-0.0045728,0.0046238
-0.0004797,-0.00393,0.0092932,-0.0004794,-0.0039276,0.0093371
0.0020492,-0.0033629,0.0095297,0.0020479,-0.0033609,0.0095748
-0.0016532,0.0035974,0.0092986,-0.0016521,0.0035951,0.0093427
-0.0030366,-0.0025696,0.0090607,-0.0030347,-0.002568,0.0091034
-0.0025331,0.0037771,0.0047747,-0.002532,0.0037757,0.0047982
0.0003662,-0.0046182,0.0042685,0.0003661,-0.0046163,0.0042892
0.0014129,-0.0043531,0.0046054,0.0014124,-0.0043511,0.0046278
0.0006106,-0.0039307,0.0090586,0.0006103,-0.0039283,0.0091013
-0.0019122,-0.00418,0.0044251,-0.0019113,-0.0041782,0.0044466
0.003136,-0.0024832,0.00883,0.0031339,-0.0024815,0.0088717
0.0037515,-0.0013899,0.0088294,0.0037489,-0.001389,0.008871
-0.0024078,-0.0039552,0.0042701,-0.0024068,-0.0039536,0.0042908
0.0036997,-0.0026864,0.0046021,0.0036982,-0.0026851,0.0046245
-0.0005279,-0.0045205,0.0047715,-0.0005276,-0.0045182,0.0047946
0.0010746,-0.0038542,0.0088282,0.0010739,-0.0038517,0.0088697
-0.003871,-0.0009092,0.0090626,-0.0038685,-0.0009087,0.0091054
-0.0014254,0.0043513,0.0045987,-0.0014247,0.0043496,0.0046215
-0.0042791,0.0015509,0.0047809,-0.0042772,0.0015505,0.0048042
-0.0010989,-0.0038445,0.008825,-0.0010982,-0.003842,0.0088665
-0.0008813,-0.0044592,0.0047663,-0.0008808,-0.004457,0.0047894
-0.0012264,0.0037816,0.0090645,-0.0012257,0.0037791,0.0091074
-0.0034994,-0.0019365,0.0088309,-0.0034972,-0.0019353,0.0088725
-0.003585,0.0016718,0.0092974,-0.0035829,0.0016708,0.0093414
-0.0038443,0.0011033,0.0088306,-0.0038419,0.0011026,0.0088723
-0.0027298,-0.002925,0.0088285,-0.0027281,-0.0029231,0.0088701
-0.000546,0.0045105,0.0047756,-0.0005457,0.0045086,0.0047991
-0.0014038,-0.004352,0.0045975,-0.0014032,-0.0043501,0.0046197
0.0036939,0.0026924,0.0046056,0.0036922,0.0026914,0.0046282
0.0041278,0.0019083,0.0047734,0.0041258,0.0019076,0.0047968
-0.0045452,0.000157,0.0047772,-0.0045431,0.0001571,0.0048005
-0.003348,0.00207,0.0095314,-0.003346,0.0020687,0.0095767
0.0025851,0.0030246,0.0090663,0.0025835,0.0030225,0.0091093
0.0039246,0.000775,0.0088316,0.0039219,0.0007745,0.0088733
-0.0039189,0.0007985,0.0088313,-0.0039163,0.0007979,0.008873
0.0013736,-0.0037573,0.0088298,0.0013727,-0.0037549,0.0088713
0.0038479,-0.0010923,0.0088301,0.0038453,-0.0010915,0.0088717
-0.0032282,-0.0023231,0.0090627,-0.0032263,-0.0023216,0.0091055
-0.0043874,0.0012071,0.0047741,-0.0043855,0.0012067,0.0047974
0.0039638,0.0022211,0.004773,0.0039618,0.0022202,0.0047964
0.0033894,-0.0020848,0.0090624,0.0033871,-0.0020834,0.0091051
0.003969,-0.0022194,0.0047668,0.0039672,-0.0022182,0.0047899
-0.0008957,0.0044521,0.0047695,-0.0008952,0.0044502,0.0047931
-0.004422,-0.0012664,0.0044396,-0.00442,-0.0012657,0.0044613
0.0043726,0.0012433,0.0047805,0.0043707,0.0012429,0.0048039
-0.002839,-0.0036199,0.0044372,-0.0028377,-0.0036184,0.0044588
-0.0045438,-0.0002037,0.0047755,-0.0045417,-0.0002034,0.0047988
0.0001439,-0.0039566,0.0092939,0.0001438,-0.0039543,0.0093377
-0.0036312,0.0028356,0.0044442,-0.0036297,0.0028346,0.004466
-0.0018202,-0.0035336,0.0090598,-0.001819,-0.0035314,0.0091026
0.0029304,-0.0027218,0.0088315,0.0029284,-0.00272,0.0088731
0.0041269,-0.001898,0.0047662,0.004125,-0.001897,0.0047894
-0.0003078,0.0039246,0.0095313,-0.0003077,0.0039222,0.0095767
0.001386,0.0037512,0.008834,0.0013852,0.0037488,0.0088759
-0.0013978,-0.0037486,0.0088276,-0.0013969,-0.0037462,0.0088692
0.0009275,0.0038674,0.0090641,0.0009269,0.003865,0.0091071
0.0016759,0.0036309,0.0088344,0.0016747,0.0036285,0.0088763
-0.0045167,-0.0007401,0.004604,-0.0045147,-0.0007396,0.0046265
-0.0045265,0.0006893,0.0046067,-0.0045245,0.0006892,0.0046292
-0.0036662,0.0015383,0.0090649,-0.0036639,0.0015373,0.0091077
-0.0029559,-0.0034862,0.0046072,-0.0029545,-0.0034846,0.0046297
0.0045455,0.0001839,0.0047755,0.0045434,0.0001839,0.0047987
-0.0028687,0.0026666,0.0097681,-0.002867,0.0026649,0.0098146
-0.0032503,0.0032213,0.0046072,-0.0032489,0.0032202,0.0046298
-0.0020916,-0.0033796,0.0090618,-0.0020903,-0.0033776,0.0091046
-0.0001944,0.0045377,0.0047681,-0.0001942,0.0045358,0.0047916
-0.0022348,-0.0033157,0.0088295,-0.0022335,-0.0033137,0.0088711
-0.003073,-0.003347,0.0047743,-0.0030715,-0.0033455,0.0047976
0.0023839,0.0039105,0.0046083,0.002383,0.0039089,0.0046309
-0.0031029,0.0033218,0.0047737,-0.0031015,0.0033206,0.0047971
0.0042633,0.0015817,0.0047767,0.0042614,0.0015812,0.0048001
0.0027118,0.0037603,0.004274,0.0027107,0.0037589,0.0042951
-1.59e-05,0.0045675,0.0045962,-1.58e-05,0.0045657,0.0046189
0.0039963,0.0001513,0.0088309,0.0039936,0.0001512,0.0088726
0.0033775,-0.0031148,0.0044329,0.0033762,-0.0031134,0.0044545
-0.003759,-0.0013663,0.0088286,-0.0037565,-0.0013655,0.0088702
-0.000636,-0.0039253,0.0090584,-0.0006356,-0.0039228,0.0091011
0.0037805,-0.0025195,0.0047681,0.0037789,-0.0025182,0.0047913
0.0024784,0.0031394,0.0088326,0.0024767,0.0031372,0.0088744
0.003929,-0.0004732,0.0092965,0.0039264,-0.0004729,0.0093405
0.0019234,-0.0034571,0.0092956,0.0019222,-0.0034549,0.0093395
0.0044549,-0.0010627,0.004603,0.0044531,-0.0010621,0.0046255
-0.0023075,0.0031893,0.0095334,-0.0023061,0.0031873,0.0095787
-0.0001798,-0.0045447,0.0047715,-0.0001797,-0.0045425,0.0047946
0.0026911,-0.0036959,0.004604,0.0026899,-0.0036942,0.0046263
0.0036305,-0.0016814,0.0088287,0.0036282,-0.0016803,0.0088704
0.0033229,-0.0022291,0.0088302,0.0033207,-0.0022276,0.0088719
-0.0004644,0.0039319,0.0092993,-0.0004641,0.0039294,0.0093434
-0.003842,0.0025378,0.0044446,-0.0038404,0.0025369,0.0044664
0.002309,-0.003193,0.0095304,0.0023075,-0.003191,0.0095755
-0.0027069,-0.0037519,0.0042724,-0.0027058,-0.0037503,0.0042932
-0.0007945,-0.0039206,0.0088269,-0.000794,-0.0039181,0.0088684
-0.0001685,-0.003955,0.0092938,-0.0001684,-0.0039526,0.0093376
-0.0041471,0.0018825,0.004782,-0.0041452,0.0018818,0.0048052
-0.0037438,0.0013989,0.0088304,-0.0037414,0.001398,0.0088721
0.0039766,-6.8e-06,0.0090616,0.0039739,-6.8e-06,0.0091044
-0.0045236,0.0005122,0.0047808,-0.0045216,0.0005121,0.0048041
0.0007677,-0.0039268,0.0088282,0.0007672,-0.0039242,0.0088697
-0.0037898,-0.0012103,0.0090608,-0.0037874,-0.0012095,0.0091036
0.0022101,0.0039714,0.0047742,0.0022092,0.0039698,0.0047977
0.0017959,-0.0035486,0.0090614,0.0017947,-0.0035463,0.0091041
-0.0017639,0.0042316,0.0046065,-0.0017631,0.00423,0.0046292
-0.0025439,-0.0038319,0.0044356,-0.0025428,-0.0038302,0.0044571
0.0001565,0.0039561,0.0092976,0.0001564,0.0039535,0.0093418
0.0015738,-0.0042673,0.0047729,0.0015733,-0.0042652,0.0047961
0.0010863,0.0038488,0.0088336,0.0010856,0.0038464,0.0088754
0.0039251,-0.0006279,0.0090618,0.0039226,-0.0006275,0.0091046
-0.0006186,0.0039267,0.009067,-0.0006182,0.0039242,0.00911
-0.0041703,-0.0019444,0.0044421,-0.0041686,-0.0019434,0.0044637
-0.0040918,0.0020547,0.0046113,-0.0040899,0.002054,0.0046339
0.0034557,0.0019281,0.0092953,0.0034535,0.0019269,0.0093394
0.00154,0.0037163,0.0086059,0.001539,0.0037138,0.0086467
-0.003968,0.0004904,0.0088322,-0.0039655,0.0004901,0.0088739
-0.0026736,-0.0037028,0.0046035,-0.0026724,-0.0037011,0.0046259
0.0040145,0.0003115,0.008603,0.0040117,0.0003112,0.0086436
0.0007029,0.0045251,0.004604,0.0007026,0.0045233,0.0046266
0.002577,-0.0030306,0.0090638,0.0025754,-0.0030287,0.0091065
-0.0025491,0.0029997,0.0095328,-0.0025476,0.0029978,0.0095781
0.0020318,0.004028,0.004945,0.0020308,0.0040262,0.0049693
-0.0034891,0.0029553,0.00461,-0.0034877,0.0029543,0.0046326
-0.0040106,-0.000294,0.0086054,-0.004008,-0.0002938,0.008646
-0.0022279,0.0039588,0.0047737,-0.0022269,0.0039572,0.0047972
-0.0040707,-0.0020935,0.0046098,-0.004069,-0.0020925,0.0046322
-0.0031803,-0.0032062,0.0049464,-0.0031787,-0.0032046,0.0049705
-0.002375,-0.003244,0.0085988,-0.0023735,-0.003242,0.0086392
-0.0033349,-0.0022069,0.0088308,-0.0033328,-0.0022055,0.0088724
0.0034704,0.0029822,0.0046071,0.0034688,0.0029809,0.0046298
0.0044611,-0.0008857,0.0047731,0.0044592,-0.0008851,0.0047964
0.0031123,0.0033915,0.0044396,0.003111,0.0033902,0.0044615
0.0031102,0.0024463,0.0092967,0.0031081,0.0024447,0.0093408
0.004021,0.002053,0.0049489,0.004019,0.0020522,0.004973
-0.00294,0.003427,0.0049414,-0.0029386,0.0034256,0.0049657
0.0041734,0.0017369,0.0049509,0.0041714,0.0017363,0.0049751
0.0037813,0.0025297,0.0047741,0.0037795,0.0025287,0.0047975
0.003295,0.0021951,0.0092975,0.0032929,0.0021937,0.0093415
0.0012213,0.0043867,0.0047773,0.0012207,0.0043847,0.0048007
0.0034781,-0.0029669,0.0046028,0.0034766,-0.0029656,0.0046252
0.0039526,-0.0001635,0.0092953,0.00395,-0.0001634,0.0093392
0.0038497,0.0010791,0.0088306,0.0038471,0.0010784,0.0088723
0.0036775,0.0015166,0.0090612,0.0036751,0.0015156,0.0091042
0.0025255,-0.0037838,0.0047716,0.0025244,-0.003782,0.0047947
0.0043541,-0.0014039,0.004602,0.0043523,-0.0014032,0.0046245
-0.0037687,-0.00254,0.0047757,-0.0037671,-0.0025388,0.004799
0.0045156,0.0005368,0.0047784,0.0045136,0.0005367,0.0048018
-0.0019282,0.0034549,0.0092991,-0.001927,0.0034528,0.0093431
-0.0034232,-0.0029489,0.0049451,-0.0034215,-0.0029474,0.0049691
0.0006213,0.0039284,0.0090636,0.0006208,0.0039258,0.0091066
0.0028146,0.0028117,0.0090637,0.0028127,0.0028097,0.0091066
0.0038545,-0.0023557,0.0049432,0.0038527,-0.0023545,0.0049672
-0.00431,-0.0016081,0.0044417,-0.0043082,-0.0016072,0.0044634
-0.0007768,0.0039209,0.0088345,-0.0007763,0.0039183,0.0088763
-0.0031767,0.0023259,0.0095308,-0.0031747,0.0023243,0.009576
0.0021916,-0.0032943,0.0092962,0.0021901,-0.0032923,0.0093401
-0.0044661,0.000861,0.0047727,-0.0044641,0.0008608,0.004796
0.0010687,-0.0044526,0.0046048,0.0010683,-0.0044506,0.0046272
-0.0037237,-0.0015223,0.0086022,-0.0037212,-0.0015213,0.0086427
0.0021028,0.0034272,0.0086039,0.0021015,0.0034249,0.0086446
0.0045155,4.1e-06,0.0049457,0.0045133,4.3e-06,0.0049698
0.0012427,0.0038265,0.008606,0.0012418,0.0038241,0.0086467
0.0003589,-0.0045634,0.0046057,0.0003588,-0.0045613,0.004628
-0.0015184,0.003674,0.0090661,-0.0015174,0.0036716,0.009109
0.0029721,-0.003476,0.0046013,0.0029708,-0.0034744,0.0046236
-0.0026593,0.0036497,0.0049447,-0.0026581,0.0036483,0.0049689
-0.0022367,-0.0040189,0.0044313,-0.0022357,-0.0040173,0.0044528
0.0002997,-0.0039673,0.0090596,0.0002995,-0.0039648,0.0091022
-0.0017372,-0.0042257,0.0045936,-0.0017364,-0.0042238,0.0046159
0.0032501,-0.0023719,0.0086013,0.003248,-0.0023702,0.0086418
0.0040279,-0.0020492,0.0049426,0.004026,-0.0020481,0.0049666
-0.0039264,-0.00076,0.0088329,-0.0039239,-0.0007595,0.0088746
0.0023656,0.0032522,0.0086027,0.002364,0.0032499,0.0086434
-0.0001544,0.0039562,0.0092996,-0.0001543,0.0039536,0.0093438
0.0039222,-0.0007866,0.0088317,0.0039196,-0.0007861,0.0088734
-0.0045093,-0.0005593,0.0047703,-0.0045073,-0.0005588,0.0047935
-0.0012287,-0.0043772,0.0047704,-0.0012281,-0.0043753,0.0047936
0.000538,-0.0045736,0.0044367,0.0005379,-0.0045716,0.0044583
-0.0010826,0.0038475,0.0088341,-0.0010819,0.0038449,0.0088759
-0.0040216,1.99e-05,0.0086061,-0.004019,1.99e-05,0.0086467
-0.0035921,-0.0018113,0.0086031,-0.0035898,-0.0018102,0.0086435
-0.0038202,0.0012592,0.0086026,-0.0038177,0.0012584,0.0086432
-0.0034436,0.001946,0.0092963,-0.0034415,0.0019449,0.0093404
-0.0012431,0.0043722,0.0047687,-0.0012424,0.0043704,0.0047922
-0.0026253,-0.0030478,0.0086004,-0.0026237,-0.0030459,0.0086408
-0.0009535,-0.0039105,0.0085996,-0.0009529,-0.0039078,0.00864
-0.0044409,-0.0010868,0.0046088,-0.0044389,-0.0010862,0.0046313
0.0034876,-0.0019612,0.0088298,0.0034853,-0.0019599,0.0088714
-0.0045072,0.0003347,0.00495,-0.004505,0.0003347,0.0049741
-0.0029482,-0.0026998,0.0088288,-0.0029464,-0.0026981,0.0088703
-0.0039085,0.000956,0.0086029,-0.0039059,0.0009554,0.0086434
0.0039753,0.0006246,0.0086021,0.0039725,0.0006242,0.0086427
0.001232,-0.0038296,0.0085996,0.0012312,-0.003827,0.00864
0.0038257,-0.0012499,0.0086031,0.0038231,-0.0012491,0.0086436
0.0016645,-0.0036378,0.0088301,0.0016635,-0.0036354,0.0088716
0.002546,0.003834,0.0044386,0.002545,0.0038325,0.0044604
0.0027088,-0.0029424,0.0088302,0.0027071,-0.0029405,0.0088719
0.004503,-0.0003516,0.004944,0.0045009,-0.0003512,0.0049681
0.0017275,-0.0041778,0.004943,0.0017267,-0.0041756,0.0049669
-0.0016898,-0.0036249,0.0088293,-0.0016887,-0.0036227,0.0088708
-0.0007193,0.0044581,0.004948,-0.0007189,0.0044561,0.0049723
0.0037165,-0.0015453,0.0086016,0.0037139,-0.0015443,0.0086421
0.0020495,-0.004026,0.0049432,0.0020486,-0.0040239,0.0049672
-0.0045207,-2.25e-05,0.0049464,-0.0045186,-2.24e-05,0.0049704
-0.0043091,0.001371,0.0049469,-0.0043071,0.0013706,0.0049711
-0.0041844,0.0017061,0.0049507,-0.0041825,0.0017055,0.0049748
-0.0003512,-0.0045073,0.0049488,-0.0003511,-0.004505,0.0049727
-0.000368,0.0045007,0.0049473,-0.0003677,0.0044987,0.0049715
0.0042661,-0.0015688,0.0047709,0.0042642,-0.001568,0.0047942
0.0030534,-0.0026209,0.0086015,0.0030514,-0.0026192,0.0086421
-0.0012577,-0.0038229,0.0085997,-0.0012568,-0.0038204,0.0086401
0.0018285,0.0035839,0.0086049,0.0018274,0.0035815,0.0086456
0.0043914,0.0010603,0.0049501,0.0043893,0.0010599,0.0049742
0.0017124,0.0041797,0.0049473,0.0017116,0.0041778,0.0049715
0.0009281,-0.0039167,0.0086015,0.0009275,-0.003914,0.0086419
-0.0007039,-0.0044624,0.0049389,-0.0007035,-0.0044601,0.0049627
0.0044669,0.0007105,0.0049517,0.0044648,0.0007103,0.0049759
0.0040248,-5.3e-06,0.0086015,0.004022,-5.2e-06,0.008642
0.0045029,0.0003564,0.0049499,0.0045008,0.0003564,0.004974
-0.0029195,-0.0034431,0.0049427,-0.002918,-0.0034414,0.0049667
-0.0021157,-0.0034219,0.0085999,-0.0021144,-0.0034197,0.0086403
-0.0019692,-0.0034805,0.0088277,-0.0019679,-0.0034783,0.0088693
-0.002805,-0.0035857,0.0047757,-0.0028037,-0.003584,0.0047989
0.0020681,-0.0033948,0.0090633,0.0020667,-0.0033927,0.0091061
0.0038472,0.00236,0.0049466,0.0038453,0.002359,0.0049708
0.0023445,0.0038575,0.0049483,0.0023435,0.0038558,0.0049726
0.0039633,-0.0003191,0.0090625,0.0039607,-0.0003189,0.0091054
0.0032319,-0.0032296,0.0046026,0.0032306,-0.0032282,0.004625
0.0043774,-0.0012297,0.0047758,0.0043754,-0.001229,0.0047992
0.0035471,0.0018014,0.0090611,0.0035448,0.0018002,0.0091039
-0.0003261,-0.0039618,0.0090613,-0.0003259,-0.0039594,0.009104
-0.0033541,0.0030727,0.0047785,-0.0033526,0.0030715,0.0048018
0.0027158,0.0029368,0.0088333,0.002714,0.0029348,0.0088751
0.0003122,0.0039645,0.0090641,0.0003119,0.0039619,0.0091071
-0.0021903,0.0032922,0.0092992,-0.002189,0.0032902,0.0093434
-0.0038327,-0.0012234,0.0086024,-0.0038303,-0.0012226,0.0086429
0.0013928,-0.0042984,0.0049431,0.0013923,-0.0042962,0.004967
0.0001786,-0.0045422,0.0047722,0.0001785,-0.00454,0.0047953
0.0035699,-0.0028112,0.0047731,0.0035683,-0.0028099,0.0047963
0.0028386,0.0036235,0.0044389,0.0028374,0.0036221,0.0044608
0.000341,0.0045681,0.0046043,0.0003409,0.0045662,0.0046269
0.0033945,0.0020762,0.0090644,0.0033923,0.0020748,0.0091073
-0.000484,-0.0039709,0.0088286,-0.0004837,-0.0039684,0.0088701
-0.0032045,0.0031819,0.0049475,-0.0032029,0.0031807,0.0049717
0.0007136,-0.0045204,0.0046031,0.0007134,-0.0045183,0.0046256
0.0012329,-0.0043811,0.0047745,0.0012325,-0.004379,0.0047976
-0.0037116,0.0015557,0.0086039,-0.0037091,0.0015547,0.0086444
-0.0036219,0.0016875,0.008834,-0.0036196,0.0016865,0.0088757
-0.004469,0.0006872,0.0049491,-0.0044669,0.000687,0.0049732
0.0034275,-0.0021094,0.0086004,0.0034252,-0.002108,0.0086409
0.000457,-0.0039749,0.008829,0.0004567,-0.0039723,0.0088705
0.0024425,-0.003113,0.0092965,0.0024409,-0.003111,0.0093405
-0.0038545,-0.0010665,0.0088301,-0.003852,-0.0010659,0.0088717
0.0036563,-0.0026496,0.0049433,0.0036546,-0.0026483,0.0049673
0.0015292,-0.0037208,0.0086002,0.0015282,-0.0037183,0.0086406
0.00391,-0.0009449,0.0086008,0.0039073,-0.0009442,0.0086413
-0.0006441,-0.0039694,0.0085992,-0.0006437,-0.0039668,0.0086396
-0.0010637,0.0043857,0.0049458,-0.0010631,0.0043838,0.0049702
0.0007799,0.0039234,0.0088336,0.0007793,0.0039208,0.0088754
-0.0004685,0.0039695,0.0088338,-0.0004683,0.0039668,0.0088756
0.0025183,0.003794,0.0047813,0.0025172,0.0037923,0.0048047
0.0039983,-0.0001627,0.0088308,0.0039956,-0.0001626,0.0088725
-0.0035365,0.0018218,0.0090653,-0.0035343,0.0018207,0.0091081
-0.0044043,0.001032,0.0049485,-0.0044023,0.0010316,0.0049726
3e-07,-0.0045146,0.004944,3e-07,-0.0045124,0.004968
-0.0031516,-0.0024616,0.0088301,-0.0031496,-0.00246,0.0088717
-0.000311,0.0039627,0.0090677,-0.0003109,0.0039602,0.0091108
0.0042965,0.0014027,0.0049509,0.0042944,0.0014021,0.0049751
-0.0039749,-0.0006086,0.0086035,-0.0039724,-0.0006082,0.008644
0.004484,0.0001777,0.0051263,0.0044819,0.0001777,0.0051512
0.0008674,0.0044653,0.0047764,0.000867,0.0044634,0.0047998
0.0019449,-0.0034951,0.0088311,0.0019436,-0.0034927,0.0088726
-0.0023671,0.003847,0.0049469,-0.0023659,0.0038454,0.0049711
-0.0027751,0.0027912,0.0095331,-0.0027734,0.0027895,0.0095784
0.0037539,0.0013785,0.0088306,0.0037514,0.0013775,0.0088723
0.0010862,-0.0038974,0.0083747,0.0010856,-0.0038948,0.008414
0.0026139,0.0030572,0.0086018,0.0026122,0.0030551,0.0086425
-0.0034387,-0.0020861,0.0086018,-0.0034365,-0.0020848,0.0086423
-0.0019126,0.0041247,0.0047727,-0.0019117,0.0041231,0.0047963
-0.003955,-0.0022349,0.004775,-0.0039533,-0.0022338,0.0047983
0.0032224,0.0032512,0.004607,0.003221,0.0032498,0.0046297
0.0044621,-0.0007023,0.0049474,0.00446,-0.0007018,0.0049715
0.0043184,0.0012226,0.0051272,0.0043163,0.0012222,0.0051521
0.0013776,0.0043068,0.0049507,0.001377,0.0043049,0.0049749
0.0021783,0.0039195,0.0051258,0.0021772,0.0039176,0.0051509
-0.0023771,-0.0039025,0.0046014,-0.002376,-0.0039008,0.0046237
0.0035626,0.0028197,0.0047736,0.0035609,0.0028185,0.004797
-0.0022597,-0.0033571,0.0083747,-0.0022582,-0.003355,0.0084139
0.0001629,0.0045388,0.0047689,0.0001629,0.0045368,0.0047924
-0.0005391,0.0044582,0.005127,-0.0005387,0.0044561,0.0051522
0.0013918,-0.0038023,0.0083764,0.0013908,-0.0037996,0.0084156
0.0005313,-0.0045122,0.0047727,0.0005311,-0.0045102,0.0047959
0.0028184,-0.0035684,0.0047734,0.0028172,-0.0035667,0.0047965
0.0015521,-0.0042146,0.0051206,0.0015515,-0.0042124,0.0051452
-0.0013808,0.0037506,0.0088326,-0.0013798,0.0037481,0.0088744
-1.27e-05,-0.0039777,0.0090611,-1.27e-05,-0.0039752,0.0091037
0.0014007,0.0037991,0.0083823,0.0013997,0.0037966,0.0084218
-0.0042178,-0.0017656,0.004608,-0.004216,-0.0017646,0.0046305
-0.001799,0.0035445,0.0090661,-0.0017978,0.0035422,0.0091091
-0.0032811,-0.0030561,0.0051197,-0.0032794,-0.0030545,0.0051445
-0.0006283,0.0039736,0.0086037,-0.0006278,0.0039708,0.0086444
0.0030253,0.0025808,0.009063,0.0030233,0.002579,0.009106
-0.0043433,-0.0014284,0.0046096,-0.0043415,-0.0014276,0.0046321
-0.002986,0.0025662,0.0095311,-0.0029841,0.0025645,0.0095764
0.0023595,-0.003856,0.004945,0.0023583,-0.003854,0.0049688
-0.0032821,0.0022117,0.0092972,-0.00328,0.0022104,0.0093412
0.0039112,0.0021957,0.0051276,0.0039092,0.0021948,0.0051526
-0.0030557,0.0032894,0.0051215,-0.0030542,0.003288,0.0051466
-0.0037909,0.0014159,0.0083772,-0.0037883,0.001415,0.0084167
0.004047,0.0001543,0.0083789,0.0040441,0.0001542,0.0084184
0.0009382,0.0039126,0.0086052,0.0009375,0.0039099,0.008646
0.0041755,-0.0017292,0.0049436,0.0041736,-0.0017283,0.0049677
-0.0036453,-0.0026729,0.0049491,-0.0036435,-0.0026716,0.0049731
-0.0027868,0.0035195,0.0051205,-0.0027855,0.003518,0.0051455
-0.0020626,-0.0040779,0.0045955,-0.0020617,-0.0040761,0.0046179
-0.0039163,0.0023664,0.0046105,-0.0039146,0.0023655,0.0046331
-0.0015627,-0.0042687,0.0047655,-0.001562,-0.0042667,0.0047885
-0.0011131,-0.0038915,0.008373,-0.0011123,-0.0038888,0.0084123
0.0039199,-0.0021913,0.0051234,0.003918,-0.0021901,0.0051482
0.0044834,-0.0001723,0.0051226,0.0044812,-0.0001721,0.0051476
-0.0008868,0.0044009,0.0051272,-0.0008863,0.0043988,0.0051522
1e-07,0.003978,0.0090661,1e-07,0.0039753,0.0091092
-0.0030325,-0.003306,0.0051226,-0.003031,-0.0033042,0.0051474
0.0040741,0.0018833,0.0051288,0.004072,0.0018825,0.0051538
0.0018793,-0.0040796,0.0051185,0.0018785,-0.0040773,0.0051432
-0.0044604,-0.0009073,0.0047778,-0.0044583,-0.0009068,0.004801
-0.0010478,-0.004395,0.0049392,-0.0010472,-0.0043928,0.0049631
0.0022505,0.0033663,0.0083782,0.002249,0.003364,0.0084177
-0.0040084,0.0003355,0.0086027,-0.0040059,0.0003352,0.0086434
-0.0036811,-0.0016792,0.0083773,-0.0036787,-0.001678,0.0084166
-0.0044618,0.0005096,0.005126,-0.0044596,0.0005095,0.0051509
-0.004322,0.001194,0.0051259,-0.0043199,0.0011936,0.0051508
-0.002859,-0.0028329,0.0086018,-0.0028572,-0.002831,0.0086422
0.0016943,0.0036749,0.0083801,0.0016932,0.0036724,0.0084196
0.0006162,-0.0039769,0.0085997,0.0006159,-0.0039742,0.0086401
0.0033618,-0.0022562,0.0083747,0.0033596,-0.0022546,0.0084141
0.003917,0.0009359,0.0086036,0.0039143,0.0009352,0.0086441
-0.003891,0.0011149,0.0083766,-0.0038884,0.0011142,0.008416
0.0040226,0.0004718,0.008378,0.0040197,0.0004715,0.0084174
0.0037321,-0.0024896,0.0051202,0.0037303,-0.0024883,0.005145
-0.0045012,-0.0003778,0.0049472,-0.0044991,-0.0003775,0.0049712
0.0032209,0.0023356,0.0090651,0.0032188,0.0023341,0.009108
0.0038941,-0.0011052,0.0083768,0.0038914,-0.0011045,0.0084163
-0.0008053,-0.0039646,0.0083726,-0.0008048,-0.0039619,0.0084119
0.0026758,0.0037127,0.0046104,0.0026747,0.0037111,0.0046331
-0.0044863,0.0001557,0.005126,-0.0044841,0.0001558,0.0051508
-0.0015538,-0.0037092,0.0086019,-0.0015527,-0.0037068,0.0086423
-0.0025176,-0.0031677,0.0083746,-0.0025161,-0.0031657,0.0084139
-0.0037136,0.0026715,0.0046107,-0.0037121,0.0026706,0.0046332
0.0039712,-0.0004764,0.0088307,0.0039685,-0.000476,0.0088723
0.0037976,-0.0014065,0.0083766,0.0037949,-0.0014055,0.0084161
0.0028392,-0.0028519,0.0086015,0.0028374,-0.00285,0.0086421
0.0024705,-0.0031472,0.0088318,0.0024689,-0.0031452,0.0088734
-0.001581,0.0042629,0.0047697,-0.0015802,0.0042611,0.0047932
-0.0042179,0.001526,0.0051236,-0.0042159,0.0015255,0.0051485
-0.0009358,0.0039107,0.0086052,-0.0009352,0.0039081,0.0086459
-0.0040407,0.0020295,0.0049513,-0.0040388,0.0020287,0.0049754
-0.000178,-0.0044851,0.0051231,-0.0001779,-0.0044828,0.0051478
-1.83e-05,0.0045184,0.0049441,-1.82e-05,0.0045163,0.0049684
0.0043994,0.0008798,0.005128,0.0043972,0.0008796,0.0051529
-0.0024435,0.0031139,0.0092991,-0.002442,0.0031119,0.0093433
-0.0038032,-0.0013833,0.0083778,-0.0038006,-0.0013824,0.0084172
-0.0039852,0.0021999,0.0047802,-0.0039834,0.0021991,0.0048035
-0.0040438,-0.0001403,0.008377,-0.0040412,-0.0001402,0.0084165
0.0019772,0.0035317,0.0083777,0.0019759,0.0035293,0.0084172
-0.0039715,0.0006482,0.0086021,-0.0039689,0.0006477,0.0086427
0.0031724,-0.0025112,0.0083734,0.0031703,-0.0025095,0.0084128
0.0018643,0.0040813,0.0051233,0.0018634,0.0040793,0.0051483
0.0035812,-0.0018329,0.0086004,0.0035787,-0.0018317,0.0086409
-0.0040215,-0.0004548,0.0083794,-0.0040189,-0.0004545,0.0084188
-0.0005314,-0.0044587,0.0051203,-0.0005311,-0.0044564,0.005145
0.0034919,0.0019522,0.0088316,0.0034895,0.0019509,0.0088733
0.0044574,0.0005322,0.0051272,0.0044553,0.0005321,0.0051521
0.0023315,-0.0032228,0.0090628,0.00233,-0.0032208,0.0091056
0.0007793,-0.0039704,0.0083746,0.0007788,-0.0039676,0.0084139
-0.0040428,0.0001756,0.0083781,-0.0040401,0.0001755,0.0084176
0.0042097,0.0015581,0.0051273,0.0042076,0.0015574,0.0051522
0.0036522,0.0026566,0.0049438,0.0036504,0.0026555,0.004968
-0.0001886,0.0044849,0.0051247,-0.0001884,0.0044828,0.0051498
0.0008837,-0.0044596,0.0047708,0.0008834,-0.0044575,0.0047939
-0.0003162,0.0040103,0.0086047,-0.000316,0.0040075,0.0086454
-0.0035835,0.0027962,0.0047787,-0.0035819,0.0027952,0.0048021
0.002938,0.0027153,0.0088312,0.002936,0.0027133,0.008873
0.0004677,0.0039727,0.0088322,0.0004674,0.0039701,0.0088741
0.0037285,0.0024967,0.0051239,0.0037266,0.0024956,0.0051489
-0.0020706,0.0033934,0.0090661,-0.0020693,0.0033913,0.009109
0.003438,-0.0029314,0.0049458,0.0034364,-0.00293,0.0049698
-0.003072,-0.0025995,0.0086038,-0.00307,-0.0025977,0.0086441
0.0018173,-0.0035887,0.0085997,0.0018159,-0.0035863,0.0086402
-0.0035132,-0.0027944,0.0051232,-0.0035114,-0.002793,0.005148
-0.0018407,-0.003579,0.0086021,-0.0018395,-0.0035767,0.0086424
0.0039706,-0.0006345,0.0085998,0.0039679,-0.0006341,0.0086403
0.0040807,-0.0018786,0.0051231,0.0040787,-0.0018776,0.005148
-0.0014141,-0.0037904,0.0083753,-0.001413,-0.0037878,0.0084147
0.0040468,-0.0001649,0.0083786,0.0040439,-0.0001647,0.008418
-0.0036698,0.0017079,0.0083787,-0.0036674,0.0017067,0.0084181
-0.0034415,0.0029189,0.0049494,-0.0034398,0.0029178,0.0049736
-0.0003287,-0.0040072,0.0085993,-0.0003285,-0.0040046,0.0086396
0.0012153,-0.0043182,0.0051214,0.0012149,-0.004316,0.0051461
0.0025069,0.0031791,0.0083787,0.0025053,0.0031769,0.0084183
0.0039699,-0.0007953,0.0083751,0.0039671,-0.0007947,0.0084145
-0.0035781,0.0018401,0.0086052,-0.0035756,0.0018389,0.0086458
0.0001445,-0.0039978,0.0088297,0.0001444,-0.0039952,0.0088712
-0.0001699,-0.0039965,0.0088302,-0.0001697,-0.003994,0.0088717
0.0026423,0.0036619,0.0049515,0.0026411,0.0036602,0.0049757
-0.0019899,-0.0035241,0.0083754,-0.0019886,-0.0035218,0.0084147
-0.001403,0.0042951,0.0049475,-0.0014023,0.0042932,0.0049718
-0.0039161,-0.0009177,0.0086034,-0.0039136,-0.0009172,0.0086439
-0.004406,0.0008556,0.0051258,-0.0044037,0.0008554,0.0051507
0.0033414,-0.0030845,0.0047732,0.00334,-0.003083,0.0047963
0.0001724,-0.004486,0.0051238,0.0001723,-0.0044837,0.0051486
-0.000158,0.0039948,0.0088343,-0.0001579,0.0039921,0.0088762
-0.0033019,0.0030329,0.0051275,-0.0033002,0.0030316,0.0051525
0.000351,-0.0045008,0.0049448,0.0003508,-0.0044987,0.0049687
-0.004086,0.0018572,0.0051275,-0.004084,0.0018565,0.0051524
-0.003266,-0.0023487,0.0086022,-0.0032639,-0.0023471,0.0086426
0.0040111,-0.0003222,0.0086014,0.0040083,-0.0003219,0.0086419
0.0010978,0.0038966,0.0083802,0.001097,0.003894,0.0084198
0.0036354,0.0016711,0.0088289,0.003633,0.00167,0.0088707
0.0026058,-0.0030669,0.0086016,0.0026041,-0.0030649,0.0086421
0.0024802,0.0037374,0.0051287,0.002479,0.0037356,0.0051538
0.0035301,-0.0019864,0.0083764,0.0035276,-0.001985,0.0084158
-0.0035381,-0.0019615,0.008375,-0.0035358,-0.0019601,0.0084144
0.0022144,-0.0033315,0.0088327,0.0022129,-0.0033294,0.0088742
0.0044472,0.0003542,0.0053062,0.004445,0.0003542,0.0053319
0.0010361,0.0043997,0.0049506,0.0010357,0.0043977,0.0049749
-0.0025005,0.0037255,0.0051245,-0.0024992,0.0037239,0.0051495
-0.002679,0.0029141,0.0092993,-0.0026773,0.0029122,0.0093435
0.002844,0.0028438,0.0086027,0.0028421,0.0028419,0.0086434
0.0038295,0.0012382,0.0086049,0.0038269,0.0012373,0.0086455
0.0009409,-0.0039632,0.0081487,0.0009402,-0.0039604,0.0081869
0.0023574,-0.003261,0.0086026,0.0023559,-0.0032589,0.0086431
-0.0020556,0.0040223,0.0049479,-0.0020545,0.0040206,0.0049722
-0.0038466,-0.0023812,0.004949,-0.0038448,-0.00238,0.0049731
-0.0026422,-0.0036631,0.0049401,-0.0026409,-0.0036612,0.0049641
0.0029597,0.0034942,0.0046098,0.0029584,0.0034927,0.0046325
0.0029666,-0.0027533,0.0083738,0.0029646,-0.0027514,0.0084131
0.0044592,-0.0005223,0.0051244,0.004457,-0.0005219,0.0051493
0.0015382,0.004217,0.005124,0.0015375,0.004215,0.005149
-0.0003601,0.0044489,0.0053057,-0.0003598,0.0044466,0.0053315
0.0036742,-0.0017009,0.008378,0.0036717,-0.0016997,0.0084174
0.0033276,0.0030911,0.0047723,0.0033261,0.0030898,0.0047957
-0.0043439,0.0010196,0.0053093,-0.0043416,0.0010192,0.0053351
0.0005171,0.0045169,0.0047713,0.0005169,0.0045149,0.0047946
-0.0034796,0.0019667,0.0088336,-0.0034773,0.0019655,0.0088753
0.0044633,2e-06,0.0053058,0.0044611,2.1e-06,0.0053315
-2e-06,-0.0044636,0.005305,-1.9e-06,-0.0044613,0.0053306
0.0016868,-0.0036816,0.0083763,0.0016856,-0.003679,0.0084157
-0.0031605,0.0031503,0.0053048,-0.0031588,0.0031489,0.0053306
-0.004456,-0.0007268,0.0049458,-0.0044538,-0.0007263,0.0049698
-0.0016704,0.0036335,0.0088323,-0.0016692,0.0036311,0.0088741
-0.0021405,-0.0034644,0.0081509,-0.002139,-0.0034621,0.0081891
-0.0040732,1.63e-05,0.008152,-0.0040705,1.64e-05,0.0081903
-0.0027653,-0.0035325,0.0051181,-0.0027639,-0.0035306,0.0051428
-0.0008727,-0.0043999,0.0051169,-0.0008722,-0.0043976,0.0051415
0.0001551,0.0039959,0.0088325,0.000155,0.0039932,0.0088744
-0.0042475,0.0013562,0.0053089,-0.0042453,0.0013556,0.0053347
0.0006269,0.0039726,0.0086048,0.0006265,0.0039698,0.0086455
0.0026574,-0.0036528,0.0049428,0.0026562,-0.003651,0.0049667
-0.0031002,0.0024616,0.0092974,-0.0030982,0.0024599,0.0093414
0.0035243,-0.0027763,0.0051181,0.0035226,-0.0027749,0.0051429
0.0043945,-0.0010506,0.0049486,0.0043925,-0.00105,0.0049726
-0.003974,-0.0007713,0.0083778,-0.0039714,-0.0007708,0.0084172
0.0039729,0.0007868,0.0083782,0.0039701,0.0007863,0.0084177
-0.002903,0.0033843,0.0053011,-0.0029015,0.0033828,0.0053269
-0.003378,-0.0029095,0.0053011,-0.0033762,-0.0029079,0.0053267
0.0042983,-0.0013935,0.0049466,0.0042963,-0.0013927,0.0049707
-0.0012266,0.0043179,0.0051263,-0.001226,0.0043159,0.0051514
0.0021917,-0.0039168,0.0051202,0.0021906,-0.0039147,0.0051449
-0.004484,-0.0001966,0.005124,-0.0044818,-0.0001963,0.0051487
0.0003024,-0.0040132,0.0086,0.0003023,-0.0040105,0.0086403
-0.0040617,-0.0003019,0.0081522,-0.004059,-0.0003017,0.0081905
-0.0018906,-0.0041359,0.0047671,-0.0018897,-0.0041339,0.0047901
-0.0013898,-0.0042983,0.0049402,-0.001389,-0.0042962,0.0049641
-0.0003518,-0.0044481,0.0053008,-0.0003516,-0.0044457,0.0053263
0.0012576,0.0038728,0.0081572,0.0012567,0.0038702,0.0081957
-0.0037575,0.001573,0.0081529,-0.0037548,0.0015719,0.0081913
-0.0004907,-0.0040178,0.0083742,-0.0004904,-0.0040151,0.0084134
-0.0031425,-0.0031655,0.0053028,-0.0031408,-0.0031637,0.0053284
0.003976,0.0020315,0.0053087,0.0039739,0.0020306,0.0053345
0.0010535,-0.0043953,0.0049433,0.0010531,-0.0043932,0.0049672
0.0023958,0.0032942,0.0081545,0.0023941,0.0032919,0.008193
-0.0043744,-0.0012534,0.0047805,-0.0043724,-0.0012527,0.0048037
-0.0041173,-0.0019185,0.0047756,-0.0041155,-0.0019175,0.0047988
0.0039585,-0.0009558,0.008152,0.0039558,-0.0009551,0.0081904
0.0021274,0.0034726,0.0081538,0.002126,0.0034701,0.0081924
0.0017068,-0.0041242,0.0052993,0.0017059,-0.0041219,0.0053248
0.0042434,0.0013826,0.0053079,0.0042412,0.001382,0.0053337
0.0039804,-0.0020246,0.0053047,0.0039784,-0.0020234,0.0053303
-0.0012396,0.003824,0.0086041,-0.0012387,0.0038214,0.0086448
-0.0027613,-0.0029607,0.0083756,-0.0027596,-0.0029587,0.0084149
-0.0039671,0.000808,0.0083765,-0.0039645,0.0008075,0.0084159
0.0020135,0.0039819,0.0053072,0.0020124,0.0039799,0.0053331
-0.0038694,0.0012753,0.0081532,-0.0038666,0.0012744,0.0081916
0.0015563,0.0037615,0.0081568,0.0015553,0.0037589,0.0081953
0.0040597,0.0003144,0.0081553,0.0040568,0.0003142,0.0081937
0.0030875,-0.0033387,0.0047719,0.0030861,-0.0033371,0.0047952
0.0038058,-0.0023309,0.0053025,0.0038039,-0.0023296,0.0053282
0.0033279,0.0022198,0.0088326,0.0033257,0.0022183,0.0088744
0.0038017,0.0023357,0.0053078,0.0037996,0.0023346,0.0053336
-0.0039275,0.0021726,0.0051263,-0.0039256,0.0021717,0.0051512
-0.0009643,-0.0039569,0.0081466,-0.0009636,-0.0039542,0.0081849
0.0023193,0.0038101,0.005311,0.0023181,0.0038082,0.0053369
0.0028048,0.003584,0.0047813,0.0028035,0.0035824,0.0048048
-0.0007089,0.0044103,0.005308,-0.0007085,0.0044081,0.0053338
-0.0012707,-0.0038673,0.0081479,-0.0012698,-0.0038647,0.0081861
-0.0044471,0.0003326,0.0053083,-0.0044447,0.0003326,0.0053339
-0.0038999,-0.0010793,0.0083761,-0.0038974,-0.0010786,0.0084155
0.0038732,-0.001263,0.0081523,0.0038705,-0.0012621,0.0081907
-0.0033822,0.0020925,0.0090648,-0.00338,0.0020912,0.0091077
-0.0007892,0.0039718,0.0083809,-0.0007886,0.003969,0.0084205
-0.0025169,-0.0037943,0.0047728,-0.0025157,-0.0037925,0.004796
0.0003359,0.0045024,0.0049451,0.0003358,0.0045003,0.0049693
0.0043344,0.0010458,0.00531,0.0043321,0.0010454,0.0053357
-0.0023286,0.0032214,0.0090659,-0.0023271,0.0032194,0.0091089
0.0012497,-0.0038774,0.0081517,0.0012488,-0.0038746,0.0081899
0.0013779,-0.0042419,0.0053014,0.0013773,-0.0042396,0.0053269
-0.0038651,0.0023381,0.0049481,-0.0038633,0.0023372,0.0049722
-0.0024055,-0.003285,0.0081522,-0.002404,-0.0032829,0.0081904
-0.0004749,0.004021,0.0083787,-0.0004746,0.0040181,0.0084183
0.0034697,-0.0021347,0.0081509,0.0034674,-0.0021332,0.0081892
-0.0044069,0.0006794,0.005308,-0.0044046,0.0006792,0.0053337
-0.0036373,-0.0018342,0.0081511,-0.0036349,-0.0018329,0.0081893
0.0040716,-4.1e-06,0.0081566,0.0040687,-4e-06,0.0081951
-0.0037672,-0.0015418,0.0081528,-0.0037646,-0.0015407,0.0081911
0.0032898,-0.0023999,0.0081501,0.0032876,-0.0023982,0.0081884
-0.0037234,-0.0025099,0.0051246,-0.0037216,-0.0025086,0.0051493
0.0004643,-0.0040212,0.008373,0.000464,-0.0040184,0.0084123
0.0006265,-0.0040254,0.0081492,0.0006261,-0.0040226,0.0081874
-0.0040185,0.000494,0.008376,-0.0040159,0.0004936,0.0084154
0.0034287,0.0029407,0.0049479,0.003427,0.0029394,0.004972
-0.0032099,0.0023502,0.0090637,-0.0032078,0.0023486,0.0091066
0.0006857,0.0044656,0.0049491,0.0006853,0.0044637,0.0049734
-0.0034799,-0.0021113,0.0081499,-0.0034776,-0.0021099,0.0081881
-0.0010963,0.0038976,0.008381,-0.0010956,0.0038948,0.0084206
-0.003374,-0.0022336,0.0083743,-0.0033718,-0.0022321,0.0084136
-0.0037913,0.0025024,0.004776,-0.0037896,0.0025014,0.0047994
0.000346,-0.0044505,0.0053051,0.0003459,-0.0044482,0.0053306
-0.0034012,0.0028839,0.0053056,-0.0033994,0.0028827,0.0053314
0.0027403,-0.0029781,0.008375,0.0027385,-0.0029761,0.0084144
-0.0042599,-0.0015891,0.004779,-0.004258,-0.0015882,0.0048023
-0.0018604,-0.0036195,0.0081497,-0.0018591,-0.0036171,0.0081879
0.0031434,0.0024752,0.0088326,0.0031412,0.0024735,0.0088744
0.0035201,0.0027819,0.0051207,0.0035184,0.0027806,0.0051457
-0.0019475,0.0034908,0.0088323,-0.0019461,0.0034886,0.0088741
-0.0022061,-0.0039738,0.0047697,-0.002205,-0.0039719,0.0047929
0.0001573,0.0044852,0.0051236,0.0001573,0.004483,0.0051486
-0.0029846,-0.0027342,0.0083759,-0.0029827,-0.0027322,0.0084153
-0.0017074,-0.0036683,0.0083761,-0.0017062,-0.0036659,0.0084154
-0.0035961,-0.0026385,0.005301,-0.0035942,-0.0026371,0.0053266
0.004214,-0.0015523,0.0051206,0.004212,-0.0015514,0.0051455
0.0041254,0.0017118,0.0053078,0.0041233,0.0017111,0.0053335
0.0040235,0.0006333,0.0081544,0.0040206,0.0006328,0.0081928
0.0026453,0.0030955,0.0081544,0.0026434,0.0030933,0.008193
0.0020253,-0.0039796,0.0053002,0.0020243,-0.0039773,0.0053257
-0.0028958,0.0026945,0.0092975,-0.002894,0.0026928,0.0093416
0.0016932,0.0041255,0.0053045,0.0016924,0.0041234,0.0053304
0.0040206,-0.0004817,0.0083766,0.0040178,-0.0004813,0.008416
0.0037601,-0.0015643,0.0081545,0.0037575,-0.0015632,0.0081928
-0.0039884,0.0020069,0.0053061,-0.0039863,0.0020061,0.0053319
-0.0006506,-0.0040196,0.0081484,-0.0006502,-0.0040168,0.0081866
-0.0017345,0.0041751,0.0049461,-0.0017336,0.0041733,0.0049704
-0.0035247,0.0019889,0.0083782,-0.0035224,0.0019876,0.0084177
0.0040215,-0.0006394,0.0081519,0.0040187,-0.000639,0.0081903
-0.0044612,-1.66e-05,0.0053073,-0.0044589,-1.65e-05,0.0053329
0.0027684,0.0035311,0.0051285,0.002767,0.0035293,0.0051535
0.0031957,-0.0031959,0.0049428,0.0031942,-0.0031943,0.0049667
-0.0041273,0.0016833,0.0053063,-0.0041252,0.0016827,0.005332
-3.3e-06,0.0040235,0.0086044,-3.3e-06,0.0040207,0.0086451
0.0041283,-0.001705,0.0053031,0.0041262,-0.001704,0.0053288
0.0036251,-0.0018544,0.0081537,0.0036226,-0.0018531,0.0081921
-0.0035344,0.0027614,0.0051249,-0.0035327,0.0027604,0.0051498
-0.0023506,-0.0038606,0.0049403,-0.0023495,-0.0038587,0.0049642
-0.0036226,0.0018607,0.0081548,-0.00362,0.0018595,0.0081932
-0.0040582,0.0003358,0.0081527,-0.0040554,0.0003356,0.0081911
0.0027494,0.0029731,0.0083775,0.0027475,0.002971,0.0084171
0.0018481,0.0036281,0.0081538,0.0018469,0.0036256,0.0081923
-0.0044048,0.0005058,0.005493,-0.0044023,0.0005057,0.0055194
-0.0036669,0.0026386,0.0049509,-0.0036653,0.0026376,0.004975
-1.44e-05,0.0044649,0.0053073,-1.43e-05,0.0044626,0.0053332
0.0044106,0.0007052,0.0053088,0.0044084,0.000705,0.0053346
0.0009484,0.0039602,0.0081579,0.0009478,0.0039574,0.0081965
-0.0043536,0.0008462,0.0054948,-0.0043512,0.0008459,0.0055213
0.0020932,-0.0034354,0.0086009,0.0020917,-0.0034331,0.0086413
0.0007881,0.0039716,0.0083817,0.0007876,0.0039689,0.0084213
0.0011996,0.0043279,0.0051278,0.001199,0.0043259,0.0051528
-0.0026318,0.003603,0.0053023,-0.0026304,0.0036014,0.0053282
-0.0025738,0.0030302,0.0090648,-0.0025722,0.0030282,0.0091078
0.0030602,0.0026111,0.0086032,0.0030581,0.0026093,0.0086439
0.0038969,0.0010957,0.0083776,0.0038942,0.0010949,0.0084171
0.0024992,-0.0031844,0.0083752,0.0024976,-0.0031823,0.0084146
-0.0022017,0.0039115,0.0051228,-0.0022006,0.0039098,0.0051478
-0.004094,0.0001757,0.00793,-0.0040912,0.0001756,0.0079673
0.003076,0.0033443,0.0047773,0.0030746,0.0033428,0.0048008
-0.0040967,-0.0001462,0.0079298,-0.004094,-0.0001461,0.0079671
0.0044486,-0.0003454,0.0053052,0.0044463,-0.0003451,0.0053309
-0.0011265,-0.0039417,0.0079274,-0.0011257,-0.003939,0.0079646
-0.0009497,0.0039603,0.0081563,-0.000949,0.0039575,0.0081949
0.0037201,0.0015347,0.008603,0.0037175,0.0015337,0.0086435
0.0044268,0.0001748,0.0054866,0.0044244,0.0001748,0.0055131
-0.0024798,-0.0037342,0.0051175,-0.0024786,-0.0037323,0.0051422
0.0005208,-0.0044555,0.0051237,0.0005207,-0.0044532,0.0051485
-0.0032636,0.0030033,0.0054853,-0.0032618,0.0030019,0.005512
0.0030902,-0.0026507,0.0081471,0.0030881,-0.0026488,0.0081854
0.0019712,-0.0035365,0.0083746,0.0019698,-0.0035341,0.0084139
-0.0044562,-0.0005481,0.0051262,-0.0044539,-0.0005477,0.005151
0.0038702,-0.0021639,0.0054861,0.0038681,-0.0021626,0.0055126
-0.0015353,0.0037172,0.0086025,-0.0015342,0.0037146,0.0086431
-0.0006362,0.0040204,0.0081565,-0.0006357,0.0040175,0.0081951
0.0044035,-0.0008699,0.005127,0.0044014,-0.0008693,0.0051519
-0.0020146,-0.0035688,0.0079307,-0.0020133,-0.0035665,0.0079678
-0.0006975,-0.0044074,0.0053019,-0.0006971,-0.004405,0.0053273
0.0003132,0.0040107,0.008605,0.0003131,0.004008,0.0086457
-0.0042743,0.0011835,0.0054923,-0.004272,0.001183,0.0055188
-0.0028832,-0.0034,0.0053035,-0.0028816,-0.0033981,0.0053291
0.0029361,-0.0034345,0.0049442,0.0029348,-0.0034328,0.0049681
0.0036083,-0.0026213,0.0052996,0.0036064,-0.0026198,0.0053252
-0.004025,-0.0006193,0.0081556,-0.0040222,-0.0006189,0.0081939
0.0025392,0.0032193,0.0079317,0.0025374,0.003217,0.0079691
-0.0030155,0.00325,0.0054867,-0.0030139,0.0032485,0.0055134
0.003588,0.0018256,0.0086039,0.0035855,0.0018243,0.0086444
0.0041584,0.0015403,0.0054875,0.0041562,0.0015397,0.0055141
-0.0015603,0.0042095,0.0051251,-0.0015594,0.0042075,0.0051502
-0.0010527,0.0043403,0.0053086,-0.0010521,0.0043382,0.0053345
0.0024933,-0.0037302,0.0051187,0.002492,-0.0037283,0.0051435
0.0039441,-0.0011166,0.0079316,0.0039414,-0.0011157,0.0079688
-0.0017192,-0.0041783,0.0049397,-0.0017184,-0.0041763,0.0049636
0.004023,0.0018613,0.0054871,0.0040208,0.0018605,0.0055136
-0.0012127,-0.0043187,0.0051166,-0.001212,-0.0043164,0.0051413
-0.0034743,-0.0027605,0.0054867,-0.0034724,-0.0027589,0.0055131
-0.0001773,-0.0044312,0.0054857,-0.0001772,-0.0044287,0.0055121
0.0014176,0.0038469,0.0079342,0.0014167,0.0038442,0.0079716
0.0007899,-0.0040237,0.007928,0.0007894,-0.0040208,0.0079651
0.0040604,-0.0003232,0.0081542,0.0040575,-0.0003229,0.0081926
-1.32e-05,-0.0040235,0.008601,-1.32e-05,-0.0040208,0.0086414
-0.0001731,-0.0040468,0.0083757,-0.0001729,-0.004044,0.008415
0.0034335,0.0021005,0.0086032,0.0034311,0.002099,0.0086438
-0.0022892,-0.0033983,0.0079308,-0.0022876,-0.0033961,0.007968
0.0029239,0.003441,0.0049505,0.0029225,0.0034394,0.0049748
0.0018529,-0.0040273,0.0054817,0.001852,-0.004025,0.005508
-0.0043881,-0.001073,0.0049481,-0.0043859,-0.0010724,0.0049722
-0.0040188,-0.0020708,0.0049497,-0.004017,-0.0020697,0.0049738
0.0044052,0.0005245,0.005491,0.0044028,0.0005244,0.0055176
-0.0033174,0.0022341,0.0088317,-0.0033152,0.0022326,0.0088734
0.0032966,-0.0030488,0.0051161,0.003295,-0.0030473,0.0051409
0.0022776,0.0034079,0.0079321,0.0022761,0.0034055,0.0079696
-0.0008129,-0.0040205,0.0079275,-0.0008123,-0.0040177,0.0079647
0.0011105,0.0039435,0.0079352,0.0011098,0.0039407,0.0079727
-0.001571,-0.003755,0.0081499,-0.0015699,-0.0037526,0.0081881
-0.0039578,0.0009668,0.0081534,-0.0039551,0.0009662,0.0081918
-0.0035838,-0.0019883,0.0079307,-0.0035814,-0.0019869,0.0079679
0.002155,0.0038756,0.0054921,0.0021538,0.0038736,0.0055188
-0.0044312,0.00016,0.0054924,-0.0044288,0.0001601,0.0055189
0.0040192,-0.0008044,0.0079305,0.0040163,-0.0008037,0.0079678
-0.0037284,-0.001701,0.0079301,-0.0037259,-0.0016998,0.0079673
-0.0001603,0.0040451,0.0083791,-0.0001602,0.0040423,0.0084187
-0.0037162,0.001729,0.0079319,-0.0037135,0.0017278,0.0079692
0.0036075,0.0026255,0.0053031,0.0036056,0.0026242,0.005329
0.0018421,0.0040344,0.0054903,0.0018412,0.0040322,0.0055169
0.0040699,0.0004773,0.0079312,0.004067,0.0004769,0.0079686
-0.0031874,-0.0024913,0.0083768,-0.0031852,-0.0024895,0.0084162
0.0026127,0.0036186,0.0053078,0.0026114,0.0036168,0.0053337
-0.0022136,0.0033276,0.0088323,-0.0022122,0.0033255,0.0088741
0.001533,-0.004161,0.0054846,0.0015323,-0.0041587,0.0055109
-0.0032458,-0.0030209,0.0054881,-0.003244,-0.0030191,0.0055145
-0.0038419,0.001432,0.0079311,-0.0038391,0.0014311,0.0079685
0.0007031,-0.0044583,0.0049424,0.0007029,-0.0044561,0.0049664
0.0008725,-0.004402,0.005118,0.0008721,-0.0043997,0.0051427
0.0001718,-0.0044312,0.0054867,0.0001717,-0.0044288,0.0055131
0.0040278,-0.0018508,0.0054847,0.0040256,-0.0018497,0.0055112
0.0035734,-0.0020085,0.0079294,0.0035709,-0.0020071,0.0079667
-0.000188,0.0044323,0.0054923,-0.0001878,0.0044299,0.0055189
0.0010375,-0.0043377,0.0053012,0.0010371,-0.0043353,0.0053267
0.0038683,0.0021722,0.0054898,0.0038662,0.0021712,0.0055164
0.0042696,0.0012097,0.0054928,0.0042673,0.0012091,0.0055194
-0.0026581,-0.0030865,0.0081524,-0.0026564,-0.0030845,0.0081906
0.0015492,-0.0037664,0.0081519,0.0015481,-0.0037637,0.0081902
0.0011054,-0.00395,0.0079299,0.0011046,-0.0039471,0.0079671
-0.0038168,0.0023142,0.0053055,-0.0038149,0.0023132,0.0053313
-0.0037465,0.0024743,0.0051255,-0.0037448,0.0024733,0.0051505
-0.0034228,0.0021135,0.0086047,-0.0034205,0.002112,0.0086453
0.0034051,-0.0022843,0.0079282,0.0034027,-0.0022826,0.0079653
0.0040956,0.0001562,0.0079313,0.0040926,0.0001561,0.0079686
-0.0038765,-0.0012418,0.0081528,-0.0038739,-0.0012409,0.0081911
-0.0005323,0.0044033,0.005488,-0.0005319,0.004401,0.0055145
0.0003067,-0.0040617,0.0081502,0.0003065,-0.0040589,0.0081884
0.003188,0.0031967,0.0049503,0.0031864,0.0031953,0.0049745
0.003844,-0.0014226,0.0079317,0.0038413,-0.0014215,0.007969
-0.004068,0.0004961,0.0079322,-0.0040653,0.0004959,0.0079696
0.0003336,0.0044488,0.005306,0.0003334,0.0044465,0.0053318
-0.0014306,-0.0038398,0.0079263,-0.0014297,-0.0038371,0.0079634
-0.003014,0.0025904,0.0090649,-0.0030121,0.0025886,0.0091078
0.0032562,0.0023632,0.008603,0.0032539,0.0023615,0.0086436
-0.0013977,0.0037994,0.0083798,-0.0013967,0.0037968,0.0084194
-0.0034904,0.0027298,0.0054861,-0.0034886,0.0027285,0.0055128
0.0028725,-0.0028847,0.0081483,0.0028706,-0.0028827,0.0081866
0.0037195,-0.0017209,0.0079316,0.0037169,-0.0017197,0.0079689
0.0005087,0.0044544,0.0051239,0.0005084,0.0044523,0.0051489
-0.0041662,-0.0017447,0.0049483,-0.0041644,-0.0017437,0.0049724
0.0032892,0.0030497,0.0051271,0.0032875,0.0030483,0.0051521
-0.0018222,0.0035887,0.0086032,-0.0018208,0.0035863,0.0086439
-0.002039,-0.0040354,0.0049427,-0.002038,-0.0040334,0.0049666
-0.0017286,-0.003715,0.0079268,-0.0017274,-0.0037125,0.0079639
0.0027825,0.0030103,0.0079313,0.0027806,0.0030082,0.0079687
0.0039601,0.000947,0.0081541,0.0039572,0.0009463,0.0081926
0.0042474,-0.0013785,0.0053033,0.0042453,-0.0013777,0.005329
0.0036889,-0.0024635,0.0054854,0.0036869,-0.0024621,0.0055118
-0.0042917,-0.0014137,0.0049504,-0.0042897,-0.0014128,0.0049745
0.0043242,-0.0012159,0.0051244,0.0043221,-0.0012151,0.0051493
-0.0005216,-0.0044046,0.0054869,-0.0005213,-0.0044021,0.0055132
0.0023334,-0.0038062,0.0053001,0.0023322,-0.0038041,0.0053255
0.001714,0.0037226,0.0079338,0.0017129,0.00372,0.0079713
-0.004167,0.001516,0.0054923,-0.0041647,0.0015153,0.0055188
0.0040213,0.0007958,0.0079304,0.0040184,0.0007952,0.0079678
-0.003678,-0.0024777,0.0054835,-0.003676,-0.0024764,0.0055099
0.0040677,0.0016926,0.0056758,0.0040654,0.0016917,0.0057032
-0.001254,0.0038725,0.0081558,-0.0012532,0.0038697,0.0081944
0.002164,-0.0038693,0.0054807,0.0021629,-0.0038671,0.005507
0.0022424,-0.0033701,0.0083755,0.0022409,-0.0033679,0.0084149
-0.0028027,0.0028203,0.0090643,-0.002801,0.0028185,0.0091073
0.0013628,0.0042452,0.0053047,0.0013622,0.004243,0.0053305
0.0024553,0.0036969,0.005493,0.002454,0.003695,0.0055197
-0.0034184,-0.0022664,0.0079309,-0.003416,-0.0022648,0.0079681
-0.0035706,0.0020151,0.0079319,-0.0035681,0.0020137,0.0079693
-0.0037957,-0.002346,0.0053061,-0.0037938,-0.0023447,0.0053317
-0.0003337,-0.0040595,0.0081506,-0.0003334,-0.0040567,0.0081889
-0.0018881,0.0040794,0.0051252,-0.0018871,0.0040776,0.0051503
-0.0040344,0.0018398,0.0054874,-0.0040322,0.001839,0.005514
-0.0040204,0.0006542,0.0081532,-0.0040177,0.0006539,0.0081915
-0.0044473,-0.0003659,0.0053064,-0.0044451,-0.0003656,0.005332
-0.0039644,-0.0009335,0.0081541,-0.0039617,-0.0009329,0.0081924
-0.003907,-0.0022115,0.0051241,-0.0039051,-0.0022103,0.0051489
0.0001586,0.0044313,0.0054898,0.0001586,0.0044289,0.0055164
-0.0034659,0.002139,0.0081552,-0.0034635,0.0021376,0.0081936
-0.0028928,-0.0028686,0.0081528,-0.0028909,-0.0028666,0.0081911
0.00047,-0.0040732,0.0079294,0.0004696,-0.0040703,0.0079666
0.0044296,-0.0001709,0.0054879,0.0044272,-0.0001707,0.0055144
-0.0038795,0.0021507,0.0054857,-0.0038774,0.0021497,0.0055123
0.0043517,0.0008687,0.0054915,0.0043493,0.0008683,0.0055181
-0.0043556,0.0006752,0.0056818,-0.0043531,0.000675,0.0057091
0.0001475,-0.0040466,0.0083752,0.0001474,-0.0040438,0.0084144
-0.0036201,0.0026066,0.0053023,-0.0036183,0.0026055,0.0053281
-0.0027522,0.0034746,0.0054864,-0.0027506,0.003473,0.005513
-0.0024689,0.0031464,0.0088334,-0.0024673,0.0031443,0.0088752
-0.0020951,0.0034329,0.008603,-0.0020937,0.0034306,0.0086437
0.004162,-0.0015297,0.0054848,0.0041598,-0.0015288,0.0055114
0.000635,0.0040207,0.0081572,0.0006346,0.0040178,0.0081958
-0.002339,0.003802,0.0053039,-0.0023378,0.0038003,0.0053297
0.0028809,0.002879,0.0081526,0.0028789,0.0028769,0.0081911
0.0039221,-0.0012794,0.0077122,0.0039194,-0.0012784,0.0077485
-0.0012868,-0.0039211,0.0077104,-0.0012859,-0.0039184,0.0077466
-0.0041273,1.43e-05,0.0077139,-0.0041245,1.44e-05,0.0077501
-0.0021833,-0.0039207,0.0051167,-0.0021822,-0.0039186,0.0051414
-0.0036944,0.002447,0.0054833,-0.0036925,0.0024459,0.00551
0.0019947,-0.0039216,0.0056678,0.0019936,-0.0039192,0.005695
0.0038005,0.0013964,0.0083786,0.0037978,0.0013955,0.0084181
-0.0040717,-0.0004668,0.0079309,-0.0040689,-0.0004665,0.0079681
-0.002548,-0.0032078,0.0079311,-0.0025463,-0.0032056,0.0079682
0.0035166,-0.002161,0.0077119,0.003514,-0.0021594,0.0077481
-0.003303,-0.0023796,0.008151,-0.0033007,-0.002378,0.0081892
-0.002609,-0.0036115,0.0053012,-0.0026076,-0.0036096,0.0053267
0.0032155,-0.0025458,0.0079302,0.0032133,-0.002544,0.0079674
0.001842,-0.0036318,0.0081509,0.0018407,-0.0036293,0.0081891
-0.0044025,-0.0008947,0.0051263,-0.0044003,-0.0008941,0.0051512
0.0036755,-0.0018771,0.007713,0.0036729,-0.0018757,0.0077492
-0.000319,0.0040602,0.0081527,-0.0003188,0.0040573,0.0081913
0.0044092,-0.0006937,0.0053068,0.004407,-0.0006932,0.0053325
0.0040107,-0.0009675,0.0077104,0.0040078,-0.0009667,0.0077467
-0.0010385,-0.0043401,0.0052987,-0.0010379,-0.0043377,0.0053242
0.0006978,-0.0044058,0.0053,0.0006975,-0.0044034,0.0053255
0.0004744,0.0040199,0.0083811,0.0004741,0.0040172,0.0084208
-0.004286,0.0010136,0.005679,-0.0042836,0.0010132,0.0057063
-0.0015467,-0.0042138,0.0051184,-0.0015458,-0.0042117,0.0051432
0.0008556,0.0044023,0.0051256,0.0008552,0.0044002,0.0051507
-0.0018848,-0.0036707,0.0077094,-0.0018834,-0.0036682,0.0077456
0.0026814,0.0031384,0.007713,0.0026795,0.0031362,0.0077493
-0.0044322,-0.000187,0.0054911,-0.0044299,-0.0001868,0.0055176
-0.0031236,0.0031066,0.0056725,-0.0031218,0.0031051,0.0057
0.0036759,0.0016917,0.0083786,0.0036733,0.0016905,0.0084181
0.0027775,-0.0035247,0.0051209,0.0027762,-0.0035229,0.0051456
-0.0003481,-0.0043966,0.005673,-0.0003479,-0.0043941,0.0057001
-0.0013891,0.0042445,0.005307,-0.0013883,0.0042424,0.0053329
-0.0041137,0.000338,0.0077141,-0.0041109,0.0003378,0.0077503
-0.0011126,0.0039458,0.0079341,-0.0011118,0.0039431,0.0079715
0.0005202,-0.0044034,0.0054856,0.00052,-0.004401,0.0055121
-0.0039418,0.0011263,0.007932,-0.003939,0.0011256,0.0079693
-0.0031319,0.0024847,0.0088308,-0.0031298,0.002483,0.0088725
0.0039233,0.0020059,0.005676,0.0039211,0.0020049,0.0057034
0.004097,-0.0001642,0.0079319,0.0040941,-0.0001641,0.0079692
0.0040775,0.0006421,0.0077123,0.0040746,0.0006416,0.0077486
-0.0035569,-0.0026002,0.0056721,-0.0035549,-0.0025987,0.0056993
0.0035352,0.001977,0.0083796,0.0035327,0.0019756,0.0084191
0.004188,0.0013649,0.0056742,0.0041857,0.0013642,0.0057015
0.0030374,0.0032991,0.005126,0.0030358,0.0032975,0.0051511
-0.0043915,0.0003314,0.0056796,-0.004389,0.0003314,0.0057069
0.0033877,-0.0028963,0.0052991,0.003386,-0.0028947,0.0053247
0.0024263,0.0033405,0.0077133,0.0024246,0.0033381,0.0077497
0.002892,0.0034004,0.0053079,0.0028905,0.0033987,0.0053337
-0.0009751,-0.004009,0.0077099,-0.0009745,-0.0040062,0.0077461
0.0012729,0.0039236,0.0077151,0.0012721,0.0039209,0.0077516
-0.0007996,0.0040184,0.0079341,-0.000799,0.0040156,0.0079716
0.0020026,0.0035762,0.0079322,0.0020013,0.0035738,0.0079697
0.0022914,0.0037602,0.0056757,0.0022901,0.0037581,0.0057031
-0.0035242,-0.0021445,0.0077129,-0.0035218,-0.002143,0.0077491
-0.0036733,0.0018834,0.0077141,-0.0036707,0.0018821,0.0077505
0.0007983,0.00402,0.0079332,0.0007978,0.0040172,0.0079707
-0.0038496,-0.0014039,0.0079306,-0.0038469,-0.0014029,0.0079678
-0.0004931,-0.0040694,0.0079271,-0.0004927,-0.0040665,0.0079643
0.0036833,0.0024696,0.0054891,0.0036812,0.0024684,0.0055157
0.0015197,0.0041649,0.0054892,0.001519,0.0041627,0.0055159
-0.0033446,-0.0028715,0.0056733,-0.0033426,-0.0028697,0.0057004
0.0016806,-0.0040713,0.005669,0.0016797,-0.0040689,0.0056961
-0.0029999,-0.0032655,0.0054863,-0.0029983,-0.0032636,0.0055127
-0.0038095,0.0015897,0.0077149,-0.0038068,0.0015886,0.0077513
0.0015763,0.0038119,0.0077146,0.0015752,0.0038092,0.007751
-2.5e-06,-0.0044081,0.0056722,-2.5e-06,-0.0044056,0.0056994
0.0043889,0.0003456,0.0056746,0.0043864,0.0003455,0.0057019
-0.0036808,-0.0018604,0.0077138,-0.0036784,-0.0018591,0.0077499
-0.0008766,0.0043467,0.0054896,-0.0008761,0.0043444,0.0055163
0.0026387,-0.0031022,0.0081485,0.0026369,-0.0031,0.0081867
0.0011996,-0.0042682,0.0054834,0.001199,-0.0042658,0.0055096
0.0001571,0.0040427,0.0083794,0.000157,0.0040399,0.0084191
-1.17e-05,0.004406,0.0056772,-1.16e-05,0.0044035,0.0057046
0.0041148,0.0003193,0.0077115,0.0041118,0.0003191,0.0077478
-0.0021646,-0.0035102,0.0077114,-0.0021632,-0.0035079,0.0077475
-0.0033584,0.0022584,0.0083781,-0.003356,0.0022569,0.0084176
0.0019869,0.0039313,0.005676,0.0019858,0.0039291,0.0057035
0.0040706,-0.0004858,0.0079318,0.0040677,-0.0004855,0.007969
0.0029744,0.0027476,0.008377,0.0029723,0.0027456,0.0084166
0.0006355,-0.0040753,0.0077098,0.0006351,-0.0040724,0.007746
0.0014119,-0.003851,0.007929,0.0014109,-0.0038482,0.0079662
0.0044027,5e-07,0.005677,0.0044003,7e-07,0.0057043
0.0033903,0.0029014,0.0053036,0.0033885,0.0029,0.0053294
0.0009553,-0.0040132,0.0077116,0.0009546,-0.0040103,0.0077477
-0.0031075,-0.0026321,0.0081524,-0.0031054,-0.0026302,0.0081907
0.0039255,-0.0019981,0.0056737,0.0039233,-0.0019968,0.005701
0.0030489,-0.0032998,0.0051212,0.0030474,-0.0032981,0.005146
-0.0033578,0.0028497,0.0056713,-0.0033559,0.0028482,0.0056988
-0.0003574,0.0043927,0.0056768,-0.0003571,0.0043903,0.0057043
0.0037556,-0.0023013,0.0056738,0.0037536,-0.0022999,0.0057012
0.0031806,0.0025061,0.0083785,0.0031784,0.0025043,0.0084181
-0.0014171,0.0038466,0.0079351,-0.0014161,0.0038439,0.0079725
-0.001591,-0.0038081,0.0077092,-0.0015899,-0.0038054,0.0077453
0.0003134,-0.0041143,0.0077094,0.0003132,-0.0041114,0.0077456
0.0038107,-0.001583,0.0077133,0.0038081,-0.0015818,0.0077495
0.000962,0.0040116,0.007714,0.0009614,0.0040088,0.0077505
-0.0041156,-0.000311,0.0077132,-0.0041128,-0.0003108,0.0077494
-0.0037613,0.0022881,0.0056714,-0.0037591,0.0022869,0.0056988
0.0010274,0.0043406,0.0053076,0.001027,0.0043384,0.0053335
0.0033674,0.0022486,0.0083798,0.0033651,0.002247,0.0084193
-0.0040701,-0.0019001,0.0051241,-0.0040682,-0.001899,0.0051489
0.0033311,-0.0024317,0.0077118,0.0033288,-0.0024299,0.007748
0.0030053,-0.0027903,0.0079262,0.0030032,-0.0027883,0.0079634
0.0003329,0.0043945,0.005677,0.0003327,0.004392,0.0057045
0.0043401,-0.0010401,0.0053052,0.0043379,-0.0010393,0.0053309
-0.001691,0.0036782,0.0083778,-0.0016897,0.0036756,0.0084174
0.0029177,0.0029174,0.0077114,0.0029156,0.0029153,0.0077477
-0.0040741,0.0016736,0.0056752,-0.0040718,0.0016728,0.0057026
-0.0035131,0.0021659,0.0077154,-0.0035106,0.0021644,0.0077519
0.0038756,0.0012546,0.0081519,0.0038728,0.0012538,0.0081902
-0.0006902,-0.0043566,0.0056716,-0.0006898,-0.004354,0.0056987
0.0034835,-0.0027446,0.0054838,0.0034816,-0.002743,0.0055102
0.0026184,-0.0036073,0.0053036,0.0026171,-0.0036053,0.0053292
-0.0041932,0.0013455,0.005677,-0.0041908,0.0013449,0.0057043
-0.0037478,-0.0023113,0.0056706,-0.0037456,-0.00231,0.0056979
-0.0008669,-0.0043479,0.0054829,-0.0008663,-0.0043455,0.0055092
0.0021217,-0.0034772,0.0081491,0.0021201,-0.0034748,0.0081874
-0.001554,0.003764,0.0081561,-0.0015528,0.0037614,0.0081947
0.0024619,-0.0036898,0.0054864,0.0024606,-0.0036876,0.0055127
0.0005063,0.0044043,0.0054896,0.000506,0.004402,0.0055162
0.0039454,0.0011091,0.0079294,0.0039426,0.0011084,0.0079667
-0.0018716,-0.0040794,0.0051174,-0.0018707,-0.0040773,0.0051421
-1.34e-05,-0.0040724,0.0081519,-1.34e-05,-0.0040695,0.0081901
-0.00386,-0.0021792,0.0054882,-0.0038579,-0.002178,0.0055145
-0.0033466,-0.002415,0.0077123,-0.0033443,-0.0024133,0.0077484
-0.0027932,-0.0029995,0.0079315,-0.0027913,-0.0029975,0.0079687
-0.0040174,0.0008151,0.0079334,-0.0040146,0.0008146,0.0079707
0.0031494,0.0031633,0.0053079,0.0031478,0.0031617,0.0053336
0.004072,-0.0016844,0.0056728,0.0040697,-0.0016833,0.0057001
-0.0039614,-0.002039,0.0053033,-0.0039594,-0.0020379,0.0053289
0.0043505,0.0006904,0.0056758,0.004348,0.0006901,0.0057031
-0.0044056,-0.0007182,0.0053069,-0.0044033,-0.0007177,0.0053325
0.0044049,-0.0005173,0.0054883,0.0044025,-0.0005168,0.0055147
0.0008598,-0.0043455,0.0054832,0.0008594,-0.0043431,0.0055095
-0.0028644,0.0033391,0.0056722,-0.0028627,0.0033374,0.0056997
0.0001489,-0.0040958,0.007928,0.0001488,-0.0040929,0.0079652
-0.0039288,0.0019852,0.0056734,-0.0039265,0.0019843,0.0057008
0.0022939,-0.0037529,0.0056696,0.0022927,-0.0037506,0.0056967
-0.0034038,0.0022883,0.0079338,-0.0034014,0.0022867,0.0079712
0.0025803,0.0035688,0.0056756,0.0025788,0.0035667,0.005703
-0.0032471,0.0023738,0.0086028,-0.0032448,0.0023722,0.0086435
0.0023873,-0.0032996,0.008149,0.0023857,-0.0032974,0.0081873
0.0040134,0.0009585,0.0077135,0.0040106,0.0009579,0.0077498
0.0027355,0.0034902,0.0054879,0.002734,0.0034884,0.0055146
-0.0035697,0.0025742,0.0056717,-0.0035677,0.002573,0.0056992
-0.0023584,0.0032591,0.008604,-0.0023568,0.003257,0.0086446
-0.0012748,0.0039254,0.0077145,-0.0012738,0.0039226,0.0077509
-0.0019741,0.0035352,0.0083789,-0.0019726,0.0035328,0.0084184
0.0042704,-0.0011991,0.0054892,0.0042681,-0.0011983,0.0055157
-0.0038156,-0.0015658,0.0077126,-0.003813,-0.0015647,0.0077487
-0.0044016,-0.0005339,0.0054874,-0.0043993,-0.0005335,0.0055138
-0.0020307,0.0039693,0.0053002,-0.0020296,0.0039674,0.0053261
-0.0029269,0.002722,0.0088336,-0.002925,0.0027201,0.0088754
-0.0014465,-0.0038917,0.0074937,-0.0014455,-0.003889,0.0075289
0.0004792,-0.0041261,0.0074943,0.0004789,-0.0041232,0.0075294
0.0038956,-0.0014424,0.0074956,0.0038928,-0.0014413,0.0075308
0.0011255,0.0039986,0.0074979,0.0011247,0.0039958,0.0075333
-0.0041483,-0.0001512,0.0074973,-0.0041454,-0.000151,0.0075326
-0.0023201,-0.0038076,0.0053008,-0.0023189,-0.0038056,0.0053263
0.0011894,0.0042707,0.0054916,0.0011888,0.0042684,0.0055182
-0.0031068,-0.0031222,0.0056724,-0.003105,-0.0031203,0.0056996
0.0018712,0.0036769,0.0077145,0.0018699,0.0036744,0.0077509
-0.0032295,-0.0025278,0.0079299,-0.0032274,-0.002526,0.0079671
0.0027776,-0.0030154,0.0079263,0.0027756,-0.0030132,0.0079636
-0.0024696,0.0036812,0.0054838,-0.0024682,0.0036794,0.0055105
-1e-06,0.0040713,0.0081556,-1e-06,0.0040685,0.0081941
0.0014345,0.0038953,0.0074964,0.0014336,0.0038926,0.0075319
0.0001621,0.0043759,0.0058668,0.000162,0.0043733,0.005895
0.0017106,-0.0037289,0.007929,0.0017093,-0.0037262,0.0079662
-0.0043172,-0.0012369,0.0051271,-0.004315,-0.0012362,0.0051519
0.0036219,-0.0020336,0.0074959,0.0036193,-0.0020321,0.0075311
0.0006823,0.004413,0.0053072,0.0006819,0.0044108,0.005333
-0.0004832,0.0040676,0.0079338,-0.0004828,0.0040648,0.0079713
0.0039951,-0.001132,0.0074942,0.0039924,-0.0011311,0.0075295
-0.000699,0.0043511,0.0056743,-0.0006985,0.0043488,0.0057018
-0.0036324,-0.0024384,0.0058619,-0.0036302,-0.002437,0.0058899
-0.0042914,0.0008431,0.00587,-0.0042889,0.0008428,0.0058982
-0.0013745,-0.0042431,0.0052984,-0.0013737,-0.0042408,0.0053239
-0.0006566,-0.0040759,0.0077109,-0.0006562,-0.0040731,0.0077471
0.0030108,0.0027811,0.00793,0.0030087,0.0027792,0.0079675
-0.0039481,-0.0010968,0.0079306,-0.0039455,-0.0010961,0.0079678
0.0021332,-0.0038183,0.0058618,0.002132,-0.0038159,0.0058898
-0.0036164,0.0020355,0.0074996,-0.0036139,0.0020341,0.007535
-0.0024352,-0.0033309,0.0077125,-0.0024336,-0.0033287,0.0077486
-0.003288,0.0024029,0.0081541,-0.0032857,0.0024012,0.0081926
-0.0044052,-1.14e-05,0.0056776,-0.0044027,-1.12e-05,0.0057049
0.0037627,0.0015546,0.0081552,0.00376,0.0015535,0.0081936
-0.0005171,-0.0043469,0.005861,-0.0005168,-0.0043442,0.0058889
0.0034784,0.0027487,0.0054862,0.0034765,0.0027473,0.0055128
-0.0012136,0.0042629,0.0054904,-0.0012129,0.0042606,0.0055171
-0.0040716,0.0006594,0.0077144,-0.0040688,0.0006591,0.0077507
-0.0041505,0.0001753,0.0074981,-0.0041477,0.0001753,0.0075334
-0.0017488,-0.0037675,0.0074941,-0.0017476,-0.0037649,0.0075293
-0.0042064,-0.001573,0.0051258,-0.0042044,-0.001572,0.0051506
-0.0017146,0.0041197,0.0053047,-0.0017136,0.0041177,0.0053305
0.003629,0.0018463,0.0081549,0.0036265,0.001845,0.0081935
0.000343,-0.0043959,0.0056717,0.0003429,-0.0043934,0.0056989
-0.0039201,0.0012858,0.0077145,-0.0039173,0.001285,0.0077508
-0.0011381,-0.0039939,0.0074935,-0.0011373,-0.0039911,0.0075287
0.0037543,0.0023082,0.0056735,0.0037521,0.002307,0.0057009
-0.0020386,-0.0036192,0.007495,-0.0020372,-0.0036168,0.0075301
-0.0001824,0.0043789,0.0058658,-0.0001823,0.0043764,0.0058941
0.0039779,0.001836,0.0058656,0.0039755,0.001835,0.0058937
0.0025716,0.0032636,0.0074967,0.0025698,0.0032613,0.0075321
-0.0027058,0.0029451,0.0088341,-0.0027041,0.0029431,0.0088759
-0.003021,-0.0027718,0.0079297,-0.003019,-0.0027698,0.0079669
-0.0001763,-0.004375,0.0058614,-0.0001761,-0.0043723,0.0058893
-0.0009626,0.0040095,0.007715,-0.0009619,0.0040066,0.0077514
0.0021557,0.0035185,0.0077132,0.0021543,0.0035161,0.0077496
-0.002736,-0.0034912,0.0054887,-0.0027345,-0.0034892,0.005515
-0.0034593,-0.0022972,0.0074963,-0.003457,-0.0022955,0.0075315
0.0031499,-0.0031531,0.0052991,0.0031483,-0.0031513,0.0053247
0.0040736,-0.0006498,0.0077106,0.0040706,-0.0006492,0.0077469
0.0004807,0.0040702,0.0079346,0.0004804,0.0040673,0.0079722
0.0018277,-0.0039759,0.0058597,0.0018267,-0.0039734,0.0058877
0.0016702,0.004073,0.0056765,0.0016693,0.0040707,0.005704
0.0035605,-0.0025855,0.0056691,0.0035586,-0.002584,0.0056963
-0.0032216,0.0029621,0.0058635,-0.0032197,0.0029605,0.0058918
-0.0037681,0.0017474,0.0074991,-0.0037655,0.0017462,0.0075344
-0.0036276,-0.0020172,0.0074972,-0.0036252,-0.0020157,0.0075323
0.0042836,0.0010309,0.0056752,0.0042812,0.0010305,0.0057025
0.0043912,-0.0003458,0.005676,0.0043887,-0.0003454,0.0057033
-0.0034297,-0.0027136,0.0058624,-0.0034276,-0.0027119,0.0058904
0.0013554,-0.0041908,0.0056706,0.0013548,-0.0041883,0.0056977
0.0041071,0.0015167,0.0058643,0.0041046,0.0015159,0.0058925
-0.0040218,-0.000784,0.0079328,-0.0040192,-0.0007835,0.0079702
0.0028179,0.0030502,0.0074946,0.0028159,0.003048,0.00753
0.0041272,-5.2e-06,0.0077112,0.0041242,-5.1e-06,0.0077475
0.0041253,0.000485,0.0074968,0.0041224,0.0004847,0.0075321
-0.0029768,0.0032065,0.0058634,-0.002975,0.0032048,0.0058917
0.0021275,0.003823,0.0058642,0.0021263,0.0038207,0.0058924
0.0024221,0.003643,0.0058676,0.0024206,0.0036408,0.0058959
0.0012663,-0.0039269,0.0077117,0.0012654,-0.003924,0.0077479
0.004376,0.0001736,0.0058668,0.0043734,0.0001736,0.0058949
0.0008022,-0.0040747,0.0074941,0.0008017,-0.0040717,0.0075292
-0.0001727,-0.0040953,0.0079284,-0.0001725,-0.0040925,0.0079656
0.0040733,0.0008076,0.0074957,0.0040704,0.0008071,0.007531
-0.0043471,0.0005022,0.0058679,-0.0043446,0.0005021,0.005896
0.0039766,-0.0018307,0.0058646,0.0039742,-0.0018295,0.0058926
0.0038196,-0.0021398,0.0058637,0.0038173,-0.0021383,0.0058918
0.0034483,-0.0023124,0.0074957,0.0034459,-0.0023107,0.0075309
0.0043471,0.0005167,0.0058664,0.0043445,0.0005165,0.0058946
0.003099,0.0026433,0.0081539,0.0030968,0.0026415,0.0081924
0.0023075,0.0034558,0.0074973,0.0023059,0.0034534,0.0075326
0.0008071,0.0040748,0.007499,0.0008065,0.004072,0.0075345
-0.0033305,0.0024313,0.0077147,-0.0033281,0.0024297,0.0077511
-0.0041251,-0.0004755,0.0074956,-0.0041222,-0.0004752,0.0075308
0.0025844,-0.003562,0.0056724,0.002583,-0.0035599,0.0056996
0.000645,0.0040755,0.0077169,0.0006446,0.0040727,0.0077533
0.0043486,-0.0008603,0.0054881,0.0043463,-0.0008596,0.0055145
0.0001533,-0.0041511,0.007494,0.0001532,-0.0041482,0.0075292
0.0031329,-0.0026857,0.00771,0.0031307,-0.0026837,0.0077462
-0.0017138,0.0037244,0.0079348,-0.0017125,0.0037218,0.0079723
0.0003185,0.0040607,0.0081569,0.0003183,0.0040578,0.0081954
0.0006842,-0.0043514,0.0056713,0.0006839,-0.0043488,0.0056984
0.0019955,-0.0035808,0.0079271,0.0019941,-0.0035784,0.0079643
0.0038454,0.0014157,0.0079312,0.0038427,0.0014147,0.0079686
-0.0042152,0.0011768,0.0058685,-0.0042126,0.0011762,0.0058966
-0.0034468,0.0023115,0.0074978,-0.0034444,0.0023099,0.0075332
0.0024265,-0.0036374,0.0058621,0.0024251,-0.0036352,0.0058902
-0.0008586,-0.0042954,0.0058596,-0.0008581,-0.0042928,0.0058874
0.0032569,-0.0030097,0.0054834,0.0032552,-0.003008,0.0055098
0.0039241,0.0012731,0.0077107,0.0039213,0.0012723,0.007747
-0.0040785,-0.0006319,0.0077125,-0.0040757,-0.0006314,0.0077486
-0.0038108,-0.0021448,0.0058622,-0.0038086,-0.0021435,0.0058903
0.0027431,-0.0034816,0.005487,0.0027416,-0.0034796,0.0055133
0.0006758,0.0043529,0.0056768,0.0006755,0.0043505,0.0057043
0.0038173,0.0021434,0.0058647,0.0038149,0.0021422,0.0058929
-0.0016085,-0.0038571,0.0072796,-0.0016075,-0.0038544,0.0073138
-0.0039183,-0.0020095,0.0056744,-0.0039161,-0.0020083,0.0057016
-0.0030497,0.0026205,0.0086033,-0.0030476,0.0026186,0.0086439
0.0041154,-0.0003287,0.0077123,0.0041123,-0.0003284,0.0077486
-0.0026898,-0.0031281,0.0077145,-0.002688,-0.0031259,0.0077506
-0.0040088,0.0009757,0.0077145,-0.004006,0.0009751,0.0077508
0.0030011,0.0032608,0.0054866,0.0029994,0.0032591,0.0055132
0.00419,-0.0013577,0.005673,0.0041876,-0.0013568,0.0057003
-0.0034429,0.002701,0.0058623,-0.0034408,0.0026996,0.0058906
-0.0015765,0.0038129,0.0077161,-0.0015753,0.0038103,0.0077526
-0.0041142,-0.0017262,0.0053035,-0.0041121,-0.0017252,0.0053291
-0.0032682,-0.0025593,0.0074947,-0.0032659,-0.0025575,0.0075299
-0.0043365,-0.0010585,0.0053064,-0.0043343,-0.0010579,0.005332
-0.0018454,0.0036298,0.0081548,-0.001844,0.0036274,0.0081933
-0.0025952,0.0035586,0.0056719,-0.0025937,0.0035568,0.0056994
0.0005034,0.0043492,0.005868,0.0005031,0.0043467,0.0058962
0.0041518,0.0001589,0.0074963,0.0041487,0.0001588,0.0075316
0.0018197,0.0039802,0.0058671,0.0018187,0.0039779,0.0058954
-0.00402,-0.0018686,0.0054875,-0.0040178,-0.0018675,0.0055139
0.0037702,-0.0017425,0.0074967,0.0037675,-0.0017412,0.0075319
0.0010224,-0.0042829,0.0056704,0.0010219,-0.0042804,0.0056976
0.0028936,-0.0033909,0.0053024,0.0028921,-0.0033891,0.005328
-0.0031712,0.0025143,0.0083793,-0.003169,0.0025126,0.0084188
0.0032507,0.0030129,0.0054845,0.0032488,0.0030114,0.0055111
0.0041097,-0.001512,0.0058629,0.0041072,-0.001511,0.005891
-1.09e-05,-0.0041256,0.0077078,-1.08e-05,-0.0041227,0.0077439
0.004373,-0.0001724,0.0058668,0.0043705,-0.0001722,0.0058949
0.0001606,0.0040943,0.0079343,0.0001604,0.0040915,0.0079718
0.002028,0.003625,0.0074981,0.0020266,0.0036225,0.0075335
0.0024553,0.0033842,0.0072816,0.0024536,0.0033818,0.007316
-0.0022428,0.0033707,0.0083791,-0.0022413,0.0033684,0.0084186
0.0043518,1.2e-06,0.0060582,0.0043491,1.4e-06,0.0060872
-0.0039276,-0.0012615,0.0077133,-0.0039249,-0.0012606,0.0077494
-0.0043487,-0.000878,0.0054915,-0.0043464,-0.0008775,0.0055179
-0.0021726,0.0038613,0.0054845,-0.0021713,0.0038594,0.0055112
0.0009712,0.0040664,0.0072845,0.0009706,0.0040636,0.007319
-0.0005259,0.0043504,0.0058664,-0.0005255,0.0043479,0.0058947
0.002268,-0.0037102,0.0060561,0.0022666,-0.0037078,0.0060848
-0.0010301,-0.0042858,0.0056696,-0.0010295,-0.0042833,0.0056967
-0.0024552,-0.0036911,0.0054854,-0.0024538,-0.0036891,0.0055117
0.0003214,0.0041116,0.0077142,0.0003212,0.0041087,0.0077507
-0.0028538,-0.0033531,0.0056724,-0.0028521,-0.0033511,0.0056995
0.0034735,0.0021258,0.0081557,0.0034711,0.0021243,0.0081943
0.0029146,-0.0029271,0.0077098,0.0029126,-0.002925,0.0077459
-0.003146,-0.00267,0.0077107,-0.0031439,-0.002668,0.0077468
0.0015713,-0.0038154,0.0077118,0.0015701,-0.0038127,0.007748
0.0032557,-0.0025773,0.007493,0.0032534,-0.0025754,0.0075283
-0.0020183,-0.0039778,0.0053004,-0.0020172,-0.0039757,0.005326
0.004165,0.0003254,0.0072825,0.0041621,0.0003252,0.0073169
0.0037223,0.0017129,0.0079304,0.0037196,0.0017117,0.0079678
0.0043346,0.0003418,0.0060582,0.004332,0.0003418,0.0060871
0.0042916,0.0008561,0.0058672,0.004289,0.0008557,0.0058953
-0.0039761,0.0018216,0.0058667,-0.0039737,0.0018207,0.0058949
0.0039732,-0.0012967,0.0072793,0.0039705,-0.0012958,0.0073135
-0.0010377,0.0042819,0.0056771,-0.001037,0.0042795,0.0057046
-0.0042318,0.0010068,0.0060637,-0.0042292,0.0010064,0.0060927
-0.0037749,-0.0017268,0.007497,-0.0037723,-0.0017254,0.0075322
-0.0017028,-0.0041222,0.0052986,-0.0017018,-0.00412,0.0053242
-0.0008198,-0.0040709,0.007494,-0.0008193,-0.0040681,0.0075292
0.0030496,0.0028179,0.0074962,0.0030475,0.0028159,0.0075317
-0.0006853,-0.0042914,0.0060546,-0.0006848,-0.0042887,0.0060834
-0.003567,-0.0021737,0.0072819,-0.0035646,-0.0021721,0.0073161
-0.0023166,-0.003447,0.0074965,-0.002315,-0.0034447,0.0075316
-0.004392,-0.0003569,0.0056749,-0.0043896,-0.0003566,0.0057022
-0.0038202,0.0021286,0.0058643,-0.0038179,0.0021274,0.0058925
-0.0011276,0.0039972,0.0074989,-0.0011268,0.0039944,0.0075344
0.0035592,0.0025939,0.0056754,0.0035571,0.0025925,0.0057028
-0.0029279,-0.0029077,0.0077113,-0.002926,-0.0029057,0.0077474
-0.0015435,0.004159,0.0054896,-0.0015425,0.0041568,0.0055163
0.0032963,0.0023916,0.0081555,0.003294,0.0023899,0.008194
-0.0041227,0.0005007,0.0074987,-0.0041199,0.0005005,0.007534
-1.06e-05,0.0043499,0.0060571,-1.06e-05,0.0043472,0.0060861
0.0039971,0.0011234,0.007497,0.0039943,0.0011226,0.0075323
-0.0041057,0.0015044,0.0058648,-0.0041032,0.0015036,0.005893
-0.0006451,0.0040714,0.0077134,-0.0006446,0.0040685,0.0077499
0.0022723,-0.003414,0.007926,0.0022708,-0.0034117,0.0079632
-0.003892,0.0014463,0.0074979,-0.0038893,0.0014454,0.0075332
-0.0013006,-0.0039703,0.0072784,-0.0012997,-0.0039676,0.0073126
-0.0035593,0.0021873,0.0072852,-0.0035568,0.0021859,0.0073197
0.0019685,-0.0038789,0.0060547,0.0019673,-0.0038763,0.0060835
-0.0027169,0.0034321,0.0058643,-0.0027152,0.0034302,0.0058927
0.0027103,0.0031783,0.00728,0.0027084,0.0031761,0.0073145
-0.0026051,0.003065,0.0086026,-0.0026035,0.003063,0.0086433
0.0038743,0.0019777,0.0060552,0.0038719,0.0019766,0.0060842
0.000166,-0.0043744,0.005862,0.000166,-0.0043718,0.0058899
-0.0019069,-0.0037199,0.0072803,-0.0019056,-0.0037173,0.0073145
0.0008491,0.0043492,0.0054889,0.0008487,0.0043469,0.0055155
-0.0041676,-0.000319,0.0072819,-0.0041648,-0.0003188,0.0073161
0.0038606,-0.0016045,0.0072803,0.0038579,-0.0016033,0.0073146
0.0040731,-0.0008153,0.0074957,0.0040702,-0.0008146,0.0075309
-0.0037202,0.0019035,0.0072859,-0.0037177,0.0019023,0.0073204
-0.0033135,0.0028204,0.0060578,-0.0033115,0.0028188,0.006087
-0.000334,-0.0041101,0.0077073,-0.0003337,-0.0041073,0.0077434
0.0043519,-0.0006873,0.0056766,0.0043494,-0.0006868,0.0057039
0.001509,-0.0041067,0.0058605,0.0015082,-0.0041042,0.0058885
0.0013476,0.0041939,0.0056765,0.0013469,0.0041916,0.0057039
0.0033451,-0.0028568,0.0056692,0.0033432,-0.002855,0.0056965
0.0036379,-0.0024349,0.0058616,0.0036357,-0.0024334,0.0058897
-0.0014376,0.0038958,0.0074971,-0.0014365,0.0038931,0.0075325
0.0031392,0.0026796,0.0077143,0.003137,0.0026778,0.0077507
-0.0032074,-0.0029764,0.0058638,-0.0032055,-0.0029745,0.0058918
0.0017367,0.0037721,0.0074969,0.0017355,0.0037695,0.0075323
-0.0012037,-0.0042689,0.0054804,-0.001203,-0.0042664,0.0055066
-0.0033881,-0.0024486,0.0072797,-0.0033859,-0.0024469,0.0073139
-0.0003473,-0.0043324,0.0060566,-0.0003471,-0.0043297,0.0060853
0.0040199,-0.0016649,0.006058,0.0040175,-0.0016637,0.0060869
0.004212,0.0011906,0.0058658,0.0042095,0.00119,0.005894
0.0003308,0.0043422,0.0060598,0.0003307,0.0043396,0.0060889
-0.0032127,0.002548,0.007933,-0.0032104,0.0025462,0.0079704
0.0006448,-0.0041311,0.00728,0.0006444,-0.0041281,0.0073141
0.0040203,0.0016682,0.0060558,0.0040178,0.0016673,0.0060848
-0.0037001,-0.0022727,0.0060547,-0.0036979,-0.0022714,0.0060836
0.0022634,0.0037166,0.0060587,0.0022621,0.0037143,0.0060877
-0.0030822,0.00307,0.0060577,-0.0030803,0.0030683,0.0060869
0.0025321,-0.0032228,0.0079258,0.0025303,-0.0032206,0.007963
0.0026995,0.0034414,0.0058664,0.0026979,0.0034393,0.0058947
0.0019662,0.0038803,0.0060578,0.0019651,0.0038779,0.0060869
0.0011189,-0.0039995,0.0074948,0.0011181,-0.0039966,0.0075299
0.0037235,-0.0019011,0.0072803,0.0037208,-0.0018997,0.0073146
-0.0035125,-0.0025578,0.0060576,-0.0035103,-0.0025562,0.0060864
0.0038758,-0.0019784,0.0060572,0.0038735,-0.0019771,0.0060861
0.0012865,0.0039789,0.0072853,0.0012857,0.0039762,0.0073197
-0.0043732,0.000161,0.0058708,-0.0043707,0.0001611,0.0058989
0.0003182,-0.0041686,0.0072804,0.0003181,-0.0041657,0.0073145
0.0041272,0.0006512,0.0072822,0.0041244,0.0006508,0.0073166
-0.0041785,9.8e-06,0.0072832,-0.0041757,9.9e-06,0.0073175
-0.0042946,0.000672,0.0060641,-0.004292,0.0006717,0.006093
-0.0001601,0.0040963,0.0079334,-0.00016,0.0040935,0.0079708
0.0028518,0.0033535,0.0056749,0.0028501,0.0033516,0.0057023
-0.0036443,0.0024214,0.0058633,-0.0036421,0.0024202,0.0058916
0.0035644,-0.0021884,0.0072816,0.0035619,-0.0021868,0.0073159
-0.0042395,-0.0013967,0.0053053,-0.0042373,-0.0013958,0.0053309
0.002553,-0.0035212,0.0060562,0.0025514,-0.003519,0.0060851
-0.00187,0.0036779,0.007716,-0.0018686,0.0036753,0.0077523
0.0008416,0.0042975,0.0058692,0.0008412,0.004295,0.0058975
0.0041792,-2.8e-06,0.0072817,0.0041762,-2.7e-06,0.0073161
-0.004156,-0.0015536,0.0054862,-0.0041538,-0.0015526,0.0055125
-0.0018657,0.0040227,0.0054861,-0.0018647,0.0040207,0.0055128
0.0040637,-0.0009791,0.0072801,0.0040609,-0.0009782,0.0073144
0.0005075,-0.0043456,0.0058633,0.0005073,-0.0043429,0.0058912
0.001865,-0.0036796,0.0077104,0.0018636,-0.003677,0.0077466
0.0030086,-0.0032544,0.0054847,0.0030071,-0.0032526,0.0055112
-0.0032543,0.0025753,0.0074986,-0.0032519,0.0025736,0.0075341
0.0027062,-0.0034358,0.0058611,0.0027046,-0.0034336,0.0058891
-0.0010195,-0.0042268,0.006055,-0.0010189,-0.0042242,0.0060837
-0.0038744,0.0019672,0.0060617,-0.0038721,0.0019661,0.0060907
-0.0008112,0.0040758,0.0075006,-0.0008106,0.004073,0.007536
-0.0040714,0.0008209,0.0075003,-0.0040686,0.0008204,0.0075356
0.0011816,-0.0042145,0.0058622,0.0011809,-0.0042119,0.0058902
-0.0003487,0.0043346,0.0060561,-0.0003485,0.004332,0.0060852
0.0004866,0.004124,0.0074992,0.0004863,0.0041212,0.0075347
-0.0033789,0.0024626,0.0072833,-0.0033765,0.002461,0.0073177
0.0008479,-0.0042937,0.0058628,0.0008475,-0.004291,0.0058908
0.0036358,0.0024325,0.0058655,0.0036336,0.0024312,0.0058937
0.0043465,-0.0005142,0.0058688,0.0043439,-0.0005138,0.0058969
-0.0039671,-0.0018385,0.0058644,-0.0039648,-0.0018373,0.0058925
0.00371,0.0022781,0.0060608,0.0037077,0.0022768,0.0060899
-0.0029639,0.0027548,0.0083795,-0.0029619,0.0027529,0.0084191
0.0043343,-0.0003415,0.0060605,0.0043317,-0.0003412,0.0060895
0.0042845,-0.001025,0.0056757,0.0042822,-0.0010243,0.0057029
-0.0028359,0.0028515,0.008605,-0.0028341,0.0028496,0.0086457
0.0028582,-0.003349,0.0056697,0.0028566,-0.003347,0.0056969
-0.0035209,0.0025511,0.0060577,-0.0035187,0.0025496,0.0060868
0.0038131,0.0015763,0.0077109,0.0038104,0.0015752,0.0077473
-0.003993,0.0011374,0.0074992,-0.0039902,0.0011367,0.0075345
0.0041242,-0.0004927,0.0074953,0.0041211,-0.0004923,0.0075306
-0.0041394,0.0013365,0.0060583,-0.0041368,0.0013358,0.0060872
0.0041508,-0.0001677,0.0074961,0.0041478,-0.0001675,0.0075315
0.0041352,-0.001346,0.0060577,0.0041327,-0.0013451,0.0060867
-0.0041285,-0.0006454,0.0072822,-0.0041256,-0.0006449,0.0073164
0.0010135,0.0042851,0.0056768,0.001013,0.0042827,0.0057042
-0.0030894,0.0026519,0.0081555,-0.0030873,0.0026501,0.008194
0.0025515,0.0035259,0.0060598,0.0025499,0.0035238,0.0060889
-0.0025791,-0.0032528,0.0074967,-0.0025774,-0.0032505,0.0075318
0.0015012,0.0041097,0.0058683,0.0015004,0.0041073,0.0058965
0.0009681,-0.0040682,0.0072786,0.0009675,-0.0040652,0.0073127
-0.003727,-0.0018884,0.0072816,-0.0037245,-0.001887,0.0073158
-0.0040654,-0.0016951,0.005674,-0.0040631,-0.001694,0.0057012
0.0042105,-0.001184,0.0058656,0.0042081,-0.0011832,0.0058938
0.0029524,0.0029548,0.0072808,0.0029503,0.0029528,0.0073152
0.0021815,0.003565,0.007283,0.00218,0.0035624,0.0073174
-0.0023094,0.0037505,0.0056741,-0.002308,0.0037485,0.0057016
0.0032205,0.0025351,0.0079319,0.0032182,0.0025333,0.0079694
0.0006486,0.0041313,0.0072837,0.0006481,0.0041285,0.0073182
-0.0040157,-0.0009496,0.0077137,-0.004013,-0.0009489,0.0077499
-0.0038702,-0.0019784,0.0060564,-0.0038679,-0.0019771,0.0060852
-0.0024995,0.0031846,0.0083773,-0.0024979,0.0031824,0.0084168
0.0042956,0.0006808,0.0060593,0.004293,0.0006805,0.0060882
-0.0038969,-0.0014252,0.0074964,-0.0038941,-0.0014241,0.0075315
-0.0042678,-0.0012189,0.0054862,-0.0042654,-0.0012182,0.0055125
-0.0043348,0.0003343,0.0060624,-0.0043322,0.0003343,0.0060913
0.0014285,-0.0038984,0.0074946,0.0014275,-0.0038957,0.0075298
-0.001191,-0.0042118,0.0058611,-0.0011902,-0.0042092,0.0058891
-0.0019989,0.0035778,0.0079325,-0.0019974,0.0035754,0.00797
-0.0031835,-0.0027055,0.0072782,-0.0031813,-0.0027036,0.0073124
0.0033428,0.0028627,0.0056719,0.0033408,0.0028611,0.0056993
-0.0021597,-0.0038732,0.0054855,-0.0021586,-0.003871,0.0055118
-0.0034957,0.0023408,0.0070749,-0.0034933,0.0023394,0.0071083
-0.0025824,-0.0035663,0.0056734,-0.0025809,-0.0035642,0.0057005
-0.0042381,0.00084,0.0062592,-0.0042355,0.0008396,0.006289
0.0035779,0.0020004,0.0079321,0.0035754,0.001999,0.0079695
-0.0041659,0.0003382,0.0072831,-0.0041631,0.000338,0.0073174
0.0026754,-0.0031434,0.0077092,0.0026735,-0.0031411,0.0077453
-0.0030561,-0.0028076,0.0074931,-0.0030541,-0.0028056,0.0075282
0.0030443,-0.0028243,0.0074945,0.0030422,-0.0028222,0.0075297
-0.0001714,-0.0041516,0.0074933,-0.0001712,-0.0041486,0.0075284
0.0042052,0.0001613,0.0070697,0.0042023,0.0001612,0.0071032
0.0031069,0.0031158,0.005672,0.0031051,0.003114,0.0056994
0.0001604,0.0043135,0.006254,0.0001603,0.0043108,0.0062839
-0.0003243,0.0041105,0.007714,-0.0003241,0.0041076,0.0077505
0.0029639,0.0032169,0.0058625,0.0029621,0.003215,0.0058907
-0.0008635,0.0042979,0.0058661,-0.000863,0.0042955,0.0058944
-0.0031323,0.0026863,0.0077156,-0.00313,0.0026844,0.007752
-0.0015333,-0.0041611,0.0054826,-0.0015324,-0.0041587,0.0055089
-0.0009845,-0.0040605,0.0072795,-0.0009838,-0.0040577,0.0073137
-0.0008483,-0.0042358,0.0062517,-0.0008478,-0.0042331,0.0062813
-0.0033022,-0.0028253,0.0060575,-0.0033002,-0.0028235,0.0060863
-0.0037085,0.0022663,0.00606,-0.0037062,0.002265,0.0060891
-0.0005141,-0.0042902,0.006253,-0.0005137,-0.0042875,0.0062826
-0.0021912,-0.0035568,0.0072821,-0.0021897,-0.0035544,0.0073162
0.0016551,0.0040248,0.00606,0.0016542,0.0040224,0.0060891
-0.0031785,0.0029286,0.006254,-0.0031764,0.0029268,0.006284
-0.0043479,-0.0006977,0.0056734,-0.0043455,-0.0006973,0.0057006
-0.000977,0.0040648,0.0072862,-0.0009762,0.0040619,0.0073207
0.0021484,-0.0035219,0.0077097,0.0021469,-0.0035195,0.0077458
0.0040646,0.0009751,0.0072823,0.0040618,0.0009745,0.0073167
0.0038978,0.0014373,0.0074963,0.003895,0.0014363,0.0075316
0.0021057,-0.0037724,0.0062496,0.0021044,-0.0037698,0.0062792
-0.0038573,0.0016066,0.007285,-0.0038547,0.0016055,0.0073194
-0.0014657,-0.0039448,0.0070698,-0.0014647,-0.0039421,0.007103
-0.0040755,-0.0007987,0.0074975,-0.0040728,-0.0007982,0.0075326
-0.0028258,-0.0030387,0.0074956,-0.0028238,-0.0030367,0.0075308
0.00166,-0.0040212,0.0060542,0.0016591,-0.0040186,0.006083
0.0043189,-0.0001676,0.0062536,0.0043163,-0.0001673,0.0062833
-0.0028313,0.0033041,0.0060582,-0.0028295,0.0033022,0.0060873
-0.004157,0.0011687,0.0062549,-0.0041543,0.001168,0.0062847
0.003772,0.0021123,0.0062526,0.0037696,0.0021111,0.0062825
-0.0029666,-0.0032167,0.0058654,-0.0029648,-0.0032147,0.0058934
-6.3e-06,-0.0043521,0.006056,-6.2e-06,-0.0043493,0.0060847
-0.0033967,0.0026701,0.0062535,-0.0033945,0.0026685,0.0062834
-0.0035908,-0.0024005,0.0062543,-0.0035886,-0.002399,0.0062839
0.0039471,-0.0014603,0.0070677,0.0039443,-0.0014592,0.007101
-0.0004993,-0.0041227,0.0074927,-0.0004989,-0.0041199,0.0075278
-0.0017709,-0.0038173,0.0070695,-0.0017698,-0.0038148,0.0071027
-0.0024388,0.003635,0.0058652,-0.0024373,0.003633,0.0058935
-0.0036685,0.0020591,0.0070739,-0.003666,0.0020577,0.0071073
-1.4e-06,0.0041257,0.0077138,-1.5e-06,0.0041228,0.0077502
0.0040493,-0.0011458,0.007068,0.0040465,-0.0011449,0.0071013
-1.1e-05,-0.0041808,0.0072796,-1.1e-05,-0.0041779,0.0073138
0.0034338,-0.0027071,0.0058625,0.0034318,-0.0027054,0.0058906
0.0037049,-0.0022752,0.0060547,0.0037027,-0.0022737,0.0060836
0.0033786,-0.0024616,0.0072802,0.0033762,-0.0024598,0.0073144
-0.0012921,0.0039761,0.0072858,-0.0012912,0.0039734,0.0073202
0.002397,-0.0035962,0.0062503,0.0023955,-0.0035938,0.0062799
-0.0041783,-0.0004882,0.007071,-0.0041755,-0.0004878,0.0071043
0.0041392,0.0013471,0.0060593,0.0041366,0.0013464,0.0060883
0.0036713,-0.0020604,0.0070694,0.0036687,-0.0020589,0.0071027
0.0039249,0.0018096,0.0062518,0.0039224,0.0018085,0.0062817
0.0028183,0.0033128,0.0060556,0.0028165,0.0033107,0.0060847
-0.004019,0.0016566,0.0060602,-0.0040165,0.0016557,0.0060892
0.0015971,0.0038641,0.0072829,0.0015961,0.0038614,0.0073173
0.0043168,0.0001719,0.0062546,0.0043141,0.0001719,0.0062844
0.0038212,-0.0017654,0.0070668,0.0038185,-0.0017642,0.0071002
0.0031792,0.0027152,0.0072813,0.0031769,0.0027133,0.0073157
0.0023936,0.0035963,0.0062509,0.0023921,0.003594,0.0062807
0.0008118,-0.0041293,0.007068,0.0008113,-0.0041263,0.0071012
0.0006704,0.0043011,0.0060606,0.00067,0.0042986,0.0060898
0.0026024,0.0033089,0.0070677,0.0026006,0.0033066,0.0071011
0.0021043,0.0037769,0.0062535,0.002103,0.0037744,0.0062834
-0.0036744,-0.0020496,0.0070716,-0.0036719,-0.0020481,0.0071049
-0.0035037,-0.0023298,0.0070707,-0.0035014,-0.0023282,0.0071039
0.0023332,0.0035002,0.0070689,0.0023316,0.0034977,0.0071024
-0.0021217,0.0034735,0.0081542,-0.0021202,0.0034711,0.0081927
-0.0013719,0.0041889,0.0056775,-0.001371,0.0041867,0.0057049
0.0039242,-0.0018109,0.0062524,0.0039217,-0.0018097,0.0062821
-0.0043715,-0.0001817,0.0058678,-0.0043691,-0.0001814,0.0058959
0.0011356,0.0040527,0.0070733,0.0011349,0.0040499,0.0071068
0.0041773,0.000491,0.0070692,0.0041743,0.0004908,0.0071026
0.0040532,-0.0014961,0.0062534,0.0040507,-0.001495,0.0062832
-0.0001762,0.0043148,0.0062548,-0.000176,0.0043121,0.0062847
0.0004852,-0.0041802,0.0070694,0.000485,-0.0041773,0.0071026
0.0008155,0.00413,0.0070753,0.000815,0.0041272,0.0071088
-0.0017375,0.0037711,0.0074987,-0.0017362,0.0037685,0.0075342
-0.0037665,-0.0021097,0.0062514,-0.0037642,-0.0021083,0.0062811
-0.004204,-0.0001584,0.0070715,-0.0042011,-0.0001582,0.0071049
0.0032599,0.0025715,0.0074973,0.0032576,0.0025698,0.0075327
0.0031135,-0.0031127,0.0056692,0.0031118,-0.0031108,0.0056965
0.0033394,0.0024235,0.0077125,0.003337,0.0024219,0.0077488
0.0001616,0.004151,0.0074989,0.0001614,0.0041482,0.0075344
-0.00331,-0.0025988,0.0070712,-0.0033077,-0.002597,0.0071044
-0.0033028,0.0026102,0.007072,-0.0033005,0.0026084,0.0071054
-0.0042911,0.0005026,0.0062608,-0.0042885,0.0005024,0.0062906
0.004205,-0.0001672,0.0070722,0.004202,-0.0001669,0.0071057
-0.001359,-0.0041893,0.005668,-0.0013582,-0.0041868,0.0056951
0.0017304,-0.0037753,0.0074952,0.0017292,-0.0037727,0.0075304
0.0006703,-0.0042953,0.0060577,0.00067,-0.0042926,0.0060865
-0.0040166,-0.0016695,0.0060577,-0.0040142,-0.0016684,0.0060866
0.0028223,-0.0033085,0.0060558,0.0028205,-0.0033063,0.0060847
-0.0006557,0.0041269,0.0072856,-0.0006552,0.004124,0.0073201
-0.0041252,0.0006629,0.0072836,-0.0041224,0.0006626,0.007318
0.0035158,0.0025591,0.0060583,0.0035136,0.0025576,0.0060874
0.0013391,-0.0041379,0.0060536,0.0013384,-0.0041353,0.0060825
-0.0040616,0.000984,0.0072867,-0.0040588,0.0009833,0.007321
-0.0006886,0.0042962,0.0060577,-0.0006881,0.0042937,0.0060868
0.0034115,0.0022749,0.0079325,0.003409,0.0022734,0.0079699
-0.0041291,-0.0008147,0.0070723,-0.0041263,-0.0008141,0.0071056
0.0004973,0.0042898,0.006252,0.000497,0.0042871,0.0062819
-0.0031747,0.002717,0.0072827,-0.0031725,0.0027151,0.0073172
0.00101,-0.0042344,0.0060568,0.0010094,-0.0042317,0.0060856
0.0034312,0.0027125,0.0058648,0.0034291,0.002711,0.0058931
0.0018955,0.0037249,0.0072825,0.0018942,0.0037223,0.007317
0.0035947,0.0024056,0.0062543,0.0035923,0.0024041,0.0062842
0.0028535,0.0030893,0.0070687,0.0028515,0.0030872,0.0071022
0.0042936,-0.0006814,0.0060601,0.0042909,-0.0006809,0.006089
-0.0033915,-0.002676,0.0062551,-0.0033894,-0.0026743,0.0062847
0.0042936,-0.0008522,0.0058667,0.0042911,-0.0008516,0.0058948
-0.0027402,0.0029786,0.0083785,-0.0027383,0.0029766,0.008418
0.0003325,-0.0043372,0.0060562,0.0003323,-0.0043345,0.006085
0.0041648,-0.0003318,0.0072803,0.0041618,-0.0003315,0.0073147
-0.0039717,0.0012993,0.0072843,-0.0039689,0.0012985,0.0073186
0.0041268,-0.0006583,0.00728,0.0041239,-0.0006577,0.0073144
-0.0011503,-0.0040445,0.0070673,-0.0011494,-0.0040418,0.0071004
0.0042898,-0.000508,0.0062558,0.0042872,-0.0005075,0.0062856
-0.0030013,0.002788,0.007932,-0.0029992,0.0027861,0.0079694
0.0003227,0.004169,0.0072852,0.0003225,0.0041662,0.0073197
-0.0004891,0.0041251,0.007499,-0.0004888,0.0041222,0.0075345
-0.0011741,-0.004157,0.0062547,-0.0011733,-0.0041543,0.0062844
-0.0018519,-0.004029,0.0054837,-0.0018509,-0.0040268,0.0055101
-0.0020098,0.0039195,0.005674,-0.0020086,0.0039174,0.0057015
0.0034975,-0.0023417,0.0070705,0.0034951,-0.00234,0.0071038
0.0011767,0.0042163,0.0058681,0.001176,0.0042139,0.0058963
-0.0040655,-0.0009673,0.0072827,-0.0040626,-0.0009666,0.0073169
0.0042297,0.0010157,0.0060583,0.0042271,0.0010152,0.0060873
-0.0029396,0.0031689,0.0062542,-0.0029376,0.003167,0.0062841
0.0012833,-0.0039772,0.0072783,0.0012823,-0.0039744,0.0073124
0.0026705,0.0033984,0.0062513,0.0026688,0.0033962,0.0062812
0.0011335,-0.0040506,0.0070652,0.0011327,-0.0040477,0.0070984
-0.0038652,-0.0015914,0.0072821,-0.0038625,-0.0015903,0.0073163
-0.0024637,-0.0033734,0.0072811,-0.0024621,-0.0033711,0.0073153
-0.0038235,-0.0017543,0.0070719,-0.0038209,-0.001753,0.0071051
-0.0029618,-0.0029473,0.0072812,-0.0029599,-0.0029453,0.0073154
0.003089,0.002856,0.0070691,0.0030869,0.002854,0.0071026
0.0014478,0.0039488,0.0070746,0.0014469,0.0039461,0.0071081
0.0036782,0.0018704,0.0077115,0.0036755,0.0018692,0.0077479
0.0037692,-0.0021133,0.0062497,0.0037667,-0.0021118,0.0062795
-0.0028719,0.002884,0.008154,-0.0028699,0.002882,0.0081925
0.0018039,-0.0039265,0.0062508,0.0018028,-0.0039239,0.0062804
0.0024193,-0.0033432,0.0077087,0.0024176,-0.0033409,0.0077449
0.0029651,-0.0032103,0.0058597,0.0029634,-0.0032083,0.0058878
-0.0030359,0.0030306,0.0064532,-0.0030339,0.0030287,0.006484
-0.0043462,-7.3e-06,0.0060623,-0.0043437,-7.2e-06,0.0060912
-0.0013459,-0.0041327,0.0060583,-0.0013451,-0.0041302,0.006087
-0.0021525,0.0035186,0.0077135,-0.0021509,0.0035162,0.0077499
-0.0021478,0.003814,0.0058655,-0.0021464,0.0038119,0.0058938
-0.004237,0.0006697,0.0064574,-0.0042343,0.0006694,0.006488
-0.0027047,-0.003437,0.0058634,-0.0027031,-0.0034348,0.0058914
-0.0039196,-0.001809,0.0062508,-0.0039172,-0.0018078,0.0062806
0.0027488,0.0032247,0.0068631,0.0027469,0.0032225,0.0068955
0.0040598,0.0014986,0.0062521,0.0040572,0.0014978,0.006282
0.0020216,-0.0036268,0.0074935,0.0020202,-0.0036243,0.0075287
0.0028127,-0.0030521,0.0074932,0.0028109,-0.0030499,0.0075284
0.0039626,-0.0016425,0.0064527,0.00396,-0.0016413,0.0064833
0.0006533,-0.0041808,0.0068592,0.0006529,-0.0041778,0.0068915
-0.0016986,0.0040668,0.0056737,-0.0016975,0.0040646,0.0057011
-0.004201,0.0001723,0.0070705,-0.0041983,0.0001722,0.0071038
-0.00428,-0.0010394,0.005672,-0.0042776,-0.0010388,0.0056992
-0.0039275,0.0018072,0.0062567,-0.003925,0.0018061,0.0062865
-0.0011969,0.0042124,0.0058676,-0.0011962,0.00421,0.0058959
-0.003074,-0.0030776,0.0060602,-0.0030721,-0.0030756,0.006089
-0.0040991,-0.0015219,0.0058633,-0.0040967,-0.0015209,0.0058913
0.0026723,-0.0033971,0.0062514,0.0026706,-0.0033948,0.006281
-0.0041849,-0.0013743,0.0056704,-0.0041825,-0.0013734,0.0056976
-0.0008241,0.0041261,0.0070744,-0.0008235,0.0041232,0.0071079
-0.0020653,-0.0036676,0.0070702,-0.0020639,-0.0036651,0.0071034
-0.0037724,0.0021094,0.0062583,-0.00377,0.0021082,0.0062882
-0.0001758,-0.0043169,0.0062515,-0.0001756,-0.0043142,0.0062811
-0.0037739,-0.0019178,0.0068623,-0.0037714,-0.0019164,0.0068947
0.0013326,0.0041407,0.0060622,0.0013319,0.0041382,0.0060913
-0.0042236,-0.0003277,0.0068659,-0.0042208,-0.0003275,0.0068983
-0.0043442,-0.0005231,0.0058659,-0.0043417,-0.0005227,0.0058939
-0.000338,-0.004165,0.0072805,-0.0003377,-0.0041621,0.0073147
0.0031737,-0.002722,0.0072775,0.0031715,-0.00272,0.0073117
0.0020507,0.0036701,0.007068,0.0020493,0.0036675,0.0071014
-0.0022944,-0.0037564,0.0056715,-0.002293,-0.0037542,0.0056986
0.0041253,0.0008192,0.0070706,0.0041225,0.0008187,0.007104
-0.004186,-0.0006579,0.0068664,-0.0041833,-0.0006574,0.0068988
0.0039139,-0.0016241,0.0068596,0.0039112,-0.0016229,0.0068919
0.0039743,0.0012906,0.0072827,0.0039714,0.0012898,0.0073171
-0.0039966,-0.0011164,0.007497,-0.0039938,-0.0011156,0.0075321
-0.0038168,0.001765,0.0070734,-0.0038142,0.0017639,0.0071068
-0.0030449,0.0028227,0.0074986,-0.0030427,0.0028207,0.007534
-0.0040534,0.0014903,0.0062542,-0.0040508,0.0014894,0.006284
-0.0041715,0.0010004,0.0064577,-0.0041688,0.0009999,0.0064884
-0.0036131,-0.0022057,0.0068606,-0.0036106,-0.0022042,0.0068929
-0.0025623,0.0035153,0.0060575,-0.0025606,0.0035133,0.0060866
-0.000665,-0.0041266,0.007279,-0.0006646,-0.0041238,0.0073131
0.0013017,0.004031,0.0068634,0.0013008,0.0040283,0.006896
0.0042927,0.0005086,0.0062532,0.00429,0.0005084,0.0062831
-0.0034713,-0.0025211,0.0064525,-0.003469,-0.0025195,0.006483
-0.0036584,-0.0022396,0.0064516,-0.003656,-0.0022381,0.0064822
0.0017974,0.0039291,0.0062531,0.0017964,0.0039266,0.006283
-0.0036096,0.0022162,0.0068663,-0.0036072,0.0022148,0.0068988
0.0004865,0.0041794,0.0070736,0.0004862,0.0041766,0.0071071
-0.0016272,-0.0039131,0.0068643,-0.0016261,-0.0039106,0.0068966
-0.003094,-0.0028479,0.0070697,-0.003092,-0.0028459,0.0071029
-0.0013165,-0.0040282,0.0068638,-0.0013156,-0.0040255,0.0068961
0.004128,-0.0008234,0.0070668,0.0041251,-0.0008227,0.0071002
0.00403,-0.0013124,0.0068631,0.0040273,-0.0013114,0.0068955
-0.0006769,-0.0042355,0.0064516,-0.0006765,-0.0042327,0.0064821
0.0042784,-0.0003355,0.0064525,0.0042756,-0.0003352,0.0064832
0.0035187,-0.0025598,0.0060557,0.0035166,-0.0025581,0.0060845
0.0019422,-0.0038276,0.0064491,0.0019409,-0.0038249,0.0064795
-0.0011435,0.0040491,0.0070736,-0.0011427,0.0040463,0.0071072
-0.0010045,-0.0041694,0.0064545,-0.0010038,-0.0041666,0.0064849
0.0033808,0.0024567,0.0072836,0.0033784,0.002455,0.007318
0.0036604,0.002244,0.0064506,0.0036579,0.0022426,0.0064813
0.0010061,0.0042331,0.0060606,0.0010056,0.0042306,0.0060896
-0.0032662,0.0027841,0.0064533,-0.003264,0.0027823,0.0064841
0.003823,0.0019466,0.0064523,0.0038204,0.0019455,0.006483
0.004238,-2.2e-06,0.0068607,0.0042351,-2.1e-06,0.0068932
0.0009809,0.0041209,0.0068638,0.0009803,0.0041181,0.0068963
0.0037723,0.0017369,0.0074957,0.0037696,0.0017357,0.0075311
0.0033052,0.0026052,0.0070696,0.0033029,0.0026034,0.0071031
0.0025201,0.0034768,0.0064509,0.0025184,0.0034745,0.0064817
0.0037726,-0.0019274,0.0068599,0.00377,-0.001926,0.0068923
0.0009785,-0.0041186,0.0068592,0.0009779,-0.0041156,0.0068915
0.002237,0.0036654,0.0064504,0.0022355,0.0036629,0.0064812
-0.0027231,-0.0031698,0.0072806,-0.0027213,-0.0031676,0.0073148
-0.0034258,0.0024917,0.0068654,-0.0034234,0.0024901,0.0068979
0.0042243,0.00033,0.0068618,0.0042214,0.0003299,0.0068943
0.0024854,0.0034327,0.00686,0.0024837,0.0034303,0.0068925
-8.4e-06,0.0042872,0.0064563,-8.3e-06,0.0042844,0.0064871
0.0036087,-0.0022168,0.0068596,0.0036063,-0.0022152,0.006892
0.0042915,2e-07,0.0064521,0.0042887,4e-07,0.0064828
0.0038218,-0.001951,0.006451,0.0038193,-0.0019496,0.0064816
0.0032101,-0.0029682,0.0058626,0.0032082,-0.0029663,0.0058906
0.0001568,-0.0042046,0.0070689,0.0001568,-0.0042017,0.0071021
-0.001601,0.0038628,0.0072852,-0.0015998,0.0038601,0.0073196
0.0041576,-0.0011732,0.0062517,0.004155,-0.0011724,0.0062815
0.0030745,0.0030806,0.0060561,0.0030725,0.0030787,0.0060851
-0.0005112,0.0042868,0.0062539,-0.0005108,0.0042842,0.0062839
0.0022361,-0.003663,0.0064498,0.0022346,-0.0036605,0.0064803
-0.0035955,0.0023973,0.0062559,-0.0035932,0.002396,0.0062859
0.0003277,0.0042757,0.0064555,0.0003276,0.004273,0.0064863
-0.0023877,0.0032993,0.0081541,-0.002386,0.003297,0.0081926
-0.0020248,0.0036219,0.0074983,-0.0020233,0.0036194,0.0075337
-0.0003305,0.0041668,0.0072842,-0.0003303,0.0041639,0.0073187
0.0029288,0.0031789,0.0062504,0.0029269,0.0031769,0.0062803
0.0017564,0.0038228,0.0070692,0.0017553,0.0038201,0.0071027
-0.0034282,-0.0024827,0.0068626,-0.0034259,-0.0024811,0.006895
0.0008354,-0.0042357,0.0062508,0.0008349,-0.0042329,0.0062805
-0.0042724,0.0003337,0.0064581,-0.0042697,0.0003336,0.0064887
0.0029934,0.0029971,0.0068609,0.0029914,0.0029951,0.0068934
-0.003944,0.0014608,0.007073,-0.0039412,0.0014598,0.0071064
0.004081,-0.0013266,0.0064524,0.0040783,-0.0013256,0.006483
-5.6e-06,0.0041815,0.0072844,-5.6e-06,0.0041786,0.0073189
-0.0015129,-0.0041048,0.005862,-0.001512,-0.0041024,0.0058899
0.0032094,0.0029742,0.0058631,0.0032074,0.0029725,0.0058913
0.0003244,-0.004221,0.0068594,0.0003243,-0.0042181,0.0068917
0.0015922,-0.0038621,0.0072789,0.0015911,-0.0038594,0.007313
-0.002346,-0.0034949,0.0070709,-0.0023444,-0.0034926,0.0071041
0.0042315,-0.0010136,0.0060598,0.0042289,-0.0010128,0.0060888
0.0042385,-0.0008424,0.0062576,0.0042359,-0.0008417,0.0062875
-0.0004999,0.0041817,0.0070747,-0.0004995,0.0041788,0.0071083
-0.0039101,-0.0016151,0.006863,-0.0039075,-0.001614,0.0068954
-0.0042353,3.2e-06,0.0068659,-0.0042325,3.3e-06,0.0068984
0.0016128,0.0039162,0.0068633,0.0016118,0.0039136,0.0068958
-0.0041788,0.0005017,0.0070714,-0.004176,0.0005015,0.0071048
0.0041773,-0.0004989,0.0070662,0.0041743,-0.0004985,0.0070996
-0.0010215,0.0042301,0.0060606,-0.0010208,0.0042277,0.0060897
0.0035182,0.0021537,0.0077121,0.0035157,0.0021523,0.0077484
0.0038686,-0.0017872,0.0066536,0.003866,-0.0017859,0.0066851
0.0008301,0.0042398,0.006253,0.0008296,0.0042372,0.006283
-0.0039779,-0.0012817,0.0072824,-0.0039752,-0.0012807,0.0073167
-0.0031763,-0.002937,0.006256,-0.0031743,-0.0029351,0.0062856
0.0014906,-0.0040576,0.0062504,0.0014897,-0.0040549,0.0062801
0.0033888,0.0026793,0.0062529,0.0033866,0.0026777,0.0062828
-0.0029121,0.0029231,0.0077147,-0.00291,0.002921,0.0077511
-0.0032645,-0.002787,0.006453,-0.0032624,-0.0027851,0.0064835
0.0004987,-0.0042929,0.0062537,0.0004984,-0.0042901,0.0062833
-0.002638,0.0031016,0.0081536,-0.0026362,0.0030994,0.0081921
-0.0019276,-0.0037716,0.006862,-0.0019264,-0.0037691,0.0068943
-0.001682,-0.0040687,0.0056694,-0.0016811,-0.0040663,0.0056966
-0.0030868,0.0028588,0.0070714,-0.0030847,0.0028568,0.0071049
-0.0003427,-0.004278,0.0064496,-0.0003425,-0.0042752,0.0064801
0.0042365,-0.0006709,0.0064548,0.0042337,-0.0006704,0.0064855
-0.0040474,0.0011469,0.0070733,-0.0040446,0.0011462,0.0071066
-0.00268,0.0033891,0.0062538,-0.0026783,0.003387,0.0062837
0.0033031,-0.0026104,0.0070698,0.0033008,-0.0026085,0.0071031
0.0034536,0.0023073,0.007498,0.0034511,0.0023058,0.0075333
-0.00083,-0.0041242,0.0070659,-0.0008294,-0.0041213,0.007099
-0.0040519,-0.0011351,0.0070721,-0.0040491,-0.0011343,0.0071054
0.0011673,-0.0041597,0.0062489,0.0011666,-0.004157,0.0062785
0.0042263,-0.0003334,0.0068619,0.0042234,-0.0003331,0.0068944
0.0014486,-0.0039506,0.0070658,0.0014475,-0.0039478,0.007099
0.0001622,-0.0043176,0.0062506,0.0001621,-0.0043148,0.0062802
-0.0037691,0.0019254,0.0068655,-0.0037666,0.0019242,0.006898
-0.0039474,-0.0014481,0.0070714,-0.0039448,-0.001447,0.0071047
0.0027826,0.0032685,0.0064528,0.0027808,0.0032664,0.0064836
-0.0003414,0.0042736,0.006457,-0.0003412,0.0042709,0.0064879
0.0034723,0.0025247,0.0064503,0.00347,0.0025231,0.0064809
0.0016355,-0.0039666,0.0064498,0.0016345,-0.0039639,0.0064802
-0.0041236,0.0008284,0.0070721,-0.0041208,0.000828,0.0071055
0.0035915,-0.0024049,0.0062512,0.0035892,-0.0024032,0.0062809
-0.0001647,0.0041521,0.0074986,-0.0001646,0.0041492,0.0075341
-0.0022731,0.0034115,0.0079337,-0.0022714,0.0034091,0.0079712
-0.0043148,0.0001658,0.0062589,-0.0043121,0.0001659,0.0062887
-0.0027895,0.00326,0.0064536,-0.0027877,0.0032579,0.0064844
0.0039651,0.0016417,0.0064511,0.0039624,0.0016407,0.0064818
-0.0027766,0.0030161,0.0079355,-0.0027746,0.003014,0.0079729
-0.001496,-0.0040528,0.006257,-0.001495,-0.0040503,0.0062867
0.003168,0.0029369,0.0062513,0.0031659,0.002935,0.0062812
-0.0028951,0.0031302,0.0066589,-0.0028932,0.0031282,0.0066906
-0.00423,0.0005011,0.0066594,-0.0042273,0.0005009,0.0066909
-0.0022787,0.0037055,0.0060603,-0.0022773,0.0037034,0.0060894
0.0028917,0.0031359,0.0066559,0.0028897,0.0031337,0.0066875
-0.0028209,-0.003309,0.0060584,-0.0028192,-0.0033068,0.0060871
-0.0038237,-0.0019472,0.0064538,-0.0038213,-0.0019459,0.0064844
0.0042379,0.0008433,0.0062531,0.0042352,0.0008429,0.006283
-0.0043349,-0.0003478,0.0060608,-0.0043323,-0.0003475,0.0060896
0.0018882,-0.0037268,0.0072801,0.0018869,-0.0037243,0.0073144
0.0025647,-0.0032636,0.007492,0.0025629,-0.0032613,0.0075272
0.0001591,0.0042036,0.0070723,0.0001591,0.0042008,0.0071059
-0.0032193,0.0027539,0.0068637,-0.0032171,0.0027521,0.0068963
-0.0028597,-0.0030791,0.0070683,-0.0028579,-0.003077,0.0071015
-0.0018424,0.0039728,0.0058657,-0.0018413,0.0039705,0.005894
-0.001528,0.0041083,0.0058657,-0.0015271,0.004106,0.0058941
-0.0042883,-0.000862,0.0058609,-0.0042858,-0.0008615,0.0058889
-0.0026121,-0.0032959,0.0070686,-0.0026104,-0.0032937,0.0071018
-0.0006673,0.0041855,0.0068658,-0.0006668,0.0041827,0.0068985
-0.0041799,0.0008326,0.0066601,-0.0041771,0.0008322,0.0066916
-0.0042045,-0.0011979,0.00586,-0.0042021,-0.0011972,0.005888
0.0033049,0.0028289,0.0060582,0.0033028,0.0028273,0.0060872
-0.0041307,-0.0013479,0.0060566,-0.0041283,-0.001347,0.0060854
0.00293,-0.0031753,0.0062517,0.0029282,-0.0031731,0.0062814
0.0026358,0.0033524,0.006657,0.002634,0.0033502,0.0066887
-0.003873,-0.0017824,0.0066566,-0.0038705,-0.0017811,0.006688
-0.0038251,0.0019461,0.0064563,-0.0038226,0.0019449,0.006487
0.0004948,-0.0042327,0.0066526,0.0004946,-0.0042298,0.006684
0.0041696,-0.0010037,0.0064519,0.0041669,-0.0010029,0.0064826
-0.0042547,-0.000167,0.0066587,-0.004252,-0.0001668,0.0066902
0.0014823,0.0040538,0.0062533,0.0014815,0.0040512,0.0062833
0.0036573,-0.0022444,0.0064492,0.003655,-0.0022428,0.0064798
0.0029516,-0.0029615,0.0072762,0.0029496,-0.0029593,0.0073104
0.0022095,0.0036148,0.0068612,0.002208,0.0036123,0.0068937
0.0040486,0.0011411,0.0070701,0.0040458,0.0011404,0.0071036
0.0041837,0.0006621,0.0068632,0.0041809,0.0006618,0.0068957
0.0036269,0.0020301,0.0074974,0.0036243,0.0020287,0.0075328
-0.0042291,-0.0004982,0.00666,-0.0042264,-0.0004978,0.0066915
0.0037173,-0.0020881,0.0066543,0.0037148,-0.0020866,0.0066857
0.0013006,-0.0040311,0.0068594,0.0012996,-0.0040283,0.0068918
0.0038614,0.0016002,0.0072819,0.0038586,0.0015991,0.0073163
-0.0033486,-0.0026356,0.0066557,-0.0033463,-0.0026339,0.0066871
-0.0040819,0.0013253,0.0064549,-0.0040792,0.0013246,0.0064855
0.0041597,0.0011713,0.0062519,0.004157,0.0011707,0.0062817
-0.0013272,-0.0040811,0.0064553,-0.0013264,-0.0040784,0.0064858
-0.0024252,-0.0036431,0.0058635,-0.0024237,-0.0036409,0.0058914
-0.0032225,-0.0027436,0.0068626,-0.0032203,-0.0027417,0.0068949
-0.0037211,-0.0020799,0.0066555,-0.0037187,-0.0020785,0.0066869
0.004,-0.0014756,0.0066558,0.0039973,-0.0014745,0.0066873
0.0034217,-0.0024912,0.0068612,0.0034194,-0.0024895,0.0068935
-0.0001742,-0.0042026,0.0070679,-0.000174,-0.0041998,0.0071011
0.0042781,0.0003365,0.0064543,0.0042753,0.0003364,0.0064849
-0.0035454,-0.002365,0.0066562,-0.0035431,-0.0023634,0.0066876
-0.0040487,-0.001497,0.0062512,-0.0040461,-0.0014959,0.006281
0.0001599,0.0042598,0.0066598,0.0001598,0.004257,0.0066915
0.0006555,0.004183,0.0068669,0.0006552,0.0041802,0.0068996
0.0006629,0.0042386,0.0064529,0.0006625,0.004236,0.0064838
0.0030726,-0.0030779,0.0060571,0.0030708,-0.0030759,0.0060859
-0.0014798,-0.0039973,0.0066586,-0.0014788,-0.0039947,0.00669
-0.0005083,-0.004231,0.0066531,-0.0005079,-0.0042281,0.0066844
0.0023014,-0.0034561,0.0074931,0.0022999,-0.0034536,0.0075283
0.0041214,-0.0009935,0.0068623,0.0041186,-0.0009927,0.0068947
0.0032208,0.0027506,0.0068603,0.0032186,0.0027489,0.0068927
0.0042341,-0.0005006,0.0066575,0.0042312,-0.0005002,0.0066891
-0.000847,0.0042344,0.0062544,-0.0008464,0.0042318,0.0062844
0.0033047,-0.0028279,0.0060573,0.0033026,-0.002826,0.0060862
-0.0034744,0.0025213,0.0064534,-0.003472,0.0025198,0.0064842
-0.0029543,0.0029583,0.0072845,-0.0029523,0.0029563,0.0073189
-0.0009911,0.0041199,0.0068655,-0.0009903,0.0041172,0.0068981
-0.0008381,-0.0041776,0.0066577,-0.0008375,-0.0041747,0.0066891
-0.0014573,0.0039482,0.0070741,-0.0014563,0.0039455,0.0071077
-0.0019931,-0.0039257,0.0056716,-0.001992,-0.0039234,0.0056987
-0.0009964,-0.0041189,0.0068621,-0.0009957,-0.0041161,0.0068943
0.0037193,0.0020829,0.0066556,0.0037168,0.0020816,0.0066872
-0.0041196,-0.0009845,0.0068642,-0.0041168,-0.0009838,0.0068965
0.0011476,0.0041043,0.0066585,0.0011469,0.0041016,0.0066901
0.0014674,0.0040023,0.0066567,0.0014666,0.0039997,0.0066883
0.0034996,0.0023379,0.0070702,0.0034972,0.0023364,0.0071036
0.0042617,-0.0001685,0.0066566,0.0042588,-0.0001683,0.0066882
0.0008235,-0.0041786,0.0066513,0.0008231,-0.0041757,0.0066827
-0.0039637,0.0016406,0.0064553,-0.0039611,0.0016397,0.0064859
0.0019419,0.0038288,0.0064529,0.0019407,0.0038262,0.0064836
-0.0037167,0.0020814,0.0066593,-0.0037143,0.0020802,0.0066909
0.0023631,0.0035493,0.0066527,0.0023616,0.0035468,0.0066843
-0.0031313,0.0028937,0.0066582,-0.0031292,0.0028918,0.0066898
0.0025153,-0.0034763,0.0064506,0.0025137,-0.003474,0.0064811
0.0042631,0.0001655,0.006657,0.0042603,0.0001656,0.0066886
-0.0001732,0.0042597,0.0066612,-0.0001731,0.0042569,0.0066929
-0.0017883,-0.0038707,0.0066577,-0.0017871,-0.0038682,0.006689
0.0017774,-0.0038738,0.0066535,0.0017763,-0.0038711,0.0066849
0.0035462,0.0023683,0.0066544,0.0035438,0.0023668,0.006686
-0.0018992,0.0037256,0.0072835,-0.0018978,0.0037231,0.007318
-0.0024211,0.0033412,0.0077148,-0.0024194,0.0033389,0.0077512
-0.003544,0.0023682,0.0066585,-0.0035416,0.0023668,0.0066901
-0.0023044,0.0034535,0.0074963,-0.0023027,0.0034511,0.0075317
0.0020782,-0.0037259,0.0066535,0.0020768,-0.0037233,0.0066849
0.0035653,0.0021853,0.007283,0.0035627,0.0021838,0.0073174
-0.0025275,0.0034702,0.0064543,-0.0025258,0.003468,0.0064851
0.0030307,0.0030404,0.0064526,0.0030287,0.0030383,0.0064833
-0.0026414,0.0033459,0.0066589,-0.0026397,0.0033438,0.0066906
0.0019159,0.0037763,0.0068623,0.0019146,0.0037737,0.0068948
-0.0042566,0.0001659,0.0066605,-0.0042539,0.0001659,0.006692
0.0031296,0.0028964,0.0066556,0.0031274,0.0028945,0.0066872
-0.0039099,0.0016222,0.0068663,-0.0039073,0.0016212,0.0068988
-0.0001703,0.0042053,0.0070722,-0.0001702,0.0042025,0.0071057
-0.0042206,0.0003366,0.0068638,-0.0042178,0.0003364,0.0068962
-0.0003384,0.0042224,0.0068642,-0.0003382,0.0042195,0.0068968
0.0033891,-0.002675,0.0062503,0.0033869,-0.0026732,0.00628
0.0027833,-0.0032691,0.0064526,0.0027815,-0.0032669,0.0064831
-0.003998,-0.0014734,0.0066569,-0.0039954,-0.0014723,0.0066883
0.0004922,0.0042312,0.0066594,0.000492,0.0042285,0.0066911
-0.0011626,-0.0040994,0.0066583,-0.0011618,-0.0040966,0.0066897
0.0011603,0.0041621,0.0062558,0.0011597,0.0041595,0.0062857
0.0041881,-0.0006664,0.0068605,0.0041852,-0.0006658,0.006893
-0.0013519,0.0041359,0.0060585,-0.0013511,0.0041334,0.0060876
-0.0031329,-0.0028904,0.0066557,-0.0031309,-0.0028884,0.0066871
0.004104,-0.0011596,0.0066574,0.0041012,-0.0011587,0.0066889
-0.002405,0.0035881,0.0062544,-0.0024034,0.0035859,0.0062843
-7.7e-06,-0.0042331,0.0068591,-7.6e-06,-0.0042303,0.0068914
-0.0022181,-0.0036082,0.0068621,-0.0022167,-0.0036058,0.0068944
-0.001664,-0.0040159,0.0060592,-0.001663,-0.0040134,0.006088
-0.0028157,0.0030526,0.0074978,-0.0028137,0.0030505,0.0075331
-0.003037,-0.0030359,0.0064532,-0.003035,-0.0030339,0.0064836
0.0006644,-0.004239,0.0064503,0.000664,-0.0042361,0.0064809
0.0014674,-0.0040019,0.0066523,0.0014664,-0.0039992,0.0066837
-0.0005043,-0.0041757,0.0070689,-0.000504,-0.0041728,0.0071021
-6.5e-06,-0.0042899,0.0064502,-6.5e-06,-0.004287,0.0064806
-0.0040252,0.0013124,0.0068638,-0.0040224,0.0013116,0.0068962
0.0030892,-0.0028642,0.0070666,0.0030872,-0.0028622,0.0070998
0.0034269,0.0024903,0.0068597,0.0034245,0.0024886,0.0068921
0.001754,-0.0038259,0.0070653,0.0017528,-0.0038232,0.0070985
0.0032611,0.0027927,0.0064528,0.0032589,0.0027909,0.0064835
-0.0001752,-0.0042585,0.0066537,-0.000175,-0.0042557,0.006685
-0.0029311,-0.0031734,0.0062538,-0.0029293,-0.0031713,0.0062834
0.0038713,0.0017826,0.006657,0.0038687,0.0017815,0.0066886
-0.0006754,0.0042362,0.0064549,-0.0006749,0.0042335,0.0064857
0.0008207,0.0041846,0.0066595,0.0008203,0.0041818,0.0066912
0.0042344,0.0004997,0.006659,0.0042315,0.0004994,0.0066906
-0.0036597,0.0022409,0.0064568,-0.0036572,0.0022396,0.0064876
-0.0025314,0.0032234,0.0079334,-0.0025297,0.0032211,0.0079709
-0.0038697,0.0017833,0.0066601,-0.0038671,0.0017823,0.0066917
0.0037233,0.0018979,0.0072821,0.0037207,0.0018966,0.0073165
0.0001596,-0.0042586,0.0066541,0.0001595,-0.0042558,0.0066854
0.0013196,-0.0040827,0.0064489,0.0013187,-0.00408,0.0064794
-0.0040281,-0.0013053,0.0068635,-0.0040254,-0.0013044,0.0068958
-0.0027504,0.0032215,0.0068641,-0.0027485,0.0032194,0.0068967
-0.0019815,0.0038734,0.006058,-0.0019802,0.0038711,0.0060872
-0.004291,-0.0006885,0.0060577,-0.0042885,-0.000688,0.0060866
0.0033486,0.0026407,0.0066533,0.0033463,0.002639,0.0066848
0.0003255,0.0042251,0.0068642,0.0003253,0.0042223,0.0068968
-0.0029983,0.0029994,0.0068647,-0.0029963,0.0029974,0.0068972
-0.0029968,-0.0029872,0.0068602,-0.0029949,-0.0029851,0.0068924
-0.0041167,0.0009926,0.0068633,-0.0041139,0.000992,0.0068957
0.0034699,-0.002525,0.0064502,0.0034676,-0.0025233,0.0064808
0.0040783,0.001325,0.0064503,0.0040755,0.0013242,0.006481
-0.0041019,0.0011596,0.0066589,-0.0040992,0.001159,0.0066904
0.0030315,-0.0030395,0.0064521,0.0030296,-0.0030374,0.0064827
-0.0039631,-0.0016408,0.0064534,-0.0039605,-0.0016396,0.006484
0.0009899,0.0041735,0.0064547,0.0009894,0.0041708,0.0064855
0.0021766,-0.0035664,0.0072787,0.0021751,-0.0035638,0.0073128
0.0016344,0.0039681,0.0064544,0.0016334,0.0039655,0.0064851
-0.0042895,-1.8e-06,0.0064557,-0.0042868,-1.7e-06,0.0064864
0.0027117,-0.0031847,0.0072771,0.0027098,-0.0031824,0.0073113
0.0041177,0.0009888,0.0068614,0.0041149,0.0009882,0.0068939
-0.0042756,-0.0003383,0.0064561,-0.0042729,-0.000338,0.0064867
0.0035401,-0.0023713,0.0066531,0.0035378,-0.0023696,0.0066845
0.0011498,-0.0041011,0.0066529,0.001149,-0.0040983,0.0066843
0.0039478,0.001456,0.0070708,0.0039451,0.001455,0.0071042
0.0009959,-0.0041762,0.0064509,0.0009953,-0.0041734,0.0064814
-0.0021304,-0.0038178,0.0058639,-0.0021292,-0.0038155,0.0058918
-0.0024937,-0.0034228,0.0068623,-0.0024921,-0.0034206,0.0068946
-0.0006687,-0.0041827,0.0068609,-0.0006683,-0.0041799,0.0068931
-0.0041804,0.0006664,0.0068647,-0.0041777,0.0006661,0.0068971
0.0042383,0.0006694,0.0064536,0.0042355,0.0006691,0.0064843
-0.0018098,-0.0039211,0.0062555,-0.0018088,-0.0039187,0.0062852
0.0037754,0.0019241,0.0068625,0.0037728,0.0019228,0.006895
-0.004315,-0.0001755,0.0062576,-0.0043124,-0.0001753,0.0062874
0.0016129,-0.003917,0.0068581,0.0016119,-0.0039143,0.0068903
-0.0003418,-0.0042215,0.0068597,-0.0003416,-0.0042187,0.006892
0.0031698,-0.0029348,0.0062531,0.0031679,-0.0029327,0.0062828
-0.0018283,-0.0039736,0.0058649,-0.0018273,-0.0039712,0.0058929
-0.0017619,0.0038211,0.0070728,-0.0017606,0.0038185,0.0071063
0.0041803,-0.000835,0.0066566,0.0041774,-0.0008344,0.0066881
-0.001178,0.0041556,0.0062525,-0.0011773,0.0041531,0.0062825
0.0017782,0.003874,0.0066576,0.0017771,0.0038713,0.0066893
-0.0026757,0.0031401,0.0077156,-0.0026738,0.0031379,0.007752
-0.0041786,-0.0008271,0.00666,-0.0041758,-0.0008265,0.0066914
-0.0008351,0.0041787,0.0066596,-0.0008345,0.0041759,0.0066914
-0.0013129,0.0040298,0.0068672,-0.001312,0.004027,0.0068998
0.0036142,0.0022163,0.0068615,0.0036117,0.0022149,0.0068939
-0.0005069,0.0042328,0.00666,-0.0005064,0.00423,0.0066917
-0.0021842,0.0035646,0.0072827,-0.0021826,0.0035622,0.0073173
-0.0028539,0.0030898,0.0070728,-0.0028519,0.0030878,0.0071063
-0.0016435,-0.0039626,0.0064545,-0.0016425,-0.0039601,0.006485
0.0003297,-0.0042767,0.0064504,0.0003296,-0.0042738,0.0064809
0.0013159,0.0040839,0.0064534,0.0013151,0.0040813,0.0064841
-0.0041524,-0.0011742,0.0062511,-0.0041498,-0.0011734,0.0062809
0.0020775,0.0037198,0.0066555,0.0020761,0.0037173,0.0066871
-5.5e-06,0.0042354,0.0068639,-5.5e-06,0.0042326,0.0068965
0.0019168,-0.0037797,0.0068598,0.0019155,-0.0037771,0.006892
0.0036731,0.0020584,0.0070693,0.0036705,0.002057,0.0071027
-0.0042235,-0.0010214,0.0060537,-0.004221,-0.0010207,0.0060826
0.0032185,-0.0027535,0.0068607,0.0032164,-0.0027515,0.006893
-0.0020878,-0.003716,0.0066559,-0.0020865,-0.0037136,0.0066873
-0.0025513,-0.0035187,0.0060543,-0.0025497,-0.0035165,0.0060831
0.0023639,-0.0035513,0.0066547,0.0023624,-0.0035488,0.0066861
0.0039996,0.0014749,0.0066552,0.0039969,0.001474,0.0066867
0.0041701,0.0010016,0.0064529,0.0041673,0.0010011,0.0064836
-0.004102,-0.0011541,0.0066578,-0.0040993,-0.0011532,0.0066892
-0.0027551,-0.0032138,0.0068611,-0.0027533,-0.0032117,0.0068934
-0.0039985,0.0014768,0.006658,-0.0039958,0.0014759,0.0066895
-0.0040762,-0.0013255,0.0064522,-0.0040735,-0.0013245,0.0064828
-0.0016735,0.0040197,0.0060599,-0.0016725,0.0040173,0.0060891
0.0039142,0.0016199,0.0068631,0.0039114,0.0016189,0.0068955
-0.0024893,0.0034242,0.0068631,-0.0024876,0.003422,0.0068957
-0.0027129,0.0031804,0.007284,-0.0027109,0.0031782,0.0073185
-0.0033477,0.0026391,0.0066582,-0.0033454,0.0026374,0.0066898
0.002047,-0.003673,0.0070667,0.0020456,-0.0036705,0.0070999
0.002635,-0.0033549,0.0066535,0.0026332,-0.0033526,0.006685
-0.0025673,0.0032615,0.007499,-0.0025655,0.0032593,0.0075344
-0.0028946,-0.0031266,0.0066543,-0.0028928,-0.0031245,0.0066856
0.0028513,-0.0030958,0.0070652,0.0028494,-0.0030936,0.0070985
-0.0011601,0.0040995,0.006661,-0.0011593,0.0040968,0.0066928
-0.002371,0.0035422,0.0066571,-0.0023694,0.00354,0.0066887
0.0041793,0.0008297,0.0066572,0.0041765,0.0008293,0.0066887
-0.001949,-0.003821,0.0064541,-0.0019478,-0.0038186,0.0064846
-0.0010059,0.0041673,0.0064558,-0.0010052,0.0041647,0.0064867
-0.0042345,-0.0006707,0.0064547,-0.0042317,-0.0006702,0.0064853
0.0024503,-0.0033851,0.0072776,0.0024486,-0.0033827,0.0073118
0.0028892,-0.0031349,0.0066536,0.0028873,-0.0031327,0.006685
-0.0024563,0.0033814,0.0072837,-0.0024546,0.0033791,0.0073182
-0.002114,0.0037657,0.0062533,-0.0021126,0.0037634,0.0062833
0.0033411,-0.0026405,0.0066534,0.0033388,-0.0026386,0.0066848
0.0032626,-0.0027901,0.0064509,0.0032605,-0.0027882,0.0064815
0.0029924,-0.0029988,0.0068593,0.0029904,-0.0029967,0.0068916
-0.0026051,0.0033062,0.0070738,-0.0026033,0.0033041,0.0071073
-0.0042844,-0.0005116,0.0062536,-0.0042817,-0.0005112,0.0062833
-0.0015014,0.0040531,0.0062537,-0.0015005,0.0040506,0.0062838
-0.0022707,-0.0037086,0.006057,-0.0022694,-0.0037063,0.0060857
-0.0027872,-0.003264,0.0064511,-0.0027854,-0.0032619,0.0064815
-0.0021107,-0.0037657,0.0062545,-0.0021094,-0.0037633,0.0062841
0.0040295,0.001309,0.0068624,0.0040267,0.0013082,0.0068949
-0.0026729,-0.0033941,0.006252,-0.0026712,-0.0033919,0.0062816
-0.0022455,0.0036571,0.0064535,-0.0022439,0.0036548,0.0064843
-0.0041668,-0.0010007,0.0064545,-0.0041641,-0.001,0.0064852
0.0022064,-0.0036161,0.0068583,0.0022049,-0.0036135,0.0068906
-0.0019724,-0.0038731,0.0060604,-0.0019713,-0.0038707,0.0060891
0.0031273,-0.0028971,0.0066535,0.0031253,-0.002895,0.0066849
-0.0016223,0.0039156,0.0068665,-0.0016211,0.003913,0.0068991
-0.0042323,-0.0008456,0.0062524,-0.0042297,-0.000845,0.0062822
-0.0020571,0.003673,0.0070721,-0.0020557,0.0036706,0.0071057
-0.0023711,-0.0035399,0.0066551,-0.0023696,-0.0035376,0.0066865
0.0038208,0.0017625,0.0070694,0.0038181,0.0017613,0.0071028
0.004102,0.001157,0.0066559,0.0040992,0.0011564,0.0066874
-0.0022437,-0.00366,0.0064553,-0.0022423,-0.0036577,0.0064857
-0.0018149,0.0039228,0.0062553,-0.0018137,0.0039204,0.0062854
0.0027465,-0.0032263,0.0068588,0.0027447,-0.0032241,0.006891
0.0024837,-0.0034327,0.0068588,0.002482,-0.0034303,0.0068911
0.002598,-0.0033086,0.0070661,0.0025962,-0.0033062,0.0070993
0.0023285,-0.0035024,0.0070673,0.002327,-0.0035,0.0071005
-0.0014781,0.0040005,0.0066596,-0.001477,0.0039978,0.0066913
-0.0013293,0.0040777,0.006455,-0.0013284,0.004075,0.0064859
-0.0022145,0.0036094,0.0068638,-0.0022131,0.0036071,0.0068964
-0.0023996,-0.003593,0.0062536,-0.0023982,-0.0035906,0.0062831
-0.0019254,0.0037761,0.0068661,-0.001924,0.0037736,0.0068986
-0.0020863,0.0037193,0.0066594,-0.0020848,0.0037169,0.0066911
-0.0026399,-0.0033433,0.0066554,-0.0026383,-0.0033411,0.0066868
-0.002339,0.0034976,0.0070732,-0.0023373,0.0034953,0.0071067
-0.002523,-0.003471,0.0064529,-0.0025215,-0.0034687,0.0064834
-0.0016456,0.0039638,0.0064554,-0.0016444,0.0039612,0.0064862
-0.0019508,0.0038209,0.0064555,-0.0019495,0.0038184,0.0064863
-0.0017862,0.0038704,0.0066605,-0.001785,0.0038678,0.0066922
0.0001698,-0.0062672,0.0,0.0001698,-0.0062579,1e-06
0.000709,-0.0062167,0.0,0.0007082,-0.0062074,1.1e-06
0.00122,-0.0061403,0.0,0.0012184,-0.006131,1.1e-06
0.0017274,-0.0060205,0.0,0.0017251,-0.0060114,1.1e-06
0.0022205,-0.0058486,0.0,0.0022173,-0.0058398,1.2e-06
0.0027267,-0.0056343,0.0,0.0027227,-0.0056259,1.2e-06
0.003302,-0.0053445,0.0,0.0032972,-0.0053366,1e-06
0.0038236,-0.004981,0.0,0.0038182,-0.0049735,9e-07
0.0042293,-0.0046307,0.0,0.0042232,-0.0046237,1.1e-06
0.0045917,-0.0042733,0.0,0.004585,-0.0042667,1.1e-06
0.0049121,-0.0038699,0.0,0.0049049,-0.003864,1.2e-06
0.0052092,-0.0034389,0.0,0.0052017,-0.0034337,1.2e-06
0.0054913,-0.0029559,0.0,0.0054833,-0.0029513,1.2e-06
0.0057944,-0.0023906,0.0,0.0057859,-0.0023869,1.1e-06
0.0060167,-0.0017736,0.0,0.0060079,-0.0017708,1e-06
0.0061398,-0.0012518,0.0,0.0061309,-0.0012498,1e-06
0.0062131,-0.0007425,0.0,0.0062041,-0.0007413,1.1e-06
0.0062472,-0.0002127,0.0,0.0062382,-0.0002123,1e-06
0.0062346,0.000308,0.0,0.0062257,0.0003077,9e-07
0.0061959,0.0008592,0.0,0.0061871,0.0008583,1e-06
0.0061141,0.0014767,0.0,0.0061052,0.0014749,8e-07
0.0059279,0.0021171,0.0,0.0059193,0.0021144,9e-07
0.0057101,0.0026242,0.0,0.0057018,0.0026207,9e-07
0.0054654,0.0030947,0.0,0.0054573,0.0030904,1e-06
0.0051753,0.0035306,0.0,0.0051677,0.0035256,1.3e-06
0.0048695,0.0039312,0.0,0.0048624,0.0039256,1.2e-06
0.0045171,0.004333,0.0,0.0045106,0.0043268,1.3e-06
0.0040835,0.0047848,0.0,0.0040776,0.004778,9e-07
0.0035632,0.0051644,0.0,0.003558,0.0051571,1e-06
0.0031039,0.005431,0.0,0.0030994,0.0054233,1.2e-06
0.0026337,0.0056573,0.0,0.0026298,0.0056493,1.1e-06
0.0021381,0.0058497,0.0,0.002135,0.0058414,1.2e-06
0.0016322,0.0060157,0.0,0.0016299,0.0060071,1.2e-06
0.0011087,0.006144,0.0,0.0011073,0.0061353,1.1e-06
0.0004925,0.0062613,0.0,0.0004919,0.0062524,1e-06
-0.0001535,0.0062758,0.0,-0.0001531,0.006267,9e-07
-0.0007121,0.0062257,0.0,-0.000711,0.0062169,8e-07
-0.0012318,0.0061258,0.0,-0.0012301,0.0061171,9e-07
-0.0017637,0.0059898,0.0,-0.0017611,0.0059813,1.1e-06
-0.0022658,0.0058148,0.0,-0.0022625,0.0058065,1e-06
-0.0027647,0.005604,0.0,-0.0027606,0.005596,1.1e-06
-0.0033261,0.0053246,0.0,-0.0033212,0.0053169,1.1e-06
-0.0038562,0.0049675,0.0,-0.0038505,0.0049602,1.2e-06
-0.0042606,0.0046174,0.0,-0.0042541,0.0046107,1.3e-06
-0.0046103,0.0042314,0.0,-0.0046034,0.0042254,1.2e-06
-0.0049263,0.0038299,0.0,-0.004919,0.0038245,1.2e-06
-0.0052269,0.0033977,0.0,-0.005219,0.0033929,1.3e-06
-0.0055163,0.0029319,0.0,-0.005508,0.0029278,1.3e-06
-0.005811,0.0024075,0.0,-0.0058022,0.0024043,1.2e-06
-0.0060115,0.0018138,0.0,-0.0060025,0.0018115,1.1e-06
-0.0061182,0.0012756,0.0,-0.0061092,0.0012742,1e-06
-0.006189,0.0007566,0.0,-0.00618,0.0007559,9e-07
-0.0062244,0.0002345,0.0,-0.0062154,0.0002344,8e-07
-0.0062183,-0.0003138,0.0,-0.0062092,-0.0003131,1e-06
-0.006185,-0.0008478,0.0,-0.0061759,-0.0008463,1.1e-06
-0.0061214,-0.0014728,0.0,-0.0061124,-0.0014704,8e-07
-0.0059296,-0.0020781,0.0,-0.005921,-0.0020749,8e-07
-0.0057013,-0.0025688,0.0,-0.005693,-0.0025649,1e-06
-0.0054516,-0.0030348,0.0,-0.0054437,-0.0030302,1e-06
-0.0051814,-0.0034812,0.0,-0.0051738,-0.0034759,1e-06
-0.004867,-0.0039063,0.0,-0.0048598,-0.0039004,1e-06
-0.0045318,-0.0043118,0.0,-0.0045252,-0.0043052,1e-06
-0.0040953,-0.004776,0.0,-0.0040894,-0.0047688,8e-07
-0.0035956,-0.0051674,6e-07,-0.0035903,-0.0051597,1.2e-06
-0.0031319,-0.005434,0.0,-0.0031273,-0.005426,8e-07
-0.0026581,-0.0056611,0.0,-0.002654,-0.0056528,9e-07
-0.0021712,-0.0058525,0.0,-0.0021679,-0.0058438,1.1e-06
-0.0016559,-0.0060208,0.0,-0.0016534,-0.0060118,1.1e-06
-0.0011177,-0.0061581,0.0,-0.001116,-0.006149,1e-06
-0.0004852,-0.0062642,0.0,-0.0004843,-0.0062549,8e-07
0.0008845,-0.0058897,0.0,0.0008835,-0.0058808,1.7e-06
0.0013915,-0.0057793,0.0,0.0013896,-0.0057705,2e-06
0.001892,-0.005632,0.0,0.0018894,-0.0056235,2.1e-06
0.0023986,-0.0054515,0.0,0.002395,-0.0054432,1.9e-06
0.0028867,-0.0052168,0.0,0.0028824,-0.0052091,1.6e-06
0.0038084,-0.0046032,0.0,0.003803,-0.0045962,1.7e-06
0.0056309,-0.0019908,0.0,0.0056226,-0.0019877,1.7e-06
0.0041909,-0.0042513,0.0,0.0041849,-0.0042448,1.8e-06
0.0045131,-0.0038574,0.0,0.0045066,-0.0038515,1.8e-06
0.004818,-0.0034301,0.0,0.004811,-0.0034248,1.7e-06
0.0051049,-0.0029746,0.0,0.0050974,-0.00297,1.8e-06
0.0053812,-0.0024893,0.0,0.0053733,-0.0024854,1.9e-06
0.0057944,-0.001478,0.0,0.0057859,-0.0014756,1.7e-06
0.0057266,0.0017219,0.0,0.0057181,0.0017197,1.6e-06
0.0058651,-0.0009665,0.0,0.0058565,-0.0009649,1.9e-06
0.0059071,-0.0004478,0.0,0.0058984,-0.0004471,1.8e-06
0.0059201,7.29e-05,0.0,0.0059114,7.3e-05,1.6e-06
0.0058964,0.0006087,0.0,0.0058877,0.000608,1.4e-06
0.0058434,0.0011394,0.0,0.0058348,0.001138,1.5e-06
0.0055567,0.002237,0.0,0.0055485,0.002234,1.6e-06
0.0036532,0.0047398,0.0,0.0036479,0.004733,1.7e-06
0.0053137,0.0027206,0.0,0.0053058,0.0027169,1.7e-06
0.0050521,0.0031666,1e-07,0.0050445,0.0031621,2.1e-06
0.0047505,0.0035747,0.0,0.0047435,0.0035696,1.7e-06
0.0044263,0.0039779,0.0,0.0044198,0.0039722,2e-06
0.0040571,0.0043726,0.0,0.0040512,0.0043663,1.8e-06
0.0031979,0.0050412,0.0,0.0031932,0.005034,1.8e-06
0.0001572,0.0059783,0.0,0.000157,0.0059698,1.6e-06
0.0027516,0.0052586,0.0,0.0027475,0.0052511,1.9e-06
0.0022615,0.005446,0.0,0.0022582,0.0054382,1.8e-06
0.0017545,0.0056258,0.0,0.0017519,0.0056177,2e-06
0.0012366,0.0057688,0.0,0.0012349,0.0057604,1.7e-06
0.0007018,0.0058915,0.0,0.0007009,0.0058829,1.4e-06
-0.0003971,0.0059556,0.0,-0.0003964,0.0059471,1.6e-06
-0.0034397,0.0049123,0.0,-0.0034346,0.0049051,1.8e-06
-0.0009125,0.0058572,0.0,-0.0009111,0.0058488,1.6e-06
-0.001435,0.0057272,0.0,-0.0014329,0.0057189,1.6e-06
-0.0019446,0.0055589,0.0,-0.0019418,0.0055508,1.8e-06
-0.0024372,0.0053623,0.0,-0.0024335,0.0053545,1.8e-06
-0.0029537,0.0051619,0.0,-0.0029493,0.0051544,1.5e-06
-0.0038578,0.0045852,1e-07,-0.0038521,0.0045785,2.2e-06
-0.0056855,0.0020362,0.0,-0.0056769,0.0020336,1.8e-06
-0.0041965,0.0042002,0.0,-0.0041901,0.0041942,2.1e-06
-0.0045198,0.003799,0.0,-0.0045129,0.0037936,1.7e-06
-0.0048311,0.0033589,0.0,-0.0048238,0.0033541,2.1e-06
-0.0051361,0.0029025,0.0,-0.0051283,0.0028984,2.1e-06
-0.0054271,0.0024592,0.0,-0.0054189,0.0024559,2.1e-06
-0.0057534,0.0015625,0.0,-0.0057448,0.0015606,1.5e-06
-0.0057935,-0.0016993,0.0,-0.0057849,-0.0016966,1.4e-06
-0.00583,0.0010248,0.0,-0.0058213,0.0010237,1.8e-06
-0.005877,0.0004824,0.0,-0.0058681,0.000482,1.4e-06
-0.0058898,-7.07e-05,0.0,-0.0058809,-7.04e-05,1.3e-06
-0.0058708,-0.0006248,0.0,-0.005862,-0.0006236,1.7e-06
-0.0058285,-0.0011929,0.0,-0.0058198,-0.0011909,1.7e-06
-0.0055643,-0.0021399,0.0,-0.0055561,-0.0021366,1.6e-06
-0.0036925,-0.004732,0.0,-0.003687,-0.0047248,1.1e-06
-0.0053253,-0.0026167,0.0,-0.0053174,-0.0026126,1.7e-06
-0.0050447,-0.0030669,0.0,-0.0050371,-0.0030621,1.4e-06
-0.0047437,-0.0035287,0.0,-0.0047365,-0.0035233,1.7e-06
-0.0044153,-0.0039329,0.0,-0.0044087,-0.0039269,1.9e-06
-0.0040698,-0.0043453,0.0,-0.0040638,-0.0043386,1.6e-06
-0.0032475,-0.0050367,0.0,-0.0032426,-0.005029,1.3e-06
-0.0001795,-0.0059866,0.0,-0.0001791,-0.0059776,1.3e-06
-0.0027971,-0.0052491,0.0,-0.0027928,-0.0052411,1.3e-06
-0.0023061,-0.0054476,0.0,-0.0023025,-0.0054394,1.5e-06
-0.0018034,-0.0056286,0.0,-0.0018006,-0.0056201,1.8e-06
-0.0012686,-0.0057709,0.0,-0.0012666,-0.0057622,1.8e-06
-0.0007329,-0.0058942,0.0,-0.0007317,-0.0058853,1.7e-06
0.0033768,-0.0049357,0.0,0.0033719,-0.0049283,1.5e-06
0.0003827,-0.0059758,4e-07,0.0003824,-0.0059669,2.1e-06
0.0015535,-0.0054067,0.0,0.0015513,-0.0053982,2.5e-06
0.0020343,-0.0052365,0.0,0.0020313,-0.0052282,2.4e-06
0.0025259,-0.0050437,0.0,0.002522,-0.0050358,2.5e-06
0.0041031,-0.003843,0.0,0.0040968,-0.003837,2e-06
0.00441,-0.0034329,0.0,0.0044032,-0.0034274,2.1e-06
0.004685,-0.0029833,0.0,0.0046778,-0.0029784,2.4e-06
0.0055106,-0.0011967,0.0,0.0055022,-0.0011947,2.5e-06
0.0053629,0.0018986,0.0,0.0053546,0.001896,2.3e-06
0.005551,-0.0006923,0.0,0.0055424,-0.0006911,2.3e-06
0.0055804,-0.00017,0.0,0.0055717,-0.0001695,2.6e-06
0.0055632,0.000358,0.0,0.0055545,0.0003576,2.3e-06
0.0051659,0.0023648,0.0,0.0051579,0.0023615,2e-06
0.0032729,0.0046803,0.0,0.0032679,0.0046734,2e-06
0.0049062,0.0027835,0.0,0.0048986,0.0027795,2.6e-06
0.0046116,0.0031948,0.0,0.0046046,0.00319,2.7e-06
0.0042994,0.003591,0.0,0.0042928,0.0035856,2.6e-06
0.0028574,0.0048378,0.0,0.002853,0.0048306,2.5e-06
-0.0001251,0.0057044,0.0,-0.0001248,0.005696,2.2e-06
0.0023902,0.0050252,0.0,0.0023865,0.0050176,2.5e-06
0.0018911,0.0052168,0.0,0.0018882,0.0052089,2.4e-06
0.001379,0.0053708,0.0,0.0013769,0.0053626,2.7e-06
-0.0005748,0.0055915,0.0,-0.0005738,0.005583,2.3e-06
-0.0034858,0.0045385,0.0,-0.0034805,0.0045317,2.2e-06
-0.0010854,0.0054583,0.0,-0.0010837,0.0054499,2.4e-06
-0.0015892,0.0052811,0.0,-0.0015867,0.005273,2.5e-06
-0.0021015,0.0050981,0.0,-0.0020982,0.0050902,2.9e-06
-0.0037729,0.0041781,0.0,-0.003767,0.0041719,2.7e-06
-0.0053876,0.0019257,0.0,-0.0053792,0.0019231,2.3e-06
0.0037866,-0.0042206,0.0,0.003781,-0.004214,2e-06
-0.0040757,0.0037764,0.0,-0.0040692,0.0037708,2.4e-06
-0.0043884,0.003339,0.0,-0.0043814,0.0033339,2.7e-06
-0.0047233,0.0028654,0.0,-0.0047157,0.0028611,2.9e-06
-0.0054329,0.0013399,0.0,-0.0054243,0.0013381,2.4e-06
-0.0054522,-0.0016148,0.0,-0.0054438,-0.0016121,2.1e-06
0.0054666,-0.0016498,0.0,0.0054583,-0.001647,2.4e-06
-0.0054837,0.0007575,0.0,-0.005475,0.0007566,2.5e-06
-0.0055138,0.0001944,0.0,-0.0055049,0.0001944,2.5e-06
-0.0054978,-0.0003756,0.0,-0.005489,-0.0003748,2.7e-06
-0.0051997,-0.0021717,0.0,-0.0051916,-0.0021682,2.3e-06
-0.0033373,-0.0046736,0.0,-0.0033321,-0.0046662,1.8e-06
0.0010529,-0.0055451,0.0,0.0010515,-0.0055363,2.2e-06
-0.0049198,-0.0026289,0.0,-0.004912,-0.0026246,2.6e-06
-0.0046029,-0.0030905,0.0,-0.0045955,-0.0030854,2.7e-06
-0.0042738,-0.0035366,0.0,-0.004267,-0.0035308,2.5e-06
-0.0029377,-0.0048441,0.0,-0.002933,-0.0048363,2.3e-06
-0.0024758,-0.0050183,0.0,-0.0024718,-0.0050103,2.3e-06
-0.0019714,-0.0051964,0.0,-0.0019682,-0.0051881,2.7e-06
-0.0014242,-0.0053665,0.0,-0.0014219,-0.005358,2.4e-06
0.005231,-0.0020376,0.0,0.005223,-0.0020343,2.4e-06
0.0034138,-0.0045424,0.0,0.0034087,-0.0045353,1.8e-06
-0.0050485,0.0023817,0.0,-0.0050405,0.0023783,2.5e-06
9.33e-05,-0.0057071,0.0,9.34e-05,-0.0056982,2e-06
-0.0054968,-0.0009678,0.0,-0.0054882,-0.0009661,2.6e-06
0.0049608,-0.0025017,0.0,0.0049532,-0.0024975,2.6e-06
-0.0009038,-0.0054997,0.0,-0.0009022,-0.0054909,2.2e-06
0.0055168,0.0008801,0.0,0.0055081,0.000879,2.2e-06
0.0054615,0.0013937,0.0,0.005453,0.0013919,1.9e-06
0.0036221,0.0043487,0.0,0.0036165,0.0043422,2.4e-06
0.0039694,0.0039732,0.0,0.0039634,0.0039672,2.4e-06
0.0003212,0.0055901,0.0,0.0003208,0.0055816,2.1e-06
0.0008335,0.0054909,0.0,0.0008324,0.0054824,2.6e-06
-0.0030814,0.0047219,0.0,-0.0030766,0.0047147,2.4e-06
-0.0026178,0.0049058,0.0,-0.0026136,0.0048982,2.6e-06
-0.0036247,-0.004347,0.0,-0.0036191,-0.00434,2.1e-06
-0.003959,-0.0039533,0.0,-0.0039528,-0.0039468,2.3e-06
0.0029905,-0.0048073,0.0,0.0029859,-0.0047998,1.9e-06
-0.0003593,-0.0056036,0.0,-0.0003586,-0.0055947,2.2e-06
0.0005548,-0.0056334,0.0,0.0005542,-0.0056245,1.9e-06
0.0021725,-0.0048091,0.0,0.002169,-0.0048011,3.9e-06
0.0042379,-0.0030039,0.0,0.0042308,-0.0029987,3.5e-06
-0.0006806,0.0051911,0.0,-0.0006794,0.0051827,3.5e-06
0.0051927,-0.0004325,0.0,0.0051842,-0.0004316,4.1e-06
0.0051792,0.000101,0.0,0.0051706,0.0001011,3.9e-06
0.0050188,0.0020575,0.0,0.0050107,0.0020544,3e-06
0.002523,0.0045755,0.0,0.0025189,0.0045681,3.9e-06
0.0044858,0.0027777,0.0,0.0044785,0.0027734,4e-06
0.0041693,0.0031774,0.0,0.0041625,0.0031724,3.7e-06
0.0030671,0.0043575,0.0,0.0030621,0.0043506,3.5e-06
0.0047706,0.0024014,0.0,0.0047628,0.0023977,3.4e-06
0.0020141,0.0047652,0.0,0.0020107,0.0047575,3.7e-06
0.0015205,0.0049276,0.0,0.001518,0.0049195,4.2e-06
-0.0001484,0.0053578,0.0,-0.0001481,0.0053493,3.3e-06
0.0051651,-0.0009671,0.0,0.0051567,-0.0009653,3.7e-06
-0.0012198,0.0050068,0.0,-0.0012177,0.0049986,3.8e-06
-0.0017387,0.0048088,0.0,-0.0017357,0.0048009,4.1e-06
-0.0032982,0.0042445,0.0,-0.0032927,0.0042378,3.3e-06
0.0036778,-0.0038404,0.0,0.0036719,-0.0038339,3.2e-06
-0.0035832,0.0037997,0.0,-0.0035772,0.0037937,4e-06
-0.0038899,0.0033366,0.0,-0.0038833,0.0033312,3.9e-06
-0.0042303,0.0028369,0.0,-0.0042231,0.0028323,4.4e-06
-0.0049673,0.0017449,0.0,-0.004959,0.0017424,3.5e-06
0.0051513,-0.0015204,0.0,0.0051431,-0.0015177,3.2e-06
-0.0050871,0.0010818,0.0,-0.0050785,0.0010803,3.5e-06
-0.0051068,0.0004742,0.0,-0.0050981,0.0004737,4.2e-06
-0.0051031,-0.0001114,0.0,-0.0050943,-0.000111,3.8e-06
-0.0050429,-0.0017732,0.0,-0.0050346,-0.0017701,3.4e-06
0.0012068,-0.0051596,0.0,0.001205,-0.0051509,3.6e-06
-0.0047812,-0.002168,0.0,-0.0047733,-0.0021642,3.5e-06
-0.004453,-0.0026185,0.0,-0.0044455,-0.0026139,3.8e-06
-0.0041281,-0.0030936,0.0,-0.0041211,-0.0030883,4.3e-06
-0.00315,-0.0044022,0.0,-0.0031448,-0.0043949,3.2e-06
-0.0026603,-0.0045393,0.0,-0.0026558,-0.0045316,3.6e-06
-0.0021448,-0.004713,0.0,-0.0021411,-0.004705,3.7e-06
-0.0016057,-0.0048902,0.0,-0.0016029,-0.0048818,3.9e-06
0.0039692,-0.003454,0.0,0.0039627,-0.003448,3.5e-06
0.0016985,-0.0050041,0.0,0.0016958,-0.0049957,3.9e-06
-0.0045857,0.0023239,0.0,-0.0045779,0.0023203,4.4e-06
0.000685,-0.0052637,0.0,0.0006841,-0.0052549,3.5e-06
0.0044948,-0.0025065,0.0,0.0044874,-0.002502,3.9e-06
0.0001066,-0.0053183,0.0,0.0001066,-0.0053094,3.5e-06
0.0034259,-0.004196,0.0,0.0034205,-0.0041891,2.7e-06
-0.0022771,0.0046032,0.0,-0.0022733,0.0045957,4.3e-06
0.005157,0.0006296,0.0,0.0051484,0.0006288,4.1e-06
0.0050842,0.0016212,0.0,0.0050759,0.0016189,3.5e-06
0.0009818,0.0050731,0.0,0.0009803,0.0050648,4.1e-06
0.0038329,0.0035798,0.0,0.0038267,0.0035742,3.7e-06
-0.0028013,0.0044041,0.0,-0.0027966,0.004397,3.9e-06
-0.005095,-0.0007071,0.0,-0.0050864,-0.0007057,3.9e-06
-0.005082,-0.0012738,0.0,-0.0050735,-0.0012715,3.5e-06
0.0026205,-0.0045986,0.0,0.0026161,-0.004591,3.4e-06
-0.0034563,-0.0039649,0.0,-0.0034506,-0.0039581,3.4e-06
-0.0037768,-0.0035317,0.0,-0.0037705,-0.0035256,4.2e-06
-0.0010615,-0.005061,0.0,-0.0010596,-0.0050523,3.8e-06
-0.0004984,-0.0052054,0.0,-0.0004974,-0.0051965,3.5e-06
0.0047899,-0.0007135,0.0,0.0047816,-0.000712,5.2e-06
0.0051334,0.0011515,0.0,0.0051249,0.0011498,3.8e-06
-0.002911,-0.0040466,0.0,-0.0029059,-0.0040395,4.7e-06
-0.0002288,0.0049209,0.0,-0.0002283,0.0049126,5e-06
0.0035073,0.0039679,0.0,0.0035016,0.0039616,3.6e-06
0.0026458,0.0040973,0.0,0.0026413,0.0040905,5.3e-06
0.0003694,0.0051417,0.0,0.0003689,0.0051333,3.6e-06
-0.004683,-0.0016265,0.0,-0.004675,-0.0016235,4.8e-06
0.0016451,0.0044579,0.0,0.0016423,0.0044503,5.9e-06
0.0047427,-0.0019394,0.0,0.0047349,-0.0019359,3.9e-06
-0.0007901,0.004731,0.0,-0.0007886,0.004723,5.3e-06
-0.0013513,0.004515,0.0,-0.0013488,0.0045073,5.6e-06
0.0040243,0.0027129,0.0,0.0040175,0.0027085,5.4e-06
-0.0030403,0.0038859,0.0,-0.003035,0.0038794,5.2e-06
-0.0033578,0.0033703,0.0,-0.0033518,0.0033646,5.4e-06
-0.0037134,0.0028478,0.0,-0.0037068,0.002843,6e-06
0.0047741,-0.0012865,0.0,0.0047661,-0.001284,4.7e-06
-0.0046821,0.0013246,0.0,-0.0046738,0.0013225,5.1e-06
-0.0046942,0.0007899,0.0,-0.0046858,0.0007887,5.5e-06
-0.0046882,0.0001952,0.0,-0.0046797,0.0001951,6e-06
-0.0043197,-0.0020963,0.0,-0.0043121,-0.0020924,5.1e-06
-0.0039583,-0.0025825,0.0,-0.0039513,-0.0025778,5.4e-06
0.0047665,-0.0001534,0.0,0.0047582,-0.0001529,5.5e-06
-0.0023551,-0.0041994,0.0,-0.002351,-0.0041919,5.2e-06
0.003048,-0.0043821,0.0,0.003043,-0.0043748,3.2e-06
-0.0018,-0.0043887,0.0,-0.0017967,-0.0043808,5.3e-06
0.0021607,0.0042765,0.0,0.0021569,0.0042692,5.5e-06
-0.0046569,-0.0004294,0.0,-0.0046485,-0.0004284,6e-06
0.0040021,-0.002581,0.0,0.0039952,-0.0025762,5.5e-06
0.0034475,-0.0034958,0.0,0.0034416,-0.0034895,4.7e-06
0.0008857,-0.004921,0.0,0.0008843,-0.0049124,4.5e-06
-0.001912,0.0042541,0.0,-0.0019086,0.0042468,5.6e-06
0.0047667,0.0003841,0.0,0.0047584,0.0003837,5.6e-06
0.0004126,-0.0049095,0.0,0.0004121,-0.0049009,5e-06
0.000198,0.0046269,0.0,0.0001977,0.0046189,6.1e-06
0.0047042,0.0019364,0.0,0.0046963,0.0019335,4.5e-06
0.0011301,0.0046196,0.0,0.0011282,0.0046117,5.6e-06
0.0036939,0.0031375,0.0,0.0036876,0.0031323,5.2e-06
-0.004636,-0.0010465,0.0,-0.0046278,-0.0010444,5.4e-06
-0.0036219,-0.0030692,0.0,-0.0036155,-0.0030636,5.7e-06
0.0043709,0.002308,0.0,0.0043635,0.0023043,5.2e-06
0.0017874,-0.0045659,0.0,0.0017844,-0.0045579,5.3e-06
-0.0040577,0.0023166,0.0,-0.0040505,0.0023127,5.8e-06
0.0022697,-0.0043482,0.0,0.0022658,-0.0043406,5e-06
-0.0012481,-0.0045834,0.0,-0.0012457,-0.0045751,5.7e-06
-0.0001307,-0.0048529,0.0,-0.0001304,-0.0048443,5.1e-06
0.0037467,-0.0030505,0.0,0.0037402,-0.0030449,5.1e-06
0.0013202,-0.0047381,0.0,0.0013182,-0.0047298,5e-06
-0.0020012,-0.0038683,0.0,-0.0019974,-0.0038611,6.7e-06
-0.0042641,0.0011883,0.0,-0.0042563,0.0011864,6.8e-06
0.0047167,0.0014532,0.0,0.0047086,0.001451,4.9e-06
0.0030886,0.0039277,0.0,0.0030833,0.0039213,5e-06
0.0043565,-0.0015547,0.0,0.0043489,-0.0015517,5.9e-06
-0.0003379,0.0044194,0.0,-0.0003373,0.0044117,6.6e-06
-0.004398,0.001798,0.0,-0.0043902,0.0017951,5.5e-06
0.000827,-0.0045176,0.0,0.0008257,-0.0045094,6.1e-06
-0.0027593,0.0034573,0.0,-0.0027543,0.0034513,7e-06
-0.0009084,0.0042358,0.0,-0.0009067,0.0042283,7.1e-06
0.0033681,0.0035456,0.0,0.0033623,0.0035397,5.1e-06
0.0043575,-0.0009972,0.0,0.0043498,-0.0009951,6.6e-06
-0.0031201,0.002884,0.0,-0.0031143,0.002879,7.2e-06
0.0042244,-0.0020897,0.0,0.004217,-0.0020857,5.4e-06
-0.0032512,-0.0035613,0.0,-0.0032455,-0.0035549,5e-06
-0.0024852,0.0040373,0.0,-0.0024808,0.0040303,5.7e-06
-0.0042471,0.0005414,0.0,-0.0042392,0.0005406,7.4e-06
0.0006589,0.004774,0.0,0.0006579,0.0047659,5.3e-06
-0.0041971,-0.0014872,0.0,-0.0041895,-0.0014842,6.6e-06
-0.0037917,-0.0019983,0.0,-0.0037847,-0.0019944,7.3e-06
0.0043537,-0.0004244,0.0,0.0043459,-0.0004234,7.1e-06
-0.0006784,-0.0047367,0.0,-0.0006771,-0.0047282,5.5e-06
-0.0026168,-0.0036083,0.0,-0.002612,-0.0036016,6.3e-06
0.003191,-0.0039323,0.0,0.0031856,-0.0039254,4.1e-06
0.002834,0.0035831,0.0,0.002829,0.003577,6.5e-06
0.0047448,0.0009246,0.0,0.0047366,0.0009232,5.3e-06
0.0013709,-0.0042962,0.0,0.0013686,-0.0042884,6e-06
0.0032387,-0.0031039,0.0,0.0032329,-0.0030981,6.4e-06
0.0043111,0.0017965,0.0,0.0043035,0.0017936,5.7e-06
0.0043351,0.0001467,0.0,0.0043273,0.0001467,7e-06
0.0035205,-0.0026328,0.0,0.0035142,-0.0026277,6.7e-06
0.0012117,0.0041597,0.0,0.0012096,0.0041524,7.1e-06
0.0037204,-0.0021713,0.0,0.0037137,-0.002167,7.1e-06
0.003533,0.0026742,0.0,0.0035268,0.0026696,6.7e-06
-0.0034237,-0.0025456,0.0,-0.0034175,-0.0025407,7.2e-06
0.0038952,-0.001268,0.0,0.0038881,-0.0012654,8e-06
0.003157,0.0031227,0.0,0.0031514,0.0031173,6.5e-06
0.002865,-0.0035496,0.0,0.0028599,-0.003543,6e-06
-0.0042333,-9.71e-05,0.0,-0.0042255,-9.67e-05,7.7e-06
0.0002292,-0.0045079,0.0,0.0002289,-0.0044997,5.9e-06
-0.0034815,0.002331,0.0,-0.003475,0.002327,7.7e-06
0.0023091,0.0037241,0.0,0.002305,0.0037176,6.9e-06
-0.0014636,0.0039618,0.0,-0.0014609,0.0039547,7.3e-06
0.0018652,-0.0041002,0.0,0.001862,-0.0040928,6.4e-06
-0.001421,-0.0040653,0.0,-0.0014183,-0.0040577,7.4e-06
0.0027219,-0.0041156,0.0,0.0027172,-0.0041084,4.6e-06
0.0017566,0.0039513,0.0,0.0017534,0.0039443,7.1e-06
0.0039149,0.0022041,0.0,0.003908,0.0022004,6.7e-06
-0.0041014,-0.0008108,0.0,-0.0040938,-0.000809,7.9e-06
0.0043374,0.0012667,0.0,0.0043297,0.0012647,6.7e-06
0.00308,-0.0026935,0.0,0.0030744,-0.0026883,7.8e-06
0.0043327,0.0006932,0.0,0.0043249,0.0006922,7.1e-06
0.0039305,-0.0017557,0.0,0.0039234,-0.0017522,7.3e-06
0.0006714,0.0043399,0.0,0.0006703,0.0043323,6.7e-06
-0.0024888,0.0029152,0.0,-0.002484,0.0029099,9e-06
-0.0021134,-0.0032934,0.0,-0.0021094,-0.0032871,8.4e-06
-0.0004426,0.0038772,0.0,-0.0004417,0.0038701,8.4e-06
-0.0037845,0.0009366,0.0,-0.0037774,0.0009351,8.7e-06
-0.0036263,-0.0013868,0.0,-0.0036195,-0.0013839,8.5e-06
-0.0038051,0.0016769,0.0,-0.003798,0.001674,7.5e-06
0.0038817,-0.0007096,0.0,0.0038746,-0.000708,8.3e-06
0.000142,0.0040873,0.0,0.0001418,0.0040799,7.7e-06
-0.0020657,0.0035712,0.0,-0.0020618,0.0035648,7.9e-06
-0.0030653,-0.0030625,0.0,-0.0030597,-0.0030567,6.9e-06
0.0037946,0.00161,0.0,0.0037878,0.0016073,8e-06
0.0027186,-0.0030187,0.0,0.0027136,-0.0030129,7.6e-06
-0.0031893,-0.0019487,0.0,-0.0031832,-0.0019448,8.8e-06
0.0038871,-0.0001324,0.0,0.00388,-0.0001319,8.6e-06
0.0032113,-0.0022233,0.0,0.0032053,-0.0022189,8.5e-06
0.0012918,0.0036169,0.0,0.0012894,0.0036103,8.8e-06
0.0006983,0.0037892,0.0,0.0006971,0.0037823,8.5e-06
-0.0037737,0.0002771,0.0,-0.0037666,0.0002768,9e-06
-0.0003111,-0.0043778,0.0,-0.0003105,-0.0043697,6.8e-06
-0.0028828,0.0023567,0.0,-0.0028772,0.0023524,9.2e-06
0.0025023,0.0031103,0.0,0.0024977,0.0031048,8.2e-06
-0.0009803,0.0037495,0.0,-0.0009783,0.0037426,8.7e-06
0.0014699,-0.0038015,0.0,0.0014673,-0.0037943,7.8e-06
0.0005377,-0.0041599,0.0,0.0005368,-0.0041521,7.4e-06
-0.001554,-0.0035149,0.0,-0.001551,-0.0035082,8.6e-06
0.0034003,0.0021509,0.0,0.0033941,0.0021471,8.2e-06
0.0023614,-0.0038598,0.0,0.0023572,-0.0038527,6.3e-06
-0.0008593,-0.0042341,0.0,-0.0008577,-0.0042262,7.1e-06
0.0009942,-0.003998,0.0,0.0009924,-0.0039905,7.6e-06
0.0029873,0.002635,0.0,0.0029819,0.0026303,8.3e-06
0.003932,0.0010326,0.0,0.0039249,0.001031,8e-06
0.0018887,0.0033906,0.0,0.0018852,0.0033845,8.8e-06
-0.0032405,0.0018699,0.0,-0.0032342,0.0018667,8.8e-06
-0.0034281,-0.0007672,0.0,-0.0034216,-0.0007655,9.6e-06
7.05e-05,-0.0040411,0.0,7.05e-05,-0.0040334,8.1e-06
-0.002577,-0.0030409,0.0,-0.0025722,-0.0030351,8e-06
0.0033963,-0.0010299,0.0,0.00339,-0.0010277,9.6e-06
0.0019354,-0.0036674,0.0,0.0019319,-0.0036605,7.5e-06
-0.0022235,-0.0026538,0.0,-0.0022193,-0.0026485,9.7e-06
7.69e-05,0.0034084,0.0,7.68e-05,0.003402,9.8e-06
-0.0018309,0.0028589,0.0,-0.0018273,0.0028535,9.9e-06
0.0005329,-0.0037212,0.0,0.000532,-0.003714,8.8e-06
0.0010432,-0.0034587,0.0,0.0010413,-0.003452,9.2e-06
-0.0028424,-0.002524,0.0,-0.002837,-0.0025191,8.7e-06
-0.0014039,0.0033798,0.0,-0.0014012,0.0033736,8.9e-06
-0.003769,-0.0003127,0.0,-0.003762,-0.0003118,9.1e-06
0.0031434,0.0016261,0.0,0.0031376,0.0016233,9.6e-06
0.0016757,-0.003205,0.0,0.0016726,-0.0031987,9.3e-06
0.0023095,-0.0033369,0.0,0.0023053,-0.0033305,7.9e-06
0.0034001,-0.0016715,0.0,0.0033938,-0.0016681,8.9e-06
-0.0029585,-0.0012911,0.0,-0.0029528,-0.0012884,1.03e-05
0.0014052,0.0030969,0.0,0.0014026,0.0030913,9.9e-06
0.0034039,-0.0004351,0.0,0.0033976,-0.000434,9.8e-06
0.0026881,-0.0024657,0.0,0.002683,-0.0024608,9.2e-06
0.0008131,0.0031952,0.0,0.0008116,0.0031893,1.01e-05
0.0037908,0.0005003,0.0,0.0037839,0.0004996,8.9e-06
-0.0032551,0.0012696,0.0,-0.0032488,0.0012674,9.6e-06
-0.0032558,0.0005977,0.0,-0.0032495,0.0005968,1.03e-05
-0.0022512,0.0022702,0.0,-0.0022467,0.0022661,1.07e-05
-0.0006958,0.0033199,0.0,-0.0006945,0.0033138,9.9e-06
-0.0009939,-0.0037108,0.0,-0.0009919,-0.0037037,8.7e-06
0.0028903,0.0021226,0.0,0.0028849,0.0021188,9.5e-06
0.002434,0.0024465,0.0,0.0024295,0.0024421,9.6e-06
-0.0016754,-0.0029385,0.0,-0.0016721,-0.0029327,9.6e-06
0.0019049,0.0027864,0.0,0.0019014,0.0027813,1.02e-05
-0.0004476,-0.0038867,0.0,-0.0004467,-0.0038793,8.3e-06
-0.002791,-0.0005668,0.0,-0.0027856,-0.0005654,1.1e-05
0.0034168,9.93e-05,0.0,0.0034104,9.93e-05,9.9e-06
0.0027824,-0.0018908,0.0,0.0027771,-0.0018869,9.7e-06
0.0034261,0.0010812,0.0,0.0034198,0.0010794,9.3e-06
-0.0027052,0.0017065,0.0,-0.0026999,0.0017035,1.07e-05
-0.0032624,-9.64e-05,0.0,-0.0032562,-9.59e-05,1.02e-05
0.0022061,-0.0027987,0.0,0.002202,-0.0027932,9.2e-06
-0.0024201,-0.0019094,0.0,-0.0024154,-0.0019056,1.04e-05
-5e-06,-0.0035185,0.0,-4.8e-06,-0.0035116,9.5e-06
-0.0026555,0.0009653,0.0,-0.0026504,0.0009637,1.08e-05
-0.00156,0.002208,0.0,-0.0015569,0.002204,1.17e-05
0.0004963,-0.0031724,0.0,0.0004955,-0.0031661,1.05e-05
0.0028792,-0.000686,0.0,0.0028738,-0.0006845,1.1e-05
0.0028616,-0.0013016,0.0,0.0028562,-0.0012988,1.05e-05
0.0027706,0.0011338,0.0,0.0027654,0.001132,1.06e-05
0.0031228,0.0005709,0.0,0.003117,0.00057,1.02e-05
0.0011834,0.0025244,0.0,0.0011812,0.0025197,1.13e-05
0.0021967,-0.0021721,0.0,0.0021925,-0.0021677,1.06e-05
-0.0019934,0.0014538,0.0,-0.0019895,0.0014513,1.21e-05
0.000366,0.0027076,0.0,0.0003654,0.0027026,1.14e-05
0.0010744,-0.0028462,0.0,0.0010724,-0.0028405,1.06e-05
-0.0027034,0.0001932,0.0,-0.0026982,0.0001931,1.12e-05
-0.0022316,-0.0010738,0.0,-0.0022272,-0.0010715,1.18e-05
-0.0011299,0.0027976,0.0,-0.0011277,0.0027923,1.11e-05
0.002497,0.001766,0.0,0.0024923,0.001763,1.09e-05
-0.0017216,-0.0022732,0.0,-0.0017182,-0.0022686,1.09e-05
0.001878,0.0020891,0.0,0.0018745,0.0020854,1.15e-05
-0.0011102,-0.0031686,0.0,-0.001108,-0.0031624,9.7e-06
-7.37e-05,-0.0029528,0.0,-7.34e-05,-0.0029469,1.09e-05
0.002898,-4.95e-05,0.0,0.0028926,-4.92e-05,1.11e-05
0.0022746,-0.0015519,0.0,0.0022702,-0.0015487,1.15e-05
0.0024432,0.0004906,0.0,0.0024386,0.0004899,1.15e-05
0.0006134,0.0020489,0.0,0.0006123,0.0020452,1.25e-05
-0.0021166,-0.0002805,0.0,-0.0021124,-0.0002797,1.22e-05
0.001295,0.001739,0.0,0.0012925,0.0017359,1.25e-05
-0.0016265,-0.0015629,0.0,-0.0016233,-0.0015597,1.2e-05
-0.0005574,-0.0033484,0.0,-0.0005562,-0.0033418,9.7e-06
-0.0003803,0.0027778,0.0,-0.0003795,0.0027726,1.15e-05
0.0023929,-0.0009746,0.0,0.0023884,-0.0009725,1.15e-05
0.0022139,-0.0003231,0.0,0.0022098,-0.0003223,1.2e-05
-0.0012366,-0.0026446,0.0,-0.0012341,-0.0026393,1.09e-05
0.0016405,-0.0024963,0.0,0.0016374,-0.0024913,1.08e-05
-9.62e-05,0.0021629,0.0,-9.59e-05,0.002159,1.24e-05
0.0019741,0.0012208,0.0,0.0019703,0.0012187,1.2e-05
-0.0012271,0.0015823,0.0,-0.0012247,0.0015796,1.27e-05
-0.0020673,0.0005355,0.0,-0.0020632,0.0005348,1.24e-05
-0.0008278,0.0022064,0.0,-0.0008261,0.0022024,1.22e-05
-0.0014763,-0.0007674,0.0,-0.0014733,-0.0007657,1.29e-05
0.0004597,-0.0025493,0.0,0.0004589,-0.0025441,1.17e-05
0.0016404,-0.0017791,0.0,0.0016373,-0.0017754,1.19e-05
-0.000514,0.0016028,0.0,-0.0005129,0.0016,1.31e-05
0.000755,0.0014263,0.0,0.0007535,0.0014239,1.29e-05
0.0016943,0.0003563,0.0,0.0016911,0.0003559,1.29e-05
-0.0008384,0.0010691,0.0,-0.0008367,0.0010673,1.32e-05
-0.0009632,-0.0020686,0.0,-0.0009612,-0.0020643,1.21e-05
-0.0014235,0.0008338,0.0,-0.0014207,0.0008325,1.29e-05
-0.0014212,3.64e-05,0.0,-0.0014184,3.66e-05,1.32e-05
-0.0008569,-0.0012649,0.0,-0.0008552,-0.0012623,1.32e-05
0.0012001,0.0009581,0.0,0.0011978,0.0009565,1.31e-05
-0.000674,-0.0027535,0.0,-0.0006726,-0.002748,1.13e-05
0.0010237,-0.0021343,0.0,0.0010218,-0.0021299,1.21e-05
0.0017742,-0.0010483,0.0,0.0017708,-0.0010461,1.24e-05
0.0001464,0.00152,0.0,0.0001461,0.0015174,1.32e-05
0.0009402,-0.0012631,0.0,0.0009384,-0.0012604,1.31e-05
0.0013299,-0.0004184,0.0,0.0013274,-0.0004173,1.31e-05
-0.0003487,-0.0017368,0.0,-0.0003479,-0.0017332,1.27e-05
0.0003305,-0.0018581,0.0,0.00033,-0.0018542,1.28e-05
-0.0002056,-0.0023335,0.0,-0.0002052,-0.0023288,1.22e-05
-0.0007514,0.0004145,0.0,-0.0007499,0.000414,1.36e-05
-0.0002322,0.0009432,0.0,-0.0002318,0.0009417,1.35e-05
-0.0005884,-0.0004273,0.0,-0.0005872,-0.0004262,1.36e-05
0.0004599,0.0008694,0.0,0.0004591,0.0008681,1.32e-05
-3.1e-06,-0.0011442,0.0,-3.1e-06,-0.0011418,1.35e-05
0.0008731,0.0002494,0.0,0.0008714,0.0002491,1.35e-05
3.4e-05,0.0002423,0.0,3.4e-05,0.0002421,1.37e-05
0.0004385,-0.000466,0.0,0.0004377,-0.0004649,1.35e-05
8.32e-05,0.0035432,0.0176904,8.31e-05,0.0035427,0.0177569
0.0003892,0.0035192,0.0176905,0.0003891,0.0035188,0.017757
0.0006811,0.0034692,0.0176905,0.0006811,0.0034688,0.017757
0.0009661,0.0033973,0.0176905,0.0009661,0.0033968,0.017757
0.0012481,0.0033033,0.0176905,0.001248,0.0033028,0.0177571
0.001533,0.0031853,0.0176906,0.001533,0.0031848,0.0177571
0.001859,0.0030283,0.0176906,0.001859,0.0030278,0.0177571
0.002154,0.0028153,0.0176906,0.0021539,0.0028149,0.0177571
0.0023879,0.0026134,0.0176906,0.0023879,0.0026129,0.0177571
0.0025929,0.0023974,0.0176906,0.0025928,0.0023969,0.0177571
0.0027758,0.0021665,0.0176906,0.0027758,0.002166,0.0177571
0.0029448,0.0019215,0.0176906,0.0029448,0.001921,0.017757
0.0031059,0.0016575,0.0176905,0.0031058,0.0016571,0.017757
0.0032818,0.0013486,0.0176906,0.0032818,0.0013481,0.0177569
0.0033968,0.0010066,0.0176905,0.0033967,0.0010061,0.0177569
0.0034648,0.0007067,0.0176905,0.0034648,0.0007062,0.0177568
0.0035008,0.0004147,0.0176904,0.0035008,0.0004142,0.0177567
0.0035168,0.0001228,0.0176904,0.0035168,0.0001223,0.0177567
0.0035148,-0.0001742,0.0176903,0.0035148,-0.0001747,0.0177566
0.0034928,-0.0004822,0.0176902,0.0034928,-0.0004827,0.0177565
0.0034498,-0.0008391,0.0176901,0.0034498,-0.0008396,0.0177564
0.0033409,-0.0011871,0.0176901,0.0033408,-0.0011875,0.0177564
0.0032249,-0.001473,0.01769,0.0032248,-0.0014735,0.0177563
0.0030849,-0.001735,0.01769,0.0030849,-0.0017355,0.0177562
0.002926,-0.001981,0.0176898,0.0029259,-0.0019815,0.0177561
0.002748,-0.0022169,0.0176898,0.0027479,-0.0022174,0.017756
0.002549,-0.0024499,0.0176897,0.0025489,-0.0024504,0.017756
0.002303,-0.0027099,0.0176897,0.002303,-0.0027104,0.0177558
0.0020091,-0.0029218,0.0176896,0.0020091,-0.0029224,0.0177557
0.0017432,-0.0030749,0.0176895,0.0017431,-0.0030753,0.0177556
0.0014752,-0.0031979,0.0176894,0.0014751,-0.0031983,0.0177556
0.0012002,-0.0033028,0.0176894,0.0012002,-0.0033034,0.0177555
0.0009162,-0.0033918,0.0176893,0.0009162,-0.0033923,0.0177554
0.0006153,-0.0034668,0.0176892,0.0006152,-0.0034673,0.0177554
0.0002664,-0.0035398,0.0176892,0.0002663,-0.0035403,0.0177553
-9.66e-05,-0.0035428,0.0176891,-9.67e-05,-0.0035433,0.0177552
-0.0004025,-0.0035128,0.0176891,-0.0004027,-0.0035133,0.0177552
-0.0006915,-0.0034538,0.0176891,-0.0006916,-0.0034543,0.0177552
-0.0009755,-0.0033758,0.017689,-0.0009755,-0.0033764,0.0177552
-0.0012575,-0.0032799,0.017689,-0.0012575,-0.0032804,0.0177551
-0.0015434,-0.0031659,0.0176889,-0.0015435,-0.0031664,0.0177551
-0.0018683,-0.0030209,0.017689,-0.0018684,-0.0030214,0.0177551
-0.0021643,-0.00281,0.0176889,-0.0021644,-0.0028105,0.0177551
-0.0023923,-0.002605,0.017689,-0.0023924,-0.0026055,0.0177551
-0.0025903,-0.002384,0.0176889,-0.0025903,-0.0023845,0.0177551
-0.0027743,-0.0021521,0.017689,-0.0027743,-0.0021525,0.0177552
-0.0029472,-0.0019081,0.017689,-0.0029473,-0.0019086,0.0177552
-0.0031162,-0.0016511,0.017689,-0.0031163,-0.0016516,0.0177552
-0.0032992,-0.0013552,0.017689,-0.0032993,-0.0013557,0.0177552
-0.0034082,-0.0010172,0.017689,-0.0034083,-0.0010177,0.0177553
-0.0034532,-0.0007223,0.0176891,-0.0034533,-0.0007228,0.0177554
-0.0034862,-0.0004274,0.0176892,-0.0034862,-0.0004278,0.0177555
-0.0035032,-0.0001284,0.0176892,-0.0035033,-0.0001288,0.0177555
-0.0035042,0.0001746,0.0176893,-0.0035043,0.0001741,0.0177556
-0.0034882,0.0004845,0.0176893,-0.0034883,0.0004841,0.0177556
-0.0034622,0.0008355,0.0176894,-0.0034623,0.0008351,0.0177557
-0.0033523,0.0011755,0.0176895,-0.0033523,0.001175,0.0177558
-0.0032213,0.0014454,0.0176895,-0.0032214,0.001445,0.0177559
-0.0030783,0.0017054,0.0176896,-0.0030784,0.001705,0.017756
-0.0029183,0.0019553,0.0176897,-0.0029184,0.0019549,0.0177561
-0.0027434,0.0021973,0.0176897,-0.0027434,0.0021968,0.0177562
-0.0025494,0.0024373,0.0176898,-0.0025494,0.0024368,0.0177562
-0.0023104,0.0027043,0.0176899,-0.0023105,0.0027038,0.0177563
-0.0020205,0.0029212,0.0176899,-0.0020206,0.0029208,0.0177564
-0.0017565,0.0030752,0.01769,-0.0017566,0.0030748,0.0177565
-0.0014895,0.0031962,0.0176901,-0.0014897,0.0031958,0.0177566
-0.0012146,0.0032992,0.0176902,-0.0012147,0.0032988,0.0177566
-0.0009306,0.0033882,0.0176902,-0.0009307,0.0033877,0.0177567
-0.0006307,0.0034642,0.0176903,-0.0006307,0.0034637,0.0177567
-0.0002787,0.0035372,0.0176903,-0.0002788,0.0035368,0.0177569
0.0004802,0.0032422,0.0176902,0.0004801,0.0032418,0.0177569
0.0007591,0.0031802,0.0176903,0.0007591,0.0031798,0.0177569
0.0010341,0.0030972,0.0176903,0.001034,0.0030968,0.0177569
0.0013091,0.0029943,0.0176904,0.001309,0.0029938,0.017757
0.001587,0.0028723,0.0176904,0.0015869,0.0028718,0.017757
0.0020999,0.0025364,0.0176904,0.0020999,0.0025359,0.017757
0.0031018,0.0010956,0.0176903,0.0031017,0.0010951,0.0177569
0.0023049,0.0023294,0.0176904,0.0023048,0.0023289,0.017757
0.0024818,0.0021054,0.0176904,0.0024818,0.002105,0.017757
0.0026448,0.0018675,0.0176904,0.0026448,0.001867,0.017757
0.0028008,0.0016165,0.0176903,0.0028008,0.001616,0.0177569
0.0029578,0.0013586,0.0176904,0.0029577,0.0013581,0.0177569
0.0031898,0.0008106,0.0176903,0.0031898,0.0008102,0.0177568
0.0031538,-0.0009411,0.0176899,0.0031538,-0.0009416,0.0177563
0.0032188,0.0005307,0.0176902,0.0032188,0.0005302,0.0177567
0.0032338,0.0002468,0.0176901,0.0032338,0.0002462,0.0177567
0.0032368,-4.02e-05,0.0176901,0.0032368,-4.07e-05,0.0177566
0.0032278,-0.0003332,0.01769,0.0032278,-0.0003337,0.0177566
0.0032058,-0.0006371,0.01769,0.0032058,-0.0006376,0.0177565
0.0030589,-0.00123,0.0176899,0.0030588,-0.0012305,0.0177563
0.0020111,-0.0026188,0.0176895,0.002011,-0.0026194,0.0177558
0.0029309,-0.001491,0.0176898,0.0029309,-0.0014915,0.0177562
0.0027779,-0.001729,0.0176898,0.0027779,-0.0017295,0.0177561
0.002609,-0.0019569,0.0176897,0.0026089,-0.0019575,0.0177561
0.002427,-0.0021839,0.0176896,0.0024269,-0.0021844,0.017756
0.0022281,-0.0024099,0.0176895,0.002228,-0.0024104,0.0177559
0.0017591,-0.0027788,0.0176894,0.0017591,-0.0027793,0.0177557
7.64e-05,-0.0032918,0.017689,7.63e-05,-0.0032923,0.0177553
0.0014982,-0.0028889,0.0176893,0.0014981,-0.0028893,0.0177557
0.0012302,-0.0029908,0.0176893,0.0012301,-0.0029913,0.0177556
0.0009532,-0.0030828,0.0176892,0.0009532,-0.0030833,0.0177555
0.0006673,-0.0031638,0.0176891,0.0006672,-0.0031643,0.0177555
0.0003723,-0.0032368,0.0176891,0.0003723,-0.0032373,0.0177554
-0.0002226,-0.0032838,0.017689,-0.0002227,-0.0032843,0.0177553
-0.0018813,-0.0027099,0.0176889,-0.0018814,-0.0027104,0.0177552
-0.0004995,-0.0032188,0.017689,-0.0004996,-0.0032193,0.0177553
-0.0007745,-0.0031378,0.0176889,-0.0007746,-0.0031384,0.0177552
-0.0010504,-0.0030458,0.0176889,-0.0010505,-0.0030464,0.0177552
-0.0013274,-0.0029459,0.0176889,-0.0013275,-0.0029464,0.0177552
-0.0016093,-0.0028379,0.0176889,-0.0016095,-0.0028384,0.0177552
-0.0021153,-0.0025249,0.0176888,-0.0021154,-0.0025255,0.0177552
-0.0031552,-0.0011212,0.017689,-0.0031553,-0.0011217,0.0177553
-0.0022973,-0.002306,0.0176889,-0.0022974,-0.0023065,0.0177552
-0.0024713,-0.0020751,0.0176889,-0.0024713,-0.0020755,0.0177552
-0.0026432,-0.0018341,0.0176889,-0.0026433,-0.0018345,0.0177553
-0.0028162,-0.0015861,0.0176889,-0.0028163,-0.0015866,0.0177553
-0.0029932,-0.0013412,0.0176889,-0.0029933,-0.0013417,0.0177553
-0.0031662,-0.0008542,0.017689,-0.0031663,-0.0008547,0.0177554
-0.0032002,0.0009375,0.0176893,-0.0032003,0.000937,0.0177558
-0.0031881,-0.0005633,0.017689,-0.0031883,-0.0005638,0.0177555
-0.0032062,-0.0002633,0.0176891,-0.0032062,-0.0002638,0.0177555
-0.0032122,3.96e-05,0.0176891,-0.0032123,3.92e-05,0.0177556
-0.0032102,0.0003466,0.0176892,-0.0032103,0.0003461,0.0177557
-0.0032022,0.0006565,0.0176892,-0.0032023,0.000656,0.0177557
-0.0030632,0.0011715,0.0176893,-0.0030633,0.001171,0.0177558
-0.0020295,0.0026182,0.0176898,-0.0020295,0.0026178,0.0177564
-0.0029203,0.0014284,0.0176894,-0.0029204,0.001428,0.0177559
-0.0027633,0.0016754,0.0176894,-0.0027634,0.0016749,0.0177561
-0.0025963,0.0019173,0.0176895,-0.0025964,0.0019169,0.0177561
-0.0024194,0.0021563,0.0176896,-0.0024194,0.0021558,0.0177562
-0.0022334,0.0023953,0.0176897,-0.0022335,0.0023948,0.0177563
-0.0017825,0.0027832,0.0176898,-0.0017826,0.0027828,0.0177564
-9.97e-05,0.0032892,0.0176902,-9.98e-05,0.0032887,0.0177569
-0.0015235,0.0028902,0.0176899,-0.0015236,0.0028897,0.0177565
-0.0012576,0.0029862,0.0176899,-0.0012576,0.0029858,0.0177566
-0.0009816,0.0030752,0.01769,-0.0009817,0.0030748,0.0177567
-0.0006967,0.0031582,0.0176901,-0.0006967,0.0031577,0.0177567
-0.0003997,0.0032332,0.0176902,-0.0003998,0.0032327,0.0177568
0.001857,0.0027213,0.0176904,0.0018569,0.0027209,0.017757
0.0002002,0.0032872,0.0176902,0.0002001,0.0032867,0.0177569
0.0008261,0.0028963,0.0176901,0.000826,0.0028958,0.0177569
0.001087,0.0028032,0.0176901,0.001087,0.0028028,0.0177569
0.001346,0.0026963,0.0176902,0.001346,0.0026958,0.0177569
0.0021988,0.0020524,0.0176902,0.0021988,0.0020519,0.0177569
0.0023508,0.0018234,0.0176902,0.0023508,0.001823,0.0177569
0.0024988,0.0015794,0.0176901,0.0024988,0.001579,0.0177569
0.0029518,0.0006427,0.0176901,0.0029517,0.0006422,0.0177567
0.0028869,-0.001016,0.0176898,0.0028868,-0.0010166,0.0177564
0.0029588,0.0003717,0.01769,0.0029587,0.0003712,0.0177567
0.0029618,9.38e-05,0.01769,0.0029617,9.32e-05,0.0177566
0.0029598,-0.0001882,0.0176899,0.0029597,-0.0001887,0.0177565
0.0027859,-0.001269,0.0176897,0.0027858,-0.0012696,0.0177563
0.0017661,-0.0025218,0.0176893,0.001766,-0.0025224,0.0177558
0.0026369,-0.001487,0.0176896,0.0026369,-0.0014875,0.0177562
0.0024739,-0.0017019,0.0176895,0.0024739,-0.0017025,0.0177561
0.002302,-0.0019179,0.0176895,0.0023019,-0.0019184,0.017756
0.0015251,-0.0025928,0.0176892,0.0015251,-0.0025933,0.0177557
-7.36e-05,-0.0030798,0.0176889,-7.37e-05,-0.0030803,0.0177554
0.0012642,-0.0026848,0.0176892,0.0012641,-0.0026853,0.0177556
0.0009962,-0.0027768,0.0176891,0.0009961,-0.0027772,0.0177556
0.0007202,-0.0028618,0.017689,0.0007202,-0.0028623,0.0177556
-0.0003106,-0.0030008,0.0176889,-0.0003106,-0.0030013,0.0177554
-0.0018773,-0.0024519,0.0176888,-0.0018774,-0.0024524,0.0177552
-0.0005715,-0.0029138,0.0176888,-0.0005716,-0.0029144,0.0177553
-0.0008415,-0.0028188,0.0176888,-0.0008415,-0.0028193,0.0177553
-0.0011134,-0.0027199,0.0176887,-0.0011135,-0.0027204,0.0177553
-0.0020163,-0.0022459,0.0176887,-0.0020164,-0.0022465,0.0177553
-0.0029042,-0.0010312,0.0176889,-0.0029043,-0.0010317,0.0177554
0.0020399,0.0022664,0.0176902,0.0020398,0.0022659,0.0177569
-0.0021713,-0.002014,0.0176888,-0.0021713,-0.0020145,0.0177553
-0.0023372,-0.00177,0.0176888,-0.0023373,-0.0017705,0.0177553
-0.0025102,-0.0015181,0.0176888,-0.0025103,-0.0015186,0.0177553
-0.0029001,-0.0007203,0.0176889,-0.0029003,-0.0007207,0.0177555
-0.0029252,0.0008575,0.0176892,-0.0029253,0.000857,0.0177558
0.0029468,0.0008896,0.0176901,0.0029467,0.0008891,0.0177568
-0.0029201,-0.0004083,0.017689,-0.0029203,-0.0004088,0.0177555
-0.0029261,-0.0001013,0.017689,-0.0029262,-0.0001018,0.0177556
-0.0029262,0.0002066,0.017689,-0.0029263,0.0002061,0.0177557
-0.0027812,0.0011585,0.0176892,-0.0027813,0.001158,0.0177559
-0.0017965,0.0025332,0.0176897,-0.0017965,0.0025328,0.0177564
0.0005571,0.0029682,0.0176901,0.0005571,0.0029677,0.0177569
-0.0026173,0.0014004,0.0176893,-0.0026174,0.0013999,0.017756
-0.0024503,0.0016374,0.0176893,-0.0024504,0.0016369,0.0177561
-0.0022803,0.0018743,0.0176895,-0.0022804,0.0018738,0.0177562
-0.0015635,0.0026012,0.0176897,-0.0015636,0.0026007,0.0177565
-0.0013085,0.0026802,0.0176897,-0.0013086,0.0026798,0.0177565
-0.0010396,0.0027652,0.0176898,-0.0010396,0.0027647,0.0177566
-0.0007626,0.0028492,0.0176898,-0.0007627,0.0028487,0.0177566
0.0027938,0.0010885,0.0176901,0.0027937,0.0010881,0.0177568
0.0018349,0.0024473,0.0176903,0.0018349,0.0024469,0.0177569
-0.0026952,-0.0012631,0.0176888,-0.0026953,-0.0012636,0.0177554
4.62e-05,0.0030722,0.0176901,4.62e-05,0.0030717,0.0177568
-0.0029262,0.0005175,0.0176891,-0.0029263,0.000517,0.0177557
0.0026418,0.0013245,0.0176901,0.0026418,0.0013241,0.0177569
-0.0004807,0.0029282,0.0176899,-0.0004808,0.0029277,0.0177567
0.0029489,-0.0004701,0.0176898,0.0029488,-0.0004706,0.0177565
0.0029278,-0.0007481,0.0176898,0.0029278,-0.0007486,0.0177564
0.0019341,-0.0023368,0.0176894,0.001934,-0.0023374,0.0177559
0.002124,-0.0021329,0.0176894,0.0021239,-0.0021334,0.0177559
0.0001634,-0.0030008,0.017689,0.0001633,-0.0030013,0.0177554
0.0004353,-0.0029308,0.017689,0.0004352,-0.0029313,0.0177555
-0.0016443,-0.0025329,0.0176888,-0.0016444,-0.0025334,0.0177552
-0.0013844,-0.0026229,0.0176888,-0.0013845,-0.0026234,0.0177553
-0.0019454,0.0023352,0.0176896,-0.0019455,0.0023348,0.0177563
-0.0021104,0.0021103,0.0176895,-0.0021104,0.0021098,0.0177562
0.001598,0.0025783,0.0176902,0.0015979,0.0025778,0.017757
-0.0001997,0.0029982,0.01769,-0.0001998,0.0029977,0.0177568
0.0002882,0.0030182,0.01769,0.0002881,0.0030177,0.0177568
0.001123,0.0025112,0.01769,0.001123,0.0025108,0.0177568
0.0022019,0.0015565,0.0176899,0.0022018,0.001556,0.0177568
-0.0003536,-0.0027088,0.0176888,-0.0003536,-0.0027093,0.0177554
0.0026918,0.0002277,0.0176898,0.0026917,0.0002272,0.0177565
0.0026888,-5.12e-05,0.0176897,0.0026887,-5.17e-05,0.0177565
0.0026549,-0.001076,0.0176896,0.0026548,-0.0010765,0.0177563
0.0013131,-0.0023828,0.0176891,0.0013131,-0.0023833,0.0177557
0.0023439,-0.001447,0.0176894,0.0023439,-0.0014475,0.0177561
0.0021759,-0.0016539,0.0176894,0.0021759,-0.0016544,0.017756
0.0016101,-0.0022909,0.0176892,0.00161,-0.0022914,0.0177558
0.0025069,-0.001252,0.0176895,0.0025068,-0.0012525,0.0177562
0.0010412,-0.0024728,0.017689,0.0010411,-0.0024733,0.0177556
0.0007732,-0.0025618,0.0176889,0.0007731,-0.0025622,0.0177556
-8.26e-05,-0.0028198,0.0176888,-8.27e-05,-0.0028203,0.0177554
0.0026938,0.0005106,0.0176898,0.0026938,0.0005102,0.0177566
-0.0006265,-0.0026028,0.0176887,-0.0006266,-0.0026033,0.0177554
-0.0009004,-0.0024938,0.0176887,-0.0009005,-0.0024943,0.0177553
-0.0017293,-0.0022439,0.0176887,-0.0017294,-0.0022444,0.0177553
0.0019259,0.0020103,0.01769,0.0019258,0.0020099,0.0177568
-0.0018663,-0.001987,0.0176887,-0.0018664,-0.0019875,0.0177553
-0.0020243,-0.001729,0.0176886,-0.0020243,-0.0017295,0.0177554
-0.0021942,-0.001468,0.0176886,-0.0021943,-0.0014685,0.0177554
-0.0025952,-0.0009132,0.0176888,-0.0025953,-0.0009137,0.0177554
0.0027018,0.0007996,0.01769,0.0027017,0.0007991,0.0177567
-0.0026471,-0.0005602,0.0176888,-0.0026473,-0.0005607,0.0177555
-0.0026481,-0.0002483,0.0176889,-0.0026482,-0.0002488,0.0177556
-0.0026431,5.96e-05,0.0176889,-0.0026433,5.92e-05,0.0177557
-0.0026502,0.0009285,0.0176891,-0.0026503,0.000928,0.0177559
0.0006271,0.0027042,0.0176899,0.0006271,0.0027037,0.0177568
-0.0024833,0.0011304,0.0176891,-0.0024833,0.00113,0.0177559
-0.0023103,0.0013554,0.0176892,-0.0023104,0.0013549,0.017756
-0.0021383,0.0015934,0.0176892,-0.0021384,0.0015928,0.0177561
-0.0016574,0.0023252,0.0176895,-0.0016575,0.0023248,0.0177564
-0.0013834,0.0023772,0.0176895,-0.0013835,0.0023768,0.0177564
-0.0011095,0.0024532,0.0176895,-0.0011096,0.0024527,0.0177565
-0.0008326,0.0025392,0.0176896,-0.0008326,0.0025387,0.0177565
0.0020609,0.0017914,0.0176899,0.0020608,0.0017909,0.0177568
0.0008751,0.0026112,0.0176899,0.000875,0.0026107,0.0177568
-0.0023792,-0.0012011,0.0176887,-0.0023792,-0.0012016,0.0177554
0.0003562,0.0027592,0.0176899,0.0003561,0.0027587,0.0177567
0.0023358,0.0012995,0.0176899,0.0023358,0.001299,0.0177567
4.93e-05,0.0027852,0.0176899,4.92e-05,0.0027847,0.0177567
0.0018089,0.0022073,0.0176901,0.0018089,0.0022069,0.0177569
-0.0011754,-0.0023888,0.0176887,-0.0011755,-0.0023894,0.0177553
0.0026838,-0.0003272,0.0176897,0.0026837,-0.0003277,0.0177564
0.0026658,-0.0008491,0.0176897,0.0026658,-0.0008496,0.0177563
0.0005002,-0.0026438,0.0176889,0.0005002,-0.0026443,0.0177555
0.002006,-0.0018659,0.0176893,0.0020059,-0.0018664,0.017756
-0.0014524,-0.0023039,0.0176887,-0.0014524,-0.0023044,0.0177553
-0.0026402,0.0003666,0.0176889,-0.0026402,0.0003661,0.0177557
-0.0026492,0.0006645,0.017689,-0.0026493,0.000664,0.0177558
0.001367,0.0024033,0.01769,0.0013669,0.0024028,0.0177568
-0.0018034,0.0020782,0.0176894,-0.0018035,0.0020778,0.0177563
-0.0019664,0.0018353,0.0176893,-0.0019664,0.0018348,0.0177562
-0.0005516,0.0026242,0.0176897,-0.0005517,0.0026237,0.0177565
-0.0002647,0.0027032,0.0176897,-0.0002648,0.0027027,0.0177566
0.0024288,0.0003657,0.0176896,0.0024287,0.0003652,0.0177565
0.0026769,-0.0005951,0.0176896,0.0026767,-0.0005956,0.0177564
-0.0014934,0.0020822,0.0176894,-0.0014935,0.0020818,0.0177563
-0.0001226,-0.0025248,0.0176887,-0.0001227,-0.0025253,0.0177554
0.001834,-0.0020798,0.0176893,0.001834,-0.0020804,0.0177559
0.0013481,-0.0020919,0.017689,0.001348,-0.0020923,0.0177557
0.0001823,-0.0026748,0.0176888,0.0001823,-0.0026753,0.0177555
-0.0023932,0.0008405,0.017689,-0.0023933,0.00084,0.0177558
0.0008192,-0.0022588,0.0176888,0.0008191,-0.0022593,0.0177556
0.0024638,0.0010015,0.0176899,0.0024638,0.0010011,0.0177567
-0.0003995,-0.0024058,0.0176887,-0.0003996,-0.0024063,0.0177554
-0.0006785,-0.0022858,0.0176886,-0.0006785,-0.0022863,0.0177553
0.0020559,-0.001385,0.0176892,0.0020559,-0.0013855,0.017756
-0.0015583,-0.002,0.0176886,-0.0015584,-0.0020004,0.0177553
-0.0017033,-0.001716,0.0176886,-0.0017034,-0.0017165,0.0177553
-0.0018712,-0.0014411,0.0176885,-0.0018713,-0.0014415,0.0177554
0.0024408,0.0006596,0.0176897,0.0024407,0.0006591,0.0177566
-0.0023962,-0.0006762,0.0176887,-0.0023963,-0.0006767,0.0177555
-0.0023802,-0.0003993,0.0176887,-0.0023802,-0.0003997,0.0177555
-0.0023692,-9.53e-05,0.0176887,-0.0023692,-9.58e-05,0.0177556
-0.0021882,0.0010614,0.017689,-0.0021883,0.001061,0.0177559
-0.0020023,0.0013014,0.017689,-0.0020024,0.0013009,0.017756
0.0024198,8.07e-05,0.0176895,0.0024197,8.02e-05,0.0177564
-0.0011964,0.0021382,0.0176893,-0.0011966,0.0021378,0.0177563
0.001598,0.0022983,0.01769,0.0015979,0.0022978,0.0177569
-0.0009085,0.0022282,0.0176894,-0.0009086,0.0022277,0.0177564
0.0010841,-0.0021698,0.0176889,0.0010841,-0.0021703,0.0177557
-0.0023502,0.0002226,0.0176888,-0.0023502,0.0002221,0.0177557
0.0020368,0.0013085,0.0176897,0.0020368,0.001308,0.0177567
0.0017639,0.0017834,0.0176898,0.0017638,0.0017829,0.0177567
0.0004512,0.0025292,0.0176898,0.0004511,0.0025287,0.0177567
-0.0009584,-0.0021548,0.0176886,-0.0009585,-0.0021553,0.0177554
0.0024158,-0.0001972,0.0176894,0.0024158,-0.0001977,0.0177564
0.0002062,0.0025121,0.0176897,0.0002061,0.0025117,0.0177567
8.94e-05,-0.0023348,0.0176887,8.93e-05,-0.0023352,0.0177555
0.0024299,-0.0009961,0.0176895,0.0024298,-0.0009966,0.0177562
0.0005623,-0.0023508,0.0176888,0.0005621,-0.0023513,0.0177556
0.0018799,-0.001597,0.0176891,0.0018799,-0.0015974,0.0177559
-0.0023532,0.0005375,0.0176888,-0.0023533,0.0005371,0.0177557
-0.0018273,0.0015523,0.0176891,-0.0018274,0.0015519,0.017756
0.0022369,-0.001182,0.0176894,0.0022368,-0.0011825,0.0177561
0.0009061,0.0023272,0.0176897,0.000906,0.0023268,0.0177567
-0.0020442,-0.0011631,0.0176886,-0.0020443,-0.0011636,0.0177554
0.001151,0.0022203,0.0176898,0.001151,0.0022198,0.0177567
-0.0006276,0.0023172,0.0176894,-0.0006277,0.0023167,0.0177565
-6.87e-05,0.0024762,0.0176896,-6.88e-05,0.0024757,0.0177566
0.0019069,0.0015504,0.0176897,0.0019068,0.0015499,0.0177567
0.0006661,0.0024242,0.0176897,0.000666,0.0024237,0.0177567
-0.0009855,0.0019122,0.0176892,-0.0009856,0.0019118,0.0177562
-0.0021252,-0.0005882,0.0176886,-0.0021253,-0.0005887,0.0177555
0.0024148,-0.0007381,0.0176894,0.0024147,-0.0007386,0.0177562
0.001585,-0.0020179,0.0176891,0.001585,-0.0020183,0.0177558
0.0021888,0.0007786,0.0176895,0.0021888,0.0007781,0.0177565
-0.0001726,-0.0022098,0.0176886,-0.0001727,-0.0022103,0.0177554
-0.0022292,-0.0009032,0.0176886,-0.0022293,-0.0009037,0.0177555
0.0004122,0.0022662,0.0176895,0.0004121,0.0022657,0.0177566
-0.0013713,-0.0017249,0.0176885,-0.0013714,-0.0017254,0.0177554
-0.0004435,-0.0021028,0.0176885,-0.0004436,-0.0021033,0.0177554
0.00172,-0.0018119,0.0176891,0.0017199,-0.0018124,0.0177559
0.0021708,0.0004956,0.0176894,0.0021707,0.0004951,0.0177564
-0.0015413,-0.00143,0.0176884,-0.0015414,-0.0014305,0.0177554
0.0021449,0.0010575,0.0176896,0.0021448,0.001057,0.0177566
-0.0016494,0.0018103,0.0176892,-0.0016495,0.0018098,0.0177561
-0.0012513,-0.0020499,0.0176886,-0.0012515,-0.0020504,0.0177553
-0.0021022,-0.0002683,0.0176885,-0.0021023,-0.0002688,0.0177556
0.0003273,-0.0024368,0.0176888,0.0003272,-0.0024372,0.0177555
-0.0020922,0.0007475,0.0176888,-0.0020923,0.000747,0.0177558
-0.0018753,0.0009945,0.0176888,-0.0018754,0.0009939,0.0177559
0.0021578,0.0002127,0.0176894,0.0021578,0.0002122,0.0177564
-0.0003497,0.0024022,0.0176895,-0.0003498,0.0024017,0.0177565
-0.0013054,0.0017963,0.0176891,-0.0013055,0.0017958,0.0177562
0.0016469,0.0020223,0.0176899,0.0016469,0.0020219,0.0177568
0.001423,-0.0018009,0.017689,0.001423,-0.0018014,0.0177558
0.0024148,-0.0004702,0.0176894,0.0024147,-0.0004707,0.0177563
0.0006831,0.0021472,0.0176895,0.0006831,0.0021468,0.0177566
0.0016169,0.0015504,0.0176895,0.0016169,0.0015499,0.0177566
0.0021659,-0.0009051,0.0176892,0.0021658,-0.0009055,0.0177561
0.0021438,-7.22e-05,0.0176893,0.0021438,-7.27e-05,0.0177563
0.0017558,0.0013154,0.0176895,0.0017558,0.001315,0.0177566
0.0005852,-0.0020528,0.0176887,0.0005851,-0.0020533,0.0177556
0.0018479,0.0010775,0.0176895,0.0018478,0.001077,0.0177565
0.0017599,-0.001327,0.017689,0.0017599,-0.0013275,0.0177559
-0.0016883,0.0012523,0.0176889,-0.0016884,0.0012519,0.0177559
0.0019108,0.0006206,0.0176893,0.0019107,0.0006201,0.0177564
0.001572,-0.0015549,0.017689,0.0015719,-0.0015554,0.0177558
0.0014379,0.0017863,0.0176896,0.0014379,0.0017858,0.0177566
-0.0020892,4.86e-05,0.0176886,-0.0020893,4.82e-05,0.0177556
0.0001112,0.0022512,0.0176895,0.0001111,0.0022507,0.0177565
-0.0017193,-0.0011531,0.0176885,-0.0017193,-0.0011535,0.0177554
0.0011381,-0.0018599,0.0176888,0.001138,-0.0018604,0.0177557
-0.0007205,-0.0019588,0.0176885,-0.0007206,-0.0019594,0.0177554
0.000931,0.0020503,0.0176895,0.000931,0.0020498,0.0177566
-0.0006986,0.0020112,0.0176892,-0.0006987,0.0020107,0.0177563
0.001395,0.0021073,0.0176898,0.0013949,0.0021068,0.0177567
0.0008582,-0.0019548,0.0176887,0.0008581,-0.0019553,0.0177556
0.0019519,-0.001103,0.0176892,0.0019518,-0.0011035,0.017756
-0.0020182,0.0004016,0.0176887,-0.0020183,0.0004011,0.0177557
0.0021548,-0.0006301,0.0176892,0.0021548,-0.0006306,0.0177562
0.0015119,0.0013204,0.0176894,0.0015119,0.0013199,0.0177564
0.0021478,-0.0003482,0.0176892,0.0021478,-0.0003486,0.0177563
0.0019468,0.0008656,0.0176894,0.0019468,0.0008651,0.0177565
0.0003242,-0.0021648,0.0176887,0.0003242,-0.0021653,0.0177555
-0.0012034,-0.001415,0.0176884,-0.0012034,-0.0014154,0.0177554
-0.0010215,0.0015993,0.0176889,-0.0010215,0.0015988,0.0177561
-0.0002106,-0.0018928,0.0176885,-0.0002107,-0.0018933,0.0177554
-0.0018352,-0.0004532,0.0176885,-0.0018353,-0.0004537,0.0177555
-0.0017573,0.0006775,0.0176886,-0.0017573,0.000677,0.0177558
-0.0018732,-0.0008221,0.0176884,-0.0018733,-0.0008226,0.0177554
0.0018959,0.0003466,0.0176892,0.0018958,0.0003462,0.0177563
6.53e-05,-0.0020108,0.0176886,6.53e-05,-0.0020113,0.0177555
-0.0010094,-0.0017548,0.0176884,-0.0010095,-0.0017554,0.0177554
-0.0015244,0.0015203,0.017689,-0.0015244,0.0015198,0.0177561
0.0018549,-0.0007901,0.017689,0.0018548,-0.0007906,0.0177561
0.0013329,0.0014774,0.0176893,0.0013329,0.0014769,0.0177565
-0.0015363,0.0009384,0.0176887,-0.0015364,0.0009379,0.0177558
0.0018869,6.48e-05,0.0176891,0.0018868,6.43e-05,0.0177562
0.0015669,0.0010844,0.0176893,0.0015668,0.001084,0.0177564
0.0006182,-0.0017548,0.0176886,0.0006181,-0.0017554,0.0177556
0.0003283,-0.0018518,0.0176885,0.0003282,-0.0018523,0.0177555
-0.0018232,-0.0001323,0.0176885,-0.0018233,-0.0001328,0.0177556
-0.0001547,0.0021822,0.0176894,-0.0001548,0.0021817,0.0177564
-0.0013883,-0.001133,0.0176884,-0.0013884,-0.0011335,0.0177554
0.0012191,-0.0015179,0.0176888,0.001219,-0.0015184,0.0177557
-0.0004765,-0.0018308,0.0176884,-0.0004766,-0.0018314,0.0177554
0.0007181,0.0018542,0.0176893,0.000718,0.0018538,0.0177564
0.0002612,0.0020502,0.0176893,0.0002611,0.0020498,0.0177564
-0.0007536,0.0017062,0.017689,-0.0007536,0.0017058,0.0177561
0.001658,-0.001047,0.017689,0.0016579,-0.0010475,0.0177559
0.001177,0.0019303,0.0176896,0.001177,0.0019298,0.0177566
-0.0004226,0.0021002,0.0176893,-0.0004227,0.0020998,0.0177563
0.0004821,0.0019582,0.0176893,0.0004821,0.0019578,0.0177564
0.001456,-0.0012819,0.0176888,0.0014559,-0.0012824,0.0177558
0.0019208,-0.0005071,0.0176891,0.0019208,-0.0005076,0.0177561
0.0009082,-0.0016458,0.0176887,0.0009081,-0.0016464,0.0177556
-0.0015663,-0.0009011,0.0176884,-0.0015663,-0.0009016,0.0177554
-0.0016363,0.0003716,0.0176885,-0.0016364,0.0003711,0.0177557
3.52e-05,0.0019712,0.0176892,3.52e-05,0.0019707,0.0177564
-0.0012584,0.0014813,0.0176889,-0.0012585,0.0014809,0.017756
0.0016298,0.0004896,0.0176891,0.0016298,0.0004891,0.0177562
0.000951,0.0017963,0.0176894,0.000951,0.0017958,0.0177565
-0.0010624,0.0012673,0.0176888,-0.0010625,0.0012669,0.017756
3.24e-05,-0.0016319,0.0176884,3.23e-05,-0.0016323,0.0177555
-0.0008694,-0.0013659,0.0176883,-0.0008695,-0.0013664,0.0177554
0.0002552,0.0017932,0.0176891,0.0002551,0.0017928,0.0177563
0.0005051,0.0016553,0.0176891,0.0005051,0.0016548,0.0177563
-0.0013724,0.0012173,0.0176888,-0.0013724,0.0012169,0.017756
-0.0006685,-0.0016269,0.0176884,-0.0006685,-0.0016274,0.0177553
-0.0018252,0.0001536,0.0176885,-0.0018253,0.0001531,0.0177556
0.0015059,-0.0007801,0.0176888,0.0015058,-0.0007806,0.0177559
0.0008021,0.0015333,0.0176891,0.000802,0.0015328,0.0177563
0.001132,0.0016353,0.0176893,0.0011319,0.0016349,0.0177565
0.0016509,0.0008045,0.0176892,0.0016508,0.0008041,0.0177563
-0.0013953,0.0006135,0.0176885,-0.0013954,0.000613,0.0177557
0.0006672,-0.0014789,0.0176885,0.0006671,-0.0014794,0.0177556
0.0016249,0.0002057,0.017689,0.0016248,0.0002052,0.0177561
0.001295,0.0011854,0.0176892,0.0012949,0.001185,0.0177563
0.0003793,-0.0015239,0.0176885,0.0003792,-0.0015244,0.0177555
0.0018368,-0.0002442,0.0176891,0.0018368,-0.0002447,0.0177561
-0.0015563,-0.0006082,0.0176883,-0.0015564,-0.0006087,0.0177554
-0.0015423,-0.0002823,0.0176884,-0.0015423,-0.0002827,0.0177555
-0.0010624,-0.0010691,0.0176883,-0.0010625,-0.0010695,0.0177554
-0.0003316,-0.0015889,0.0176884,-0.0003316,-0.0015894,0.0177554
-0.0004816,0.0018002,0.0176891,-0.0004817,0.0017998,0.0177562
0.001388,-0.00102,0.0176888,0.0013879,-0.0010205,0.0177558
0.0011581,-0.001163,0.0176887,0.001158,-0.0011635,0.0177557
-0.0007995,0.0013973,0.0176888,-0.0007996,0.0013968,0.017756
0.0009011,-0.0013179,0.0176886,0.000901,-0.0013184,0.0177557
-0.0002166,0.0018872,0.0176891,-0.0002167,0.0018868,0.0177563
-0.0013053,0.0002645,0.0176884,-0.0013054,0.0002641,0.0177556
0.0016349,-5.02e-05,0.017689,0.0016349,-5.07e-05,0.0177561
0.001328,0.0009015,0.0176891,0.0013279,0.000901,0.0177562
0.0016399,-0.0005201,0.0176889,0.0016398,-0.0005206,0.0177559
-0.0012793,-0.0008011,0.0176883,-0.0012794,-0.0008016,0.0177554
-0.0015553,4.77e-05,0.0176885,-0.0015553,4.72e-05,0.0177556
0.001053,0.0013394,0.0176892,0.001053,0.0013389,0.0177564
-0.0011384,0.0008995,0.0176886,-0.0011385,0.000899,0.0177558
2.3e-06,0.0016843,0.017689,2.2e-06,0.0016838,0.0177562
-0.0012463,-0.0004502,0.0176883,-0.0012464,-0.0004507,0.0177554
-0.0007254,-0.001029,0.0176882,-0.0007255,-0.0010296,0.0177554
0.0002422,0.0015003,0.0176889,0.0002422,0.0014998,0.0177562
0.0013529,0.0003146,0.0176889,0.0013529,0.0003141,0.0177561
0.0013589,0.0006166,0.0176889,0.0013589,0.0006161,0.0177561
0.0013,-0.0005301,0.0176887,0.0012999,-0.0005306,0.0177559
0.0014759,-0.0002702,0.0176889,0.0014759,-0.0002707,0.0177559
0.0005512,-0.001179,0.0176884,0.0005512,-0.0011795,0.0177556
0.001039,0.0010235,0.017689,0.001039,0.001023,0.0177562
-0.0009264,-0.0006711,0.0176883,-0.0009265,-0.0006717,0.0177554
0.0001683,-0.0012649,0.0176884,0.0001682,-0.0012654,0.0177555
0.0005032,0.0013354,0.017689,0.0005031,0.0013349,0.0177562
-0.0012583,-8.93e-05,0.0176883,-0.0012584,-8.98e-05,0.0177555
-0.0010364,0.0004996,0.0176884,-0.0010365,0.0004991,0.0177557
-0.0005275,-0.00132,0.0176883,-0.0005276,-0.0013205,0.0177554
0.001176,-0.00083,0.0176887,0.0011759,-0.0008305,0.0177558
-0.0008045,0.0010634,0.0176886,-0.0008046,0.0010629,0.0177559
0.0008781,-0.000975,0.0176885,0.000878,-0.0009755,0.0177557
-0.0005306,0.0015073,0.0176889,-0.0005307,0.0015068,0.0177561
-3.47e-05,0.0013843,0.0176888,-3.48e-05,0.0013838,0.0177561
0.0013589,1.87e-05,0.0176888,0.0013589,1.82e-05,0.017756
0.001062,0.0007226,0.0176889,0.0010619,0.0007221,0.0177561
0.001129,-0.0002292,0.0176887,0.001129,-0.0002297,0.0177559
0.0002833,-0.000942,0.0176884,0.0002832,-0.0009426,0.0177556
-0.0009755,0.0001276,0.0176883,-0.0009755,0.0001272,0.0177556
0.0006002,-0.0007971,0.0176885,0.0006001,-0.0007976,0.0177557
-0.0007465,0.0007205,0.0176885,-0.0007466,0.00072,0.0177558
-0.0002617,0.0015903,0.0176889,-0.0002617,0.0015898,0.0177561
-0.0001786,-0.001304,0.0176883,-0.0001787,-0.0013044,0.0177554
0.001113,0.0004506,0.0176888,0.0011129,0.0004501,0.017756
0.0010131,0.0001427,0.0176887,0.001013,0.0001422,0.017756
-0.0005776,0.0012354,0.0176887,-0.0005776,0.0012348,0.0177559
0.0007681,0.0011734,0.0176889,0.000768,0.0011729,0.0177562
-4.47e-05,-0.0009971,0.0176883,-4.47e-05,-0.0009976,0.0177555
0.0009141,-0.0005651,0.0176886,0.000914,-0.0005656,0.0177558
-0.0005615,-0.0007272,0.0176883,-0.0005616,-0.0007276,0.0177555
-0.0009504,-0.0002463,0.0176883,-0.0009505,-0.0002468,0.0177555
-0.0003816,-0.00102,0.0176883,-0.0003817,-0.0010205,0.0177554
-0.0006755,0.0003486,0.0176885,-0.0006756,0.0003481,0.0177557
0.0002093,0.0011854,0.0176888,0.0002091,0.0011849,0.017756
0.0007581,0.0008265,0.0176888,0.000758,0.000826,0.0177561
-0.0002326,-0.0007331,0.0176884,-0.0002327,-0.0007336,0.0177556
0.0003453,-0.0006531,0.0176885,0.0003452,-0.0006536,0.0177557
0.0007691,-0.0001643,0.0176886,0.0007691,-0.0001647,0.0177558
-0.0003806,-0.0004902,0.0176884,-0.0003806,-0.0004907,0.0177556
-0.0004436,0.0009564,0.0176886,-0.0004437,0.000956,0.0177559
-0.0006486,-0.0003842,0.0176883,-0.0006486,-0.0003847,0.0177556
-0.0006435,-1.93e-05,0.0176884,-0.0006436,-1.98e-05,0.0177557
-0.0003886,0.0005766,0.0176885,-0.0003887,0.0005761,0.0177559
0.0005512,-0.0004392,0.0176885,0.0005512,-0.0004397,0.0177558
-0.0003146,0.0012884,0.0176887,-0.0003147,0.0012879,0.017756
0.0004702,0.0009874,0.0176888,0.0004701,0.000987,0.0177561
0.0008121,0.0004816,0.0176888,0.000812,0.0004811,0.017756
6.93e-05,-0.0006931,0.0176883,6.93e-05,-0.0006937,0.0177556
0.0004272,0.0005786,0.0176887,0.0004271,0.0005781,0.017756
0.0006002,0.0001906,0.0176887,0.0006001,0.0001902,0.0177559
-0.0001577,0.0007915,0.0176886,-0.0001577,0.000791,0.0177559
0.0001513,0.0008495,0.0176887,0.0001512,0.000849,0.017756
-9.57e-05,0.0010774,0.0176887,-9.58e-05,0.0010769,0.017756
-0.0003387,-0.0001903,0.0176886,-0.0003387,-0.0001907,0.0177558
-0.0001027,-0.0004302,0.0176885,-0.0001027,-0.0004307,0.0177558
-0.0002627,0.0001927,0.0176886,-0.0002627,0.0001922,0.0177559
0.0002103,-0.0003952,0.0176885,0.0002102,-0.0003957,0.0177558
-1.7e-06,0.0005186,0.0176887,-1.8e-06,0.0005181,0.0177559
0.0003933,-0.0001123,0.0176886,0.0003932,-0.0001128,0.0177559
1.53e-05,-0.0001103,0.0176886,1.53e-05,-0.0001108,0.017756
0.0001983,0.0002127,0.0176887,0.0001982,0.0002122,0.017756
-0.0009187,-0.0042514,0.0006367,-0.0009173,-0.0042454,0.0006451
0.0015709,-0.0042306,0.0005586,0.0015688,-0.0042245,0.0005663
0.0010195,-0.0036558,0.0012455,0.0010186,-0.0036518,0.0012576
-0.0014214,-0.0017292,0.0004221,-0.001419,-0.0017261,0.0004354
-0.0039049,-0.0015003,0.000628,-0.0038995,-0.001498,0.0006371
-0.0020424,-0.0049341,0.0003193,-0.0020394,-0.0049269,0.0003232
-0.0020075,-0.0047409,0.0005928,-0.0020049,-0.0047347,0.000598
-0.0010758,-0.0033783,0.001122,-0.0010745,-0.0033743,0.0011344
0.0041779,-0.0014023,0.0006439,0.0041723,-0.0014002,0.0006522
0.0016677,-0.0012155,0.0004706,0.001665,-0.0012133,0.0004843
0.0025309,-0.0047707,0.0004116,0.0025276,-0.0047641,0.0004156
0.0020852,-0.0048052,0.0005608,0.0020826,-0.0047989,0.0005658
-0.0004067,-0.0048686,0.0002996,-0.0004059,-0.0048611,0.0003052
0.0006779,-0.0039439,0.0002066,0.0006769,-0.003937,0.0002151
0.0008204,-0.005058,0.0002892,0.0008194,-0.0050503,0.0002939
0.0008409,-0.0048015,0.0005541,0.0008399,-0.0047949,0.0005605
-0.0007733,-0.0039959,0.0002097,-0.0007719,-0.0039889,0.0002181
-0.0006211,-0.0048412,0.0005742,-0.0006201,-0.0048345,0.0005805
-0.0001179,-0.0061726,0.0001404,-0.0001176,-0.0061638,0.0001414
-0.0004433,-0.0061436,0.0003041,-0.0004426,-0.0061354,0.0003051
0.0015394,-0.0011875,0.0009153,0.0015373,-0.0011856,0.0009304
0.0015477,0.0006648,0.0008462,0.0015456,0.0006641,0.0008614
0.0013428,-0.003393,0.001781,0.0013418,-0.0033901,0.001795
0.0006256,-0.0061708,0.0001739,0.0006249,-0.0061621,0.000175
0.0006451,-0.0057402,0.0001318,0.0006443,-0.0057317,0.0001338
0.0002516,-0.0061805,0.000357,0.0002515,-0.0061723,0.0003579
0.0026319,-0.003554,0.0003127,0.0026278,-0.0035482,0.00032
0.001301,-0.0058759,0.000141,0.0012994,-0.0058674,0.0001427
0.00363,-0.003659,0.0003156,0.0036248,-0.0036534,0.0003201
0.0035494,-0.0012576,0.0011957,0.0035457,-0.001256,0.0012077
0.0025701,-0.0056486,0.0001834,0.0025666,-0.0056406,0.0001846
0.0026855,-0.0051659,0.0001704,0.0026816,-0.0051583,0.0001725
0.0020889,-0.0024455,0.0001827,0.0020852,-0.0024409,0.0001933
0.0022084,-0.0023773,0.000381,0.0022049,-0.0023732,0.0003922
0.0036891,0.000967,0.0006629,0.003684,0.0009659,0.0006733
0.0013349,0.0014444,0.0004292,0.0013327,0.0014423,0.000443
0.0019947,-0.0033099,0.0004579,0.0019918,-0.0033046,0.0004675
0.0017209,-0.0045602,0.0009868,0.0017191,-0.0045551,0.0009943
0.0019296,-0.0056549,0.0001284,0.0019269,-0.0056467,0.0001304
0.0033583,-0.0051539,0.0001541,0.0033537,-0.0051465,0.0001552
0.0031429,-0.0052638,0.0003393,0.0031389,-0.0052568,0.0003405
0.0036959,-0.0023057,0.0002603,0.00369,-0.0023017,0.0002678
0.0033626,-0.0034875,0.0005717,0.0033581,-0.0034826,0.0005781
0.0048638,-0.0022423,0.000304,0.0048569,-0.0022389,0.0003078
0.0048373,-0.0007397,0.0002676,0.00483,-0.0007383,0.0002732
0.0048307,-0.0021328,0.0006638,0.0048249,-0.00213,0.0006687
0.0060039,0.0002614,0.000431,0.0059964,0.0002613,0.0004326
0.0056806,0.000431,0.0007888,0.0056746,0.0004307,0.0007921
0.0035396,0.0013116,0.0012174,0.003536,0.0013105,0.0012295
0.0032061,-0.000943,0.001852,0.0032037,-0.0009421,0.0018671
0.0051312,-0.003349,0.0001477,0.0051241,-0.0033441,0.000149
0.0050715,-0.0024966,9.97e-05,0.005064,-0.0024927,0.0001022
0.0038543,-0.0012177,0.0002108,0.0038479,-0.0012154,0.0002194
0.0035671,-0.0022735,0.0004754,0.0035619,-0.0022699,0.0004839
0.0050014,0.0002457,0.0003062,0.0049941,0.0002455,0.0003115
0.0049501,-0.0008243,0.0005728,0.0049437,-0.000823,0.0005786
0.0044234,-0.0021936,0.0008638,0.0044184,-0.0021909,0.0008706
0.0055375,-0.0025312,0.0001532,0.0055298,-0.0025274,0.0001547
0.0058496,-0.0017073,0.0001505,0.0058415,-0.0017047,0.000152
0.0059337,-0.0010268,0.0001527,0.0059255,-0.0010252,0.0001543
0.0061848,-0.0004282,0.0001472,0.0061762,-0.0004275,0.0001482
0.0040522,0.0001209,0.0002788,0.0040456,0.0001209,0.0002875
0.0050135,0.0019737,0.0003613,0.0050066,0.0019712,0.0003653
0.0047143,0.0002082,0.0005509,0.004708,0.0002082,0.0005579
0.0053256,0.0002742,0.0009983,0.0053205,0.0002741,0.0010038
0.0058432,-0.0003963,0.0001335,0.0058349,-0.0003956,0.0001355
0.0061045,0.000219,0.0002341,0.0060963,0.0002189,0.0002353
0.006115,-0.0007346,0.0003286,0.0061071,-0.0007335,0.0003297
0.0060756,0.0009843,0.0001946,0.0060673,0.0009832,0.0001956
0.0037772,0.0019467,0.0002569,0.0037712,0.0019437,0.0002649
0.0048058,0.003178,0.0003959,0.0047995,0.003174,0.0003987
0.0046513,0.0031363,0.0007846,0.0046463,0.0031332,0.0007885
0.001649,0.0035697,0.0006127,0.0016467,0.0035649,0.0006226
0.004786,0.0018498,0.0006325,0.00478,0.0018478,0.0006382
0.0036338,0.0034346,0.0003146,0.0036285,0.0034297,0.0003199
0.0055822,0.0022471,0.000121,0.0055742,0.0022442,0.0001226
0.0034841,0.0046246,0.0003949,0.0034796,0.0046188,0.0003974
0.0053169,0.0028216,0.0001268,0.0053094,0.0028179,0.0001284
0.0052976,0.0030278,0.0003545,0.0052908,0.0030241,0.000356
0.0021583,0.0037664,0.0003172,0.002155,0.0037607,0.0003251
0.0021365,0.003099,0.0004299,0.0021332,0.0030944,0.0004399
-0.0010088,0.0038624,0.0005576,-0.0010072,0.0038571,0.0005671
0.0011883,0.0033181,0.001122,0.0011871,0.0033145,0.0011346
-0.0011197,0.0011591,0.0004598,-0.0011178,0.0011574,0.0004741
0.003471,0.0031315,0.0005437,0.0034663,0.0031274,0.0005509
0.0043962,0.002861,0.001001,0.0043919,0.0028583,0.001007
0.0041496,0.002769,0.0013024,0.0041461,0.0027669,0.0013103
0.0031846,0.0011136,0.0018788,0.0031823,0.001113,0.001894
0.0023313,0.0023894,0.0002598,0.0023274,0.0023856,0.0002706
0.0036492,0.0019621,0.0004885,0.0036439,0.0019594,0.0004975
0.0044987,0.0017031,0.0009401,0.0044938,0.0017015,0.0009478
0.0022441,0.0047768,0.0004383,0.0022411,0.0047706,0.0004428
0.0034313,0.0042074,0.0006476,0.0034272,0.0042025,0.000652
0.0009395,0.0056922,0.000442,0.0009384,0.0056851,0.0004445
0.0009754,0.0047709,0.0003292,0.000974,0.004764,0.0003351
0.0019733,0.004561,0.0005811,0.0019707,0.0045552,0.0005873
0.0031985,0.0041065,0.0009014,0.0031951,0.0041024,0.0009073
0.003162,0.0053235,0.0002485,0.0031577,0.0053166,0.0002496
0.0037766,0.0047451,0.0001383,0.0037714,0.0047386,0.0001398
-0.0002638,0.0057256,0.0004468,-0.0002634,0.0057184,0.0004495
-0.0006157,0.0054551,0.0007554,-0.0006149,0.0054492,0.0007596
-0.0008855,0.0034187,0.0011691,-0.0008845,0.0034152,0.0011817
0.000595,0.0053714,0.0006381,0.0005943,0.0053651,0.0006425
0.0012717,0.00296,0.001806,0.0012707,0.0029579,0.0018213
0.0018013,0.0059246,0.0001975,0.0017989,0.0059167,0.0001987
0.0025912,0.00535,0.0001506,0.0025876,0.0053426,0.0001524
-0.0005929,0.0046854,0.0003096,-0.0005919,0.0046785,0.0003159
0.0005698,0.0031476,0.0002759,0.0005689,0.0031424,0.000287
0.0008426,0.0044025,0.0005366,0.0008415,0.0043965,0.0005445
0.0005311,0.0050375,0.0010192,0.0005306,0.0050325,0.0010259
0.0009992,0.0060808,0.0001871,0.0009979,0.0060727,0.0001882
-0.0018261,0.0047646,0.000343,-0.0018234,0.0047579,0.0003479
-0.0006157,0.0034677,0.0002453,-0.0006146,0.0034619,0.0002555
-0.0004835,0.0044673,0.0005828,-0.0004828,0.0044614,0.0005907
-0.0006411,0.0051475,0.0009962,-0.0006404,0.0051425,0.0010023
-0.0002312,0.0060162,0.0001416,-0.0002308,0.006008,0.0001431
0.0003208,0.0061793,0.000193,0.0003205,0.0061711,0.000194
-0.0034768,0.004607,0.0003914,-0.0034721,0.0046011,0.000394
-0.0032459,0.0044576,0.0007221,-0.0032421,0.0044526,0.0007264
-0.0040339,0.0011387,0.0005999,-0.0040281,0.0011373,0.000609
-0.0021571,0.0034422,0.0002563,-0.0021535,0.0034367,0.000265
-0.0019133,0.0045863,0.0005711,-0.0019107,0.0045805,0.0005771
-0.0008925,0.0059716,0.0001414,-0.0008912,0.0059634,0.0001428
-0.0014831,0.0059561,0.0001613,-0.001481,0.005948,0.0001624
-0.0031048,0.0036879,0.00037,-0.0031002,0.0036826,0.0003762
-0.0022392,0.0055441,0.000136,-0.002236,0.0055364,0.0001376
-0.0045305,0.0029764,0.0002923,-0.0045239,0.0029724,0.0002961
-0.0030436,0.0053734,0.0001729,-0.0030393,0.0053661,0.0001741
-0.0033024,0.0010675,0.0010723,-0.0032985,0.0010665,0.0010848
-0.0049024,0.001579,0.0003736,-0.0048953,0.001577,0.0003784
-0.0042906,0.0028671,0.0005889,-0.0042849,0.0028636,0.0005942
-0.0035735,0.0018329,0.0002134,-0.0035673,0.00183,0.0002219
-0.0033296,0.0032183,0.0005603,-0.0033249,0.0032141,0.0005677
-0.0050175,6.74e-05,0.0003373,-0.0050101,6.76e-05,0.0003425
-0.0044713,0.0018736,0.000598,-0.0044653,0.0018713,0.0006046
-0.0039297,0.0032049,0.0010676,-0.0039257,0.0032019,0.0010745
-0.0057934,0.0002762,0.0004147,-0.0057858,0.0002761,0.000417
-0.0054249,0.0029769,0.0001831,-0.0054173,0.002973,0.0001843
-0.0060051,-0.0005532,0.0003759,-0.0059973,-0.0005522,0.0003774
-0.0055197,-0.0009679,0.000708,-0.0055133,-0.0009666,0.0007117
-0.0034659,-0.0013303,0.0011229,-0.003462,-0.0013286,0.0011348
-0.0054825,0.0001931,0.0007083,-0.005476,0.0001931,0.0007124
-0.0009749,0.0009719,0.000877,-0.0009734,0.0009707,0.0008927
-0.0028662,0.0011621,0.0018392,-0.0028638,0.0011613,0.0018548
-0.0055022,0.0020651,0.000129,-0.0054941,0.0020625,0.0001312
-0.00598,0.0015998,0.0001601,-0.0059716,0.0015979,0.0001612
-0.0036839,0.0002784,0.0001964,-0.0036774,0.0002781,0.0002062
-0.0047597,-0.0011134,0.0002809,-0.0047524,-0.0011114,0.0002865
-0.0046935,0.0001017,0.0005885,-0.0046871,0.0001018,0.0005957
-0.0052564,0.0002417,0.0010749,-0.0052513,0.0002417,0.0010808
-0.0061231,0.0007461,0.0001788,-0.0061146,0.0007455,0.0001798
-0.0034624,-0.0009237,0.0002428,-0.0034565,-0.0009219,0.0002528
-0.0047515,-0.0023646,0.0002988,-0.0047446,-0.0023609,0.0003028
-0.0045807,-0.0008541,0.0005194,-0.0045743,-0.0008526,0.0005265
-0.006141,3.32e-05,0.0001421,-0.0061324,3.34e-05,0.000143
-0.0053045,-0.0007129,0.0010962,-0.0052996,-0.000712,0.0011017
-0.0049158,-0.0006898,0.0013899,-0.0049117,-0.000689,0.001398
-0.0012327,-0.0010549,0.0009687,-0.001231,-0.0010532,0.0009844
-0.0028735,-0.0010836,0.001742,-0.002871,-0.0010825,0.0017573
-0.0026281,-0.001115,0.0025578,-0.0026265,-0.0011142,0.0025761
-0.0060678,-0.0004838,0.0001589,-0.0060592,-0.0004829,0.0001602
-0.0060741,-0.0011582,0.000141,-0.0060655,-0.0011563,0.0001421
-0.003448,-0.0020981,0.0002551,-0.0034422,-0.0020944,0.0002636
-0.0046218,-0.003521,0.000337,-0.0046156,-0.0035161,0.0003393
-0.0046627,-0.0021752,0.0006331,-0.0046568,-0.0021723,0.0006385
-0.0055217,-0.0017838,0.0001284,-0.0055136,-0.0017809,0.0001304
-0.0032146,-0.0038428,0.0002611,-0.0032096,-0.0038368,0.0002662
-0.0043845,-0.0034957,0.0006883,-0.0043794,-0.0034914,0.0006919
-0.0018987,-0.0039813,0.0001956,-0.0018955,-0.0039745,0.0002027
-0.0032777,-0.0037493,0.0005537,-0.0032732,-0.0037442,0.0005595
-0.0039831,-0.0034213,0.0009365,-0.0039788,-0.0034175,0.0009421
-0.0049886,-0.0037434,0.000198,-0.0049817,-0.0037381,0.0001988
-0.0040661,-0.0045636,0.0001696,-0.0040605,-0.004557,0.0001707
-0.0022172,-0.0056822,0.0001323,-0.002214,-0.005674,0.0001336
-0.0006365,0.0020359,0.0161335,-0.0006364,0.002035,0.0161998
0.0007346,0.0023061,0.015956,0.0007343,0.002305,0.0160221
0.0003832,0.0030893,0.0174611,0.0003832,0.0030888,0.0175278
0.0004162,0.0023274,0.0174076,0.0004161,0.0023268,0.0174746
0.0006943,0.0005068,0.0163696,0.000694,0.0005062,0.0164363
0.0008094,-0.0006389,0.0162275,0.0008091,-0.0006391,0.016294
0.0006988,0.0020415,0.0148655,0.0006984,0.0020403,0.0149301
-0.0004367,0.0032395,0.0172171,-0.0004367,0.0032388,0.0172837
0.0004294,0.0032019,0.0165134,0.0004293,0.0032009,0.0165797
-0.0004556,0.0022564,0.0173994,-0.0004557,0.0022558,0.0174664
-0.0002476,0.0023428,0.0165126,-0.0002476,0.0023419,0.0165792
-0.0005943,0.0006498,0.0161864,-0.0005942,0.0006492,0.016253
-0.0005594,0.0019995,0.0148712,-0.0005592,0.0019983,0.0149358
-0.0005344,0.0022046,0.0134429,-0.0005342,0.0022034,0.0135044
-0.0002796,0.0032039,0.0165723,-0.0002796,0.0032028,0.0166386
-0.0012485,0.0023464,0.0172615,-0.0012485,0.0023459,0.0173283
0.0002752,0.0034574,0.0173654,0.0002752,0.0034568,0.0174319
0.002022,0.0022765,0.0174532,0.0020219,0.0022759,0.0175199
0.0023745,0.000827,0.01623,0.0023738,0.0008264,0.0162962
0.0011202,0.0023615,0.0172698,0.00112,0.0023609,0.0173367
0.0004212,0.0016754,0.0173861,0.0004212,0.0016749,0.0174533
0.0002973,0.0008176,0.0174006,0.0002972,0.0008171,0.0174679
0.0010301,0.0004614,0.0145851,0.0010296,0.0004609,0.0146493
0.0005724,0.0023658,0.0165678,0.0005722,0.0023649,0.0166344
0.0005556,0.0030432,0.0159147,0.0005553,0.0030419,0.0159804
-0.0001757,0.0014465,0.0174498,-0.0001757,0.0014459,0.017517
-0.0002905,0.0033354,0.0157339,-0.0002904,0.0033338,0.0157993
-0.0001477,0.0033994,0.0173813,-0.0001477,0.0033988,0.0174478
-0.0017925,0.0025749,0.0165709,-0.0017923,0.0025739,0.0166372
-0.0019894,0.0006489,0.016153,-0.0019889,0.0006484,0.0162192
-0.0009286,0.0026968,0.0166649,-0.0009285,0.0026959,0.0167313
-0.0003515,0.0016828,0.016482,-0.0003515,0.001682,0.0165488
-0.0002745,0.0009986,0.0166085,-0.0002745,0.000998,0.0166755
-0.0006383,-0.0009089,0.0161873,-0.0006382,-0.0009091,0.0162537
-0.0005894,0.0003944,0.0145251,-0.0005893,0.000394,0.0145894
-0.0002845,0.0025031,0.015911,-0.0002845,0.0025019,0.015977
-0.0002724,0.0026555,0.0151217,-0.0002723,0.002654,0.0151866
0.0006543,0.0018705,0.0134017,0.000654,0.0018695,0.0134632
-0.0001714,0.0032178,0.0149585,-0.0001713,0.003216,0.0150229
0.0010672,0.0033896,0.0171956,0.0010671,0.0033889,0.017262
0.0009891,0.0014765,0.0173711,0.000989,0.001476,0.0174383
0.0010844,0.0025469,0.0164552,0.0010841,0.0025459,0.0165216
0.0006172,0.0033415,0.0173534,0.0006171,0.0033408,0.0174199
0.0018451,0.0017505,0.0174078,0.0018449,0.00175,0.0174747
0.0017751,0.0008987,0.0171853,0.0017749,0.0008982,0.0172523
0.0022375,-0.000415,0.0162745,0.0022369,-0.0004153,0.0163408
0.0023752,0.0007704,0.0148379,0.002374,0.0007697,0.0149022
0.0020364,0.002332,0.0165005,0.0020359,0.002331,0.0165667
0.0012194,0.0016068,0.0165844,0.0012191,0.0016061,0.0166512
0.0014247,0.0025582,0.0157897,0.0014241,0.002557,0.0158553
0.0014372,0.0029095,0.0173604,0.001437,0.0029089,0.017427
0.0013601,0.0024434,0.017417,0.00136,0.0024429,0.0174838
0.002688,0.0017086,0.0174083,0.0026878,0.0017081,0.0174749
0.0020434,0.00165,0.0163751,0.0020429,0.0016492,0.0164414
0.0019887,0.0023683,0.0157129,0.001988,0.0023671,0.0157784
0.002023,0.0024227,0.0149966,0.0020221,0.0024212,0.015061
0.0010681,0.0010736,0.017413,0.001068,0.001073,0.0174801
0.0018091,0.0030035,0.0173896,0.001809,0.0030029,0.017456
0.002452,0.0011066,0.0173729,0.0024518,0.0011062,0.0174397
0.0025224,0.0016749,0.0166244,0.0025219,0.0016742,0.0166907
0.0021511,0.0026675,0.0173765,0.0021509,0.002667,0.017443
0.00263,0.0002068,0.0173077,0.0026298,0.0002063,0.0173745
0.0025334,0.0009789,0.0165321,0.0025328,0.0009783,0.0165984
0.0027798,0.0017122,0.0158329,0.0027788,0.0017113,0.0158985
0.0033251,0.0002098,0.0172442,0.0033248,0.0002093,0.0173106
0.002504,0.0023356,0.0174045,0.0025039,0.002335,0.017471
0.002806,0.0020656,0.0173706,0.0028058,0.0020651,0.017437
0.0023423,-0.0008089,0.0146338,0.0023412,-0.0008088,0.0146977
0.0034115,0.000153,0.0165465,0.0034108,0.0001525,0.0166125
0.0020354,0.0007961,0.0131463,0.0020345,0.0007955,0.013207
0.002017,9.18e-05,0.0174392,0.0020168,9.13e-05,0.0175062
0.0019303,0.0006899,0.0167044,0.0019299,0.0006893,0.0167711
0.0025571,-0.0005131,0.0171706,0.0025568,-0.0005135,0.0172373
0.0027854,0.000212,0.01654,0.0027848,0.0002115,0.0166063
0.0025918,0.0010282,0.0157295,0.0025908,0.0010274,0.0157951
0.0019406,0.0016471,0.0158793,0.00194,0.0016462,0.0159452
0.0027651,0.0017145,0.0152614,0.0027639,0.0017134,0.0153262
0.0032819,0.0003091,0.0157329,0.0032807,0.0003087,0.0157982
0.003203,0.0013457,0.0174075,0.0032028,0.0013451,0.0174739
0.0018181,-0.0005171,0.017176,0.0018179,-0.0005175,0.0172429
0.0026051,-0.001198,0.0172046,0.0026049,-0.0011984,0.0172712
0.0024984,-0.00046,0.0165227,0.0024978,-0.0004604,0.016589
0.0009211,-0.00095,0.0144872,0.0009207,-0.0009499,0.0145512
0.0023493,-0.0004907,0.0133862,0.0023481,-0.0004908,0.0134474
0.003504,0.0004858,0.0173814,0.0035038,0.0004853,0.0174477
0.003239,0.0008397,0.0174163,0.0032388,0.0008392,0.0174828
0.0019813,0.0003249,0.0166503,0.0019809,0.0003244,0.016717
0.0026337,0.0003031,0.0158532,0.0026328,0.0003026,0.015919
0.0034194,0.0001933,0.0150226,0.0034178,0.0001929,0.0150869
0.003501,6.08e-05,0.0174203,0.0035008,6.03e-05,0.0174866
0.003105,0.0001058,0.0173931,0.0031048,0.0001053,0.0174596
0.002816,2.8e-06,0.0173988,0.0028158,2.3e-06,0.0174655
0.0010911,0.0003157,0.0173547,0.001091,0.0003152,0.0174219
0.0011052,-0.0005151,0.0172635,0.001105,-0.0005155,0.0173307
0.0010443,-0.00052,0.0167355,0.001044,-0.0005204,0.0168024
0.0008486,-0.002247,0.0161851,0.0008483,-0.0022468,0.0162512
0.0019222,-0.001174,0.0172311,0.001922,-0.0011744,0.017298
0.0019014,-0.000505,0.0165381,0.0019009,-0.0005053,0.0166048
0.0025665,-0.001208,0.0164518,0.0025659,-0.0012082,0.0165179
0.0024396,-0.000392,0.0160039,0.0024388,-0.0003922,0.0160698
0.003462,-0.0003461,0.0173582,0.0034618,-0.0003466,0.0174245
0.0034801,-7.71e-05,0.0171323,0.0034798,-7.76e-05,0.0171986
0.003127,-0.0002271,0.017373,0.0031268,-0.0002276,0.0174395
0.0035783,-0.0003901,0.0170363,0.0035778,-0.0003905,0.0171025
0.0011552,-0.001042,0.0172566,0.001155,-0.0010424,0.0173237
0.0021113,-0.002222,0.0171475,0.002111,-0.0022222,0.0172138
0.0021004,-0.001367,0.0166854,0.0021,-0.0013672,0.0167518
0.0027108,-0.001002,0.0158252,0.0027098,-0.001002,0.0158907
0.0032861,-0.0010731,0.0173281,0.0032858,-0.0010735,0.0173943
0.0011313,-0.0018279,0.0173018,0.0011311,-0.0018283,0.0173687
0.0011974,-0.001826,0.0166649,0.0011971,-0.0018261,0.0167315
-0.0004654,-0.002123,0.0161628,-0.0004653,-0.0021228,0.0162289
0.0009831,-0.0023723,0.0145165,0.0009826,-0.0023715,0.01458
0.0019205,-0.001961,0.0165774,0.00192,-0.001961,0.0166437
0.0028881,-0.001791,0.0173858,0.0028879,-0.0017914,0.0174521
0.0010483,-0.0025008,0.017431,0.0010482,-0.0025013,0.0174976
0.0013385,-0.002662,0.0165573,0.0013382,-0.0026619,0.0166235
0.0004914,-0.0026459,0.0173859,0.0004913,-0.0026462,0.0174525
-0.0005583,-0.0021522,0.0147947,-0.0005581,-0.0021515,0.0148589
0.0006994,-0.0025469,0.0133341,0.000699,-0.0025459,0.0133948
0.0003925,-0.002856,0.0166931,0.0003924,-0.002856,0.0167593
0.0011077,-0.0027111,0.0159176,0.0011073,-0.0027106,0.0159831
0.0019267,-0.001846,0.0157928,0.0019261,-0.0018458,0.0158583
-0.0002076,-0.0025929,0.0174887,-0.0002076,-0.0025933,0.0175554
0.0002773,-0.0020329,0.0173996,0.0002773,-0.0020332,0.0174664
0.0013663,-0.0028709,0.0174323,0.0013661,-0.0028713,0.0174986
0.0014093,-0.0032579,0.0173654,0.0014092,-0.0032582,0.0174315
0.0010793,-0.0032059,0.0173123,0.0010792,-0.0032062,0.0173785
-0.0010515,-0.00243,0.0171187,-0.0010514,-0.0024302,0.0171852
-0.0002246,-0.0018829,0.0173745,-0.0002246,-0.0018833,0.0174414
-0.0001924,-0.002643,0.0165099,-0.0001925,-0.0026429,0.0165761
0.0005832,-0.001339,0.0174264,0.0005831,-0.0013394,0.0174935
0.0004915,-0.0018029,0.0165056,0.0004913,-0.001803,0.0165722
0.0004197,-0.0028111,0.0158764,0.0004195,-0.0028106,0.015942
-0.0001415,-0.0034459,0.0173201,-0.0001416,-0.0034462,0.0173862
-0.0017544,-0.0026261,0.01667,-0.0017542,-0.0026261,0.016736
-0.0021024,-0.0008411,0.0162278,-0.0021019,-0.0008413,0.016294
-0.0008994,-0.0019849,0.0173375,-0.0008995,-0.0019853,0.0174043
-0.0008914,-0.0027141,0.0166039,-0.0008914,-0.002714,0.0166701
-0.0003465,-0.001041,0.0171692,-0.0003465,-0.0010414,0.0172363
-0.0004084,-0.0012239,0.0165543,-0.0004084,-0.0012241,0.016621
-0.0006023,-0.000809,0.0147563,-0.0006022,-0.0008089,0.0148209
-0.0002065,-0.001896,0.0166275,-0.0002065,-0.001896,0.0166941
-0.0003183,-0.0027021,0.0157543,-0.0003183,-0.0027016,0.0158198
-0.0002113,-0.0025272,0.0151977,-0.0002113,-0.0025265,0.0152624
-0.0004512,-0.0021548,0.0133043,-0.0004511,-0.0021541,0.0133652
0.0004034,-0.0035139,0.0173642,0.0004033,-0.0035142,0.0174303
0.0002364,-0.0032589,0.0174361,0.0002363,-0.0032592,0.0175024
0.0004895,-0.003479,0.0169683,0.0004894,-0.0034791,0.0170343
-0.0017474,-0.001961,0.0172876,-0.0017473,-0.0019613,0.0173543
-0.0008654,-0.001111,0.0173902,-0.0008655,-0.0011114,0.0174573
-0.0012124,-0.00213,0.0165257,-0.0012123,-0.00213,0.016592
-0.0008844,-0.0025631,0.0159871,-0.0008842,-0.0025627,0.0160528
-0.0023603,-0.0021131,0.0173798,-0.0023603,-0.0021134,0.0174462
-0.0019133,-0.0009871,0.0172875,-0.0019133,-0.0009875,0.0173544
-0.0019224,-0.0013351,0.0166946,-0.0019221,-0.0013353,0.0167612
-0.0020256,-0.000934,0.0148316,-0.0020247,-0.0009339,0.0148959
-0.0017464,-0.0019321,0.0164298,-0.0017461,-0.0019321,0.016496
-0.0017765,-0.0027202,0.0157375,-0.001776,-0.0027197,0.0158026
-0.0017285,-0.0025563,0.015115,-0.0017279,-0.0025555,0.0151793
-0.0012844,-0.003214,0.017351,-0.0012844,-0.0032143,0.0174171
-0.0023543,-0.0010002,0.0174247,-0.0023542,-0.0010006,0.0174914
-0.0025955,-0.0019942,0.0163141,-0.0025949,-0.0019941,0.0163799
-0.0016314,-0.002914,0.0173709,-0.0016314,-0.0029143,0.0174371
-0.0026423,-0.0006302,0.0173738,-0.0026422,-0.0006306,0.0174404
-0.0024804,-0.0011831,0.0166349,-0.0024801,-0.0011834,0.0167012
-0.0024755,-0.0019042,0.0158993,-0.0024748,-0.001904,0.0159648
-0.0023234,-0.0025451,0.0173569,-0.0023233,-0.0025454,0.0174231
-0.0019635,-0.0021211,0.0158592,-0.0019629,-0.0021209,0.0159247
-0.0032343,-0.0004153,0.0172141,-0.0032342,-0.0004157,0.0172804
-0.0027863,-0.0021611,0.0173109,-0.0027862,-0.0021615,0.0173771
-0.0031963,0.0002857,0.0172482,-0.0031962,0.0002852,0.0173146
-0.0032775,0.0001648,0.0164634,-0.0032769,0.0001644,0.0165294
-0.0019476,0.0007173,0.0147908,-0.0019468,0.0007167,0.0148552
-0.0032135,-0.0003902,0.0164893,-0.0032129,-0.0003905,0.0165552
-0.0021082,-0.0008751,0.0133204,-0.0021074,-0.000875,0.0133814
-0.0025474,-0.0005331,0.0165799,-0.002547,-0.0005335,0.0166463
-0.0025765,-0.0011841,0.0157374,-0.0025758,-0.0011841,0.0158028
-0.0026147,-0.0019633,0.0149763,-0.0026136,-0.0019627,0.0150403
-0.0027493,-0.0018451,0.0174119,-0.0027493,-0.0018455,0.0174782
-0.0028393,-0.0014932,0.0173329,-0.0028392,-0.0014935,0.0173993
-0.0016383,-0.0004651,0.0172283,-0.0016383,-0.0004656,0.0172953
-0.0024133,0.0001787,0.0173158,-0.0024132,0.0001782,0.0173826
-0.0032177,-0.0004631,0.0158346,-0.0032167,-0.0004633,0.0159
-0.0018163,0.0003536,0.0173786,-0.0018163,0.0003531,0.0174456
-0.0024774,0.0009686,0.0172821,-0.0024773,0.0009681,0.0173488
-0.0024014,0.0003058,0.0166489,-0.002401,0.0003053,0.0167155
-0.0032647,0.000268,0.0158687,-0.0032637,0.0002675,0.0159342
-0.0032478,0.0004142,0.0151654,-0.0032465,0.0004136,0.0152299
-0.0019622,0.0006559,0.0132664,-0.0019615,0.0006553,0.0133274
-0.0034353,-0.0006942,0.0173951,-0.0034352,-0.0006947,0.0174614
-0.0017753,-0.0004751,0.0164615,-0.001775,-0.0004754,0.0165281
-0.0024405,-0.0004941,0.0158572,-0.0024397,-0.0004943,0.0159229
-0.0033999,-0.000584,0.0150994,-0.0033985,-0.0005841,0.0151637
-0.0035063,-0.0002753,0.0173522,-0.0035062,-0.0002757,0.0174184
-0.0034163,5.67e-05,0.0173622,-0.0034162,5.62e-05,0.0174285
-0.0018424,0.0004708,0.0167537,-0.0018421,0.0004703,0.0168205
-0.0024375,0.0011348,0.0165183,-0.002437,0.0011342,0.0165847
-0.0024545,0.000467,0.0159743,-0.0024538,0.0004664,0.0160402
-0.0034503,0.0004367,0.0173493,-0.0034502,0.0004362,0.0174156
-0.0033653,0.0008426,0.0173504,-0.0033652,0.0008421,0.0174167
-0.0017024,0.0009266,0.0171457,-0.0017023,0.0009261,0.0172127
-0.0025214,0.0016855,0.0172224,-0.0025213,0.001685,0.017289
-0.0017974,0.0008908,0.0167008,-0.0017972,0.0008902,0.0167676
-0.0025726,0.0018439,0.0164867,-0.0025721,0.0018431,0.0165529
-0.0025766,0.0010551,0.0156258,-0.0025758,0.0010543,0.0156912
-0.0009624,0.0008056,0.0173625,-0.0009625,0.000805,0.0174297
-0.0017794,0.0017425,0.0174242,-0.0017794,0.0017419,0.0174911
-0.0030893,0.0011976,0.0173734,-0.0030893,0.001197,0.0174399
-0.0031334,0.0015805,0.0173835,-0.0031333,0.00158,0.0174499
-0.0009385,0.0016675,0.0172619,-0.0009385,0.0016669,0.017329
-0.0017995,0.0024594,0.0173647,-0.0017995,0.0024589,0.0174313
-0.0018155,0.0018679,0.0164275,-0.0018152,0.001867,0.0164939
-0.0025867,0.0019151,0.0157412,-0.0025859,0.0019141,0.0158066
-0.0026918,0.0017705,0.0150038,-0.0026907,0.0017693,0.0150682
-0.0028454,0.0018955,0.0174106,-0.0028453,0.0018949,0.0174771
-0.0018586,0.0024611,0.0158872,-0.0018581,0.00246,0.0159529
-0.0016746,0.0030184,0.017361,-0.0016745,0.0030178,0.0174275
-0.0009745,0.0018667,0.0166722,-0.0009744,0.001866,0.016739
-0.0010015,0.0024571,0.015851,-0.0010012,0.0024559,0.0159169
-0.0005107,0.0034764,0.0174193,-0.0005107,0.0034758,0.0174858
-0.0008207,0.0033985,0.0173312,-0.0008207,0.0033978,0.0173977
0.0045634,-0.0039311,0.0001355,0.0045571,-0.0039253,0.0001371
0.0063105,4.4e-06,0.0001347,0.0063018,4.6e-06,0.0001353
0.0057098,0.0001101,0.0001231,0.0057015,0.0001101,0.0001254
0.0062709,0.0005597,0.0001414,0.0062623,0.0005592,0.000142
0.0057045,0.0007419,0.0001091,0.0056961,0.000741,0.0001111
0.0060665,0.0008025,0.0003964,0.0060589,0.0008018,0.0003975
0.0054733,0.0013999,0.0001235,0.0054652,0.0013981,0.0001258
0.0050696,0.0035302,0.000185,0.0050626,0.0035256,0.0001863
0.0044872,0.0041694,0.0001722,0.004481,0.0041638,0.0001737
-0.0037201,0.0048532,0.0001616,-0.0037149,0.0048465,0.0001631
-0.0038491,0.0046397,0.0003481,-0.003844,0.0046338,0.00035
-0.002801,0.0040428,0.0008909,-0.0027978,0.0040385,0.000898
-0.0050157,0.003481,0.0001737,-0.0050086,0.0034764,0.0001752
-0.005622,-0.002336,0.0001272,-0.005614,-0.0023325,0.0001285
-0.0014472,-0.0056953,0.0001204,-0.001445,-0.0056869,0.0001223
-0.0008371,-0.005842,0.000144,-0.0008358,-0.0058335,0.0001458
0.0032151,0.0004638,0.0172802,0.0032148,0.0004633,0.0173467
0.0035552,0.0002919,0.0170745,0.0035548,0.0002914,0.0171406
0.003459,-0.0006971,0.0174192,0.0034588,-0.0006976,0.0174855
0.003148,-0.0005691,0.01741,0.0031478,-0.0005696,0.0174765
0.0024162,-0.0020689,0.0173806,0.0024159,-0.0020694,0.017447
0.0020661,-0.0021039,0.0174554,0.002066,-0.0021044,0.0175219
0.0017742,-0.0028969,0.0173525,0.0017741,-0.0028973,0.0174187
0.0006754,-0.0032209,0.0173581,0.0006753,-0.0032212,0.0174244
6.74e-05,-0.0035669,0.0174542,6.74e-05,-0.0035672,0.0175203
-2.76e-05,-0.0031449,0.017346,-2.76e-05,-0.0031452,0.0174123
-0.0001375,-0.003597,0.0170362,-0.0001375,-0.0035971,0.0171021
-0.0004315,-0.0035209,0.0174281,-0.0004316,-0.0035212,0.0174941
-0.0004145,-0.0031289,0.0173569,-0.0004146,-0.0031292,0.0174233
-0.0008525,-0.0033829,0.017384,-0.0008525,-0.0033833,0.0174501
-0.0031293,-0.0010162,0.017365,-0.0031292,-0.0010166,0.0174313
-0.0020385,0.0027325,0.0173029,-0.0020385,0.0027319,0.0173693
-0.0011846,0.0033334,0.0173772,-0.0011846,0.0033328,0.0174436
-0.0008786,0.0029874,0.017324,-0.0008786,0.0029868,0.0173906
-0.0008176,0.0034997,0.0170183,-0.0008176,0.0034988,0.0170847
-0.0012416,0.0029984,0.017393,-0.0012416,0.0029978,0.0174596
0.0025379,-0.0055777,0.0003713,0.0025348,-0.0055704,0.0003727
0.0015315,-0.0056873,0.0002807,0.0015296,-0.0056794,0.0002828
-0.0006649,-0.003842,0.0004481,-0.0006638,-0.0038359,0.0004575
-0.0004853,-0.0024649,0.0003837,-0.0004844,-0.0024605,0.0003965
-0.0006766,-0.0046315,0.0008908,-0.0006757,-0.004626,0.0008987
-0.0006543,-0.0043608,0.001086,-0.0006535,-0.0043559,0.0010955
-0.0006722,-0.0031551,0.0017813,-0.0006716,-0.0031523,0.0017964
-0.0009191,-0.0057963,0.00043,-0.0009178,-0.0057887,0.0004322
-0.0008176,-0.0052245,0.0002976,-0.0008163,-0.0052167,0.0003016
-0.0008894,-0.0022053,0.0001596,-0.0008876,-0.0022011,0.000172
-0.0019407,-0.0025558,0.0002117,-0.0019372,-0.0025511,0.0002224
-0.0017395,-0.0039056,0.0004899,-0.0017369,-0.0038997,0.0004983
-0.0017252,-0.0043321,0.0008936,-0.0017231,-0.0043269,0.0009016
0.0001293,0.0034237,0.0170434,0.0001293,0.0034228,0.0171098
0.0002134,0.0035219,0.0166676,0.0002133,0.0035208,0.0167337
0.0005074,0.0017198,0.0164842,0.0005073,0.001719,0.0165509
0.0003696,0.0024822,0.0157222,0.0003694,0.002481,0.015788
0.0002637,0.0030375,0.0152501,0.0002635,0.003036,0.015315
-0.0001726,0.0034667,0.0169554,-0.0001727,0.0034658,0.0170218
-0.0001414,-0.0056896,0.0001174,-0.000141,-0.0056809,0.0001196
-0.0004986,0.0035006,0.0170683,-0.0004987,0.0034998,0.0171347
0.0036243,-0.0043566,0.0002422,0.0036192,-0.0043502,0.0002446
0.0039714,-0.0039677,0.0003075,0.0039659,-0.0039619,0.0003103
0.0033621,-0.0034022,0.0008609,0.0033582,-0.003398,0.0008682
0.0044477,-0.0038584,0.0003289,0.0044418,-0.003853,0.0003308
0.0049372,-0.0035471,0.0003079,0.0049307,-0.0035422,0.0003093
0.005499,-0.0028644,0.0003187,0.0054919,-0.0028604,0.0003197
0.0052181,-0.0025729,0.0002891,0.0052111,-0.0025692,0.0002914
0.0058143,-0.0016101,0.0003591,0.0058068,-0.0016078,0.0003607
0.0055822,-0.0023358,0.0005036,0.0055755,-0.0023328,0.0005051
0.0057099,-0.001133,0.0002751,0.0057021,-0.0011313,0.0002774
0.005292,-0.0012968,0.000239,0.0052844,-0.0012947,0.0002425
0.0022224,-0.0009514,0.0001989,0.0022185,-0.0009495,0.0002113
0.0037058,-0.0007955,0.0004329,0.0037001,-0.000794,0.0004428
0.0044704,-0.0007381,0.0007766,0.0044649,-0.000737,0.0007849
0.0057239,-0.000597,0.0002596,0.005716,-0.000596,0.000262
0.0059232,-0.0006799,0.0004708,0.005916,-0.0006789,0.0004727
0.0036732,0.0003727,0.000459,0.0036676,0.0003724,0.0004692
0.0045586,0.0003894,0.000851,0.0045533,0.0003892,0.0008593
0.0050936,0.0001903,0.0013869,0.0050897,0.0001903,0.0013944
0.0056695,0.0006628,0.0002766,0.0056617,0.0006621,0.000279
0.0054758,-8.78e-05,0.0002342,0.0054679,-8.75e-05,0.0002375
0.0019081,0.000787,0.000163,0.0019047,0.0007858,0.0001758
0.0060144,-3.22e-05,0.0005928,0.0060075,-3.19e-05,0.0005945
0.0059796,0.0006616,0.0005589,0.0059726,0.000661,0.0005606
0.0058929,0.0013879,0.0003374,0.0058853,0.0013863,0.0003387
0.0056402,0.0024577,0.0003102,0.0056328,0.0024548,0.0003113
0.0049544,0.0036118,0.0003912,0.0049482,0.0036075,0.0003926
0.0043993,0.0041328,0.0003568,0.0043936,0.0041277,0.0003585
0.0035041,0.002886,0.0008223,0.0034999,0.0028828,0.0008307
0.0037831,0.0047683,0.0003458,0.0037782,0.0047623,0.0003472
0.0019989,0.004181,0.0009018,0.0019967,0.0041764,0.0009101
0.0031524,0.0036789,0.0012542,0.0031496,0.0036759,0.0012626
0.0018955,0.0058736,0.0003827,0.0018931,0.0058664,0.0003838
0.0024566,0.0055742,0.0003428,0.0024535,0.0055671,0.0003442
0.0024437,0.0049868,0.0002702,0.0024403,0.0049799,0.0002734
0.0012848,0.0059396,0.0003684,0.0012832,0.0059321,0.0003698
0.001752,0.005419,0.000257,0.0017496,0.0054116,0.0002596
0.0018395,0.0057644,0.0005583,0.0018373,0.0057579,0.00056
0.0005364,0.0060876,0.0003833,0.0005358,0.0060801,0.0003845
0.0008884,0.0033873,0.0004372,0.000887,0.0033822,0.000448
0.0006767,0.0040265,0.0008147,0.0006759,0.0040215,0.0008247
0.0007968,0.0049996,0.001319,0.0007962,0.0049956,0.0013265
-0.0002019,0.0060503,0.0003355,-0.0002015,0.0060426,0.0003369
-0.00104,0.0060274,0.0003447,-0.0010386,0.0060199,0.0003458
-0.0021255,0.003598,0.0005147,-0.0021223,0.003593,0.0005236
-0.0021905,0.0021777,0.0003827,-0.0021868,0.0021744,0.0003945
-0.0017223,0.0043442,0.0008595,-0.0017202,0.0043393,0.0008674
-0.0018948,0.0038545,0.0010682,-0.0018926,0.0038505,0.0010781
-0.0006905,0.0027632,0.0016777,-0.0006899,0.002761,0.0016935
-0.0015123,0.0058538,0.0004701,-0.0015104,0.0058468,0.0004716
-0.0032776,0.0051504,0.0003419,-0.0032733,0.0051439,0.0003433
-0.0025859,0.005521,0.0003417,-0.0025825,0.005514,0.000343
-0.0023805,0.005059,0.0002365,-0.0023771,0.0050519,0.0002395
-0.0021998,0.0021985,0.0001916,-0.0021958,0.0021949,0.0002029
-0.004286,0.004259,0.0003525,-0.0042803,0.0042536,0.0003542
-0.0032162,0.0018986,0.000501,-0.0032113,0.001896,0.0005113
-0.0028811,0.0030604,0.000757,-0.0028773,0.0030567,0.0007665
-0.0027591,0.0039286,0.0012922,-0.0027566,0.0039253,0.0013009
-0.0049085,0.003442,0.0003624,-0.004902,0.0034377,0.0003642
-0.0053381,0.0030155,0.0003722,-0.0053311,0.0030119,0.0003735
-0.0043732,0.0016117,0.0008109,-0.0043678,0.00161,0.0008187
-0.0038619,0.0027812,0.0012735,-0.0038583,0.0027789,0.0012823
-0.0050006,0.0028048,0.0003266,-0.0049937,0.0028012,0.0003293
-0.0049625,0.002376,0.0002449,-0.0049552,0.0023729,0.0002482
-0.0055245,0.0024498,0.0003355,-0.0055171,0.0024468,0.0003371
-0.0052522,0.0029695,0.000605,-0.005246,0.0029663,0.0006068
-0.0060789,0.0012196,0.0003576,-0.006071,0.0012184,0.0003585
-0.0054033,0.0014671,0.0003448,-0.0053958,0.0014654,0.0003479
-0.0060672,0.0006402,0.0003837,-0.0060594,0.0006397,0.0003848
-0.0058866,0.0012729,0.000506,-0.0058793,0.0012717,0.0005076
-0.0061966,0.0001516,0.0003233,-0.0061885,0.0001517,0.0003241
-0.0058809,-0.0001516,0.0002722,-0.0058727,-0.0001512,0.000274
-0.0054152,9.84e-05,0.0002622,-0.0054072,9.86e-05,0.0002657
-0.0047876,0.0004808,0.0002293,-0.00478,0.0004803,0.0002351
-0.0022492,0.0004361,0.0001647,-0.002245,0.0004356,0.0001772
-0.0036633,0.0002371,0.0004397,-0.0036575,0.000237,0.00045
-0.0043382,0.0003729,0.0007757,-0.0043326,0.0003727,0.0007846
-0.0020037,-0.00096,0.0002149,-0.002,-0.0009581,0.0002277
-0.003388,-0.0009768,0.0004764,-0.0033827,-0.000975,0.0004871
-0.004282,-0.0007756,0.0008124,-0.0042766,-0.0007744,0.0008214
-0.0059328,0.0001918,0.0006694,-0.005926,0.0001918,0.0006714
-0.004845,0.0004215,0.0014174,-0.0048411,0.0004214,0.001426
-0.006226,-0.0003399,0.0003248,-0.0062179,-0.0003392,0.0003254
-0.005602,-0.0004784,0.0002953,-0.0055941,-0.0004775,0.0002981
-0.0059087,-0.001077,0.0004,-0.0059011,-0.0010754,0.0004016
-0.0060094,-0.0007192,0.0005573,-0.0060023,-0.0007181,0.0005588
-0.0033335,-0.0024602,0.0004451,-0.0033284,-0.0024563,0.0004538
-0.0040605,-0.0019249,0.0008542,-0.0040556,-0.0019224,0.0008627
-0.005618,-0.0018092,0.0003702,-0.0056106,-0.0018066,0.0003723
-0.0050526,-0.0019025,0.0002598,-0.0050452,-0.0018995,0.0002634
-0.0054957,-0.0026179,0.0003134,-0.0054885,-0.0026142,0.0003148
-0.0051639,-0.0030778,0.0003574,-0.0051571,-0.0030736,0.000359
-0.0029227,-0.0035469,0.000796,-0.0029191,-0.0035424,0.000804
-0.0038085,-0.003387,0.0013372,-0.0038053,-0.003384,0.0013446
-0.0049836,-0.003626,0.0003953,-0.0049772,-0.0036212,0.0003964
-0.0040385,-0.0045697,0.0003737,-0.0040333,-0.0045636,0.0003749
-0.0035715,-0.0046905,0.0002848,-0.0035666,-0.0046839,0.0002866
-0.0037064,-0.0035039,0.0002331,-0.0037007,-0.0034983,0.0002378
-0.0040131,-0.0040074,0.0002496,-0.0040074,-0.0040015,0.0002522
-0.0040369,-0.0040772,0.0004481,-0.0040316,-0.0040717,0.0004508
-0.0021184,-0.005441,0.0003326,-0.0021155,-0.0054335,0.0003348
-0.0030348,-0.0049584,0.0002847,-0.0030306,-0.0049514,0.0002868
-0.0012547,-0.005557,0.0002498,-0.0012528,-0.005549,0.0002524
0.0004803,0.0033637,0.0169864,0.0004802,0.0033628,0.0170529
0.0017973,0.0029577,0.0170436,0.001797,0.0029569,0.01711
0.0021982,0.0026877,0.0170176,0.0021979,0.002687,0.017084
0.0021794,0.0027229,0.0166547,0.002179,0.002722,0.0167209
0.0025533,0.0023058,0.0169596,0.0025529,0.0023051,0.0170259
0.0028922,0.0019818,0.0170016,0.0028919,0.0019811,0.0170679
0.0030852,0.0015428,0.0170215,0.0030848,0.0015422,0.0170879
0.0032892,0.0011408,0.0171305,0.0032888,0.0011402,0.0171968
0.0029513,0.0010809,0.0169703,0.0029508,0.0010802,0.0170367
0.0028774,0.0012299,0.0167103,0.0028768,0.0012293,0.0167767
0.0010703,0.0010927,0.01669,0.0010701,0.0010921,0.0167569
0.0018846,0.0008781,0.0157598,0.0018839,0.0008774,0.0158257
0.0025921,0.0009694,0.0150421,0.0025909,0.0009686,0.0151067
0.0031332,0.0007869,0.0169943,0.0031328,0.0007863,0.0170607
0.0033074,0.001216,0.0166857,0.0033068,0.0012153,0.0167517
0.0035365,0.000426,0.0166956,0.0035358,0.0004254,0.0167616
0.0031232,-2.91e-05,0.0170741,0.0031228,-2.96e-05,0.0171405
0.0035144,-2.4e-05,0.0167634,0.0035138,-2.45e-05,0.0168295
0.0032993,-0.0004191,0.0169322,0.0032988,-0.0004195,0.0169984
0.0035464,-0.0003851,0.0167024,0.0035458,-0.0003854,0.0167684
0.0033143,-0.0007341,0.0170812,0.0033138,-0.0007345,0.0171474
0.0029623,-0.00105,0.0169959,0.0029618,-0.0010504,0.0170622
0.0032143,-0.001428,0.0169581,0.0032139,-0.0014283,0.0170242
0.0030043,-0.001766,0.0170359,0.0030039,-0.0017663,0.0171021
0.0028862,-0.001376,0.0171298,0.0028859,-0.0013764,0.0171962
0.0029235,-0.001341,0.016655,0.0029229,-0.0013412,0.0167211
0.0010784,-0.0010239,0.0164067,0.0010781,-0.0010241,0.0164732
0.0019367,-0.0012619,0.0157866,0.001936,-0.0012619,0.0158523
0.0025611,-0.001242,0.0150927,0.00256,-0.0012418,0.0151572
0.0033086,-0.0011821,0.0166042,0.0033078,-0.0011822,0.0166702
0.0025464,-0.002344,0.0170437,0.002546,-0.0023442,0.0171099
0.0017724,-0.002956,0.0169575,0.0017721,-0.0029561,0.0170236
0.0013884,-0.003183,0.0169704,0.0013882,-0.0031831,0.0170365
0.0014325,-0.002869,0.0167924,0.0014322,-0.002869,0.0168585
0.0010796,-0.0018,0.0159201,0.0010792,-0.0017998,0.015986
0.001346,-0.0025962,0.0151922,0.0013453,-0.0025955,0.0152568
0.0013176,-0.0033251,0.0166246,0.0013173,-0.0033249,0.0166903
0.0008404,-0.003115,0.0169872,0.0008403,-0.0031151,0.0170534
-9.35e-05,-0.0035641,0.0167692,-9.35e-05,-0.003564,0.0168351
0.0001555,-0.00352,0.0171292,0.0001554,-0.0035201,0.0171952
0.0003094,-0.0032189,0.0171401,0.0003093,-0.0032192,0.0172063
0.0002385,-0.0035751,0.0166633,0.0002384,-0.0035749,0.0167291
-0.0009835,-0.003063,0.0171909,-0.0009834,-0.0030632,0.0172572
-0.0010475,-0.0033671,0.0169261,-0.0010474,-0.0033671,0.016992
-0.0024724,-0.0025281,0.016983,-0.0024722,-0.0025283,0.0170491
-0.0027294,-0.0022152,0.016836,-0.0027291,-0.0022153,0.016902
-0.0029674,-0.0018542,0.016991,-0.0029671,-0.0018544,0.0170571
-0.0032163,-0.0014522,0.017202,-0.0032162,-0.0014525,0.0172682
-0.0033414,-0.0009162,0.0169651,-0.0033411,-0.0009165,0.0170313
-0.0034994,-0.0005482,0.0170582,-0.0034991,-0.0005486,0.0171243
-0.0031844,-0.0006342,0.017072,-0.0031841,-0.0006346,0.0171384
-0.0028883,-0.0008022,0.0170339,-0.0028881,-0.0008026,0.0171004
-0.0009904,-0.0006161,0.0171352,-0.0009904,-0.0006165,0.0172023
-0.0010233,-0.000509,0.0165572,-0.0010232,-0.0005093,0.016624
-0.0018123,-0.000416,0.0158748,-0.0018119,-0.0004163,0.0159407
-0.0024706,-0.000492,0.0150367,-0.0024696,-0.0004921,0.0151013
-0.0035234,-0.0001752,0.0169952,-0.0035231,-0.0001757,0.0170614
-0.0035395,-0.0007012,0.0166603,-0.0035389,-0.0007015,0.0167262
-0.0028844,-0.0003802,0.0170079,-0.0028841,-0.0003806,0.0170744
-0.0034644,0.0002457,0.0169743,-0.0034641,0.0002453,0.0170405
-0.0035576,-0.0002902,0.0166164,-0.0035569,-0.0002905,0.0166823
-0.0035334,0.0005617,0.0169815,-0.0035331,0.0005612,0.0170475
-0.0035034,0.0008527,0.0170225,-0.0035031,0.0008522,0.0170886
-0.0028904,0.0010497,0.0169273,-0.0028901,0.0010491,0.0169938
-0.0032184,0.0006397,0.0169813,-0.0032181,0.0006392,0.0170476
-0.0034755,0.0008258,0.0166706,-0.003475,0.0008252,0.0167365
-0.0031305,0.0014917,0.0170365,-0.0031302,0.0014911,0.0171029
-0.0028725,0.0018917,0.0170446,-0.0028722,0.001891,0.017111
-0.0028076,0.0020738,0.0166988,-0.0028071,0.002073,0.016765
-0.0017995,0.0017401,0.0158807,-0.001799,0.0017391,0.0159465
-0.0027665,0.0014957,0.0169444,-0.0027662,0.0014951,0.0170109
-0.0030765,0.0017168,0.0167067,-0.0030761,0.0017161,0.0167728
-0.0021086,0.0027818,0.0166711,-0.0021083,0.0027809,0.0167372
-0.0018347,0.0025605,0.015064,-0.0018339,0.0025591,0.0151285
-0.0024525,0.0024925,0.0172558,-0.0024524,0.0024919,0.0173222
-0.0014626,0.0032026,0.0170612,-0.0014625,0.0032019,0.0171275
-0.0010816,0.0033237,0.0169902,-0.0010816,0.0033228,0.0170566
0.0011586,-0.00588,0.0004708,0.0011573,-0.0058725,0.0004726
0.0016015,-0.0050882,0.000265,0.0015993,-0.0050806,0.000269
0.0010329,-0.0025859,0.0002073,0.0010311,-0.002581,0.0002191
0.0006829,-0.0036112,0.0004085,0.0006819,-0.0036053,0.0004186
0.0009699,-0.004412,0.0008318,0.0009688,-0.0044064,0.0008402
0.0005478,-0.0058633,0.0003155,0.0005472,-0.0058553,0.0003175
0.0004611,-0.0060323,0.0005132,0.0004608,-0.0060248,0.0005147
-0.0015615,-0.005817,0.0004786,-0.0015594,-0.0058096,0.0004802
-0.0004175,-0.0056565,0.0002995,-0.0004168,-0.0056485,0.0003021
-0.0002149,-0.0060705,0.0004906,-0.0002145,-0.0060629,0.0004919
0.0042217,-0.0035738,0.0004878,0.0042163,-0.0035689,0.0004912
0.0050766,-0.0032892,0.0004854,0.0050704,-0.003285,0.0004869
0.0057171,-0.001828,0.0004755,0.0057101,-0.0018255,0.0004772
0.0054819,-0.0013033,0.0004153,0.0054747,-0.0013014,0.0004185
0.0056022,0.0003196,0.0004569,0.005595,0.0003194,0.0004601
0.0059076,0.0002464,0.0007336,0.0059013,0.0002463,0.0007358
0.0055527,0.0011262,0.000441,0.0055456,0.001125,0.0004439
0.0058346,0.0009152,0.0007658,0.0058285,0.0009145,0.0007681
0.005605,0.0019768,0.0004498,0.005598,0.0019746,0.0004517
0.0051366,0.0032086,0.0005818,0.0051306,0.0032051,0.0005835
0.0042196,0.0042234,0.0005676,0.0042147,0.0042187,0.0005697
0.0038263,0.004661,0.0005626,0.0038219,0.0046558,0.0005644
0.0026746,0.0053364,0.0004956,0.0026713,0.0053301,0.0004975
0.0004308,0.0060057,0.0005417,0.0004303,0.0059987,0.0005433
-0.0001518,0.0060235,0.0005299,-0.0001515,0.0060165,0.0005315
-0.0002445,0.0058943,0.0007141,-0.0002442,0.0058881,0.0007165
-0.0006872,0.0032468,0.0004036,-0.0006861,0.0032418,0.0004147
-0.0003736,0.004408,0.0007948,-0.0003731,0.0044028,0.0008035
-0.0005382,0.0050538,0.0013888,-0.0005377,0.00505,0.0013964
-0.0007538,0.0059417,0.0005331,-0.0007529,0.0059348,0.0005348
-0.0030156,0.0052519,0.000517,-0.0030119,0.0052458,0.0005186
-0.0036541,0.0047687,0.000551,-0.0036497,0.0047632,0.0005529
-0.0049027,0.0034922,0.000557,-0.0048968,0.0034883,0.0005588
-0.0060269,0.0006101,0.0005611,-0.0060197,0.0006097,0.0005625
-0.00592,-0.0013955,0.0005273,-0.0059129,-0.0013936,0.0005286
-0.0054622,-0.0024122,0.0004932,-0.0054555,-0.002409,0.0004951
-0.0047186,-0.0036737,0.0005952,-0.0047131,-0.0036693,0.0005971
-0.0022882,-0.0056181,0.0005094,-0.0022853,-0.0056111,0.0005108
0.0005974,0.0034889,0.0166576,0.0005972,0.0034878,0.0167238
0.0006845,0.001787,0.0159595,0.0006843,0.0017861,0.0160257
0.0005937,0.0024185,0.0150987,0.0005934,0.0024171,0.0151635
0.0004439,0.0032322,0.0142965,0.0004436,0.0032303,0.0143596
0.0017714,0.0030609,0.0166837,0.001771,0.0030599,0.0167499
0.0025514,0.0025179,0.0166398,0.0025509,0.002517,0.0167059
0.0010245,0.001934,0.0160368,0.0010242,0.0019331,0.016103
0.0009418,0.0024965,0.0151389,0.0009414,0.0024951,0.0152037
0.0019209,0.0017134,0.0151468,0.00192,0.0017123,0.0152117
0.0021003,0.0023969,0.0145602,0.0020992,0.0023954,0.0146238
0.0030274,0.001881,0.0166517,0.0030268,0.0018802,0.0167178
0.0033895,0.000838,0.0165726,0.0033888,0.0008374,0.0166386
0.0017496,0.0001761,0.0157844,0.0017489,0.0001756,0.0158503
0.0026611,0.0001563,0.0150488,0.0026599,0.0001558,0.0151134
0.0035238,0.0001844,0.0144385,0.003522,0.000184,0.0145016
0.0031954,0.0004839,0.0167753,0.0031948,0.0004834,0.0168416
0.0028113,0.0003999,0.01683,0.0028108,0.0003994,0.0168965
0.0010542,0.0001309,0.0166786,0.001054,0.0001304,0.0167455
0.0035226,0.0004931,0.0163487,0.0035217,0.0004925,0.0164145
0.0031274,4.99e-05,0.0167382,0.0031268,4.95e-05,0.0168044
0.0035108,7.61e-05,0.0161247,0.0035097,7.56e-05,0.0161903
0.0018266,-0.0004609,0.0157384,0.001826,-0.0004611,0.0158042
0.0027501,-0.0004308,0.0150898,0.0027489,-0.000431,0.0151544
0.0031444,-0.000762,0.0167111,0.0031438,-0.0007623,0.0167772
0.0027634,-0.000594,0.0166159,0.0027628,-0.0005944,0.0166822
0.0030385,-0.0018951,0.0166581,0.0030379,-0.0018952,0.0167239
0.0016116,-0.0030661,0.0165726,0.0016112,-0.0030659,0.0166384
0.0008517,-0.000664,0.0132741,0.0008516,-0.0006642,0.0133356
0.0010294,-0.002331,0.0116687,0.0010291,-0.0023305,0.0117241
0.0004997,-0.001987,0.0157221,0.0004994,-0.0019867,0.0157877
0.0004038,-0.0027632,0.015144,0.0004036,-0.0027624,0.0152085
0.0009505,-0.0031321,0.0166424,0.0009503,-0.0031319,0.0167084
0.0003315,-0.0032291,0.0167332,0.0003314,-0.003229,0.0167993
0.0003895,-0.0011129,0.0165453,0.0003893,-0.0011131,0.0166121
-0.0004443,-0.001979,0.0157858,-0.0004443,-0.0019787,0.0158516
0.0001986,-0.0035202,0.0162435,0.0001985,-0.0035197,0.016309
-0.0001575,-0.0032201,0.0167031,-0.0001575,-0.00322,0.0167691
-0.0002244,-0.0034932,0.0162174,-0.0002244,-0.0034927,0.0162829
-0.0005134,-0.0031721,0.0167581,-0.0005134,-0.003172,0.0168241
-0.0010044,-0.002102,0.0156971,-0.0010041,-0.0021017,0.0157626
-0.0009684,-0.0026723,0.0151119,-0.000968,-0.0026715,0.0151763
-0.0008504,-0.0030311,0.016682,-0.0008504,-0.003031,0.0167481
-0.0011344,-0.001264,0.0164884,-0.0011342,-0.0012642,0.016555
-0.0011865,-0.0030941,0.0166041,-0.0011863,-0.003094,0.01667
-0.0021075,-0.0028782,0.0166211,-0.0021072,-0.0028781,0.0166869
-0.0023074,-0.0022181,0.01659,-0.0023071,-0.0022182,0.016656
-0.0032025,-0.0013082,0.0167891,-0.003202,-0.0013084,0.0168551
-0.0027725,-0.0014272,0.01659,-0.002772,-0.0014273,0.0166561
-0.0016874,-0.001187,0.0158458,-0.0016869,-0.001187,0.0159117
-0.0025377,-0.0012671,0.0151368,-0.0025366,-0.0012669,0.0152014
-0.0030924,-0.0009592,0.0167461,-0.003092,-0.0009595,0.0168122
-0.00327,-0.0005039,0.014512,-0.0032685,-0.000504,0.0145753
-0.0034745,3.88e-05,0.0166774,-0.003474,3.84e-05,0.0167434
-0.0018133,0.000188,0.0158098,-0.0018129,0.0001875,0.0158758
-0.0025007,0.0003002,0.014892,-0.0024996,0.0002997,0.0149564
-0.0033461,0.0003063,0.0144882,-0.0033445,0.0003058,0.0145515
-0.0031384,0.0003535,0.0137352,-0.0031368,0.000353,0.0137969
-0.0005385,0.000578,0.0133406,-0.0005385,0.0005777,0.0134024
-0.0018586,0.0007417,0.0119137,-0.0018584,0.0007415,0.0119705
-0.0018747,0.0006086,0.0104154,-0.0018743,0.0006084,0.0104661
-0.0035065,0.0004268,0.0165985,-0.003506,0.0004263,0.0166644
-0.0016844,0.001122,0.0159012,-0.001684,0.0011212,0.0159672
-0.0022226,0.0009853,0.0149171,-0.0022217,0.0009845,0.0149816
-0.0016396,0.0031508,0.0166882,-0.0016394,0.0031499,0.0167544
-0.0010494,0.001714,0.0157934,-0.0010492,0.0017131,0.0158594
-0.0009825,0.0024835,0.0151336,-0.0009821,0.0024821,0.0151984
-0.0018256,0.0016854,0.0150832,-0.0018249,0.0016843,0.015148
-0.0019667,0.0023057,0.0147681,-0.0019658,0.0023042,0.0148322
-0.0008506,0.0034729,0.0166654,-0.0008505,0.0034718,0.0167316
-0.0013096,0.0031198,0.0166772,-0.0013094,0.0031189,0.0167434
-0.0012796,0.0026907,0.0167338,-0.0012794,0.0026899,0.0168003
-0.0009924,0.0010197,0.0166516,-0.0009923,0.0010191,0.0167185
0.0023839,-0.0055886,0.0005527,0.0023812,-0.0055818,0.0005543
0.0010524,0.0034019,0.0166647,0.0010521,0.0034009,0.0167309
0.0013583,0.0032128,0.0169236,0.0013581,0.0032119,0.0169899
0.0012843,0.0024928,0.0167651,0.0012841,0.0024919,0.0168317
0.0005097,-0.0056274,0.0004162,0.0005092,-0.0056198,0.0004192
0.0003658,-0.0058866,0.0007701,0.0003656,-0.0058802,0.0007725
0.0032341,-0.0046671,0.0004449,0.0032299,-0.0046608,0.0004477
0.003876,-0.0044406,0.0004779,0.0038712,-0.0044348,0.00048
0.00187,-0.005646,0.0004915,0.0018678,-0.0056388,0.0004937
-0.0005206,0.0034998,0.0167024,-0.0005206,0.0034988,0.0167686
-0.0003284,0.0016869,0.0158762,-0.0003284,0.001686,0.0159424
-0.0003063,0.0033402,0.0143943,-0.0003062,0.0033382,0.0144576
0.0024737,-0.0053915,0.0007148,0.0024711,-0.0053854,0.0007171
0.0025988,-0.004852,0.0006603,0.0025958,-0.004846,0.0006643
0.0020562,-0.0031985,0.0006711,0.0020535,-0.0031939,0.0006815
0.0020745,-0.0041917,0.001214,0.0020725,-0.0041875,0.0012228
0.0017464,-0.0056182,0.000722,0.0017446,-0.0056119,0.0007246
0.0051093,-0.0029832,0.0007498,0.0051038,-0.0029798,0.0007521
0.0050868,-0.0023571,0.0005852,0.0050806,-0.0023541,0.0005886
0.0037785,-0.0022607,0.0007234,0.0037737,-0.0022576,0.0007319
0.0042565,-0.0018795,0.001182,0.0042525,-0.0018775,0.0011908
0.0053896,-0.0024719,0.0007064,0.0053837,-0.002469,0.0007086
0.0053882,-0.0018273,0.0005561,0.0053816,-0.0018249,0.0005592
0.0034679,-0.000907,0.0007022,0.0034632,-0.0009055,0.0007134
0.0041094,-0.0006298,0.0011191,0.0041052,-0.000629,0.0011296
0.0055876,-0.0011485,0.0006464,0.0055812,-0.001147,0.0006496
0.0023745,-0.0005116,0.0003853,0.0023707,-0.0005105,0.0003982
0.0058837,-0.0005282,0.000727,0.0058773,-0.0005274,0.0007294
0.0060134,-0.0009216,0.000626,0.0060067,-0.0009205,0.0006275
0.0056071,-0.0004276,0.0005179,0.0056001,-0.0004268,0.0005212
0.0057305,-0.0005299,0.000888,0.0057249,-0.0005292,0.0008914
0.0034787,0.0004405,0.0007056,0.003474,0.0004401,0.000717
0.0041151,0.0002246,0.0010992,0.0041108,0.0002246,0.0011098
0.0049434,0.0003875,0.0016948,0.0049404,0.0003875,0.001704
0.0052285,0.0002086,0.0005468,0.0052218,0.0002086,0.0005517
0.0019201,0.0008873,0.0003389,0.0019169,0.000886,0.0003522
0.0056927,0.0001263,0.000912,0.0056871,0.0001264,0.0009156
0.0032442,0.0017964,0.0007085,0.0032399,0.0017942,0.0007194
0.0040952,0.0015754,0.0011794,0.0040911,0.001574,0.0011894
0.0055861,0.0013511,0.0006737,0.0055798,0.0013498,0.0006767
0.0051264,0.0014803,0.0005687,0.0051199,0.0014787,0.0005733
0.0023148,0.002081,0.000458,0.0023113,0.0020779,0.0004698
0.0054939,0.0021222,0.000693,0.0054878,0.0021202,0.0006954
0.0053388,0.0026854,0.0004861,0.0053322,0.0026824,0.000488
0.0052418,0.0027345,0.0006997,0.0052361,0.0027317,0.0007022
0.0019598,0.0027704,0.0007036,0.0019572,0.0027668,0.0007154
0.0030417,0.0026966,0.0010408,0.0030383,0.0026938,0.0010515
0.0039615,0.0023137,0.0015339,0.0039585,0.0023121,0.0015442
0.0048672,0.0033389,0.0007328,0.0048619,0.0033355,0.0007354
0.0029299,0.0051057,0.0006931,0.0029267,0.0051002,0.0006956
0.0036431,0.0046145,0.0007048,0.0036391,0.0046096,0.0007074
0.0015661,0.0036779,0.0011175,0.0015644,0.0036741,0.0011286
0.0026952,0.0034312,0.0014228,0.0026929,0.0034285,0.0014335
0.0016766,0.0056575,0.0007227,0.0016748,0.0056515,0.0007252
0.0023728,0.0050257,0.0006068,0.0023699,0.0050199,0.0006106
0.0027017,0.0045742,0.0005901,0.0026983,0.0045687,0.0005949
0.0012811,0.0010104,0.0015915,0.0012799,0.0010096,0.001609
0.0011814,0.0028132,0.0026219,0.0011809,0.0028119,0.0026401
0.0011459,0.0056712,0.000673,0.0011447,0.0056649,0.0006758
0.0004095,0.0058866,0.0007048,0.0004091,0.0058804,0.0007071
-0.000558,0.0031635,0.0006665,-0.0005571,0.0031592,0.0006786
-0.0004293,0.0041634,0.0010762,-0.0004288,0.004159,0.0010865
-0.0004083,0.0047132,0.0016646,-0.0004079,0.0047102,0.0016746
-0.0008955,0.0058056,0.0007321,-0.0008945,0.0057995,0.0007346
-0.0015708,0.0056859,0.000668,-0.001569,0.0056797,0.0006703
-0.001851,0.0030046,0.0006688,-0.0018483,0.0030005,0.0006802
-0.0022356,0.0054899,0.0005204,-0.0022328,0.0054834,0.0005225
-0.0022137,0.0053406,0.0007139,-0.0022112,0.0053348,0.0007168
-0.0022506,0.0048818,0.0005875,-0.0022477,0.0048758,0.0005919
-0.0027848,0.0051806,0.0006704,-0.0027816,0.0051749,0.0006729
-0.0053144,0.0024844,0.0007088,-0.0053084,0.0024818,0.0007115
-0.0056034,0.0020256,0.0004726,-0.0055963,0.0020234,0.0004746
-0.0048985,0.0022303,0.000589,-0.0048923,0.0022278,0.0005935
-0.0032139,0.0019038,0.0006677,-0.0032094,0.0019014,0.0006784
-0.0040789,0.0014944,0.0011394,-0.0040746,0.0014931,0.0011493
-0.0057718,0.0014065,0.0007621,-0.0057655,0.0014053,0.0007643
-0.0008424,0.0005575,0.0014103,-0.0008414,0.000557,0.0014278
-0.0024637,0.0011089,0.002602,-0.0024622,0.0011084,0.0026208
-0.0058105,0.0009065,0.0007027,-0.0058039,0.0009058,0.0007051
-0.0033074,0.0003836,0.000614,-0.0033025,0.0003833,0.0006256
-0.0041436,0.0003985,0.0010516,-0.0041389,0.0003983,0.0010619
-0.0047663,0.0003526,0.0016198,-0.0047629,0.0003526,0.0016293
-0.00587,-0.0005311,0.0007203,-0.0058635,-0.0005303,0.0007226
-0.0058355,-0.0011405,0.0006879,-0.0058289,-0.001139,0.00069
-0.0030989,-0.0019808,0.0006951,-0.0030945,-0.0019779,0.0007059
-0.0041731,-0.0019207,0.0011722,-0.0041689,-0.0019186,0.0011812
-0.005347,-0.001484,0.0006573,-0.0053406,-0.001482,0.0006612
-0.0047981,-0.0019113,0.0005133,-0.0047917,-0.0019086,0.0005183
-0.0017957,-0.0026042,0.0004511,-0.0017928,-0.0025998,0.0004626
-0.0021104,-0.0009316,0.0003571,-0.0021068,-0.0009298,0.0003701
-0.0030929,-0.0008354,0.0006861,-0.0030884,-0.000834,0.0006981
-0.0039708,-0.0007558,0.0010477,-0.0039662,-0.0007547,0.0010584
-0.0053645,-0.0021335,0.0006801,-0.0053583,-0.0021309,0.0006829
-0.0050364,-0.0030711,0.0005013,-0.0050301,-0.0030671,0.0005035
-0.0050722,-0.0030334,0.00071,-0.0050665,-0.0030299,0.0007123
-0.004079,-0.0042856,0.0006979,-0.0040744,-0.0042806,0.0007002
-0.0017903,-0.0036856,0.0007009,-0.0017878,-0.0036804,0.0007105
-0.002954,-0.0032202,0.0011854,-0.0029509,-0.0032167,0.0011952
-0.0033717,-0.0030836,0.0016809,-0.0033692,-0.0030811,0.0016915
-0.0017696,-0.0041988,0.0011641,-0.0017678,-0.0041944,0.0011732
-0.000967,-0.0012433,0.0015485,-0.000966,-0.0012418,0.0015659
-0.0005686,-0.0029163,0.0025172,-0.0005682,-0.0029143,0.002535
-0.0030336,-0.0051157,0.0004782,-0.0030298,-0.0051092,0.0004799
-0.0023706,-0.0054579,0.0007129,-0.0023679,-0.0054518,0.0007149
-0.0022805,-0.0050643,0.0006009,-0.0022776,-0.0050579,0.0006046
-0.0028945,-0.0048444,0.00062,-0.0028909,-0.0048385,0.0006232
0.0028766,0.0020241,0.0162709,0.0028758,0.0020232,0.0163367
0.0030308,0.0018482,0.0159421,0.0030298,0.0018473,0.0160076
0.0027966,0.0016428,0.0143105,0.0027952,0.0016417,0.0143736
0.0031264,0.001554,0.0166467,0.0031258,0.0015532,0.0167128
0.0029596,0.0015601,0.0162937,0.0029588,0.0015593,0.0163597
0.0032316,0.0012311,0.0163288,0.0032308,0.0012304,0.0163946
0.0033407,0.0008571,0.0162107,0.0033398,0.0008564,0.0162765
0.0029816,0.000313,0.0162573,0.0029808,0.0003125,0.0163233
0.0035387,-0.000415,0.0163365,0.0035378,-0.0004153,0.0164023
0.0035935,-0.000155,0.0165065,0.0035928,-0.0001554,0.0165724
0.0030854,-0.000356,0.0166311,0.0030848,-0.0003564,0.0166973
0.0032606,-0.000185,0.0163784,0.0032598,-0.0001854,0.0164443
0.0034678,-0.0003209,0.0159787,0.0034668,-0.0003213,0.0160442
0.0032897,-0.000633,0.0162654,0.0032888,-0.0006333,0.0163312
0.0032027,-0.001458,0.0163023,0.0032018,-0.0014581,0.016368
0.0033516,-0.000943,0.0163993,0.0033508,-0.0009432,0.0164651
0.0030178,-0.0018331,0.0161993,0.0030169,-0.001833,0.0162648
0.0019651,-0.0019131,0.0150934,0.0019642,-0.0019126,0.0151579
0.0012186,-0.0012159,0.015759,0.0012181,-0.0012159,0.0158249
0.0011948,-0.0012109,0.0151803,0.0011943,-0.0012108,0.0152454
0.0018389,-0.0011819,0.0151459,0.0018381,-0.0011818,0.0152108
0.0026396,-0.001266,0.0143286,0.0026382,-0.0012657,0.0143917
0.0026093,-0.0012211,0.0135177,0.0026078,-0.0012207,0.0135789
0.0022111,-0.0007394,0.0117735,0.0022105,-0.0007394,0.0118295
0.0014247,-0.0032382,0.0162178,0.0014242,-0.0032378,0.0162832
0.0010077,-0.0032822,0.0162116,0.0010073,-0.0032817,0.0162772
0.0006985,-0.0033701,0.0167024,0.0006983,-0.0033699,0.0167683
0.0007136,-0.0032971,0.0163855,0.0007134,-0.0032968,0.0164512
0.0002936,-0.0031842,0.0162773,0.0002935,-0.0031838,0.0163431
0.0002547,-0.0035753,0.0159737,0.0002546,-0.0035746,0.0160389
-0.0005234,-0.0033042,0.0162103,-0.0005234,-0.0033037,0.0162759
-0.0008774,-0.0033852,0.0162563,-0.0008773,-0.0033848,0.0163218
-0.0012764,-0.0033342,0.0162403,-0.0012762,-0.0033338,0.0163058
-0.0014864,-0.0029011,0.01661,-0.0014862,-0.002901,0.016676
-0.0016775,-0.0030832,0.0162543,-0.0016771,-0.0030829,0.0163198
-0.0014904,-0.0028102,0.0160143,-0.0014901,-0.0028098,0.0160798
-0.0011113,-0.0011849,0.0157366,-0.001111,-0.0011849,0.0158024
-0.0009383,-0.0009949,0.0149277,-0.000938,-0.0009948,0.0149924
-0.0006775,-0.0008862,0.0133707,-0.0006774,-0.0008863,0.0134325
-0.0012014,-0.0018761,0.0148715,-0.0012009,-0.0018756,0.0149359
-0.0010414,-0.0026705,0.0143047,-0.0010409,-0.0026695,0.0143677
-0.0008083,-0.0028047,0.0138295,-0.000808,-0.0028036,0.0138914
-0.0005855,-0.0021904,0.0119828,-0.0005855,-0.0021901,0.0120396
-0.0019595,-0.0018151,0.0149409,-0.0019587,-0.0018147,0.0150052
-0.0018576,-0.0026615,0.014347,-0.0018568,-0.0026605,0.0144099
-0.0020645,-0.0028762,0.0162473,-0.0020641,-0.0028759,0.0163128
-0.0023035,-0.0025632,0.0163082,-0.002303,-0.002563,0.0163739
-0.0028755,-0.0021352,0.0163602,-0.0028749,-0.0021351,0.0164258
-0.0028216,-0.0021172,0.0159764,-0.0028208,-0.002117,0.0160418
-0.0025138,-0.0020533,0.0144598,-0.0025126,-0.0020526,0.014523
-0.0028555,-0.0018892,0.0166611,-0.002855,-0.0018893,0.016727
-0.0029815,-0.0018122,0.0163612,-0.0029809,-0.0018122,0.0164269
-0.0032196,-0.0014232,0.0163283,-0.0032189,-0.0014233,0.016394
-0.0034606,-0.0007112,0.0162694,-0.0034598,-0.0007114,0.0163351
-0.0035316,-0.0003012,0.0162615,-0.0035308,-0.0003015,0.0163271
-0.0035276,0.0001408,0.0162986,-0.0035268,0.0001404,0.0163642
-0.0035206,0.0006029,0.0162727,-0.0035199,0.0006024,0.0163384
-0.0034266,0.0009549,0.0162848,-0.0034259,0.0009543,0.0163504
-0.0029835,0.0013168,0.0166465,-0.0029831,0.0013161,0.0167127
-0.0026235,0.0012108,0.0167803,-0.0026231,0.0012101,0.0168468
-0.0030765,0.0008588,0.0167114,-0.0030761,0.0008582,0.0167776
-0.0031466,0.0012219,0.0162058,-0.0031459,0.0012212,0.0162715
-0.0031697,0.0016179,0.0163058,-0.003169,0.0016171,0.0163717
-0.0028096,0.002088,0.016232,-0.002809,0.0020871,0.0162978
-0.0027857,0.0021962,0.0158913,-0.0027849,0.0021951,0.0159567
-0.0026499,0.0017157,0.0143476,-0.0026487,0.0017146,0.0144107
-0.0016526,0.0031291,0.0162504,-0.0016523,0.0031279,0.0163162
-0.0009506,0.0033891,0.0162706,-0.0009504,0.0033878,0.0163364
-0.0013106,0.0031481,0.0161694,-0.0013103,0.0031469,0.0162353
0.0011303,-0.0034799,0.0007245,0.0011289,-0.0034749,0.0007355
0.0007456,-0.0041156,0.0011272,0.000745,-0.004111,0.0011376
0.0008306,-0.0057277,0.000748,0.0008299,-0.0057212,0.000751
0.0009393,-0.005166,0.0005661,0.0009382,-0.0051592,0.000571
0.0007823,-0.0023821,0.0003607,0.000781,-0.0023779,0.0003735
0.0010635,0.0033911,0.0162609,0.0010632,0.0033899,0.0163267
0.0006575,0.0034011,0.0162008,0.0006573,0.0033998,0.0162667
0.0017575,0.0030021,0.0163288,0.0017571,0.003001,0.0163948
0.0030407,-0.0028432,0.0011753,0.0030376,-0.0028401,0.0011859
-0.0005726,-0.0039527,0.0007267,-0.0005717,-0.0039472,0.0007366
-0.001451,-0.0056524,0.0006965,-0.0014492,-0.0056459,0.0006991
-0.0001846,0.0035679,0.0166585,-0.0001847,0.0035668,0.0167247
-0.0002261,-0.0056704,0.0004617,-0.0002257,-0.0056629,0.0004645
-0.0002917,-0.0059342,0.000738,-0.0002912,-0.0059276,0.0007401
0.0020556,0.0026611,0.0162398,0.002055,0.00266,0.0163057
0.0025346,0.0024001,0.0162829,0.0025339,0.0023991,0.0163488
0.0030539,-0.0050016,0.0006695,0.0030505,-0.0049957,0.000672
0.0036906,-0.0041823,0.0006786,0.0036863,-0.0041772,0.0006821
0.003751,-0.0037477,0.0005698,0.0037462,-0.0037427,0.0005744
0.0043432,-0.0036929,0.000673,0.0043382,-0.0036884,0.0006761
0.0055415,0.0006939,0.0006449,0.0055351,0.0006933,0.0006484
0.0057082,0.0007838,0.0009108,0.0057026,0.0007833,0.0009141
0.0043554,0.0040243,0.0007319,0.0043508,0.0040202,0.0007344
-0.0033269,0.0049046,0.0007243,-0.0033232,0.0048994,0.0007266
-0.0046424,0.0034079,0.0007689,-0.0046372,0.0034043,0.0007722
0.0029645,0.000576,0.0164133,0.0029638,0.0005755,0.0164794
0.0035289,0.0005101,0.015978,0.0035277,0.0005096,0.0160433
0.0022687,-0.0022901,0.0162838,0.002268,-0.0022899,0.0163496
0.0020306,-0.002129,0.0163826,0.00203,-0.002129,0.0164486
0.0011969,-0.001922,0.0149749,0.0011964,-0.0019216,0.0150394
0.0019104,-0.0018881,0.014423,0.0019094,-0.0018876,0.0144863
0.0026005,-0.00229,0.0166858,0.0026,-0.0022901,0.0167518
0.0018237,-0.0030132,0.0162218,0.0018232,-0.0030128,0.0162874
-2.94e-05,-0.0036082,0.0164764,-2.95e-05,-0.0036078,0.016542
-0.0001034,-0.0031571,0.0162613,-0.0001034,-0.0031568,0.016327
-0.0001863,-0.0035863,0.0159486,-0.0001864,-0.0035856,0.0160138
-0.0032215,-0.0009702,0.0163283,-0.0032208,-0.0009703,0.0163941
-0.0020646,0.002858,0.0162823,-0.0020642,0.0028569,0.0163481
0.0013995,0.0030721,0.0162248,0.0013991,0.0030709,0.0162907
0.0003604,-0.005518,0.0006463,0.0003601,-0.0055113,0.0006501
0.0004288,-0.0057006,0.0009027,0.0004285,-0.0056947,0.0009062
0.0021387,0.0028723,0.0159012,0.002138,0.002871,0.0159667
0.0025677,0.0024333,0.0159242,0.0025669,0.0024321,0.0159897
-0.0015715,-0.0053237,0.0008291,-0.0015697,-0.0053178,0.0008332
-0.0021628,-0.0053103,0.0008486,-0.0021604,-0.0053046,0.0008518
0.0002505,0.0034871,0.0162267,0.0002504,0.0034858,0.0162926
-8.96e-05,0.0035301,0.0163536,-8.96e-05,0.0035288,0.0164196
-0.0005476,0.003468,0.0163176,-0.0005475,0.0034668,0.0163835
0.0012758,0.0017753,0.0151943,0.0012752,0.0017743,0.0152594
0.0011958,0.0011253,0.0150217,0.0011953,0.0011245,0.0150866
0.0009789,0.0004739,0.0131295,0.0009787,0.0004737,0.0131908
0.0018089,0.0010283,0.0150682,0.0018081,0.0010275,0.0151331
0.0019483,0.0016677,0.0144085,0.0019473,0.0016666,0.014472
0.0025745,0.0010137,0.0143248,0.0025732,0.0010128,0.0143881
0.0026521,0.0010339,0.0136129,0.0026507,0.0010332,0.0136745
0.0024318,0.00084,0.011934,0.002431,0.0008396,0.0119905
0.002515,0.0015782,0.0136212,0.0025137,0.0015771,0.0136828
-0.0008136,0.0034713,0.0159588,-0.0008134,0.0034698,0.0160243
-0.0010754,0.0017063,0.0150409,-0.001075,0.0017053,0.0151057
-0.0009824,0.0010562,0.0151061,-0.000982,0.0010555,0.0151712
-0.0007884,0.0025279,0.0144413,-0.0007881,0.0025264,0.0145049
-0.0010156,0.0024545,0.0136672,-0.0010151,0.002453,0.0137291
-0.0004995,0.0020056,0.0119461,-0.0004995,0.0020051,0.0120031
-0.0012215,0.0026811,0.0160661,-0.0012212,0.0026799,0.0161321
-0.0008673,0.0008698,0.0160476,-0.0008671,0.0008692,0.016114
0.0014565,0.002631,0.0164114,0.0014561,0.00263,0.0164776
0.0018096,0.0030103,0.0159341,0.001809,0.003009,0.0159996
0.005513,-0.0012569,0.0008591,0.0055074,-0.0012554,0.0008629
0.0053203,-0.0003121,0.0008349,0.0053146,-0.0003116,0.0008401
0.0055983,-0.0007141,0.0010838,0.0055934,-0.0007132,0.001088
0.0053266,0.0002156,0.0007549,0.0053206,0.0002156,0.0007599
0.005645,2.93e-05,0.0011252,0.0056403,2.95e-05,0.0011294
0.005362,0.0006399,0.0008464,0.0053563,0.0006394,0.0008513
0.0056219,0.0006505,0.0010575,0.005617,0.0006501,0.0010615
0.0055989,0.0014392,0.0008735,0.0055933,0.001438,0.0008766
0.0052646,0.0019356,0.0007923,0.005259,0.0019337,0.0007962
0.0049986,0.002676,0.0008328,0.0049934,0.0026734,0.0008366
0.0048207,0.003191,0.0009418,0.0048161,0.0031881,0.0009452
0.0040871,0.0037873,0.000973,0.0040831,0.0037838,0.0009775
0.0033083,0.0047595,0.0009046,0.0033051,0.004755,0.0009078
0.002716,0.0049429,0.0008399,0.0027132,0.0049379,0.0008438
0.0015695,0.0055768,0.0008935,0.001568,0.0055714,0.0008967
0.0023338,0.0050598,0.0009926,0.0023315,0.0050552,0.0009971
0.0010403,0.0054582,0.0008621,0.0010393,0.0054527,0.0008663
0.0010704,0.0055086,0.0010769,0.0010695,0.0055039,0.0010812
0.0007476,0.0034131,0.0006591,0.0007466,0.0034084,0.0006705
0.0006164,0.0038369,0.0009469,0.0006157,0.0038325,0.0009579
0.0006684,0.0047012,0.001576,0.000668,0.0046979,0.0015857
0.0016426,0.005191,0.0007645,0.0016408,0.0051853,0.0007691
0.0018713,0.0053239,0.0010687,0.0018697,0.0053193,0.0010729
0.000291,0.0058155,0.0008777,0.0002907,0.0058099,0.0008806
-0.0002492,0.0057309,0.0009296,-0.0002489,0.0057255,0.000933
-0.0009135,0.0057542,0.0008994,-0.0009125,0.0057487,0.0009023
-0.0014252,0.0055037,0.0008448,-0.0014237,0.0054982,0.0008484
-0.0025496,0.0052139,0.0008653,-0.002547,0.0052088,0.0008684
-0.0020722,0.0053151,0.0008714,-0.00207,0.0053098,0.0008749
-0.0033044,0.0045749,0.0010794,-0.0033013,0.004571,0.0010837
-0.0028561,0.002875,0.0010701,-0.0028528,0.0028719,0.0010809
-0.002653,0.0038256,0.00164,-0.002651,0.0038231,0.0016503
-0.0036742,0.0044257,0.0008648,-0.0036704,0.0044213,0.0008682
-0.0045561,0.0033656,0.0010167,-0.0045517,0.0033626,0.0010208
-0.003751,0.0028392,0.0016383,-0.0037482,0.0028374,0.0016484
-0.0051753,0.0026362,0.000913,-0.0051701,0.0026339,0.0009161
-0.0045503,0.0027714,0.0007823,-0.0045449,0.0027685,0.0007874
-0.0051316,0.0020967,0.0008491,-0.005126,0.0020947,0.0008534
-0.0049057,0.0027949,0.0010673,-0.0049011,0.0027926,0.0010714
-0.0056791,0.0012977,0.0009055,-0.0056734,0.0012967,0.0009084
-0.005128,0.0014812,0.000758,-0.0051221,0.0014798,0.000763
-0.0056499,0.0008127,0.0008626,-0.005644,0.0008122,0.000866
-0.0054485,0.0015206,0.0010398,-0.0054434,0.0015194,0.0010439
-0.0058535,0.0003957,0.0008617,-0.0058475,0.0003956,0.0008642
-0.0055806,0.000156,0.0008199,-0.0055745,0.0001561,0.0008237
-0.0052147,-8.14e-05,0.0006971,-0.0052083,-8.1e-05,0.0007024
-0.0023526,0.0006437,0.0003409,-0.0023486,0.0006428,0.0003537
-0.001843,0.0001985,0.0005417,-0.00184,0.0001984,0.0005559
-0.0018305,0.0001617,0.000731,-0.0018277,0.0001617,0.0007457
-0.0029053,0.0004573,0.0008265,-0.0029012,0.0004569,0.0008396
-0.0036575,0.0001263,0.001333,-0.0036537,0.0001264,0.0013457
-0.0058051,-0.0002329,0.0008896,-0.0057992,-0.0002324,0.0008925
-0.0055603,-0.0004917,0.001034,-0.005555,-0.000491,0.0010383
-0.0047248,-0.0006338,0.0016973,-0.0047216,-0.0006331,0.0017072
-0.0055491,0.0002207,0.0010912,-0.0055441,0.0002208,0.0010957
-0.0054791,-0.0004938,0.0007852,-0.005473,-0.000493,0.0007894
-0.0057081,-0.0008362,0.0008863,-0.0057023,-0.0008351,0.0008894
-0.0051952,-0.0016697,0.0009131,-0.0051897,-0.0016678,0.0009178
-0.0052553,-0.0025349,0.000835,-0.0052498,-0.0025321,0.0008379
-0.0047818,-0.0031101,0.0008701,-0.0047768,-0.0031067,0.0008736
-0.004498,-0.0035992,0.0009137,-0.0044935,-0.0035955,0.000917
-0.0039229,-0.004201,0.0009067,-0.0039189,-0.0041966,0.00091
-0.003372,-0.0041372,0.0008038,-0.0033681,-0.0041323,0.0008087
-0.003419,-0.0037283,0.0006607,-0.0034146,-0.0037235,0.0006665
-0.0018562,-0.0022698,0.0006418,-0.0018534,-0.0022662,0.0006544
-0.0014359,-0.0033728,0.0010036,-0.0014341,-0.0033686,0.0010152
-0.0028067,-0.0019904,0.0009479,-0.0028031,-0.0019877,0.00096
-0.0027945,-0.003236,0.0014621,-0.002792,-0.003233,0.0014731
-0.0032928,-0.0045087,0.0010118,-0.0032896,-0.0045042,0.001016
-0.0039519,-0.0037796,0.0007963,-0.0039474,-0.0037753,0.0008007
-0.0035842,-0.0038478,0.0009857,-0.0035805,-0.0038437,0.0009914
-0.0026199,-0.0047061,0.0006747,-0.0026166,-0.0047003,0.0006792
0.0051289,-0.0024529,0.000865,0.0051237,-0.0024502,0.0008686
0.0047909,-0.0032147,0.0008403,0.0047859,-0.0032112,0.0008434
0.0047483,-0.002308,0.0009702,0.0047435,-0.0023054,0.0009758
0.002061,-0.0021884,0.000597,0.002058,-0.0021849,0.0006093
0.0019634,-0.002133,0.000809,0.0019608,-0.0021299,0.0008221
0.001289,-0.0009526,0.0015911,0.0012878,-0.0009514,0.0016086
0.0028581,-0.001968,0.0009095,0.0028545,-0.0019653,0.0009215
0.0038712,-0.0017819,0.0014445,0.0038679,-0.0017801,0.0014556
0.0036557,-0.0017956,0.0018045,0.0036532,-0.0017942,0.0018173
0.0028728,-0.0008993,0.0027143,0.0028713,-0.0008986,0.0027328
0.0051898,-0.0021719,0.0010737,0.0051851,-0.0021698,0.0010779
0.0032398,0.0012311,0.015958,0.0032388,0.0012304,0.0160235
0.0028508,0.0010012,0.0158606,0.0028498,0.0010004,0.0159263
0.0012395,0.001155,0.0158224,0.0012391,0.0011543,0.0158885
0.0011815,3.31e-05,0.0157228,0.001181,3.27e-05,0.0157888
0.0020729,3.2e-06,0.015224,0.002072,2.8e-06,0.0152891
0.0025325,3.13e-05,0.0144452,0.0025312,3.1e-05,0.0145087
0.0031347,0.0001361,0.0160575,0.0031338,0.0001356,0.0161232
0.0035491,7.71e-05,0.0156131,0.0035477,7.68e-05,0.0156781
0.0035523,2.93e-05,0.0152125,0.0035508,2.89e-05,0.015277
0.0033795,0.0002806,0.0135848,0.0033776,0.0002802,0.0136461
0.0019549,-0.0003659,0.0151259,0.001954,-0.000366,0.0151908
0.0026015,-0.0004328,0.0144363,0.0026002,-0.0004329,0.0144997
0.0030738,-0.0002939,0.0158495,0.0030728,-0.0002942,0.015915
0.0028426,-0.000288,0.0161241,0.0028418,-0.0002883,0.0161901
0.0011024,-0.0003779,0.0159177,0.001102,-0.0003782,0.0159839
0.00351,-0.0002749,0.015626,0.0035088,-0.0002752,0.0156911
0.0031098,-0.0007539,0.0159045,0.0031088,-0.0007541,0.0159699
0.0032579,-0.001455,0.0158966,0.0032568,-0.001455,0.0159618
0.003252,-0.001147,0.0157867,0.0032508,-0.001147,0.0158519
0.0012527,-0.0028421,0.0159537,0.0012523,-0.0028417,0.0160192
0.0012572,-0.0026604,0.014434,0.0012565,-0.0026594,0.0144972
0.0003418,-0.0021,0.0151844,0.0003416,-0.0020995,0.0152493
0.000481,-0.0027034,0.0144167,0.0004807,-0.0027024,0.01448
0.0006157,-0.0034412,0.0160737,0.0006154,-0.0034407,0.016139
0.0006697,-0.0028561,0.0158925,0.0006694,-0.0028556,0.015958
0.0005765,-0.0012679,0.0159916,0.0005763,-0.0012679,0.0160578
-0.0002142,-0.001922,0.0151652,-0.0002143,-0.0019216,0.0152301
-0.0002442,-0.0025314,0.0144683,-0.0002442,-0.0025305,0.0145317
0.0003427,-0.0032702,0.0159486,0.0003425,-0.0032696,0.016014
0.0002787,-0.0035534,0.015601,0.0002786,-0.0035524,0.0156658
-0.0006674,-0.0029922,0.0158624,-0.0006672,-0.0029916,0.0159278
-0.0005143,-0.0013739,0.0159594,-0.0005143,-0.0013739,0.0160256
-0.0009304,-0.0031742,0.0160084,-0.0009302,-0.0031737,0.0160738
-0.0014135,-0.0032163,0.0159225,-0.0014131,-0.0032157,0.0159877
-0.0020745,-0.0028903,0.0159095,-0.0020739,-0.0028898,0.0159747
-0.0023256,-0.0025993,0.0159075,-0.0023249,-0.0025988,0.0159727
-0.0027996,-0.0017842,0.0159824,-0.0027988,-0.001784,0.0160479
-0.0028506,-0.0014192,0.0158564,-0.0028497,-0.0014191,0.0159218
-0.0017584,-0.001042,0.0151113,-0.0017578,-0.0010419,0.0151761
-0.0023818,-0.0012291,0.0142796,-0.0023807,-0.0012288,0.0143427
-0.0026002,-0.0011992,0.0137016,-0.0025989,-0.0011988,0.0137633
-0.0021431,-0.0008016,0.0118364,-0.0021428,-0.0008016,0.0118927
-0.0031866,-0.0014942,0.0159965,-0.0031858,-0.0014941,0.0160618
-0.0034997,-0.0005081,0.0160126,-0.0034987,-0.0005084,0.016078
-0.0017814,-0.000474,0.0150422,-0.0017808,-0.000474,0.015107
-0.0024628,-0.0005289,0.0144204,-0.0024617,-0.000529,0.0144838
-0.0032986,-0.0004539,0.0136244,-0.0032968,-0.0004539,0.0136858
-0.0034707,-0.0002651,0.0159497,-0.0034697,-0.0002654,0.0160151
-0.0034537,6.09e-05,0.0159867,-0.0034527,6.05e-05,0.0160521
-0.0017954,0.0002951,0.0152292,-0.0017948,0.0002946,0.0152943
-0.0025008,0.0002343,0.0143575,-0.0024997,0.0002339,0.0144209
-0.0034737,0.0004679,0.0159848,-0.0034727,0.0004674,0.0160503
-0.0034977,0.000862,0.0159479,-0.0034967,0.0008614,0.0160133
-0.0016785,0.0011412,0.0152215,-0.0016779,0.0011404,0.0152867
-0.0024769,0.0010995,0.0143929,-0.0024757,0.0010987,0.0144563
-0.0032827,0.001096,0.015885,-0.0032818,0.0010953,0.0159504
-0.0026586,0.001314,0.0159797,-0.0026578,0.0013132,0.0160455
-0.0032047,0.0015651,0.015936,-0.0032038,0.0015642,0.0160015
-0.0017616,0.0030502,0.0158926,-0.0017611,0.0030489,0.0159581
0.0023885,-0.0052898,0.0008966,0.0023862,-0.0052843,0.0008998
0.0009657,-0.0054369,0.0009212,0.0009648,-0.0054311,0.0009257
0.0017414,-0.0052682,0.0007949,0.0017396,-0.0052623,0.0007991
0.0028594,-0.0045493,0.0007582,0.0028562,-0.0045438,0.0007629
0.0003237,0.0016343,0.0150297,0.0003236,0.0016333,0.0150946
0.0003179,0.002292,0.0142642,0.0003177,0.0022906,0.0143275
0.0005101,0.0023845,0.0136392,0.0005098,0.0023831,0.013701
0.0007606,0.0022039,0.0116953,0.0007604,0.0022032,0.0117511
0.0004811,0.0031777,0.0137503,0.0004808,0.0031757,0.0138122
0.0004306,0.0035113,0.015886,0.0004304,0.0035099,0.0159515
0.0014531,0.0024669,0.0144918,0.0014524,0.0024654,0.0145554
0.0009116,0.0034264,0.0158651,0.0009113,0.0034249,0.0159306
0.0013536,0.0029653,0.0158639,0.0013532,0.0029639,0.0159295
0.0040092,-0.0037973,0.0007743,0.0040047,-0.0037928,0.0007784
0.0053047,-0.0017162,0.0009501,0.0052995,-0.0017144,0.0009545
0.0030769,0.0016894,0.0009398,0.0030732,0.0016875,0.0009519
0.00206,0.0017745,0.0008761,0.0020573,0.0017724,0.0008898
0.0039812,0.001564,0.0015036,0.003978,0.0015629,0.0015149
0.0037537,0.0015465,0.0017761,0.003751,0.0015456,0.0017889
0.0030633,0.0005774,0.0024989,0.0030616,0.0005773,0.0025165
0.0053527,0.0011941,0.0009774,0.0053475,0.0011931,0.0009822
0.0047695,0.0014646,0.0008704,0.0047643,0.0014632,0.0008772
0.0021903,0.0018531,0.0006422,0.0021871,0.0018506,0.000655
0.0020371,0.0008587,0.0005305,0.0020339,0.0008576,0.0005441
0.0033902,0.0001946,0.0009672,0.0033861,0.0001946,0.0009796
0.0041013,0.0004142,0.001414,0.0040977,0.0004141,0.0014256
0.0052357,0.0007396,0.0009962,0.0052306,0.000739,0.001002
0.0055252,0.0005207,0.0012162,0.0055208,0.0005205,0.0012211
0.0053522,0.0007894,0.00135,0.0053482,0.000789,0.0013561
0.0047104,0.0002583,0.0020405,0.004708,0.0002583,0.0020519
0.0051124,0.0022275,0.0010365,0.0051078,0.0022256,0.0010411
0.0045511,0.0033191,0.0010625,0.004547,0.0033163,0.001067
0.0035407,0.0043513,0.0010227,0.0035374,0.0043475,0.0010271
0.0029497,0.004854,0.0010637,0.002947,0.0048499,0.0010678
0.0017309,0.0029147,0.0009078,0.0017288,0.0029112,0.0009201
0.0018055,0.0037358,0.0015122,0.001804,0.0037328,0.001524
0.0023951,0.0044866,0.0008631,0.0023924,0.0044818,0.0008694
0.0008902,0.0029792,0.0008954,0.000889,0.0029756,0.0009084
0.0006891,0.0036477,0.0013355,0.0006885,0.0036443,0.0013482
0.0005112,0.0044115,0.0018572,0.0005109,0.0044089,0.001869
0.0004506,0.0056453,0.0010247,0.0004503,0.0056403,0.0010286
-0.0003488,0.0029605,0.0009173,-0.0003483,0.0029569,0.0009307
-0.0004959,0.003613,0.0013629,-0.0004954,0.0036096,0.0013758
-0.0004099,0.0035729,0.0016728,-0.0004095,0.0035701,0.0016868
-0.0008477,0.0024315,0.0025208,-0.0008472,0.0024302,0.0025396
-0.0001628,0.0043014,0.0018006,-0.0001626,0.0042986,0.0018127
-0.000845,0.0054959,0.0009622,-0.0008441,0.0054907,0.0009666
-0.0013498,0.0054901,0.0010817,-0.0013485,0.0054854,0.0010859
-0.0017135,0.0028902,0.0009489,-0.0017113,0.0028868,0.0009614
-0.0014738,0.0036587,0.0014291,-0.0014724,0.0036556,0.0014412
-0.0025528,0.0050481,0.0010539,-0.0025504,0.0050437,0.001058
-0.0030982,0.0015056,0.001002,-0.0030944,0.001504,0.0010144
-0.0028024,0.0027629,0.0013713,-0.0027997,0.0027605,0.0013834
-0.0036879,0.0014828,0.0014109,-0.0036843,0.0014816,0.001423
-0.0036742,0.0024926,0.0019385,-0.0036718,0.0024913,0.0019505
-0.0055452,0.0005871,0.0009921,-0.0055398,0.0005868,0.0009964
-0.0045391,0.0001287,0.0019791,-0.0045363,0.0001288,0.0019908
-0.0029307,-0.0008007,0.0009068,-0.0029268,-0.0007994,0.0009199
-0.003748,-0.0007647,0.0013899,-0.0037443,-0.0007637,0.0014022
-0.0035909,-0.0006436,0.0016879,-0.0035878,-0.0006429,0.0017016
-0.0045381,-0.0006738,0.0019998,-0.0045355,-0.0006732,0.0020114
-0.0055588,-0.0011715,0.0010487,-0.0055537,-0.0011702,0.0010526
-0.0036673,-0.0016644,0.0014612,-0.003664,-0.0016627,0.001473
-0.0051439,-0.0022788,0.0010195,-0.005139,-0.0022764,0.0010236
-0.0046058,-0.0025172,0.0009741,-0.004601,-0.0025144,0.0009798
-0.0045869,-0.0033802,0.0010915,-0.0045828,-0.003377,0.0010954
-0.0016158,-0.0039799,0.001421,-0.0016143,-0.0039762,0.0014318
-0.0020624,-0.0052975,0.0010311,-0.0020604,-0.0052924,0.001035
-0.0020272,-0.0049232,0.0008951,-0.0020249,-0.0049178,0.0009003
-0.0027275,-0.004888,0.0010121,-0.0027248,-0.0048831,0.0010163
0.0052324,-0.0010117,0.000944,0.0052271,-0.0010105,0.0009494
0.0047642,-0.0009301,0.0008524,0.0047588,-0.0009288,0.0008596
0.002068,-0.0007573,0.0005663,0.0020648,-0.0007559,0.0005801
0.0033731,-0.0009415,0.0008897,0.0033689,-0.0009401,0.0009016
0.0037785,-0.0004872,0.0013778,0.003775,-0.0004865,0.0013902
0.0031981,0.0008103,0.0154831,0.0031968,0.0008096,0.0155482
0.003488,0.0005392,0.0156042,0.0034867,0.0005387,0.0156692
0.003052,-0.0002349,0.0155068,0.0030508,-0.0002352,0.0155719
0.0034043,-0.0002808,0.0152293,0.0034028,-0.0002811,0.0152938
0.0029349,9.31e-05,0.0156876,0.0029338,9.27e-05,0.015753
0.0034081,-0.000948,0.015544,0.0034068,-0.000948,0.0156088
0.0032312,-0.001406,0.0154509,0.0032298,-0.0014059,0.0155157
0.0029961,-0.0018341,0.0155777,0.0029949,-0.0018338,0.0156426
0.0029032,-0.0019811,0.0152639,0.002902,-0.0019807,0.0153284
0.0019874,-0.001266,0.0142799,0.0019864,-0.0012657,0.0143431
0.0024318,-0.0020531,0.0159621,0.002431,-0.0020528,0.0160275
0.002617,-0.0022011,0.0155226,0.002616,-0.0022007,0.0155874
0.0015888,-0.0029712,0.0158849,0.0015882,-0.0029706,0.0159502
0.0014469,-0.0032163,0.0155123,0.0014463,-0.0032155,0.015577
0.001871,-0.0029513,0.0155214,0.0018702,-0.0029505,0.0155861
0.0010919,-0.0033633,0.0154782,0.0010914,-0.0033624,0.0155429
-6.63e-05,-0.0035414,0.0155599,-6.63e-05,-0.0035405,0.0156247
0.0002937,-0.0031753,0.0155359,0.0002936,-0.0031745,0.0156008
0.0001728,-0.0035915,0.0151794,0.0001727,-0.0035904,0.0152435
4.17e-05,-0.0036314,0.0158088,4.16e-05,-0.0036305,0.0158738
-0.0002783,-0.0030892,0.0158525,-0.0002783,-0.0030886,0.0159178
-0.0001423,-0.0032043,0.0154669,-0.0001423,-0.0032035,0.0155317
-0.0001072,-0.0035625,0.0152303,-0.0001073,-0.0035613,0.0152946
-0.0005503,-0.0033193,0.0154829,-0.0005502,-0.0033184,0.0155476
-0.0008974,-0.0032563,0.0155088,-0.0008971,-0.0032555,0.0155736
-0.0012924,-0.0032824,0.0155268,-0.001292,-0.0032815,0.0155915
-0.0021225,-0.0028713,0.0155837,-0.0021219,-0.0028707,0.0156485
-0.0019225,-0.0028854,0.0153229,-0.0019218,-0.0028846,0.0153874
-0.0019166,-0.0021383,0.0143227,-0.0019158,-0.0021376,0.0143857
-0.0018408,-0.0026638,0.0135972,-0.0018399,-0.0026627,0.0136584
-0.0023696,-0.0025723,0.0155148,-0.0023688,-0.0025718,0.0155795
-0.0028497,-0.0021763,0.0155558,-0.0028487,-0.0021758,0.0156206
-0.0027837,-0.0021943,0.0152141,-0.0027826,-0.0021937,0.0152784
-0.0025632,-0.0019615,0.0135832,-0.0025619,-0.0019607,0.0136445
-0.0031917,-0.0013962,0.0155318,-0.0031906,-0.001396,0.0155967
-0.0030776,-0.0009421,0.0160374,-0.0030768,-0.0009423,0.016103
-0.0032497,-0.0009991,0.0155568,-0.0032486,-0.0009991,0.0156217
-0.0034788,-0.0008181,0.0156009,-0.0034776,-0.0008182,0.0156658
-0.0035638,-0.000266,0.015579,-0.0035626,-0.0002663,0.0156439
-0.0035508,0.00017,0.015658,-0.0035496,0.0001696,0.015723
-0.0034918,0.000509,0.0155661,-0.0034906,0.0005085,0.0156311
-0.0034498,0.0008221,0.0155702,-0.0034486,0.0008214,0.0156352
-0.0031198,0.0017572,0.0155614,-0.0031187,0.0017562,0.0156264
-0.0020736,0.0027671,0.0159944,-0.0020731,0.0027659,0.01606
-0.0017227,0.0029974,0.0155208,-0.0017221,0.002996,0.0155859
-0.0021437,0.0028514,0.0155807,-0.002143,0.00285,0.0156458
-0.0022447,0.0026346,0.01517,-0.0022439,0.0026331,0.0152346
-0.0015806,0.0019548,0.014376,-0.0015799,0.0019536,0.0144394
-0.0017999,0.0025175,0.0136288,-0.001799,0.0025159,0.0136905
0.0006736,0.0033665,0.0155602,0.0006734,0.0033649,0.0156254
0.0002606,0.0034975,0.0155602,0.0002605,0.0034959,0.0156254
0.0035501,-0.000602,0.015641,0.0035488,-0.0006021,0.015706
0.003256,-0.0005489,0.0155928,0.0032548,-0.0005491,0.0156579
-0.0008792,-0.0055304,0.0006264,-0.000878,-0.0055236,0.0006299
-0.0008915,-0.0051253,0.000521,-0.0008902,-0.0051184,0.0005259
-0.0002258,-0.0057599,0.0009304,-0.0002254,-0.0057541,0.0009336
-0.0009839,-0.005604,0.0008336,-0.0009828,-0.0055979,0.0008371
0.0018064,-0.0030639,0.0009613,0.0018043,-0.0030599,0.0009732
0.0018423,-0.0037827,0.0014495,0.0018407,-0.0037792,0.0014608
0.0016304,-0.0037522,0.0017867,0.0016293,-0.0037492,0.0017994
0.000976,-0.002976,0.0027425,0.0009755,-0.0029743,0.0027607
0.0016694,-0.0053722,0.0010082,0.0016679,-0.0053669,0.0010125
0.0015857,-0.005012,0.0008274,0.001584,-0.0050062,0.0008329
0.0006902,-0.0022387,0.000534,0.0006892,-0.0022349,0.0005475
0.0005468,-0.0033921,0.000992,0.0005462,-0.0033877,0.0010043
0.0006982,-0.0038311,0.0014336,0.0006976,-0.0038273,0.0014458
0.0016398,0.0031975,0.0156184,0.0016391,0.003196,0.0156835
0.0022239,0.0026764,0.0155654,0.002223,0.0026751,0.0156305
0.0023361,0.0025526,0.0152027,0.002335,0.0025512,0.0152673
0.0018057,0.0024636,0.0135954,0.0018047,0.002462,0.0136569
0.002905,0.0019704,0.0155414,0.0029039,0.0019693,0.0156064
0.003137,0.0015773,0.0156383,0.0031358,0.0015764,0.0157034
0.0047336,-0.003011,0.0010208,0.0047292,-0.0030079,0.0010249
0.0057239,-0.0002582,0.0010391,0.0057189,-0.0002577,0.0010427
0.0054311,-0.0004226,0.0012314,0.0054267,-0.000422,0.0012369
0.0054583,9.49e-05,0.0012097,0.0054538,9.5e-05,0.0012151
0.0025939,0.0023764,0.0155534,0.0025929,0.0023752,0.0156185
-0.0009435,0.0033955,0.015547,-0.0009432,0.0033939,0.0156121
-0.0013626,0.0031734,0.0156148,-0.0013622,0.0031719,0.01568
0.0027775,-0.0028317,0.0014047,0.002775,-0.0028289,0.0014166
0.002302,-0.0051672,0.0010203,0.0023,-0.0051622,0.0010244
0.0028801,-0.0047978,0.0010349,0.0028775,-0.004793,0.0010392
0.0010227,0.0034046,0.0154804,0.0010223,0.0034029,0.0155455
0.0046297,0.0031037,0.0012116,0.0046259,0.0031013,0.0012166
0.0044251,0.0030983,0.0013615,0.0044218,0.0030962,0.0013677
0.0030056,0.0027128,0.0014606,0.003003,0.0027106,0.0014726
0.0037509,0.0024867,0.0019188,0.0037486,0.0024855,0.0019306
0.0048941,0.0027484,0.0010527,0.0048897,0.0027461,0.0010571
0.0047509,0.0026483,0.0011911,0.0047469,0.0026463,0.0011967
0.0050746,0.002124,0.001225,0.0050705,0.0021225,0.0012303
0.0039721,0.0037606,0.0011795,0.0039687,0.0037576,0.0011849
0.0025607,0.0047503,0.0011674,0.0025585,0.0047464,0.0011731
0.0036205,0.0041508,0.0012025,0.0036175,0.0041476,0.0012077
0.0033415,0.0041976,0.001352,0.003339,0.0041946,0.0013583
0.0028517,0.0033249,0.0020119,0.00285,0.0033232,0.0020244
0.0015529,0.0053831,0.001214,0.0015517,0.0053789,0.0012187
0.002011,0.0051012,0.0011929,0.0020093,0.0050971,0.0011981
0.0011418,0.0053614,0.0012239,0.0011408,0.0053572,0.0012293
0.0003559,0.0054225,0.0011818,0.0003556,0.0054181,0.0011872
-0.000204,0.0055335,0.0012071,-0.0002038,0.0055292,0.001212
-0.000795,0.005462,0.0011751,-0.0007942,0.0054575,0.0011801
-0.0012866,0.0053582,0.0012327,-0.0012855,0.005354,0.0012379
-0.0019391,0.0052599,0.0010028,-0.0019372,0.005255,0.0010071
-0.0020175,0.0045989,0.0008643,-0.0020151,0.004594,0.0008708
-0.0019505,0.0019467,0.0006026,-0.0019474,0.001944,0.0006156
-0.0018527,0.0051356,0.0011587,-0.001851,0.0051313,0.001164
-0.0026098,0.0047254,0.0011705,-0.0026074,0.0047214,0.0011762
-0.004989,0.0024428,0.0012139,-0.0049848,0.002441,0.0012189
-0.00512,0.0020239,0.001021,-0.005115,0.0020222,0.0010258
-0.0045329,0.0022302,0.0008469,-0.0045276,0.0022279,0.0008533
-0.0047549,0.0021794,0.0010686,-0.0047502,0.0021775,0.0010747
-0.0052071,0.0016676,0.0011782,-0.0052025,0.0016664,0.0011835
-0.0054662,0.0005531,0.001201,-0.0054616,0.0005529,0.0012061
-0.0055496,2.24e-05,0.0012153,-0.005545,2.27e-05,0.0012201
-0.0053294,-0.0003297,0.0011602,-0.0053246,-0.0003291,0.001166
-0.0053193,-0.0007891,0.0012296,-0.0053148,-0.0007882,0.0012353
-0.0048025,-0.0013878,0.0010704,-0.0047977,-0.0013862,0.0010775
-0.0047858,-0.001993,0.0010654,-0.0047811,-0.0019908,0.0010716
-0.0047832,-0.0029149,0.0010706,-0.0047788,-0.002912,0.001075
-0.0042356,-0.0029263,0.0010831,-0.0042314,-0.0029233,0.0010896
-0.0045716,-0.0027453,0.0013792,-0.0045681,-0.002743,0.0013856
-0.0035061,-0.0028899,0.0019766,-0.003504,-0.0028881,0.0019882
-0.0021165,-0.0022722,0.0008424,-0.0021136,-0.0022689,0.0008551
-0.0027254,-0.0017592,0.0012306,-0.0027224,-0.0017571,0.001244
-0.0036449,-0.0016422,0.0018038,-0.0036422,-0.0016407,0.0018168
-0.0043047,-0.0034385,0.0011705,-0.004301,-0.0034354,0.0011755
-0.0036507,-0.0038808,0.0012925,-0.0036476,-0.0038775,0.0012986
0.0051583,-0.0003862,0.0010922,0.0051534,-0.0003856,0.0010986
0.0053874,-0.0004496,0.001399,0.0053836,-0.0004491,0.0014051
0.0050158,-0.0021187,0.0012126,0.0050117,-0.0021168,0.001218
0.0051575,-0.0012139,0.0011727,0.0051531,-0.0012126,0.0011788
0.0006938,-0.0033844,0.0154721,0.0006935,-0.0033834,0.0155368
-0.0016205,-0.0030173,0.0155767,-0.00162,-0.0030166,0.0156416
-0.0029517,-0.0017952,0.0155767,-0.0029507,-0.0017949,0.0156417
-0.0034388,0.0011251,0.0156023,-0.0034377,0.0011243,0.0156673
-0.0031077,0.0010851,0.0155272,-0.0031067,0.0010844,0.0155922
-0.0031147,0.0008331,0.015664,-0.0031137,0.0008324,0.0157292
-0.0034409,0.0009822,0.0152755,-0.0034396,0.0009815,0.0153401
-0.0028427,0.0020223,0.0155175,-0.0028418,0.0020212,0.0155825
-0.0029309,0.0019744,0.0152068,-0.0029297,0.0019733,0.0152714
-0.0025312,0.0017771,0.0136575,-0.0025299,0.0017759,0.0137192
0.003386,0.0010873,0.0156153,0.0033847,0.0010865,0.0156803
0.0050639,0.001298,0.0012935,0.0050599,0.0012971,0.0013004
0.0030779,0.0005372,0.0156099,0.0030768,0.0005366,0.0156751
0.0035002,0.0003623,0.0152855,0.0034988,0.0003618,0.0153501
-0.0015237,-0.0053037,0.0010346,-0.0015222,-0.0052985,0.0010393
0.0017919,0.0030976,0.0153227,0.0017911,0.003096,0.0153874
0.0018934,0.0001724,0.0143524,0.0018925,0.000172,0.014416
0.0026022,0.0001596,0.0135654,0.0026008,0.0001592,0.013627
0.0034276,0.0001977,0.0129493,0.0034256,0.0001974,0.0130088
0.0031551,0.0001342,0.015347,0.0031538,0.0001338,0.0154119
0.002776,8.92e-05,0.0153577,0.0027748,8.88e-05,0.0154227
0.0011248,0.0003902,0.014982,0.0011243,0.0003897,0.015047
0.0010687,-0.0004818,0.0151908,0.0010682,-0.000482,0.015256
0.0017424,-0.0005138,0.0143462,0.0017415,-0.0005139,0.0144098
0.0025661,-0.0003467,0.0136692,0.0025648,-0.0003468,0.013731
0.0035765,1.63e-05,0.0148719,0.0035748,1.59e-05,0.0149358
-0.0002532,-0.005545,0.0006083,-0.0002528,-0.005538,0.000612
-0.000343,-0.0054301,0.0007932,-0.0003425,-0.0054239,0.0007976
-0.0001319,-0.0055903,0.0011568,-0.0001317,-0.0055854,0.0011613
0.0018733,0.0009526,0.0144068,0.0018724,0.0009518,0.0144705
0.0032742,0.0011834,0.0152826,0.0032728,0.0011826,0.0153472
0.0029571,0.0007403,0.0151702,0.0029558,0.0007396,0.0152349
0.0004299,-0.0056347,0.001087,0.0004297,-0.0056295,0.0010911
0.0004497,-0.0055061,0.0012462,0.0004495,-0.0055014,0.0012513
0.0009261,-0.0052899,0.0011434,0.0009253,-0.005285,0.0011491
0.0019598,-0.0051924,0.0011946,0.0019582,-0.0051878,0.0011995
0.0016051,-0.0049734,0.0010923,0.0016036,-0.0049685,0.0010985
0.0005128,-0.0054273,0.0007713,0.0005123,-0.005421,0.0007757
0.0047649,-0.0027195,0.0012022,0.0047609,-0.0027171,0.0012073
-0.0001154,0.0034976,0.0154712,-0.0001154,0.0034959,0.0155363
-0.0001244,0.0035408,0.0151496,-0.0001244,0.0035389,0.0152141
-0.0003543,0.0017233,0.0150407,-0.0003543,0.0017223,0.0151056
-0.0002453,0.0025389,0.0144063,-0.0002452,0.0025374,0.0144699
-0.0002362,0.0031449,0.0135923,-0.0002361,0.0031429,0.0136539
-7.85e-05,0.0035283,0.0159149,-7.85e-05,0.0035268,0.0159805
-0.0004945,0.0034703,0.0159698,-0.0004944,0.0034688,0.0160354
-0.0010585,0.0017008,0.0143414,-0.0010581,0.0016997,0.014405
-0.0015766,0.0031717,0.0150954,-0.001576,0.00317,0.0151598
-0.0032069,0.0044018,0.0012266,-0.0032041,0.0043983,0.0012322
-0.0030961,0.0043164,0.0013953,-0.0030936,0.0043133,0.001402
-0.0026978,0.003639,0.00196,-0.0026962,0.003637,0.0019718
-0.0044916,0.0030875,0.0012182,-0.0044876,0.0030851,0.0012238
-0.0018003,-0.005089,0.0011437,-0.0017986,-0.0050842,0.0011492
-0.0027524,-0.0045209,0.0012948,-0.00275,-0.0045171,0.0013011
0.0029822,0.0019865,0.0152148,0.0029809,0.0019854,0.0152793
0.0031302,0.0016425,0.0151787,0.0031288,0.0016415,0.0152432
0.001971,-0.0024351,0.0154603,0.0019701,-0.0024346,0.0155252
0.0021741,-0.0022401,0.0151906,0.0021731,-0.0022396,0.0152551
0.0011002,-0.0017152,0.0142613,0.0010997,-0.0017147,0.0143245
0.0019717,-0.0018043,0.0137958,0.0019707,-0.0018037,0.0138577
0.0025442,-0.0020531,0.0151648,0.002543,-0.0020526,0.0152292
0.0031644,-0.0016091,0.0150833,0.0031629,-0.0016087,0.0151475
0.0014227,-0.0027268,0.0135864,0.0014219,-0.0027256,0.0136477
0.001688,-0.0026992,0.0153353,0.0016872,-0.0026985,0.0154
0.0016201,-0.0030774,0.0151107,0.0016193,-0.0030764,0.0151749
0.001316,-0.0033294,0.0151147,0.0013154,-0.0033283,0.0151788
0.0008187,-0.0007336,0.0117988,0.0008187,-0.0007338,0.0118555
0.0007498,-0.0021639,0.0104492,0.0007496,-0.0021634,0.0104997
0.000503,-0.0018223,0.014227,0.0005028,-0.0018217,0.0142902
0.0005762,-0.0027637,0.0137307,0.0005759,-0.0027626,0.0137924
0.0008629,-0.0031543,0.0151723,0.0008625,-0.0031534,0.0152367
0.0007359,-0.0028272,0.0151671,0.0007355,-0.0028264,0.0152316
0.0004957,-0.0011328,0.0151757,0.0004955,-0.0011328,0.0152408
0.0003509,-0.0035636,0.0148498,0.0003507,-0.0035623,0.0149134
-0.0002152,-0.0020853,0.014342,-0.0002151,-0.0020846,0.0144053
-0.0002261,-0.0026767,0.0136445,-0.0002261,-0.0026757,0.013706
-0.0001142,-0.0028112,0.0152658,-0.0001143,-0.0028104,0.0153305
-0.0003702,-0.0011989,0.0150136,-0.0003702,-0.0011988,0.0150784
-0.0001242,-0.0035336,0.0148996,-0.0001242,-0.0035323,0.0149634
-0.0003963,-0.0035565,0.0152932,-0.0003962,-0.0035554,0.0153575
-0.0006053,-0.0030794,0.0151211,-0.0006051,-0.0030784,0.0151854
-0.0010354,-0.0033115,0.0151222,-0.001035,-0.0033104,0.0151864
-0.0008864,-0.0029243,0.0151879,-0.0008861,-0.0029235,0.0152524
-0.0009914,-0.0020063,0.0141662,-0.000991,-0.0020057,0.0142292
-0.0013805,-0.0032525,0.0151012,-0.0013799,-0.0032514,0.0151654
-0.0015945,-0.0029654,0.0151681,-0.0015939,-0.0029645,0.0152324
-0.0020225,-0.0024373,0.0152599,-0.0020218,-0.0024366,0.0153244
-0.0019965,-0.0020752,0.0151628,-0.0019958,-0.0020747,0.0152274
-0.0017646,-0.0013371,0.0143231,-0.0017639,-0.0013368,0.0143864
-0.0018419,-0.0019555,0.0135675,-0.001841,-0.0019548,0.0136289
-0.0019046,-0.0027954,0.0150082,-0.0019038,-0.0027945,0.0150723
-0.0020477,-0.0028826,0.014474,-0.0020467,-0.0028815,0.0145371
-0.001745,-0.0027422,0.0131371,-0.0017441,-0.002741,0.0131971
-0.0025667,-0.0025074,0.015264,-0.0025657,-0.0025067,0.0153284
-0.0024216,-0.0022433,0.0152609,-0.0024207,-0.0022427,0.0153254
-0.0028878,-0.0018953,0.015247,-0.0028866,-0.0018948,0.0153115
-0.0029577,-0.0012531,0.0151311,-0.0029565,-0.0012529,0.0151955
-0.0028148,-0.0021834,0.0148126,-0.0028136,-0.0021827,0.0148763
-0.0027201,-0.0019331,0.012829,-0.0027186,-0.0019322,0.0128882
-0.0032838,-0.0014602,0.0152052,-0.0032826,-0.00146,0.0152695
-0.0030667,-0.0009431,0.015294,-0.0030656,-0.000943,0.0153586
-0.0035398,-0.0006331,0.0153421,-0.0035385,-0.0006331,0.0154067
-0.0017787,-0.0004769,0.0143567,-0.0017779,-0.000477,0.0144203
-0.0025341,-0.0004749,0.0137033,-0.002533,-0.0004749,0.0137652
-0.0032583,-0.0004909,0.0129079,-0.0032567,-0.0004909,0.0129673
-0.0034578,-0.000316,0.0152652,-0.0034565,-0.0003162,0.0153298
-0.0035079,1.61e-05,0.0152683,-0.0035065,1.57e-05,0.0153329
-0.0030118,5.41e-05,0.0151801,-0.0030105,5.37e-05,0.0152447
-0.0025796,0.0001061,0.0152667,-0.0025786,0.0001057,0.0153317
-0.0009383,0.0002521,0.0151943,-0.000938,0.0002517,0.0152596
-0.0016416,9.42e-05,0.0144895,-0.0016409,9.39e-05,0.0145534
-0.002321,0.0001084,0.0138219,-0.00232,0.0001081,0.0138842
-0.0010323,-0.0005479,0.0150635,-0.001032,-0.000548,0.0151285
-0.0009952,0.000185,0.0157964,-0.000995,0.0001846,0.0158625
-0.0035521,0.0001702,0.0148688,-0.0035505,0.0001697,0.0149327
-0.0034821,2.42e-05,0.0145392,-0.0034805,2.39e-05,0.0146025
-0.0032353,0.0002846,0.0129528,-0.0032336,0.0002843,0.0130125
-0.0032531,0.000263,0.0122953,-0.0032515,0.0002626,0.0123529
-0.0005188,0.0005888,0.0118723,-0.0005189,0.0005887,0.0119295
-0.0035559,0.0003711,0.0152774,-0.0035545,0.0003706,0.0153419
-0.0029368,0.0007492,0.0151813,-0.0029356,0.0007485,0.0152459
-0.003469,0.0005232,0.0148479,-0.0034675,0.0005227,0.0149118
-0.0015676,0.0008004,0.0144478,-0.001567,0.0007998,0.0145116
-0.0023621,0.0011108,0.0137765,-0.002361,0.00111,0.0138387
-0.0032189,0.0012233,0.0152196,-0.0032176,0.0012224,0.0152841
-0.0027617,0.0012882,0.0154492,-0.0027607,0.0012873,0.0155142
-0.0031509,0.0016244,0.0151598,-0.0031496,0.0016234,0.0152242
-0.0025678,0.0023295,0.01513,-0.0025668,0.0023282,0.0151944
0.0050393,2.81e-05,0.0011011,0.0050346,2.83e-05,0.0011082
0.0053528,0.000211,0.0013508,0.0053489,0.000211,0.001357
0.0004633,-0.0052386,0.0009687,0.000463,-0.0052331,0.0009744
0.0033786,-0.0039634,0.0009899,0.0033752,-0.0039592,0.0009958
0.0035747,-0.0036988,0.0008311,0.0035707,-0.0036944,0.000837
0.0025881,-0.0044474,0.0010794,0.0025857,-0.0044429,0.0010859
0.003132,-0.0038424,0.0010886,0.0031289,-0.0038384,0.0010959
0.0011218,0.0033588,0.0151068,0.0011213,0.003357,0.0151713
0.0011771,0.0016087,0.0144297,0.0011765,0.0016077,0.0144934
0.0011804,0.0024054,0.0137515,0.0011797,0.0024039,0.0138135
0.0006308,0.0034778,0.0151477,0.0006304,0.003476,0.0152122
0.0027639,0.0014933,0.015568,0.0027628,0.0014924,0.0156332
0.0029248,0.0014572,0.0159169,0.0029238,0.0014563,0.0159824
0.0002457,0.0035347,0.0152106,0.0002455,0.0035329,0.0152752
-0.0003823,0.0016668,0.0143241,-0.0003822,0.0016658,0.0143878
-0.0002302,0.0027225,0.0137154,-0.0002301,0.0027209,0.0137774
-0.0002792,0.0032698,0.0129658,-0.0002791,0.0032678,0.0130256
-0.0003806,-0.0033753,0.0009385,-0.00038,-0.0033709,0.0009508
-0.0003627,-0.0037794,0.0013994,-0.0003622,-0.0037756,0.0014118
-0.0006387,-0.0050782,0.0009609,-0.0006379,-0.0050727,0.0009671
-0.0008545,-0.004852,0.0008493,-0.0008534,-0.0048463,0.0008561
-0.0004741,-0.0022441,0.0005621,-0.0004733,-0.0022403,0.0005757
0.0035142,0.0007343,0.0153885,0.0035128,0.0007337,0.0154532
0.0032191,0.0005053,0.0153272,0.0032178,0.0005047,0.015392
0.0035326,0.0004154,0.014824,0.0035308,0.0004149,0.0148879
-0.0013913,-0.0031786,0.001273,-0.0013898,-0.0031751,0.0012859
-0.0016441,-0.0038298,0.0017543,-0.0016428,-0.0038268,0.0017666
-0.0007207,-0.0009874,0.0023954,-0.0007202,-0.0009865,0.0024156
-0.0005905,-0.0026035,0.003561,-0.0005902,-0.0026021,0.0035827
-0.0019184,-0.0049769,0.0013484,-0.0019168,-0.0049728,0.0013547
-0.002117,-0.0044999,0.0011838,-0.002115,-0.0044955,0.0011913
0.0004653,-0.0049944,0.0010341,0.000465,-0.0049891,0.0010411
0.0005205,-0.0053891,0.0013735,0.0005202,-0.0053848,0.0013795
0.0026801,0.0022146,0.0151777,0.0026789,0.0022133,0.0152423
-0.0005765,0.0034575,0.0155701,-0.0005763,0.0034559,0.0156352
0.0038751,0.0037089,0.0013575,0.0038721,0.0037064,0.0013638
0.0030867,-0.0008974,0.0013082,0.0030836,-0.0008962,0.001322
0.0037209,-0.0005492,0.0016845,0.003718,-0.0005486,0.001698
0.0049624,-0.0005961,0.0011623,0.0049578,-0.0005954,0.0011697
0.004498,-0.0005918,0.0011621,0.0044937,-0.000591,0.0011713
0.0023065,-0.0007935,0.0007991,0.0023034,-0.0007922,0.0008131
0.0019511,0.0002171,0.0008246,0.0019485,0.000217,0.0008394
0.0028204,0.0004563,0.0012135,0.0028173,0.0004561,0.0012278
0.0037858,0.0003757,0.0017511,0.003783,0.0003756,0.0017648
0.0052302,-0.00075,0.0015225,0.0052268,-0.0007493,0.0015296
0.0033864,-0.001123,0.0151173,0.0033848,-0.0011228,0.0151816
0.0033372,-0.0007339,0.0152552,0.0033358,-0.000734,0.0153197
-0.0016677,0.003146,0.0146349,-0.0016669,0.0031442,0.0146986
0.0035822,-0.0004509,0.0153853,0.0035808,-0.0004511,0.0154499
0.0035395,-0.0003888,0.0148788,0.0035379,-0.000389,0.0149427
0.0013978,0.0031986,0.0153645,0.0013972,0.003197,0.0154294
0.0028432,-0.001449,0.0151979,0.0028419,-0.0014488,0.0152624
0.0032416,-0.00137,0.0147287,0.0032399,-0.0013697,0.0147924
0.0051585,0.000595,0.001145,0.0051539,0.0005947,0.0011516
0.0031934,0.0004133,0.0149456,0.0031918,0.0004128,0.0150098
0.0016454,0.005146,0.0014055,0.0016442,0.0051424,0.0014117
0.0019947,0.004763,0.0012792,0.001993,0.0047592,0.0012863
0.002166,0.0041586,0.0010891,0.0021638,0.0041545,0.0010976
0.0015468,0.0027823,0.0012502,0.0015452,0.0027795,0.001264
0.0015853,0.0033707,0.0016856,0.0015841,0.0033681,0.0016992
0.0010504,0.000919,0.0023632,0.0010497,0.0009185,0.0023831
0.0011976,0.0023728,0.0035349,0.0011971,0.0023718,0.0035567
0.0026845,0.0046261,0.0013886,0.0026824,0.0046229,0.0013951
0.00109,0.0052492,0.0013895,0.0010892,0.0052455,0.0013958
0.0017368,0.0050076,0.0015679,0.0017356,0.0050045,0.001575
0.0004521,0.0053211,0.0013669,0.0004518,0.0053172,0.0013733
0.0006346,0.0025211,0.0012175,0.000634,0.0025184,0.0012324
0.0005833,0.003304,0.001626,0.0005829,0.0033013,0.0016405
0.0004178,0.0040342,0.0022768,0.0004176,0.0040323,0.0022913
-0.0002165,0.0053572,0.0014064,-0.0002163,0.0053534,0.0014127
-0.0008634,0.005309,0.0013368,-0.0008627,0.0053051,0.0013429
-0.0013897,0.002644,0.0012,-0.0013881,0.0026412,0.0012142
-0.0013779,0.0034668,0.00177,-0.0013768,0.0034643,0.0017838
-0.0014424,0.005199,0.0013482,-0.0014412,0.0051952,0.0013542
-0.002597,0.0047045,0.0013847,-0.0025949,0.0047011,0.001391
-0.0019992,0.004805,0.0013011,-0.0019975,0.0048012,0.001308
-0.0019288,0.0042965,0.0011695,-0.0019269,0.0042926,0.0011782
-0.0018259,0.0016969,0.0008128,-0.0018233,0.0016948,0.0008269
-0.0038952,0.0036375,0.0013358,-0.003892,0.0036347,0.0013422
-0.0027165,0.0015412,0.0012265,-0.0027134,0.0015397,0.0012404
-0.0025754,0.0024973,0.0016866,-0.0025732,0.0024955,0.0017006
-0.002461,0.0035109,0.0022681,-0.0024597,0.0035093,0.0022817
-0.002385,0.0032378,0.0025904,-0.0023838,0.0032365,0.002606
-0.0008139,0.0006715,0.0022965,-0.0008133,0.0006712,0.0023166
-0.0007304,0.0022702,0.003435,-0.00073,0.0022692,0.0034569
-0.0042435,0.0031204,0.0013473,-0.00424,0.0031182,0.001354
-0.0046988,0.0025168,0.001338,-0.004695,0.0025151,0.0013444
-0.0035848,0.0013455,0.0017038,-0.0035818,0.0013447,0.0017172
-0.0031808,0.0022036,0.0022459,-0.0031789,0.0022025,0.0022608
-0.0042155,0.0024997,0.0012267,-0.0042115,0.0024977,0.0012348
-0.0041337,0.0019867,0.001141,-0.0041294,0.0019849,0.00115
-0.0049078,0.0019146,0.0013165,-0.0049037,0.0019133,0.0013231
-0.0045692,0.002501,0.0015213,-0.0045658,0.0024995,0.0015287
-0.0051713,0.0014218,0.0013646,-0.0051672,0.0014209,0.0013709
-0.0046816,0.0013915,0.0012254,-0.0046772,0.0013904,0.0012334
-0.005352,0.0008854,0.0013978,-0.005348,0.000885,0.0014037
-0.0051746,0.0012005,0.0015584,-0.0051711,0.0011999,0.0015654
-0.0052244,0.000483,0.0013457,-0.0052202,0.0004829,0.0013523
-0.005461,-0.000408,0.0013707,-0.005457,-0.0004075,0.0013762
-0.0051529,-0.0004503,0.0012877,-0.0051485,-0.0004496,0.0012946
-0.0048229,-0.0002999,0.0012078,-0.0048183,-0.0002994,0.001216
-0.0042535,-0.0005935,0.0009609,-0.0042486,-0.0005925,0.0009705
-0.001796,-0.0006985,0.0007794,-0.0017933,-0.0006973,0.0007941
-0.0026218,-0.0005378,0.0011841,-0.0026187,-0.0005369,0.0011987
-0.0026899,0.000399,0.0011927,-0.0026867,0.0003987,0.0012073
-0.0037382,0.0003046,0.0016719,-0.0037351,0.0003046,0.0016853
-0.0020072,-0.0008691,0.0005661,-0.002004,-0.0008675,0.0005799
-0.0052366,-0.0010607,0.0013482,-0.0052325,-0.0010597,0.0013544
-0.0049628,-0.0004265,0.0015827,-0.0049593,-0.000426,0.0015913
-0.004314,-0.0004414,0.0023157,-0.0043117,-0.0004409,0.0023293
-0.0042194,-0.0005292,0.0027398,-0.0042176,-0.0005287,0.0027552
-0.0024911,-0.0009807,0.003505,-0.0024898,-0.0009801,0.0035266
-0.004565,0.0002812,0.0023439,-0.0045629,0.0002813,0.0023568
-0.0047965,-0.0009319,0.0012195,-0.004792,-0.0009308,0.0012275
-0.005116,-0.0008423,0.0015833,-0.0051125,-0.0008415,0.0015909
-0.0049278,-0.0015731,0.0013004,-0.0049236,-0.0015716,0.0013074
-0.0049166,-0.002137,0.0013314,-0.0049127,-0.0021351,0.0013375
-0.0026698,-0.0030127,0.0018705,-0.0026678,-0.0030104,0.0018836
-0.0035283,-0.0027147,0.0023414,-0.0035266,-0.0027134,0.0023546
-0.0034193,-0.0026689,0.0026898,-0.0034179,-0.0026677,0.0027046
-0.0043724,-0.0032622,0.0013559,-0.004369,-0.0032595,0.0013616
-0.0031401,-0.0040442,0.0012217,-0.0031372,-0.0040404,0.0012286
-0.0030937,-0.0033441,0.0011022,-0.0030905,-0.0033404,0.001111
-0.0034388,-0.003511,0.0011146,-0.0034353,-0.0035073,0.0011222
-0.0034197,-0.0035942,0.0014279,-0.003417,-0.0035911,0.001436
0.0040214,-0.003317,0.0010956,0.0040176,-0.0033136,0.0011017
0.0041954,-0.0036107,0.0010087,0.0041914,-0.003607,0.0010133
0.0013632,-0.0031945,0.0147171,0.0013625,-0.0031933,0.0147806
0.0018583,-0.0029174,0.0147172,0.0018573,-0.0029164,0.0147808
0.0010081,-0.0033385,0.0148179,0.0010075,-0.0033373,0.0148816
0.000637,-0.0033865,0.0147199,0.0006366,-0.0033853,0.0147835
0.0002669,-0.0032115,0.0147766,0.0002667,-0.0032103,0.0148404
0.000348,-0.0035547,0.0144963,0.0003478,-0.0035533,0.0145593
-0.0005172,-0.0033625,0.0147646,-0.0005171,-0.0033613,0.0148283
-0.0008484,-0.0033986,0.0147137,-0.000848,-0.0033973,0.0147772
-0.0012474,-0.0033746,0.0148177,-0.0012469,-0.0033734,0.0148812
-0.0017175,-0.0030685,0.0148106,-0.0017168,-0.0030674,0.0148742
-0.0024337,-0.0025754,0.0148385,-0.0024327,-0.0025746,0.0149022
-0.0030109,-0.0018083,0.0148965,-0.0030095,-0.0018077,0.0149603
-0.0032439,-0.0014512,0.0148456,-0.0032425,-0.0014508,0.0149094
-0.003498,-0.0007371,0.0148517,-0.0034965,-0.000737,0.0149155
-0.003541,-0.000267,0.0149506,-0.0035395,-0.0002672,0.0150146
-0.003455,0.0009703,0.014837,-0.0034535,0.0009696,0.0149009
-0.003216,0.0012944,0.014824,-0.0032146,0.0012935,0.014888
-0.003095,0.0017625,0.0148362,-0.0030936,0.0017614,0.0149001
-0.0028639,0.0020716,0.0148513,-0.0028626,0.0020703,0.0149152
-0.002901,0.0019978,0.0144268,-0.0028997,0.0019965,0.01449
-0.0017879,0.0017731,0.0136767,-0.0017871,0.001772,0.0137387
-0.002707,0.0016917,0.0128991,-0.0027056,0.0016906,0.0129587
0.0045831,0.0024331,0.001281,0.0045794,0.0024313,0.001288
0.0045806,0.0018998,0.0011386,0.0045763,0.0018982,0.0011462
0.0029038,0.0014999,0.0012221,0.0029008,0.0014985,0.0012356
0.0050206,0.0019388,0.001374,0.0050169,0.0019376,0.0013803
0.0009607,-0.0031481,0.0012,0.0009597,-0.0031444,0.0012132
0.0006883,-0.0036842,0.001719,0.0006879,-0.003681,0.0017326
0.001048,-0.0052294,0.001336,0.0010472,-0.005225,0.0013424
0.0008993,-0.0044058,0.0010163,0.0008984,-0.0044008,0.0010253
0.0020201,-0.0027483,0.0013276,0.0020181,-0.0027453,0.001341
0.0007228,-0.0019952,0.0007574,0.0007218,-0.0019921,0.0007719
0.0033796,-0.0009929,0.0147608,0.0033779,-0.0009928,0.0148245
0.0025383,0.0023898,0.0148052,0.002537,0.0023883,0.0148691
0.0028963,0.0018917,0.0148431,0.0028949,0.0018905,0.0149071
0.0029706,0.0018448,0.0144616,0.0029691,0.0018436,0.0145249
0.0019388,0.0016272,0.0136154,0.0019378,0.0016261,0.0136772
0.0027449,0.0015657,0.0129728,0.0027434,0.0015646,0.0130325
0.0010697,0.0030485,0.0155241,0.0010693,0.003047,0.0155894
0.0011088,0.0027245,0.0152581,0.0011083,0.002723,0.015323
0.0004348,0.0009342,0.0150148,0.0004345,0.0009335,0.0150798
0.0006339,0.0017457,0.0144294,0.0006336,0.0017447,0.0144932
0.0009689,0.003374,0.0147732,0.0009684,0.0033721,0.0148371
-0.0013889,-0.005171,0.0012212,-0.0013876,-0.0051664,0.0012271
0.0047111,-7.65e-05,0.0011527,0.0047066,-7.62e-05,0.0011613
0.0052599,-5.98e-05,0.0015237,0.0052564,-5.96e-05,0.001531
0.005156,0.0001902,0.0016632,0.0051529,0.0001903,0.0016713
0.0044475,0.0003538,0.0022677,0.0044454,0.0003539,0.0022808
-0.0007985,0.0034768,0.0151535,-0.0007982,0.0034749,0.015218
-0.0012056,0.0033186,0.0152862,-0.0012051,0.0033169,0.015351
-0.0004635,0.0034307,0.0151944,-0.0004633,0.0034289,0.0152591
-0.0007745,0.0030786,0.0151881,-0.0007742,0.003077,0.0152529
-0.0009645,0.0027255,0.0152787,-0.0009642,0.002724,0.0153437
-0.0001423,0.0010191,0.0151437,-0.0001423,0.0010184,0.015209
-0.0010115,0.0033929,0.0148847,-0.0010111,0.003391,0.0149488
-0.0011275,0.0029606,0.0150771,-0.0011271,0.002959,0.0151417
0.0002827,0.003534,0.014825,0.0002826,0.003532,0.0148891
0.0002228,0.0034913,0.0144515,0.0002227,0.0034892,0.0145149
0.0005954,0.0031947,0.0129968,0.000595,0.0031928,0.0130567
-3.73e-05,0.003469,0.014768,-3.73e-05,0.003467,0.014832
0.0021842,0.0027379,0.0148621,0.0021831,0.0027362,0.0149262
0.0020753,0.002824,0.0145835,0.0020742,0.0028223,0.0146471
0.0020456,0.0024265,0.0127852,0.0020445,0.002425,0.0128445
0.0006109,0.003375,0.0147081,0.0006105,0.0033731,0.014772
0.0033965,-0.0006669,0.0148727,0.0033949,-0.0006669,0.0149366
-0.0001721,-0.0052192,0.0009419,-0.0001718,-0.0052135,0.0009477
0.0016989,-0.0050836,0.0013282,0.0016977,-0.0050793,0.0013345
0.0048836,-0.0021626,0.0013691,0.0048799,-0.0021608,0.0013754
0.004452,-0.0023672,0.0012169,0.0044481,-0.0023649,0.0012242
0.0029739,-0.0017485,0.001297,0.0029709,-0.0017464,0.0013101
0.0046061,-0.0027628,0.0013762,0.0046026,-0.0027606,0.0013823
0.0050728,-0.0016523,0.0013143,0.0050688,-0.0016508,0.0013206
0.0046479,-0.0023004,0.0015081,0.0046447,-0.0022986,0.0015155
0.0022824,-0.0048797,0.0013865,0.0022808,-0.0048759,0.0013927
0.0028854,-0.0044785,0.001354,0.0028833,-0.0044747,0.0013603
0.0028922,0.0011144,0.0151044,0.0028909,0.0011136,0.0151689
0.0031313,0.0013435,0.0150467,0.0031299,0.0013426,0.0151111
0.0032525,0.0015076,0.0148631,0.0032509,0.0015066,0.0149271
0.0032615,7.13e-05,0.0146599,0.0032599,7.1e-05,0.0147236
0.0034025,-0.0040523,0.0013057,0.0033998,-0.0040487,0.001312
0.0032836,-0.0034063,0.0011349,0.0032804,-0.0034026,0.0011433
0.0027295,-0.0028721,0.0017824,0.0027276,-0.0028698,0.0017954
0.0031605,-0.0003358,0.0147416,0.0031589,-0.0003359,0.0148055
0.0034608,-0.0003568,0.0144323,0.003459,-0.0003569,0.0144955
0.004932,0.0004976,0.0012631,0.0049278,0.0004973,0.001271
0.005214,0.0004787,0.001514,0.0052105,0.0004786,0.0015214
0.001968,-0.0013562,0.0135248,0.001967,-0.0013558,0.0135862
0.0012556,-0.000884,0.0138012,0.001255,-0.000884,0.0138637
0.002649,-0.0011952,0.0128978,0.0026476,-0.0011949,0.0129574
0.002692,-0.0012971,0.0121495,0.0026907,-0.0012967,0.0122065
0.0023191,-0.0007444,0.0104694,0.0023182,-0.0007442,0.01052
0.0029366,-0.001321,0.0144758,0.0029351,-0.0013207,0.014539
0.0012253,-0.001168,0.0143159,0.0012246,-0.0011678,0.0143794
0.0033786,0.0040062,0.0015171,0.0033763,0.0040036,0.0015245
0.0031153,0.0041111,0.0016779,0.0031134,0.0041087,0.0016861
0.0026913,0.0024197,0.0016849,0.0026892,0.0024179,0.0016988
0.002546,0.0032331,0.0022383,0.0025447,0.0032315,0.0022524
0.0038391,0.0036792,0.0015485,0.0038366,0.0036771,0.0015555
0.0012593,0.0051861,0.0015518,0.0012585,0.0051829,0.0015587
0.0021447,0.0043133,0.0013708,0.0021429,0.0043099,0.0013797
0.0001944,0.0052105,0.0014951,0.0001943,0.005207,0.0015023
-0.0002043,0.0051129,0.0015958,-0.0002041,0.0051096,0.0016039
-0.0003905,0.0027798,0.0011877,-0.0003899,0.0027768,0.0012022
-0.0004529,0.0043066,0.0022659,-0.0004526,0.0043046,0.0022793
-0.0008696,0.0051471,0.0015271,-0.0008689,0.0051437,0.0015345
-0.0014527,0.0050277,0.0015018,-0.0014516,0.0050244,0.001509
-0.0023515,0.0046837,0.001552,-0.0023497,0.0046807,0.0015594
-0.003047,0.0040717,0.0014799,-0.0030446,0.0040689,0.0014878
-0.0042538,0.0030108,0.0015206,-0.0042507,0.0030089,0.001528
-0.0051955,0.0006647,0.0015494,-0.0051919,0.0006645,0.0015567
-0.0051324,-3.56e-05,0.0014126,-0.0051284,-3.53e-05,0.00142
-0.0046786,-0.0019688,0.0015133,-0.0046751,-0.0019672,0.0015212
-0.0042162,-0.0032184,0.0014888,-0.0042132,-0.0032159,0.0014956
0.001399,0.0031019,0.014832,0.0013983,0.0031001,0.0148961
0.0009709,0.0029528,0.0147797,0.0009704,0.0029511,0.0148438
0.0013471,0.0032672,0.0144597,0.0013464,0.0032653,0.014523
0.0039253,-0.0035232,0.0013168,0.0039222,-0.0035201,0.0013233
0.0035133,-0.003427,0.0013934,0.0035105,-0.003424,0.0014017
0.0044278,-0.0028135,0.0015462,0.0044248,-0.0028115,0.0015534
0.0033936,0.0008185,0.0147441,0.0033919,0.0008178,0.0148079
0.0013532,-0.0028985,0.0144942,0.0013525,-0.0028973,0.0145574
0.0011826,-0.0018154,0.0136001,0.001182,-0.0018149,0.0136618
0.0011589,-0.0027503,0.0130332,0.0011582,-0.0027491,0.013093
0.0015943,-0.0026594,0.0144442,0.0015934,-0.0026584,0.0145074
0.0004493,-0.0019826,0.013479,0.000449,-0.001982,0.0135404
0.0004054,-0.0027754,0.0129709,0.0004052,-0.0027743,0.0130306
0.0008701,-0.0032986,0.0144083,0.0008696,-0.0032973,0.0144713
0.000444,-0.0033247,0.0143653,0.0004437,-0.0033233,0.0144282
0.0003549,-0.0027564,0.0146544,0.0003547,-0.0027554,0.0147182
0.000579,-0.001015,0.0145048,0.0005787,-0.0010149,0.0145689
-0.0002272,-0.0011881,0.0143139,-0.0002272,-0.001188,0.0143775
-0.0004033,-0.0012514,0.0136457,-0.0004032,-0.0012512,0.0137079
-0.0006149,-0.0007947,0.0118314,-0.000615,-0.000795,0.0118883
-0.0001181,-0.0021295,0.0137267,-0.0001181,-0.0021289,0.0137887
-0.0002831,-0.0027273,0.0130176,-0.000283,-0.0027263,0.0130774
-0.000203,-0.0025632,0.0122828,-0.000203,-0.0025625,0.0123405
-0.0005692,-0.0022137,0.0104938,-0.0005691,-0.0022132,0.0105445
0.000297,-0.0035499,0.0141907,0.0002968,-0.0035483,0.0142532
6.39e-05,-0.0036017,0.014665,6.38e-05,-0.0036003,0.0147283
-0.0001192,-0.0031994,0.0148175,-0.0001192,-0.0031983,0.0148813
-0.0002442,-0.0030445,0.0144928,-0.0002441,-0.0030433,0.014556
-0.0001771,-0.0035139,0.0141547,-0.0001771,-0.0035123,0.0142171
-0.000115,-0.0036021,0.0137755,-0.000115,-0.0036004,0.013837
-0.0008974,-0.0018354,0.0137934,-0.0008971,-0.0018349,0.0138556
-0.0010397,-0.0028095,0.0129042,-0.0010392,-0.0028083,0.0129636
-0.0007713,-0.0028204,0.0145995,-0.000771,-0.0028194,0.014663
-0.0011085,-0.0013451,0.0143775,-0.001108,-0.0013448,0.0144411
-0.0014265,-0.0032087,0.014479,-0.0014258,-0.0032074,0.0145421
-0.0022117,-0.0023394,0.0144968,-0.0022107,-0.0023385,0.01456
-0.0026728,-0.0013772,0.0146315,-0.0026716,-0.0013768,0.0146951
-0.0017549,-0.0011021,0.0136776,-0.0017542,-0.0011019,0.0137396
-0.0024957,-0.0011773,0.0129996,-0.0024946,-0.001177,0.0130595
-0.0025278,-0.0011548,0.0122494,-0.0025269,-0.0011545,0.012307
-0.002245,-0.000727,0.010261,-0.0022444,-0.0007268,0.0103108
-0.0031769,-0.0009901,0.0148345,-0.0031755,-0.00099,0.0148984
-0.003062,-0.000893,0.0145069,-0.0030605,-0.0008929,0.0145702
-0.0035182,-0.000605,0.0144812,-0.0035165,-0.000605,0.0145444
-0.0016189,-0.0004379,0.013786,-0.0016183,-0.000438,0.0138484
-0.0025918,-0.0004809,0.0129775,-0.0025906,-0.0004809,0.0130374
-0.003265,-0.0002909,0.0123392,-0.0032634,-0.0002909,0.0123968
-0.0035261,-0.0002969,0.0145452,-0.0035245,-0.0002971,0.0146085
-0.001675,0.0002015,0.0135754,-0.0016744,0.0002012,0.0136374
-0.0008136,0.0001986,0.0136491,-0.0008135,0.0001983,0.0137117
-0.0024888,0.0002787,0.0129215,-0.0024878,0.0002783,0.0129814
-0.0034802,0.0006383,0.0145124,-0.0034785,0.0006377,0.0145757
-0.0034692,0.0009285,0.0144616,-0.0034675,0.0009277,0.0145248
-0.0016709,0.0011209,0.0136329,-0.0016702,0.0011202,0.013695
-0.0024916,0.0009951,0.0131416,-0.0024904,0.0009944,0.013202
-0.003011,0.0011935,0.0144643,-0.0030096,0.0011926,0.0145277
-0.0027079,0.0012165,0.0144841,-0.0027066,0.0012156,0.0145476
-0.0009365,0.0009775,0.0144313,-0.0009362,0.0009769,0.0144953
-0.0031591,0.0015926,0.0145026,-0.0031576,0.0015915,0.0145659
-0.0018493,0.0026263,0.0130062,-0.0018483,0.0026247,0.0130662
-0.0022759,0.0026669,0.0145179,-0.0022748,0.0026653,0.0145813
-0.0021328,0.0028088,0.0148295,-0.0021319,0.0028072,0.0148935
-0.0009876,0.0017452,0.0136571,-0.0009872,0.0017442,0.0137192
-0.0010217,0.0024833,0.0129444,-0.0010213,0.0024819,0.0130044
-0.0010541,0.0024545,0.0122639,-0.0010538,0.0024534,0.0123217
-0.0006207,0.0021741,0.0105243,-0.0006205,0.0021734,0.0105754
-0.0017943,0.0018548,0.012949,-0.0017935,0.0018538,0.0130089
-0.0017769,0.0026426,0.012416,-0.0017761,0.002641,0.0124741
0.0026952,0.0044208,0.0015367,0.0026933,0.0044179,0.0015444
0.0017901,0.0030919,0.0148722,0.0017892,0.0030901,0.0149363
0.0024993,-0.0022852,0.0148132,0.0024981,-0.0022845,0.014877
0.0029404,-0.0019652,0.0148994,0.002939,-0.0019646,0.0149632
0.0024825,-0.0020632,0.0144845,0.0024812,-0.0020625,0.0145478
0.0021464,-0.0020572,0.0145162,0.0021453,-0.0020565,0.0145796
0.0018765,-0.0019858,0.0129222,0.0018755,-0.0019851,0.0129818
0.0030676,-0.0016991,0.0145708,0.0030661,-0.0016986,0.0146342
-0.0013119,-0.0049532,0.0013034,-0.0013107,-0.0049488,0.0013106
0.0044936,0.0028101,0.0015387,0.0044907,0.0028084,0.0015459
0.0042508,0.0029304,0.0016693,0.0042482,0.0029288,0.0016776
0.003582,0.0025205,0.0023071,0.0035803,0.0025196,0.0023207
-0.0001249,-0.0050038,0.0011105,-0.0001247,-0.0049988,0.0011176
-0.0001899,-0.0052736,0.0013589,-0.0001896,-0.0052693,0.0013655
-0.0004983,-0.0033269,0.0012285,-0.0004976,-0.0033231,0.0012417
-0.0003459,-0.003805,0.0017098,-0.0003455,-0.0038018,0.001723
0.0048138,0.0019747,0.00155,0.0048106,0.0019736,0.0015577
0.0013094,0.0018871,0.0138407,0.0013087,0.001886,0.0139031
0.0011185,0.0009839,0.0137435,0.001118,0.0009833,0.013806
0.0008356,0.00076,0.011852,0.0008357,0.00076,0.011909
0.0012739,0.0024512,0.0130018,0.0012732,0.0024498,0.0130619
0.0011995,0.0025787,0.0122777,0.001199,0.0025774,0.0123355
0.0008252,0.0021348,0.0102749,0.0008248,0.0021341,0.0103248
0.0013702,0.0011396,0.0143984,0.0013695,0.0011388,0.0144621
0.0047556,0.0001711,0.0013532,0.0047516,0.0001712,0.0013622
-0.0013146,0.0031999,0.0147757,-0.001314,0.0031981,0.0148397
-0.0003874,0.0035339,0.0149009,-0.0003873,0.003532,0.014965
0.0018518,0.0010109,0.0136346,0.0018509,0.0010102,0.0136966
0.00289,0.0010703,0.0129705,0.0028885,0.0010696,0.0130303
0.0027911,0.0008015,0.0123965,0.0027898,0.000801,0.0124545
0.0021142,0.0008365,0.0106852,0.0021136,0.0008362,0.0107369
0.0032817,0.0010807,0.0144435,0.00328,0.0010798,0.0145068
0.0028075,0.0008695,0.0145078,0.0028061,0.0008688,0.0145714
0.0011821,0.0001914,0.0144762,0.0011816,0.000191,0.0145402
0.0019518,0.0003216,0.0137502,0.0019509,0.0003212,0.0138125
0.0025669,0.0003068,0.0129384,0.0025657,0.0003065,0.0129983
0.0052694,-0.0010068,0.0013584,0.0052655,-0.0010058,0.0013646
0.0047864,-0.0011425,0.0011931,0.0047821,-0.0011413,0.0012009
0.0028364,-0.001517,0.0147773,0.002835,-0.0015167,0.0148412
0.0035511,0.0001525,0.0140911,0.0035492,0.0001521,0.0141535
0.0035525,6.25e-05,0.0137257,0.0035505,6.22e-05,0.0137873
0.0035043,0.0003232,0.0122988,0.0035023,0.0003228,0.0123563
0.0019249,-0.0002977,0.0136591,0.001924,-0.0002978,0.0137212
0.002652,-0.0005257,0.0128996,0.0026507,-0.0005257,0.0129592
0.0032106,0.0003854,0.0145311,0.003209,0.0003849,0.0145945
0.0035271,0.0005536,0.0141002,0.0035252,0.000553,0.0141626
0.0020028,-0.0049089,0.0015384,0.0020016,-0.0049054,0.0015455
0.0025943,-0.0040859,0.0013829,0.0025922,-0.0040823,0.0013915
0.0043207,-0.0020384,0.0013476,0.0043171,-0.0020365,0.0013565
0.0041567,-0.0021209,0.0015319,0.0041535,-0.0021191,0.0015417
0.0019014,-0.0017952,0.0011304,0.0018991,-0.0017928,0.001145
0.0016639,-0.001829,0.0014187,0.0016622,-0.0018268,0.0014343
0.0011233,-0.0010187,0.002323,0.0011225,-0.0010177,0.0023426
0.0025471,-0.0016731,0.0015421,0.0025448,-0.0016713,0.0015569
0.0034811,-0.0016712,0.0021749,0.0034791,-0.0016701,0.0021895
0.0034939,-0.0015608,0.0025544,0.0034922,-0.0015599,0.0025704
0.0024557,-0.0010396,0.0034497,0.0024546,-0.0010389,0.0034712
0.0048986,-0.0012297,0.0014321,0.0048949,-0.0012286,0.0014401
0.0046868,-0.0020489,0.0016609,0.0046839,-0.0020475,0.0016692
0.0003989,-0.0052481,0.0015152,0.0003987,-0.0052443,0.0015223
0.0009159,-0.0051165,0.0014783,0.0009153,-0.0051126,0.0014856
0.0026005,0.002463,0.0144628,0.0025991,0.0024615,0.0145261
0.0025758,0.0037573,0.0012698,0.0025734,0.003754,0.0012794
0.0026056,0.0043601,0.0016836,0.002604,0.0043575,0.0016923
0.001592,0.0026888,0.0148747,0.0015912,0.0026872,0.0149389
0.0018252,0.0030391,0.0145196,0.0018243,0.0030373,0.0145831
0.0049371,0.0013814,0.0015359,0.0049338,0.0013807,0.0015439
0.0004497,-0.0050218,0.0012124,0.0004494,-0.005017,0.0012197
0.0016357,-0.0047294,0.0014447,0.0016344,-0.0047255,0.0014529
-0.0019103,0.0048141,0.0015132,-0.0019089,0.0048108,0.0015207
-0.0045988,0.0018656,0.0014626,-0.0045952,0.0018644,0.0014711
-0.0046287,-0.0015006,0.0014166,-0.0046248,-0.0014992,0.0014252
-0.0042678,-0.0027461,0.0015645,-0.0042648,-0.0027439,0.0015727
0.0046653,0.000605,0.0013587,0.0046614,0.0006047,0.001368
0.0051339,0.0007775,0.001682,0.0051309,0.0007773,0.00169
0.0033377,-0.0007268,0.0144592,0.003336,-0.0007268,0.0145224
0.0028335,-0.0006818,0.0144835,0.0028321,-0.0006818,0.014547
0.0011062,-0.0004168,0.0144561,0.0011056,-0.000417,0.0145201
-0.0016236,-0.0028966,0.014444,-0.0016228,-0.0028954,0.014507
-0.0028559,-0.0018703,0.0145688,-0.0028546,-0.0018697,0.0146322
0.0045732,0.0023463,0.0014677,0.0045699,0.0023448,0.0014755
-0.0017528,-0.0047153,0.001491,-0.0017514,-0.0047116,0.0014991
0.0003781,0.0015502,0.0137007,0.0003779,0.0015494,0.0137631
0.0004714,0.0024184,0.0129013,0.0004711,0.0024171,0.0129612
0.0006809,0.0033325,0.0124772,0.0006805,0.0033305,0.0125354
0.0037943,0.0033647,0.0016039,0.0037918,0.0033627,0.0016124
0.0004321,0.0050954,0.0016205,0.0004318,0.0050923,0.0016287
0.0006706,0.0024781,0.0015159,0.00067,0.0024759,0.0015317
0.0007432,0.0014756,0.0014267,0.0007425,0.0014742,0.0014436
0.0005858,0.0032286,0.0019811,0.0005854,0.0032264,0.0019968
0.0006179,0.004124,0.0026101,0.0006176,0.0041225,0.0026253
-0.0015105,-0.0027512,0.0014978,-0.0015089,-0.0027483,0.0015123
-0.000949,-0.0017588,0.0013817,-0.0009479,-0.0017566,0.0013981
-0.0013595,-0.0033341,0.0021133,-0.0013586,-0.0033318,0.0021284
-0.0024188,-0.0015365,0.0015127,-0.0024164,-0.0015348,0.0015278
-0.0024319,-0.002735,0.0021492,-0.0024303,-0.0027331,0.0021643
0.0046965,-0.0005594,0.001353,0.0046926,-0.0005587,0.0013621
0.005161,-0.0004593,0.0016538,0.0051578,-0.0004589,0.0016617
4.51e-05,-0.0054806,0.0013078,4.51e-05,-0.0054762,0.0013132
-0.0001746,-0.0045208,0.0010878,-0.0001743,-0.0045159,0.0010968
-0.0004435,-0.0020569,0.0007945,-0.0004428,-0.0020537,0.000809
-0.0001792,-0.0052667,0.0015401,-0.000179,-0.0052629,0.0015472
0.0028931,0.0013794,0.0153043,0.0028918,0.0013785,0.0153691
0.0028253,0.0014105,0.0149067,0.0028239,0.0014095,0.0149709
0.0031436,0.0015438,0.0145914,0.003142,0.0015426,0.0146549
0.0013805,-0.0031557,0.0140451,0.0013796,-0.0031543,0.0141073
-0.0001333,0.0035322,0.0144675,-0.0001333,0.0035302,0.0145308
-0.0003783,0.0016353,0.0136208,-0.0003782,0.0016344,0.0136829
-0.0001571,0.0026453,0.0130423,-0.0001571,0.0026438,0.0131026
-0.0001831,0.0032479,0.0123036,-0.0001831,0.003246,0.0123613
0.0014116,0.0049063,0.0015971,0.0014107,0.0049031,0.0016053
0.0016094,0.0024578,0.0015655,0.001608,0.0024557,0.0015808
0.0017018,0.0033581,0.0022224,0.0017008,0.0033563,0.0022375
0.000997,0.0049971,0.0016457,0.0009964,0.004994,0.0016541
0.003275,0.0008527,0.0140361,0.0032732,0.000852,0.0140985
0.0035667,-0.0001928,0.0146631,0.0035649,-0.000193,0.0147267
0.0035531,-0.0002416,0.0141609,0.0035511,-0.0002418,0.0142234
-0.0004854,0.0035222,0.0145832,-0.0004852,0.0035201,0.0146468
-0.0003091,-0.0047768,0.0013182,-0.0003087,-0.0047724,0.0013268
-0.0001529,-0.0051395,0.0016926,-0.0001527,-0.0051362,0.0017007
0.0021896,0.0043763,0.0016626,0.0021882,0.0043736,0.001672
0.0019533,0.0038775,0.0014327,0.0019516,0.0038743,0.0014436
0.0016859,0.0018121,0.0012332,0.0016841,0.0018102,0.0012484
0.0027596,0.00022,0.0015079,0.002757,0.00022,0.0015233
0.0034832,0.0002729,0.0020529,0.0034809,0.0002729,0.0020683
0.0035236,0.0004971,0.0024567,0.0035218,0.000497,0.0024732
0.0027447,0.0007774,0.0035511,0.0027435,0.0007772,0.0035727
0.0043495,0.0002541,0.0026964,0.0043479,0.0002541,0.0027114
0.0044077,0.0001207,0.0014065,0.004404,0.0001208,0.001417
0.0016771,0.0005865,0.0010064,0.001675,0.0005859,0.001022
0.001838,-0.0007706,0.0010451,0.0018357,-0.0007694,0.0010604
0.0026221,-0.0005705,0.0015037,0.0026195,-0.0005697,0.0015192
0.0035859,-0.0006932,0.0021103,0.0035837,-0.0006926,0.0021254
0.0050508,0.0001532,0.0018297,0.0050481,0.0001533,0.0018389
-0.0014288,0.0049166,0.0016597,-0.0014278,0.0049137,0.001668
-0.0016002,0.0024612,0.0015637,-0.0015987,0.0024591,0.001579
-0.0012331,0.0033315,0.0020301,-0.0012322,0.0033295,0.0020452
-0.0019128,0.0046754,0.0016739,-0.0019115,0.0046726,0.0016825
-0.0018225,0.0041651,0.0014936,-0.001821,0.0041619,0.0015039
-0.0016672,0.0014993,0.001104,-0.0016651,0.0014977,0.0011193
-0.0023722,0.0045262,0.0016926,-0.0023707,0.0045235,0.001701
-0.0028446,0.0042721,0.0016544,-0.0028427,0.0042696,0.0016627
-0.0037674,0.0033176,0.0016413,-0.0037647,0.0033156,0.00165
-0.0041378,0.0030513,0.0017056,-0.0041351,0.0030496,0.0017139
-0.0044897,0.0024667,0.0017085,-0.0044868,0.0024654,0.0017168
-0.0025274,0.0013614,0.0016007,-0.002525,0.0013603,0.0016162
-0.0024569,0.0023857,0.0020919,-0.0024552,0.0023843,0.0021076
-0.0032586,0.0013408,0.0020679,-0.0032563,0.0013401,0.0020832
-0.0032768,0.0013092,0.002487,-0.0032749,0.0013087,0.0025036
-0.0026,0.0007099,0.0034868,-0.0025988,0.0007097,0.0035084
-0.0033542,0.0024464,0.0026052,-0.0033526,0.0024455,0.0026204
-0.0044361,0.0019322,0.0016096,-0.0044329,0.001931,0.001619
-0.0039003,0.0018388,0.0014249,-0.0038968,0.0018374,0.0014358
-0.0049842,0.0012207,0.0017073,-0.0049811,0.0012202,0.0017156
-0.0045262,0.0014399,0.0015438,-0.0045227,0.0014391,0.0015533
-0.0050283,0.0006938,0.001663,-0.005025,0.0006936,0.0016714
-0.0049169,0.0013224,0.0018623,-0.0049142,0.0013219,0.0018712
-0.0044338,0.0006399,0.001448,-0.00443,0.0006396,0.0014583
-0.0040834,0.0006443,0.0012509,-0.0040793,0.0006439,0.0012619
-0.0014736,0.0004857,0.0010797,-0.0014717,0.0004853,0.0010958
-0.00253,0.0003124,0.0014837,-0.0025274,0.0003123,0.0014995
-0.003305,0.0003838,0.0020624,-0.0033026,0.0003837,0.0020781
-0.0051241,7.37e-05,0.0016293,-0.0051207,7.39e-05,0.0016374
-0.0047217,0.0004906,0.0017824,-0.0047187,0.0004905,0.0017927
-0.0049211,0.0006463,0.0019968,-0.0049185,0.0006462,0.0020068
-0.0042024,0.0003488,0.002718,-0.0042006,0.0003489,0.0027334
-0.0024839,-0.0007126,0.0014827,-0.0024813,-0.0007117,0.0014983
-0.0033589,-0.0006097,0.002095,-0.0033566,-0.000609,0.0021107
-0.00504,-0.0007508,0.0017158,-0.0050369,-0.0007501,0.0017242
-0.0045003,-0.0013187,0.0015448,-0.0044968,-0.0013175,0.0015545
-0.0040023,-0.0015479,0.0014081,-0.0039987,-0.0015463,0.001419
-0.0014483,-0.0019569,0.0011139,-0.0014465,-0.0019543,0.0011288
-0.0036549,-0.0018774,0.0023228,-0.003653,-0.0018762,0.0023372
-0.0015296,-0.0007244,0.0010321,-0.0015276,-0.0007233,0.0010478
-0.0045679,-0.0018682,0.0016843,-0.0045648,-0.0018667,0.0016935
-0.0037918,-0.0033195,0.0015174,-0.0037889,-0.0033168,0.0015255
-0.0033014,-0.0035573,0.001561,-0.0032989,-0.0035545,0.0015701
0.0033501,-0.0009399,0.0140997,0.0033482,-0.0009397,0.0141622
0.0010513,-0.0033118,0.014064,0.0010507,-0.0033103,0.0141262
0.0018006,-0.0029376,0.0140971,0.0017996,-0.0029364,0.0141594
0.0010992,0.0033826,0.0140703,0.0010986,0.0033805,0.0141328
0.000207,-0.0032327,0.0141116,0.0002068,-0.0032314,0.0141739
0.0003201,-0.003559,0.0138473,0.0003199,-0.0035574,0.013909
2.79e-05,-0.0036268,0.0143964,2.79e-05,-0.0036253,0.0144592
-0.0001321,-0.0031237,0.0141224,-0.0001321,-0.0031224,0.0141848
-0.0004572,-0.0032798,0.0141015,-0.000457,-0.0032783,0.0141639
-0.0012265,-0.0032788,0.0141126,-0.0012259,-0.0032774,0.0141749
-0.0008713,-0.0032288,0.0141025,-0.000871,-0.0032274,0.0141649
-0.0020538,-0.0028597,0.0141615,-0.0020528,-0.0028585,0.0142239
-0.0020088,-0.0029668,0.0138321,-0.0020078,-0.0029655,0.0138938
-0.0016981,-0.002059,0.0129075,-0.0016974,-0.0020583,0.0129672
-0.0018405,-0.0027033,0.0121917,-0.0018396,-0.0027021,0.0122487
-0.0019537,-0.0024125,0.0141571,-0.0019528,-0.0024115,0.0142197
-0.0022068,-0.0021214,0.0141062,-0.0022057,-0.0021206,0.0141687
-0.0010986,-0.0012543,0.0135742,-0.0010983,-0.0012541,0.0136361
-0.0008285,-0.0021149,0.0130796,-0.0008282,-0.0021143,0.01314
-0.0018513,-0.0013675,0.0129199,-0.0018506,-0.0013672,0.0129798
-0.0018003,-0.0019911,0.0120258,-0.0017997,-0.0019906,0.0120825
-0.0022978,-0.0024655,0.0141095,-0.0022967,-0.0024645,0.0141719
-0.002644,-0.0022605,0.0140866,-0.0026427,-0.0022596,0.0141489
-0.0028052,-0.0021816,0.0137742,-0.0028037,-0.0021807,0.0138358
-0.0026004,-0.0019781,0.0122283,-0.0025992,-0.0019773,0.0122855
-0.002741,-0.0017913,0.0142312,-0.0027396,-0.0017907,0.0142939
-0.0031442,-0.0013482,0.0141366,-0.0031426,-0.0013478,0.014199
-0.0031091,-0.000925,0.0141544,-0.0031076,-0.0009249,0.014217
-0.0034593,-0.000753,0.0141896,-0.0034575,-0.0007529,0.0142522
-0.0035273,-0.0002448,0.0141368,-0.0035255,-0.000245,0.0141993
-0.0033963,0.0001333,0.0141258,-0.0033946,0.0001329,0.0141883
-0.0035753,0.0003634,0.0142188,-0.0035735,0.0003629,0.0142815
-0.0033382,0.0005454,0.0142097,-0.0033366,0.0005449,0.0142725
-0.0030021,0.0004564,0.0140685,-0.0030007,0.0004559,0.0141311
-0.00257,0.0004905,0.0139252,-0.0025689,0.00049,0.0139876
-0.0009805,9.73e-05,0.0144075,-0.0009802,9.69e-05,0.0144715
-0.0016983,0.0002187,0.0130031,-0.0016979,0.0002184,0.0130637
-0.0025708,0.0002418,0.0123099,-0.0025699,0.0002416,0.0123678
-0.0034193,0.0008926,0.014133,-0.0034176,0.0008918,0.0141956
-0.0034375,0.0004685,0.0138573,-0.0034357,0.000468,0.0139193
-0.0030861,0.0010446,0.0141418,-0.0030846,0.0010438,0.0142045
-0.0034355,0.0010117,0.0137688,-0.0034337,0.0010109,0.0138305
-0.0032513,0.0014037,0.0141022,-0.0032496,0.0014027,0.0141647
-0.0030552,0.0017969,0.0141382,-0.0030537,0.0017957,0.0142008
-0.0028873,0.0019821,0.0137869,-0.0028858,0.0019808,0.0138487
-0.0023196,0.0017868,0.0122863,-0.0023187,0.0017858,0.012344
-0.002382,0.0025131,0.0140954,-0.0023808,0.0025115,0.014158
-0.0021059,0.0028312,0.0141635,-0.0021049,0.0028294,0.0142262
-0.0016267,0.0031053,0.0141256,-0.0016259,0.0031034,0.0141883
0.0038011,-0.0031836,0.0016038,0.0037985,-0.0031812,0.0016126
0.0030737,-0.0032157,0.0014401,0.0030711,-0.0032127,0.0014506
0.0015293,-0.0028892,0.0016913,0.0015281,-0.0028865,0.001706
0.0026266,-0.0026924,0.0021443,0.0026251,-0.0026905,0.0021591
0.0043354,-0.0026685,0.0016683,0.0043326,-0.0026666,0.0016766
0.0025567,0.0024092,0.0141412,0.0025553,0.0024076,0.0142039
0.0029048,0.0020141,0.0141422,0.0029032,0.0020127,0.0142048
0.0030142,0.0018483,0.0137499,0.0030124,0.0018469,0.0138116
0.0018324,0.0017039,0.0128964,0.0018316,0.0017029,0.0129563
0.0025288,0.001606,0.0121459,0.0025276,0.0016051,0.0122031
0.0018174,0.0030494,0.0141083,0.0018164,0.0030475,0.0141709
0.0020315,0.0027162,0.0141959,0.0020303,0.0027145,0.0142587
0.0020857,0.0027796,0.0137937,0.0020845,0.0027778,0.0138556
0.0019198,0.0024941,0.0122145,0.0019188,0.0024927,0.0122719
0.0047797,0.0018303,0.0016928,0.0047768,0.0018294,0.0017013
0.0041894,0.0019481,0.0014732,0.0041861,0.0019467,0.0014832
0.0027177,0.0014385,0.0015556,0.0027152,0.0014373,0.0015705
0.0037251,0.0015413,0.0022191,0.0037231,0.0015406,0.0022335
0.0004943,-0.0048138,0.0013512,0.000494,-0.0048095,0.0013597
0.000358,-0.0051189,0.0017081,0.0003579,-0.0051155,0.0017163
0.0003979,-0.004683,0.0015148,0.0003977,-0.0046791,0.0015244
0.0004341,-0.0042332,0.0014042,0.0004338,-0.0042292,0.0014151
0.0011241,-0.0020768,0.0010208,0.0011227,-0.0020739,0.0010356
0.0006768,-0.0027964,0.0014972,0.0006762,-0.0027934,0.0015123
0.0008171,-0.0033548,0.0021558,0.0008167,-0.0033524,0.0021715
0.0005614,-0.0035171,0.0025269,0.0005612,-0.003515,0.0025435
0.0013295,-0.0029949,0.00347,0.0013289,-0.0029934,0.0034903
-0.000396,-0.0016935,0.0010921,-0.0003955,-0.0016911,0.001108
-0.0001672,-0.0029846,0.0014654,-0.0001669,-0.0029814,0.0014802
-0.0003454,-0.0034592,0.0021772,-0.0003451,-0.0034567,0.0021929
0.0003953,-0.005052,0.0018492,0.0003952,-0.005049,0.0018581
0.0002383,-0.0049445,0.0019723,0.0002383,-0.0049416,0.0019823
0.0032519,1.44e-05,0.0142264,0.0032501,1.41e-05,0.0142893
0.0019922,-0.004746,0.0016839,0.0019911,-0.0047428,0.0016921
0.0019672,-0.0042281,0.0015949,0.0019658,-0.0042248,0.0016049
0.0012424,-0.0035105,0.0021098,0.0012416,-0.0035081,0.0021245
0.0024748,-0.0043801,0.0016307,0.0024732,-0.0043769,0.0016392
0.0015558,0.004873,0.0017685,0.0015549,0.0048703,0.0017772
0.0015544,0.0044768,0.0015463,0.0015533,0.0044736,0.0015559
0.0011024,0.0048729,0.0017985,0.0011018,0.0048702,0.0018078
0.0012105,0.0041471,0.0015697,0.0012096,0.004144,0.001581
0.0014885,0.0047165,0.0019584,0.0014877,0.0047142,0.0019685
0.0025758,-0.0022324,0.0141322,0.0025744,-0.0022315,0.0141947
0.002998,-0.0018122,0.0140956,0.0029963,-0.0018115,0.0141579
0.0047426,0.0006558,0.001539,0.0047391,0.0006556,0.0015485
0.00498,0.0007149,0.0018101,0.0049773,0.0007148,0.0018193
0.0031549,0.0004235,0.0141296,0.0031532,0.000423,0.0141922
0.0035494,0.0003936,0.0138157,0.0035473,0.0003931,0.0138775
-0.0035545,-0.0035805,0.0018253,-0.0035524,-0.0035783,0.0018343
0.0024686,0.0044183,0.0018791,0.0024672,0.0044162,0.0018884
0.004893,-0.0004004,0.0017245,0.00489,-0.0004,0.001734
0.0049536,-0.0003268,0.0020178,0.0049514,-0.0003265,0.0020279
-0.0007122,0.0049616,0.0018588,-0.0007117,0.004959,0.0018682
-0.0006962,0.0047554,0.0020078,-0.0006958,0.0047531,0.0020186
-0.000195,0.0022762,0.0013974,-0.0001947,0.0022739,0.0014135
-0.0002639,0.003407,0.0020581,-0.0002637,0.0034049,0.0020737
-0.0001348,0.0040989,0.0024996,-0.0001347,0.0040972,0.0025147
-0.0011793,0.0048651,0.0017808,-0.0011785,0.0048623,0.0017901
0.0045859,0.0020576,0.0018247,0.0045835,0.0020566,0.001834
0.0030233,-0.003873,0.0013196,0.0030207,-0.0038694,0.0013277
0.0028858,-0.003931,0.0016041,0.0028838,-0.003928,0.0016132
0.0022406,-0.0044975,0.0018202,0.0022393,-0.0044947,0.0018293
0.0019454,-0.0046176,0.0020051,0.0019444,-0.004615,0.002015
0.0015387,-0.0025344,0.0019249,0.0015375,-0.0025322,0.0019411
0.0014274,-0.0036319,0.0024704,0.0014267,-0.0036298,0.0024858
0.0023654,-0.0039214,0.0016357,0.0023638,-0.0039183,0.0016461
0.0031638,0.0013088,0.0142638,0.0031621,0.0013078,0.0143267
0.0014883,0.0031255,0.0140293,0.0014875,0.0031235,0.0140917
0.0015203,0.0026772,0.0141795,0.0015194,0.0026755,0.0142424
0.0017957,0.0030149,0.0135982,0.0017947,0.0030129,0.0136596
0.0007121,0.0034436,0.0140672,0.0007116,0.0034414,0.0141297
0.0011102,0.0029653,0.0140917,0.0011096,0.0029635,0.0141544
-0.0009066,-0.0053351,0.0013144,-0.0009057,-0.0053307,0.0013202
-0.0008104,-0.0050484,0.0011082,-0.0008095,-0.0050434,0.0011149
-0.0006575,-0.0049215,0.0012321,-0.0006568,-0.0049169,0.0012397
0.0032266,0.0037827,0.0018003,0.0032247,0.0037807,0.0018098
0.0030523,0.0036758,0.0019338,0.0030506,0.003674,0.0019446
0.0027539,0.0024411,0.0021256,0.0027522,0.0024398,0.0021406
0.0027475,0.0030648,0.0025544,0.0027462,0.0030636,0.0025697
0.0045113,0.000186,0.0016691,0.0045082,0.0001861,0.00168
0.0048704,6.6e-05,0.001968,0.004868,6.61e-05,0.0019785
0.0032239,-0.001436,0.0142504,0.0032222,-0.0014356,0.0143131
0.0028789,-0.001321,0.0140992,0.0028773,-0.0013206,0.0141617
0.0028962,-0.0012751,0.0137069,0.0028946,-0.0012746,0.0137684
0.0019157,-0.0013274,0.0127918,0.0019149,-0.0013272,0.0128513
0.0032252,-0.001179,0.0138171,0.0032234,-0.0011786,0.0138789
0.0008112,-0.0049138,0.0015843,0.0008107,-0.0049101,0.0015929
0.003155,-0.0002557,0.0139986,0.0031533,-0.0002558,0.014061
0.0035283,-0.0002386,0.0138414,0.0035263,-0.0002388,0.0139033
0.0044509,0.0024007,0.0016493,0.0044482,0.0023994,0.001658
0.00411,0.0021532,0.0016762,0.0041072,0.0021519,0.0016867
0.0040031,0.0023055,0.0018478,0.0040007,0.0023043,0.001859
0.003331,0.0021004,0.0024887,0.0033294,0.0020996,0.0025043
0.0015099,0.0017225,0.0013709,0.0015083,0.0017208,0.0013868
0.0026936,0.0013298,0.0018833,0.0026916,0.001329,0.0018994
0.0032067,0.0011112,0.0025212,0.003205,0.0011108,0.0025383
-0.0044859,0.0023007,0.0018465,-0.0044832,0.0022996,0.0018558
-0.0041522,0.0015956,0.0015611,-0.0041489,0.0015946,0.0015718
-0.004943,9.13e-05,0.0017777,-0.0049399,9.15e-05,0.001787
-0.004955,-0.0003021,0.0017928,-0.004952,-0.0003017,0.0018022
-0.0047743,-0.0009806,0.0019092,-0.0047716,-0.0009798,0.0019194
-0.0043884,-0.0012969,0.0016855,-0.0043852,-0.0012957,0.0016961
-0.0043899,-0.0017871,0.0017647,-0.0043869,-0.0017857,0.001775
-0.0037259,-0.0031371,0.0018629,-0.0037237,-0.003135,0.0018728
-0.0008126,-0.0047913,0.0014303,-0.0008119,-0.0047873,0.001439
-0.0008295,0.0034962,0.0145662,-0.0008291,0.0034941,0.0146298
0.0012875,-0.00335,0.0137747,0.0012868,-0.0033484,0.0138362
0.0013875,-0.0027656,0.0138441,0.0013867,-0.0027645,0.0139059
0.001118,-0.0017198,0.0128949,0.0011176,-0.0017194,0.0129549
0.0012567,-0.0026364,0.012303,0.0012561,-0.0026354,0.0123605
0.0006926,-0.0007047,0.0102166,0.0006925,-0.0007049,0.0102663
0.0010871,-0.0025987,0.0089907,0.0010865,-0.0025974,0.0090343
-0.0004082,-0.0018258,0.013147,-0.0004081,-0.0018254,0.0132078
-0.0003602,-0.0027426,0.0139591,-0.00036,-0.0027415,0.0140214
-0.0010322,-0.0027511,0.0121524,-0.0010318,-0.0027501,0.0122095
0.0003691,-0.0032028,0.013865,0.0003689,-0.0032014,0.0139268
0.0004011,-0.0028657,0.0138606,0.0004009,-0.0028645,0.0139225
0.0002941,-0.0012633,0.0137916,0.0002939,-0.0012631,0.0138542
0.0005425,-0.00199,0.0128868,0.0005423,-0.0019896,0.0129468
0.00057,-0.0027099,0.012125,0.0005697,-0.002709,0.012182
0.0002152,-0.0035473,0.0134591,0.000215,-0.0035456,0.0135199
0.0002573,-0.0035759,0.0130392,0.0002571,-0.0035741,0.0130988
-0.0010174,-0.0031039,0.013735,-0.0010169,-0.0031025,0.0137966
-0.0014326,-0.003236,0.0138012,-0.0014319,-0.0032345,0.0138628
-0.0016297,-0.0028808,0.0137969,-0.0016289,-0.0028795,0.0138586
-0.001787,-0.0027523,0.0114629,-0.0017862,-0.0027511,0.0115172
-0.0025071,-0.0025067,0.0137633,-0.0025058,-0.0025056,0.0138248
-0.0028333,-0.0018125,0.0136623,-0.0028318,-0.0018117,0.0137237
-0.0028672,-0.0015383,0.0138748,-0.0028657,-0.0015377,0.0139367
-0.0032324,-0.0014773,0.0137883,-0.0032307,-0.0014768,0.01385
-0.0005907,-0.0009409,0.0104694,-0.0005907,-0.0009411,0.0105202
-0.0021693,-0.0008137,0.0090616,-0.0021683,-0.0008133,0.0091058
-0.0035215,-0.000682,0.0137934,-0.0035197,-0.0006819,0.0138551
-0.0017074,-0.0007211,0.0128145,-0.001707,-0.0007211,0.0128744
-0.0025389,-0.0004259,0.012215,-0.0025381,-0.0004259,0.0122726
-0.003298,-0.0004863,0.0115115,-0.0032964,-0.0004862,0.011566
-0.0035526,-0.0002788,0.0137905,-0.0035507,-0.0002789,0.0138522
-0.0035366,0.0001214,0.0137815,-0.0035347,0.000121,0.0138432
-0.0032496,0.0003749,0.0116315,-0.003248,0.0003745,0.0116866
-0.0031459,0.000308,0.0108489,-0.0031445,0.0003077,0.0109008
-0.0005715,0.0005737,0.0104685,-0.0005716,0.0005737,0.0105195
-0.0021763,0.0007705,0.0091212,-0.0021753,0.00077,0.0091658
-0.0021752,0.0008258,0.00769,-0.0021738,0.0008253,0.0077279
-0.0017373,0.0010453,0.0129808,-0.0017368,0.0010447,0.0130411
-0.0023597,0.0010308,0.0122243,-0.0023589,0.0010303,0.0122819
-0.0032014,0.0012518,0.0137966,-0.0031997,0.0012509,0.0138585
-0.0026892,0.0012898,0.0138051,-0.0026878,0.0012889,0.0138671
-0.0009146,0.0010509,0.0138,-0.0009143,0.0010503,0.0138626
-0.0031475,0.0017,0.0137639,-0.0031458,0.0016988,0.0138257
0.0031159,0.0015959,0.0141042,0.0031142,0.0015948,0.0141667
0.0017976,9.17e-05,0.012872,0.001797,9.14e-05,0.0129321
0.0026959,0.0003661,0.0124317,0.0026947,0.0003657,0.01249
0.0034711,3.9e-05,0.0116866,0.0034692,3.88e-05,0.0117418
0.0031502,0.0004146,0.0137482,0.0031485,0.0004141,0.01381
0.0030202,0.0006798,0.0137471,0.0030185,0.0006791,0.0138089
0.0010736,0.0002496,0.0137667,0.0010732,0.0002492,0.0138294
0.0018835,0.0010214,0.0129246,0.0018828,0.0010208,0.0129848
0.0035048,0.0004948,0.0133915,0.0035028,0.0004943,0.0134523
-0.00023,0.0050432,0.0018372,-0.0002298,0.0050405,0.0018464
-0.00012,-0.0046969,0.0015348,-0.0001198,-0.0046931,0.0015445
-0.000119,-0.0050943,0.0018694,-0.0001189,-0.0050914,0.0018783
0.0004684,-0.0046004,0.0016718,0.0004681,-0.0045969,0.0016822
-0.0011527,-0.0050612,0.0014888,-0.0011517,-0.0050574,0.0014961
0.0006332,-0.0034029,0.013991,0.0006328,-0.0034013,0.0140531
-0.0017523,0.0047107,0.0018508,-0.0017512,0.0047083,0.0018601
-0.0014715,0.0043522,0.0016429,-0.0014703,0.0043493,0.0016533
-0.0011638,0.0047108,0.0019313,-0.0011631,0.0047084,0.0019417
-0.0018226,0.0043156,0.0019057,-0.0018214,0.0043133,0.0019167
-0.0012276,0.0032652,0.0143384,-0.001227,0.0032633,0.0144015
-0.0013286,0.0025728,0.0145533,-0.001328,0.0025713,0.0146171
0.000958,-0.0046067,0.0017203,0.0009575,-0.0046034,0.0017305
0.0011359,0.0018169,0.0129466,0.0011354,0.001816,0.0130068
-0.002396,0.0043842,0.0018539,-0.0023946,0.0043819,0.0018634
0.003422,-0.0005678,0.0141098,0.0034202,-0.0005678,0.0141723
0.0029522,-0.0004667,0.0137228,0.0029506,-0.0004668,0.0137845
0.0010917,-0.0005229,0.0136798,0.0010912,-0.000523,0.0137423
0.0018616,-0.0004527,0.0128451,0.001861,-0.0004529,0.0129051
0.0026645,-0.0005679,0.0121843,0.0026635,-0.0005679,0.0122417
0.0048261,-0.0010157,0.0016059,0.0048229,-0.0010149,0.0016149
-0.0016346,-0.0046453,0.0017116,-0.0016335,-0.0046422,0.0017208
-0.0018413,-0.004243,0.0015668,-0.0018398,-0.0042396,0.0015768
-0.0025125,-0.0041138,0.0015809,-0.0025106,-0.0041106,0.0015901
0.0043066,0.0026286,0.0018244,0.0043043,0.0026274,0.0018337
0.0024149,0.0025775,0.0138008,0.0024135,0.0025758,0.0138627
0.0002909,0.0035136,0.0140462,0.0002907,0.0035114,0.0141087
-0.0009345,0.0034354,0.0142606,-0.0009341,0.0034333,0.0143236
0.0003036,0.0049965,0.0017653,0.0003034,0.0049936,0.0017744
-0.0001012,0.0034745,0.0141519,-0.0001012,0.0034723,0.0142147
0.0031622,0.0001235,0.013836,0.0031604,0.0001231,0.0138979
0.003494,6.06e-05,0.0132626,0.003492,6.03e-05,0.0133231
0.0048449,0.0012747,0.0016816,0.0048419,0.0012741,0.0016905
0.0016237,-0.004589,0.0016458,0.0016227,-0.0045856,0.0016551
0.0017899,0.0043351,0.0016953,0.0017887,0.0043323,0.0017057
-0.0028088,0.0040841,0.0020086,-0.0028073,0.0040822,0.0020188
-0.0040016,0.0030446,0.0018612,-0.0039992,0.0030431,0.0018705
-0.0040523,0.0027549,0.0019776,-0.0040501,0.0027537,0.0019879
-0.0043565,0.0022882,0.0020039,-0.0043542,0.0022873,0.0020141
-0.0012729,0.0022884,0.0018976,-0.0012718,0.0022867,0.0019146
-0.0023951,0.0014439,0.0019259,-0.0023932,0.001443,0.0019426
-0.002376,0.0023581,0.00246,-0.0023746,0.0023569,0.0024769
-0.0032752,0.0023926,0.0030777,-0.003274,0.0023918,0.0030949
-0.0008448,0.0006156,0.0032692,-0.0008443,0.0006154,0.0032922
-0.0025879,0.0007622,0.0045196,-0.0025867,0.000762,0.0045447
-0.0048793,0.0011793,0.0020024,-0.0048768,0.0011789,0.0020123
-0.0049063,0.0001244,0.0019258,-0.0049036,0.0001246,0.0019358
-0.0049195,-0.0004087,0.0019653,-0.0049169,-0.0004083,0.0019753
-0.0023112,-0.000466,0.0018823,-0.0023092,-0.0004654,0.0018996
-0.0032785,-0.0005436,0.0024898,-0.0032766,-0.0005431,0.0025069
-0.0038795,-0.0004982,0.0029027,-0.0038778,-0.0004977,0.0029196
-0.0039845,-0.0005518,0.0034919,-0.003983,-0.0005514,0.0035107
-0.0005413,-0.0006893,0.0032575,-0.000541,-0.0006887,0.0032805
-0.0023776,-0.0010039,0.0044563,-0.0023764,-0.0010033,0.0044812
-0.0045047,-0.0018891,0.0019473,-0.0045022,-0.0018879,0.0019575
-0.0040082,-0.0020041,0.0018237,-0.0040055,-0.0020026,0.0018351
-0.0023547,-0.0015271,0.0019134,-0.0023528,-0.0015257,0.0019299
-0.0034024,-0.0015804,0.002529,-0.0034006,-0.0015793,0.002545
-0.0041021,-0.0029263,0.001974,-0.0041001,-0.0029246,0.0019835
-0.00325,-0.0035951,0.001938,-0.0032482,-0.0035929,0.0019483
-0.000185,-0.0035194,0.013457,-0.000185,-0.0035176,0.0135178
-0.0005312,-0.0033173,0.0134188,-0.000531,-0.0033157,0.0134795
-0.0008954,-0.0033503,0.0134269,-0.000895,-0.0033487,0.0134876
-0.0001291,-0.0032659,0.013848,-0.0001291,-0.0032644,0.0139098
-0.000111,-0.0031661,0.0135603,-0.000111,-0.0031646,0.0136215
-0.000107,-0.0035488,0.0131238,-0.000107,-0.003547,0.0131837
-0.0012846,-0.0032573,0.0134,-0.001284,-0.0032557,0.0134606
-0.002011,-0.0028991,0.0134159,-0.00201,-0.0028977,0.0134766
-0.0023132,-0.0025269,0.0133929,-0.002312,-0.0025258,0.0134535
-0.0029325,-0.0020217,0.013438,-0.0029309,-0.0020208,0.0134988
-0.0028759,-0.002121,0.013009,-0.0028743,-0.00212,0.0130686
-0.0026627,-0.0020578,0.0114331,-0.0026615,-0.0020568,0.0114873
-0.0031897,-0.0013644,0.013367,-0.003188,-0.0013638,0.0134277
-0.0029803,-0.0011351,0.0137879,-0.0029787,-0.0011348,0.0138497
-0.0032407,-0.0009742,0.01336,-0.003239,-0.0009739,0.0134206
-0.0034698,-0.000713,0.0134062,-0.003468,-0.0007129,0.0134669
-0.0035369,-0.0002608,0.0134362,-0.003535,-0.0002609,0.013497
-0.0035201,0.0001075,0.0132496,-0.0035181,0.0001072,0.01331
-0.0035359,0.0005587,0.0134294,-0.003534,0.0005581,0.0134902
-0.0034399,0.0009359,0.0134055,-0.003438,0.0009351,0.0134663
-0.0031917,0.001153,0.0134422,-0.00319,0.0011521,0.0135032
-0.0030186,0.0018564,0.0133887,-0.003017,0.0018551,0.0134495
0.0030843,0.0010799,0.0136705,0.0030826,0.0010791,0.0137321
-0.0029645,0.0040544,0.0018399,-0.0029627,0.0040522,0.0018492
-0.0023185,0.0043755,0.0020303,-0.0023173,0.0043735,0.0020406
-0.0012171,0.0031906,0.0023927,-0.0012163,0.003189,0.0024092
-0.0020936,0.0034056,0.0031237,-0.0020927,0.0034044,0.0031413
0.0014338,-0.0032702,0.0134504,0.0014329,-0.0032686,0.0135111
0.0009976,-0.0032942,0.0134152,0.000997,-0.0032926,0.0134759
0.0029844,-0.0034756,0.0016765,0.0029824,-0.0034729,0.0016871
0.0028792,-0.0020013,0.0137811,0.0028775,-0.0020005,0.0138427
-0.001255,-0.0026736,0.0019783,-0.001254,-0.0026714,0.0019946
-0.0014328,-0.0033456,0.0024751,-0.001432,-0.0033436,0.0024913
-0.0023954,-0.0028229,0.0026049,-0.0023942,-0.0028213,0.0026212
0.0040748,-0.0028468,0.0017971,0.0040724,-0.0028449,0.0018063
0.0044804,-0.0020297,0.0019483,0.0044781,-0.0020284,0.0019584
0.0042073,-0.0025454,0.0019816,0.0042051,-0.0025439,0.0019918
0.0040018,-0.0019456,0.0018442,0.0039993,-0.0019442,0.0018558
0.0026473,-0.0015191,0.0019784,0.0026454,-0.0015178,0.0019945
0.0025359,-0.002604,0.0025486,0.0025347,-0.0026024,0.002565
-0.0002752,0.0017478,0.0130816,-0.0002752,0.001747,0.0131424
-1.59e-05,0.0024955,0.0122824,-1.6e-05,0.0024945,0.0123404
-0.0003356,0.003134,0.0117174,-0.0003355,0.0031323,0.011773
0.000276,0.0034811,0.0135111,0.0002759,0.0034789,0.0135724
0.0002882,0.0034817,0.01314,0.000288,0.0034795,0.0132002
0.0006236,0.0016259,0.0128819,0.0006233,0.0016253,0.0129423
0.0005828,0.0024575,0.0122777,0.0005825,0.0024564,0.0123356
0.0005518,0.0032472,0.0115956,0.0005516,0.0032453,0.0116507
0.0007053,0.0034582,0.0134364,0.0007048,0.003456,0.0134975
0.004619,0.0017681,0.0019705,0.0046167,0.0017674,0.0019807
-0.0018767,-0.0044357,0.0019273,-0.0018756,-0.004433,0.0019377
-0.0023292,-0.0040701,0.0018527,-0.0023276,-0.0040673,0.0018634
0.0049569,0.0004106,0.0019127,0.0049544,0.0004106,0.0019225
0.0045488,0.0006943,0.0017064,0.0045458,0.0006941,0.0017172
0.0048144,0.0007177,0.0019958,0.004812,0.0007175,0.0020064
0.0041895,0.0007292,0.0017647,0.0041867,0.0007288,0.001777
0.0015813,0.000616,0.0013068,0.0015795,0.0006155,0.0013234
0.0025388,0.0004304,0.0020147,0.0025369,0.0004302,0.0020319
0.0048072,0.0004436,0.0021918,0.0048051,0.0004437,0.0022033
0.0047567,0.0007469,0.0023184,0.0047548,0.0007468,0.0023304
0.004177,0.0003206,0.0029886,0.0041755,0.0003206,0.0030053
-0.0005474,0.0034305,0.0141658,-0.0005471,0.0034283,0.0142286
0.0003748,0.004918,0.0019901,0.0003747,0.0049157,0.0020003
0.0007428,0.002394,0.0019425,0.0007423,0.0023923,0.0019597
0.0005849,0.0031662,0.0023983,0.0005846,0.0031646,0.0024153
0.0005969,0.0038379,0.0030548,0.0005967,0.0038365,0.0030725
-0.0002249,0.0048685,0.0019883,-0.0002247,0.0048661,0.0019988
0.0019366,-0.0019446,0.0122419,0.0019357,-0.0019441,0.0122993
0.0029676,-0.0019025,0.0134188,0.0029659,-0.0019016,0.0134796
0.0031836,-0.0014772,0.0134578,0.0031818,-0.0014766,0.0135187
0.0016576,-0.0027546,0.0138632,0.0016567,-0.0027534,0.0139251
0.0020158,-0.0022434,0.0138371,0.0020146,-0.0022425,0.013899
-0.0015398,0.0032427,0.0137884,-0.001539,0.0032407,0.0138503
-0.002164,0.0027435,0.0138011,-0.0021629,0.0027417,0.013863
-0.0010277,0.0017848,0.012988,-0.0010275,0.001784,0.0130485
-0.001733,0.0017629,0.0121573,-0.0017326,0.0017621,0.0122149
-0.0018516,0.00241,0.01134,-0.0018508,0.0024088,0.0113941
-0.0016109,0.0031241,0.0133532,-0.0016101,0.0031221,0.013414
-0.0020752,0.002898,0.0133831,-0.0020741,0.0028961,0.0134439
0.0011415,0.0033672,0.0134405,0.0011408,0.003365,0.0135016
0.0005411,-0.0027041,0.0018945,0.0005408,-0.0027017,0.001911
0.0009564,-0.0045398,0.0019141,0.0009559,-0.0045369,0.0019252
0.0008904,-0.0039676,0.001668,0.0008898,-0.0039643,0.0016804
0.0007519,-0.0017482,0.0013999,0.0007511,-0.001746,0.0014164
-0.0006521,-0.0046308,0.001549,-0.0006515,-0.0046271,0.0015587
0.0035851,0.0034216,0.0017626,0.003583,0.0034197,0.0017721
0.0036215,0.0032943,0.001928,0.0036196,0.0032928,0.0019383
0.0040499,0.0028192,0.0019917,0.0040479,0.002818,0.002002
0.0013849,0.0023972,0.00194,0.0013839,0.0023955,0.0019567
0.0024506,0.0022433,0.0023635,0.0024492,0.0022421,0.0023802
0.003493,0.00232,0.0030714,0.0034918,0.0023193,0.0030884
0.0016715,0.0027375,0.0138612,0.0016705,0.0027357,0.0139233
0.00215,0.0027469,0.0134135,0.0021488,0.0027451,0.0134745
0.0022935,0.0026603,0.0130813,0.0022921,0.0026585,0.0131413
0.0019183,0.0017517,0.012278,0.0019176,0.0017509,0.0123358
0.0019416,0.0025975,0.0115254,0.0019406,0.0025961,0.0115802
0.0025552,0.0024377,0.0134635,0.0025537,0.0024361,0.0135245
0.0028805,0.0019186,0.0133227,0.0028789,0.0019173,0.0133834
0.003016,0.0019819,0.0130796,0.0030143,0.0019806,0.0131396
0.0027621,0.0018493,0.0115199,0.0027607,0.0018482,0.0115746
0.0035187,-0.0003416,0.0134851,0.0035167,-0.0003417,0.0135461
0.0032947,-0.0007008,0.0134518,0.0032928,-0.0007007,0.0135127
0.0023869,-0.0022034,0.0138145,0.0023856,-0.0022025,0.0138763
0.0026043,-0.0022906,0.0134675,0.0026028,-0.0022896,0.0135284
0.0024693,-0.0041381,0.0019315,0.002468,-0.0041355,0.0019419
0.0029714,-0.0036094,0.0019083,0.0029697,-0.003607,0.0019192
0.0029804,-0.0030597,0.0017602,0.0029783,-0.0030573,0.0017722
0.0025319,0.0041245,0.0019715,0.0025306,0.0041225,0.0019822
0.0033605,-0.0009409,0.0136646,0.0033585,-0.0009407,0.013726
0.0044833,-0.0001117,0.0019105,0.0044807,-0.0001114,0.0019223
0.0048735,-4.07e-05,0.0021629,0.0048715,-4.05e-05,0.0021741
0.0031215,0.0005508,0.0134547,0.0031198,0.0005502,0.0135157
0.0035714,0.0004288,0.0131233,0.0035693,0.0004284,0.0131833
0.0043717,-0.0010227,0.0016113,0.0043685,-0.0010217,0.0016221
0.0016881,0.0032376,0.0025702,0.0016872,0.0032362,0.0025869
0.0020685,0.0044158,0.0019565,0.0020674,0.0044136,0.0019668
0.0020085,0.0037381,0.0017217,0.002007,0.0037355,0.0017338
0.0028017,0.0014199,0.0141247,0.0028003,0.0014188,0.0141874
0.0032363,0.0014641,0.0137798,0.0032344,0.001463,0.0138416
0.002816,0.0016121,0.0137834,0.0028144,0.001611,0.0138453
0.0030665,0.0015953,0.0134593,0.0030647,0.0015942,0.0135204
-0.0043879,0.0017162,0.0018903,-0.0043852,0.0017154,0.0019011
-0.0037926,0.0017435,0.0017595,-0.0037898,0.0017424,0.0017719
-0.0016101,0.0012967,0.0013775,-0.0016083,0.0012955,0.0013938
-0.0045092,0.0010641,0.0018182,-0.0045063,0.0010637,0.001829
-0.0047372,0.0011892,0.002178,-0.0047349,0.0011889,0.0021891
-0.0045264,-0.0014049,0.0019065,-0.0045237,-0.0014039,0.0019172
-0.0042635,-0.0024955,0.0019882,-0.0042613,-0.002494,0.0019982
-0.0040478,-0.0025947,0.0017667,-0.0040452,-0.0025928,0.0017766
0.0015189,-0.0045533,0.0019832,0.0015182,-0.0045505,0.0019939
-0.0015768,-0.0029851,0.0133579,-0.001576,-0.0029837,0.0134184
-0.0028319,0.0020468,0.0130884,-0.0028303,0.0020454,0.0131484
-0.0025631,0.0017862,0.0114854,-0.002562,0.0017852,0.0115401
-0.0024023,0.0025807,0.0134587,-0.002401,0.002579,0.0135198
-0.0025752,0.0024254,0.0137501,-0.0025739,0.0024238,0.0138119
0.0033307,0.000914,0.0133714,0.0033288,0.0009133,0.0134322
0.0032817,0.0013313,0.0133736,0.0032798,0.0013302,0.0134344
-0.0012506,-0.0045164,0.0014758,-0.0012495,-0.0045126,0.0014853
0.001783,-0.002897,0.0133744,0.001782,-0.0028957,0.013435
0.0014722,-0.0045994,0.0018234,0.0014714,-0.0045963,0.0018335
0.0046865,0.0012237,0.0018688,0.0046839,0.0012231,0.001879
-0.0044358,0.0015597,0.0021775,-0.0044337,0.0015591,0.0021893
-0.0031327,-0.0033009,0.0020901,-0.003131,-0.003299,0.002102
-0.0001412,0.0035339,0.0137816,-0.0001412,0.0035316,0.0138435
-0.0005814,0.0034258,0.0137775,-0.0005811,0.0034236,0.0138394
0.0044535,0.0005743,0.0020561,0.0044511,0.0005742,0.0020684
0.0025168,-0.0005694,0.0018826,0.0025148,-0.0005687,0.0018994
0.0032985,-0.0008345,0.0023985,0.0032967,-0.0008338,0.0024151
-0.0003381,-0.0044908,0.0016764,-0.0003378,-0.0044874,0.0016872
-0.0002655,-0.0048242,0.0019496,-0.0002652,-0.0048213,0.00196
-0.0001903,-0.0039857,0.0015973,-0.00019,-0.0039822,0.0016097
-0.00028,-0.0016068,0.0013915,-0.0002796,-0.0016048,0.0014084
-0.0002902,-0.0026707,0.0018321,-0.0002899,-0.0026682,0.0018486
-0.0002649,-0.0031983,0.002397,-0.0002646,-0.0031961,0.002414
-0.0002888,-0.004816,0.0021672,-0.0002885,-0.0048135,0.0021784
-0.0001988,-0.0047427,0.0023342,-0.0001986,-0.0047405,0.0023463
-0.0003982,-0.0027494,0.0044141,-0.000398,-0.002748,0.0044386
0.000978,0.0048642,0.0019668,0.0009775,0.0048618,0.0019768
0.0015614,0.0042593,0.0018521,0.0015604,0.0042568,0.0018635
0.0013777,0.0045534,0.0021332,0.001377,0.0045514,0.0021446
0.0003132,-0.0032072,0.0134427,0.000313,-0.0032057,0.0135035
0.0045868,-0.0015511,0.001739,0.004584,-0.00155,0.0017488
0.0044014,0.001849,0.0021266,0.0043994,0.0018483,0.0021381
0.0050293,-0.0006298,0.0019073,0.0050268,-0.0006293,0.0019166
0.0043081,-0.0004576,0.001511,0.0043047,-0.000457,0.0015221
0.0046001,-0.0004211,0.001838,0.0045973,-0.0004206,0.0018489
0.0041425,-0.0003324,0.0017025,0.0041395,-0.000332,0.0017149
0.0015728,-0.0006571,0.0013386,0.0015711,-0.0006561,0.0013551
0.0047567,-0.0005339,0.0021086,0.0047545,-0.0005335,0.0021199
0.0031506,0.0002116,0.0134097,0.0031488,0.0002113,0.0134706
0.0031557,-0.0002756,0.0133537,0.003154,-0.0002757,0.0134145
0.0034762,-0.0003396,0.0131279,0.0034742,-0.0003397,0.0131879
-0.0010452,-0.004726,0.0017391,-0.0010444,-0.0047228,0.0017488
0.0025476,0.0023791,0.0130823,0.0025461,0.0023775,0.0131423
0.0008685,0.0034107,0.0131261,0.000868,0.0034085,0.0131863
-0.0044319,0.0020324,0.0021412,-0.0044298,0.0020316,0.0021522
-0.0047501,0.0005321,0.0021426,-0.0047477,0.000532,0.002154
-0.0042369,0.0004812,0.0019357,-0.0042342,0.0004811,0.0019483
-0.0038151,0.0006867,0.0018469,-0.0038123,0.0006864,0.0018605
-0.0015196,0.00037,0.0013667,-0.0015179,0.0003698,0.0013836
-0.0022434,0.0003298,0.00178,-0.0022413,0.0003297,0.0017971
-0.0032193,0.0002095,0.002362,-0.0032173,0.0002096,0.0023789
-0.0012248,0.0001317,0.0016913,-0.0012236,0.0001317,0.0017095
-0.0012337,0.0002568,0.0020585,-0.0012326,0.0002568,0.0020778
-0.0023334,0.0003049,0.0021817,-0.0023317,0.0003048,0.0021998
-0.0029455,0.0001969,0.0027985,-0.0029439,0.0001969,0.0028173
-0.0040489,0.0007546,0.0021018,-0.0040464,0.0007544,0.0021154
-0.0039532,0.0002874,0.0029192,-0.0039515,0.0002874,0.0029361
-0.0047466,0.0005861,0.0023399,-0.0047445,0.0005862,0.0023519
-0.0049254,0.000146,0.0021097,-0.004923,0.0001461,0.0021203
-0.004143,1.79e-05,0.0018363,-0.0041401,1.81e-05,0.001849
-0.0047677,-0.0002388,0.0021259,-0.0047653,-0.0002384,0.0021373
-0.0048061,4.04e-05,0.0023224,-0.004804,4.06e-05,0.0023343
-0.0046571,-0.0010133,0.0022258,-0.0046549,-0.0010127,0.0022374
-0.004229,-0.0011944,0.0020831,-0.0042266,-0.0011935,0.0020957
-0.0041517,-0.0016444,0.0020004,-0.0041491,-0.0016432,0.0020123
-0.0037244,-0.0030074,0.0021419,-0.0037225,-0.0030058,0.0021532
-0.0035562,-0.0030208,0.0022504,-0.0035545,-0.0030193,0.0022625
-0.0031582,-0.0024749,0.0029806,-0.003157,-0.0024737,0.0029974
-0.0040525,-0.00262,0.0021374,-0.0040505,-0.0026185,0.0021484
-0.0021422,0.0043432,0.0021564,-0.0021411,0.0043414,0.0021676
-0.0038956,0.0028567,0.0021603,-0.0038936,0.0028555,0.0021715
-0.0008398,-0.0020068,0.0121411,-0.0008397,-0.0020066,0.0121986
-0.0011013,-0.001241,0.0121074,-0.0011013,-0.0012411,0.0121651
-0.001005,-0.0028162,0.0114321,-0.0010046,-0.0028152,0.0114864
-0.0011149,-0.0027955,0.0108282,-0.0011145,-0.0027944,0.01088
-0.0005378,-0.0023743,0.0090414,-0.0005376,-0.0023732,0.0090854
-0.0020732,-0.0028023,0.0131674,-0.0020721,-0.0028009,0.0132275
0.0011408,-0.0019199,0.0120119,0.0011405,-0.0019196,0.0120688
0.0010278,-0.0009457,0.0120076,0.0010277,-0.0009459,0.0120651
0.0013607,-0.0027329,0.0115187,0.00136,-0.0027318,0.0115734
0.0012299,-0.0032826,0.0130621,0.0012292,-0.003281,0.0131218
0.0009257,-0.0030074,0.0130334,0.0009252,-0.0030061,0.0130932
0.0009079,-0.0011375,0.0128921,0.0009077,-0.0011375,0.0129524
0.0004585,-0.0010514,0.0130624,0.0004584,-0.0010515,0.0131233
0.0005559,-0.0020518,0.0122161,0.0005557,-0.0020515,0.0122739
0.0004648,-0.0026632,0.0115111,0.0004645,-0.0026624,0.0115658
-0.0013419,-0.0029325,0.0129755,-0.0013412,-0.0029312,0.013035
-0.0011399,-0.0011915,0.01288,-0.0011397,-0.0011914,0.0129402
0.0018246,0.0039363,0.0020838,0.0018236,0.0039344,0.0020967
0.0023106,0.0041671,0.0021282,0.0023095,0.0041652,0.0021396
0.0018282,0.0009788,0.0123215,0.0018277,0.0009784,0.0123798
0.0011006,0.000964,0.0122416,0.0011004,0.0009637,0.0123
0.0009262,0.0004935,0.0102039,0.0009261,0.0004934,0.0102536
0.0027224,0.0010329,0.0114942,0.0027212,0.0010324,0.0115489
0.0026934,0.0009433,0.0109513,0.0026923,0.0009428,0.0110039
0.0025128,0.0008613,0.0091775,0.0025115,0.0008608,0.0092223
0.003065,0.0007971,0.0130405,0.0030633,0.0007965,0.0131004
0.001075,0.0009865,0.0128696,0.0010748,0.0009861,0.0129299
0.0011611,0.0002308,0.0130058,0.0011609,0.0002305,0.0130667
0.0019695,0.0003201,0.0122674,0.001969,0.0003198,0.0123255
0.0025906,0.0003235,0.0115428,0.0025897,0.0003233,0.0115978
-0.0025547,-0.0025003,0.013016,-0.0025533,-0.0024991,0.0130756
-0.00299,-0.0011203,0.0129954,-0.0029885,-0.00112,0.0130551
-0.0027518,-0.0014175,0.0130511,-0.0027504,-0.001417,0.013111
-0.0018611,-0.0012329,0.0121642,-0.0018607,-0.0012328,0.0122217
-0.0023861,-0.0011628,0.0116064,-0.0023854,-0.0011626,0.0116616
-0.0032791,-0.0008081,0.0130597,-0.0032774,-0.0008079,0.0131195
-0.0035244,-0.000668,0.0130152,-0.0035225,-0.0006679,0.0130749
-0.0017338,-0.0003057,0.0123991,-0.0017336,-0.0003059,0.0124578
-0.0024691,-0.0004234,0.0114411,-0.0024684,-0.0004234,0.0114958
-0.003276,-0.0004574,0.0108098,-0.0032744,-0.0004572,0.0108614
-0.0035253,-0.0002727,0.0130799,-0.0035234,-0.0002728,0.0131398
-0.0017047,0.000427,0.012497,-0.0017044,0.0004268,0.0125561
-0.0010705,0.000252,0.0121179,-0.0010706,0.0002519,0.012176
-0.002503,0.0001692,0.0114816,-0.0025023,0.0001689,0.0115365
-0.0035073,0.0004607,0.0131181,-0.0035053,0.0004602,0.0131781
-0.0034864,0.000824,0.0130354,-0.0034845,0.0008233,0.0130952
-0.0017592,0.000997,0.0120484,-0.001759,0.0009966,0.0121057
-0.0025152,0.001059,0.0116787,-0.0025144,0.0010584,0.0117343
-0.0032492,0.0011412,0.0130262,-0.0032474,0.0011404,0.013086
-0.0027595,0.0012421,0.0133329,-0.0027582,0.0012412,0.0133937
-0.0009189,0.0008024,0.0127331,-0.0009189,0.0008021,0.0127932
-0.0031763,0.0016336,0.0130247,-0.0031745,0.0016324,0.0130845
0.0019246,-0.0012748,0.012171,0.001924,-0.0012747,0.0122285
0.0026595,-0.0012988,0.0114239,0.0026583,-0.0012984,0.0114783
0.002612,-0.0011576,0.0108914,0.0026109,-0.0011572,0.0109437
0.0022286,-0.0007509,0.0089892,0.0022275,-0.0007505,0.0090331
0.0032991,-0.0007369,0.0131135,0.0032973,-0.0007367,0.0131735
0.0026826,-0.001029,0.0132312,0.0026812,-0.0010287,0.0132917
0.0011291,-0.0004188,0.0130497,0.0011288,-0.000419,0.0131106
0.0019356,-0.0003467,0.0121844,0.0019352,-0.0003468,0.0122422
0.0027017,-0.0004632,0.0116308,0.0027006,-0.0004632,0.0116861
-0.0007984,-0.0034219,0.013012,-0.0007981,-0.0034202,0.0130715
-0.0036098,0.003151,0.0020859,-0.0036079,0.0031495,0.0020971
0.0028801,-0.0019687,0.0130347,0.0028784,-0.0019678,0.0130943
0.0031391,-0.0015103,0.0131066,0.0031373,-0.0015097,0.0131665
-0.0001956,0.0048593,0.0021521,-0.0001955,0.0048571,0.0021632
-0.0001647,0.0047374,0.0022945,-0.0001646,0.0047355,0.0023067
-0.0001565,0.0025726,0.001944,-0.0001563,0.0025707,0.0019611
-0.0003461,0.0032497,0.0023774,-0.0003457,0.0032479,0.0023943
-0.0003209,0.0040358,0.0031698,-0.0003207,0.0040344,0.0031875
-0.0006521,0.0047109,0.0022703,-0.0006517,0.004709,0.0022822
-0.0010796,0.0047499,0.0021603,-0.001079,0.0047479,0.0021713
0.0014067,0.003043,0.0134172,0.0014058,0.0030411,0.0134782
0.0045752,-0.00122,0.0019327,0.0045727,-0.0012191,0.0019435
0.0045836,-0.0018528,0.0021703,0.0045816,-0.0018519,0.002181
0.0016571,0.0030936,0.0130424,0.0016561,0.0030916,0.0131023
0.0006602,-0.004905,0.0020625,0.0006599,-0.0049024,0.0020728
0.000284,-0.0045317,0.0017821,0.0002839,-0.0045284,0.0017932
0.0003781,-0.0048278,0.0021667,0.0003781,-0.0048253,0.0021778
0.0003997,-0.0043705,0.0020396,0.0003995,-0.0043678,0.0020521
0.0003399,-0.0047523,0.0023469,0.0003398,-0.00475,0.002359
-0.0009475,0.0034157,0.0138194,-0.0009471,0.0034136,0.0138814
-0.0012326,0.0031406,0.0137972,-0.001232,0.0031387,0.0138591
-0.0012156,0.0026494,0.0138044,-0.0012151,0.0026478,0.0138665
0.00191,-0.0042798,0.0018117,0.0019089,-0.0042769,0.0018223
0.0018666,-0.0045021,0.0021833,0.0018658,-0.0044998,0.0021943
0.0034047,0.0032352,0.0022401,0.0034031,0.003234,0.0022524
0.0039746,0.0026557,0.0021463,0.0039728,0.0026547,0.0021579
0.004115,-0.0025046,0.0021493,0.0041131,-0.0025033,0.0021605
0.0023016,-0.0039306,0.0020225,0.0023004,-0.0039282,0.0020343
0.0028112,-0.0031237,0.0019366,0.0028094,-0.0031215,0.0019494
0.0043233,0.0010483,0.0019811,0.0043209,0.0010479,0.0019933
-0.0002231,-0.0018825,0.0123623,-0.0002231,-0.0018823,0.0124207
-0.0001851,-0.0025946,0.0116727,-0.0001851,-0.0025939,0.0117282
3.91e-05,-0.0032654,0.013269,3.9e-05,-0.0032639,0.0133294
-6.4e-05,-0.0028821,0.0134042,-6.4e-05,-0.0028808,0.013465
-0.0003542,-0.0012636,0.0130245,-0.0003542,-0.0012636,0.0130853
-6.69e-05,-0.0035417,0.0127412,-6.69e-05,-0.0035399,0.0128
0.0010283,0.0017878,0.0122596,0.0010281,0.0017872,0.0123177
0.0013847,0.0024851,0.0115993,0.0013841,0.0024839,0.0116545
0.0013411,0.0024902,0.0107806,0.0013405,0.0024891,0.0108326
0.0010727,0.0021287,0.0091628,0.0010722,0.0021276,0.0092077
0.0032814,-0.0030464,0.002024,0.0032795,-0.0030445,0.0020361
0.0034352,-0.0031901,0.0019006,0.0034331,-0.003188,0.0019114
0.0007424,-0.0033671,0.0136107,0.0007419,-0.0033655,0.0136719
0.0017493,-0.0027803,0.012981,0.0017483,-0.0027791,0.0130406
-0.0028549,0.0039347,0.0021646,-0.0028535,0.003933,0.0021757
0.0014545,-0.0044091,0.0021182,0.0014538,-0.0044066,0.00213
-0.0004512,-0.0034677,0.0130888,-0.000451,-0.003466,0.0131485
0.0032441,0.0004369,0.0130886,0.0032423,0.0004364,0.0131486
0.0035194,0.0004261,0.0127285,0.0035173,0.0004256,0.0127874
0.0033356,0.0001734,0.0106332,0.0033339,0.0001732,0.0106841
0.000857,-0.0045131,0.0020662,0.0008566,-0.0045104,0.002078
-9.91e-05,0.0034654,0.0132955,-9.91e-05,0.0034632,0.0133562
-0.0047463,-0.0008934,0.0023949,-0.0047443,-0.0008927,0.0024068
-0.0022144,-0.0006276,0.0022844,-0.0022128,-0.0006269,0.0023029
-0.002936,-0.0006264,0.0027899,-0.0029345,-0.0006259,0.0028087
-0.0046683,-0.0004644,0.0022729,-0.004666,-0.0004639,0.0022851
-0.004322,0.00011,0.0035948,-0.0043206,0.0001102,0.0036134
-0.0042052,-0.0016356,0.0022278,-0.0042031,-0.0016346,0.0022404
-0.0037748,-0.0018481,0.002091,-0.0037725,-0.0018468,0.0021042
-0.0012986,-0.0016203,0.0018674,-0.0012974,-0.0016187,0.001885
-0.0022964,-0.0015521,0.0023044,-0.0022949,-0.0015508,0.002322
-0.003307,-0.0018488,0.003009,-0.0033056,-0.0018479,0.0030267
-0.0031086,-0.0031754,0.0022416,-0.0031071,-0.0031736,0.0022544
0.0013028,0.0031894,0.0131979,0.001302,0.0031874,0.0132583
0.001554,0.0027723,0.0130995,0.0015531,0.0027706,0.0131597
-0.0020599,-0.0029074,0.0126575,-0.0020588,-0.002906,0.0127159
-0.0021049,-0.0029067,0.0123576,-0.0021037,-0.0029053,0.0124151
-0.0017491,-0.0019842,0.0113595,-0.0017487,-0.0019837,0.0114138
-0.0018926,-0.0027463,0.0107554,-0.0018918,-0.0027451,0.0108066
-0.0001206,-0.0043776,0.0019933,-0.0001204,-0.0043748,0.0020056
0.0031672,0.0016177,0.0129867,0.0031654,0.0016166,0.0130464
-0.0042751,0.0017914,0.0024242,-0.0042732,0.0017909,0.0024373
-0.0036104,0.0017037,0.0021107,-0.0036081,0.0017029,0.0021248
-0.0014551,0.0013946,0.0017663,-0.0014537,0.0013935,0.0017838
-0.0022748,0.0012203,0.0022779,-0.0022732,0.0012197,0.002296
-0.0033054,0.001212,0.0028518,-0.0033038,0.0012117,0.0028696
-0.0046577,0.0012049,0.0023458,-0.0046557,0.0012046,0.0023578
-0.002348,-0.0026929,0.012747,-0.0023468,-0.0026916,0.0128058
-0.002858,-0.0021038,0.0125478,-0.0028565,-0.0021028,0.012606
-0.0026401,-0.0020009,0.0108288,-0.0026389,-0.002,0.0108805
-0.0042393,0.0020432,0.0022918,-0.0042373,0.0020425,0.0023041
-0.0032511,-0.0013879,0.0126753,-0.0032493,-0.0013873,0.0127339
-0.0034613,-0.0007193,0.0126834,-0.0034594,-0.0007191,0.0127421
-0.00344,-0.0003278,0.012751,-0.0034382,-0.0003279,0.0128098
-0.0034601,7.76e-05,0.012722,-0.0034582,7.73e-05,0.0127809
-0.0035261,0.0004839,0.0127603,-0.0035241,0.0004834,0.0128193
-0.0033414,0.0008384,0.0126007,-0.0033396,0.0008378,0.0126592
-0.0030586,0.0012826,0.0127399,-0.0030571,0.0012817,0.0127988
-0.0030909,0.0017491,0.0127377,-0.0030892,0.0017479,0.0127966
-0.0028677,0.0020465,0.0127079,-0.0028662,0.0020451,0.0127668
-0.0029673,0.0019544,0.012381,-0.0029656,0.0019531,0.0124388
-0.0008819,0.0017517,0.0122431,-0.0008818,0.0017512,0.0123013
-0.0017984,0.0017173,0.0114384,-0.001798,0.0017167,0.0114931
-0.0026665,0.0017263,0.0106641,-0.0026654,0.0017253,0.0107153
-0.0026018,0.0023711,0.0130586,-0.0026003,0.0023695,0.0131185
-0.0024563,0.0024559,0.0126819,-0.002455,0.0024543,0.0127407
0.0027975,0.0039252,0.0021616,0.0027962,0.0039236,0.002173
0.0029358,0.003721,0.0023276,0.0029346,0.0037196,0.0023399
0.0025084,0.0032651,0.0030759,0.0025075,0.003264,0.0030931
-0.0007305,-0.0045862,0.0018579,-0.0007299,-0.0045832,0.0018688
-0.0008506,-0.003131,0.012788,-0.0008502,-0.0031295,0.012847
-0.0013031,-0.0032245,0.012688,-0.0013025,-0.0032229,0.0127465
0.0044425,4.09e-05,0.0020661,0.0044402,4.11e-05,0.0020786
0.0047916,5.2e-05,0.0023292,0.0047897,5.21e-05,0.0023413
-0.0016462,-0.0029659,0.0127584,-0.0016454,-0.0029645,0.0128172
0.0028288,-0.0013052,0.0131378,0.0028272,-0.0013048,0.0131979
0.0032263,-0.0014076,0.0126881,0.0032244,-0.001407,0.0127468
0.0003004,0.0035269,0.0127285,0.0003001,0.0035247,0.0127876
0.0001703,0.0033739,0.0123865,0.0001702,0.0033719,0.0124445
0.0005068,0.0017229,0.0121503,0.0005067,0.0017225,0.0122081
0.0006036,0.0025,0.0115128,0.0006034,0.0024991,0.0115679
0.0004636,0.0030598,0.010936,0.0004634,0.0030582,0.0109885
-0.0003013,0.001786,0.0121372,-0.0003013,0.0017856,0.012195
-0.0002262,0.002494,0.0116175,-0.0002263,0.0024931,0.011673
-0.0003494,0.0024835,0.0109407,-0.0003494,0.0024826,0.0109935
-0.0006078,0.0023334,0.0092636,-0.0006075,0.0023323,0.0093089
-0.0003511,0.0033325,0.0107964,-0.000351,0.0033307,0.0108482
-0.0001161,0.0035347,0.0127842,-0.0001161,0.0035325,0.0128434
0.0013747,-0.0032428,0.0125731,0.0013739,-0.0032412,0.0126313
0.0010382,-0.0033175,0.0126524,0.0010375,-0.0033159,0.0127108
0.0030079,-0.001806,0.0127128,0.0030062,-0.0018052,0.0127715
0.0031168,-0.0016335,0.0123283,0.003115,-0.0016328,0.0123858
0.0019257,-0.0019414,0.0114828,0.001925,-0.0019409,0.0115374
0.0020129,-0.0011588,0.0114811,0.0020124,-0.0011588,0.0115359
0.0035151,-0.0003836,0.012786,0.003513,-0.0003836,0.012845
0.0035357,-0.0004628,0.012452,0.0035337,-0.0004628,0.0125099
-0.002094,0.0043291,0.002329,-0.0020931,0.0043275,0.0023409
-0.0014781,0.0023558,0.0023211,-0.0014771,0.0023545,0.0023389
-0.001323,0.0031278,0.0029215,-0.0013223,0.0031265,0.0029399
-0.0013727,0.0031425,0.0033301,-0.0013721,0.0031414,0.0033498
-0.0010066,0.0022854,0.0045415,-0.0010061,0.0022845,0.0045669
0.0005127,-0.0025323,0.0023966,0.0005125,-0.0025304,0.0024149
0.0005716,-0.0013495,0.0020867,0.0005712,-0.0013482,0.0021058
0.0011443,-0.0008665,0.0033786,0.0011437,-0.0008658,0.0034015
0.0007887,-0.0033578,0.0028894,0.0007884,-0.003356,0.0029074
0.0005976,-0.0031819,0.003252,0.0005973,-0.0031803,0.0032717
0.0007932,-0.002489,0.0045595,0.0007928,-0.0024876,0.0045848
0.0003803,-0.0043261,0.0022137,0.0003801,-0.0043236,0.0022268
0.0002323,-0.0039708,0.0020238,0.0002322,-0.0039681,0.0020377
0.0006001,-0.0014414,0.0017426,0.0005996,-0.0014398,0.0017606
-0.0003023,-0.0014853,0.001773,-0.000302,-0.0014836,0.0017911
-0.0004418,-0.0027915,0.0023327,-0.0004414,-0.0027895,0.0023504
-0.0001852,-0.0030202,0.0028341,-0.000185,-0.0030184,0.0028528
0.0003949,-0.0047278,0.0025274,0.0003948,-0.0047257,0.0025403
0.0041556,0.0022872,0.0020935,0.0041536,0.0022863,0.002105
0.0041893,0.0022871,0.0023088,0.0041877,0.0022863,0.002321
0.0038334,0.0018035,0.0020944,0.0038312,0.0018026,0.0021078
0.0018912,0.0015218,0.0019251,0.0018897,0.0015208,0.0019424
0.0013519,0.0014099,0.0022182,0.001351,0.0014091,0.002237
0.0010931,0.0008708,0.0034007,0.0010925,0.0008705,0.0034237
0.0024707,0.0013079,0.0023536,0.0024691,0.0013073,0.0023715
0.0032043,0.0012358,0.002904,0.0032029,0.0012354,0.0029221
0.0032125,0.0012553,0.0033747,0.0032112,0.0012549,0.0033945
0.0026151,0.0008626,0.0043933,0.0026139,0.0008623,0.0044179
0.0043854,0.0018031,0.0023108,0.0043836,0.0018026,0.0023231
0.0015645,0.0022592,0.0023138,0.0015635,0.0022579,0.0023316
0.0024443,0.0022477,0.0028362,0.0024432,0.0022468,0.0028545
0.0033787,0.0021872,0.0034701,0.0033775,0.0021866,0.0034891
0.0014958,0.0041465,0.002031,0.001495,0.0041443,0.0020435
0.0014389,0.0045626,0.0023581,0.0014383,0.0045609,0.0023703
-0.000384,0.0022366,0.0022097,-0.0003837,0.0022351,0.0022281
-0.0003945,0.002934,0.0027785,-0.0003942,0.0029326,0.0027974
-0.0003953,0.0039242,0.003558,-0.000395,0.0039229,0.0035773
-0.0004293,0.0035212,0.0134782,-0.0004291,0.003519,0.0135394
0.0049013,-0.0008194,0.0020104,0.004899,-0.0008188,0.0020205
0.0044559,-0.000855,0.0017744,0.0044531,-0.0008543,0.0017855
0.004527,-0.0008871,0.001996,0.0045245,-0.0008865,0.0020076
0.003014,0.0019284,0.0127299,0.0030122,0.0019271,0.0127889
0.0029923,0.0018913,0.0123929,0.0029906,0.0018901,0.0124508
0.0019764,0.0017783,0.0114946,0.0019756,0.0017776,0.0115495
0.0026036,0.0016895,0.0108567,0.0026024,0.0016886,0.0109088
0.002296,0.0040927,0.0023175,0.0022951,0.0040911,0.0023299
-0.0022265,0.0026402,0.0130934,-0.0022253,0.0026385,0.0131535
0.0007964,-0.0045614,0.0022723,0.0007962,-0.0045591,0.0022846
0.003112,6.46e-05,0.0130912,0.0031103,6.44e-05,0.0131513
0.0035662,-2.73e-05,0.0127552,0.0035641,-2.76e-05,0.0128142
0.0038622,0.0028194,0.0023098,0.0038606,0.0028184,0.0023219
-0.0038958,0.0028148,0.0023112,-0.003894,0.0028138,0.002323
0.0018489,0.0030055,0.0126719,0.0018478,0.0030036,0.0127307
0.0010941,0.0033898,0.0127297,0.0010934,0.0033876,0.0127887
0.0014956,0.0031949,0.012658,0.0014947,0.0031928,0.0127168
0.0032923,0.0011534,0.0130094,0.0032904,0.0011525,0.0130691
0.0032814,0.001365,0.012686,0.0032795,0.0013641,0.0127448
0.0025856,0.0004308,0.002369,0.002584,0.0004307,0.0023872
0.0032948,0.000332,0.0029266,0.0032932,0.000332,0.0029451
0.0040956,0.0002809,0.0034675,0.0040942,0.000281,0.0034862
0.0041104,0.0002539,0.0020818,0.0041081,0.0002539,0.0020954
0.0038702,-3.07e-05,0.0020927,0.0038679,-3.05e-05,0.0021071
0.0013965,0.0004472,0.0017706,0.0013952,0.000447,0.0017887
0.0014194,-0.0004624,0.0018098,0.0014181,-0.0004618,0.001828
0.0024446,-0.0006235,0.0022855,0.002443,-0.0006228,0.0023036
0.0034975,-0.0004698,0.0029309,0.0034959,-0.0004694,0.0029489
0.0032634,-0.0006815,0.0033303,0.003262,-0.0006811,0.0033501
0.0026554,-0.0008532,0.0045214,0.0026542,-0.0008527,0.0045463
0.0046947,-0.0004998,0.0024271,0.0046929,-0.0004994,0.0024399
0.00466,0.0001714,0.0025095,0.0046583,0.0001714,0.0025228
-0.0011614,-0.0044627,0.0018588,-0.0011605,-0.0044597,0.0018697
-0.00165,0.0042198,0.0020899,-0.0016491,0.0042178,0.002102
0.0003731,0.0047478,0.0021966,0.0003731,0.0047457,0.0022083
0.0032784,-0.0010253,0.0126212,0.0032765,-0.0010249,0.0126797
-0.0010639,0.0046807,0.0023322,-0.0010633,0.0046789,0.0023442
0.003403,-0.0007309,0.0127946,0.003401,-0.0007307,0.0128537
0.0003215,-0.0035481,0.0126519,0.0003212,-0.0035463,0.0127103
-0.000125,-0.0031662,0.0126582,-0.000125,-0.0031648,0.0127168
-2.29e-05,-0.0035293,0.0123882,-2.29e-05,-0.0035276,0.0124458
0.0007147,0.0034185,0.0127752,0.0007142,0.0034164,0.0128343
0.0003723,-0.0032765,0.0131574,0.0003721,-0.003275,0.0132174
0.0002103,-0.003301,0.012868,0.0002101,-0.0032994,0.0129272
0.0002807,-0.0035677,0.012363,0.0002805,-0.0035659,0.0124205
-0.0007875,0.0034523,0.0134093,-0.0007871,0.0034501,0.0134703
-0.0011967,0.0032422,0.0133392,-0.0011961,0.0032402,0.0134
0.0021089,-0.0022592,0.0127304,0.0021078,-0.0022583,0.0127893
0.0010616,-0.0017491,0.0114299,0.0010615,-0.0017491,0.0114846
0.0019172,-0.001966,0.0107451,0.0019165,-0.0019653,0.0107968
0.0026587,-0.0021964,0.0126658,0.0026572,-0.0021954,0.0127244
-0.0040879,-0.0016157,0.0024476,-0.004086,-0.0016147,0.0024614
-0.0036208,-0.0028921,0.0025572,-0.0036194,-0.0028908,0.0025706
-0.0033753,-0.0030749,0.0026669,-0.0033739,-0.0030736,0.0026809
-0.0011196,-0.0025637,0.0023668,-0.0011189,-0.0025618,0.0023846
-0.0022798,-0.0026229,0.0029347,-0.0022787,-0.0026216,0.0029528
-0.0031843,-0.0022352,0.0034024,-0.0031831,-0.0022342,0.0034212
-0.0018109,0.0041644,0.0023782,-0.00181,0.0041628,0.0023914
-0.0017451,0.0036993,0.0021007,-0.001744,0.0036973,0.0021144
-0.0041696,0.002262,0.0025142,-0.0041678,0.0022613,0.0025271
0.0017969,0.0039754,0.0022511,0.001796,0.0039736,0.0022644
0.0018538,0.0035434,0.0021124,0.0018527,0.0035415,0.0021265
0.0015842,0.0031325,0.0029294,0.0015836,0.0031313,0.0029475
0.0013868,0.0028505,0.0031985,0.0013862,0.0028493,0.0032182
0.0011307,0.002513,0.0045138,0.0011301,0.002512,0.0045388
0.0023214,0.0035977,0.0022477,0.0023203,0.0035961,0.0022613
0.0022789,0.0041604,0.0025479,0.002278,0.004159,0.002561
-0.0031886,-0.0009844,0.0127314,-0.0031869,-0.0009841,0.0127903
-0.0046755,-0.0002634,0.0024876,-0.0046736,-0.000263,0.0025006
-0.004631,-0.0007419,0.0024935,-0.0046291,-0.0007414,0.0025065
-0.0044535,0.00052,0.0024457,-0.0044514,0.00052,0.0024593
-0.004636,0.0009386,0.0025138,-0.0046341,0.0009385,0.0025267
3.2e-05,-0.0049035,0.0023177,3.21e-05,-0.0049012,0.0023291
-0.0001114,-0.0041911,0.0021714,-0.0001112,-0.0041885,0.0021849
-7.29e-05,-0.0047336,0.0025168,-7.27e-05,-0.0047316,0.0025296
-8.84e-05,-0.0045557,0.0026324,-8.83e-05,-0.0045537,0.0026464
0.0014053,-0.0023333,0.0023399,0.0014044,-0.0023315,0.0023577
0.0024025,-0.0015629,0.0023091,0.0024009,-0.0015616,0.0023265
0.002427,-0.0024025,0.0029377,0.0024259,-0.0024012,0.0029559
0.0034091,-0.0014945,0.0028676,0.0034076,-0.0014936,0.0028849
-0.0046874,0.000124,0.0024969,-0.0046855,0.0001242,0.0025099
0.0006878,-0.0033785,0.012685,0.0006874,-0.0033768,0.0127436
0.0020231,-0.0043609,0.0023658,0.0020223,-0.0043588,0.0023778
0.0018167,-0.0041094,0.0021623,0.0018158,-0.004107,0.0021748
0.0016214,-0.0017123,0.0017881,0.00162,-0.0017106,0.001805
0.0015445,-0.0034468,0.0029257,0.0015439,-0.0034451,0.002943
0.001539,-0.0044954,0.0023156,0.0015384,-0.0044932,0.0023276
0.0013917,-0.0028613,0.0124763,0.0013909,-0.0028601,0.0125343
0.0012634,-0.0027318,0.0108882,0.0012628,-0.0027307,0.0109403
0.0009189,-0.0034483,0.0122629,0.0009183,-0.0034465,0.01232
0.0031131,0.0033692,0.0024695,0.0031118,0.0033681,0.0024829
0.0028858,0.0035894,0.0026755,0.0028848,0.0035883,0.0026896
0.0025824,0.0029827,0.003385,0.0025814,0.0029818,0.0034037
0.00357,0.002986,0.0024704,0.0035686,0.002985,0.0024836
-0.0020959,0.0028222,0.0127199,-0.0020948,0.0028204,0.0127789
-0.0021687,0.0027081,0.0124255,-0.0021676,0.0027065,0.0124835
-0.0009339,0.0024313,0.01161,-0.0009337,0.0024303,0.0116654
-0.001794,0.0025995,0.0110093,-0.0017932,0.0025982,0.011062
-0.002451,0.0040231,0.0024671,-0.0024499,0.0040217,0.00248
0.0033925,0.0008996,0.0126278,0.0033905,0.0008989,0.0126864
-0.0007907,-0.0032613,0.0124209,-0.0007904,-0.0032598,0.0124787
-0.0007907,-0.0029408,0.012311,-0.0007904,-0.0029396,0.0123685
-0.0004094,-0.0012541,0.0121739,-0.0004094,-0.0012543,0.012232
-0.0003114,-0.0019377,0.0113407,-0.0003114,-0.0019376,0.0113951
-0.0002362,-0.0026615,0.0108318,-0.0002362,-0.0026607,0.0108838
-0.0011158,-0.002067,0.0116861,-0.0011156,-0.0020667,0.0117417
-0.0007366,-0.0006427,0.0091305,-0.0007364,-0.0006425,0.0091754
-0.0005992,-0.0022338,0.0078445,-0.0005988,-0.0022324,0.007883
-0.0013118,-0.0032113,0.0122903,-0.0013112,-0.0032097,0.0123476
0.0048341,0.0003922,0.0024095,0.0048323,0.0003923,0.0024218
0.0042757,0.000763,0.0021771,0.0042735,0.0007628,0.0021903
0.0046533,0.0005855,0.0024704,0.0046515,0.0005855,0.0024834
0.0041543,0.0006145,0.0023045,0.0041523,0.0006143,0.0023186
0.0045788,0.0006143,0.0026625,0.0045772,0.0006143,0.0026766
0.0017787,0.0030122,0.0122969,0.0017777,0.0030104,0.0123545
0.0018501,0.0026796,0.0124377,0.0018491,0.002678,0.0124958
0.0022061,0.0026759,0.0106588,0.0022049,0.0026744,0.0107099
0.0010556,0.0017637,0.0114482,0.0010554,0.0017633,0.0115031
0.0010627,0.0034104,0.0123798,0.001062,0.0034082,0.0124377
0.00134,0.0031871,0.0123094,0.0013392,0.0031851,0.0123671
0.0030654,-0.0011018,0.0122214,0.0030638,-0.0011014,0.0122786
0.0006795,-0.0032766,0.0130946,0.0006791,-0.003275,0.0131545
0.0024987,0.0024332,0.0125611,0.0024972,0.0024317,0.0126196
0.0040744,-0.0024527,0.0023266,0.0040726,-0.0024515,0.0023386
0.0038433,-0.0017121,0.0021774,0.0038413,-0.001711,0.002191
0.0043285,-0.0019864,0.0023026,0.0043267,-0.0019854,0.0023145
-0.0025904,0.0039643,0.0022847,-0.0025892,0.0039627,0.0022968
0.0004521,-0.0041831,0.0023707,0.000452,-0.0041808,0.0023849
0.000306,-0.0046173,0.0026449,0.000306,-0.0046154,0.0026586
-0.0001669,0.0045791,0.0024838,-0.0001668,0.0045774,0.0024972
-0.0007687,0.0046006,0.0024769,-0.0007683,0.0045989,0.0024899
0.0045326,0.0012631,0.0022779,0.0045307,0.0012628,0.0022902
-0.000128,-0.004203,0.0023771,-0.0001279,-0.0042007,0.0023913
0.0011867,0.0033876,0.0131453,0.001186,0.0033854,0.0132055
0.0009905,0.0031402,0.0133193,0.0009899,0.0031382,0.0133801
0.0010904,0.0030267,0.0136615,0.0010898,0.0030248,0.0137232
0.0030718,0.0005302,0.0126324,0.0030702,0.0005297,0.0126911
-0.0022247,-0.0025616,0.0123472,-0.0022235,-0.0025605,0.0124047
0.0042865,0.0019686,0.0024931,0.0042849,0.001968,0.0025062
-0.0003932,-0.0035867,0.0127772,-0.0003931,-0.0035849,0.012836
-0.0004212,-0.003273,0.0128091,-0.000421,-0.0032715,0.0128681
0.0034258,-0.0030826,0.0022696,0.0034243,-0.003081,0.002282
0.0028037,-0.0029556,0.0020919,0.0028021,-0.0029537,0.0021056
0.0032472,-0.0027666,0.0023698,0.0032456,-0.0027651,0.0023837
0.003791,-0.0026967,0.0024347,0.0037894,-0.0026954,0.0024476
0.0040353,0.0024798,0.002466,0.0040338,0.002479,0.002479
-9.1e-05,-0.0032526,0.0123181,-9.1e-05,-0.0032511,0.0123756
-0.0001319,-0.0035265,0.0120299,-0.0001319,-0.0035248,0.0120863
-0.0040657,-0.001236,0.0023703,-0.0040637,-0.0012351,0.0023845
-0.0042014,-0.0011927,0.0022332,-0.0041993,-0.0011918,0.0022463
-0.0038796,-0.0025335,0.0024838,-0.003878,-0.0025322,0.0024968
-0.0038168,-0.0024702,0.0022408,-0.0038149,-0.0024688,0.0022532
-0.0016806,-0.001254,0.0114187,-0.0016804,-0.001254,0.0114734
-0.0018686,-0.0019005,0.0106063,-0.001868,-0.0018999,0.0106574
-0.0018443,-0.0027954,0.010121,-0.0018434,-0.0027941,0.0101695
0.0017049,-0.0030414,0.0126487,0.0017038,-0.0030399,0.0127072
0.0021099,0.0010973,0.0115255,0.0021094,0.0010968,0.0115806
0.003127,0.0008157,0.0123111,0.0031254,0.0008151,0.0123687
0.0010909,0.0003623,0.0120236,0.0010909,0.0003621,0.0120812
0.0020156,0.0002854,0.0114581,0.0020153,0.0002853,0.011513
0.0026828,0.0002864,0.0109807,0.0026818,0.0002862,0.0110335
0.0023008,-0.0039582,0.0022147,0.0022997,-0.003956,0.0022271
0.002741,-0.0032349,0.0022544,0.0027396,-0.003233,0.002268
0.002191,-0.0035486,0.0022767,0.0021899,-0.0035465,0.0022906
0.0025324,-0.0033282,0.0023727,0.0025312,-0.0033263,0.0023869
-0.0028985,-0.0018328,0.0123663,-0.002897,-0.001832,0.012424
-0.002901,-0.0015251,0.0124882,-0.0028995,-0.0015245,0.0125463
-0.0025003,-0.0011599,0.0109117,-0.0024995,-0.0011596,0.0109641
-0.0031646,-0.0015628,0.0123155,-0.0031628,-0.0015621,0.0123729
-0.002185,-0.0007374,0.0079187,-0.0021836,-0.0007369,0.0079576
-0.0032208,-0.0009016,0.0124101,-0.0032192,-0.0009013,0.0124679
-0.0034796,-0.0006906,0.0122942,-0.0034777,-0.0006904,0.0123515
-0.0029799,-0.000538,0.0124686,-0.0029785,-0.000538,0.0125268
-0.0027448,-0.0006421,0.0123833,-0.0027437,-0.0006421,0.0124412
-0.0010945,-0.0005552,0.0121379,-0.0010945,-0.0005553,0.012196
-0.0016607,-0.0003389,0.0116645,-0.0016607,-0.000339,0.0117205
-0.0024747,-0.0004567,0.0108374,-0.002474,-0.0004567,0.0108896
-0.001101,-0.0004879,0.0128935,-0.0011009,-0.0004881,0.012954
-0.0035776,-0.0002999,0.012478,-0.0035756,-0.0002999,0.012536
-0.0035187,-0.000689,0.0116729,-0.0035168,-0.0006888,0.011728
-0.0032346,-0.0003796,0.010206,-0.003233,-0.0003794,0.010255
-0.0035307,4.36e-05,0.0122925,-0.0035288,4.34e-05,0.0123499
-0.0035507,-0.0002167,0.0120838,-0.0035488,-0.0002168,0.0121404
-0.0019179,0.0002232,0.0114222,-0.0019179,0.0002231,0.011477
-0.0023516,0.0002559,0.010954,-0.002351,0.0002557,0.0110067
-0.0033711,0.0002137,0.0102249,-0.0033694,0.0002135,0.010274
-0.0033154,0.0002934,0.0095244,-0.0033137,0.0002932,0.0095702
-0.0006597,0.0007268,0.0089706,-0.0006595,0.0007266,0.0090149
-0.0035118,0.0004551,0.0123953,-0.0035099,0.0004547,0.0124531
-0.0035007,0.0008109,0.0123248,-0.0034988,0.0008102,0.0123824
-0.0017945,0.0009822,0.0112997,-0.0017943,0.000982,0.011354
-0.0023176,0.0009004,0.010681,-0.0023169,0.0009,0.0107326
-0.003422,0.0011449,0.0125278,-0.0034201,0.001144,0.0125861
-0.0031318,0.0012671,0.0123835,-0.0031301,0.0012663,0.0124413
-0.0026891,0.001245,0.0123143,-0.002688,0.0012443,0.0123721
-0.0009591,0.0009999,0.012351,-0.0009591,0.0009996,0.0124098
-0.0030887,0.0008807,0.012347,-0.0030872,0.0008801,0.0124048
-0.0034679,0.0008557,0.0119866,-0.0034661,0.0008551,0.0120429
-0.0031255,0.001647,0.012359,-0.0031238,0.0016459,0.0124167
-0.0024378,0.0025867,0.0123399,-0.0024365,0.0025851,0.0123976
-0.0007436,-0.0042125,0.0019957,-0.000743,-0.0042098,0.0020084
0.0045014,-0.0014627,0.0020648,0.0044991,-0.0014618,0.0020762
0.0047761,-0.0003458,0.0022676,0.0047741,-0.0003455,0.0022796
0.0042373,-0.0003758,0.0021177,0.004235,-0.0003754,0.002131
0.0045714,-0.0003936,0.0025789,0.0045697,-0.0003933,0.0025927
0.0006563,0.0017638,0.0117055,0.0006562,0.0017635,0.0117616
0.0004292,0.002407,0.0107552,0.000429,0.0024061,0.0108073
0.0004655,0.0032372,0.0101236,0.0004653,0.0032354,0.0101724
-0.0032857,-0.0034159,0.002495,-0.0032844,-0.0034144,0.0025077
-0.0031325,-0.0029327,0.0023985,-0.003131,-0.0029311,0.0024124
-0.0011165,-0.0017539,0.0022493,-0.0011156,-0.0017525,0.0022681
-0.0013599,-0.0024457,0.0027925,-0.0013591,-0.0024441,0.0028116
-0.0024248,-0.0014676,0.0026932,-0.0024234,-0.0014665,0.0027119
-0.0023198,-0.0025075,0.0034186,-0.0023188,-0.0025063,0.0034385
-0.0017227,-0.0042324,0.002125,-0.0017217,-0.00423,0.002137
-0.0022776,-0.0036907,0.0020461,-0.0022762,-0.0036883,0.0020587
-0.0012066,-0.0041754,0.0020184,-0.0012058,-0.0041727,0.0020308
0.0045462,0.0009754,0.0024509,0.0045444,0.0009752,0.0024642
-0.0042156,-0.001319,0.0026322,-0.0042138,-0.0013183,0.0026466
-0.0035629,-0.0012408,0.0024641,-0.003561,-0.0012399,0.0024799
-0.0027347,-0.0017724,0.0032018,-0.0027335,-0.0017715,0.0032214
-0.0013122,-0.0004654,0.0021302,-0.0013111,-0.0004648,0.0021494
-0.0021507,-0.0006725,0.002712,-0.0021494,-0.0006719,0.0027319
-0.003203,-0.0008969,0.0033511,-0.0032016,-0.0008964,0.003371
-0.004535,-0.0008702,0.0026946,-0.0045333,-0.0008697,0.0027086
-0.0007104,-0.0009228,0.0044135,-0.00071,-0.0009221,0.0044398
-0.0023903,-0.0008982,0.0055023,-0.0023889,-0.0008977,0.0055309
-0.0039445,-0.0005826,0.0038695,-0.003943,-0.0005822,0.0038899
0.0012728,0.004542,0.0025446,0.0012724,0.0045404,0.0025578
0.0017592,0.0043042,0.0024672,0.0017584,0.0043027,0.0024803
-0.0040462,0.001502,0.0024396,-0.0040443,0.0015016,0.0024538
-0.0040873,0.002042,0.0026395,-0.0040857,0.0020414,0.0026535
-0.0036237,0.0020948,0.0025727,-0.003622,0.002094,0.0025878
-0.0021642,0.002542,0.0027654,-0.002163,0.0025409,0.0027833
-0.0031619,0.0021023,0.0034609,-0.0031606,0.0021016,0.0034803
-0.0013509,0.0013614,0.0021416,-0.0013498,0.0013605,0.0021604
-0.0020433,0.0010911,0.002605,-0.002042,0.0010906,0.0026245
-0.0031229,0.0011715,0.0033597,-0.0031216,0.0011712,0.0033795
0.0031572,-0.0004317,0.0125567,0.0031555,-0.0004317,0.0126151
-0.0021077,-0.002863,0.0120319,-0.0021066,-0.0028616,0.0120882
0.0016523,-0.0027578,0.0123202,0.0016514,-0.0027566,0.0123777
0.0033783,0.0031003,0.002667,0.003377,0.0030994,0.0026813
0.0032417,-0.0001174,0.0127992,0.0032399,-0.0001176,0.0128583
0.003538,1.08e-05,0.0123932,0.003536,1.06e-05,0.012451
0.0033181,0.0011835,0.012344,0.0033162,0.0011827,0.0124017
-0.0015276,-0.0028796,0.0124263,-0.0015269,-0.0028784,0.0124842
-0.004601,-0.0003619,0.0026864,-0.0045993,-0.0003616,0.0027004
0.0004156,-0.0032016,0.0125229,0.0004153,-0.0032001,0.0125811
0.0003865,-0.0027511,0.012464,0.0003863,-0.0027501,0.0125221
0.0004539,-0.001136,0.0121301,0.0004538,-0.0011362,0.012188
0.0004764,-0.0018836,0.0113546,0.0004763,-0.0018836,0.0114091
0.0004428,-0.0027421,0.0108113,0.0004426,-0.0027411,0.0108632
0.0002711,-0.0035653,0.0120003,0.0002709,-0.0035635,0.0120566
0.0004531,-0.0034751,0.0116345,0.0004528,-0.0034734,0.0116894
0.0032276,-0.0013857,0.0119278,0.0032258,-0.0013851,0.0119839
0.0033384,-0.001022,0.0118587,0.0033365,-0.0010216,0.0119145
0.0018194,-0.0004962,0.0113887,0.0018192,-0.0004964,0.0114434
0.0027177,-0.0004953,0.0107785,0.0027166,-0.0004952,0.0108302
-0.0003814,-0.0034761,0.0123828,-0.0003813,-0.0034744,0.0124404
-0.0004103,-0.003121,0.0123952,-0.0004101,-0.0031197,0.012453
0.0030103,0.0019544,0.0120102,0.0030086,0.0019532,0.0120667
0.0030161,0.0019823,0.0116376,0.0030144,0.001981,0.0116927
0.0020297,0.0017765,0.0108057,0.0020289,0.0017758,0.0108578
0.0027879,0.0017284,0.0102268,0.0027865,0.0017274,0.0102761
0.0019765,-0.0024692,0.0123289,0.0019755,-0.0024682,0.0123865
0.004145,8.78e-05,0.0023171,0.004143,8.79e-05,0.0023314
0.0046359,3.76e-05,0.002688,0.0046343,3.77e-05,0.002702
-0.0001611,0.0035325,0.0124032,-0.0001611,0.0035304,0.0124612
-0.0003495,0.0017281,0.0115567,-0.0003495,0.0017279,0.0116122
-0.000305,0.0033083,0.0101447,-0.0003049,0.0033066,0.0101935
0.000931,-0.0042764,0.002397,0.0009306,-0.0042742,0.0024107
0.002187,0.0027972,0.0127557,0.0021857,0.0027954,0.0128148
-0.0029509,0.0035758,0.0024224,-0.0029496,0.0035744,0.0024353
-0.0026734,0.0037917,0.0026323,-0.0026723,0.0037904,0.002646
-0.0022597,0.0032137,0.0034336,-0.0022588,0.0032127,0.0034526
-0.003236,0.0031154,0.0025419,-0.0032346,0.0031143,0.0025558
-0.0009597,0.0034198,0.0130362,-0.0009592,0.0034177,0.0130961
-0.0011607,0.0027221,0.0131775,-0.0011602,0.0027205,0.013238
-0.0004875,0.0034848,0.0127284,-0.0004872,0.0034826,0.0127874
-0.0004783,0.0035017,0.0131599,-0.0004781,0.0034994,0.0132202
0.0038443,0.002013,0.0023215,0.0038425,0.0020123,0.0023353
-0.0023857,-0.0026329,0.0119927,-0.0023845,-0.0026317,0.0120489
-0.002678,-0.0022662,0.0119347,-0.0026766,-0.0022651,0.0119907
-0.0028306,-0.0020863,0.0116418,-0.0028292,-0.0020853,0.0116967
-0.0026493,-0.0021274,0.0101265,-0.0026481,-0.0021264,0.010175
0.0031761,0.0003993,0.0123549,0.0031744,0.0003989,0.0124126
0.003521,0.0005372,0.0119879,0.003519,0.0005367,0.0120443
0.003542,0.0003701,0.0116876,0.0035401,0.0003697,0.0117428
0.0032579,0.0002081,0.0100721,0.0032562,0.0002079,0.0101206
-0.0013816,0.0044809,0.00245,-0.001381,0.0044793,0.0024629
-0.000642,-0.0041825,0.0021761,-0.0006416,-0.00418,0.0021894
-0.0012248,-0.0032323,0.0029625,-0.0012242,-0.0032306,0.0029808
0.0023597,0.0039063,0.0026628,0.0023588,0.0039051,0.002677
-0.00308,-0.0034197,0.0026621,-0.0030788,-0.0034183,0.002676
-0.0026296,-0.0034597,0.0025078,-0.0026284,-0.0034581,0.0025221
-0.0028524,-0.0025308,0.0039568,-0.0028512,-0.0025297,0.0039779
-0.0031687,-0.0013636,0.011925,-0.003167,-0.0013631,0.0119811
0.0045046,-0.0009357,0.0022119,0.0045025,-0.0009351,0.0022243
0.0006479,0.0034095,0.0119011,0.0006476,0.0034075,0.0119572
0.000307,0.003566,0.0120101,0.0003068,0.0035638,0.0120667
-0.0030611,-0.0009809,0.0120546,-0.0030597,-0.0009806,0.0121113
-0.0006378,-0.0032597,0.0121714,-0.0006376,-0.0032582,0.0122283
0.0032418,0.0014155,0.0120823,0.0032399,0.0014145,0.0121391
-0.0004456,0.0035047,0.0123676,-0.0004453,0.0035025,0.0124254
0.0005062,-0.0024891,0.0027766,0.0005059,-0.0024875,0.0027961
0.0007985,-0.0044659,0.0025879,0.0007982,-0.0044639,0.0026018
0.0009142,-0.0036715,0.0024265,0.0009137,-0.0036693,0.0024421
0.0015079,-0.0014995,0.0022483,0.0015069,-0.0014982,0.002267
0.0014996,-0.0022872,0.0027629,0.0014988,-0.0022857,0.002782
0.0017044,-0.0031847,0.0034225,0.0017038,-0.0031832,0.0034419
-0.0035339,0.0001439,0.0118724,-0.003532,0.0001437,0.0119282
-0.0034896,0.0004655,0.0120615,-0.0034877,0.0004651,0.0121181
-0.0031215,0.0012317,0.0118901,-0.00312,0.0012309,0.0119462
-0.0031042,0.0017809,0.0120565,-0.0031025,0.0017797,0.0121132
0.0025753,5.85e-05,0.0027995,0.0025739,5.86e-05,0.0028191
0.0032452,0.0002667,0.0033828,0.0032438,0.0002668,0.003403
0.0040312,0.0003279,0.003868,0.0040297,0.0003278,0.0038885
0.0039773,0.0004829,0.0025905,0.0039755,0.0004829,0.0026062
0.0037901,0.0009765,0.0024297,0.0037883,0.0009762,0.0024452
0.0012871,0.0002041,0.0022543,0.0012862,0.0002041,0.002274
0.0023654,0.0011396,0.0027974,0.0023641,0.0011392,0.0028169
0.0046312,0.0005604,0.0028821,0.0046297,0.0005604,0.0028969
0.0009255,0.0045719,0.0022525,0.0009251,0.00457,0.0022647
0.0013876,-0.0032071,0.0119646,0.0013868,-0.0032056,0.0120207
0.0003071,0.0046255,0.002423,0.000307,0.0046237,0.0024361
0.0003789,0.0045896,0.002633,0.0003788,0.0045881,0.0026469
0.0006627,0.0022446,0.0022046,0.0006623,0.0022432,0.0022228
0.0008117,0.0031436,0.0027484,0.0008114,0.0031422,0.0027665
0.0005271,0.0038695,0.0034982,0.0005269,0.0038682,0.0035175
0.0005917,0.0023886,0.0026049,0.0005914,0.0023874,0.0026241
0.0006655,0.0030009,0.0032573,0.0006653,0.0029997,0.0032775
0.0003736,0.0039058,0.0039608,0.0003735,0.0039046,0.0039819
-0.0001423,0.0045682,0.0026709,-0.0001422,0.0045666,0.0026851
0.0022061,0.0027154,0.0123814,0.0022048,0.0027137,0.0124392
0.0016525,0.0031972,0.0119914,0.0016515,0.0031952,0.0120479
0.0021434,0.0027813,0.0120683,0.0021422,0.0027796,0.0121251
0.0022647,0.0027437,0.0115526,0.0022634,0.002742,0.0116075
0.0021689,0.0024307,0.0101213,0.0021678,0.0024294,0.0101702
-0.0033148,0.0033107,0.0023153,-0.0033132,0.0033094,0.0023277
-0.0021787,0.0040787,0.0026212,-0.0021779,0.0040773,0.0026349
0.0041893,-0.0014835,0.002345,0.0041874,-0.0014827,0.0023584
0.0014422,0.0044246,0.0027258,0.0014417,0.0044233,0.0027399
0.0019334,0.0041378,0.0026384,0.0019327,0.0041365,0.0026525
0.0018589,0.0036145,0.0024762,0.0018581,0.0036129,0.0024914
0.0013897,0.0023029,0.0027372,0.0013889,0.0023018,0.0027564
-0.0042153,-0.0018193,0.0026477,-0.0042137,-0.0018184,0.0026615
0.0033142,-0.0007602,0.0124032,0.0033124,-0.00076,0.012461
0.0029274,-0.000691,0.0123927,0.0029259,-0.0006909,0.0124506
0.0011999,-0.0004619,0.0121464,0.0011998,-0.0004621,0.0122044
0.0005602,-0.0034807,0.012313,0.0005598,-0.003479,0.0123704
-0.0016697,0.0031259,0.0125977,-0.0016688,0.0031239,0.0126563
0.0042084,-0.0005466,0.0023624,0.0042064,-0.0005462,0.0023765
0.0030023,-0.0018614,0.012015,0.0030006,-0.0018605,0.0120713
0.0019469,-0.0043313,0.0025383,0.0019462,-0.0043293,0.0025512
0.0018278,-0.0042304,0.0026578,0.0018271,-0.0042285,0.0026717
0.0024176,-0.0038567,0.0026316,0.0024167,-0.0038549,0.0026456
0.0023533,-0.0022742,0.0122978,0.002352,-0.0022732,0.0123553
0.0027022,-0.0022689,0.0119713,0.0027006,-0.0022678,0.0120275
0.0016154,-0.0044304,0.0024842,0.0016148,-0.0044283,0.0024971
0.0030542,0.0015396,0.0123878,0.0030524,0.0015386,0.0124457
0.0029115,0.0015849,0.0127676,0.0029098,0.0015839,0.0128267
-0.0022536,-0.0021349,0.0119898,-0.0022526,-0.002134,0.0120463
-0.0010388,-0.0012017,0.011447,-0.0010389,-0.0012019,0.0115021
-0.0009207,-0.0012653,0.010934,-0.0009208,-0.0012655,0.0109868
-0.0008795,-0.0020639,0.0107475,-0.0008794,-0.0020635,0.0107993
-0.001727,-0.0011195,0.0107908,-0.0017267,-0.0011194,0.010843
-0.0017096,-0.0021017,0.0099921,-0.0017089,-0.0021009,0.0100404
-0.0028238,-0.0016031,0.0120478,-0.0028224,-0.0016025,0.0121044
0.0041579,-3.92e-05,0.0025063,0.0041561,-3.9e-05,0.0025212
0.0045543,0.0001455,0.0028885,0.0045528,0.0001456,0.0029037
0.0033655,-0.0029326,0.0026331,0.0033642,-0.0029313,0.0026473
0.002795,-0.0027898,0.0024802,0.0027937,-0.0027883,0.0024955
0.0023936,-0.0013613,0.0028009,0.0023923,-0.0013603,0.0028201
0.0023564,-0.0021449,0.0033598,0.0023554,-0.0021438,0.00338
0.0039058,-0.0024744,0.0026423,0.0039043,-0.0024733,0.0026561
0.0037769,-0.0017176,0.0025475,0.0037752,-0.0017166,0.0025626
0.0034931,-0.0016339,0.0034041,0.0034919,-0.0016331,0.003423
0.0002791,-0.0041714,0.0025218,0.000279,-0.0041692,0.0025366
0.0003069,-0.0045498,0.0028662,0.000307,-0.004548,0.0028811
-0.0042581,0.0015736,0.0026312,-0.0042564,0.0015731,0.0026453
-0.0044964,0.0011994,0.0026877,-0.0044946,0.0011991,0.0027016
0.0002165,-0.0032785,0.0121803,0.0002164,-0.003277,0.0122372
0.0043331,0.0016389,0.0026207,0.0043316,0.0016385,0.0026346
-0.0047341,0.0005196,0.0026373,-0.0047324,0.0005197,0.0026506
-0.0044978,0.0007471,0.0026732,-0.004496,0.0007471,0.0026873
-0.0040211,0.0005051,0.0025021,-0.0040191,0.000505,0.0025173
-0.0035328,0.000513,0.0024332,-0.0035308,0.0005129,0.0024494
-0.0023401,0.0001531,0.0026911,-0.0023386,0.0001532,0.0027107
-0.0031343,0.0002295,0.0032322,-0.0031328,0.0002296,0.0032521
-0.0045566,0.000155,0.0026492,-0.0045548,0.0001553,0.0026633
-0.0043533,0.0005459,0.0029559,-0.0043517,0.0005459,0.0029717
-0.003964,0.0001727,0.0039289,-0.0039624,0.0001728,0.0039497
0.0037711,0.0025915,0.0026175,0.0037697,0.0025907,0.0026317
0.0040137,0.0020824,0.0026198,0.0040122,0.0020818,0.0026341
-0.0011525,0.0044486,0.0026176,-0.001152,0.0044471,0.0026314
-0.0015748,0.0040622,0.0025545,-0.001574,0.0040606,0.002569
-0.0015962,0.0034005,0.0023824,-0.0015952,0.0033988,0.0023981
-0.0013212,0.0022569,0.0027186,-0.0013204,0.0022558,0.0027379
-0.0001137,-0.0025088,0.0026329,-0.0001136,-0.0025071,0.0026521
-0.0002091,-0.0031736,0.0034165,-0.000209,-0.003172,0.0034369
-0.0001149,-0.0041446,0.002528,-0.0001147,-0.0041425,0.0025429
-5.87e-05,-0.0034883,0.002329,-5.86e-05,-0.003486,0.0023451
-0.0003455,-0.0014698,0.0021819,-0.0003452,-0.0014685,0.0022012
-0.0003075,-0.0045643,0.0028655,-0.0003073,-0.0045625,0.0028804
-0.0013582,-0.0032829,0.0119597,-0.0013576,-0.0032813,0.0120159
0.0029166,-0.0033883,0.0025983,0.0029155,-0.0033867,0.0026124
-1.88e-05,0.0034872,0.0120136,-1.89e-05,0.0034851,0.0120702
-0.0008674,0.0016508,0.0116265,-0.0008674,0.0016505,0.0116823
-0.0010085,0.0026216,0.0108463,-0.0010082,0.0026205,0.0108986
-0.0003926,0.003486,0.0120553,-0.0003924,0.0034839,0.0121121
0.0043062,0.0010153,0.00255,0.0043044,0.0010151,0.0025645
-0.0024709,-0.0024744,0.0116608,-0.0024696,-0.0024733,0.0117158
-0.0025815,-0.0011747,0.0102922,-0.0025805,-0.0011742,0.0103418
-0.0026066,-0.0021738,0.0094843,-0.0026052,-0.0021727,0.0095298
0.0011038,0.0033783,0.0120491,0.0011031,0.0033763,0.0121058
-0.0042671,-0.0009404,0.0027725,-0.0042654,-0.0009399,0.0027876
-0.002731,-0.0013964,0.0115903,-0.0027298,-0.0013959,0.0116452
-0.002985,-0.0010465,0.0115942,-0.0029836,-0.0010461,0.0116492
0.0012505,-0.0040427,0.0024802,0.00125,-0.0040407,0.0024947
-0.0034956,-0.0003144,0.0117449,-0.0034937,-0.0003144,0.0118003
-0.0017922,0.0002869,0.0109313,-0.0017922,0.0002868,0.0109842
-0.00081,0.0001372,0.0109073,-0.0008102,0.0001372,0.0109602
-0.0024756,0.0002476,0.0099714,-0.0024747,0.0002474,0.0100198
-0.0034996,0.0006562,0.011683,-0.0034978,0.0006557,0.0117382
-0.0033153,0.0010575,0.0116653,-0.0033136,0.0010568,0.0117205
-0.001919,0.000892,0.0108323,-0.0019187,0.0008918,0.0108847
-0.0026427,0.0011153,0.0100436,-0.0026416,0.0011147,0.0100922
-0.002732,0.00128,0.0118851,-0.0027309,0.0012793,0.0119413
-0.0010217,0.0010407,0.0115269,-0.0010218,0.0010406,0.0115824
-0.0019073,0.0018418,0.0108613,-0.0019066,0.0018411,0.0109135
-0.0026093,0.0019242,0.0101639,-0.002608,0.0019231,0.0102128
-0.0031826,0.0015879,0.0116565,-0.0031809,0.0015869,0.0117116
-0.0028258,0.0020977,0.01202,-0.0028243,0.0020963,0.0120766
-0.0028984,0.0020051,0.0116968,-0.0028969,0.0020038,0.0117521
-0.0011136,-0.0041579,0.0022012,-0.0011129,-0.0041555,0.0022144
-0.0010279,-0.0036175,0.0020522,-0.0010271,-0.0036149,0.0020667
0.0027013,0.0022671,0.0120066,0.0026997,0.0022656,0.0120631
-0.0009029,0.0034422,0.0126619,-0.0009024,0.00344,0.0127207
0.000672,-0.0034073,0.011985,0.0006715,-0.0034056,0.0120412
0.00105,-0.0032798,0.0118897,0.0010494,-0.0032782,0.0119456
-0.0005159,-0.0045629,0.0025756,-0.0005155,-0.0045609,0.0025891
-0.00072,-0.0041377,0.0025337,-0.0007196,-0.0041356,0.0025484
-0.0006531,-0.0042038,0.0023802,-0.0006527,-0.0042016,0.0023942
-0.0035303,-0.003011,0.002846,-0.003529,-0.0030098,0.0028605
-0.0010107,-0.0033961,0.0120966,-0.0010102,-0.0033944,0.0121532
-0.0020681,-0.0025155,0.0119398,-0.0020671,-0.0025144,0.0119959
-0.0019865,-0.0029645,0.011746,-0.0019855,-0.0029631,0.0118013
0.0014741,-0.0033096,0.0116871,0.0014732,-0.0033079,0.0117421
0.0014409,-0.0028583,0.0118053,0.0014402,-0.0028571,0.011861
0.0010834,-0.0011625,0.0114873,0.0010834,-0.0011626,0.0115425
0.0011983,-0.0011106,0.0108129,0.0011982,-0.0011107,0.0108652
0.0007686,-0.0007032,0.0091324,0.0007684,-0.000703,0.0091774
0.0013069,-0.0018912,0.0108894,0.0013065,-0.0018909,0.0109418
0.0012818,-0.0027325,0.0101993,0.0012811,-0.0027313,0.0102483
0.0011988,-0.0027132,0.0094139,0.0011981,-0.0027119,0.0094594
0.0011727,-0.0025677,0.007759,0.0011719,-0.0025659,0.0077968
0.0014273,0.0041418,0.0022122,0.0014266,0.0041399,0.0022254
0.0007662,0.0046723,0.0024573,0.0007659,0.0046706,0.00247
0.0011685,0.0037596,0.0022561,0.0011679,0.0037576,0.0022708
-0.003788,-0.0023188,0.0026102,-0.0037864,-0.0023177,0.0026244
-0.0037512,-0.0024984,0.0028447,-0.0037498,-0.0024973,0.0028597
-0.0040858,-0.0016059,0.0028475,-0.0040843,-0.0016052,0.0028628
0.0039471,0.0007197,0.0028502,0.0039456,0.0007197,0.0028668
0.0044546,0.0006841,0.0030128,0.0044531,0.0006841,0.0030287
-0.004004,0.0021687,0.002862,-0.0040026,0.0021681,0.0028769
0.0013249,0.0031552,0.011858,0.0013241,0.0031533,0.011914
0.0031577,0.0004476,0.0120597,0.003156,0.0004472,0.0121164
0.0036027,2.3e-05,0.0119915,0.0036006,2.29e-05,0.0120479
0.0019091,0.0010797,0.0107957,0.0019086,0.0010793,0.0108479
0.0011649,0.0009466,0.0108026,0.0011648,0.0009465,0.010855
0.0009494,0.0004831,0.0089256,0.000949,0.0004829,0.0089696
0.0029534,0.0010632,0.0101318,0.0029519,0.0010626,0.0101806
0.0027159,0.0010021,0.0094656,0.0027144,0.0010015,0.0095115
0.0023608,0.0005384,0.007866,0.0023592,0.0005381,0.0079046
0.0032785,0.0012894,0.0117344,0.0032767,0.0012885,0.0117899
0.0030476,0.0010637,0.011553,0.0030461,0.001063,0.0116079
0.0010638,0.0010713,0.0113083,0.0010638,0.0010712,0.0113628
-0.0019064,0.0024568,0.0101673,-0.0019056,0.0024555,0.0102164
-0.001669,-0.0029842,0.0120548,-0.0016682,-0.0029828,0.0121114
-0.0013789,-0.0032098,0.0116326,-0.0013783,-0.0032082,0.0116875
-0.0012111,-0.002826,0.0116733,-0.0012106,-0.0028249,0.0117285
-0.0010218,-0.0027904,0.0101038,-0.0010215,-0.0027892,0.0101525
-0.0015635,-0.0030053,0.0117566,-0.0015627,-0.0030039,0.011812
-0.0019594,-0.0027407,0.0095127,-0.0019584,-0.0027393,0.0095583
-0.0035615,0.0028884,0.0026808,-0.0035601,0.0028875,0.002695
-0.0035461,0.0029197,0.0029154,-0.0035449,0.0029189,0.0029304
-0.0035722,0.0027682,0.0030855,-0.003571,0.0027674,0.0031015
-0.0023034,0.0023561,0.0033458,-0.0023024,0.0023553,0.0033658
-0.0032297,0.0020561,0.0038821,-0.0032284,0.0020555,0.003903
0.0019282,-0.001211,0.010841,0.0019276,-0.0012109,0.0108933
0.0027214,-0.0012273,0.0100288,0.0027201,-0.0012268,0.0100772
0.0028823,-0.0009874,0.009311,0.0028808,-0.0009869,0.009356
0.0024674,-0.0008884,0.0079051,0.0024659,-0.0008878,0.0079437
0.0029196,-0.0007079,0.0117022,0.0029183,-0.0007077,0.0117577
0.0009252,-0.0003088,0.0114447,0.0009253,-0.000309,0.0114999
0.00195,-0.0003346,0.0108214,0.0019497,-0.0003346,0.0108737
0.002796,-0.0003133,0.0101791,0.0027947,-0.0003132,0.0102282
-0.0013131,0.0032032,0.0128006,-0.0013124,0.0032012,0.0128598
0.0023658,-0.0005254,0.0027109,0.0023644,-0.0005249,0.0027305
0.0041241,-0.0005174,0.0026141,0.0041224,-0.000517,0.0026293
0.003793,-0.0003334,0.0024421,0.0037911,-0.0003331,0.0024578
0.0013182,-0.0006953,0.0022082,0.0013172,-0.0006946,0.0022275
0.0046104,-0.0003253,0.002842,0.0046089,-0.0003251,0.0028568
-0.0044385,-5.49e-05,0.002801,-0.0044368,-5.46e-05,0.0028161
0.0003398,-0.0040009,0.0027121,0.0003397,-0.0039989,0.0027281
0.0002934,-0.0044791,0.0030515,0.0002934,-0.0044774,0.0030673
-0.0007069,0.0033684,0.012334,-0.0007066,0.0033664,0.0123918
-0.0005868,0.0044905,0.0026256,-0.0005865,0.0044889,0.0026397
0.0033228,-0.0001955,0.0124816,0.003321,-0.0001956,0.0125397
0.0035529,-0.0004383,0.0120108,0.0035508,-0.0004382,0.0120672
0.0007701,0.0034195,0.0116306,0.0007696,0.0034174,0.0116857
0.0005625,0.0017144,0.0109095,0.0005624,0.0017142,0.0109622
0.0004101,0.0024324,0.0100754,0.0004099,0.0024314,0.0101245
0.000664,0.0025156,0.0095644,0.0006636,0.0025145,0.0096111
0.001154,0.0022924,0.0079043,0.0011532,0.0022909,0.0079432
-0.0006555,0.0021153,0.0077709,-0.0006551,0.002114,0.0078093
0.0003345,0.0031811,0.0093714,0.0003343,0.0031793,0.0094167
0.0002582,0.0034996,0.0116922,0.000258,0.0034975,0.0117476
0.002096,0.0041092,0.0028928,0.0020953,0.0041081,0.0029077
0.0012284,0.0044146,0.0028867,0.001228,0.0044133,0.0029017
0.0017572,0.004209,0.0028168,0.0017567,0.0042078,0.0028315
0.000927,0.0044802,0.0026542,0.0009267,0.0044787,0.0026683
0.0013974,0.003984,0.0025222,0.0013968,0.0039824,0.002537
0.0030744,2.68e-05,0.0124218,0.0030729,2.66e-05,0.0124798
-0.0001663,0.0045953,0.0028782,-0.0001662,0.0045939,0.0028931
-9.85e-05,0.0043531,0.0030049,-9.84e-05,0.0043517,0.0030211
-0.0004371,0.0020441,0.0026729,-0.0004368,0.002043,0.0026929
-0.0004598,0.002979,0.0033644,-0.0004596,0.0029779,0.003385
-7.6e-06,0.0039305,0.0039913,-7.5e-06,0.0039291,0.0040124
-0.0006595,0.0045186,0.0028769,-0.0006591,0.0045172,0.0028919
0.0017644,0.0030556,0.0116352,0.0017634,0.0030538,0.0116903
-0.0021823,0.0040199,0.0028189,-0.0021815,0.0040187,0.0028336
0.003993,0.0021824,0.0028507,0.0039916,0.0021818,0.0028658
0.0039072,0.0022303,0.0030584,0.0039059,0.0022298,0.0030745
0.0024069,0.0022084,0.0033388,0.0024059,0.0022077,0.0033589
0.0033065,0.0022871,0.0039212,0.0033053,0.0022864,0.003942
0.0014819,0.0012904,0.002718,0.0014811,0.0012898,0.0027382
0.001293,0.0013419,0.0030248,0.0012923,0.0013413,0.0030462
0.0011846,0.0005768,0.0042122,0.001184,0.0005766,0.0042378
0.002355,0.0012074,0.0032225,0.0023539,0.001207,0.0032433
0.003283,0.0012495,0.0039941,0.0032816,0.0012492,0.0040161
0.0032206,0.0011441,0.0043262,0.0032193,0.0011437,0.0043495
0.0027541,0.0010093,0.0055962,0.0027526,0.0010088,0.0056249
0.0041449,0.0017724,0.0028273,0.0041435,0.0017719,0.0028423
0.0004494,0.0045382,0.0028322,0.0004493,0.0045368,0.002847
-0.0003131,-0.0019132,0.0108509,-0.0003131,-0.0019131,0.0109033
-0.0002445,-0.0026884,0.0101681,-0.0002445,-0.0026874,0.0102172
-0.0008818,-0.0033473,0.011699,-0.0008814,-0.0033457,0.0117541
-0.0040139,0.001139,0.0025616,-0.0040121,0.0011387,0.0025766
-0.0044619,0.0010226,0.002873,-0.0044602,0.0010225,0.0028879
-0.001048,-0.0041059,0.0023877,-0.0010473,-0.0041037,0.0024018
-0.0011255,-0.0032405,0.0033783,-0.0011249,-0.0032389,0.003398
0.0026279,0.0023121,0.0116109,0.0026264,0.0023108,0.0116659
-0.0001385,0.0035774,0.0117208,-0.0001385,0.0035753,0.0117762
-0.0004874,0.0017011,0.0108271,-0.0004875,0.0017008,0.0108795
-0.0002837,0.0025136,0.0101347,-0.0002836,0.0025126,0.0101839
-0.0003262,0.0033457,0.0095569,-0.0003262,0.0033438,0.009603
-0.0005338,0.0034838,0.0116915,-0.0005335,0.0034817,0.0117469
-0.0044299,-0.0004081,0.0029843,-0.0044284,-0.0004077,0.0030001
-0.0002021,-0.0031476,0.0120243,-0.000202,-0.0031462,0.0120808
3.46e-05,-0.0035742,0.0116586,3.46e-05,-0.0035724,0.0117136
-3.76e-05,-0.0029316,0.0117522,-3.77e-05,-0.0029305,0.0118078
0.0004191,-0.0011875,0.0115594,0.000419,-0.0011878,0.0116151
0.0004944,-0.0019868,0.0105836,0.0004942,-0.0019865,0.0106348
0.0003885,-0.002875,0.0101268,0.0003883,-0.0028738,0.0101756
-0.0002432,-0.0011064,0.0115322,-0.0002433,-0.0011067,0.0115878
-7.68e-05,-0.0035383,0.0113157,-7.69e-05,-0.0035366,0.0113692
0.0033365,0.003192,0.0028759,0.0033354,0.0031912,0.0028908
0.0038375,0.0025676,0.0028854,0.0038362,0.002567,0.0029005
0.0029611,0.0033698,0.0028318,0.0029601,0.0033688,0.002847
0.0027599,0.0035568,0.003049,0.002759,0.0035558,0.003065
0.0023288,0.0032255,0.0039007,0.002328,0.0032245,0.0039214
0.0041749,-0.0018593,0.0026108,0.0041732,-0.0018584,0.0026248
0.0038949,-0.002378,0.0028796,0.0038936,-0.002377,0.0028945
0.0041062,-0.0018778,0.0028621,0.0041047,-0.001877,0.0028772
0.0039855,0.0001553,0.0027728,0.0039838,0.0001554,0.0027891
0.0045787,0.0001838,0.0030854,0.0045772,0.0001839,0.0031013
-0.0016823,-0.0041343,0.0022547,-0.0016813,-0.0041321,0.0022675
0.0034179,-0.0007548,0.0120328,0.0034159,-0.0007545,0.0120892
-0.0026068,0.0036717,0.002815,-0.0026058,0.0036706,0.0028299
-0.0025563,0.0035444,0.0030363,-0.0025553,0.0035433,0.0030525
-0.0020324,0.0033366,0.0040314,-0.0020316,0.0033355,0.0040527
-0.0004042,-0.0041218,0.0026981,-0.0004039,-0.0041199,0.0027135
0.0016473,0.0026768,0.0117007,0.0016465,0.0026753,0.0117563
0.0011971,0.0018623,0.0107361,0.0011967,0.0018617,0.0107881
0.0014655,0.0025258,0.010148,0.0014648,0.0025246,0.0101972
0.0018172,0.0029418,0.0113182,0.0018162,0.0029401,0.011372
0.0030275,0.00248,0.0027635,0.0030262,0.0024791,0.0027801
0.0025827,0.0024326,0.0025716,0.0025814,0.0024316,0.0025884
0.0013378,0.0019953,0.0031184,0.0013372,0.0019944,0.0031393
0.0025158,0.0020674,0.0036911,0.0025147,0.0020667,0.0037125
0.0036703,0.0026511,0.0030498,0.003669,0.0026505,0.0030658
0.0017813,-0.0028647,0.0119622,0.0017803,-0.0028634,0.0120184
0.0012753,-0.0028828,0.0121239,0.0012746,-0.0028816,0.0121808
0.0017263,-0.0027471,0.0115898,0.0017253,-0.0027459,0.0116446
-0.0034846,-0.0007468,0.0113024,-0.0034827,-0.0007465,0.0113561
-0.0035512,-0.0006404,0.0109421,-0.0035493,-0.0006401,0.0109942
-0.001861,-0.0005406,0.0108015,-0.0018609,-0.0005407,0.0108537
-0.0025424,-0.0005068,0.0101238,-0.0025415,-0.0005067,0.0101729
-0.0033429,-0.0005887,0.0092897,-0.0033411,-0.0005884,0.0093343
-0.0035207,-0.0003373,0.0113863,-0.0035189,-0.0003373,0.0114402
0.0041661,-0.000943,0.002555,0.0041644,-0.0009425,0.0025697
0.0008007,-0.0043334,0.0028054,0.0008004,-0.0043316,0.0028205
-0.0007748,0.0034292,0.0119843,-0.0007744,0.0034271,0.0120409
-0.0008652,0.0034926,0.011688,-0.0008648,0.0034905,0.0117434
-0.0011209,0.0017559,0.0108302,-0.0011207,0.0017555,0.0108826
-0.0010456,0.0024685,0.010136,-0.0010452,0.0024674,0.0101852
0.0008391,-0.0031923,0.0115935,0.0008386,-0.0031909,0.0116483
2.05e-05,-0.0047006,0.0028184,2.06e-05,-0.0046988,0.0028326
-0.0001454,-0.003832,0.002691,-0.0001453,-0.00383,0.0027074
-0.0001587,-0.0044155,0.0030216,-0.0001585,-0.0044137,0.0030375
-0.0011712,-0.0040552,0.0027645,-0.0011706,-0.0040533,0.00278
-0.0011059,-0.0034758,0.0026156,-0.0011052,-0.0034739,0.0026322
-0.0011564,-0.0015194,0.0026735,-0.0011556,-0.0015183,0.0026938
-0.0011952,-0.0012234,0.0032012,-0.0011945,-0.0012226,0.0032232
-0.0011467,-0.0023526,0.0032316,-0.0011461,-0.0023512,0.0032524
-0.0010138,-0.0032908,0.0038073,-0.0010133,-0.0032894,0.0038286
-0.0010596,-0.0031327,0.00431,-0.0010591,-0.0031312,0.0043333
-0.0007634,-0.0027364,0.0054987,-0.000763,-0.0027349,0.0055269
-0.0012202,0.0044367,0.0028638,-0.0012196,0.0044354,0.0028786
-0.0016847,0.0041505,0.0028151,-0.0016839,0.0041492,0.0028301
0.0025975,-0.0023459,0.0115879,0.0025961,-0.0023448,0.0116426
0.0021512,-0.002171,0.0116629,0.0021502,-0.0021702,0.0117181
0.0019469,-0.0019024,0.0100876,0.001946,-0.0019016,0.0101363
0.0030994,-0.0016787,0.0116299,0.0030977,-0.0016779,0.0116848
0.0030586,-0.0028601,0.0027415,0.0030574,-0.0028588,0.002757
0.002147,0.0027841,0.0111206,0.0021458,0.0027826,0.0111736
0.0019401,0.0017039,0.0101651,0.0019393,0.0017032,0.0102145
0.0019525,0.0027037,0.0095474,0.0019514,0.0027022,0.0095934
-0.0038931,0.0016817,0.0028813,-0.0038916,0.0016813,0.0028972
0.0017835,-0.0042678,0.00287,0.001783,-0.004266,0.0028846
0.0021244,-0.0036314,0.0027833,0.0021237,-0.0036297,0.0027989
0.0031838,0.0007293,0.011963,0.0031821,0.0007287,0.0120194
0.003358,0.0007734,0.0116616,0.0033561,0.0007728,0.0117168
0.0019897,0.0003002,0.0108689,0.0019893,0.0003001,0.0109214
0.0027134,0.0002084,0.0100379,0.0027122,0.0002083,0.0100865
0.0035972,7.55e-05,0.0096479,0.0035951,7.54e-05,0.009694
0.0033592,-0.0007238,0.0116405,0.0033574,-0.0007236,0.0116955
0.0035494,-0.000308,0.0116723,0.0035474,-0.0003081,0.0117274
0.0034082,-0.0011132,0.0114135,0.0034062,-0.0011128,0.0114676
-0.0031205,-0.0033688,0.0028592,-0.0031193,-0.0033675,0.002874
0.0032549,0.0013391,0.0112812,0.0032532,0.0013382,0.0113349
0.0010669,-0.0033456,0.0112768,0.0010663,-0.0033439,0.0113302
-0.0011624,-0.0041118,0.0025785,-0.0011618,-0.0041098,0.0025931
0.0010099,0.0034698,0.0117442,0.0010093,0.0034677,0.0117998
-0.0003204,-0.0030304,0.0116484,-0.0003204,-0.0030292,0.0117036
0.000805,0.0043697,0.0030162,0.0008048,0.0043685,0.0030321
-0.0044533,0.0009261,0.0030759,-0.0044518,0.0009259,0.0030917
-0.0023678,0.0010516,0.0033172,-0.0023666,0.0010512,0.0033384
-0.0012259,0.0012855,0.0031449,-0.0012252,0.0012849,0.0031668
-0.000673,0.0009358,0.0043988,-0.0006727,0.0009355,0.0044251
-0.0030188,0.0012011,0.0038367,-0.0030175,0.0012008,0.0038584
-0.0030319,0.0011199,0.0042812,-0.0030306,0.0011195,0.0043046
-0.002386,0.000945,0.0055814,-0.0023847,0.0009447,0.0056104
0.0040368,0.0017426,0.0030321,0.0040354,0.0017421,0.0030485
0.002563,0.0023863,0.0112233,0.0025616,0.0023849,0.0112768
0.0028871,0.0021119,0.0113097,0.0028855,0.0021106,0.0113635
0.002992,0.0018592,0.0109663,0.0029904,0.001858,0.0110186
0.0029044,0.0017845,0.0094765,0.0029028,0.0017835,0.0095221
0.0032088,-0.0003681,0.011824,0.0032072,-0.0003681,0.0118799
0.0022717,0.0003374,0.0032424,0.0022705,0.0003374,0.0032638
0.0033025,0.0004969,0.0039331,0.0033012,0.0004968,0.0039551
0.0040412,0.0001694,0.0044386,0.0040395,0.0001695,0.0044613
0.0036346,0.0002525,0.0028521,0.003633,0.0002526,0.0028696
0.0013212,0.0001405,0.0026492,0.0013204,0.0001406,0.00267
0.0013863,-0.0006888,0.0026976,0.0013855,-0.0006882,0.0027184
0.0013771,-0.0004652,0.0030373,0.0013763,-0.0004648,0.0030591
0.0010806,-0.0009582,0.0043441,0.0010801,-0.0009576,0.00437
0.0023811,-0.0007899,0.0030714,0.0023799,-0.0007892,0.0030919
0.0031154,-0.000558,0.0038401,0.003114,-0.0005575,0.0038621
0.0031637,-0.0004373,0.0043395,0.0031623,-0.0004369,0.0043632
0.0026525,-0.0008958,0.0055434,0.0026511,-0.0008951,0.0055719
0.004524,-0.0003656,0.0030055,0.0045225,-0.0003653,0.0030212
0.0044529,-2.39e-05,0.0032087,0.0044514,-2.37e-05,0.0032255
-0.0034013,0.0007239,0.0113002,-0.0033996,0.0007233,0.0113539
-0.0030182,0.0005107,0.0114163,-0.0030169,0.0005103,0.0114707
-0.0026569,0.0004371,0.0113772,-0.002656,0.0004368,0.0114316
-0.0009506,0.0003404,0.0116599,-0.0009508,0.0003403,0.0117162
-0.001739,0.0002314,0.0099905,-0.0017387,0.0002313,0.0100392
-0.0025805,0.0002096,0.0092887,-0.0025793,0.0002095,0.0093339
-0.0035414,0.0002541,0.0114218,-0.0035395,0.0002538,0.0114759
-0.0035488,0.0003932,0.0109702,-0.003547,0.0003928,0.0110225
-0.0005237,0.0023123,0.0031583,-0.0005234,0.0023113,0.0031794
-0.0002851,0.0031004,0.0037937,-0.0002849,0.0030992,0.0038156
-0.000273,0.003209,0.0042875,-0.0002728,0.0032078,0.004311
0.0009936,0.0026429,0.0056226,0.000993,0.0026415,0.0056515
-0.0007361,0.002403,0.005528,-0.0007357,0.0024019,0.0055569
-0.0004986,0.0038072,0.0043415,-0.0004983,0.0038059,0.0043642
-0.0005062,0.0044121,0.0030658,-0.0005059,0.0044107,0.0030819
-0.003447,0.0011203,0.0113722,-0.0034452,0.0011195,0.0114262
-0.0031039,0.0011489,0.0114101,-0.0031025,0.0011483,0.0114643
-0.0029914,0.000798,0.0112169,-0.0029902,0.0007975,0.0112704
-0.0034972,0.0009555,0.0109676,-0.0034954,0.0009548,0.0110198
-0.0031394,0.0017539,0.0112661,-0.0031378,0.0017529,0.0113196
-0.0028649,0.0018402,0.0113395,-0.0028635,0.0018392,0.0113934
-0.0029234,0.0020057,0.0109701,-0.0029219,0.0020045,0.0110224
-0.0016264,0.0019956,0.0102217,-0.0016259,0.0019948,0.0102713
-0.0026042,0.00191,0.0097356,-0.0026029,0.001909,0.0097825
-0.0019652,0.0041052,0.0030426,-0.0019645,0.004104,0.0030583
-0.0031909,-0.0009422,0.0112527,-0.0031894,-0.0009419,0.0113062
-0.0032294,-0.0013417,0.0112821,-0.0032277,-0.0013412,0.0113357
-0.003057,0.0001393,0.0114171,-0.0030557,0.0001391,0.0114715
-0.0035227,6.55e-05,0.0109419,-0.0035209,6.53e-05,0.010994
-0.0040059,0.0020656,0.0030598,-0.0040045,0.0020651,0.0030757
-0.0020241,-0.0029688,0.0112595,-0.0020231,-0.0029673,0.0113129
-0.0023682,-0.0026817,0.0112573,-0.002367,-0.0026804,0.0113106
-0.0019988,-0.0025118,0.011271,-0.0019979,-0.0025108,0.0113246
-0.0022779,-0.0022228,0.0112639,-0.0022768,-0.0022219,0.0113175
-0.002315,-0.0025086,0.0109394,-0.0023139,-0.0025074,0.0109915
-0.0028993,-0.002101,0.0113043,-0.0028978,-0.0021,0.0113579
-0.0009968,-0.0034361,0.0114091,-0.0009964,-0.0034344,0.0114631
0.0022288,0.0038815,0.003021,0.0022281,0.0038803,0.0030369
-0.0043754,-0.0009353,0.0030006,-0.0043739,-0.0009348,0.0030163
-0.0019981,-0.0003763,0.0033242,-0.001997,-0.000376,0.0033462
-0.0027936,-0.0006071,0.0037422,-0.0027923,-0.0006066,0.0037643
-0.0036956,-0.0003054,0.0044489,-0.003694,-0.0003052,0.0044721
0.000198,0.0034954,0.0113609,0.0001979,0.0034934,0.0114149
-0.0001146,0.0035518,0.0113471,-0.0001146,0.0035498,0.0114011
-0.0014507,-0.0039344,0.0023669,-0.0014499,-0.0039322,0.0023811
-0.0019604,-0.0040528,0.0024021,-0.0019594,-0.0040508,0.0024154
-0.0036577,-0.0028279,0.0030204,-0.0036565,-0.0028268,0.0030357
-0.00018,-0.0024494,0.003206,-0.0001799,-0.0024479,0.003227
-0.0002629,-0.0030877,0.0038288,-0.0002628,-0.0030862,0.0038507
-0.0010407,-0.0037665,0.0028669,-0.0010402,-0.0037647,0.0028837
-0.0035492,-0.0023502,0.0030022,-0.0035479,-0.0023491,0.0030184
-0.0035771,-0.0018266,0.0029162,-0.0035757,-0.0018257,0.0029329
-0.0020945,-0.0017044,0.0031536,-0.0020934,-0.0017034,0.003174
-0.0031244,-0.0014134,0.0037145,-0.0031231,-0.0014127,0.0037354
-0.0040771,-0.0017208,0.0030395,-0.0040756,-0.00172,0.0030556
-0.0015772,0.0031476,0.0120593,-0.0015764,0.0031457,0.012116
-0.0012833,-0.0032725,0.011316,-0.0012827,-0.003271,0.0113696
-0.0016113,-0.0031291,0.0112009,-0.0016105,-0.0031276,0.011254
0.0031687,0.0030304,0.0029898,0.0031676,0.0030296,0.0030059
0.0008118,-0.0023987,0.0031706,0.0008114,-0.0023973,0.0031914
0.0004149,-0.0033857,0.0039134,0.0004148,-0.0033841,0.0039351
0.0005224,-0.0030583,0.0042391,0.0005222,-0.0030568,0.0042625
0.0011806,-0.0025233,0.0055587,0.00118,-0.0025218,0.0055872
0.0003489,-0.0039453,0.0029452,0.0003489,-0.0039435,0.0029621
0.0003839,-0.0033878,0.0028135,0.0003838,-0.003386,0.0028314
0.0004898,-0.0013637,0.0024596,0.0004895,-0.0013625,0.0024797
-0.0002751,-0.0013363,0.0027351,-0.0002749,-0.0013352,0.0027561
0.0003609,-0.0044213,0.0032124,0.0003609,-0.0044196,0.0032291
0.0021148,-0.0022043,0.0112563,0.0021139,-0.0022034,0.0113099
0.002044,-0.002268,0.0108966,0.002043,-0.0022672,0.0109487
0.0011996,-0.0018339,0.0101451,0.0011991,-0.0018335,0.0101943
0.0019095,-0.0011165,0.0100166,0.0019088,-0.0011162,0.0100653
0.0020459,-0.0020446,0.009437,0.0020449,-0.0020436,0.0094827
0.0025414,-0.0021577,0.0112759,0.00254,-0.0021567,0.0113294
0.0029458,2.59e-05,0.0120144,0.0029444,2.57e-05,0.0120711
0.0013247,-0.0043427,0.002816,0.0013243,-0.0043409,0.0028307
0.0004374,-0.0031969,0.0118372,0.0004371,-0.0031955,0.011893
0.0003172,-0.0035706,0.0113305,0.000317,-0.0035688,0.0113841
-0.0021578,-0.0038794,0.0025471,-0.0021569,-0.0038775,0.0025612
-0.0001279,-0.0038373,0.0029103,-0.0001277,-0.0038354,0.0029274
-0.0001227,-0.0044295,0.0032331,-0.0001226,-0.0044278,0.0032498
-0.0004825,0.0033901,0.0112653,-0.0004823,0.0033882,0.0113191
-0.0008641,0.0033459,0.0113836,-0.0008636,0.0033441,0.0114378
0.0002866,0.0045069,0.0030226,0.0002865,0.0045056,0.0030384
0.0043307,0.0009712,0.0027992,0.0043292,0.0009711,0.0028144
-0.0032926,0.0030352,0.003008,-0.0032915,0.0030344,0.0030238
0.0039569,-0.0013244,0.0024606,0.0039551,-0.0013236,0.0024753
0.0029234,-0.0019883,0.0112804,0.0029218,-0.0019873,0.0113339
0.001263,0.0043568,0.0031211,0.0012627,0.0043556,0.0031373
0.0018367,0.003718,0.0029696,0.0018361,0.0037168,0.0029862
0.0017485,0.0033879,0.0028722,0.0017478,0.0033867,0.0028894
0.0014716,0.0029532,0.0038368,0.001471,0.0029522,0.0038586
-2.19e-05,0.0044767,0.003255,-2.18e-05,0.0044754,0.0032718
-0.0013026,0.0020446,0.0032028,-0.0013019,0.0020437,0.0032239
-0.0010081,0.0031356,0.0039099,-0.0010076,0.0031345,0.003932
-0.0006631,0.0043931,0.0032793,-0.0006627,0.0043918,0.0032963
0.0033834,-0.0007281,0.011311,0.0033816,-0.0007279,0.0113647
0.0035608,-0.0003399,0.0113305,0.0035588,-0.0003399,0.0113843
0.0038945,-0.0022573,0.0030729,0.0038932,-0.0022563,0.0030887
0.0036846,-0.0016848,0.0029621,0.0036832,-0.001684,0.0029788
0.001451,-0.001552,0.0026003,0.0014502,-0.0015509,0.0026199
0.0023346,-0.0017162,0.0031504,0.0023334,-0.0017151,0.0031705
0.003065,-0.0013185,0.0037187,0.0030637,-0.0013178,0.0037399
0.0041171,-0.0018086,0.0030799,0.0041156,-0.0018078,0.0030959
0.0044375,0.0004752,0.0032119,0.004436,0.0004752,0.0032288
0.0042035,0.001103,0.003039,0.004202,0.0011028,0.0030555
0.0032289,-0.0015143,0.0113439,0.0032271,-0.0015136,0.0113976
0.0013892,0.003971,0.0027609,0.0013887,0.0039697,0.0027766
0.0014743,0.0038022,0.0029495,0.0014737,0.0038009,0.0029663
0.0014233,0.0041975,0.0032751,0.0014229,0.0041964,0.0032922
-0.004444,0.0002759,0.0031085,-0.0044425,0.000276,0.0031247
-0.004458,-0.0012673,0.0028755,-0.0044565,-0.0012667,0.0028902
-0.0039996,-0.0012031,0.0028125,-0.0039979,-0.0012024,0.0028284
-0.0039316,-0.0008,0.0027754,-0.0039298,-0.0007994,0.0027916
-0.0040076,-0.0013549,0.0029679,-0.004006,-0.0013542,0.0029842
0.0033425,0.000928,0.0111921,0.0033407,0.0009274,0.0112454
0.0035171,0.0005263,0.0112955,0.0035152,0.0005259,0.0113492
0.0014709,-0.0032586,0.0112745,0.0014701,-0.003257,0.0113278
0.0014408,-0.0022413,0.003221,0.0014401,-0.0022399,0.0032417
0.0015107,-0.0032723,0.0038517,0.0015101,-0.0032708,0.0038728
0.0024117,-0.0024829,0.0038354,0.0024108,-0.0024817,0.0038568
0.0022905,-0.003822,0.0030257,0.0022898,-0.0038204,0.0030415
0.0019053,-0.0035431,0.0029641,0.0019046,-0.0035414,0.0029809
0.0027315,-0.0030076,0.0029917,0.0027305,-0.0030062,0.0030084
0.0025902,-0.0025907,0.0028709,0.0025891,-0.0025893,0.0028883
-0.0039982,0.001576,0.0030541,-0.0039967,0.0015756,0.0030705
-0.0034381,0.0016094,0.0029336,-0.0034365,0.001609,0.002951
-0.0014672,0.0011555,0.0025737,-0.0014663,0.001155,0.0025938
0.0010226,0.003405,0.0111883,0.0010219,0.003403,0.0112416
0.0006301,0.0033646,0.0112647,0.0006297,0.0033627,0.0113184
0.0015988,-0.0038692,0.0026698,0.0015981,-0.0038673,0.0026851
0.0017671,-0.0041439,0.0030517,0.0017666,-0.0041422,0.0030674
0.0007436,-0.0034054,0.0113225,0.0007432,-0.0034037,0.0113762
-0.0043961,-0.0004247,0.0032197,-0.0043946,-0.0004243,0.0032364
-0.0044605,-0.0009351,0.0032482,-0.0044591,-0.0009345,0.0032647
-0.0021852,0.0038661,0.0031889,-0.0021844,0.003865,0.0032055
0.0040992,0.0017747,0.0032826,0.0040979,0.0017743,0.0032997
-0.0043911,0.0010408,0.0032855,-0.0043896,0.0010407,0.0033023
-0.0001234,-0.003848,0.003105,-0.0001233,-0.0038462,0.0031227
-6.32e-05,-0.0044127,0.0034448,-6.3e-05,-0.004411,0.0034625
-0.0009762,0.0043935,0.0030691,-0.0009757,0.0043922,0.003085
-0.0010815,0.0043694,0.0032895,-0.001081,0.0043682,0.0033064
0.0036823,-0.0017354,0.0027514,0.0036807,-0.0017345,0.0027674
0.0039139,-0.0014202,0.0026732,0.0039123,-0.0014195,0.0026886
-0.0032248,0.0011748,0.011,-0.0032232,0.0011741,0.0110525
-0.0027883,0.0011848,0.0109435,-0.0027871,0.0011841,0.010996
-0.000979,0.0009871,0.0109003,-0.0009791,0.0009871,0.010953
-0.0017815,0.0011591,0.0102296,-0.001781,0.0011586,0.0102793
-0.002663,0.0011714,0.0094191,-0.0026618,0.0011708,0.0094648
-0.0006263,0.0007443,0.007649,-0.0006258,0.0007439,0.0076872
-0.0022223,0.0008128,0.0065855,-0.0022209,0.0008124,0.0066185
-0.0032268,0.001645,0.0109763,-0.0032251,0.001644,0.0110286
-0.0032127,0.0001103,0.0086716,-0.0032109,0.0001102,0.0087135
-0.003575,-0.0002784,0.0109752,-0.0035731,-0.0002784,0.0110274
-0.0015761,-0.0013234,0.010329,-0.0015758,-0.0013232,0.0103791
-0.0025307,-0.0011571,0.0096094,-0.0025296,-0.0011566,0.009656
0.0021766,0.0039455,0.0032342,0.0021759,0.0039445,0.003251
-0.00301,-0.0017142,0.0113771,-0.0030085,-0.0017134,0.0114311
0.0040383,0.0002159,0.0032084,0.0040369,0.000216,0.0032262
0.0043835,-0.0005365,0.0031582,0.004382,-0.0005362,0.0031748
0.0044296,-0.0003901,0.0034029,0.0044281,-0.0003898,0.0034205
0.0044191,4.17e-05,0.0034385,0.0044176,4.19e-05,0.0034563
0.0032319,0.0030239,0.0032733,0.0032308,0.0030231,0.0032904
0.0038152,0.00244,0.0032736,0.0038139,0.0024394,0.0032905
0.003682,0.0024688,0.0034578,0.0036807,0.0024682,0.0034758
0.0032785,0.0021869,0.0043622,0.0032772,0.0021862,0.0043848
-0.0039415,0.0020986,0.0032755,-0.0039401,0.0020981,0.0032924
-1.88e-05,-0.0031404,0.0114412,-1.88e-05,-0.0031391,0.0114954
-0.0002031,-0.0035541,0.0109674,-0.000203,-0.0035524,0.0110195
-0.0003525,-0.0032653,0.0112818,-0.0003524,-0.0032639,0.0113354
0.0031351,-0.0027613,0.0029586,0.003134,-0.00276,0.002975
-0.0010233,-0.0042422,0.0031587,-0.0010229,-0.0042405,0.0031754
0.0007612,-0.0042891,0.0030866,0.000761,-0.0042874,0.003103
-0.0016666,-0.0042811,0.0026298,-0.0016659,-0.0042793,0.0026436
0.0003626,0.0041926,0.0033394,0.0003625,0.0041913,0.0033574
0.0005943,0.0023953,0.0031187,0.0005941,0.0023942,0.0031395
0.0005788,0.0030926,0.0037345,0.0005786,0.0030915,0.0037562
0.0006034,0.0037778,0.0044735,0.0006031,0.0037763,0.0044967
0.0014877,0.00313,0.0112066,0.0014869,0.0031282,0.01126
0.0040953,-0.0004917,0.0028144,0.0040937,-0.0004914,0.0028305
0.0031593,0.0006128,0.0112769,0.0031578,0.0006124,0.0113306
0.0010996,0.0004728,0.0113992,0.0010997,0.0004727,0.0114542
0.001155,0.0002668,0.0108837,0.0011552,0.0002667,0.0109364
0.001912,5.14e-05,0.0100026,0.0019115,5.13e-05,0.0100514
0.0029545,0.0004952,0.0095862,0.0029529,0.0004949,0.0096327
0.0035502,9.34e-05,0.0113486,0.0035483,9.32e-05,0.0114025
0.0035599,0.0002391,0.0110172,0.003558,0.0002388,0.0110697
-0.0013141,-0.003391,0.0110854,-0.0013135,-0.0033892,0.011138
-0.0014175,-0.0031397,0.0109343,-0.0014169,-0.0031382,0.0109863
-0.00106,-0.001842,0.0100049,-0.0010597,-0.0018415,0.0100536
-0.0010683,-0.0028098,0.0093252,-0.0010678,-0.0028084,0.0093702
-0.0006749,-0.0008022,0.0078661,-0.0006745,-0.0008017,0.0079053
-0.0006657,-0.0022743,0.0065813,-0.0006652,-0.0022728,0.0066142
0.0034107,-0.0008187,0.0110007,0.0034088,-0.0008184,0.0110531
0.0027845,-0.0008917,0.0108346,0.0027833,-0.0008914,0.0108867
0.0010969,-0.0003953,0.0108626,0.0010971,-0.0003954,0.0109152
0.0019589,-0.0004198,0.0100328,0.0019583,-0.0004197,0.0100817
0.0027704,-0.0004037,0.0094782,0.002769,-0.0004035,0.0095242
-0.0005392,-0.0044869,0.0031123,-0.0005389,-0.0044852,0.0031282
-0.0005308,-0.0039516,0.0028861,-0.0005304,-0.0039498,0.0029027
-0.0007627,-0.0038941,0.0032378,-0.0007623,-0.0038924,0.0032558
-0.0012504,0.0031635,0.0124231,-0.0012498,0.0031616,0.0124812
-0.001029,0.0027526,0.0124143,-0.0010286,0.0027511,0.0124725
0.0006895,0.0035352,0.0109958,0.0006891,0.0035331,0.0110483
0.0004388,0.0016313,0.01011,0.0004387,0.0016308,0.0101593
0.0005765,0.0033387,0.0089024,0.0005761,0.0033367,0.0089453
0.0002973,0.0035505,0.0110268,0.0002971,0.0035485,0.0110795
-0.0027406,-0.0022581,0.011016,-0.0027392,-0.0022571,0.0110684
-0.0017854,-0.0020662,0.0093406,-0.0017845,-0.0020652,0.009386
-0.0027317,-0.0020877,0.0087668,-0.0027301,-0.0020865,0.0088087
-0.0025334,-0.0021857,0.0082973,-0.0025319,-0.0021843,0.0083371
-0.0022462,-0.0009253,0.0066141,-0.0022448,-0.0009247,0.0066471
-0.002192,-0.0028655,0.0109035,-0.0021909,-0.0028641,0.0109553
-0.0018359,-0.0027405,0.0087386,-0.0018349,-0.0027389,0.0087806
0.0017981,0.0030942,0.0109498,0.001797,0.0030924,0.0110021
0.000927,0.0042044,0.0032221,0.0009267,0.0042032,0.0032393
0.0018339,-0.0041394,0.0032722,0.0018333,-0.0041378,0.0032888
0.0020546,-0.0036975,0.0032007,0.0020539,-0.0036959,0.0032179
-0.0008341,-0.0034775,0.010966,-0.0008337,-0.0034758,0.0110181
0.0019158,0.0010142,0.0102293,0.0019152,0.0010138,0.010279
0.0032072,0.0015176,0.0109549,0.0032054,0.0015166,0.0110071
0.0027516,0.0014086,0.0109422,0.0027503,0.0014078,0.0109947
-0.0015728,-0.0042124,0.0028147,-0.0015721,-0.0042107,0.0028295
0.0029857,-0.0025497,0.0031013,0.0029845,-0.0025485,0.0031189
0.0035285,-0.0024347,0.0031341,0.0035273,-0.0024336,0.0031509
0.0031934,-0.000373,0.0111661,0.0031919,-0.000373,0.0112194
0.0035328,-0.0004359,0.0109419,0.0035308,-0.0004358,0.010994
0.0012599,-0.0033444,0.0109009,0.0012592,-0.0033427,0.0109527
0.000968,-0.0030363,0.0109069,0.0009675,-0.003035,0.010959
0.0005222,-0.0011298,0.0108556,0.0005222,-0.0011301,0.0109081
0.0004745,-0.0018977,0.0099689,0.0004743,-0.0018972,0.0100174
0.0004998,-0.0025926,0.0093122,0.0004995,-0.0025914,0.0093574
0.0012522,-0.0042682,0.0030812,0.0012519,-0.0042665,0.0030972
-0.0044537,6.7e-05,0.003242,-0.0044522,6.72e-05,0.0032588
-0.0044635,7.58e-05,0.0034519,-0.004462,7.6e-05,0.0034696
-0.0020479,9.45e-05,0.0031289,-0.0020468,9.46e-05,0.0031504
-0.0029278,0.0004905,0.0036878,-0.0029265,0.0004904,0.0037095
-0.0038532,0.0003577,0.0044564,-0.0038515,0.0003577,0.0044794
-0.0015933,0.0040306,0.0030027,-0.0015926,0.0040294,0.0030189
-0.0017601,0.0036563,0.0028339,-0.0017593,0.003655,0.0028503
-0.0039263,-0.0016161,0.0032041,-0.0039249,-0.0016154,0.0032213
0.0029936,0.0016869,0.0112815,0.002992,0.0016858,0.0113351
0.003078,0.0016096,0.011592,0.0030763,0.0016085,0.0116469
-0.0008981,0.0034485,0.0109749,-0.0008976,0.0034465,0.0110273
-0.0008548,0.0017669,0.0102348,-0.0008546,0.0017664,0.0102847
-0.0009426,0.0024609,0.0093166,-0.0009422,0.0024597,0.0093621
0.0003049,-0.003145,0.0113061,0.0003048,-0.0031436,0.0113598
0.0001929,-0.0035623,0.0109716,0.0001928,-0.0035606,0.0110237
0.0003993,-0.003987,0.0032011,0.0003992,-0.0039853,0.0032188
0.0003145,-0.0044284,0.0034261,0.0003145,-0.0044267,0.0034436
-0.0031244,0.0017826,0.0106667,-0.0031227,0.0017815,0.0107177
0.0023792,-0.0022672,0.0109248,0.0023779,-0.0022662,0.0109769
0.0030704,-0.0018254,0.0110173,0.0030687,-0.0018246,0.0110697
-0.0030924,-0.0013167,0.0110332,-0.0030909,-0.0013162,0.0110858
-0.0027637,-0.0014034,0.0108971,-0.0027626,-0.0014029,0.0109492
-0.0002531,-0.0019985,0.0101365,-0.0002531,-0.0019981,0.0101857
-0.0001648,-0.0026675,0.0095053,-0.0001648,-0.0026664,0.0095513
-0.0005171,-0.0035267,0.0109217,-0.0005169,-0.003525,0.0109736
-0.0006239,-0.0031597,0.0109758,-0.0006236,-0.0031583,0.0110282
-0.0003388,-0.0011271,0.0107549,-0.0003389,-0.0011274,0.0108071
-0.0012763,-0.0033709,0.0107187,-0.0012757,-0.0033692,0.0107697
0.0038992,0.0009946,0.0031266,0.0038977,0.0009944,0.0031442
0.0039651,-0.0015904,0.0032282,0.0039637,-0.0015897,0.0032454
-0.0035717,0.0005118,0.0106113,-0.0035699,0.0005114,0.010662
-0.0034628,0.0009096,0.0106418,-0.003461,0.000909,0.0106927
-0.0035797,9.43e-05,0.0104433,-0.0035778,9.42e-05,0.0104933
0.0032386,0.0003529,0.0117968,0.0032369,0.0003525,0.0118525
-0.0026125,0.003559,0.0032199,-0.0026116,0.003558,0.0032367
-0.0025866,0.0036017,0.0034693,-0.0025857,0.0036007,0.0034871
-0.0022291,0.0024656,0.0037189,-0.0022281,0.0024647,0.0037401
-0.0022273,0.0031223,0.0043805,-0.0022263,0.0031212,0.0044034
-0.0044591,-0.0003814,0.0034305,-0.0044576,-0.0003811,0.0034479
-0.0017652,-0.0007776,0.0035008,-0.0017642,-0.000777,0.0035235
-0.0029027,-0.0004297,0.004339,-0.0029014,-0.0004294,0.0043629
-0.0038284,-0.0005158,0.004858,-0.0038267,-0.0005154,0.0048826
-0.0038019,-0.0005534,0.0055002,-0.0037999,-0.000553,0.0055273
-0.0006968,-0.0008873,0.0054258,-0.0006964,-0.0008867,0.0054554
-0.0044164,0.0006191,0.0032495,-0.0044149,0.0006191,0.0032663
-0.0042892,0.0004508,0.0034019,-0.0042877,0.0004509,0.0034197
-0.0042021,0.0012502,0.003419,-0.0042007,0.00125,0.0034366
-0.0021237,0.0012695,0.0037927,-0.0021227,0.001269,0.0038156
-0.0031611,0.0011848,0.0106363,-0.0031596,0.0011841,0.0106873
-0.0030881,-0.0032066,0.0030065,-0.0030869,-0.0032054,0.0030223
-0.002894,-0.0029567,0.003243,-0.0028929,-0.0029555,0.0032605
-0.0035076,-0.0026261,0.0032174,-0.0035064,-0.0026251,0.0032343
-0.0036155,-0.002637,0.00359,-0.0036143,-0.002636,0.0036082
-0.002177,-0.0026663,0.0038029,-0.002176,-0.0026652,0.0038242
-0.0029781,-0.0025077,0.0044206,-0.0029768,-0.0025065,0.0044434
-0.0024741,0.0024921,0.0113039,-0.0024729,0.0024906,0.0113577
0.0022405,0.0030584,0.0042984,0.0022396,0.0030573,0.004321
0.0031576,0.0030606,0.003469,0.0031565,0.0030597,0.003487
0.0015697,0.0020733,0.0035942,0.0015689,0.0020725,0.0036163
0.0023397,0.0011406,0.0037281,0.0023386,0.0011402,0.0037507
0.0024172,0.0021054,0.0042087,0.0024162,0.0021047,0.0042318
-0.003506,-0.0022017,0.0032549,-0.0035047,-0.0022007,0.0032725
-0.0037219,-0.0023249,0.0034639,-0.0037206,-0.002324,0.0034817
-0.0035913,-0.0018448,0.0034203,-0.00359,-0.0018439,0.0034389
-0.0020426,-0.0011892,0.0037638,-0.0020417,-0.0011885,0.0037868
-0.0028515,-0.0012805,0.004387,-0.0028502,-0.0012798,0.004411
-0.0040577,-0.0016632,0.0034327,-0.0040564,-0.0016625,0.0034504
-0.0011206,-0.0023741,0.0037603,-0.00112,-0.0023728,0.0037829
-0.0018425,-0.0023868,0.0043697,-0.0018416,-0.0023856,0.0043937
-0.0027795,-0.0024925,0.0049431,-0.0027782,-0.0024913,0.0049681
-0.0029025,-0.0024181,0.0052836,-0.002901,-0.0024167,0.0053099
-0.0039479,0.0020971,0.0035074,-0.0039465,0.0020966,0.0035253
-0.0036754,0.0018976,0.0033052,-0.003674,0.0018971,0.0033231
-0.0028768,0.0019993,0.0042637,-0.0028756,0.0019987,0.0042866
0.0008634,-0.003468,0.0109579,0.0008629,-0.0034662,0.01101
0.0003075,-0.0035884,0.0106016,0.0003074,-0.0035866,0.010652
0.0006952,-0.0033717,0.0105657,0.0006948,-0.00337,0.0106161
-0.0031207,-0.0010417,0.011001,-0.0031192,-0.0010414,0.0110535
-0.0032394,-0.0010019,0.0106018,-0.0032378,-0.0010015,0.0106524
-0.0035013,-0.0007335,0.0106094,-0.0034995,-0.0007332,0.01066
-0.0035465,-0.0005014,0.0103723,-0.0035446,-0.0005013,0.0104219
-0.0018344,-0.0004199,0.0100733,-0.001834,-0.0004199,0.0101224
-0.0024727,-0.0003554,0.0095326,-0.0024717,-0.0003554,0.009579
-0.0033698,-0.0006626,0.0087382,-0.0033678,-0.0006622,0.00878
0.0017482,0.0039848,0.0031604,0.0017476,0.0039837,0.0031773
0.0013715,0.0037456,0.003136,0.001371,0.0037444,0.0031537
0.0013303,0.0042434,0.0034662,0.0013299,0.0042422,0.0034841
0.0022979,-0.0013644,0.0036418,0.0022969,-0.0013636,0.0036639
0.0032043,-0.0013639,0.0043312,0.003203,-0.0013631,0.0043544
0.003662,-0.0024397,0.003416,0.0036608,-0.0024387,0.0034336
0.0035284,-0.0019202,0.0032689,0.0035272,-0.0019193,0.0032869
0.001515,-0.0014982,0.0031234,0.0015142,-0.0014972,0.0031446
0.0040506,-0.0018817,0.0034044,0.0040493,-0.001881,0.0034219
-0.0035948,0.0026337,0.0032584,-0.0035936,0.002633,0.0032754
-0.0038949,0.0015908,0.0032354,-0.0038934,0.0015904,0.0032529
-0.0038987,0.0011057,0.0031948,-0.0038972,0.0011054,0.0032125
-0.0037442,0.0016537,0.003459,-0.0037428,0.0016533,0.0034777
-0.0004047,-0.0024309,0.003722,-0.0004045,-0.0024295,0.0037446
-0.0003231,-0.0031046,0.0044064,-0.0003229,-0.003103,0.0044303
-0.0002125,-0.0039545,0.0033962,-0.0002124,-0.0039529,0.0034147
1.94e-05,-0.003658,0.0032521,1.95e-05,-0.0036562,0.0032709
0.0005603,-0.0015332,0.0032671,0.00056,-0.0015322,0.0032894
0.0004725,-0.0024492,0.0037482,0.0004723,-0.0024479,0.0037708
-0.0002102,-0.0014554,0.0031455,-0.0002101,-0.0014544,0.0031677
-0.0002389,-0.0043261,0.0036188,-0.0002387,-0.0043244,0.0036374
0.0027533,0.0034923,0.0032704,0.0027524,0.0034913,0.0032874
-0.001483,-0.0039716,0.0031597,-0.0014824,-0.00397,0.0031766
-0.000539,0.0035773,0.0109388,-0.0005387,0.0035753,0.010991
-0.0019817,-0.0030248,0.0105975,-0.0019807,-0.0030233,0.010648
-0.0025048,-0.002595,0.0105795,-0.0025035,-0.0025936,0.0106299
0.0013219,0.0028393,0.0042281,0.0013214,0.0028382,0.0042515
0.0017395,0.0040029,0.0033924,0.001739,0.0040018,0.0034103
0.0016686,0.0032142,0.0033351,0.001668,0.0032131,0.0033544
-0.0029373,-0.0021293,0.0106758,-0.0029358,-0.0021282,0.0107266
-0.0035887,-0.0003019,0.0106199,-0.0035869,-0.0003018,0.0106706
0.0032156,-0.0012739,0.011143,0.0032138,-0.0012733,0.011196
0.0033431,-0.0010506,0.0105625,0.0033413,-0.0010501,0.010613
-0.0044321,-0.0009193,0.0034451,-0.0044306,-0.0009188,0.0034625
0.0033041,0.0013695,0.0105739,0.0033023,0.0013687,0.0106245
0.0036778,8.64e-05,0.0089204,0.0036755,8.63e-05,0.008963
-5.99e-05,0.0034604,0.0110056,-5.99e-05,0.0034584,0.0110582
-0.0001775,0.0043188,0.0034221,-0.0001774,0.0043175,0.0034401
-0.0002906,0.0022815,0.0036455,-0.0002904,0.0022805,0.0036682
-0.0002387,0.0038369,0.0050054,-0.0002385,0.0038351,0.0050308
-0.0006016,0.0042295,0.0034551,-0.0006012,0.0042283,0.0034733
0.0044933,-0.0008878,0.0028198,0.0044917,-0.0008873,0.0028344
0.0040711,-0.0010168,0.0027534,0.0040695,-0.0010162,0.002769
0.0021946,0.0038711,0.003452,0.0021939,0.00387,0.0034699
0.0039895,-0.0002459,0.0032071,0.0039881,-0.0002457,0.0032251
0.0035271,-0.0002781,0.0032354,0.0035256,-0.0002778,0.0032544
0.0023037,-0.0005511,0.0037023,0.0023026,-0.0005506,0.0037251
0.0014229,0.0003651,0.0031288,0.0014221,0.000365,0.0031509
0.0024027,0.0002967,0.0036639,0.0024016,0.0002967,0.0036865
0.0031216,0.0001858,0.0042743,0.0031202,0.0001859,0.0042979
0.0042682,-0.0003878,0.0036388,0.0042667,-0.0003875,0.0036577
0.0043644,-0.00034,0.0038772,0.0043628,-0.0003397,0.003897
0.0040945,0.0002594,0.0048833,0.0040926,0.0002594,0.0049077
0.004039,0.0003716,0.0054835,0.0040369,0.0003715,0.0055104
0.0011312,0.0005172,0.0053568,0.0011306,0.000517,0.0053862
0.0027103,0.0008677,0.0067173,0.0027085,0.0008672,0.0067505
-0.0010326,0.0043268,0.0034706,-0.0010322,0.0043256,0.0034884
-0.0011628,0.0019539,0.0035963,-0.0011622,0.0019531,0.0036188
-0.0012352,0.0029921,0.004267,-0.0012346,0.002991,0.0042904
-0.0016387,-0.00305,0.0106429,-0.0016379,-0.0030485,0.0106936
-0.0011761,0.0033931,0.0119476,-0.0011755,0.003391,0.012004
-0.0009576,0.003052,0.0120316,-0.0009571,0.0030504,0.0120884
-0.0012573,0.0031467,0.012094,-0.0012567,0.0031449,0.0121509
-0.0013049,0.0031607,0.0117505,-0.0013043,0.0031589,0.0118062
-0.0011824,0.0027155,0.0118039,-0.0011819,0.0027141,0.0118599
-0.0032706,0.0029713,0.003202,-0.0032695,0.0029705,0.0032187
0.0040275,0.0006171,0.0030764,0.004026,0.0006171,0.0030937
0.0044313,0.0005629,0.0034385,0.0044298,0.0005629,0.0034563
-0.0018854,0.0040127,0.0034631,-0.0018847,0.0040116,0.0034809
0.0002657,-0.0043604,0.0036324,0.0002657,-0.0043587,0.0036511
0.000315,-0.004366,0.0038909,0.000315,-0.0043642,0.0039106
0.0040504,0.0016035,0.0034511,0.0040491,0.0016031,0.0034692
0.003505,0.0015693,0.0034232,0.0035037,0.0015689,0.0034424
-0.0011693,0.0034017,0.011532,-0.0011687,0.0033997,0.0115868
-0.0012594,0.0030565,0.0114093,-0.0012588,0.0030549,0.0114636
-0.0015882,-0.004064,0.0030048,-0.0015875,-0.0040623,0.0030208
0.0033694,-0.0007547,0.0106746,0.0033677,-0.0007544,0.0107256
0.0035851,-0.0004012,0.0106056,0.0035831,-0.0004011,0.0106562
-0.0018049,-0.0024993,0.0109546,-0.0018042,-0.0024983,0.0110069
-0.0019491,-0.0021873,0.0109793,-0.0019484,-0.0021865,0.0110318
-0.0023967,-0.0021472,0.0109052,-0.0023956,-0.0021463,0.0109573
0.0014921,-0.0032702,0.0105479,0.0014912,-0.0032685,0.0105982
0.0010991,-0.0033864,0.0105313,0.0010985,-0.0033846,0.0105815
0.0018729,-0.0030026,0.0112816,0.0018718,-0.0030011,0.011335
0.0010942,0.0018241,0.0102413,0.0010938,0.0018236,0.0102911
0.0012462,0.0024752,0.0095442,0.0012456,0.002474,0.0095906
-0.0017694,0.0031008,0.0117685,-0.0017685,0.003099,0.0118241
-0.0021183,0.0028423,0.0116607,-0.0021172,0.0028406,0.0117159
-0.0021716,0.0028148,0.011995,-0.0021705,0.0028131,0.0120515
-0.0017047,0.0039687,0.0031902,-0.0017041,0.0039675,0.0032073
0.0019099,0.0029339,0.0106484,0.0019088,0.0029322,0.0106995
0.0023628,0.002688,0.010281,0.0023615,0.0026865,0.0103302
0.0021404,0.001818,0.0093961,0.0021393,0.001817,0.0094417
0.0020426,0.0026204,0.0087868,0.0020413,0.0026188,0.0088292
0.0032415,-1.41e-05,0.0109909,0.0032399,-1.42e-05,0.0110434
-0.0009872,-0.0040037,0.0034064,-0.0009868,-0.004002,0.0034246
-0.0009453,-0.003531,0.003329,-0.0009448,-0.0035294,0.0033481
-0.0016048,-0.0040768,0.0034151,-0.0016041,-0.0040753,0.0034327
0.0010366,0.0034176,0.0106043,0.001036,0.0034156,0.0106551
0.0006415,0.0033915,0.010564,0.0006412,0.0033896,0.0106147
0.0014258,-0.0042098,0.0032396,0.0014254,-0.0042082,0.0032563
-0.0008427,-0.0033702,0.0107444,-0.0008424,-0.0033686,0.0107955
0.0003246,-0.0032349,0.0109874,0.0003244,-0.0032335,0.0110398
0.0015049,-0.002908,0.0112995,0.0015041,-0.0029067,0.0113532
0.0039436,0.0006767,0.0033404,0.0039421,0.0006766,0.0033589
0.0043813,0.0005392,0.0036501,0.0043798,0.0005392,0.0036688
0.0031212,2.69e-05,0.0117264,0.0031197,2.68e-05,0.0117819
0.0027366,-0.0028716,0.0034309,0.0027356,-0.0028704,0.0034496
0.0025486,-0.0025199,0.0032491,0.0025476,-0.0025186,0.0032681
0.0015706,-0.0021731,0.0035848,0.0015699,-0.0021719,0.0036066
0.0023879,-0.002352,0.0042983,0.0023869,-0.0023509,0.0043215
0.0030982,-0.0026828,0.003359,0.0030971,-0.0026817,0.0033771
0.002612,-0.0023264,0.0105995,0.0026106,-0.0023252,0.0106501
0.0030849,-0.0017628,0.0105522,0.0030832,-0.001762,0.0106025
0.0025812,0.0035439,0.0034462,0.0025804,0.0035429,0.0034642
0.0033143,-0.0013739,0.0105327,0.0033125,-0.0013733,0.0105829
0.0029561,-0.0013645,0.0106118,0.0029546,-0.0013639,0.0106626
0.0030169,-0.0013298,0.0102593,0.0030153,-0.0013293,0.0103085
0.0014179,-0.0009609,0.0101126,0.0014175,-0.0009608,0.0101619
0.0013888,-0.0014247,0.0092054,0.0013882,-0.001424,0.0092505
0.0009652,-0.0008659,0.0077293,0.0009646,-0.0008653,0.0077678
0.0018927,-0.0012563,0.0094083,0.0018918,-0.0012558,0.0094542
0.0027692,-0.0013148,0.0088007,0.0027676,-0.001314,0.0088432
0.002703,-0.0011573,0.007992,0.0027013,-0.0011566,0.0080308
0.0025632,-0.0008951,0.0067303,0.0025614,-0.0008944,0.0067636
-0.0004646,-0.0043725,0.0033889,-0.0004644,-0.0043708,0.0034064
-0.0005776,-0.0039267,0.0034368,-0.0005773,-0.0039251,0.0034555
0.001875,-0.0040341,0.0034658,0.0018744,-0.0040326,0.0034834
0.001736,-0.003497,0.003328,0.0017354,-0.0034955,0.0033465
0.0013778,-0.0032399,0.0042681,0.0013772,-0.0032384,0.0042908
0.0022554,-0.0037557,0.0034097,0.0022547,-0.0037541,0.0034273
0.0035764,-0.000134,0.0111037,0.0035744,-0.0001341,0.0111566
0.0035681,-5.35e-05,0.0108113,0.0035662,-5.36e-05,0.0108627
-0.0014168,0.0040392,0.0033701,-0.0014163,0.004038,0.003388
-0.0017334,0.0035379,0.0032689,-0.0017326,0.0035368,0.0032871
-0.0002291,-0.0030933,0.0109307,-0.000229,-0.003092,0.0109829
-8.84e-05,-0.003605,0.0106698,-8.84e-05,-0.0036032,0.0107205
-0.0028596,0.0020406,0.0105634,-0.0028582,0.0020394,0.010614
-0.0028936,0.0021966,0.0102852,-0.0028921,0.0021953,0.0103344
-0.0018469,0.0019453,0.0095369,-0.0018461,0.0019443,0.0095834
-0.0027505,0.0019083,0.0088431,-0.0027489,0.0019071,0.0088856
-0.002706,0.001979,0.0082921,-0.0027042,0.0019778,0.008332
-0.001883,0.0026368,0.0095513,-0.001882,0.0026353,0.0095974
0.0040053,-0.0006971,0.0033516,0.0040039,-0.0006967,0.00337
0.0016132,-0.0027765,0.0110037,0.0016124,-0.0027752,0.0110562
0.0002526,0.0035676,0.0106106,0.0002524,0.0035656,0.0106614
0.0033992,0.0009345,0.0106439,0.0033973,0.000934,0.0106947
0.0036037,0.0003831,0.0107063,0.0036018,0.0003828,0.0107573
-0.0033068,0.0015483,0.0102603,-0.0033051,0.0015474,0.0103094
-0.0017214,0.0012457,0.0096514,-0.0017208,0.0012451,0.0096987
-0.0009334,0.0009089,0.0094562,-0.0009331,0.0009086,0.0095027
-0.002651,0.0012428,0.0089788,-0.0026496,0.0012422,0.0090224
-0.0012191,0.0034083,0.0109284,-0.0012185,0.0034064,0.0109805
-0.0007608,0.003148,0.0110851,-0.0007605,0.0031463,0.0111382
-0.0008494,0.00278,0.0110546,-0.0008491,0.0027788,0.0111076
-0.0003329,0.000888,0.010729,-0.000333,0.0008881,0.0107811
-0.0001777,0.0019759,0.0101552,-0.0001776,0.0019753,0.0102048
-0.0003864,0.0027067,0.0093988,-0.0003863,0.0027053,0.0094445
-0.0007959,0.00355,0.0106801,-0.0007955,0.0035479,0.0107312
-0.0012304,0.0032924,0.0111945,-0.0012298,0.0032905,0.0112479
-0.00139,0.0032324,0.0105703,-0.0013893,0.0032306,0.010621
-0.0021123,-0.0029531,0.0102774,-0.0021112,-0.0029516,0.0103264
-0.0026579,-0.0024906,0.0102845,-0.0026565,-0.0024894,0.0103335
-0.0009915,-0.0021063,0.0095488,-0.0009912,-0.0021055,0.0095953
-0.0009487,-0.0012328,0.0094091,-0.0009485,-0.0012325,0.0094553
-0.0011216,-0.0027649,0.0086585,-0.001121,-0.0027633,0.0087004
-0.0018182,-0.0011586,0.0094229,-0.0018175,-0.0011581,0.009469
-0.0017334,-0.0022851,0.0085758,-0.0017324,-0.0022839,0.0086174
-0.0017714,-0.0027797,0.0080665,-0.0017702,-0.0027779,0.0081053
0.0043237,-0.0009731,0.0030174,0.0043223,-0.0009726,0.0030333
0.0040985,-0.0010272,0.0032135,0.0040971,-0.0010267,0.0032308
0.0014984,0.003212,0.0105537,0.0014976,0.0032102,0.0106043
0.0017815,0.0031513,0.0103573,0.0017804,0.0031495,0.0104069
0.0034297,-0.0010901,0.0102236,0.0034277,-0.0010896,0.0102724
0.0025887,0.0024435,0.0106046,0.0025872,0.002442,0.0106553
0.0029548,0.0019895,0.0105574,0.0029531,0.0019883,0.0106079
0.0031217,0.0019399,0.0102714,0.0031199,0.0019387,0.0103205
0.0028309,0.0019038,0.0088712,0.0028291,0.0019026,0.0089138
-0.0035728,0.0004649,0.0102321,-0.0035709,0.0004646,0.0102811
-0.0017312,0.0002987,0.009438,-0.0017307,0.0002985,0.0094843
-0.0023772,-2.21e-05,0.0089677,-0.0023761,-2.21e-05,0.0090115
-0.0033222,0.0002249,0.0083021,-0.0033202,0.0002247,0.0083421
0.0009735,-0.0040925,0.0032215,0.0009732,-0.0040908,0.0032389
0.0009567,-0.0042038,0.0034702,0.0009564,-0.0042022,0.0034882
-0.0015156,0.003121,0.0109696,-0.0015148,0.0031192,0.011022
0.0003681,-0.0032915,0.0107365,0.0003679,-0.00329,0.0107878
0.0001642,-0.0036474,0.010233,0.0001641,-0.0036456,0.0102817
-0.0043439,-0.0003636,0.0036154,-0.0043424,-0.0003632,0.003634
-0.0043945,-3.08e-05,0.0038622,-0.0043929,-3.06e-05,0.0038818
-0.0021498,0.0002872,0.003578,-0.0021487,0.0002872,0.0036006
-0.0029997,-9.26e-05,0.0042442,-0.0029983,-9.24e-05,0.0042678
-0.0038154,0.0003584,0.005003,-0.0038136,0.0003584,0.0050282
0.0036956,0.0001373,0.0032828,0.0036942,0.0001374,0.0033017
0.0042559,8.72e-05,0.0036818,0.0042544,8.73e-05,0.003701
0.0012757,-0.0042629,0.0034306,0.0012753,-0.0042613,0.0034482
0.0031694,0.0029153,0.0038217,0.0031683,0.0029144,0.0038414
0.0037362,0.0023544,0.0036914,0.0037348,0.0023537,0.0037104
0.0035941,0.0024663,0.003886,0.0035927,0.0024656,0.0039059
0.0033253,0.0020153,0.0047727,0.0033238,0.0020145,0.004797
-0.0005994,-0.0035537,0.003533,-0.0005991,-0.0035521,0.0035529
0.0018659,-0.0039916,0.0036853,0.0018653,-0.00399,0.003704
0.0021724,-0.003345,0.0034981,0.0021716,-0.0033436,0.003517
0.0032541,-0.0002557,0.0105924,0.0032525,-0.0002556,0.0106432
0.0035762,-0.0004017,0.0102252,0.0035742,-0.0004016,0.0102741
0.003851,-0.001133,0.0034187,0.0038496,-0.0011325,0.0034373
0.0039082,-0.0017917,0.0037804,0.0039068,-0.001791,0.0037998
0.0032487,0.0003879,0.0109145,0.003247,0.0003876,0.0109667
0.0019027,0.0009545,0.0094945,0.001902,0.0009541,0.009541
0.0010135,0.0010381,0.0095795,0.0010132,0.0010378,0.0096265
0.0012352,0.0004208,0.0076786,0.0012343,0.0004206,0.007717
0.0028575,0.001105,0.0087967,0.0028558,0.0011043,0.0088393
0.0026383,0.0009585,0.0082707,0.0026366,0.000958,0.008311
0.0033767,0.0011675,0.0102721,0.0033747,0.0011667,0.0103212
0.0029679,0.0008277,0.0104608,0.0029664,0.0008272,0.0105111
0.0010765,0.0008613,0.0101755,0.0010763,0.0008612,0.0102251
0.0013534,0.0002006,0.0102657,0.0013532,0.0002005,0.0103157
0.0020834,0.000199,0.0094265,0.0020826,0.0001989,0.0094726
0.0026708,0.0002363,0.0087297,0.0026692,0.0002362,0.0087723
0.0035847,0.0003371,0.0102823,0.0035827,0.0003369,0.0103315
-0.0002803,0.0043739,0.0036751,-0.0002801,0.0043725,0.003694
-0.0007071,0.0041962,0.0037625,-0.0007068,0.004195,0.0037821
-0.002879,-0.0021484,0.0103314,-0.0028775,-0.0021473,0.0103807
-0.0018109,-0.0004337,0.0094565,-0.0018103,-0.0004336,0.0095028
-0.0025849,-0.0006379,0.0085689,-0.0025835,-0.0006376,0.0086106
-0.0034967,-0.000554,0.0081451,-0.0034945,-0.0005536,0.0081841
0.0008483,0.0043422,0.0034268,0.0008481,0.0043409,0.0034446
-0.0031471,0.003085,0.0034511,-0.003146,0.0030841,0.0034689
-0.002583,0.0034591,0.0036243,-0.0025821,0.0034581,0.0036431
-0.0024188,0.0035604,0.0038013,-0.002418,0.0035593,0.003821
-0.0022419,0.0021311,0.0042467,-0.0022409,0.0021304,0.0042703
-0.0019574,0.0031565,0.0049726,-0.0019564,0.0031552,0.004998
-0.0029701,0.003066,0.003618,-0.0029691,0.0030651,0.0036369
0.0011994,0.0038723,0.0033075,0.001199,0.003871,0.0033256
0.0013531,0.0042163,0.0036693,0.0013527,0.0042151,0.0036882
0.0009256,0.0041903,0.0036296,0.0009254,0.0041891,0.0036485
0.0008214,0.0041382,0.0038228,0.0008212,0.0041369,0.0038427
0.0006396,0.0020644,0.0037274,0.0006394,0.0020636,0.0037505
0.0005065,0.0030196,0.004087,0.0005063,0.0030185,0.0041101
0.0006828,0.0040508,0.0049351,0.0006825,0.004049,0.0049598
0.0012817,0.0037874,0.0035572,0.0012813,0.0037862,0.0035765
0.0011848,0.0041238,0.0040098,0.0011844,0.0041225,0.0040304
0.0009744,0.003501,0.0108683,0.0009738,0.0034989,0.0109202
0.0011186,0.0030862,0.0109823,0.001118,0.0030845,0.0110349
0.0011355,0.0030611,0.0105419,0.0011349,0.0030595,0.0105926
0.0010489,0.0034916,0.0102819,0.0010483,0.0034895,0.0103312
-0.0021633,0.0037805,0.0036063,-0.0021626,0.0037794,0.003625
-0.0032624,-0.0027329,0.0036107,-0.0032612,-0.0027318,0.0036294
0.0011727,0.0016739,0.0093424,0.0011723,0.0016731,0.0093881
0.0014078,0.0026076,0.0089811,0.001407,0.0026061,0.0090248
0.0014409,0.0024342,0.0081859,0.0014399,0.0024326,0.0082258
0.0009337,0.0023043,0.0065399,0.0009331,0.0023029,0.0065727
0.0006472,-0.0020874,0.0093304,0.0006469,-0.0020865,0.009376
0.000644,-0.0026186,0.0089112,0.0006436,-0.0026173,0.0089546
0.0005034,-0.002878,0.0082188,0.0005031,-0.0028762,0.0082587
0.0008934,-0.0025721,0.0066751,0.0008928,-0.0025704,0.0067081
0.0006556,-0.0027495,0.0101842,0.0006553,-0.0027484,0.0102333
0.0011887,-0.0019,0.0094342,0.0011881,-0.0018992,0.0094802
0.0014229,-0.0029237,0.0088221,0.0014221,-0.002922,0.0088645
0.0004068,-0.0012444,0.0101524,0.0004067,-0.0012444,0.0102018
0.0035364,-0.0024063,0.0036196,0.0035352,-0.0024054,0.0036384
0.0037352,-0.0022643,0.0038834,0.0037338,-0.0022634,0.003903
0.0013822,-0.0014526,0.0035911,0.0013815,-0.0014517,0.0036139
0.0014006,-0.0015735,0.0040441,0.0013999,-0.0015725,0.0040683
0.0010217,-0.000882,0.0054247,0.0010212,-0.0008814,0.0054541
0.0021381,-0.0014633,0.0041591,0.0021371,-0.0014625,0.004183
0.0029884,-0.0012755,0.0047399,0.002987,-0.0012747,0.0047649
0.0031555,-0.0013247,0.0055315,0.0031538,-0.0013239,0.0055594
0.0037897,-0.0003258,0.0036889,0.0037883,-0.0003255,0.0037092
5.76e-05,-0.0032792,0.0107728,5.76e-05,-0.0032777,0.0108242
-6.21e-05,-0.0035933,0.01038,-6.21e-05,-0.0035915,0.0104294
0.0042615,0.0011699,0.0034251,0.00426,0.0011697,0.0034429
-0.0038418,0.0020602,0.0036782,-0.0038405,0.0020597,0.0036971
-0.0037951,-0.001141,0.0031568,-0.0037936,-0.0011404,0.0031745
-0.0040016,-0.0011009,0.0034093,-0.0040002,-0.0011003,0.0034276
-0.0010606,-0.0037876,0.0035595,-0.00106,-0.003786,0.0035787
-0.0014449,-0.0035735,0.0035095,-0.0014443,-0.003572,0.0035288
-0.000301,-0.00333,0.0106008,-0.0003008,-0.0033286,0.0106514
-0.0026273,0.002391,0.0109099,-0.002626,0.0023896,0.010962
0.0039805,0.0011803,0.0037004,0.0039791,0.00118,0.00372
-0.0004928,0.0035548,0.0102871,-0.0004926,0.0035528,0.0103364
-0.0002967,0.0033467,0.0089627,-0.0002966,0.0033447,0.0090059
-0.0008607,0.0035501,0.0103844,-0.0008603,0.003548,0.0104341
-0.0009824,0.0017266,0.0094481,-0.0009821,0.0017259,0.0094944
-0.0010332,0.0026742,0.0087102,-0.0010326,0.0026727,0.0087526
-0.0009783,0.0027729,0.0083354,-0.0009777,0.0027712,0.0083759
-0.0006414,0.0023637,0.0066979,-0.0006409,0.0023623,0.0067314
-0.0011757,0.0033891,0.010289,-0.0011751,0.0033872,0.0103383
-0.0012021,0.00286,0.0102324,-0.0012016,0.0028586,0.0102818
-0.0009925,0.0010081,0.0102186,-0.0009924,0.0010079,0.0102685
-0.0019361,0.0027829,0.0088266,-0.0019349,0.0027813,0.0088691
-0.0020227,-0.0034303,0.0033665,-0.0020218,-0.0034288,0.003385
-0.0013582,-0.0032762,0.0104366,-0.0013575,-0.0032746,0.0104863
-0.0011146,-0.0028994,0.0104241,-0.0011141,-0.0028982,0.0104741
-0.000983,-0.0013283,0.0100379,-0.0009828,-0.0013281,0.0100868
0.0037639,0.0001545,0.0036025,0.0037625,0.0001546,0.0036225
0.0043703,8.05e-05,0.0039177,0.0043687,8.06e-05,0.0039376
-0.0032805,-0.0014119,0.0106186,-0.0032789,-0.0014112,0.0106692
-0.0030819,-0.0012436,0.0102507,-0.0030804,-0.0012431,0.0102998
-0.0027759,-0.0014173,0.0102451,-0.0027746,-0.0014167,0.0102944
-0.0025161,-0.00107,0.008818,-0.0025148,-0.0010695,0.0088609
0.0032219,0.000511,0.010531,0.0032203,0.0005107,0.0105815
0.0018573,-0.0029915,0.0105818,0.0018562,-0.0029899,0.0106323
-0.0037633,0.0015529,0.0036543,-0.0037619,0.0015525,0.0036738
-0.0043148,0.0010135,0.0036615,-0.0043133,0.0010134,0.00368
-0.0038509,0.0010515,0.0036101,-0.0038495,0.0010513,0.0036295
-0.0043491,0.0005069,0.0036722,-0.0043476,0.0005069,0.003691
-0.0042103,0.0011125,0.0039172,-0.0042087,0.0011123,0.0039371
-0.0001651,0.0035972,0.0106984,-0.0001651,0.0035951,0.0107496
-0.0004939,0.0035367,0.0106017,-0.0004937,0.0035347,0.0106524
-0.0042537,-0.000872,0.0036254,-0.0042522,-0.0008715,0.003644
-0.0038371,-0.0009611,0.0035722,-0.0038356,-0.0009606,0.0035915
-0.0034648,-0.0009883,0.0035083,-0.0034635,-0.0009878,0.0035282
-0.0012081,-0.0008595,0.0029631,-0.0012073,-0.0008588,0.0029846
-0.0010498,-0.0005188,0.0035796,-0.0010492,-0.0005183,0.0036033
-0.0011657,-0.0003897,0.004054,-0.001165,-0.0003894,0.0040792
-0.0007742,0.0007798,0.0053844,-0.0007738,0.0007795,0.0054139
-0.0021808,-0.0004674,0.0040808,-0.0021797,-0.000467,0.004105
-0.0026774,-0.0005987,0.004652,-0.0026761,-0.0005983,0.0046774
-0.0042201,-0.0007649,0.0038293,-0.0042186,-0.0007644,0.003849
0.0017424,0.0039802,0.0036284,0.0017418,0.003979,0.0036473
0.0021682,0.0039019,0.0036739,0.0021674,0.0039007,0.0036927
-0.0016169,0.0031486,0.0114055,-0.001616,0.0031469,0.0114597
0.0003482,-0.0037865,0.0035626,0.0003482,-0.0037848,0.0035822
0.0040413,0.0014778,0.0036362,0.0040398,0.0014774,0.0036552
0.0035172,0.0016222,0.0036725,0.0035159,0.0016217,0.0036925
0.0034131,0.0012475,0.0037855,0.0034117,0.0012472,0.0038064
0.0013148,0.0010329,0.003612,0.0013142,0.0010326,0.0036353
0.0013028,0.001317,0.0040337,0.0013022,0.0013165,0.0040582
0.0022629,0.0013028,0.0042296,0.0022619,0.0013023,0.0042538
0.0032059,0.0011283,0.004878,0.0032044,0.0011279,0.0049034
0.0040499,0.0015484,0.0038571,0.0040484,0.001548,0.003877
0.0004856,0.0018503,0.0094223,0.0004854,0.0018496,0.0094686
0.000455,0.0026718,0.0087588,0.0004548,0.0026702,0.0088016
0.0005779,0.0033959,0.0083963,0.0005775,0.0033937,0.0084367
-0.0001449,-0.0037127,0.0035317,-0.0001448,-0.003711,0.0035514
-6.52e-05,-0.0043935,0.0038696,-6.52e-05,-0.0043917,0.0038891
0.0038029,0.0019169,0.0036411,0.0038016,0.0019164,0.0036602
0.0039156,0.0020176,0.0034648,0.0039143,0.0020171,0.003483
-0.0019656,-0.0042,0.0028894,-0.0019649,-0.0041984,0.002904
-0.0015995,-0.0035304,0.0026444,-0.0015986,-0.0035286,0.0026605
-0.0020759,-0.0035181,0.0027689,-0.0020749,-0.0035164,0.0027848
-0.0018933,-0.0035977,0.002976,-0.0018925,-0.003596,0.0029927
-0.0029672,-0.0018189,0.0102568,-0.0029657,-0.0018179,0.0103058
-0.0029963,-0.0029719,0.0034705,-0.0029952,-0.0029708,0.0034887
-0.0035531,0.0026311,0.0034882,-0.0035518,0.0026304,0.0035061
-0.0035235,0.0024732,0.0036641,-0.0035223,0.0024725,0.0036831
-0.0034991,0.0026521,0.0038776,-0.0034979,0.0026513,0.0038973
-0.0031042,0.0022385,0.0049159,-0.0031027,0.0022377,0.0049408
-0.0033133,0.0011199,0.0102944,-0.0033116,0.0011192,0.0103437
-0.002839,0.0012395,0.0103392,-0.0028377,0.0012388,0.010389
-0.00354,0.000824,0.010347,-0.003538,0.0008235,0.0103964
-0.0010168,0.0040396,0.0035601,-0.0010163,0.0040384,0.003579
0.0018463,0.0030731,0.0099233,0.0018452,0.0030714,0.009971
0.0022441,0.0028067,0.0099129,0.0022428,0.0028051,0.0099605
0.0023316,0.0028031,0.0096243,0.0023303,0.0028015,0.0096703
0.002159,0.0016874,0.0087033,0.0021577,0.0016865,0.0087458
0.0020782,0.0025136,0.0081244,0.0020768,0.0025119,0.0081636
0.0012693,0.0029251,0.0101937,0.0012686,0.0029236,0.0102428
0.0031403,-0.0018633,0.0102509,0.0031385,-0.0018623,0.0102997
0.0033789,-0.000684,0.0103202,0.0033771,-0.0006837,0.0103696
0.0029148,-0.0006137,0.0102841,0.0029134,-0.0006136,0.0103336
0.0009923,-0.0002888,0.0099655,0.0009922,-0.0002888,0.0100142
0.0020472,-0.0005904,0.0093757,0.0020463,-0.0005902,0.0094216
0.002696,-0.0004518,0.0087321,0.0026944,-0.0004516,0.0087746
-0.002001,0.0038859,0.0038788,-0.0020003,0.0038848,0.0038985
-0.0010443,0.0020824,0.0042809,-0.0010438,0.0020816,0.0043056
-0.0012574,0.0029486,0.0047607,-0.0012568,0.0029474,0.0047859
-0.0011871,0.0028453,0.0052945,-0.0011864,0.0028439,0.0053219
-0.0020928,0.0011561,0.0041784,-0.0020918,0.0011557,0.0042028
-0.0023694,0.0024473,0.0047262,-0.0023683,0.0024463,0.004751
-0.0020299,0.0027122,0.0053067,-0.0020288,0.002711,0.0053338
0.0011685,0.0034321,0.0099985,0.0011678,0.0034302,0.0100465
0.003959,0.0005353,0.0035845,0.0039575,0.0005352,0.0036039
0.0043339,0.0005859,0.0038435,0.0043324,0.0005859,0.0038632
0.003593,0.0005968,0.0104725,0.0035909,0.0005964,0.0105225
0.0032859,0.0003582,0.0102845,0.0032841,0.0003579,0.0103339
0.0035523,-1.02e-05,0.0103979,0.0035503,-1.02e-05,0.0104476
0.0036308,0.0004752,0.0099056,0.0036287,0.0004748,0.0099529
0.0036728,0.0004098,0.0095758,0.0036707,0.0004096,0.0096215
0.0037001,0.0001615,0.0082054,0.0036975,0.0001614,0.0082445
0.0013613,0.0019632,0.0041485,0.0013607,0.0019624,0.0041727
0.0015278,0.0029552,0.0047977,0.0015271,0.0029539,0.0048229
0.0013268,0.002741,0.005212,0.0013261,0.0027397,0.0052391
0.0017,0.0038539,0.0039608,0.0016994,0.0038527,0.0039813
0.0016437,0.0033241,0.0038281,0.0016431,0.003323,0.0038491
0.0025289,0.00279,0.0046906,0.0025278,0.0027889,0.0047148
0.0025973,0.0024359,0.0102632,0.0025959,0.0024345,0.0103125
-0.0001276,-0.0020383,0.0093491,-0.0001277,-0.0020376,0.0093948
-0.0001522,-0.0028516,0.008834,-0.0001522,-0.00285,0.0088768
-0.0008608,-0.0034669,0.0102635,-0.0008604,-0.0034651,0.0103124
0.0033468,-0.0014282,0.0098467,0.0033448,-0.0014275,0.0098938
0.0033647,-0.0010496,0.0098125,0.0033627,-0.0010491,0.0098594
0.0029503,-0.0026,0.0035694,0.0029492,-0.0025989,0.0035887
-0.0030036,-0.0021419,0.0099879,-0.003002,-0.0021408,0.0100355
-0.0028226,-0.002233,0.0096562,-0.0028211,-0.0022318,0.0097023
-0.0021015,0.0027822,0.0113166,-0.0021005,0.0027806,0.0113704
-0.0035776,-0.0022418,0.0036495,-0.0035764,-0.0022408,0.0036685
-0.0038208,-0.0016184,0.0036044,-0.0038194,-0.0016176,0.0036234
-0.0033261,0.0012507,0.0099315,-0.0033243,0.00125,0.0099791
-0.0035368,0.0008801,0.0099756,-0.0035349,0.0008795,0.0100233
0.0011882,0.0042606,0.0038248,0.0011879,0.0042593,0.0038444
0.0013757,0.0036681,0.0038022,0.0013752,0.0036669,0.0038226
-0.0002477,-0.002236,0.0042079,-0.0002476,-0.0022348,0.0042324
-0.0004097,-0.0032057,0.0048398,-0.0004095,-0.0032041,0.0048651
-0.0003865,-0.0030527,0.005209,-0.0003862,-0.0030511,0.0052359
-0.0009095,-0.0037331,0.0038172,-0.0009091,-0.0037315,0.0038377
-0.0006905,-0.0031926,0.0037089,-0.0006902,-0.0031911,0.0037301
-0.0001351,-0.0012252,0.0036947,-0.0001351,-0.0012243,0.0037188
-0.0010289,-0.0014299,0.0035575,-0.0010283,-0.001429,0.0035806
-0.0010202,-0.0024555,0.0042582,-0.0010197,-0.0024542,0.0042823
-0.0011696,-0.0033247,0.0047872,-0.0011691,-0.0033231,0.0048118
-0.0035366,-0.0002335,0.0103322,-0.0035348,-0.0002334,0.0103816
0.0025571,0.0032317,0.0036008,0.0025562,0.0032308,0.00362
-0.0003131,0.0018919,0.0041842,-0.0003129,0.0018911,0.0042092
-9.35e-05,0.0027087,0.0046403,-9.34e-05,0.0027076,0.0046658
-0.0003034,0.0036951,0.0054803,-0.0003032,0.0036932,0.0055078
-0.0011726,0.0041307,0.00377,-0.001172,0.0041295,0.0037894
-0.0038179,0.0020564,0.0039346,-0.0038165,0.0020558,0.0039547
-0.002743,0.0011241,0.0046982,-0.0027417,0.0011237,0.0047235
-0.0029882,0.0010518,0.0052818,-0.0029867,0.0010514,0.005309
-0.0019665,-0.0040484,0.0031619,-0.0019658,-0.0040468,0.0031781
-0.0015539,-0.0034684,0.0030938,-0.0015532,-0.0034667,0.0031116
-0.0020367,-0.0033459,0.0031577,-0.0020358,-0.0033444,0.0031754
-0.0020463,-0.0029446,0.0098547,-0.0020452,-0.0029431,0.0099017
-0.0024499,-0.0026028,0.0099328,-0.0024486,-0.0026015,0.0099802
0.0024074,-0.0022498,0.0102425,0.0024062,-0.0022487,0.0102916
0.0020572,-0.0021463,0.0102181,0.0020563,-0.0021453,0.0102673
0.0020643,-0.0020586,0.0089316,0.0020631,-0.0020575,0.0089749
0.0026415,-0.0023384,0.0098963,0.0026401,-0.0023372,0.0099437
0.0030367,-0.0018263,0.0099031,0.0030349,-0.0018253,0.0099505
0.003141,-0.0003634,0.0102127,0.0031394,-0.0003632,0.0102617
0.0036122,-0.0002364,0.0099339,0.0036101,-0.0002364,0.0099814
-0.0030224,-0.0008312,0.010299,-0.0030211,-0.0008309,0.0103485
0.0014608,0.0032226,0.0098774,0.00146,0.0032208,0.0099248
0.0002272,0.0043891,0.003586,0.0002272,0.0043877,0.0036045
0.0022947,-0.0005387,0.0043357,0.0022936,-0.0005382,0.0043606
0.0033032,-0.0005948,0.0048352,0.0033016,-0.0005944,0.0048604
0.003337,-0.0003273,0.0037633,0.0033356,-0.000327,0.0037848
0.0014079,-0.0005618,0.0035841,0.0014072,-0.0005613,0.0036076
0.0011657,0.0003619,0.0036408,0.001165,0.0003619,0.0036647
0.0022138,0.0002961,0.0040917,0.0022127,0.0002961,0.004116
0.0032026,0.0004283,0.0049204,0.0032011,0.0004282,0.0049461
0.0041679,-0.0004421,0.0040459,0.0041663,-0.0004418,0.0040667
0.003399,0.000715,0.0098845,0.0033971,0.0007145,0.0099319
-0.0012387,-0.0030583,0.0099651,-0.0012381,-0.0030568,0.0100129
-0.0035649,-0.0025628,0.0039729,-0.0035636,-0.0025618,0.0039928
-0.0035433,-0.0007489,0.0099327,-0.0035414,-0.0007486,0.0099801
-0.0036178,-0.0002938,0.0099127,-0.0036158,-0.0002937,0.0099601
-0.0042651,-0.0003813,0.0038128,-0.0042636,-0.000381,0.0038324
-0.0020181,-0.003989,0.0034435,-0.0020173,-0.0039875,0.003461
-0.0016284,-0.0035037,0.003329,-0.0016277,-0.0035021,0.0033475
-0.002079,-0.0032449,0.0036098,-0.0020781,-0.0032435,0.0036295
-0.0019298,-0.003351,0.0038213,-0.0019289,-0.0033496,0.0038417
0.0036266,0.000283,0.0038035,0.0036252,0.0002831,0.0038245
0.0042732,-2.82e-05,0.0041472,0.0042715,-2.8e-05,0.0041683
0.0042898,0.0001817,0.0043605,0.004288,0.0001818,0.0043825
0.0010997,-0.0033647,0.0098997,0.001099,-0.0033629,0.009947
0.0017089,-0.0039961,0.0038691,0.0017084,-0.0039945,0.0038887
0.001807,-0.0034082,0.0038388,0.0018064,-0.0034067,0.0038593
0.0015704,-0.002258,0.0042585,0.0015697,-0.0022568,0.0042824
0.001541,-0.0030406,0.0048889,0.0015403,-0.003039,0.0049142
0.0021329,-0.0036567,0.0037915,0.0021322,-0.0036551,0.003811
-0.0035892,0.0004853,0.0097492,-0.0035873,0.0004849,0.0097958
-0.0036006,0.0001535,0.0099665,-0.0035987,0.0001534,0.0100142
0.0033313,0.0003361,0.0097482,0.0033295,0.0003359,0.0097951
0.0036164,0.0001173,0.0099938,0.0036144,0.0001172,0.0100416
-0.001769,0.0031166,0.0106204,-0.0017682,0.0031149,0.0106712
-0.0032176,0.0016942,0.0099722,-0.0032158,0.0016931,0.0100199
0.0044441,-0.0006823,0.0036067,0.0044426,-0.000682,0.003625
0.0039088,-0.0006113,0.0035826,0.0039075,-0.000611,0.003602
-0.0016559,0.00308,0.0102441,-0.0016551,0.0030782,0.0102933
-0.0014234,-0.0039885,0.0037779,-0.0014228,-0.0039869,0.0037974
-0.0015415,-0.0029545,0.010352,-0.0015408,-0.0029531,0.0104015
-0.0038239,0.00154,0.0038519,-0.0038224,0.0015397,0.003872
-0.0035327,0.0017282,0.0037852,-0.0035313,0.0017278,0.0038055
-0.001254,0.0012362,0.0035793,-0.0012533,0.0012357,0.0036025
-0.0038669,0.0017769,0.0040923,-0.0038654,0.0017765,0.0041131
-0.0041569,0.0010711,0.0042233,-0.0041553,0.0010708,0.0042446
0.0040264,-0.0014035,0.0036219,0.004025,-0.0014029,0.0036407
0.0002413,0.003506,0.0103096,0.0002412,0.0035041,0.0103591
-0.0001172,0.0036035,0.0102951,-0.0001172,0.0036014,0.0103444
-0.0008274,-0.0033287,0.0100456,-0.0008271,-0.0033271,0.0100936
-0.003021,0.0008472,0.0099296,-0.0030196,0.0008467,0.0099775
-0.0036211,0.0007803,0.0095735,-0.003619,0.0007797,0.0096193
0.0041289,0.0010889,0.0038723,0.0041273,0.0010887,0.0038923
0.00132,-0.0040248,0.0038673,0.0013196,-0.0040232,0.0038872
0.0015425,-0.0041082,0.0040771,0.0015421,-0.0041065,0.0040975
0.0024921,-0.0029376,0.0035967,0.0024912,-0.0029363,0.0036163
0.0023994,-0.0023924,0.0047908,0.0023983,-0.0023912,0.0048157
0.0003346,-0.0036481,0.0099497,0.0003344,-0.0036462,0.0099971
-5.71e-05,-0.0036296,0.0099864,-5.71e-05,-0.0036277,0.0100339
0.0002396,-0.0033422,0.010085,0.0002394,-0.0033406,0.0101333
0.0002984,-0.0036482,0.0096623,0.0002982,-0.0036462,0.0097083
0.0006349,-0.0034217,0.0098535,0.0006346,-0.0034199,0.0099006
0.0021346,-0.0035902,0.0042388,0.0021338,-0.0035886,0.0042603
0.0026002,0.0024383,0.0098932,0.0025988,0.0024369,0.0099407
0.0039893,-0.0010705,0.0039449,0.0039878,-0.00107,0.0039654
0.0034945,-0.0006713,0.0099299,0.0034925,-0.000671,0.0099774
-0.0009538,-0.0038486,0.0040508,-0.0009534,-0.003847,0.0040719
0.000511,0.002269,0.0041018,0.0005108,0.002268,0.004126
0.0006449,0.0031909,0.0047488,0.0006447,0.0031896,0.004774
0.0005041,0.003659,0.0053901,0.0005038,0.0036572,0.0054172
-9.2e-05,-0.003335,0.0102168,-9.19e-05,-0.0033334,0.0102657
-6.05e-05,-0.0029171,0.0105421,-6.05e-05,-0.002916,0.0105928
-0.0002887,-0.00105,0.0101757,-0.0002887,-0.00105,0.0102253
0.0029955,0.0015865,0.0106706,0.0029939,0.0015856,0.0107217
0.0030989,0.0016063,0.010321,0.0030971,0.0016054,0.0103705
0.0003952,0.0042188,0.0038129,0.0003951,0.0042175,0.0038327
-1.89e-05,0.0043429,0.0038697,-1.88e-05,0.0043415,0.0038895
-0.0005309,0.0042819,0.0040289,-0.0005306,0.0042805,0.0040495
-0.0009796,0.0042302,0.0040502,-0.0009791,0.0042289,0.0040707
-0.0011521,0.004076,0.0043192,-0.0011516,0.0040746,0.0043412
0.0033874,0.0013922,0.0099872,0.0033855,0.0013914,0.010035
-0.0021473,0.0028871,0.0106649,-0.0021462,0.0028855,0.0107159
-0.0020921,0.0028238,0.0103233,-0.002091,0.0028222,0.0103727
-0.0009548,0.003518,0.0099772,-0.0009543,0.003516,0.010025
-0.0013707,0.00334,0.0100043,-0.00137,0.0033381,0.0100523
0.0007165,0.0035072,0.0099137,0.0007161,0.0035052,0.0099612
0.0002751,0.0035634,0.0099834,0.0002749,0.0035613,0.0100314
0.0015126,-0.0032952,0.009917,0.0015117,-0.0032934,0.0099643
0.0039465,0.0016868,0.0040913,0.003945,0.0016863,0.0041123
0.0014022,-0.0041577,0.0036328,0.0014018,-0.004156,0.0036514
-2.7e-06,-0.0039477,0.0039151,-2.6e-06,-0.003946,0.0039357
-0.0001842,-0.0043043,0.0040714,-0.0001841,-0.0043025,0.0040919
0.0003218,-0.0024967,0.0042862,0.0003217,-0.0024954,0.0043106
0.0006101,-0.0031464,0.004695,0.0006099,-0.0031448,0.0047199
0.0035946,0.0024887,0.0040969,0.0035932,0.0024879,0.0041178
0.0034892,0.0024803,0.0043003,0.0034878,0.0024795,0.0043222
0.0023791,0.0021048,0.0047567,0.002378,0.0021039,0.004782
0.0032261,0.0022037,0.0054295,0.0032244,0.0022027,0.0054564
-0.0033096,-0.0026895,0.0040709,-0.0033084,-0.0026885,0.0040916
-0.0034388,-0.0026402,0.0042987,-0.0034374,-0.0026392,0.0043202
-0.0020752,-0.0013608,0.0041675,-0.0020742,-0.00136,0.0041916
-0.0022323,-0.0022336,0.0047181,-0.0022313,-0.0022324,0.0047431
-0.0028941,-0.0016593,0.0046802,-0.0028928,-0.0016585,0.0047049
-0.0009319,-0.0030948,0.0096061,-0.0009315,-0.0030932,0.0096522
-0.0003463,-0.0010612,0.0094084,-0.0003463,-0.001061,0.0094546
-0.0001113,-0.002195,0.0088323,-0.0001112,-0.002194,0.0088755
-0.0002152,-0.0027369,0.0082614,-0.0002152,-0.0027352,0.0083015
-0.0009597,-0.002085,0.0087657,-0.0009593,-0.002084,0.0088086
-0.0009882,-0.0029485,0.0081673,-0.0009876,-0.0029466,0.0082067
-0.000583,-0.0008466,0.006528,-0.0005827,-0.000846,0.0065615
-0.0013692,-0.0033711,0.0094735,-0.0013685,-0.0033692,0.0095186
0.0013112,0.0019454,0.0089057,0.0013105,0.0019443,0.0089494
0.0010741,0.0035043,0.0097068,0.0010735,0.0035023,0.0097534
0.0014931,0.0032674,0.0095579,0.0014922,0.0032654,0.0096038
0.001453,0.0026146,0.0096739,0.0014523,0.0026132,0.0097207
0.0037123,-0.0022352,0.004121,0.0037109,-0.0022343,0.0041418
0.0037684,-0.0020683,0.0043377,0.0037669,-0.0020674,0.0043594
0.0022161,-0.0012494,0.004667,0.002215,-0.0012486,0.0046927
0.0039425,-0.0013319,0.0041036,0.0039411,-0.0013313,0.0041247
0.0038913,0.0019941,0.0038906,0.0038898,0.0019935,0.0039105
0.0036642,0.0020907,0.0040763,0.0036628,0.0020901,0.0040973
-0.0028561,-0.0029806,0.003641,-0.0028551,-0.0029795,0.0036602
-0.0018061,-2.12e-05,0.0041959,-0.0018051,-2.1e-05,0.004221
-0.0027826,0.0004077,0.0047118,-0.0027813,0.0004076,0.0047374
-0.0038267,9.06e-05,0.0054892,-0.0038246,9.06e-05,0.0055164
0.0038521,0.0006937,0.0037502,0.0038506,0.0006936,0.0037704
0.0043124,0.0003992,0.004083,0.0043107,0.0003992,0.0041037
-0.0018823,-0.0039554,0.0037466,-0.0018815,-0.0039538,0.0037656
-0.0013969,-0.0034286,0.003761,-0.0013963,-0.0034271,0.0037816
-0.0014889,-0.0038997,0.0040051,-0.0014883,-0.0038982,0.0040256
-0.0041207,-0.0006482,0.0040826,-0.0041191,-0.0006478,0.0041036
-0.0040972,-0.00022,0.004106,-0.0040956,-0.0002198,0.0041272
0.0031282,8.46e-05,0.0103752,0.0031267,8.44e-05,0.0104251
0.0038286,-0.0002022,0.0041063,0.0038272,-0.0002019,0.0041281
0.0042394,-0.0003959,0.0043414,0.0042377,-0.0003956,0.0043633
-0.0032483,0.0015306,0.0096871,-0.0032465,0.0015297,0.0097335
-0.0027781,0.001234,0.0096552,-0.0027767,0.0012334,0.0097019
-0.0019072,0.0011243,0.008783,-0.0019063,0.0011237,0.0088261
-0.0025241,0.0009695,0.0081281,-0.0025226,0.000969,0.0081678
-0.0018323,0.00179,0.0086908,-0.0018313,0.001789,0.0087333
-0.0006068,0.0009463,0.006448,-0.0006064,0.0009458,0.0064813
0.0032823,-8.21e-05,0.0099639,0.0032806,-8.22e-05,0.0100119
0.0021472,0.00373,0.0038551,0.0021464,0.0037288,0.003875
-0.0014545,0.0042217,0.0036088,-0.001454,0.0042205,0.0036272
-0.0009907,0.003608,0.00352,-0.0009902,0.0036068,0.0035397
-0.0015915,0.0038559,0.0035972,-0.0015909,0.0038548,0.0036162
-0.003586,4.72e-05,0.0095968,-0.0035841,4.71e-05,0.0096427
-0.0020097,0.000289,0.0088149,-0.0020088,0.0002888,0.0088583
-0.0025028,0.0003897,0.0081725,-0.0025013,0.0003894,0.0082126
-0.0034437,0.0002419,0.0076652,-0.0034415,0.0002418,0.007702
-0.0016684,-0.0014218,0.0085628,-0.0016676,-0.0014211,0.0086048
-0.0028614,-0.0010996,0.0080576,-0.0028596,-0.0010989,0.0080965
0.0029825,0.0018165,0.0082134,0.0029805,0.0018152,0.0082528
-0.0033214,-0.0014431,0.0099369,-0.0033196,-0.0014423,0.0099843
0.00434,-0.0008015,0.0038677,0.0043385,-0.0008011,0.0038873
0.0039941,-0.000746,0.0038007,0.0039926,-0.0007456,0.0038208
0.0037978,-0.0008614,0.004031,0.0037964,-0.0008608,0.0040523
-0.0027288,-0.0028954,0.0037969,-0.0027278,-0.0028943,0.0038171
-0.0027274,-0.0029108,0.0040315,-0.0027264,-0.0029096,0.0040525
0.0030495,-0.0026825,0.003789,0.0030484,-0.0026814,0.0038089
0.002656,-0.002697,0.0037292,0.002655,-0.0026958,0.0037495
-0.0042464,0.0004,0.0038804,-0.0042448,0.0004,0.0039004
0.0029361,-0.0020483,0.0096249,0.0029344,-0.0020472,0.0096709
0.0028682,-0.0012988,0.0095389,0.0028666,-0.0012981,0.0095849
0.0021122,-0.0013213,0.0088658,0.0021111,-0.0013207,0.0089091
-0.0018018,0.0031518,0.0099318,-0.0018009,0.00315,0.0099794
-0.0025418,-0.0025564,0.009597,-0.0025404,-0.002555,0.0096428
0.0013089,-0.0033244,0.0096274,0.0013082,-0.0033225,0.0096734
0.0014661,-0.002966,0.009692,0.0014653,-0.0029644,0.0097385
0.0011192,-0.0018935,0.0086303,0.0011185,-0.0018924,0.0086726
0.0013547,-0.0027615,0.0082575,0.0013539,-0.0027597,0.0082974
0.000886,-0.004043,0.0036019,0.0008858,-0.0040414,0.0036208
-0.0035778,-0.0007052,0.0096223,-0.0035759,-0.0007048,0.0096682
0.0020819,0.0010004,0.0087063,0.0020807,0.0009999,0.0087489
0.0033679,0.0013327,0.0096541,0.0033659,0.0013319,0.0097003
0.0029035,0.0013475,0.0095743,0.0029019,0.0013468,0.0096206
-0.0019051,0.0038474,0.004117,-0.0019044,0.0038462,0.004138
-0.0025288,0.0034619,0.0040965,-0.0025279,0.0034608,0.0041174
0.002691,0.0034319,0.0038648,0.00269,0.0034308,0.0038846
-0.0003568,-0.003587,0.0103393,-0.0003567,-0.0035852,0.0103886
-0.0005444,-0.0032002,0.0102371,-0.0005441,-0.0031988,0.0102861
-0.0036332,-0.0021774,0.0038573,-0.0036319,-0.0021764,0.0038771
-0.003438,-0.001726,0.0037983,-0.0034367,-0.0017252,0.0038187
-0.0039206,-0.0018385,0.0038272,-0.0039192,-0.0018377,0.0038467
-0.0034453,-0.0022825,0.0040897,-0.003444,-0.0022816,0.0041106
-0.0038453,-0.001578,0.0041091,-0.0038439,-0.0015772,0.0041302
-0.0038704,-0.0016998,0.004311,-0.0038689,-0.001699,0.0043328
-0.001115,-0.0013423,0.0040708,-0.0011144,-0.0013415,0.0040955
-0.0022262,-0.0012892,0.0045796,-0.0022251,-0.0012885,0.004605
-0.0026648,-0.0013554,0.0053611,-0.0026634,-0.0013546,0.0053886
-0.0038455,-0.0013402,0.0036094,-0.0038441,-0.0013395,0.0036286
-0.0032058,-0.0013063,0.0096578,-0.0032042,-0.0013057,0.0097041
-0.002935,-0.0014695,0.009566,-0.0029335,-0.0014688,0.009612
0.0019736,0.0030752,0.0095815,0.0019724,0.0030734,0.0096275
0.0021491,0.0018392,0.0081552,0.0021478,0.001838,0.0081949
0.0021956,0.0026964,0.0074932,0.0021941,0.0026946,0.0075293
-0.0020151,-0.003076,0.0095461,-0.002014,-0.0030743,0.0095915
-0.0036493,-0.0003012,0.0094964,-0.0036472,-0.000301,0.0095417
-0.0035798,0.0014627,0.0043702,-0.0035783,0.0014623,0.0043929
-0.0031853,0.0014768,0.0042568,-0.0031839,0.0014764,0.0042797
-0.000865,0.0011971,0.0040229,-0.0008645,0.0011966,0.0040478
-0.0021282,0.0014088,0.0046864,-0.0021271,0.0014082,0.0047123
-0.0030374,0.0021723,0.0053834,-0.0030358,0.0021714,0.0054103
0.0025838,0.0025147,0.0095759,0.0025824,0.0025132,0.0096219
0.0007393,0.0039965,0.0040637,0.0007391,0.0039951,0.0040849
0.0013179,0.003596,0.0039998,0.0013175,0.0035948,0.0040212
0.0012028,0.004111,0.004289,0.0012024,0.0041095,0.0043108
0.0022339,-0.0026549,0.0105734,0.0022326,-0.0026536,0.0106239
0.0020347,-0.0029959,0.0102328,0.0020335,-0.0029944,0.0102815
0.0020358,-0.0025366,0.0102477,0.0020348,-0.0025355,0.0102969
0.0021993,0.0036742,0.0040887,0.0021985,0.003673,0.0041096
-0.0042323,-0.0011569,0.0038402,-0.0042309,-0.0011563,0.0038597
-0.0039758,-0.0013978,0.003803,-0.0039744,-0.0013971,0.0038226
-0.0037686,-0.0009837,0.0037744,-0.0037672,-0.0009832,0.0037946
0.0005502,-0.0022487,0.0087891,0.0005499,-0.0022475,0.0088321
0.0009042,-0.0032001,0.0095333,0.0009037,-0.0031984,0.009579
0.0007764,-0.0029287,0.0095565,0.000776,-0.0029273,0.0096027
0.0005054,-0.0011859,0.0093997,0.0005053,-0.0011856,0.0094458
-0.0005631,-0.0039227,0.004035,-0.0005628,-0.003921,0.0040561
-9.26e-05,0.0035312,0.0098729,-9.26e-05,0.0035291,0.0099204
-0.0001817,0.0036445,0.0095975,-0.0001815,0.0036424,0.0096435
-0.0004001,0.0016969,0.0095569,-0.0004,0.0016964,0.0096037
-0.0003822,0.0025659,0.0088875,-0.000382,0.0025645,0.008931
-5.66e-05,0.0033923,0.0083264,-5.66e-05,0.0033901,0.0083665
-0.0005337,0.0034571,0.009869,-0.0005335,0.0034551,0.0099164
-9.26e-05,-0.003085,0.0099266,-9.26e-05,-0.0030836,0.0099743
-0.0002068,-0.0036272,0.0096584,-0.0002067,-0.0036252,0.0097044
0.0034966,-0.0007834,0.0095718,0.0034945,-0.000783,0.0096175
0.0041017,0.0012757,0.0040804,0.0041001,0.0012754,0.0041012
0.0003446,-0.0039105,0.0038249,0.0003446,-0.0039089,0.0038451
0.0004483,-0.0030369,0.0036212,0.0004481,-0.0030354,0.0036424
0.0007449,-0.0012389,0.0036972,0.0007445,-0.0012381,0.0037211
0.000348,-0.0042757,0.0040947,0.000348,-0.004274,0.0041153
-0.0029791,-0.0018904,0.0096296,-0.0029775,-0.0018894,0.0096757
0.0031483,-0.0028331,0.0040327,0.0031471,-0.0028319,0.0040532
0.0039239,0.0001935,0.0040951,0.0039224,0.0001935,0.0041166
0.0025175,-0.0021468,0.0096207,0.0025162,-0.0021457,0.0096669
0.0020553,-0.0021911,0.0096409,0.0020542,-0.0021901,0.0096874
0.0021466,-0.0021281,0.0080331,0.0021452,-0.0021267,0.008072
0.0033706,0.0009271,0.0096928,0.0033687,0.0009266,0.0097393
0.0030146,0.0029109,0.0040662,0.0030135,0.00291,0.0040872
-0.0020028,-0.0032784,0.0040597,-0.0020019,-0.003277,0.0040811
-0.0019402,-0.0033523,0.0042685,-0.0019393,-0.0033508,0.0042907
-0.0010942,-0.0024131,0.0047768,-0.0010937,-0.0024118,0.0048027
-0.0012118,-0.0031602,0.0052259,-0.0012112,-0.0031585,0.0052525
0.0039299,-0.0016433,0.0043077,0.0039284,-0.0016426,0.0043294
-0.0016361,-0.0030628,0.0099403,-0.0016353,-0.0030613,0.0099878
-0.0042206,7.34e-05,0.0040443,-0.004219,7.36e-05,0.004065
0.0012342,-0.0039687,0.0040964,0.0012338,-0.003967,0.0041173
-0.0043182,-0.0003196,0.00426,-0.0043165,-0.0003193,0.0042815
-0.0018642,-0.0007068,0.0046535,-0.0018632,-0.0007063,0.0046798
-0.0028172,-0.0005664,0.0051059,-0.0028158,-0.000566,0.0051328
-0.0036539,-0.0003839,0.0058762,-0.0036517,-0.0003836,0.0059051
-0.004327,0.0001103,0.0042581,-0.0043253,0.0001104,0.0042795
-0.0028629,-0.0031116,0.004291,-0.0028617,-0.0031103,0.0043126
-0.0018593,-0.0024205,0.0053514,-0.0018583,-0.0024191,0.0053788
-0.0028025,-0.0023003,0.0057477,-0.002801,-0.0022989,0.005776
-0.0032484,-0.0009967,0.0098735,-0.0032468,-0.0009962,0.0099209
0.0014026,0.0019709,0.004601,0.001402,0.0019701,0.0046267
0.0016239,0.0034096,0.0041238,0.0016232,0.0034084,0.0041457
0.0015374,0.0030641,0.0042546,0.0015368,0.003063,0.0042776
0.0024136,0.0028001,0.0052225,0.0024124,0.0027988,0.0052489
0.0037802,0.0005365,0.0040224,0.0037787,0.0005365,0.0040438
0.004222,0.0006067,0.0042677,0.0042203,0.0006067,0.0042894
-0.0003416,-0.0025848,0.0047476,-0.0003414,-0.0025834,0.0047734
-0.0001032,-0.0043049,0.0043382,-0.0001032,-0.0043031,0.0043599
-0.0005713,-0.0039077,0.0042581,-0.000571,-0.003906,0.0042801
-0.000542,-0.0031512,0.004119,-0.0005417,-0.0031497,0.0041418
-0.0004555,-0.0014022,0.0039738,-0.0004552,-0.0014013,0.0039985
-0.0003623,-0.0034341,0.0099585,-0.0003622,-0.0034324,0.0100061
0.0007961,0.0035409,0.0096104,0.0007956,0.0035388,0.0096565
0.0010864,0.0031278,0.0098652,0.0010857,0.003126,0.0099127
0.0010413,0.0035348,0.0093392,0.0010407,0.0035326,0.009384
-0.0002386,0.0022458,0.0046218,-0.0002385,0.0022449,0.0046478
-0.0002444,0.0029568,0.0053346,-0.0002442,0.0029553,0.0053623
-0.0002287,0.0037793,0.0059636,-0.0002285,0.0037772,0.0059929
0.0013486,-0.002153,0.0046586,0.001348,-0.0021519,0.0046843
0.0014198,-0.0030366,0.0053078,0.0014191,-0.0030349,0.0053346
0.0017415,-0.0039359,0.0042813,0.0017409,-0.0039342,0.0043027
0.0017165,-0.0034781,0.0042821,0.0017159,-0.0034766,0.0043043
0.0022614,-0.000446,0.0047667,0.0022603,-0.0004456,0.004793
0.0032229,-0.0004616,0.0053887,0.0032212,-0.0004613,0.0054161
0.0035778,-0.0003749,0.0042489,0.0035764,-0.0003746,0.0042716
0.0014185,-0.0005193,0.0040436,0.0014178,-0.0005189,0.0040684
0.0013623,0.0001314,0.0042045,0.0013615,0.0001315,0.00423
0.002359,0.0001907,0.0048142,0.0023578,0.0001907,0.0048406
0.0032743,0.000319,0.0053181,0.0032726,0.000319,0.0053452
0.0041891,-9.86e-05,0.0045513,0.0041873,-9.84e-05,0.0045742
-0.0009694,0.0036214,0.0037054,-0.0009689,0.0036202,0.0037257
-0.0011701,0.0032164,0.0037247,-0.0011695,0.0032153,0.0037458
-0.0002584,0.0011218,0.0035741,-0.0002582,0.0011213,0.0035979
-0.0015548,0.0039464,0.0038143,-0.0015541,0.0039452,0.0038341
-0.0016089,0.0039292,0.0040219,-0.0016082,0.003928,0.0040427
0.0022131,0.001184,0.004736,0.002212,0.0011835,0.004762
0.0029925,0.0011883,0.0052697,0.002991,0.0011878,0.0052968
0.0039468,0.0015686,0.004308,0.0039452,0.0015682,0.0043299
0.0034629,0.0016528,0.0041268,0.0034616,0.0016523,0.0041487
-0.0009845,0.0018823,0.0088364,-0.000984,0.0018813,0.0088798
-0.0017048,0.0032924,0.0096131,-0.0017038,0.0032905,0.009659
-0.0017624,0.002828,0.0097673,-0.0017615,0.0028265,0.0098143
-0.0018649,0.0026552,0.0082295,-0.0018637,0.0026535,0.0082693
0.0022642,-0.0026714,0.0098741,0.0022629,-0.00267,0.0099213
0.0002961,0.0042707,0.0041752,0.0002961,0.0042692,0.0041965
0.0020091,-0.000403,0.0086677,0.002008,-0.0004028,0.0087103
0.0028142,-0.0003952,0.0081555,0.0028123,-0.0003949,0.0081952
0.0029543,-0.0007391,0.0095793,0.0029527,-0.0007387,0.0096256
0.0011114,-0.0004001,0.0094864,0.0011111,-0.0004001,0.0095329
0.0036913,-0.0001747,0.009533,0.0036891,-0.0001746,0.0095784
0.0004653,0.0019742,0.0086898,0.000465,0.0019732,0.0087326
0.000434,0.002784,0.008163,0.0004337,0.0027823,0.0082029
0.0003578,0.0030309,0.0076924,0.0003575,0.0030289,0.0077299
0.0002586,0.0035581,0.0096277,0.0002585,0.0035561,0.0096739
0.0029748,0.0020771,0.0099645,0.002973,0.0020758,0.0100122
0.0038643,-0.0007756,0.0042539,0.0038629,-0.0007751,0.004276
0.0001676,-0.0033164,0.0095059,0.0001675,-0.0033147,0.0095515
0.0002458,-0.0036582,0.0093922,0.0002457,-0.0036561,0.0094369
0.0032389,-0.0003802,0.0098615,0.0032372,-0.00038,0.0099089
-0.0021406,-0.0029883,0.0092652,-0.0021393,-0.0029866,0.0093092
-0.0021236,-0.0029984,0.0089499,-0.0021224,-0.0029966,0.0089925
-0.0018421,-0.0023159,0.0082593,-0.001841,-0.0023145,0.0082993
-0.0018638,-0.0030417,0.0073624,-0.0018626,-0.0030396,0.0073976
-0.0023909,-0.0025286,0.0092237,-0.0023895,-0.0025272,0.0092678
-0.0029638,-0.0022379,0.0093164,-0.0029621,-0.0022366,0.0093607
-0.0029332,-0.0020521,0.0090274,-0.0029315,-0.0020509,0.0090705
-0.0026938,-0.00221,0.0074669,-0.002692,-0.0022085,0.0075027
0.0018093,0.0030956,0.0092852,0.0018082,0.0030938,0.0093297
0.0023172,0.002848,0.0093093,0.0023159,0.0028463,0.0093538
-0.0037701,0.0019181,0.0042997,-0.0037686,0.0019176,0.0043215
0.0018396,0.0002075,0.0086179,0.0018386,0.0002074,0.0086603
0.0030118,0.0003946,0.0082509,0.0030099,0.0003944,0.0082909
0.0037384,0.0002014,0.0076026,0.0037358,0.0002013,0.0076389
0.0032726,3.62e-05,0.0096352,0.0032708,3.62e-05,0.0096816
0.0029492,0.0001311,0.0095718,0.0029477,0.000131,0.0096181
0.0009967,0.0001596,0.0094933,0.0009964,0.0001595,0.0095398
0.0036863,0.0001181,0.0092766,0.003684,0.000118,0.0093209
-0.0021715,0.0029324,0.0099718,-0.0021703,0.0029307,0.0100196
-0.0035841,-0.0002978,0.0090642,-0.003582,-0.0002976,0.0091075
-0.0020297,-0.0004191,0.0087215,-0.0020287,-0.0004188,0.0087643
-0.0025733,-0.0004375,0.0080842,-0.0025718,-0.0004372,0.0081237
-0.003508,-0.0003691,0.0076097,-0.0035056,-0.0003688,0.0076462
-0.0036654,-0.0006906,0.0092902,-0.0036633,-0.0006902,0.0093344
-0.0008938,0.0033575,0.0096263,-0.0008933,0.0033556,0.0096725
-0.0013146,0.0033531,0.0096582,-0.0013138,0.0033513,0.0097045
-0.0037661,0.0011598,0.0042913,-0.0037646,0.0011595,0.0043136
-0.0042985,0.0006512,0.0042822,-0.0042967,0.0006511,0.0043038
-0.0041292,0.0010586,0.0045404,-0.0041274,0.0010583,0.0045631
-0.0029243,0.0021118,0.0099773,-0.0029228,0.0021106,0.0100251
0.0015202,-0.0033692,0.0092695,0.0015193,-0.0033673,0.0093136
0.0011741,-0.003393,0.0093339,0.0011734,-0.0033911,0.0093784
0.003357,-0.0015269,0.0092892,0.0033549,-0.0015259,0.0093335
0.0035201,-0.0010807,0.0092349,0.0035179,-0.0010801,0.0092788
0.0036396,0.0006068,0.009245,0.0036373,0.0006064,0.0092891
0.0034432,0.0008982,0.0093539,0.0034411,0.0008977,0.0093987
-0.0035991,0.0008901,0.0092953,-0.003597,0.0008895,0.0093396
-0.0036358,0.0004775,0.0092955,-0.0036336,0.0004771,0.00934
-0.0015597,-0.0036564,0.0042909,-0.001559,-0.0036548,0.004313
0.0003976,-0.0038256,0.0040509,0.0003975,-0.0038239,0.0040722
0.0003959,-0.0043083,0.0043187,0.0003958,-0.0043065,0.0043402
-0.0037031,1.5e-06,0.0092324,-0.0037009,1.5e-06,0.0092764
0.0031455,-0.0019076,0.009333,0.0031436,-0.0019064,0.0093775
0.0007673,-0.0033664,0.0093041,0.0007668,-0.0033645,0.0093487
0.001362,0.0029448,0.0092173,0.0013613,0.0029431,0.0092619
-0.0042131,-0.0008679,0.0043311,-0.0042113,-0.0008674,0.0043528
0.0033305,0.0013732,0.0093145,0.0033285,0.0013723,0.009359
-0.0002623,-0.0038949,0.0043527,-0.0002622,-0.0038931,0.0043752
-0.0002631,-0.0042574,0.0045368,-0.0002629,-0.0042554,0.0045594
0.0042276,0.0001384,0.0047512,0.0042257,0.0001384,0.0047749
0.0038959,0.0002372,0.0059771,0.0038935,0.0002372,0.0060061
0.0018659,-0.0029533,0.0098701,0.0018648,-0.0029518,0.0099173
0.0013622,-0.002955,0.0099783,0.0013615,-0.0029536,0.0100262
0.0030999,0.0016367,0.0099544,0.0030982,0.0016357,0.0100021
0.0013201,-0.004019,0.0043442,0.0013197,-0.0040172,0.0043661
0.0016298,-0.0039483,0.004541,0.0016292,-0.0039465,0.0045636
-8.93e-05,0.0042067,0.0043007,-8.92e-05,0.0042052,0.0043226
0.0021067,0.0035652,0.0042752,0.0021059,0.0035639,0.0042972
0.0040021,0.0009753,0.0042353,0.0040006,0.0009751,0.0042572
-0.001527,-0.0033367,0.0097667,-0.0015261,-0.0033349,0.0098132
-0.0012754,-0.0030987,0.0095819,-0.0012747,-0.0030971,0.0096278
-0.0016674,-0.003008,0.0095675,-0.0016666,-0.0030064,0.0096132
-0.0005947,0.0035883,0.009582,-0.0005944,0.0035862,0.0096279
-0.0008456,0.0036044,0.0093714,-0.0008451,0.0036023,0.0094162
-0.0005057,-0.0042495,0.004253,-0.0005055,-0.0042477,0.0042744
-0.0002049,-0.0038402,0.0041005,-0.0002048,-0.0038385,0.004122
0.0037227,0.002058,0.0043174,0.0037212,0.0020573,0.0043394
-0.0020192,0.0037571,0.004304,-0.0020184,0.0037559,0.0043259
-0.0024579,0.0034601,0.0043164,-0.0024569,0.003459,0.0043383
-0.0029935,-0.0018038,0.0092696,-0.0029919,-0.0018028,0.009314
-0.0032516,-0.0013162,0.0093802,-0.0032498,-0.0013155,0.009425
0.0019923,-0.0032367,0.0044641,0.0019915,-0.0032352,0.0044871
0.001972,-0.0034713,0.0047098,0.0019712,-0.0034696,0.0047334
0.0023018,-0.0022388,0.0053558,0.0023005,-0.0022376,0.005383
0.0004553,-0.0023032,0.0046112,0.000455,-0.002302,0.0046369
0.0004913,-0.0031713,0.005461,0.000491,-0.0031695,0.0054887
0.0012253,-0.001341,0.0045184,0.0012246,-0.0013401,0.0045444
0.0012585,-0.0015277,0.0050726,0.0012578,-0.0015268,0.0051002
0.0010784,-0.0007941,0.00656,0.0010777,-0.0007935,0.0065935
0.0014198,-0.0021232,0.0052009,0.0014191,-0.002122,0.0052283
0.0014387,-0.0030994,0.0058432,0.0014379,-0.0030975,0.0058722
0.0013336,-0.0029829,0.0063257,0.0013328,-0.0029809,0.0063567
-0.0042564,0.0004386,0.0041182,-0.0042548,0.0004386,0.0041392
0.003637,0.0022906,0.0045559,0.0036354,0.0022897,0.0045787
0.0034157,0.0024607,0.0047739,0.0034142,0.0024598,0.0047977
0.0022812,0.0021028,0.0052382,0.00228,0.0021018,0.0052654
0.0031775,0.0018952,0.0057889,0.0031756,0.0018942,0.0058174
-0.0022616,0.0027332,0.0096654,-0.0022604,0.0027317,0.0097118
0.0012656,-0.001987,0.0080052,0.0012648,-0.0019857,0.0080444
0.0011638,-0.0012915,0.0079998,0.0011631,-0.0012906,0.0080394
0.0012667,-0.002918,0.0074413,0.0012658,-0.002916,0.0074772
0.0016352,-0.00327,0.0089851,0.0016342,-0.003268,0.0090278
0.0013415,-0.0030048,0.0091249,0.0013408,-0.0030032,0.0091687
0.0012184,-0.0012653,0.0086768,0.0012177,-0.0012646,0.0087195
0.0011662,-0.0032872,0.0090354,0.0011655,-0.0032852,0.0090785
0.0031324,0.001932,0.0096609,0.0031306,0.0019309,0.0097071
0.0012657,-0.0038552,0.0045564,0.0012652,-0.0038534,0.0045794
0.0016048,-0.0034699,0.0045159,0.0016042,-0.0034683,0.0045391
0.0018679,-0.0037909,0.0048643,0.0018671,-0.003789,0.0048883
-0.0019203,0.0037811,0.0046063,-0.0019194,0.0037797,0.0046295
-0.0025607,0.0032301,0.0045356,-0.0025596,0.003229,0.0045586
-0.0023096,0.0034922,0.0047122,-0.0023086,0.0034909,0.0047359
-0.0012454,0.0021408,0.0047015,-0.0012448,0.0021399,0.0047275
-0.0023827,0.0023505,0.0052449,-0.0023814,0.0023495,0.0052718
-0.0021677,0.0029747,0.0059026,-0.0021664,0.002973,0.0059317
-0.0024622,-0.0026827,0.0088734,-0.0024607,-0.0026811,0.0089157
-0.0009872,-0.0021711,0.0081246,-0.0009866,-0.0021697,0.0081644
-0.0010479,-0.0016283,0.0078942,-0.0010473,-0.0016273,0.0079331
-0.0011278,-0.0030145,0.0073769,-0.001127,-0.0030124,0.0074124
-0.0018504,-0.0013059,0.0079011,-0.0018492,-0.0013051,0.0079399
-0.0020983,-0.0022253,0.0076192,-0.0020969,-0.0022238,0.0076561
-0.0018606,-0.0030848,0.0069308,-0.0018594,-0.0030827,0.0069641
-0.0027273,-0.002913,0.0045423,-0.0027261,-0.0029117,0.0045654
-0.0031892,-0.0026204,0.0045581,-0.0031879,-0.0026193,0.004581
0.0030953,0.0028982,0.0042984,0.003094,0.0028972,0.0043202
-0.0007195,0.0041358,0.0045124,-0.0007191,0.0041343,0.0045353
-0.0010847,0.004004,0.0045275,-0.0010842,0.0040025,0.0045505
-0.0008426,0.0039895,0.0047805,-0.0008422,0.0039879,0.0048046
0.0027666,0.0032816,0.0040664,0.0027656,0.0032805,0.0040872
-0.0036151,0.0001125,0.008926,-0.003613,0.0001124,0.0089687
-0.0018812,0.0003567,0.0081617,-0.0018802,0.0003565,0.0082021
-0.0008528,0.0001179,0.0081826,-0.0008523,0.0001178,0.0082233
-0.0028538,0.0004177,0.0073847,-0.0028519,0.0004175,0.0074208
-0.0034094,0.0001027,0.0070688,-0.0034071,0.0001027,0.007103
-0.000282,-0.0032844,0.0095802,-0.0002818,-0.0032827,0.0096262
-0.0002557,-0.0035731,0.0093169,-0.0002556,-0.0035711,0.0093614
0.0012329,0.0040924,0.0045293,0.0012324,0.0040908,0.0045521
0.0016055,0.0038102,0.0044301,0.0016048,0.0038088,0.0044527
-0.0009118,-0.0035976,0.0092789,-0.0009113,-0.0035955,0.0093229
-0.000535,-0.0035601,0.0044263,-0.0005347,-0.0035584,0.0044496
0.0016945,0.0033085,0.0090255,0.0016935,0.0033064,0.0090686
0.0023031,0.0027871,0.0089918,0.0023016,0.0027853,0.0090348
-0.0002659,0.0017063,0.0088623,-0.0002658,0.0017055,0.008906
-0.0003035,0.0026795,0.0081609,-0.0003033,0.0026778,0.0082008
-0.000287,0.0035085,0.0076599,-0.0002868,0.0035061,0.0076968
0.0039743,0.0011946,0.0044922,0.0039726,0.0011942,0.004515
0.0042065,0.0003942,0.0045689,0.0042046,0.0003942,0.0045918
0.0007901,0.0041007,0.0042971,0.0007897,0.0040992,0.004319
0.0008472,0.0023113,0.0047975,0.0008468,0.0023103,0.0048239
0.0004884,0.0030936,0.0051973,0.0004882,0.0030922,0.0052243
0.0004343,0.00357,0.0058917,0.0004341,0.0035679,0.0059209
-0.0030213,0.0030515,0.0043082,-0.0030201,0.0030506,0.00433
-0.0029544,0.003119,0.0041339,-0.0029532,0.0031181,0.004155
-0.0037171,0.0015234,0.0045804,-0.0037155,0.001523,0.0046037
0.0039743,-0.0004575,0.0044754,0.0039727,-0.0004571,0.0044983
0.0042032,-0.0003952,0.0047508,0.0042013,-0.0003948,0.0047745
0.0006834,-0.0023198,0.008128,0.0006829,-0.0023183,0.0081678
0.0005653,-0.002992,0.0076732,0.0005649,-0.0029899,0.0077104
-0.0032315,-0.0009489,0.0092935,-0.0032297,-0.0009485,0.0093381
-0.0042474,0.0001869,0.0045192,-0.0042456,0.000187,0.0045418
-0.0042282,1.73e-05,0.0047695,-0.0042263,1.74e-05,0.0047932
-0.0020308,0.0003854,0.0047953,-0.0020298,0.0003854,0.004822
-0.0030147,0.0001022,0.0053342,-0.0030131,0.0001023,0.0053618
-0.0036864,0.00032,0.0059548,-0.0036843,0.0003199,0.005984
-0.0042449,-0.0002823,0.0045268,-0.0042431,-0.000282,0.0045495
-0.0013093,-0.0032747,0.0091041,-0.0013086,-0.0032728,0.0091476
-0.0012217,-0.0029836,0.0089389,-0.001221,-0.002982,0.0089819
-0.0009473,-0.0012328,0.0086419,-0.0009469,-0.0012323,0.0086845
-0.0030068,0.001972,0.0097219,-0.0030051,0.0019708,0.0097684
-0.0034832,0.0011228,0.0095252,-0.0034812,0.0011221,0.0095708
-0.0033258,0.0014872,0.0093316,-0.0033239,0.0014864,0.0093761
-0.0032244,0.0009422,0.0093245,-0.0032226,0.0009416,0.0093694
-0.0036302,0.0007991,0.0089922,-0.003628,0.0007987,0.0090351
0.0021342,-0.0014145,0.0080571,0.0021328,-0.0014136,0.0080964
0.0029048,-0.0013211,0.0075092,0.0029028,-0.0013201,0.0075456
0.0030481,-0.0012553,0.00698,0.003046,-0.0012544,0.0070139
0.0032943,-0.0014015,0.0090111,0.0032922,-0.0014006,0.0090541
0.0029471,-0.001427,0.0090048,0.0029454,-0.0014262,0.0090481
-0.0036217,-0.0006884,0.0089505,-0.0036196,-0.000688,0.0089931
0.0032479,0.000584,0.0092389,0.003246,0.0005836,0.0092834
0.0036232,0.0004157,0.0089866,0.0036209,0.0004154,0.0090295
0.0031387,0.0004177,0.0090063,0.0031369,0.0004174,0.0090498
0.0028205,0.0006497,0.0090891,0.002819,0.0006494,0.0091333
0.0012202,0.0002879,0.0088089,0.0012196,0.0002878,0.0088525
0.0011173,0.0004391,0.0079486,0.0011166,0.0004389,0.0079882
0.0009223,0.0005176,0.0065847,0.0009217,0.0005174,0.0066185
0.0021198,0.0002984,0.0080036,0.0021184,0.0002982,0.0080431
0.0027346,0.0004347,0.0073039,0.0027327,0.0004345,0.0073398
0.0029183,0.0003155,0.0070273,0.0029163,0.0003153,0.0070617
0.0011443,0.0010092,0.0087282,0.0011437,0.0010087,0.0087712
0.0022555,0.0010798,0.0081998,0.002254,0.0010792,0.0082399
0.002815,0.0010657,0.0074476,0.002813,0.001065,0.0074839
0.0036713,0.0004771,0.0086629,0.0036688,0.0004768,0.0087042
0.003764,0.0004008,0.0083618,0.0037614,0.0004005,0.0084015
0.0036057,0.0003672,0.0069752,0.0036032,0.0003671,0.0070087
0.0007739,-0.0041155,0.003905,0.0007737,-0.0041138,0.003925
0.0008234,-0.0041138,0.0041113,0.0008232,-0.0041121,0.0041322
0.0011324,0.0019573,0.0082115,0.0011317,0.0019561,0.0082519
0.0013641,0.002648,0.0076439,0.0013632,0.0026462,0.0076811
0.001434,0.0027677,0.0069544,0.001433,0.0027658,0.0069884
0.0010335,0.0035627,0.0089496,0.0010329,0.0035605,0.0089924
0.001354,0.0033491,0.0088949,0.0013532,0.0033471,0.0089375
-0.0031079,-0.0011812,0.00911,-0.0031062,-0.0011806,0.0091538
-0.0027876,-0.0014718,0.0089787,-0.0027861,-0.001471,0.009022
-0.0026333,-0.0011243,0.007663,-0.0026316,-0.0011236,0.0077002
-0.0026658,-0.001388,0.0068691,-0.002664,-0.0013871,0.0069027
0.0035599,-0.0022784,0.004524,0.0035584,-0.0022774,0.0045466
0.0035756,-0.0021283,0.0047946,0.003574,-0.0021272,0.0048184
0.0021021,-0.0014239,0.0052434,0.002101,-0.001423,0.0052711
0.0030191,-0.0013006,0.005783,0.0030174,-0.0012998,0.005812
0.0037963,-0.0016971,0.004541,0.0037948,-0.0016963,0.0045639
0.0039216,0.0015929,0.0045627,0.0039199,0.0015924,0.0045857
-0.001875,0.0010621,0.0082249,-0.0018739,0.0010615,0.0082654
-0.0027714,0.0011118,0.0074374,-0.0027696,0.0011111,0.0074737
0.0037831,0.0001274,0.0045178,0.0037815,0.0001275,0.0045413
0.0016386,-0.002779,0.0095184,0.0016377,-0.0027776,0.0095642
-0.0036679,0.0004355,0.0089831,-0.0036657,0.0004352,0.009026
-0.0014416,0.0041128,0.0042184,-0.001441,0.0041115,0.0042397
-0.0009175,0.0037141,0.0042996,-0.0009171,0.0037128,0.0043222
-0.0009855,0.0031776,0.0041864,-0.000985,0.0031764,0.0042094
-0.0002917,0.0010995,0.0040875,-0.0002915,0.0010991,0.0041129
-0.0014431,0.0037668,0.0042897,-0.0014424,0.0037655,0.0043119
0.0021121,0.0036164,0.0045118,0.0021113,0.003615,0.0045346
0.0036832,-0.0004494,0.0097166,0.003681,-0.0004492,0.009763
0.0034152,-0.0003184,0.0096081,0.0034133,-0.0003183,0.0096542
0.0036638,-0.0004146,0.009327,0.0036615,-0.0004143,0.0093714
-0.0012088,-0.0038695,0.0044287,-0.0012082,-0.0038679,0.0044512
-0.0008612,-0.0037888,0.0045562,-0.0008607,-0.0037871,0.0045795
0.0033266,-6.53e-05,0.0093314,0.0033247,-6.53e-05,0.0093763
0.0037218,0.0019422,0.0045393,0.0037202,0.0019416,0.0045622
0.0033866,-0.0015643,0.0045297,0.0033852,-0.0015635,0.0045531
0.0038393,-0.0011943,0.0044847,0.0038378,-0.0011937,0.0045076
0.0037998,-0.0016951,0.0047788,0.0037982,-0.0016943,0.0048026
0.002035,-0.0025898,0.0095241,0.0020338,-0.0025885,0.0095698
0.0025765,-0.0023195,0.0093117,0.002575,-0.0023182,0.0093562
-0.0008596,0.0036217,0.0090684,-0.000859,0.0036194,0.0091117
-0.0010212,0.0019729,0.0081999,-0.0010207,0.0019718,0.0082402
-0.001218,0.0026258,0.0074724,-0.0012172,0.0026241,0.007509
-0.0010284,0.0027674,0.0069748,-0.0010277,0.0027655,0.0070091
0.0006961,0.0041948,0.0045262,0.0006958,0.0041931,0.0045489
0.0012574,0.0035995,0.0044789,0.0012569,0.0035981,0.0045023
0.0011068,0.0040816,0.004765,0.0011064,0.0040798,0.0047888
0.0032363,0.0017034,0.0090104,0.0032343,0.0017024,0.0090534
0.002805,0.001596,0.0089366,0.0028033,0.001595,0.0089797
0.00295,0.0019714,0.0075876,0.0029479,0.0019701,0.0076241
0.0032116,0.0010554,0.009138,0.0032096,0.0010548,0.0091819
-0.0036108,-0.0021617,0.0043277,-0.0036094,-0.0021606,0.0043495
0.0037639,0.0005499,0.0045297,0.0037623,0.0005499,0.0045532
0.0042122,0.0006066,0.0048227,0.0042103,0.0006065,0.0048467
0.000349,-0.0039053,0.0042819,0.0003488,-0.0039036,0.004304
0.0004297,-0.0033616,0.0042137,0.0004296,-0.00336,0.0042365
0.0005168,-0.0012461,0.0039575,0.0005165,-0.0012453,0.0039822
0.0002851,-0.0042972,0.0045591,0.000285,-0.0042953,0.0045817
0.0001754,0.0036678,0.0092956,0.0001753,0.0036656,0.00934
0.0006314,0.0034713,0.0093694,0.000631,0.0034692,0.0094144
-0.0005335,0.003667,0.0092982,-0.0005332,0.0036648,0.0093427
0.0030939,-0.0019956,0.0090108,0.0030919,-0.0019943,0.0090537
0.0008284,-0.0040702,0.0043181,0.0008281,-0.0040684,0.00434
0.001909,0.0032001,0.0087405,0.0019079,0.0031981,0.0087822
0.0023203,0.0028967,0.0086926,0.0023188,0.0028948,0.008734
0.0024164,0.0028796,0.0083477,0.0024148,0.0028776,0.0083875
0.0021385,0.002047,0.007514,0.002137,0.0020455,0.0075507
0.0023478,0.0026063,0.0068872,0.0023462,0.0026045,0.0069206
-0.0001337,-0.0037482,0.0045441,-0.0001337,-0.0037464,0.0045675
-2.27e-05,-0.0041739,0.0047688,-2.26e-05,-0.0041719,0.0047925
-0.0035531,0.0023887,0.0040734,-0.0035518,0.002388,0.0040942
-0.0035101,0.0024547,0.0043065,-0.0035087,0.0024539,0.0043283
-0.0017144,0.0032493,0.0092827,-0.0017134,0.0032474,0.0093271
-0.0041913,0.0006391,0.0045388,-0.0041895,0.0006391,0.0045615
0.0024862,-0.002299,0.0089627,0.0024847,-0.0022976,0.0090057
0.0021515,-0.0021132,0.0075592,0.00215,-0.0021117,0.0075959
-0.0008729,-0.0033175,0.0089669,-0.0008724,-0.0033156,0.0090098
-0.0012102,0.0034097,0.0092721,-0.0012095,0.0034076,0.0093165
-0.0013661,0.003312,0.0089712,-0.0013652,0.0033099,0.0090142
-0.0012995,0.0027692,0.0089712,-0.0012988,0.0027676,0.0090147
-0.0010557,0.0010447,0.0087093,-0.0010553,0.0010442,0.0087523
-0.0017818,0.0018097,0.0080954,-0.0017807,0.0018086,0.008135
-0.001792,0.0023907,0.0073698,-0.0017908,0.0023892,0.0074057
-0.0033322,-0.0013001,0.0087112,-0.0033302,-0.0012993,0.0087528
-0.0035166,0.0011476,0.0090892,-0.0035145,0.0011469,0.0091325
-0.0033248,0.0011503,0.0088541,-0.0033228,0.0011496,0.0088965
-0.0028003,0.00202,0.0075729,-0.0027984,0.0020187,0.0076093
-0.0032011,0.0008771,0.0090115,-0.0031993,0.0008766,0.0090548
-0.0036122,0.000972,0.008723,-0.0036099,0.0009714,0.0087645
-0.0020629,-0.0026615,0.0090148,-0.0020618,-0.00266,0.0090581
-0.0020718,-0.002231,0.0088693,-0.0020707,-0.0022299,0.0089121
-0.0024957,-0.0021945,0.0089728,-0.0024942,-0.0021933,0.0090159
-0.002672,-0.002647,0.0085643,-0.0026703,-0.0026453,0.0086049
-0.0002158,0.0041361,0.0045649,-0.0002157,0.0041345,0.0045881
-0.0015346,-0.0036002,0.004533,-0.0015339,-0.0035986,0.0045561
0.0029551,0.0029626,0.00453,0.0029538,0.0029615,0.0045529
0.0026624,0.002388,0.0092788,0.0026608,0.0023865,0.0093233
0.0025953,0.0026083,0.0090048,0.0025937,0.0026066,0.0090478
0.0034931,0.0007899,0.0089693,0.0034909,0.0007894,0.0090122
-0.0031421,0.0012652,0.00865,-0.0031402,0.0012644,0.0086916
-0.0037712,-0.0012006,0.0040242,-0.0037698,-0.0012,0.0040453
-0.0038077,-0.0011067,0.0042321,-0.0038061,-0.0011061,0.004254
-0.0020418,0.0002898,0.0052329,-0.0020407,0.0002898,0.0052611
-0.0012945,0.0004097,0.0050773,-0.0012938,0.0004096,0.0051056
-0.0027902,0.0002347,0.0058474,-0.0027886,0.0002347,0.0058771
-0.0035838,0.00035,0.0065141,-0.0035815,0.0003499,0.0065458
-0.0040963,-0.0004113,0.0047398,-0.0040945,-0.000411,0.0047635
0.0004052,-0.0033368,0.0092924,0.0004049,-0.0033349,0.0093369
0.0002915,-0.0037013,0.0090041,0.0002913,-0.0036991,0.0090469
0.000754,0.0034946,0.009068,0.0007535,0.0034924,0.0091116
0.0011006,0.0031226,0.0090542,0.0011,0.0031207,0.0090979
0.0011696,0.0035631,0.0086795,0.0011689,0.0035608,0.0087209
-0.0040416,-0.0006813,0.0045098,-0.0040399,-0.0006809,0.0045326
0.0023143,0.0003555,0.0053283,0.002313,0.0003554,0.0053565
0.0012159,0.000347,0.0051529,0.0012152,0.0003469,0.0051815
0.0032131,0.0001993,0.0057653,0.0032113,0.0001993,0.0057943
0.003806,0.0002792,0.0064527,0.0038036,0.0002791,0.0064838
0.0034706,-3.8e-05,0.0046901,0.003469,-3.78e-05,0.0047146
0.0012413,0.0001598,0.0046656,0.0012406,0.0001598,0.0046926
0.0012046,-0.0006515,0.0046808,0.001204,-0.0006511,0.0047078
0.0023153,-0.0004598,0.0052484,0.0023141,-0.0004594,0.0052763
0.003103,-0.0005902,0.0058553,0.0031011,-0.0005897,0.0058847
0.0041972,-8.9e-06,0.0049817,0.0041952,-8.7e-06,0.0050063
-0.0029697,0.0030163,0.004567,-0.0029685,0.0030153,0.00459
-6.74e-05,0.0041641,0.0048305,-6.74e-05,0.0041624,0.0048547
-0.0004129,0.0021235,0.0051075,-0.0004126,0.0021226,0.0051353
-0.0002889,0.0028379,0.0058241,-0.0002887,0.0028363,0.0058538
-0.0003963,0.0036097,0.0065168,-0.000396,0.0036074,0.0065486
-0.0005205,0.0042391,0.0047359,-0.0005202,0.0042373,0.0047596
-0.0021013,-0.0030639,0.0086686,-0.0021001,-0.003062,0.0087098
-0.0026747,-0.002853,0.0047632,-0.0026735,-0.0028517,0.0047873
-0.00311,-0.002373,0.0047661,-0.0031087,-0.0023719,0.0047902
-0.002765,0.0020804,0.0059406,-0.0027634,0.0020793,0.00597
-0.0031107,0.0027792,0.0047347,-0.0031093,0.0027782,0.0047585
-0.0028905,0.0024151,0.0047666,-0.0028891,0.0024142,0.004791
-0.0012673,0.0011734,0.004624,-0.0012667,0.0011729,0.0046505
-0.0011415,0.0021954,0.0051898,-0.0011409,0.0021944,0.0052174
-0.0020748,0.001191,0.0052637,-0.0020737,0.0011905,0.0052917
-0.0020891,0.0019696,0.0058253,-0.0020879,0.0019686,0.005855
0.0033602,0.0001153,0.0090549,0.0033582,0.0001152,0.0090984
0.0036223,-0.0002913,0.0089936,0.00362,-0.0002911,0.0090365
0.0037599,7.9e-06,0.0086583,0.0037574,7.9e-06,0.0086995
0.0020122,-0.0004784,0.0082043,0.002011,-0.0004781,0.0082448
0.0028702,-0.00052,0.0075529,0.0028683,-0.0005196,0.0075897
0.0033023,0.0005548,0.0087529,0.0033002,0.0005545,0.008795
0.0033743,-0.0007063,0.0092604,0.0033724,-0.0007059,0.0093047
0.0017856,-0.0030905,0.0092564,0.0017845,-0.0030887,0.0093006
0.0013561,-0.0030559,0.0094264,0.0013553,-0.0030543,0.0094716
0.0039714,-0.000864,0.0045682,0.0039698,-0.0008635,0.0045914
-0.0002887,-0.0023803,0.0052436,-0.0002885,-0.0023789,0.0052714
-0.0002495,-0.002924,0.0058132,-0.0002493,-0.0029222,0.0058425
-0.0005955,-0.0037565,0.0047253,-0.0005952,-0.0037547,0.0047493
-0.0007452,-0.0033817,0.0046921,-0.0007448,-0.0033801,0.0047165
-0.0002377,-0.0012475,0.0046464,-0.0002375,-0.0012467,0.0046733
-0.0010396,-0.0011909,0.0045586,-0.0010391,-0.0011901,0.004585
-0.0010266,-0.0023525,0.0052187,-0.0010261,-0.0023512,0.0052462
-0.0011003,-0.0029657,0.0058665,-0.0010996,-0.0029639,0.0058958
0.0033885,-0.0015054,0.0086796,0.0033863,-0.0015044,0.0087209
-0.0003539,-0.002138,0.0080696,-0.0003538,-0.0021367,0.0081092
-0.0001946,-0.0027787,0.0075065,-0.0001945,-0.0027768,0.0075431
-0.0008258,-0.0035778,0.0085662,-0.0008253,-0.0035756,0.0086069
-0.0038102,0.0019037,0.0045402,-0.0038086,0.0019031,0.0045629
-0.0036065,0.0021009,0.0047225,-0.0036049,0.0021002,0.0047462
-0.0027722,0.001154,0.005849,-0.0027706,0.0011535,0.0058784
0.0032735,-0.0003769,0.0093,0.0032716,-0.0003768,0.0093447
0.0022157,0.0013034,0.005197,0.0022146,0.0013029,0.0052246
0.00313,0.0013007,0.0059403,0.0031281,0.0013,0.0059698
0.0037796,0.0008645,0.0046372,0.003778,0.0008643,0.0046609
0.003367,0.0009437,0.0047106,0.0033655,0.0009435,0.0047353
0.0015397,0.0014038,0.0046954,0.0015389,0.0014033,0.0047218
0.001053,-0.0035465,0.0088328,0.0010523,-0.0035443,0.0088747
0.0019736,0.0037071,0.0047787,0.0019728,0.0037056,0.0048026
0.0022364,0.0029921,0.004773,0.0022355,0.0029908,0.0047975
0.0022559,0.0028972,0.0058662,0.0022546,0.0028956,0.0058952
0.0013352,0.0019022,0.0051579,0.0013345,0.0019013,0.0051857
0.0014251,0.0028672,0.0058636,0.0014242,0.0028656,0.005893
0.0016084,0.0038316,0.004691,0.0016077,0.0038301,0.0047146
0.0020735,-0.0030636,0.0088856,0.0020722,-0.0030617,0.0089278
0.0030792,0.0020587,0.0092869,0.0030773,0.0020574,0.0093313
0.001577,0.003136,0.008665,0.001576,0.0031341,0.0087067
-0.0019892,-0.0032554,0.0045176,-0.0019883,-0.0032539,0.0045409
-0.0023307,-0.0029368,0.0044954,-0.0023296,-0.0029355,0.0045187
-0.0021826,-0.0025272,0.0044851,-0.0021816,-0.002526,0.0045091
-0.0017043,-0.0012129,0.0053095,-0.0017034,-0.0012122,0.0053379
-0.0018691,-0.0021796,0.0059158,-0.001868,-0.0021782,0.0059456
0.0002525,0.0041607,0.004509,0.0002525,0.0041591,0.0045318
-0.0037826,-0.0001348,0.0088375,-0.0037802,-0.0001347,0.0088795
-0.0036357,-0.0003892,0.0086826,-0.0036334,-0.000389,0.0087239
-0.0032534,-0.0003219,0.0085722,-0.0032515,-0.0003217,0.0086135
-0.0028198,-0.0002723,0.0086118,-0.0028183,-0.0002721,0.0086537
-0.0011283,-0.000454,0.0085998,-0.0011278,-0.0004538,0.0086423
-0.0019799,-0.0004656,0.0082257,-0.0019788,-0.0004653,0.0082662
-0.0026711,-0.0004433,0.0075162,-0.0026693,-0.000443,0.007553
-0.0011212,0.0002472,0.008631,-0.0011207,0.0002471,0.0086737
-0.0009905,-0.0005269,0.0078081,-0.0009899,-0.0005265,0.0078471
-0.0018431,-0.0004617,0.007643,-0.0018419,-0.0004613,0.0076808
-0.0026601,-0.0004754,0.0068773,-0.0026584,-0.0004751,0.0069112
-0.003609,-0.0007622,0.0068534,-0.0036067,-0.0007616,0.0068863
-0.003773,2.58e-05,0.008569,-0.0037706,2.57e-05,0.0086097
-0.0036624,-0.0007524,0.0086754,-0.0036602,-0.0007519,0.0087167
-0.0037306,-0.0004128,0.0083602,-0.0037282,-0.0004125,0.0083999
-0.0014782,-0.0028684,0.0085418,-0.0014773,-0.0028667,0.0085829
-0.0021771,-0.0025958,0.0086324,-0.0021758,-0.0025942,0.0086738
-0.0021131,-0.0031398,0.0083616,-0.0021118,-0.0031378,0.0084011
-0.0029753,-0.0022952,0.0088536,-0.0029734,-0.0022937,0.0088956
-0.0029287,-0.0022547,0.0085365,-0.0029269,-0.0022532,0.008577
-0.0028903,-0.0022637,0.0069072,-0.0028884,-0.0022621,0.0069403
0.0039961,-0.0007432,0.0048049,0.0039943,-0.0007427,0.004829
0.0036479,0.0020797,0.0047849,0.0036463,0.0020789,0.0048088
0.0038285,0.0016708,0.0048053,0.0038268,0.0016703,0.0048294
0.004114,-0.0012357,0.0044065,0.0041124,-0.0012351,0.0044286
0.0036843,-0.0011813,0.004252,0.0036829,-0.0011807,0.0042742
0.0033669,-0.0011873,0.0042422,0.0033655,-0.0011867,0.0042649
0.0004912,0.0019752,0.0080798,0.0004909,0.001974,0.0081197
0.0004821,0.0028744,0.007463,0.0004818,0.0028725,0.0074995
0.000453,0.0034051,0.0070434,0.0004527,0.0034028,0.0070776
0.000241,0.003624,0.0089068,0.0002409,0.0036217,0.0089495
-0.000518,0.0036488,0.0089825,-0.0005177,0.0036466,0.0090254
0.0003389,-0.0036643,0.0044364,0.0003388,-0.0036626,0.0044596
0.0003724,-0.0041893,0.0048005,0.0003723,-0.0041873,0.0048242
-0.0017363,0.0032535,0.0089586,-0.0017352,0.0032514,0.0090015
0.0024192,-0.0030148,0.0044776,0.0024183,-0.0030134,0.0045006
0.0025511,-0.0025477,0.0045253,0.0025501,-0.0025465,0.004549
0.0023687,-0.0023209,0.0056854,0.0023674,-0.0023194,0.0057139
-0.0017908,0.0038114,0.0047919,-0.0017899,0.0038099,0.0048159
0.0026813,-0.0023925,0.0086611,0.0026796,-0.002391,0.0087025
0.0031962,-0.0018793,0.0086967,0.0031941,-0.0018781,0.0087381
-0.0002075,0.00361,0.0092642,-0.0002074,0.0036078,0.0093085
0.0033976,-0.000789,0.0089639,0.0033955,-0.0007885,0.0090068
0.0030063,-0.0007311,0.0089676,0.0030045,-0.0007307,0.0090109
0.0013262,-0.0005387,0.0086792,0.0013255,-0.0005385,0.008722
0.0032249,-0.0010479,0.0087258,0.0032229,-0.0010472,0.0087677
-0.0010963,-0.0036886,0.0047031,-0.0010957,-0.0036869,0.004727
-0.003279,0.0016239,0.0086668,-0.0032769,0.0016229,0.0087082
-0.0042827,0.0004687,0.0047374,-0.0042808,0.0004687,0.0047609
-0.0039639,0.0004009,0.0047122,-0.0039622,0.0004009,0.004736
-0.0035694,0.0003932,0.0046542,-0.0035677,0.0003932,0.0046784
-0.0032175,0.000381,0.0047156,-0.003216,0.000381,0.0047405
-0.001018,0.0002617,0.0045807,-0.0010175,0.0002617,0.0046077
-0.0011421,0.0003253,0.0040551,-0.0011415,0.0003252,0.0040803
-0.004119,0.0009049,0.004799,-0.0041171,0.0009046,0.0048228
0.0034261,0.0008435,0.0086358,0.003424,0.000843,0.0086771
0.0014869,-0.0034103,0.0086993,0.001486,-0.0034081,0.0087406
0.0026768,0.0033227,0.0042823,0.0026758,0.0033215,0.004304
0.0018441,0.0030326,0.0041182,0.0018433,0.0030315,0.0041405
0.0037811,-0.0003331,0.0046576,0.0037795,-0.0003328,0.0046815
0.0041812,-0.0004239,0.0050299,0.0041793,-0.0004235,0.0050547
-0.0017151,-0.0030624,0.0089481,-0.0017141,-0.0030606,0.0089908
-0.0011463,0.0027666,0.0057932,-0.0011456,0.0027651,0.0058225
-0.0037605,0.0014889,0.004788,-0.0037588,0.0014884,0.0048121
-0.0011287,-0.0031545,0.0086278,-0.0011281,-0.0031526,0.0086691
0.004138,0.0008038,0.00468,0.0041362,0.0008036,0.0047034
0.0038275,0.0004143,0.0047526,0.0038259,0.0004143,0.0047768
0.0040986,0.0004766,0.0050439,0.0040966,0.0004765,0.0050689
0.0033023,0.0002164,0.0086896,0.0033002,0.0002163,0.0087314
0.003669,-0.0004422,0.0086573,0.0036665,-0.000442,0.0086986
0.0037808,-9.5e-06,0.0083528,0.0037782,-9.5e-06,0.0083924
0.0037823,0.0001082,0.0049483,0.0037805,0.0001084,0.0049734
0.0040959,5.78e-05,0.0052434,0.0040939,5.8e-05,0.0052693
-0.0026774,-0.002798,0.0050244,-0.0026761,-0.0027966,0.0050496
-0.0033078,-0.0025612,0.0050302,-0.0033061,-0.0025599,0.0050549
-0.0032085,-0.0024931,0.0052433,-0.0032069,-0.0024917,0.0052691
-0.0027974,-0.0013163,0.0058389,-0.0027958,-0.0013155,0.0058681
-0.0027674,-0.0022727,0.0064114,-0.0027657,-0.0022713,0.0064425
0.0035284,0.0023531,0.0050636,0.0035267,0.0023521,0.0050886
0.0033774,0.0024406,0.0052896,0.0033757,0.0024395,0.0053156
0.0023785,0.0020517,0.005881,0.0023771,0.0020506,0.0059106
0.0030694,0.0020256,0.0064022,0.0030674,0.0020244,0.0064333
0.0020536,0.0035922,0.0050048,0.0020526,0.0035906,0.0050298
0.003144,-0.0003709,0.0089536,0.0031422,-0.0003707,0.0089968
0.0031245,0.0020743,0.0089642,0.0031225,0.002073,0.0090069
-0.0006181,-0.0030721,0.0093196,-0.0006178,-0.0030705,0.0093644
-7.41e-05,-0.0037296,0.0089632,-7.4e-05,-0.0037274,0.0090058
-0.0004488,-0.0030767,0.0089361,-0.0004485,-0.003075,0.0089791
-0.0003035,-0.001122,0.0086286,-0.0003034,-0.0011215,0.0086713
0.0014792,-0.0038848,0.0050464,0.0014785,-0.0038828,0.0050713
-0.0032971,0.0016301,0.009032,-0.0032951,0.0016291,0.0090751
-0.0040413,6.04e-05,0.0050111,-0.0040394,6.05e-05,0.005036
0.0007776,-0.0033429,0.0089747,0.0007771,-0.0033409,0.0090176
0.0007656,-0.0029799,0.0089487,0.0007652,-0.0029782,0.0089918
0.0005931,-0.0011617,0.0088882,0.0005928,-0.0011612,0.0089321
0.0002259,-0.003736,0.0086781,0.0002258,-0.0037336,0.0087192
0.0007912,-0.0033743,0.008651,0.0007907,-0.0033722,0.0086924
0.0035478,-0.0021727,0.0050706,0.0035461,-0.0021716,0.0050956
0.0037317,-0.0017629,0.00504,0.0037299,-0.001762,0.0050649
-0.0006228,0.0041385,0.0050386,-0.0006224,0.0041366,0.0050636
-0.000989,0.0038253,0.0049889,-0.0009886,0.0038236,0.0050141
0.0007981,0.0035169,0.0086548,0.0007976,0.0035147,0.0086963
-0.0004557,0.0035878,0.0086658,-0.0004554,0.0035855,0.0087073
-0.0005756,0.0037057,0.0083465,-0.0005752,0.0037032,0.0083863
-0.0001993,0.001975,0.0081309,-0.0001991,0.0019738,0.0081712
-0.0003721,0.0027841,0.007528,-0.0003718,0.0027822,0.0075649
-0.0002709,0.0034984,0.0072533,-0.0002707,0.003496,0.0072883
-0.0008441,0.0036326,0.0087037,-0.0008436,0.0036302,0.0087452
0.0025716,0.0033357,0.0044944,0.0025705,0.0033344,0.0045172
0.0021729,0.0030032,0.0045346,0.002172,0.003002,0.0045583
0.0026618,0.0032093,0.0047227,0.0026606,0.003208,0.0047464
-0.0037327,0.0010531,0.0048083,-0.003731,0.0010528,0.0048327
-0.0040569,0.0008994,0.0050171,-0.004055,0.0008991,0.005042
-0.0038672,0.0013866,0.0049902,-0.0038654,0.0013861,0.005015
-0.0003248,-0.0042584,0.0048973,-0.0003246,-0.0042563,0.0049214
-0.0001701,-0.0038049,0.0048362,-0.00017,-0.0038031,0.0048607
-0.0001306,-0.0041332,0.0050414,-0.0001305,-0.0041311,0.0050663
0.0003297,-0.0041664,0.005021,0.0003296,-0.0041643,0.0050457
0.0004563,-0.0040947,0.0053379,0.0004561,-0.0040925,0.005364
0.0005102,-0.0022021,0.0051697,0.00051,-0.0022008,0.0051974
0.0005226,-0.0029732,0.005837,0.0005223,-0.0029714,0.0058663
-7.37e-05,-0.004131,0.0053112,-7.36e-05,-0.0041288,0.0053372
-0.0032401,-0.0008451,0.0089838,-0.0032383,-0.0008446,0.0090269
0.0039738,0.000986,0.0049499,0.003972,0.0009857,0.0049745
0.0031869,0.0011262,0.0084852,0.0031848,0.0011255,0.008526
0.0014022,-0.0034602,0.0083375,0.0014012,-0.0034578,0.008377
0.0014367,-0.0030663,0.008372,0.0014357,-0.0030644,0.008412
0.001291,-0.0019409,0.0075487,0.0012901,-0.0019396,0.0075859
0.0011231,-0.0029089,0.0070299,0.0011223,-0.0029069,0.0070641
0.0011459,-0.0033696,0.0085121,0.0011451,-0.0033675,0.0085527
0.0027112,0.0025084,0.0086948,0.0027095,0.0025067,0.0087363
-0.0034547,-0.0022875,0.0045635,-0.0034533,-0.0022865,0.0045865
-0.003782,-0.0018406,0.0045272,-0.0037804,-0.0018397,0.0045499
0.0005824,-0.0036411,0.0046567,0.0005822,-0.0036393,0.0046807
0.0002126,-0.0034528,0.0046916,0.0002126,-0.0034511,0.004716
0.000414,-0.0012938,0.0044015,0.0004138,-0.001293,0.0044276
0.0012245,-0.0038891,0.0048068,0.001224,-0.0038872,0.0048309
0.0030472,-0.0002201,0.0086467,0.0030453,-0.00022,0.0086886
0.0037075,-0.0004057,0.0083377,0.003705,-0.0004053,0.0083773
8.07e-05,-0.0037542,0.0092026,8.07e-05,-0.0037519,0.0092463
-0.0002675,-0.003493,0.0089402,-0.0002674,-0.003491,0.0089828
-0.0002308,-0.0036945,0.008667,-0.0002306,-0.0036922,0.0087082
0.0011705,0.0019841,0.0073639,0.0011697,0.0019827,0.0074003
0.0011635,0.003591,0.0084203,0.0011627,0.0035886,0.0084604
0.0014247,0.0031092,0.0082896,0.0014237,0.0031071,0.0083295
0.0015688,0.0027936,0.0083103,0.0015678,0.0027917,0.0083506
0.0011893,0.0010004,0.0081111,0.0011886,0.0009998,0.0081513
-0.0033885,-0.0016206,0.0042254,-0.0033872,-0.0016197,0.0042476
-0.0032571,0.0018625,0.0084378,-0.003255,0.0018612,0.008478
-0.0028766,0.0017111,0.0083735,-0.0028748,0.00171,0.0084139
-0.0018668,0.0020824,0.0076216,-0.0018655,0.002081,0.0076589
-0.0027295,0.0017443,0.0070158,-0.0027277,0.0017432,0.0070499
-0.0010253,0.0012751,0.0081327,-0.0010247,0.0012744,0.008173
-0.0019703,0.001059,0.0075759,-0.001969,0.0010583,0.0076134
-0.002751,0.001289,0.0070591,-0.0027492,0.0012882,0.0070936
0.0020211,0.000382,0.007447,0.0020197,0.0003819,0.0074839
0.0034544,0.000165,0.0083923,0.0034521,0.0001649,0.0084325
0.0030971,-2.01e-05,0.0083184,0.0030951,-2e-05,0.0083586
0.0014371,-0.0004153,0.0080232,0.0014362,-0.0004151,0.008063
0.0021323,-0.0004038,0.0073357,0.0021308,-0.0004035,0.007372
0.0031813,-0.0004288,0.0069228,0.0031791,-0.0004284,0.0069565
0.0038239,-1.9e-05,0.0080589,0.0038212,-1.9e-05,0.0080971
0.0011456,0.0031782,0.0085126,0.0011449,0.0031761,0.0085536
-0.0034779,0.0023887,0.0045273,-0.0034764,0.0023879,0.00455
-0.0010923,-0.0035521,0.0082222,-0.0010916,-0.0035497,0.0082612
-0.0008627,-0.0031654,0.0083016,-0.0008622,-0.0031634,0.0083415
-0.0002228,-0.0011205,0.0080698,-0.0002227,-0.0011199,0.0081099
-0.0001771,-0.0021726,0.0073998,-0.000177,-0.0021712,0.0074363
-0.0004031,-0.0027692,0.0068821,-0.0004028,-0.0027673,0.0069159
-0.0009345,-0.0022122,0.0076276,-0.000934,-0.0022107,0.007665
-0.0011363,-0.0029391,0.0068731,-0.0011356,-0.002937,0.0069066
-0.0014671,-0.0035056,0.0082845,-0.0014661,-0.0035033,0.0083237
-0.004105,-0.0008795,0.0047361,-0.0041032,-0.000879,0.0047596
-0.001521,-0.0038669,0.0048223,-0.0015203,-0.0038651,0.0048461
0.0018852,0.0031717,0.0083674,0.001884,0.0031696,0.0084074
-0.0036141,0.0004277,0.0086926,-0.0036119,0.0004274,0.0087341
-0.0016381,-0.00151,0.0072799,-0.0016371,-0.001509,0.0073159
-0.0031993,-0.0014836,0.0084761,-0.0031974,-0.0014827,0.0085166
-0.0028645,-0.0014471,0.0083065,-0.0028628,-0.0014462,0.0083465
-0.0014369,0.0040576,0.0046045,-0.0014362,0.004056,0.0046276
-0.0009501,0.0036449,0.0045301,-0.0009496,0.0036436,0.0045537
-0.0015572,0.0037167,0.0044991,-0.0015565,0.0037153,0.0045222
-0.0015025,0.0036491,0.0047764,-0.0015018,0.0036477,0.0048007
-0.0014843,0.0032093,0.0047046,-0.0014836,0.0032081,0.0047292
0.0003744,-0.0034338,0.0086102,0.0003742,-0.0034317,0.0086514
0.0002878,-0.0037573,0.0084299,0.0002876,-0.0037548,0.0084698
0.0022075,-0.0013072,0.0074035,0.002206,-0.0013063,0.0074398
0.0035521,-0.0008589,0.0083766,0.0035497,-0.0008584,0.0084166
0.0029139,-0.0010263,0.0081842,0.002912,-0.0010256,0.0082238
-0.0004577,-0.0032908,0.0085588,-0.0004574,-0.0032888,0.0085999
0.0033566,-0.0013432,0.0083738,0.0033544,-0.0013422,0.0084137
0.0021902,-0.0024062,0.0087219,0.0021889,-0.0024047,0.0087639
-0.0036799,0.0018414,0.0049555,-0.0036782,0.0018407,0.0049802
-0.0002084,0.0042155,0.0050685,-0.0002082,0.0042136,0.0050936
0.003675,0.0003871,0.0050222,0.0036733,0.000387,0.0050477
0.0041514,0.0006379,0.0052804,0.0041493,0.0006377,0.0053063
-0.0036672,-0.0005432,0.0064116,-0.0036649,-0.0005428,0.0064427
-0.0037631,2.56e-05,0.0082457,-0.0037606,2.56e-05,0.0082849
0.00064,-0.0021343,0.0076395,0.0006396,-0.0021328,0.0076772
0.0005275,-0.0030256,0.0068332,0.0005271,-0.0030235,0.0068665
0.0008074,-0.0033783,0.0083841,0.0008068,-0.0033761,0.0084242
0.000777,-0.0030609,0.0082791,0.0007765,-0.003059,0.008319
0.0003991,-0.0014053,0.0081524,0.0003989,-0.0014045,0.0081928
0.0038148,0.001452,0.0049855,0.003813,0.0014514,0.0050104
0.0007837,-0.0037805,0.004498,0.0007834,-0.0037788,0.0045211
-0.0021766,0.0029333,0.0093183,-0.0021753,0.0029316,0.0093628
-0.0020634,0.003009,0.0089994,-0.0020622,0.0030072,0.0090424
0.0030298,-0.0026232,0.0046957,0.0030285,-0.0026219,0.0047193
0.0017397,-0.0030349,0.0086436,0.0017387,-0.003033,0.0086849
0.0033171,-0.0002573,0.0084518,0.003315,-0.0002572,0.0084924
0.0038033,-0.0004206,0.0079316,0.0038006,-0.0004203,0.0079692
0.0003834,-0.0032332,0.0089515,0.0003832,-0.0032314,0.0089945
0.0003465,-0.0037807,0.0049064,0.0003464,-0.0037788,0.0049311
-0.0001369,0.0036892,0.0089542,-0.0001367,0.0036869,0.008997
-0.0001044,0.0036687,0.0086765,-0.0001043,0.0036664,0.008718
0.0033315,0.0015588,0.0086433,0.0033293,0.0015578,0.0086845
0.0031931,0.0017225,0.0093605,0.0031912,0.0017215,0.0094054
0.00245,0.0033252,0.0049647,0.0024488,0.0033237,0.0049895
0.0024567,0.0033277,0.0052753,0.0024555,0.003326,0.0053014
0.0022582,0.0026882,0.0063115,0.0022568,0.0026865,0.0063425
0.0016596,0.0035468,0.0049538,0.0016588,0.0035453,0.0049789
0.0018896,0.0031868,0.0048609,0.0018888,0.0031854,0.0048858
0.0020046,0.00362,0.0052278,0.0020036,0.0036183,0.0052537
0.003191,-0.0020172,0.0084053,0.0031888,-0.0020158,0.0084452
0.0023598,-0.0001033,0.0057035,0.0023585,-0.0001032,0.0057331
0.0029276,0.0002601,0.0063972,0.0029257,0.00026,0.0064289
0.0037387,0.0005763,0.005259,0.0037368,0.0005761,0.0052853
0.0033899,0.000546,0.0051234,0.0033882,0.0005459,0.0051496
0.0012367,0.0012615,0.0050634,0.001236,0.001261,0.0050914
0.0021871,0.0011714,0.0057461,0.0021858,0.0011709,0.0057757
0.0030743,0.0010969,0.0064077,0.0030723,0.0010963,0.0064392
0.0006765,0.0040278,0.0046981,0.0006762,0.0040262,0.0047219
0.0036477,-0.0007631,0.0087754,0.0036452,-0.0007626,0.0088172
0.0032523,-0.0006787,0.0085915,0.0032502,-0.0006783,0.0086329
-0.0035183,-0.0022582,0.0048036,-0.0035168,-0.0022572,0.0048275
-0.0034027,-0.0017294,0.0047826,-0.0034012,-0.0017285,0.0048069
-0.003873,-0.0015908,0.0047791,-0.0038713,-0.00159,0.0048028
0.0021167,-0.0022727,0.0068317,0.0021154,-0.002271,0.0068651
0.0027227,-0.0024942,0.0083436,0.0027209,-0.0024925,0.0083833
0.0022088,-0.0024226,0.0084,0.0022074,-0.002421,0.0084405
0.0011523,0.004041,0.0050618,0.0011517,0.0040391,0.0050869
0.0003427,0.00404,0.0052222,0.0003426,0.0040381,0.0052481
0.0005436,0.0019719,0.005265,0.0005433,0.001971,0.0052934
0.0005953,0.0027894,0.005849,0.0005949,0.0027878,0.0058787
0.0005189,0.0036066,0.0064748,0.0005187,0.0036044,0.0065063
-5.21e-05,0.003991,0.0052413,-5.2e-05,0.003989,0.0052674
-0.0002905,0.0020637,0.0057709,-0.0002903,0.0020626,0.0058011
-0.0001463,0.0026524,0.0062507,-0.0001461,0.0026508,0.0062822
-0.0005166,0.0039493,0.0052551,-0.0005163,0.0039474,0.0052812
-0.0040434,0.0009504,0.0052551,-0.0040413,0.00095,0.0052809
-0.0019639,0.0011429,0.0058078,-0.0019628,0.0011424,0.0058379
-0.0029371,0.0010598,0.0063666,-0.0029353,0.0010592,0.0063981
0.0002623,0.0039202,0.0047119,0.0002622,0.0039186,0.0047359
0.000651,-0.0021887,0.0058439,0.0006507,-0.0021874,0.0058739
0.0005788,-0.0029704,0.0063553,0.0005784,-0.0029684,0.0063867
-0.0002086,-0.0037253,0.0051109,-0.0002085,-0.0037233,0.0051366
-8.44e-05,-0.0033161,0.0051938,-8.44e-05,-0.0033143,0.0052204
0.0007971,-0.0015177,0.0052077,0.0007966,-0.0015168,0.0052361
-0.0001652,-0.0014049,0.0051451,-0.0001651,-0.001404,0.0051735
-0.0002504,-0.0025054,0.0057562,-0.0002503,-0.0025039,0.0057857
-0.0002423,-0.0030398,0.0063435,-0.0002421,-0.0030378,0.0063749
-0.000104,-0.0040553,0.0056558,-0.0001039,-0.0040529,0.0056833
-0.002463,0.0033207,0.0053208,-0.0024616,0.0033192,0.0053471
-0.0020244,0.0030356,0.006416,-0.0020231,0.0030337,0.0064473
-0.0032561,0.0024877,0.0052656,-0.0032545,0.0024867,0.0052916
-0.0029393,0.0020576,0.0064412,-0.0029374,0.0020564,0.0064727
-0.0018548,0.0031518,0.0086527,-0.0018537,0.0031498,0.008694
-0.0010135,-0.0035289,0.0049974,-0.0010129,-0.0035271,0.0050227
-0.0005827,-0.0035911,0.004975,-0.0005824,-0.0035892,0.0050003
0.0002953,0.0036636,0.0085584,0.0002952,0.0036612,0.0085994
-0.0030873,0.0020309,0.0092828,-0.0030855,0.0020296,0.0093271
0.0038477,-0.0010525,0.0048132,0.003846,-0.0010519,0.0048375
0.0035777,-0.0008132,0.0049578,0.0035761,-0.0008127,0.0049831
-0.0036715,-0.0008098,0.0084171,-0.0036692,-0.0008093,0.008457
-0.0033736,-0.0006509,0.0084076,-0.0033715,-0.0006505,0.0084479
-0.0037471,-0.0007805,0.0080926,-0.0037447,-0.00078,0.0081309
0.003455,0.0005328,0.0083517,0.0034527,0.0005324,0.0083917
0.0037682,0.0004315,0.0080481,0.0037656,0.0004312,0.0080863
0.003316,0.0008575,0.0082464,0.0033138,0.000857,0.008286
0.0029803,0.0008307,0.0083324,0.0029783,0.0008302,0.0083728
0.0020775,0.0011056,0.0074387,0.0020761,0.0011049,0.0074755
0.0030438,0.0011118,0.006896,0.0030417,0.001111,0.0069296
-0.0027603,-0.0028173,0.0052962,-0.0027588,-0.0028158,0.0053224
-0.0010855,-0.0024061,0.0056956,-0.0010849,-0.0024047,0.0057248
-0.0020684,-0.0013375,0.0057734,-0.0020672,-0.0013367,0.005803
-0.0021314,-0.0023343,0.0064517,-0.0021301,-0.0023328,0.0064834
-0.0028763,-0.000564,0.0058293,-0.0028747,-0.0005636,0.0058588
-0.0029589,-0.0013053,0.006351,-0.002957,-0.0013044,0.0063822
-0.0041172,-0.0003264,0.0049823,-0.0041153,-0.0003262,0.005007
-0.0041228,-0.0003706,0.0052634,-0.0041207,-0.0003703,0.0052892
-0.0020155,-0.0004157,0.0052982,-0.0020144,-0.0004153,0.0053266
-0.003107,0.0014142,0.0083114,-0.0031049,0.0014132,0.0083513
-0.0036331,0.0009051,0.0084261,-0.0036307,0.0009046,0.0084662
-0.0001372,-0.0032946,0.0087162,-0.0001371,-0.0032927,0.008758
-4.88e-05,-0.0037636,0.0083717,-4.88e-05,-0.0037611,0.0084114
0.0017317,0.0033527,0.0080567,0.0017305,0.0033504,0.0080951
0.0023694,0.0029194,0.0080475,0.0023678,0.0029174,0.0080859
0.0024604,0.0029621,0.0077243,0.0024587,0.00296,0.0077611
0.0030061,0.0019856,0.0070013,0.003004,0.0019843,0.0070351
0.0021104,0.0018654,0.0069066,0.002109,0.0018641,0.0069407
0.0013004,-0.0020629,0.005744,0.0012997,-0.0020616,0.0057735
0.0017958,-0.0037965,0.0052732,0.001795,-0.0037944,0.0052989
0.0016619,-0.0032493,0.0051805,0.0016611,-0.0032475,0.0052065
0.0037312,0.0016468,0.0052794,0.0037293,0.0016462,0.0053055
0.0022862,-0.0012836,0.0058115,0.002285,-0.0012827,0.0058411
0.0030647,-0.0013262,0.0063713,0.0030628,-0.0013252,0.0064025
0.0035802,-0.0020994,0.005283,0.0035785,-0.0020982,0.005309
0.0034216,-0.0017051,0.0051714,0.0034199,-0.0017041,0.0051973
0.0037785,-0.0016964,0.0053016,0.0037766,-0.0016954,0.0053276
-0.0024457,-0.0024964,0.0083615,-0.0024442,-0.0024948,0.0084015
-0.0018111,-0.0022883,0.0069936,-0.0018099,-0.0022868,0.0070278
-0.0036782,0.0004181,0.0083851,-0.0036758,0.0004178,0.008425
-0.0041161,0.0005145,0.005231,-0.004114,0.0005144,0.0052567
-0.0042097,0.0001152,0.0052123,-0.0042077,0.0001153,0.0052379
-0.0033429,-0.000958,0.0086313,-0.0033408,-0.0009575,0.0086726
-0.0033583,-0.0010979,0.008308,-0.0033561,-0.0010972,0.0083477
-0.0003261,0.0017598,0.0075794,-0.0003259,0.0017587,0.0076171
-0.0003009,0.0028409,0.006941,-0.0003007,0.002839,0.0069752
-0.0009205,0.0035351,0.0083406,-0.0009199,0.0035327,0.0083805
0.0039224,0.0009326,0.0051904,0.0039205,0.0009322,0.0052162
0.0010204,-0.0032829,0.0081741,0.0010197,-0.0032807,0.0082131
0.0030446,0.0028515,0.0047693,0.0030432,0.0028503,0.0047931
0.0031734,0.0026418,0.0049741,0.0031719,0.0026407,0.0049989
-0.0031146,-0.0018686,0.0084378,-0.0031127,-0.0018675,0.0084779
-0.0022718,-0.003027,0.0080684,-0.0022703,-0.003025,0.0081066
0.0030555,0.0020923,0.0086766,0.0030535,0.0020909,0.008718
0.0031658,0.002098,0.0083482,0.0031636,0.0020966,0.0083879
0.0001854,0.0041216,0.0050007,0.0001853,0.0041197,0.0050257
0.0036,0.0019509,0.0050009,0.0035983,0.0019502,0.0050259
0.0036153,0.0020213,0.0052593,0.0036134,0.0020205,0.0052852
-0.0017275,-0.0031735,0.008221,-0.0017264,-0.0031714,0.0082601
0.0033361,0.0005166,0.0079182,0.0033338,0.0005163,0.0079564
0.0037278,0.0004329,0.0077597,0.0037252,0.0004326,0.0077967
0.0019045,-0.0034536,0.005018,0.0019037,-0.0034518,0.005043
0.0015886,-0.0034588,0.0049008,0.001588,-0.0034571,0.0049255
0.00212,-0.0035536,0.0052603,0.002119,-0.0035517,0.005286
-0.0036747,0.0019842,0.005315,-0.0036728,0.0019833,0.0053411
-0.001001,-0.0032108,0.0079987,-0.0010004,-0.0032087,0.0080371
0.003609,-0.0012206,0.0081817,0.0036064,-0.0012197,0.0082205
0.0032251,-0.0019456,0.0080615,0.0032229,-0.0019442,0.0080998
0.0034195,-0.0015348,0.0080294,0.0034172,-0.0015336,0.0080676
-0.0028424,0.0030093,0.0050039,-0.002841,0.003008,0.0050288
-0.0033635,0.0024066,0.0050673,-0.0033618,0.0024057,0.0050925
-0.0018862,-0.0032764,0.0047545,-0.0018853,-0.0032748,0.0047787
-0.0022643,-0.0029958,0.0047275,-0.0022632,-0.0029944,0.0047517
-0.0032439,0.0018627,0.0081683,-0.0032417,0.0018615,0.0082071
-0.0038256,3.01e-05,0.0079933,-0.0038231,3.01e-05,0.0080312
-0.0038064,0.0001272,0.0076795,-0.0038039,0.0001272,0.007716
-0.0019221,0.000271,0.0074862,-0.0019209,0.0002709,0.0075234
-0.0026093,0.000293,0.0068985,-0.0026076,0.0002929,0.0069326
-0.0037472,0.0004817,0.0080776,-0.0037448,0.0004814,0.0081161
0.0007956,0.0037021,0.0083687,0.000795,0.0036997,0.0084086
0.001106,0.0036215,0.0080859,0.0011053,0.003619,0.0081244
0.000665,0.0036619,0.0080809,0.0006646,0.0036594,0.0081195
0.0008266,0.003716,0.0078389,0.0008261,0.0037134,0.0078763
0.0005528,0.0016705,0.0074623,0.0005524,0.0016694,0.0074996
0.0005936,0.0028819,0.0068909,0.0005932,0.00288,0.0069248
0.0011322,0.0032639,0.0081561,0.0011314,0.0032617,0.0081954
0.0009205,0.003444,0.0075877,0.0009198,0.0034417,0.0076242
-0.0018219,0.0037239,0.0050507,-0.0018209,0.0037223,0.0050758
-0.0024548,0.0033259,0.0050209,-0.0024536,0.0033245,0.0050459
-0.0017772,0.0037526,0.0053575,-0.0017762,0.0037508,0.0053839
-0.0011651,0.0019119,0.0056907,-0.0011645,0.001911,0.0057204
-0.001152,0.0028235,0.0063414,-0.0011512,0.0028218,0.006373
-0.0020101,0.0019515,0.0063036,-0.0020088,0.0019504,0.0063351
-0.001793,0.0029384,0.0071174,-0.0017918,0.0029365,0.0071519
0.0034738,0.0013223,0.0083085,0.0034714,0.0013214,0.0083481
-0.0019292,0.0001153,0.0068968,-0.0019279,0.0001153,0.0069314
-0.0010227,0.0002798,0.0068148,-0.001022,0.0002797,0.0068495
-0.0028547,0.0002888,0.0062642,-0.002853,0.0002887,0.0062955
-0.0037412,0.0004579,0.0077907,-0.0037387,0.0004577,0.0078277
0.0041072,-0.0005559,0.0052539,0.0041051,-0.0005554,0.0052797
0.0038028,-0.0001966,0.0050886,0.003801,-0.0001963,0.0051142
0.0036553,-0.0005157,0.0051758,0.0036535,-0.0005154,0.0052019
0.0033859,-0.0002689,0.0051877,0.0033841,-0.0002686,0.0052142
0.0012693,-0.0006596,0.005089,0.0012686,-0.0006591,0.0051173
0.0021399,-0.0005281,0.0057695,0.0021387,-0.0005276,0.0057994
0.0029488,-0.0003717,0.0063583,0.002947,-0.0003714,0.0063898
0.0040342,-0.0005492,0.0055178,0.0040321,-0.0005488,0.0055448
0.0040813,-0.0003832,0.0058148,0.004079,-0.0003828,0.005843
-0.0015025,-0.0034672,0.0080249,-0.0015015,-0.0034649,0.0080629
0.0007994,-0.0039918,0.004846,0.0007991,-0.0039899,0.0048702
0.0036189,0.0001483,0.0052292,0.0036171,0.0001484,0.0052555
0.0040439,-2.61e-05,0.0056203,0.0040417,-2.6e-05,0.0056477
-0.0029627,0.0028802,0.005258,-0.0029612,0.0028789,0.005284
0.0017649,-0.0032639,0.0083417,0.0017637,-0.0032618,0.0083813
0.0016321,-0.003444,0.0080395,0.0016309,-0.0034417,0.0080776
-0.0041151,-0.0007652,0.0050186,-0.0041131,-0.0007647,0.0050434
-0.0015514,-0.0030315,0.0079116,-0.0015504,-0.0030295,0.0079495
-0.0012189,-0.002902,0.0063719,-0.0012181,-0.0029001,0.0064032
-0.0005233,-0.0035849,0.0052019,-0.000523,-0.003583,0.0052281
-0.0034741,0.0016181,0.0053467,-0.0034723,0.0016175,0.0053733
-0.0031459,0.0013461,0.0052245,-0.0031443,0.0013455,0.0052512
-0.0011895,0.00111,0.0051308,-0.0011889,0.0011096,0.0051591
-0.0036643,0.00095,0.0052684,-0.0036625,0.0009497,0.0052948
-0.003918,0.0011353,0.0054846,-0.0039159,0.0011348,0.0055115
0.0027798,-0.0025801,0.0049199,0.0027785,-0.0025788,0.0049448
0.0029376,-0.0026737,0.0051845,0.0029361,-0.0026723,0.0052102
0.0023382,-0.0025632,0.0050655,0.0023371,-0.0025619,0.0050913
0.0022719,-0.0020035,0.0065301,0.0022704,-0.0020021,0.0065622
0.0029271,0.0016616,0.0086902,0.0029252,0.0016606,0.0087321
0.0033177,0.0017664,0.0083202,0.0033154,0.0017652,0.0083598
-0.0013853,0.0039952,0.0049081,-0.0013845,0.0039935,0.0049326
-0.0009647,0.0039653,0.0052632,-0.0009641,0.0039634,0.0052893
-0.0014196,0.0037647,0.0050659,-0.0014189,0.0037631,0.0050912
-0.0015897,-0.0038539,0.005068,-0.0015889,-0.003852,0.0050928
-0.0025086,-0.0025652,0.0051734,-0.0025073,-0.0025638,0.0051995
-0.0021285,-0.002288,0.0051586,-0.0021274,-0.0022867,0.0051852
-0.0010629,-0.0013033,0.0049784,-0.0010624,-0.0013025,0.005006
-0.0030807,-0.0019635,0.0051867,-0.0030792,-0.0019624,0.0052128
-0.0033564,-0.0017597,0.0052889,-0.0033548,-0.0017587,0.0053153
-0.0032578,-0.002555,0.0054638,-0.0032561,-0.0025536,0.0054904
0.0013631,0.0033155,0.0079482,0.0013622,0.0033133,0.0079863
0.0002573,-0.0037726,0.0080904,0.0002571,-0.00377,0.0081287
0.0007439,-0.0034347,0.0080553,0.0007435,-0.0034324,0.0080938
-0.0004295,-0.003732,0.0083535,-0.0004292,-0.0037296,0.0083931
-7.47e-05,-0.0031114,0.0083023,-7.47e-05,-0.0031094,0.0083424
-0.000194,-0.0037781,0.0080723,-0.0001938,-0.0037755,0.0081106
-0.000287,-0.0033712,0.008191,-0.0002868,-0.0033689,0.0082302
-0.0029649,0.0021898,0.0089668,-0.002963,0.0021884,0.0090096
-0.0028023,0.002321,0.0086707,-0.0028006,0.0023195,0.0087121
-0.0010573,-0.002194,0.006975,-0.0010566,-0.0021925,0.0070095
-0.0011672,-0.003598,0.0079406,-0.0011664,-0.0035956,0.0079782
-0.0009549,-0.0032993,0.0076769,-0.0009543,-0.0032971,0.0077138
-0.0004937,-0.0014735,0.0076116,-0.0004934,-0.0014726,0.0076494
-0.0004372,-0.0022125,0.006911,-0.0004369,-0.002211,0.0069454
-0.0010894,-0.0013426,0.0074084,-0.0010887,-0.0013418,0.0074453
0.0021007,-0.0016012,0.0067101,0.0020994,-0.0016001,0.0067434
0.0014684,-0.0012431,0.0068486,0.0014674,-0.0012421,0.006883
0.0036836,-0.0011003,0.0078941,0.0036811,-0.0010994,0.0079315
0.0032026,-0.0011089,0.0076611,0.0032003,-0.0011081,0.007698
0.0013548,-0.0013302,0.0074414,0.0013539,-0.0013292,0.0074784
0.0012709,-0.0004765,0.0073925,0.00127,-0.0004762,0.0074295
0.0019847,-0.0003673,0.0067944,0.0019833,-0.000367,0.0068285
-0.0032218,-0.0014205,0.0080794,-0.0032197,-0.0014196,0.008118
-0.0001454,0.003785,0.0083421,-0.0001452,0.0037824,0.0083819
0.0012942,0.0039469,0.0053198,0.0012936,0.0039449,0.005346
0.0016877,0.0036432,0.0052891,0.0016868,0.0036414,0.0053154
0.0019044,0.0031265,0.0052082,0.0019035,0.003125,0.0052346
0.0012953,0.0021696,0.0057852,0.0012945,0.0021684,0.0058149
0.0012438,0.0026733,0.0062365,0.001243,0.0026717,0.0062677
0.0036159,0.0008192,0.0079977,0.0036134,0.0008187,0.0080358
-0.0022048,0.0030219,0.0086877,-0.0022034,0.00302,0.0087291
-0.002239,0.0030135,0.0083356,-0.0022375,0.0030114,0.0083753
0.0016577,-0.003767,0.0055372,0.0016569,-0.0037648,0.0055641
0.0018987,-0.0030918,0.0055625,0.0018976,-0.00309,0.00559
0.0020304,-0.003428,0.0057209,0.0020293,-0.003426,0.0057487
0.001423,-0.0013579,0.0056831,0.0014223,-0.0013571,0.0057129
0.0013485,-0.0020465,0.0063458,0.0013477,-0.0020451,0.0063777
-0.0032855,0.0013507,0.0080646,-0.0032833,0.0013498,0.0081033
-0.0036315,0.0009246,0.0081163,-0.003629,0.000924,0.0081549
0.000822,-0.0037687,0.005039,0.0008217,-0.0037668,0.0050642
0.0001584,-0.0042388,0.0052066,0.0001584,-0.0042366,0.005232
0.00046,-0.0037764,0.0051749,0.0004599,-0.0037744,0.0052007
0.0002339,-0.0041231,0.0055313,0.0002338,-0.0041207,0.0055582
0.0035792,-0.0012903,0.0051032,0.0035775,-0.0012895,0.0051288
0.0037839,-0.0015981,0.0055385,0.0037819,-0.0015971,0.0055656
0.0014298,-0.003915,0.0053922,0.0014291,-0.0039128,0.0054184
-0.0033584,0.0025308,0.0048439,-0.0033568,0.0025299,0.004868
0.003249,5.4e-06,0.0079124,0.0032468,5.4e-06,0.0079505
0.0037613,-2.28e-05,0.0077932,0.0037586,-2.28e-05,0.0078303
0.000412,-0.0034702,0.0083291,0.0004118,-0.0034679,0.0083688
-0.0014236,-0.0034476,0.0077213,-0.0014227,-0.0034453,0.0077579
-0.00133,0.0034727,0.0083262,-0.0013291,0.0034704,0.008366
-0.0009586,0.0031934,0.0084436,-0.000958,0.0031914,0.0084844
-0.0004917,0.0009795,0.008195,-0.0004914,0.0009789,0.0082358
-0.0012064,0.0019706,0.0074334,-0.0012055,0.0019693,0.0074702
-0.0008993,0.0035166,0.0080058,-0.0008986,0.0035142,0.0080442
-0.0009542,0.0037083,0.0077832,-0.0009535,0.0037057,0.0078203
-0.0014426,0.0033096,0.0086822,-0.0014416,0.0033076,0.0087238
0.0031386,-0.0021326,0.0076615,0.0031364,-0.0021311,0.0076979
0.0034955,-0.0014305,0.0077733,0.0034931,-0.0014294,0.0078102
-0.0021354,-0.0030873,0.0077777,-0.002134,-0.0030853,0.0078146
0.0038724,-0.0013813,0.0049324,0.0038706,-0.0013805,0.004957
-6.82e-05,-0.0034967,0.0054807,-6.81e-05,-0.0034947,0.005508
0.0016234,0.0031922,0.0077912,0.0016223,0.00319,0.0078286
0.0015087,0.0029016,0.0077536,0.0015076,0.0028997,0.0077911
0.0013992,0.0012082,0.007685,0.0013982,0.0012075,0.0077232
0.0014208,0.0013827,0.0069155,0.0014199,0.0013818,0.0069502
0.0010937,0.0019597,0.0069567,0.0010929,0.0019585,0.0069914
0.0021349,0.000265,0.0066716,0.0021335,0.000265,0.0067051
0.0033698,0.0005084,0.0076357,0.0033675,0.0005081,0.0076725
0.003061,0.0006929,0.0076723,0.0030588,0.0006925,0.0077094
0.0013462,0.0001823,0.0074252,0.0013453,0.0001822,0.0074624
0.0019702,0.0013072,0.0069143,0.0019689,0.0013064,0.0069487
0.0038624,0.0004533,0.0074872,0.0038597,0.000453,0.0075228
0.0034959,0.0018974,0.0054722,0.003494,0.0018966,0.0054992
0.0035312,0.0019597,0.0057842,0.0035292,0.0019588,0.0058125
0.002087,0.0019615,0.0063244,0.0020857,0.0019603,0.0063559
0.0015846,0.0013109,0.0058709,0.0015836,0.0013102,0.0059015
0.0020836,0.0010646,0.0062145,0.0020823,0.001064,0.006246
0.0037415,0.0016286,0.005563,0.0037394,0.0016279,0.0055902
0.0019322,0.0036879,0.0054801,0.0019312,0.0036859,0.005507
0.0022931,0.0031099,0.0055829,0.0022919,0.0031082,0.0056106
0.0025083,0.0032034,0.0058074,0.0025068,0.0032015,0.0058357
-0.0030658,-0.0022749,0.0079685,-0.0030638,-0.0022733,0.0080062
-0.0029209,-0.0021567,0.0076987,-0.002919,-0.0021552,0.0077354
-0.0028414,-0.0019718,0.0080754,-0.0028396,-0.0019705,0.008114
-0.0020979,-0.0012796,0.0066765,-0.0020966,-0.0012787,0.0067097
-0.0021151,0.0021502,0.0069038,-0.0021137,0.0021489,0.0069377
-0.0029497,0.0024337,0.0076787,-0.0029476,0.0024321,0.0077153
-0.0034015,0.001793,0.0077652,-0.0033991,0.0017918,0.0078022
-0.0004848,-0.0036541,0.0079294,-0.0004844,-0.0036516,0.0079671
0.0002597,0.004098,0.0055541,0.0002596,0.0040958,0.0055813
0.0004213,0.0039404,0.0057538,0.0004211,0.0039382,0.005782
0.0005989,0.0020636,0.0057871,0.0005986,0.0020626,0.0058173
0.0005658,0.0027672,0.006337,0.0005654,0.0027654,0.0063686
-0.0001952,0.0041239,0.0054816,-0.000195,0.0041218,0.0055085
0.0012794,-0.0020019,0.0069369,0.0012786,-0.0020005,0.0069713
0.0002806,-0.0038186,0.0077318,0.0002804,-0.0038159,0.0077684
0.0007729,-0.003391,0.0077787,0.0007724,-0.0033887,0.0078159
0.0005474,-0.0013401,0.0073784,0.000547,-0.0013391,0.0074153
0.0003872,-0.0022142,0.0069828,0.0003869,-0.0022127,0.0070175
0.0036931,0.0001042,0.0054819,0.0036911,0.0001043,0.0055092
0.0040985,7.27e-05,0.0058574,0.0040961,7.28e-05,0.0058857
-0.0040254,0.0004503,0.0055685,-0.0040232,0.0004502,0.0055958
-0.0035059,0.0006057,0.0054862,-0.0035041,0.0006055,0.0055137
-0.0031005,0.0004628,0.0054705,-0.0030988,0.0004627,0.0054984
-0.001912,0.0002481,0.00573,-0.001911,0.0002481,0.00576
-0.0011343,0.0001126,0.0057165,-0.0011337,0.0001127,0.0057471
-0.0020184,-0.0005238,0.0058535,-0.0020173,-0.0005234,0.0058838
-0.0019467,0.0001211,0.0063804,-0.0019455,0.0001211,0.0064129
-0.0025732,-0.0006679,0.0062336,-0.0025717,-0.0006674,0.0062648
-0.003499,0.0006074,0.0057791,-0.003497,0.0006072,0.0058078
-0.0038315,0.0005393,0.0057697,-0.0038293,0.0005392,0.005798
0.0026433,0.0025506,0.0083895,0.0026416,0.0025489,0.0084295
0.0027621,0.0025318,0.00811,0.0027602,0.0025301,0.0081486
-0.0037727,-0.00036,0.0080253,-0.0037702,-0.0003598,0.0080635
-0.0038415,-0.0002895,0.0077013,-0.0038389,-0.0002892,0.0077379
-0.0033868,0.0022645,0.005494,-0.003385,0.0022635,0.005521
-0.0031765,0.0024984,0.0057236,-0.0031746,0.0024972,0.0057516
-0.0036136,0.0018968,0.0055317,-0.0036117,0.0018959,0.0055588
-0.0025277,-0.0027536,0.0080505,-0.0025261,-0.0027518,0.0080887
0.0026856,-0.0025406,0.007988,0.0026838,-0.0025388,0.008026
-0.0005157,0.003772,0.0078748,-0.0005153,0.0037694,0.0079123
-0.0019227,-0.003241,0.0049976,-0.0019218,-0.0032394,0.0050228
-0.0035766,-0.0003268,0.0052727,-0.0035748,-0.0003265,0.0052993
-0.0028966,-9.9e-05,0.0051551,-0.0028951,-9.88e-05,0.0051821
-0.0011126,-0.0003862,0.0051764,-0.001112,-0.0003859,0.0052052
-0.0012924,-0.0004162,0.0045371,-0.0012917,-0.0004159,0.0045637
-0.0040337,-0.0009774,0.0052314,-0.0040317,-0.0009768,0.005257
-0.0039041,-0.0002352,0.0056139,-0.003902,-0.000235,0.0056415
-0.0041164,-0.0003634,0.0057899,-0.0041141,-0.0003631,0.0058179
0.003019,0.0014641,0.0084206,0.0030171,0.0014631,0.0084611
-0.0005085,-0.0041101,0.0054513,-0.0005083,-0.0041078,0.0054778
-0.0006463,-0.0036597,0.0054401,-0.0006459,-0.0036576,0.0054671
0.0007726,-0.0037995,0.0052632,0.0007723,-0.0037974,0.0052893
-0.0033393,0.0013864,0.0077615,-0.003337,0.0013854,0.0077986
-0.0030095,0.0014227,0.007661,-0.0030075,0.0014217,0.007698
-0.0011482,0.0012111,0.0074401,-0.0011475,0.0012103,0.0074773
-0.0018933,0.0009937,0.0069419,-0.001892,0.0009931,0.0069766
-0.0037393,0.0009579,0.0077752,-0.0037367,0.0009573,0.0078121
0.0034407,-0.0003831,0.0079194,0.0034383,-0.0003827,0.0079574
0.0019421,0.0032562,0.0077762,0.0019408,0.003254,0.0078133
0.0004803,0.0018038,0.0068583,0.00048,0.0018027,0.0068928
-0.0033578,-0.0013523,0.0078278,-0.0033556,-0.0013514,0.0078651
-0.0029156,-0.0014597,0.0077893,-0.0029137,-0.0014588,0.0078268
0.0036336,-0.000766,0.0080737,0.003631,-0.0007654,0.0081121
0.0035265,-0.0007671,0.0077464,0.0035241,-0.0007666,0.0077834
6.87e-05,-0.0030736,0.0079844,6.86e-05,-0.0030716,0.008023
-0.0001252,-0.0037958,0.0077856,-0.0001251,-0.0037932,0.0078225
-0.0026316,-0.002851,0.0055766,-0.0026302,-0.0028494,0.005604
0.000401,-0.0037123,0.0054404,0.0004008,-0.0037102,0.0054674
0.0003472,-0.00409,0.0057442,0.0003471,-0.0040875,0.005772
0.0036282,0.0005252,0.0055181,0.0036263,0.000525,0.0055456
0.0040708,0.000532,0.0057941,0.0040684,0.0005318,0.0058222
-0.0030335,0.0021521,0.0084037,-0.0030314,0.0021507,0.0084438
-0.0031099,0.0021159,0.0079565,-0.0031078,0.0021144,0.0079944
0.0003564,-0.0034071,0.0080406,0.0003563,-0.0034049,0.008079
0.0037446,-0.0004111,0.0056519,0.0037426,-0.0004107,0.0056797
0.0030536,0.0027333,0.0052588,0.003052,0.002732,0.0052848
0.0035516,-0.0020249,0.0055482,0.0035497,-0.0020236,0.0055753
-0.0009904,0.0040004,0.00554,-0.0009898,0.0039984,0.0055672
-0.0006199,0.0039908,0.0055401,-0.0006195,0.0039887,0.0055673
-0.0013183,0.0035793,0.0078951,-0.0013174,0.0035768,0.0079328
-0.0011058,0.0031203,0.0078803,-0.001105,0.0031182,0.0079183
-0.0013511,0.00326,0.0080362,-0.0013502,0.0032578,0.0080748
-0.0013793,0.003239,0.0077582,-0.0013783,0.0032368,0.0077955
-0.0013487,0.0028266,0.0077327,-0.0013478,0.0028247,0.0077703
-0.0010273,0.001864,0.0066623,-0.0010266,0.0018628,0.0066958
0.0012333,0.0036248,0.0077882,0.0012324,0.0036223,0.0078253
0.0011569,0.0033002,0.0076845,0.0011561,0.0032979,0.0077215
0.0011651,0.0036852,0.0072591,0.0011643,0.0036827,0.0072938
0.0012805,0.0035456,0.0049522,0.0012799,0.0035441,0.0049774
0.0008055,0.0040265,0.0052507,0.0008051,0.0040245,0.0052767
0.0013518,0.0035408,0.0052136,0.0013511,0.0035391,0.0052399
0.0013145,0.0038833,0.0055579,0.0013139,0.0038812,0.0055852
-0.0035026,-0.0013742,0.004901,-0.0035009,-0.0013735,0.0049259
-0.0017146,0.0033497,0.0084027,-0.0017135,0.0033474,0.0084427
0.0031652,0.0021704,0.0077908,0.0031629,0.0021689,0.0078279
0.0028865,0.0024928,0.0077096,0.0028845,0.0024911,0.0077464
-0.0035715,0.0014334,0.0055465,-0.0035695,0.0014328,0.005574
-0.001738,-0.0032516,0.0076887,-0.0017368,-0.0032494,0.0077253
0.0034564,0.0015196,0.0080756,0.0034539,0.0015186,0.008114
-0.0022567,-0.0026608,0.0079187,-0.0022552,-0.002659,0.0079565
-0.0023808,-0.0023236,0.007868,-0.0023793,-0.0023221,0.0079058
-0.0026268,-0.0026631,0.007813,-0.0026251,-0.0026613,0.0078501
0.0034361,-0.0015901,0.0054796,0.0034342,-0.0015891,0.0055068
0.0033325,-0.0014682,0.0058001,0.0033306,-0.0014672,0.0058287
0.0020872,-0.0013509,0.0062587,0.0020859,-0.0013499,0.0062903
0.0037727,-0.0009136,0.0055064,0.0037707,-0.000913,0.0055336
0.0036367,-0.0016913,0.0057637,0.0036346,-0.0016902,0.0057918
0.0035395,0.0011302,0.0077517,0.003537,0.0011294,0.0077887
-0.0037182,-0.0007692,0.005278,-0.0037163,-0.0007687,0.0053043
-0.0015604,-0.0035366,0.0074155,-0.0015594,-0.0035342,0.0074506
0.0002384,-0.0038959,0.0074414,0.0002383,-0.0038932,0.0074767
0.000901,-0.0035812,0.0074471,0.0009004,-0.0035787,0.0074826
0.0034972,-0.0015246,0.0074599,0.0034948,-0.0015234,0.0074954
0.0033153,-0.001095,0.0073744,0.003313,-0.0010941,0.0074099
-0.0037633,-0.0003937,0.0073798,-0.0037609,-0.0003934,0.007415
-0.003876,-0.0002663,0.0071428,-0.0038735,-0.0002661,0.0071768
-0.0021481,-0.0004884,0.0066913,-0.0021468,-0.000488,0.0067248
-0.0039175,7e-07,0.0074084,-0.003915,8e-07,0.0074435
0.0022558,-0.0024926,0.0080829,0.0022543,-0.0024909,0.0081217
-9.17e-05,0.0037518,0.0079059,-9.17e-05,0.0037492,0.0079436
0.0011917,0.0036709,0.007556,0.0011909,0.0036684,0.0075921
0.0015967,0.0031486,0.0075191,0.0015956,0.0031464,0.0075553
0.0007918,0.0037558,0.0074541,0.0007912,0.0037532,0.0074897
0.001187,0.0032749,0.0073495,0.0011862,0.0032727,0.007385
-3.72e-05,0.0040078,0.0057846,-3.71e-05,0.0040055,0.0058129
0.0019134,-0.0032233,0.0079954,0.001912,-0.0032212,0.0080333
-0.0036554,-0.000838,0.0049541,-0.0036537,-0.0008375,0.0049792
0.003314,-0.0019394,0.0074185,0.0033117,-0.001938,0.0074537
0.0032971,-0.0020263,0.0071362,0.0032948,-0.0020248,0.0071702
-0.003278,-0.0023673,0.0056708,-0.0032762,-0.002366,0.0056984
-0.0036123,-0.0014637,0.0057974,-0.0036102,-0.0014628,0.0058258
-0.0012498,-0.0014676,0.0056601,-0.0012491,-0.0014666,0.0056898
-0.001989,-0.0013818,0.0062101,-0.0019878,-0.0013809,0.0062414
-0.000918,-0.0022808,0.006422,-0.0009175,-0.0022793,0.0064541
-0.0039335,0.0010543,0.0057991,-0.0039312,0.0010539,0.0058272
-0.0021335,0.0009804,0.0063161,-0.0021321,0.0009799,0.006348
-0.0009936,-0.0035701,0.0052582,-0.0009931,-0.0035682,0.0052844
-0.0015958,-0.0037512,0.0052878,-0.0015949,-0.0037493,0.0053137
-0.0033331,-0.0007722,0.0080099,-0.003331,-0.0007717,0.0080484
-0.0030962,0.0022327,0.007451,-0.003094,0.0022311,0.0074866
-0.0031506,0.0022805,0.0071501,-0.0031484,0.002279,0.0071842
-0.0035274,0.0016921,0.0074493,-0.0035249,0.001691,0.0074848
-0.00416,9.71e-05,0.005452,-0.0041578,9.72e-05,0.0054786
-0.0034279,9.44e-05,0.0054353,-0.0034261,9.45e-05,0.0054627
-0.0040862,0.0002747,0.0058508,-0.0040839,0.0002747,0.0058791
-0.0003157,-0.002171,0.0061894,-0.0003155,-0.0021697,0.0062208
-0.0005569,-0.0036904,0.0057654,-0.0005565,-0.0036883,0.0057937
-0.0003756,-0.0031595,0.0056407,-0.0003754,-0.0031577,0.0056691
-0.000265,-0.0013392,0.0056763,-0.0002648,-0.0013383,0.0057065
0.0009288,-0.0038345,0.0054965,0.0009284,-0.0038323,0.0055234
0.0035137,0.002222,0.0055122,0.0035118,0.0022209,0.0055392
-0.0015117,-0.0031426,0.0073838,-0.0015107,-0.0031404,0.0074192
-0.001877,-0.0033131,0.0071615,-0.0018757,-0.0033108,0.0071956
-0.0009783,-0.0013375,0.0068195,-0.0009777,-0.0013367,0.0068538
-0.0022205,-0.0031081,0.0075073,-0.002219,-0.003106,0.0075429
-0.0037645,-0.0007592,0.0078197,-0.003762,-0.0007587,0.0078567
-0.0016627,0.0034055,0.0080463,-0.0016615,0.0034032,0.0080847
0.0037267,0.0016059,0.0058131,0.0037245,0.0016052,0.0058414
0.0019724,0.0032668,0.0074763,0.001971,0.0032646,0.007512
0.0023624,0.0029841,0.0074085,0.0023608,0.002982,0.0074438
0.0022608,0.0031625,0.007182,0.0022593,0.0031603,0.0072163
-0.0030533,-0.0023464,0.0074512,-0.0030512,-0.0023447,0.0074866
0.0017136,-0.0036808,0.0057924,0.0017126,-0.0036785,0.0058204
0.0015635,0.0037242,0.0054811,0.0015627,0.0037223,0.0055081
-0.0038029,-0.0015968,0.0052225,-0.003801,-0.0015959,0.0052482
-0.0034039,-0.0021134,0.0049709,-0.0034023,-0.0021123,0.0049957
0.00363,0.0009287,0.0054891,0.0036281,0.0009283,0.0055164
0.0013492,-0.0037592,0.0055988,0.0013485,-0.003757,0.0056261
0.0034203,0.0001184,0.0076647,0.0034179,0.0001184,0.0077016
0.0039023,6.05e-05,0.0074634,0.0038995,6.05e-05,0.0074989
0.0035789,0.0006515,0.007484,0.0035764,0.0006511,0.0075199
0.0038523,0.000485,0.0071407,0.0038496,0.0004848,0.0071748
0.001962,0.0034874,0.0057232,0.0019609,0.0034854,0.0057513
0.0002303,0.0037032,0.0080886,0.0002302,0.0037006,0.0081272
0.0003086,0.0037768,0.007784,0.0003084,0.0037741,0.0078211
0.0014959,0.0033125,0.0056232,0.0014951,0.0033107,0.0056513
0.0016181,0.0030217,0.0057304,0.0016172,0.0030201,0.0057591
0.0012152,0.0018957,0.0062184,0.0012144,0.0018946,0.0062501
0.0020181,0.0031122,0.005787,0.0020169,0.0031105,0.0058156
0.0021547,0.0033894,0.0060144,0.0021534,0.0033873,0.0060437
0.0015793,-0.0035526,0.0077811,0.0015782,-0.0035502,0.0078179
0.0010416,-0.0035456,0.0077449,0.0010409,-0.0035431,0.0077817
0.0020011,0.0002747,0.0061939,0.0019999,0.0002747,0.0062256
0.0035098,6.74e-05,0.0056711,0.0035078,6.75e-05,0.0056994
0.0013179,0.0003359,0.0057299,0.0013171,0.0003358,0.0057604
0.0010568,-0.0003463,0.0057502,0.0010562,-0.000346,0.0057809
0.0020195,-0.0005407,0.0062925,0.0020183,-0.0005403,0.0063245
0.0039615,8.53e-05,0.0061937,0.0039591,8.54e-05,0.0062237
0.0034098,-0.0021739,0.0058213,0.0034079,-0.0021725,0.0058495
0.0037984,-0.0008932,0.0052471,0.0037966,-0.0008926,0.0052732
0.0004886,-0.0038932,0.0075558,0.0004883,-0.0038904,0.0075915
-8.17e-05,-0.0038824,0.0074662,-8.17e-05,-0.0038797,0.0075016
-5.27e-05,-0.0038672,0.0071902,-5.26e-05,-0.0038645,0.0072243
0.0004233,-0.0035455,0.0074501,0.0004231,-0.0035431,0.0074857
0.0003089,-0.0039393,0.0071596,0.0003088,-0.0039366,0.0071935
0.000396,-0.0035251,0.0077593,0.0003957,-0.0035227,0.0077964
-0.0017269,0.0034025,0.0076907,-0.0017257,0.0034001,0.0077274
-0.0009763,-0.0035246,0.0057703,-0.0009757,-0.0035225,0.0057986
-0.0002258,-0.003409,0.0076145,-0.0002256,-0.0034067,0.0076511
0.0023888,-0.002858,0.0053614,0.0023876,-0.0028563,0.0053881
0.0007653,0.0039415,0.0055505,0.0007649,0.0039394,0.0055778
-0.0032555,-0.0020828,0.0054551,-0.0032538,-0.0020816,0.005482
-0.0035406,-0.0014492,0.0055825,-0.0035387,-0.0014484,0.00561
0.0038613,-0.0003695,0.0074828,0.0038585,-0.0003692,0.0075184
-0.0023435,0.0033037,0.0055176,-0.0023422,0.003302,0.0055448
-0.0028862,0.0028521,0.005542,-0.0028846,0.0028508,0.0055693
0.0034022,0.0001775,0.0072351,0.0033998,0.0001774,0.0072701
0.0038492,0.0001438,0.0072119,0.0038465,0.0001437,0.0072464
0.0040711,-0.0002422,0.0060493,0.0040687,-0.000242,0.0060785
0.0039664,-0.0003283,0.0063174,0.0039638,-0.000328,0.0063478
0.0034087,6.73e-05,0.0060279,0.0034067,6.74e-05,0.0060577
0.0040333,0.0005021,0.0060945,0.0040308,0.0005019,0.0061239
-0.000479,0.0039877,0.0057962,-0.0004786,0.0039855,0.0058246
0.0016582,-0.003715,0.0060867,0.0016572,-0.0037126,0.0061159
0.0017179,-0.0035969,0.0063072,0.0017168,-0.0035945,0.0063373
0.0006108,-0.002256,0.0063831,0.0006104,-0.0022545,0.0064152
0.0012382,-0.0013793,0.0062168,0.0012374,-0.0013783,0.0062487
0.0017667,-0.003304,0.0060182,0.0017657,-0.0033019,0.0060475
-0.0019479,-0.0031703,0.0052928,-0.001947,-0.0031686,0.0053191
0.0033161,0.0017692,0.0080176,0.0033138,0.001768,0.0080558
0.003711,0.0003795,0.0058002,0.0037089,0.0003794,0.0058288
0.0036737,0.0004855,0.0060854,0.0036715,0.0004853,0.0061152
0.003929,0.0005677,0.0063164,0.0039264,0.0005674,0.0063469
0.0037891,0.0009159,0.0057584,0.003787,0.0009155,0.0057866
-0.0035958,0.0018724,0.0057692,-0.0035938,0.0018714,0.0057974
-0.0004513,0.0020553,0.0067179,-0.000451,0.002054,0.0067517
-0.0040027,0.000851,0.0060077,-0.0040003,0.0008507,0.0060367
-0.000935,-0.0036664,0.0074623,-0.0009344,-0.0036639,0.0074978
0.0027925,0.002643,0.007407,0.0027905,0.0026412,0.0074423
-6.45e-05,-0.0040472,0.0060141,-6.45e-05,-0.0040447,0.006043
-0.0004968,-0.0036413,0.0059903,-0.0004965,-0.003639,0.0060195
-0.0008873,0.0036391,0.0074649,-0.0008867,0.0036366,0.0075007
0.0028159,0.0025851,0.0054535,0.0028144,0.0025838,0.0054806
-0.0013305,0.0039739,0.0053393,-0.0013297,0.003972,0.0053656
-0.000797,0.0034203,0.0051911,-0.0007965,0.0034187,0.0052176
-0.0009859,0.0030467,0.0051788,-0.0009854,0.0030453,0.0052056
-0.0003338,0.0011373,0.005127,-0.0003335,0.0011368,0.0051556
-0.0014654,0.003607,0.0052544,-0.0014646,0.0036053,0.0052807
-0.0015011,0.003635,0.0055238,-0.0015002,0.0036331,0.0055511
-0.0038751,0.0004052,0.0074676,-0.0038725,0.000405,0.007503
0.0003372,0.0040143,0.006032,0.000337,0.0040119,0.0060614
0.0003098,0.0039366,0.0063288,0.0003096,0.0039342,0.0063594
0.0005632,0.0019685,0.0062792,0.0005628,0.0019674,0.0063113
-0.0002721,0.0018884,0.0062741,-0.0002718,0.0018874,0.0063063
-8.9e-05,0.0040148,0.0061187,-8.89e-05,0.0040123,0.0061484
0.0034547,0.0014814,0.0077633,0.0034523,0.0014804,0.0078003
0.0036073,0.0014539,0.0075221,0.0036048,0.0014529,0.0075579
-0.0026342,0.0026739,0.0086875,-0.0026325,0.0026722,0.0087289
0.0033081,0.0023582,0.005774,0.0033062,0.0023569,0.0058022
0.0035143,0.0021303,0.00603,0.0035121,0.0021291,0.0060592
0.003242,0.0023207,0.0062432,0.0032399,0.0023194,0.0062733
0.0004011,-0.0036886,0.0057436,0.0004008,-0.0036864,0.0057718
0.0002594,-0.0033783,0.0056096,0.0002593,-0.0033763,0.0056376
0.0006663,-0.0012548,0.0057265,0.0006659,-0.001254,0.0057569
0.0002834,-0.0040988,0.0060193,0.0002832,-0.0040962,0.0060483
0.0002156,-0.0039812,0.0062649,0.0002155,-0.0039786,0.0062949
-0.0013904,-0.0033522,0.0071262,-0.0013895,-0.0033499,0.0071603
0.0036199,-0.0007262,0.0074148,0.0036174,-0.0007257,0.0074502
-0.003475,0.001586,0.0071278,-0.0034726,0.0015849,0.0071619
0.0011643,-0.0039145,0.0058174,0.0011637,-0.0039121,0.0058455
0.0016727,-0.0032783,0.0057036,0.0016718,-0.0032763,0.0057317
-0.0026113,-0.0027981,0.0058315,-0.0026098,-0.0027964,0.0058599
0.0036067,-0.0015303,0.0060861,0.0036046,-0.0015293,0.0061156
-0.0033452,-0.0018706,0.0057904,-0.0033433,-0.0018695,0.0058187
-0.0031824,-0.0023906,0.0059541,-0.0031805,-0.0023892,0.0059829
0.0024882,0.0032428,0.0060448,0.0024867,0.0032408,0.0060741
0.0023849,0.0031821,0.0062958,0.0023834,0.0031801,0.0063262
0.0015976,-0.0035387,0.0074812,0.0015965,-0.0035363,0.0075166
0.0011956,-0.0033898,0.0074945,0.0011948,-0.0033875,0.0075303
-0.0040236,0.0004372,0.0060586,-0.0040212,0.0004371,0.0060878
-0.0040318,0.0005486,0.0062698,-0.0040293,0.0005484,0.0062999
0.0011127,0.0039567,0.0057844,0.0011121,0.0039545,0.0058126
0.0007745,0.0039628,0.0057747,0.0007741,0.0039606,0.0058029
0.0030828,-4.73e-05,0.0070005,0.0030807,-4.72e-05,0.0070347
0.001274,0.0001879,0.0069169,0.0012731,0.0001879,0.006952
0.0013371,-0.0005126,0.0067893,0.0013362,-0.0005122,0.0068237
0.0038276,-0.0002831,0.0072247,0.003825,-0.0002828,0.0072592
0.0038947,0.0001918,0.0068906,0.003892,0.0001917,0.0069236
0.0034736,-0.0009787,0.0072105,0.0034712,-0.0009779,0.0072452
0.003473,-0.0013364,0.0072536,0.0034706,-0.0013354,0.0072883
0.0007503,-0.0039295,0.0057542,0.0007499,-0.0039271,0.0057821
0.0019543,-0.0029769,0.0076119,0.0019529,-0.0029749,0.0076483
-0.0026562,0.0026511,0.0076249,-0.0026543,0.0026493,0.0076614
0.002443,-0.0026995,0.0057444,0.0024417,-0.0026978,0.0057727
-0.003436,0.0017581,0.0060157,-0.0034339,0.0017572,0.006045
-0.0037674,0.001004,0.0074811,-0.0037647,0.0010034,0.0075166
-0.0026381,0.0026055,0.0083875,-0.0026364,0.0026038,0.0084275
-0.0028961,0.0027783,0.0058129,-0.0028943,0.0027768,0.0058414
-0.0027735,0.0029528,0.0060889,-0.0027718,0.0029512,0.0061184
-0.0033472,0.0022701,0.0059782,-0.0033452,0.0022688,0.0060072
-0.003288,0.0022092,0.0062621,-0.0032859,0.002208,0.0062925
-0.001229,0.0019954,0.0063436,-0.0012282,0.0019942,0.0063757
-0.0034391,0.0013978,0.0074744,-0.0034368,0.0013968,0.0075102
0.0033576,-0.0003068,0.0073337,0.0033552,-0.0003066,0.0073691
-0.0038732,-0.0007656,0.00748,-0.0038705,-0.0007651,0.0075154
-0.0038514,-0.0007184,0.0071204,-0.0038488,-0.0007179,0.0071542
-0.0020928,-0.000714,0.0061489,-0.0020916,-0.0007135,0.0061802
0.0008149,-0.0035232,0.0071361,0.0008144,-0.0035208,0.0071702
0.0007277,-0.0031571,0.0070898,0.0007272,-0.0031549,0.0071241
0.000423,-0.0014726,0.0069293,0.0004228,-0.0014716,0.0069642
-0.0030717,-0.0022174,0.0071556,-0.0030696,-0.0022159,0.0071897
0.0035437,-0.0012683,0.0056569,0.0035418,-0.0012675,0.0056848
0.0018864,0.0033431,0.0071373,0.0018851,0.0033408,0.0071715
-0.0019593,0.0036458,0.0055401,-0.0019582,0.003644,0.0055673
0.0031889,0.0020737,0.0080593,0.0031866,0.0020723,0.0080977
0.0007519,0.0035967,0.0071932,0.0007514,0.0035943,0.0072279
-0.003232,-0.0012325,0.0073192,-0.0032299,-0.0012316,0.0073544
-0.0036716,-0.0011961,0.0051909,-0.0036698,-0.0011954,0.0052168
-0.0013686,-0.0037561,0.0059684,-0.0013678,-0.0037538,0.0059971
-0.0028651,0.0025981,0.0070939,-0.0028631,0.0025963,0.0071279
-0.0022021,0.0025701,0.0071715,-0.0022006,0.0025684,0.0072063
-0.0010004,0.0009934,0.0069503,-0.0009997,0.0009928,0.0069854
-0.0018817,-0.0031685,0.0055665,-0.0018806,-0.0031667,0.0055941
-0.0021805,-0.0029528,0.0055212,-0.0021794,-0.0029511,0.0055486
-0.0026112,-0.0026114,0.0074947,-0.0026095,-0.0026096,0.0075304
-0.0023527,-0.002434,0.0073758,-0.0023512,-0.0024323,0.0074113
-0.0028853,-0.0018882,0.007531,-0.0028834,-0.0018869,0.0075672
0.0027924,-0.0024106,0.0073744,0.0027905,-0.0024088,0.0074096
0.0022106,-0.0023539,0.0073883,0.0022092,-0.0023522,0.007424
-3.32e-05,-0.0032648,0.0073295,-3.32e-05,-0.0032626,0.0073648
-0.0009379,0.004007,0.0057427,-0.0009374,0.0040048,0.0057707
-0.0009149,-0.003832,0.0060038,-0.0009144,-0.0038297,0.0060328
-7.43e-05,-0.0035887,0.0059778,-7.42e-05,-0.0035864,0.006007
-0.0002307,-0.0040005,0.0062658,-0.0002305,-0.0039979,0.0062959
0.0036441,0.0010859,0.007403,0.0036415,0.0010852,0.0074384
-0.0009513,-0.0035921,0.0071426,-0.0009507,-0.0035896,0.0071767
0.0037451,-0.0002168,0.0060962,0.0037428,-0.0002166,0.0061259
-0.0039098,0.000958,0.0063149,-0.0039073,0.0009575,0.0063453
-8.85e-05,-0.0036775,0.0057407,-8.84e-05,-0.0036753,0.0057689
0.0022356,-0.0027315,0.0075592,0.0022341,-0.0027295,0.0075953
0.0031941,-0.0022673,0.0060385,0.0031921,-0.0022658,0.0060678
-0.0012859,0.0036406,0.0075778,-0.0012849,0.003638,0.007614
-0.0005178,0.0037686,0.0074372,-0.0005175,0.003766,0.0074727
-0.0008336,0.0031427,0.0074291,-0.000833,0.0031406,0.0074652
-0.0009528,0.0034574,0.0070888,-0.0009521,0.003455,0.0071231
-0.0013222,0.0033117,0.0074618,-0.0013212,0.0033094,0.0074977
0.003606,0.0016872,0.0060662,0.0036038,0.0016864,0.0060956
0.0032157,0.0017294,0.005986,0.0032137,0.0017285,0.0060154
0.0032488,0.0021931,0.0071647,0.0032465,0.0021916,0.0071988
0.0026063,0.0028415,0.00714,0.0026045,0.0028395,0.0071741
0.0038649,0.0007226,0.0073395,0.0038622,0.0007222,0.0073744
0.0035417,0.0006267,0.0072209,0.0035393,0.0006263,0.0072557
0.0039164,0.0006084,0.0068551,0.0039137,0.0006081,0.0068879
0.0036706,0.0010165,0.0071377,0.0036681,0.0010158,0.0071719
0.0031903,0.000888,0.0071408,0.0031881,0.0008874,0.0071754
0.0037276,-0.0012229,0.0062883,0.0037253,-0.001222,0.0063186
-0.0005751,0.0039369,0.0061245,-0.0005748,0.0039346,0.0061542
0.0004396,-0.0035945,0.0071272,0.0004393,-0.003592,0.0071613
0.0003079,-0.0039732,0.0069041,0.0003078,-0.0039705,0.0069369
-0.0016851,0.0034562,0.0073791,-0.0016839,0.0034538,0.0074144
-0.0038388,7.8e-05,0.0071186,-0.0038363,7.8e-05,0.0071526
0.0031987,0.0021862,0.0074576,0.0031964,0.0021847,0.0074931
-8.01e-05,0.0038284,0.0074881,-8e-05,0.0038257,0.0075239
0.0002979,0.0037736,0.0073467,0.0002977,0.003771,0.0073819
-0.0034908,0.0014881,0.0057865,-0.0034887,0.0014874,0.005815
-0.0030581,0.0014963,0.0057096,-0.0030564,0.0014956,0.0057382
-0.0009502,0.0009288,0.0056402,-0.0009497,0.0009284,0.0056704
-0.0037169,0.0012001,0.0060223,-0.0037146,0.0011996,0.0060516
0.0034485,-0.0002375,0.0070472,0.0034461,-0.0002372,0.0070812
0.0038436,-0.0003082,0.0068384,0.0038409,-0.0003079,0.0068712
-0.0014445,-0.0034224,0.0054488,-0.0014437,-0.0034204,0.0054758
-0.0009593,-0.0038898,0.0055193,-0.0009588,-0.0038876,0.0055462
0.0019854,-0.0032745,0.0074549,0.0019841,-0.0032722,0.0074902
0.0009456,-0.0038314,0.0060166,0.000945,-0.003829,0.0060457
-0.0033488,-0.0013213,0.0061018,-0.0033468,-0.0013205,0.0061317
-0.0006189,0.0037823,0.0071224,-0.0006184,0.0037797,0.0071566
0.0011658,-0.0035891,0.0059693,0.0011651,-0.0035868,0.0059982
0.0040295,-0.0007744,0.0057896,0.0040272,-0.0007739,0.0058177
0.00364,-0.0008928,0.0057562,0.003638,-0.0008922,0.0057845
-0.0001758,0.0039705,0.0063523,-0.0001756,0.003968,0.0063831
-0.00322,-0.0025404,0.0062155,-0.003218,-0.0025388,0.0062452
0.0035566,-0.0004272,0.006177,0.0035544,-0.0004269,0.0062072
0.0032711,-0.0001321,0.0062745,0.003269,-0.0001319,0.0063054
0.0011914,-0.0004012,0.0062521,0.0011907,-0.0004009,0.0062845
0.0012861,0.0001283,0.0062909,0.0012853,0.0001283,0.0063234
0.0039862,-0.0002476,0.0065997,0.0039835,-0.0002473,0.0066313
-0.0027738,0.0024792,0.0079975,-0.0027719,0.0024776,0.0080357
-0.0008758,-0.0038566,0.006303,-0.0008752,-0.0038541,0.0063332
-0.0009879,-0.0031471,0.0062616,-0.0009872,-0.0031451,0.0062923
-0.0002509,-0.0012719,0.0062352,-0.0002507,-0.001271,0.0062674
-0.0011311,-0.0013554,0.0062936,-0.0011304,-0.0013545,0.0063258
0.003738,0.001018,0.0062765,0.0037356,0.0010174,0.0063069
0.0019324,0.0034897,0.0062464,0.0019313,0.0034875,0.0062765
0.0011281,-0.0034894,0.0072384,0.0011273,-0.003487,0.007273
0.0015637,0.0034373,0.0072924,0.0015626,0.003435,0.0073273
0.0016718,0.0029476,0.007074,0.0016707,0.0029456,0.0071083
0.0012925,0.0033313,0.0071119,0.0012917,0.0033291,0.0071462
0.0010396,0.0037919,0.0069675,0.001039,0.0037893,0.0070008
0.0033636,-0.0021062,0.0062856,0.0033615,-0.0021047,0.0063158
0.0032853,-0.0015345,0.0062288,0.0032832,-0.0015334,0.0062591
0.0036016,-0.001682,0.006355,0.0035993,-0.0016808,0.0063856
0.0021455,-0.0032093,0.0062516,0.0021441,-0.0032072,0.0062817
-0.0039728,9.75e-05,0.0060058,-0.0039705,9.75e-05,0.0060349
-0.0017599,0.0036692,0.0058107,-0.0017589,0.0036672,0.0058391
0.0024282,0.0031014,0.0068855,0.0024265,0.0030992,0.0069185
0.00285,0.002673,0.0069185,0.0028481,0.0026712,0.0069516
-0.0030897,0.0013825,0.0071069,-0.0030876,0.0013816,0.0071413
-0.0037574,0.0009739,0.0072033,-0.0037548,0.0009734,0.0072376
0.0008118,-0.003606,0.0068694,0.0008112,-0.0036035,0.0069023
-0.0038442,0.0004267,0.007188,-0.0038416,0.0004265,0.0072223
0.0026141,-0.0028139,0.0062239,0.0026125,-0.002812,0.006254
-0.0022354,-0.0031096,0.0071542,-0.0022339,-0.0031075,0.0071882
0.0029477,0.0027522,0.0057664,0.002946,0.0027507,0.0057945
-0.0005386,-0.0037839,0.0062191,-0.0005382,-0.0037814,0.0062492
-0.0033566,-0.001425,0.0071218,-0.0033543,-0.0014239,0.0071559
-0.0029507,-0.0014235,0.0070903,-0.0029488,-0.0014226,0.0071247
-0.0034943,-0.0013976,0.0068841,-0.003492,-0.0013966,0.0069171
0.0012246,0.0039268,0.0060333,0.0012239,0.0039244,0.0060625
0.0014788,0.0036465,0.0059971,0.001478,0.0036443,0.0060264
-0.0038807,-0.0003851,0.0068426,-0.0038781,-0.0003848,0.0068753
-0.0039712,-5.1e-06,0.00683,-0.0039686,-5e-06,0.0068625
-0.0040136,-0.0007262,0.0057097,-0.0040113,-0.0007257,0.0057374
-0.0003987,-0.0038234,0.0075417,-0.0003984,-0.0038207,0.0075775
-0.0005242,-0.0034257,0.0074561,-0.0005238,-0.0034233,0.0074918
-0.0039227,-0.000762,0.0068559,-0.0039202,-0.0007615,0.0068884
0.00354,-0.0015915,0.0068616,0.0035376,-0.0015903,0.0068944
-0.0034147,-0.0008924,0.0077649,-0.0034124,-0.0008919,0.007802
-0.0034018,-0.0009769,0.0073708,-0.0033996,-0.0009762,0.0074061
-0.0031137,0.0017684,0.0070891,-0.0031116,0.0017673,0.0071233
-0.0034672,0.0018537,0.0068756,-0.0034648,0.0018525,0.0069086
-0.0023578,0.0032841,0.005827,-0.0023564,0.0032823,0.0058555
-0.0024224,0.0031948,0.0060952,-0.0024209,0.0031929,0.0061248
0.001663,0.0035204,0.0068483,0.0016619,0.003518,0.0068811
0.0037587,-0.0008952,0.0060187,0.0037565,-0.0008945,0.006048
-0.0031486,0.0023956,0.0068893,-0.0031465,0.0023941,0.0069223
-0.0014192,-0.0034584,0.0068991,-0.0014183,-0.0034561,0.0069321
-0.0026553,-0.002762,0.007168,-0.0026536,-0.0027601,0.0072021
-0.0025324,-0.0022359,0.007068,-0.0025308,-0.0022344,0.0071021
-0.0020945,-0.0022831,0.0071024,-0.0020931,-0.0022815,0.0071369
-0.0033136,-0.0018738,0.0070441,-0.0033114,-0.0018725,0.0070777
0.0035998,-0.0007008,0.0070748,0.0035973,-0.0007002,0.0071088
0.0029578,-0.0025475,0.0057419,0.0029562,-0.002546,0.00577
0.0028092,-0.0023121,0.0060048,0.0028075,-0.0023106,0.0060342
0.000775,0.0039994,0.0060253,0.0007746,0.003997,0.0060546
0.0034551,6.7e-05,0.0068716,0.0034527,6.71e-05,0.006905
0.0039744,9.25e-05,0.0065957,0.0039718,9.25e-05,0.0066273
0.0007025,0.0037561,0.0069058,0.0007021,0.0037536,0.006939
0.0012423,0.0033949,0.0068476,0.0012415,0.0033926,0.0068807
0.0011081,0.0038569,0.006611,0.0011075,0.0038544,0.0066428
0.0012531,-0.0037276,0.0068358,0.0012523,-0.0037251,0.0068683
0.0039928,0.0004721,0.0066237,0.0039902,0.0004719,0.0066554
0.0033159,-0.0019384,0.0068953,0.0033136,-0.001937,0.0069283
-0.0001342,-0.0032246,0.0070361,-0.0001341,-0.0032225,0.0070702
-0.0002489,-0.0011507,0.0069303,-0.0002487,-0.0011498,0.0069653
-0.0001189,-0.0039482,0.0068038,-0.0001188,-0.0039455,0.0068362
0.0030613,0.0025825,0.0060083,0.0030594,0.002581,0.0060375
-0.0001959,0.0038632,0.0071134,-0.0001957,0.0038606,0.0071475
0.0036372,-0.0005575,0.0063664,0.0036349,-0.000557,0.0063973
-0.0011163,0.0038643,0.0060181,-0.0011155,0.003862,0.0060474
0.0034498,-0.0019356,0.006612,0.0034475,-0.0019342,0.0066436
0.0036726,-0.0014156,0.0065827,0.0036702,-0.0014146,0.0066143
0.0007689,0.0039035,0.0063107,0.0007685,0.0039011,0.0063413
-0.0026353,-0.0028286,0.0062354,-0.0026337,-0.0028268,0.0062655
-0.0022004,-0.0029766,0.0062981,-0.0021991,-0.0029747,0.0063286
-0.0023515,-0.0032259,0.0068183,-0.0023501,-0.0032238,0.0068507
-0.0017329,-0.003361,0.0069436,-0.0017318,-0.0033587,0.0069768
-0.0035389,-0.0011209,0.0054664,-0.003537,-0.0011202,0.0054935
0.0013858,-0.003537,0.0071137,0.0013849,-0.0035346,0.0071477
0.0004063,-0.0036475,0.0060062,0.0004061,-0.0036452,0.0060356
0.0012709,-0.0037076,0.0062717,0.0012701,-0.0037052,0.0063019
0.0016807,-0.0032152,0.0063136,0.0016797,-0.0032131,0.0063443
0.0014664,-0.0037233,0.0065593,0.0014655,-0.0037208,0.0065905
-0.0022501,0.003076,0.0080246,-0.0022486,0.0030739,0.0080628
-0.002259,0.0030573,0.007682,-0.0022574,0.0030552,0.0077186
0.0034332,0.0019557,0.0062682,0.0034311,0.0019546,0.0062984
0.0032222,0.0014034,0.0061494,0.0032202,0.0014026,0.0061796
0.0011726,0.0013544,0.0061777,0.0011719,0.0013537,0.0062096
0.0035995,0.001507,0.0062957,0.0035972,0.0015061,0.0063261
-0.0015343,-0.0036252,0.0062916,-0.0015334,-0.0036229,0.0063218
0.0029327,0.0027053,0.006292,0.0029308,0.0027036,0.0063224
-0.0022511,0.0033396,0.0062954,-0.0022496,0.0033376,0.0063258
-0.0028507,0.0027178,0.0062873,-0.0028488,0.0027162,0.0063178
0.0039857,-0.0001253,0.0070456,0.0039829,-0.0001251,0.0070791
-0.0040344,1.46e-05,0.0062696,-0.004032,1.47e-05,0.0062997
-0.0038807,7.27e-05,0.0065377,-0.0038782,7.27e-05,0.0065691
-0.003962,0.0004653,0.0066207,-0.0039595,0.0004651,0.0066524
-0.0017018,0.0036283,0.0060972,-0.0017007,0.0036262,0.0061268
-0.0022259,-0.0026583,0.0071267,-0.0022245,-0.0026565,0.0071609
-0.0027465,-0.0027931,0.0067412,-0.0027448,-0.0027911,0.0067733
-0.0005725,0.0038906,0.0068797,-0.0005721,0.0038881,0.0069127
-0.0009223,0.0038535,0.0069071,-0.0009216,0.0038509,0.0069402
-0.0038892,0.0009649,0.0066197,-0.0038866,0.0009644,0.0066514
-0.0035082,-0.0010711,0.005718,-0.0035062,-0.0010704,0.0057462
0.0012012,0.0034808,0.0057618,0.0012005,0.0034788,0.0057904
0.0009682,0.0032722,0.0059447,0.0009677,0.0032703,0.0059743
0.0012401,0.0038241,0.00631,0.0012394,0.0038217,0.0063404
-0.003638,-0.001338,0.0065337,-0.0036357,-0.0013371,0.0065651
-0.0030859,-0.0016677,0.0064822,-0.003084,-0.0016665,0.0065137
-0.0035872,0.0017909,0.0063016,-0.0035849,0.0017899,0.0063319
0.0002937,-0.0039716,0.0066646,0.0002936,-0.0039689,0.0066963
0.0007955,-0.0036665,0.0065703,0.000795,-0.0036641,0.0066018
0.0007831,-0.0031796,0.006576,0.0007826,-0.0031774,0.0066081
0.0005666,-0.0013298,0.0062506,0.0005662,-0.0013289,0.0062828
-0.0039492,-0.000325,0.0065256,-0.0039467,-0.0003247,0.0065569
0.0020278,0.0033304,0.006844,0.0020265,0.0033281,0.0068768
0.0034832,0.0015053,0.0072202,0.0034808,0.0015044,0.0072547
-0.0025567,-0.0024839,0.0065105,-0.0025551,-0.0024822,0.0065421
-0.0029058,-0.0023773,0.0066082,-0.002904,-0.0023757,0.00664
0.0025744,-0.002512,0.0070711,0.0025727,-0.0025102,0.007105
0.0029363,-0.0024716,0.0067839,0.0029344,-0.0024698,0.0068164
0.0033459,0.0006072,0.0062027,0.0033438,0.0006069,0.0062332
0.0002363,0.0039576,0.006595,0.0002362,0.0039551,0.0066267
-0.0001163,0.0039978,0.0066138,-0.0001162,0.0039952,0.0066455
0.0003474,0.0038308,0.0068729,0.0003472,0.0038283,0.006906
-0.0013702,-0.0034925,0.0066407,-0.0013693,-0.0034902,0.0066725
-2.94e-05,-0.0039875,0.0065584,-2.94e-05,-0.0039848,0.0065896
-0.0003213,-0.0033871,0.0064267,-0.000321,-0.0033849,0.006458
0.0037724,-0.0012234,0.0068116,0.0037699,-0.0012225,0.0068441
0.0036838,-0.0004132,0.0065623,0.0036814,-0.0004128,0.006594
-0.0006514,0.0038974,0.0063823,-0.0006509,0.003895,0.0064132
-0.001051,0.0038598,0.0063119,-0.0010503,0.0038575,0.0063425
-0.0011049,-0.0037356,0.0065234,-0.0011041,-0.0037332,0.0065546
-0.0012933,0.0036661,0.0072393,-0.0012923,0.0036636,0.0072739
-0.0009308,0.0030136,0.0071138,-0.0009301,0.0030116,0.0071485
-0.0002729,0.0010692,0.006778,-0.0002727,0.0010686,0.0068126
-0.0013961,0.0033321,0.0071299,-0.0013951,0.0033298,0.0071643
-0.00086,-0.0037606,0.0067898,-0.0008594,-0.003758,0.0068222
0.0033198,0.002219,0.0066073,0.0033176,0.0022176,0.006639
0.001589,0.0036304,0.0062957,0.0015881,0.0036281,0.0063261
0.0016077,0.0030479,0.0061867,0.0016067,0.003046,0.0062172
0.0020202,0.003041,0.0062145,0.0020189,0.0030391,0.0062449
0.00176,0.0034743,0.0065615,0.0017589,0.003472,0.0065931
-0.0031626,0.0023706,0.0065649,-0.0031605,0.0023692,0.0065965
-0.003506,0.0017614,0.0066359,-0.0035037,0.0017603,0.0066678
0.0024348,0.0031297,0.0065742,0.0024332,0.0031276,0.0066058
0.0035053,3.88e-05,0.0065781,0.003503,3.88e-05,0.00661
0.0022272,-0.0032793,0.0066189,0.0022258,-0.0032771,0.0066505
0.0033729,0.0017788,0.0074596,0.0033705,0.0017776,0.0074952
0.0032758,0.0018391,0.0077541,0.0032735,0.0018379,0.0077911
-0.0020161,0.0031526,0.0074033,-0.0020147,0.0031505,0.0074388
-0.0034954,0.0013039,0.0068468,-0.0034931,0.0013031,0.0068797
-0.0038716,0.000926,0.0069176,-0.003869,0.0009255,0.0069506
-0.0039364,0.0005478,0.0069451,-0.0039339,0.0005475,0.0069782
0.0035198,-0.0008455,0.006522,0.0035175,-0.0008448,0.0065536
-0.0003077,-0.0036032,0.0067063,-0.0003075,-0.0036008,0.0067385
4.37e-05,-0.0039557,0.0070073,4.37e-05,-0.003953,0.0070406
0.0004104,-0.00362,0.0068534,0.0004102,-0.0036175,0.0068864
-0.0033877,-0.0009035,0.0071226,-0.0033854,-0.0009028,0.0071569
0.0008026,-0.0037556,0.0062545,0.0008021,-0.0037532,0.0062847
-0.0004467,-0.0038918,0.0071928,-0.0004464,-0.0038891,0.0072269
-0.0005399,-0.0034995,0.0069759,-0.0005395,-0.0034972,0.0070094
-9.91e-05,-0.0035742,0.006256,-9.9e-05,-0.0035718,0.0062864
0.0039478,-0.0006226,0.006557,0.0039452,-0.0006221,0.0065885
0.0028377,0.0027268,0.0066387,0.0028358,0.002725,0.0066706
0.0032644,0.0022082,0.0069274,0.0032621,0.0022068,0.0069605
0.0034689,0.0017791,0.0065615,0.0034666,0.0017781,0.0065931
0.0036882,0.0013694,0.0065897,0.0036858,0.0013685,0.0066214
-0.0039752,-0.0002574,0.0060107,-0.0039729,-0.0002572,0.0060398
-0.0037787,-0.000893,0.0060887,-0.0037764,-0.0008924,0.0061182
-0.0027073,0.0028381,0.0068468,-0.0027054,0.0028362,0.0068796
-0.0035087,0.0009776,0.0068467,-0.0035064,0.0009771,0.0068797
-0.0035995,-0.0016575,0.0063808,-0.0035972,-0.0016563,0.0064114
0.0007249,0.0038622,0.006628,0.0007246,0.0038597,0.0066599
0.0036218,0.0008013,0.0068869,0.0036193,0.0008009,0.0069201
0.0016289,-0.0035817,0.0068818,0.0016279,-0.0035792,0.0069145
0.0011638,-0.0036191,0.0065816,0.0011631,-0.0036166,0.0066132
-0.0036885,0.0013866,0.0062907,-0.0036861,0.0013859,0.0063211
-0.0030343,0.0013968,0.0062899,-0.0030325,0.001396,0.0063208
-0.0010254,0.0010297,0.0062497,-0.0010248,0.0010292,0.006282
-0.0018839,-0.0031905,0.0058,-0.0018828,-0.0031886,0.0058284
-0.0034772,-0.0010597,0.0059556,-0.0034751,-0.001059,0.0059849
-0.0017566,0.0034495,0.0071521,-0.0017554,0.0034472,0.0071863
-0.0037375,-0.0005785,0.0066617,-0.0037351,-0.0005781,0.0066937
-0.0004692,0.0039621,0.0066343,-0.0004689,0.0039595,0.0066662
-0.0009106,0.0038262,0.0065993,-0.00091,0.0038238,0.0066311
-0.0015578,0.0035621,0.0068866,-0.0015566,0.0035597,0.0069197
-8.05e-05,0.0038116,0.0068107,-8.04e-05,0.0038091,0.0068435
0.0004122,-0.0036145,0.0065716,0.000412,-0.0036121,0.0066033
0.0012261,0.0034592,0.0065738,0.0012254,0.003457,0.0066057
-0.0039406,-0.0003679,0.0062679,-0.0039382,-0.0003676,0.006298
0.0018521,-0.0031974,0.0068384,0.0018509,-0.0031952,0.0068712
0.0004969,-0.0040863,0.0062283,0.0004966,-0.0040836,0.0062581
0.000397,-0.0036494,0.0062636,0.0003968,-0.003647,0.006294
-0.0036082,-0.0011316,0.0062598,-0.0036059,-0.0011308,0.0062901
-0.0038999,-0.0007925,0.0063178,-0.0038975,-0.0007919,0.0063481
-0.001793,-0.0031898,0.0067094,-0.0017918,-0.0031876,0.0067417
-0.0024765,-0.0029546,0.0065442,-0.0024749,-0.0029526,0.0065755
-0.0034707,-0.0010364,0.0068354,-0.0034685,-0.0010357,0.0068682
-0.0036024,-0.0009624,0.0065289,-0.0036,-0.0009617,0.0065604
0.0033861,0.0018892,0.0068537,0.0033837,0.001888,0.0068866
0.0035775,0.0015504,0.0068762,0.0035751,0.0015494,0.0069091
0.0037956,-0.0008146,0.0068288,0.003793,-0.0008139,0.0068615
-0.0013831,0.0035013,0.0058875,-0.0013822,0.0034993,0.0059165
-0.0016558,0.0032899,0.0056458,-0.0016549,0.0032882,0.0056739
-0.0003297,-0.0039997,0.0066466,-0.0003294,-0.0039971,0.0066782
-7.39e-05,-0.0035392,0.0065054,-7.38e-05,-0.0035368,0.0065369
-0.0018115,-0.0035869,0.0060177,-0.0018105,-0.0035847,0.0060467
-0.0013217,-0.0033309,0.0059733,-0.0013209,-0.0033289,0.0060026
-0.0021541,-0.003324,0.0061064,-0.0021528,-0.003322,0.0061358
-0.001809,-0.0031443,0.0062001,-0.0018079,-0.0031424,0.0062302
-0.0022309,0.0032978,0.0065608,-0.0022294,0.0032957,0.0065924
-0.0028678,0.0027274,0.0065745,-0.0028659,0.0027257,0.0066062
-0.0024199,0.0030065,0.0070067,-0.0024182,0.0030045,0.0070403
0.0019235,-0.0031261,0.007203,0.0019222,-0.0031239,0.0072374
0.0015826,-0.0030192,0.007191,0.0015816,-0.0030171,0.0072256
0.0022726,-0.0027144,0.0072279,0.0022711,-0.0027125,0.0072625
0.0035662,0.0005662,0.006493,0.0035639,0.0005659,0.0065245
0.0038382,0.0008841,0.0065956,0.0038357,0.0008836,0.0066272
-0.0034755,0.0013518,0.0065946,-0.0034732,0.001351,0.0066265
-0.0035025,0.0009583,0.0065736,-0.0035002,0.0009578,0.0066055
-0.0018731,0.0034562,0.006305,-0.0018719,0.0034541,0.0063356
-0.0034444,-0.0007222,0.0062593,-0.0034423,-0.0007216,0.0062899
-0.0029905,-0.0005832,0.0062084,-0.0029887,-0.0005827,0.0062392
-0.0009121,-0.0004476,0.0062519,-0.0009115,-0.0004472,0.0062844
-0.0012108,-0.0005988,0.0056705,-0.0012101,-0.0005984,0.0057008
-0.0018555,0.0034516,0.0069291,-0.0018542,0.0034493,0.0069623
0.0033059,0.0013034,0.0064562,0.0033037,0.0013026,0.0064876
-0.0013844,0.0036585,0.0065832,-0.0013835,0.0036561,0.006615
-0.0013182,0.0029704,0.0065466,-0.0013173,0.0029686,0.0065788
-0.0018137,0.0035131,0.0065796,-0.0018125,0.0035108,0.0066113
0.0033524,0.0018431,0.0071459,0.0033501,0.0018419,0.0071801
-0.0021536,0.0029417,0.0071819,-0.0021521,0.0029398,0.0072165
0.002211,-0.002777,0.0069253,0.0022096,-0.0027751,0.0069587
-0.0014053,0.0036257,0.0062907,-0.0014044,0.0036234,0.0063213
0.0012121,-0.0052811,0.0001015,0.0012104,-0.0052728,0.0001048
0.0020469,-0.0051338,0.0001317,0.0020439,-0.005126,0.0001348
0.0052993,-0.001935,0.0001255,0.0052916,-0.0019319,0.0001281
0.0037642,-0.0045718,0.0001103,0.0037589,-0.004565,0.000112
0.0039122,-0.0039583,9.94e-05,0.0039064,-0.0039521,0.0001018
0.0045682,-0.0033202,0.0001072,0.0045614,-0.0033151,0.0001095
0.0055092,-0.0012773,0.000106,0.005501,-0.0012752,0.0001086
0.0051079,0.0022014,0.0001139,0.0051002,0.0021984,0.0001166
0.0030684,0.0049734,0.0001424,0.003064,0.0049664,0.0001445
0.0037495,0.0043068,0.0002731,0.0037444,0.004301,0.0002758
0.0045113,0.003473,0.0001106,0.0045047,0.0034681,0.0001131
0.0004314,0.0056742,9.84e-05,0.0004309,0.0056659,0.0001005
0.0020172,0.0053763,0.0001274,0.0020143,0.0053687,0.0001297
0.0012339,0.0055919,0.0001437,0.0012322,0.0055839,0.0001461
-0.0030439,0.004857,0.0001193,-0.0030394,0.0048499,0.0001216
-0.0035053,0.0043359,8.57e-05,-0.0034999,0.0043295,8.85e-05
-0.0009808,0.0054874,0.0001024,-0.0009793,0.0054793,0.000105
-0.0015302,0.005476,9.5e-05,-0.0015279,0.005468,9.73e-05
-0.0041717,0.0043086,0.0001405,-0.0041657,0.0043026,0.0001425
-0.0049161,0.0022804,0.0001145,-0.0049085,0.0022772,0.0001178
-0.0055444,0.0014746,0.000139,-0.0055361,0.0014728,0.0001413
-0.0043448,0.0035796,0.0001082,-0.0043382,0.0035744,0.0001107
-0.0048567,0.0029815,0.0001521,-0.0048495,0.0029774,0.0001547
-0.0054983,0.0007324,0.0001118,-0.0054898,0.0007316,0.0001145
-0.005628,-0.0012094,0.0001247,-0.0056197,-0.0012073,0.0001269
-0.0054931,-0.0005475,0.0001266,-0.0054847,-0.0005464,0.0001295
-0.0050805,-0.0026114,0.0001076,-0.0050729,-0.0026073,0.0001099
-0.0028697,-0.0051411,0.0001262,-0.0028655,-0.0051335,0.0001278
-0.0034638,-0.0046072,0.0001263,-0.0034586,-0.0046002,0.0001283
-0.0054469,-0.0029638,0.0001612,-0.0054394,-0.0029595,0.0001622
-0.0049465,-0.0031898,0.0001663,-0.0049394,-0.0031851,0.0001681
-0.0044182,-0.0039139,0.0001357,-0.0044118,-0.003908,0.0001375
-0.0021313,-0.0053067,0.0001145,-0.0021281,-0.0052987,0.0001168
-0.000907,-0.0053303,9.37e-05,-0.0009055,-0.0053219,9.67e-05
0.0033202,-0.0045509,0.0001113,0.0033153,-0.004544,0.0001135
0.0018205,-0.0046522,9.14e-05,0.0018176,-0.0046444,9.65e-05
0.0021191,-0.005486,0.0002749,0.0021163,-0.0054784,0.0002771
0.0025758,-0.0046737,0.0001101,0.0025718,-0.0046663,0.0001136
0.0027498,-0.0051931,0.0003322,0.0027462,-0.005186,0.0003343
0.004552,-0.0026025,9.27e-05,0.0045448,-0.0025981,9.64e-05
0.0053392,-0.0006114,0.0001198,0.0053311,-0.0006103,0.0001233
0.0045272,0.0022853,0.0001119,0.0045199,0.0022819,0.0001167
0.0052437,0.0022493,0.0003082,0.0052365,0.0022464,0.0003109
0.0051271,5.81e-05,9.62e-05,0.0051189,5.82e-05,0.0001005
0.005176,0.0008988,0.0001434,0.005168,0.0008976,0.0001475
0.004668,0.0028944,9.92e-05,0.0046609,0.0028902,0.0001025
0.0026894,0.0047922,0.0001032,0.0026853,0.0047851,0.0001063
0.0032958,0.0041429,0.0001066,0.0032907,0.0041366,0.0001105
0.0030129,0.0049539,0.0003233,0.0030089,0.0049475,0.0003257
0.0038014,0.0034866,7.73e-05,0.0037953,0.0034812,8.15e-05
0.0038462,0.0037785,0.000259,0.0038407,0.0037732,0.0002628
0.0044966,0.0035946,0.0002882,0.0044905,0.0035899,0.0002908
-0.0002061,0.005458,0.0001135,-0.0002056,0.0054499,0.0001166
-0.0002367,0.0050125,9.05e-05,-0.0002362,0.0050045,9.53e-05
-0.0002058,0.0050095,0.0002112,-0.0002054,0.0050019,0.0002162
0.001096,0.0020224,0.0002007,0.0010941,0.002019,0.0002135
-0.0004172,0.0018857,0.0001524,-0.0004164,0.0018825,0.0001656
-0.0001949,0.0055775,0.0003056,-0.0001946,0.0055699,0.0003086
0.0018079,0.0049483,0.0001266,0.0018051,0.0049408,0.0001304
0.0023076,0.0057303,0.0001392,0.0023044,0.0057225,0.0001404
0.0011557,0.0046027,9.74e-05,0.0011539,0.0045951,0.0001034
0.0012526,0.0053958,0.0003271,0.0012509,0.0053886,0.0003305
-0.00087,0.0049921,9.61e-05,-0.0008685,0.0049842,0.0001005
-0.0007589,0.0055734,0.0002525,-0.0007578,0.0055657,0.0002552
-0.0030602,0.0042214,0.0001066,-0.0030553,0.0042149,0.0001108
-0.0037311,0.0038147,0.0001196,-0.0037252,0.003809,0.0001232
-0.0037158,0.0037756,0.0002679,-0.0037103,0.0037703,0.0002721
-0.0039633,0.0039705,0.0003793,-0.0039579,0.0039653,0.0003825
-0.0016339,0.004989,0.0001236,-0.0016313,0.0049814,0.0001274
-0.0014634,0.0055073,0.0003146,-0.0014614,0.0054999,0.0003172
-0.0023319,0.0048062,9.28e-05,-0.0023283,0.0047988,9.64e-05
-0.0023857,0.0042442,8.63e-05,-0.0023817,0.0042373,9.17e-05
-0.0026458,0.0051857,9.43e-05,-0.0026419,0.0051782,9.64e-05
-0.0050739,0.0017021,0.0001669,-0.0050661,0.0016999,0.0001704
-0.0042828,0.0028334,0.0001056,-0.0042758,0.0028291,0.00011
-0.0043161,0.0035118,0.0002509,-0.0043098,0.003507,0.0002539
-0.0049866,-0.0019091,0.0001135,-0.0049788,-0.0019059,0.0001171
-0.0056731,-1.81e-05,0.0001063,-0.0056645,-1.78e-05,0.0001085
-0.0050677,0.0001788,0.0001234,-0.0050595,0.0001788,0.0001279
-0.0044901,-0.0026643,8.92e-05,-0.0044829,-0.0026598,9.3e-05
-0.0049231,-0.0025222,0.0002163,-0.0049158,-0.0025184,0.0002193
-0.0027437,-0.0045124,9.98e-05,-0.0027393,-0.004505,0.0001036
-0.0035953,-0.0040024,0.0001075,-0.0035897,-0.0039959,0.0001107
-0.0043466,-0.0032642,0.0001546,-0.0043399,-0.0032591,0.000158
-0.0036495,-0.0032987,0.0001092,-0.0036435,-0.0032931,0.0001144
-0.0015175,-0.0052821,9.18e-05,-0.0015151,-0.0052739,9.46e-05
-0.0021589,-0.0047038,8.44e-05,-0.0021553,-0.004696,8.83e-05
-0.0025794,-0.0049571,0.0003163,-0.0025757,-0.00495,0.0003193
-0.0015614,-0.0048559,0.0001021,-0.0015587,-0.0048479,0.0001064
0.0048031,-0.0020781,8.12e-05,0.0047955,-0.0020745,8.49e-05
0.0054357,-0.0018747,0.0002875,0.0054283,-0.0018719,0.00029
0.0031825,-0.0041433,0.0001207,0.0031775,-0.0041366,0.0001245
0.0029708,-0.0046988,0.0002793,0.0029667,-0.004692,0.0002823
0.0039815,-0.0026691,7.69e-05,0.0039748,-0.0026643,8.23e-05
0.00402,-0.0026079,0.0002161,0.0040137,-0.0026035,0.0002218
0.0046152,-0.0026769,0.0002261,0.0046084,-0.0026727,0.0002298
-0.004529,0.0021412,9.87e-05,-0.0045215,0.0021379,0.0001036
0.0004719,-0.0053248,0.0001023,0.0004713,-0.0053163,0.0001058
-0.0002474,-0.0048983,9.29e-05,-0.0002468,-0.00489,9.81e-05
-0.0051253,-0.0012555,8.75e-05,-0.0051171,-0.0012532,9.11e-05
-0.0055506,-0.0010613,0.0002842,-0.0055427,-0.0010596,0.0002869
-0.0048663,-0.0005143,0.0001015,-0.0048582,-0.0005132,0.0001067
-0.0008892,-0.0047795,7.33e-05,-0.0008876,-0.0047712,7.87e-05
0.0058502,0.0016062,0.0001234,0.005842,0.0016042,0.0001247
0.0025783,0.0044047,0.000123,0.0025742,0.0043979,0.0001276
0.0032799,0.0035553,6.88e-05,0.0032744,0.0035496,7.43e-05
0.0031921,0.0041571,0.0002356,0.0031873,0.0041512,0.0002399
0.0040427,0.0029072,8.75e-05,0.0040362,0.0029026,9.26e-05
0.0039973,0.0039376,0.0001207,0.0039914,0.0039319,0.0001234
0.0025533,-0.004214,8.56e-05,0.0025491,-0.0042069,9.05e-05
0.0027182,-0.0040289,0.0002083,0.0027139,-0.0040224,0.0002138
0.0023803,-0.004714,0.0002638,0.0023769,-0.004707,0.0002679
0.0045248,-0.0032242,0.0002678,0.0045184,-0.0032194,0.0002707
-0.0009154,0.0043822,0.0001294,-0.0009138,0.0043749,0.0001363
-0.0009757,0.0049194,0.0002392,-0.0009742,0.0049121,0.0002442
0.0046973,-0.0003705,8.28e-05,0.0046895,-0.0003697,8.88e-05
0.005239,-0.0006522,0.0002355,0.0052313,-0.000651,0.0002396
0.0054153,0.0004302,0.0001001,0.005407,0.0004297,0.0001032
0.0047098,0.0002223,0.0001324,0.0047021,0.0002222,0.0001384
0.0046995,0.0007888,8.14e-05,0.0046917,0.0007877,8.73e-05
0.0052213,0.0009814,0.0002904,0.0052138,0.0009802,0.0002945
0.0046355,0.0013877,0.0001288,0.004628,0.0013857,0.0001344
0.0039875,0.0024024,8.52e-05,0.0039809,0.0023986,9.15e-05
0.004001,0.002331,0.000206,0.0039947,0.0023275,0.0002126
0.0047152,0.0021115,0.0002419,0.0047081,0.0021085,0.0002466
0.0020259,0.0043174,0.0001124,0.0020226,0.0043104,0.0001182
0.0016814,0.0048263,0.0003112,0.0016789,0.0048195,0.000316
0.0045717,0.0029393,0.0002414,0.0045651,0.0029353,0.0002451
0.0004321,0.0049056,0.0001043,0.0004315,0.0048977,0.0001092
0.0011237,0.0050302,0.0002186,0.0011221,0.0050227,0.0002231
-0.0030026,0.0036636,9.26e-05,-0.0029975,0.0036576,9.86e-05
-0.003692,0.0032066,0.0001307,-0.0036859,0.0032015,0.0001359
0.0049213,-0.0011571,0.0001343,0.0049136,-0.001155,0.000139
-0.0048387,0.0009725,0.0001098,-0.0048306,0.0009712,0.0001148
-0.0052657,0.0009842,0.000212,-0.0052577,0.0009831,0.0002156
-0.0056269,0.0007245,0.0003202,-0.0056191,0.0007238,0.0003228
-0.0043277,-0.0005674,9.34e-05,-0.00432,-0.0005661,0.0001009
-0.0051852,-0.0007861,0.0002111,-0.0051773,-0.0007847,0.0002152
-0.0043978,-0.0020795,0.0001053,-0.0043905,-0.0020758,0.0001105
0.001224,-0.0047779,8.4e-05,0.0012221,-0.0047698,8.9e-05
-0.0038659,-0.0027677,8.77e-05,-0.0038593,-0.0027629,9.34e-05
-0.0039812,-0.002841,0.0002207,-0.0039749,-0.0028363,0.0002262
-0.0044479,-0.0026191,0.0002263,-0.0044411,-0.002615,0.0002307
-0.0031189,-0.0030582,7.8e-05,-0.0031134,-0.0030526,8.5e-05
-0.0031005,-0.0039503,0.0001142,-0.0030954,-0.0039436,0.0001189
-0.0029682,-0.0045134,0.0002413,-0.0029638,-0.0045066,0.0002448
-0.002297,-0.0040684,0.0001006,-0.002293,-0.0040613,0.0001065
-0.0026852,-0.0040035,0.0002041,-0.0026809,-0.0039969,0.0002097
-0.0022037,-0.0045267,0.0002254,-0.0022001,-0.0045195,0.0002302
-0.0015719,-0.0042881,0.0001018,-0.0015691,-0.0042806,0.0001082
-0.0014083,-0.0046969,0.0002409,-0.001406,-0.0046895,0.0002464
0.0033964,-0.0032733,7.81e-05,0.0033907,-0.0032675,8.38e-05
0.0039568,-0.0033206,0.0002413,0.0039509,-0.0033154,0.0002455
-0.003851,0.0021756,7.16e-05,-0.0038441,0.002172,7.85e-05
-0.003861,0.0023755,0.0001882,-0.0038545,0.0023718,0.000195
-0.0044715,0.0016205,0.0001254,-0.004464,0.0016181,0.0001312
-0.0044471,0.0024106,0.0002309,-0.0044402,0.0024072,0.0002358
0.0006096,-0.0047697,9.13e-05,0.0006087,-0.0047615,9.66e-05
0.000299,-0.0054461,0.0002583,0.0002988,-0.005438,0.0002617
0.0034188,-0.0026077,7.01e-05,0.0034128,-0.0026029,7.74e-05
0.0040692,-0.0020101,7.9e-05,0.0040622,-0.0020063,8.54e-05
-0.0002139,-0.0051856,0.0002269,-0.0002134,-0.0051776,0.0002312
-0.0017967,0.004481,8.44e-05,-0.0017937,0.0044737,8.97e-05
-0.0023401,0.0037024,7.72e-05,-0.002336,0.0036961,8.45e-05
-0.0025029,0.0038039,0.0001896,-0.0024987,0.0037978,0.0001965
-0.0023734,0.0045164,0.0001977,-0.0023697,0.0045095,0.0002024
0.0005366,0.0049224,0.0002712,0.0005358,0.0049152,0.0002764
0.0027111,0.0036555,8.86e-05,0.0027064,0.0036494,9.53e-05
0.0026621,0.0039029,0.0002105,0.0026578,0.0038969,0.0002168
-0.003082,0.0042368,0.0002631,-0.0030774,0.0042307,0.0002675
-0.0030886,0.0047522,0.0002636,-0.0030842,0.0047457,0.0002664
-0.0044873,-0.0013043,0.0001015,-0.0044796,-0.0013018,0.0001075
-0.0050873,-0.0013392,0.0002992,-0.0050799,-0.001337,0.0003034
-0.0051405,0.0013646,7.83e-05,-0.0051322,0.0013627,8.17e-05
-0.0039154,-0.0036347,8.79e-05,-0.0039093,-0.0036288,9.15e-05
-0.0008479,-0.0041891,9.29e-05,-0.0008464,-0.0041816,0.0001004
-0.0003932,-0.0009621,0.0001909,-0.0003925,-0.0009601,0.0002049
-0.0009694,-0.0046824,0.0001586,-0.0009677,-0.0046746,0.0001644
0.0052824,0.0015633,0.0002527,0.0052748,0.0015613,0.0002559
-0.0025127,-0.0034268,9.05e-05,-0.0025082,-0.0034206,9.79e-05
-3.45e-05,0.0044722,8.57e-05,-3.43e-05,0.0044646,9.24e-05
-0.0037998,-0.0020891,7.97e-05,-0.0037931,-0.0020852,8.69e-05
-0.0045846,-0.0018899,0.0002157,-0.0045774,-0.0018867,0.0002208
0.0009936,0.0052145,9.36e-05,0.0009921,0.0052065,9.74e-05
0.000517,0.0055886,0.0002442,0.0005163,0.0055809,0.0002468
0.0011812,0.0037607,8.9e-05,0.0011792,0.0037541,9.77e-05
0.0010644,0.0036569,0.0002011,0.0010627,0.0036508,0.0002104
0.0004698,3.62e-05,0.000185,0.000469,3.64e-05,0.0001992
0.0009057,0.0017493,0.0003548,0.0009043,0.0017466,0.0003684
0.0011906,0.004111,0.0001921,0.0011887,0.0041044,0.0001998
0.0047661,-0.0016914,0.0002076,0.0047588,-0.0016886,0.0002123
-0.0016485,0.0050299,0.0002636,-0.0016461,0.0050227,0.0002676
-0.0018047,0.0039295,0.0001013,-0.0018015,0.0039228,0.0001085
-0.0016858,0.0044756,0.0002284,-0.0016831,0.0044687,0.0002343
0.0033394,0.0029607,9.59e-05,0.0033338,0.0029558,0.0001026
0.0039342,0.0030721,0.0002371,0.0039283,0.0030676,0.0002423
-0.0032035,0.0031112,7.16e-05,-0.0031978,0.003106,7.83e-05
-0.0032166,0.0037472,0.000217,-0.0032115,0.0037416,0.0002225
-0.0039213,0.0030017,0.0002392,-0.0039151,0.0029972,0.0002446
-0.0044836,0.0002484,9.57e-05,-0.0044757,0.0002482,0.0001027
-0.0039657,9.77e-05,9.15e-05,-0.0039585,9.78e-05,0.0001003
-0.0043763,-0.0001009,0.0002051,-0.004369,-0.0001005,0.0002126
-0.0003824,0.0001396,0.0001955,-0.0003816,0.0001396,0.0002098
0.0041468,0.0001513,9.34e-05,0.0041396,0.0001513,0.0001014
0.0040166,-4.97e-05,0.0001842,0.0040098,-4.93e-05,0.0001928
0.0009679,-0.0011399,0.0001652,0.0009662,-0.0011376,0.0001787
0.0026643,-0.0035145,8.84e-05,0.0026597,-0.0035082,9.52e-05
0.003224,-0.0034419,0.0001919,0.0032189,-0.0034361,0.0001979
0.0035033,-0.0037792,6.29e-05,0.0034977,-0.0037728,6.68e-05
0.0032978,-0.0040106,0.0002636,0.0032929,-0.0040045,0.0002678
0.0014448,-0.0041037,0.0001009,0.0014424,-0.0040964,0.0001079
0.0011842,-0.0041225,0.0001907,0.0011823,-0.0041155,0.0001982
0.0011851,-0.0046581,0.0001923,0.0011834,-0.0046505,0.0001981
0.004169,0.0008715,7.6e-05,0.0041618,0.0008702,8.37e-05
0.0048122,0.0006357,0.0002388,0.0048047,0.0006349,0.0002446
-0.0001595,0.003877,9.12e-05,-0.0001592,0.0038702,9.99e-05
-0.0002902,0.0037678,0.0001827,-0.0002896,0.0037614,0.000192
-0.0003425,0.0016926,0.0003292,-0.0003419,0.0016899,0.0003431
-0.000368,0.0044072,0.0002155,-0.0003673,0.0044002,0.0002227
0.0049349,0.001758,8.99e-05,0.0049271,0.0017554,9.39e-05
0.0040035,0.0017171,0.0001164,0.0039967,0.0017144,0.0001238
0.003309,0.0037318,0.0002661,0.0033041,0.0037263,0.0002714
-0.0038478,-0.0012613,7.64e-05,-0.0038409,-0.0012588,8.46e-05
-0.0044488,-0.0012742,0.0002109,-0.0044415,-0.0012719,0.0002174
0.0020736,0.0037245,8.52e-05,0.00207,0.0037182,9.28e-05
-0.0031443,-0.0034103,0.0002017,-0.0031391,-0.0034046,0.000208
-0.0038647,0.0015052,0.0001195,-0.0038578,0.0015028,0.0001274
-0.0041982,0.001775,0.0002384,-0.0041913,0.0017724,0.0002452
0.003521,0.002279,9.38e-05,0.0035149,0.0022753,0.0001017
0.0019846,-0.0040651,7.92e-05,0.0019812,-0.004058,8.58e-05
0.0019895,-0.0044288,0.0002098,0.0019864,-0.0044216,0.0002155
-0.0032669,0.0024198,0.0001025,-0.0032609,0.0024157,0.0001109
0.0019955,-0.0034471,8.44e-05,0.001992,-0.0034407,9.28e-05
-0.003488,0.000826,9.48e-05,-0.0034816,0.0008248,0.0001046
-0.0044059,0.0010869,0.0002055,-0.0043986,0.0010853,0.0002123
-0.0001365,-0.0043584,9.69e-05,-0.0001362,-0.0043506,0.000104
-0.0002731,-0.0047765,0.0002047,-0.0002726,-0.0047687,0.0002106
-0.001056,-0.0035963,7.93e-05,-0.001054,-0.0035896,8.83e-05
-0.0017565,-0.0035691,8.2e-05,-0.0017533,-0.0035625,9.03e-05
0.004176,-0.0013488,9.56e-05,0.0041688,-0.0013462,0.0001027
0.0035891,-0.0014109,6.47e-05,0.0035826,-0.0014081,7.35e-05
0.0038957,-0.0007203,6.26e-05,0.0038888,-0.0007188,7.11e-05
0.0041013,-0.0017728,0.0002006,0.0040946,-0.0017696,0.0002076
0.0045651,-0.0016657,7.86e-05,0.0045575,-0.0016626,8.38e-05
-0.0006409,0.0045754,5.35e-05,-0.0006397,0.0045677,5.96e-05
-0.0009347,0.0037351,8.05e-05,-0.0009329,0.0037284,8.94e-05
-0.001019,0.0043737,0.0002466,-0.0010173,0.0043669,0.0002536
0.0003675,-0.0041052,0.0001103,0.000367,-0.0040978,0.0001183
0.0004161,-0.0035127,7.24e-05,0.0004155,-0.003506,8.21e-05
0.000319,-0.0048569,0.0001797,0.0003186,-0.004849,0.0001851
-0.0026484,0.0031095,8.29e-05,-0.0026436,0.0031042,9.12e-05
-0.0031833,0.0030713,0.0001927,-0.0031779,0.0030664,0.0002
0.0040212,-0.000654,0.0001494,0.0040143,-0.0006526,0.0001578
0.0045182,-0.0009614,7.38e-05,0.0045105,-0.0009595,8e-05
0.0046011,-0.0005683,0.0001842,0.0045937,-0.0005671,0.0001906
-0.0025218,-0.0028091,8.06e-05,-0.0025172,-0.0028038,8.96e-05
-0.0023739,-0.0028434,0.0002169,-0.0023698,-0.0028383,0.0002263
-0.002381,-0.0035497,0.0001929,-0.002377,-0.0035435,0.0002005
0.0027462,-0.0029262,8.45e-05,0.0027413,-0.0029207,9.26e-05
0.003269,-0.0026928,0.0001731,0.0032635,-0.002688,0.0001808
0.0033681,-0.0019419,6.73e-05,0.003362,-0.0019381,7.6e-05
0.003303,0.0015944,6.08e-05,0.0032971,0.0015918,7.02e-05
0.0034364,0.0,7.9e-05,0.0034303,3e-07,8.9e-05
-0.0031628,-0.0014084,7.7e-05,-0.003157,-0.0014055,8.69e-05
-0.0038403,-0.0005995,7.6e-05,-0.0038334,-0.0005981,8.49e-05
-0.0041289,-0.0015868,0.0001913,-0.004122,-0.0015839,0.0001984
-0.0041463,-0.0017211,5.99e-05,-0.0041389,-0.0017178,6.64e-05
-0.0032077,-0.0021333,9.72e-05,-0.0032019,-0.0021293,0.0001059
-0.0037816,-0.0020733,0.0001934,-0.0037752,-0.0020696,0.0002009
0.0029288,0.0022421,8.24e-05,0.0029236,0.0022383,9.18e-05
0.0027945,0.0026215,0.0001674,0.0027897,0.0026172,0.0001765
0.0033095,0.0027037,0.0001929,0.003304,0.0026995,0.0002006
0.0032571,0.0032667,0.0002485,0.003252,0.0032617,0.0002551
0.0026957,-0.0032422,0.0001886,0.0026912,-0.0032365,0.0001964
-0.0045407,-0.0007698,0.0001924,-0.0045332,-0.0007683,0.000199
0.0021006,0.0031644,0.0001133,0.0020969,0.003159,0.0001225
0.0017906,0.0037753,0.0001792,0.0017876,0.0037691,0.0001874
-0.0016602,0.0031555,8.58e-05,-0.0016571,0.0031498,9.55e-05
-0.0015886,0.0038032,0.0001888,-0.0015858,0.0037969,0.0001969
0.0004672,0.0037775,7.17e-05,0.0004664,0.0037708,8.06e-05
0.000457,0.0043923,0.0001727,0.0004564,0.0043852,0.0001798
0.0015673,0.0041304,9.98e-05,0.0015646,0.0041235,0.0001069
0.0017,0.0043412,0.0002217,0.0016974,0.0043344,0.0002281
0.0021821,-0.0025361,9.35e-05,0.0021782,-0.0025312,0.0001037
0.0029258,-0.0023202,7.82e-05,0.0029205,-0.0023157,8.73e-05
0.0014225,0.0030312,7.69e-05,0.00142,0.0030258,8.72e-05
-0.0017612,-0.0029088,7.91e-05,-0.0017578,-0.0029032,8.9e-05
-0.0017045,-0.0034452,0.0001721,-0.0017014,-0.0034391,0.000181
-0.0032496,2.05e-05,8.4e-05,-0.0032436,2.07e-05,9.45e-05
-0.0024029,-0.0022459,8.4e-05,-0.0023985,-0.0022416,9.42e-05
-0.0031869,-0.002234,0.0001916,-0.0031814,-0.00223,0.0002004
-0.0032713,0.0016488,6.76e-05,-0.0032652,0.001646,7.68e-05
-0.0001496,0.0031387,8.46e-05,-0.0001493,0.003133,9.54e-05
-0.0032476,-0.0006874,7.29e-05,-0.0032416,-0.0006858,8.31e-05
-0.00378,-0.0004811,0.0001744,-0.0037733,-0.00048,0.0001837
0.0030193,-0.0037623,7.46e-05,0.0030142,-0.0037558,7.98e-05
0.0032298,-0.0021162,0.0002185,0.0032244,-0.0021123,0.0002276
-0.0028926,-0.0029406,0.0001776,-0.0028877,-0.0029354,0.0001856
0.0027568,-0.0004532,7.21e-05,0.0027517,-0.0004521,8.35e-05
0.0027555,-0.0007346,0.000158,0.0027506,-0.000733,0.0001695
0.0006131,-0.000661,0.000305,0.0006121,-0.0006596,0.0003193
0.0012798,0.0008992,0.0003725,0.0012776,0.0008979,0.0003865
0.0033592,-0.0006786,0.0001383,0.0033533,-0.0006771,0.0001485
-0.0022828,0.002583,8.76e-05,-0.0022784,0.0025785,9.79e-05
-0.0025782,0.0028651,0.0001804,-0.0025737,0.0028603,0.0001897
-0.0041671,0.0008262,8.06e-05,-0.0041596,0.000825,8.83e-05
-0.0040761,0.0006078,0.0001711,-0.0040691,0.000607,0.0001795
-0.0002931,-0.003729,6.9e-05,-0.0002925,-0.003722,7.81e-05
7.85e-05,-0.0043427,0.000204,7.84e-05,-0.0043353,0.0002114
-0.003016,0.0023244,0.0002245,-0.0030108,0.0023206,0.000234
-0.0004853,0.0041848,5.22e-05,-0.0004844,0.0041775,5.97e-05
-0.0008912,0.0031246,5.48e-05,-0.0008895,0.0031189,6.53e-05
-0.0009619,0.0038046,0.0002123,-0.0009602,0.0037983,0.0002212
0.0021015,0.0023077,8.1e-05,0.0020977,0.0023037,9.19e-05
0.0012634,-0.0033766,6.56e-05,0.0012612,-0.0033701,7.5e-05
0.0020688,-0.0031387,0.0001707,0.0020652,-0.003133,0.0001799
-0.0010151,-0.0029037,7.16e-05,-0.0010131,-0.0028981,8.24e-05
-0.0012369,-0.0032278,0.0001552,-0.0012346,-0.0032219,0.0001652
-0.0007276,-0.0011868,0.0003261,-0.0007263,-0.0011845,0.0003402
-0.0012891,-0.004006,0.0001759,-0.0012868,-0.003999,0.0001837
0.0035384,0.0007699,6.92e-05,0.0035321,0.0007687,7.87e-05
0.0026887,0.0016881,7.73e-05,0.0026838,0.0016853,8.81e-05
0.0032443,0.001521,0.0001457,0.0032387,0.0015185,0.0001554
0.0027545,-0.001422,7.6e-05,0.0027494,-0.0014192,8.67e-05
0.0033843,-0.0014652,0.0001653,0.0033784,-0.0014624,0.0001749
0.0008851,-0.0043415,8.18e-05,0.0008837,-0.0043338,8.86e-05
0.0037703,0.0012393,8.58e-05,0.0037637,0.0012373,9.43e-05
0.0042364,0.0008506,0.0001908,0.0042294,0.0008495,0.0001986
0.0029618,0.0008569,7.75e-05,0.0029564,0.0008556,8.82e-05
0.0035862,0.0006012,0.0001698,0.0035801,0.0006004,0.0001795
-0.0026703,0.0019372,0.0001069,-0.0026653,0.0019338,0.0001176
-0.0031293,0.0015123,0.0001557,-0.0031236,0.0015099,0.0001657
-0.0023463,-0.0015745,6.68e-05,-0.0023418,-0.0015713,7.8e-05
-0.0027834,-0.0018612,0.0001621,-0.0027785,-0.0018576,0.0001723
-0.0032922,-0.0015502,0.0001865,-0.0032864,-0.0015472,0.0001961
0.0006155,-0.0029437,6.22e-05,0.0006144,-0.0029379,7.33e-05
0.0006337,-0.0028084,0.0001732,0.0006327,-0.0028031,0.0001847
0.0006296,-0.0035234,0.0001671,0.0006286,-0.003517,0.0001769
-0.0025444,0.0008649,8.13e-05,-0.0025396,0.0008635,9.28e-05
-0.0006861,0.0004907,0.0003251,-0.0006849,0.0004901,0.0003396
-0.0030326,0.0006314,0.0001975,-0.0030272,0.0006305,0.0002085
0.0006759,0.0029862,7.17e-05,0.0006747,0.0029809,8.26e-05
0.00049,0.0038374,0.0001886,0.0004892,0.0038309,0.0001975
-0.0016302,-0.0022304,9.51e-05,-0.0016271,-0.002226,0.0001064
-0.001833,-0.0028529,0.0001659,-0.0018296,-0.0028476,0.000176
-0.0015414,0.0024459,7.22e-05,-0.0015385,0.0024415,8.37e-05
0.0009205,-0.0038165,8.78e-05,0.000919,-0.0038094,9.62e-05
0.0015125,-0.0028786,8.13e-05,0.0015097,-0.002873,9.17e-05
0.001328,-0.003528,0.0001608,0.0013257,-0.0035216,0.0001699
-0.0015586,0.0032031,0.000197,-0.0015558,0.0031977,0.000207
0.0021265,0.0015713,5.33e-05,0.0021225,0.0015686,6.51e-05
0.0027257,0.0009172,0.0001813,0.0027209,0.0009158,0.0001927
0.0011087,-0.002334,5.92e-05,0.0011066,-0.0023293,7.1e-05
0.001206,0.0022677,7.31e-05,0.0012038,0.0022637,8.51e-05
0.0012819,0.0025394,0.0001498,0.0012797,0.002535,0.0001615
0.000898,0.001724,0.0005184,0.0008966,0.0017215,0.0005324
0.0014306,0.0031764,0.000189,0.0014282,0.003171,0.0001992
0.0028575,-0.0019072,0.0001495,0.0028524,-0.0019035,0.0001596
-0.0025004,5.1e-06,5.44e-05,-0.0024956,5.3e-06,6.61e-05
-0.0031254,-0.0002009,0.0001852,-0.0031198,-0.0002003,0.0001961
-0.0007113,0.0025124,7.94e-05,-0.00071,0.0025078,9.15e-05
-0.0011465,0.0026834,0.0001588,-0.0011444,0.0026787,0.0001704
-0.0005277,0.0019077,0.0005575,-0.0005268,0.0019049,0.0005717
0.00266,0.0028625,7.32e-05,0.0026553,0.0028576,8.18e-05
0.0029059,0.0031813,0.0001612,0.002901,0.0031761,0.0001687
-0.0019781,0.0017971,8.09e-05,-0.0019743,0.001794,9.29e-05
-0.0018024,0.0026311,0.0001643,-0.0017991,0.0026265,0.0001753
-0.0017508,-0.0012581,8.18e-05,-0.0017474,-0.0012555,9.43e-05
-0.0025101,-0.0007318,7.81e-05,-0.0025054,-0.0007302,8.98e-05
0.0027002,0.0001979,5.7e-05,0.0026952,0.0001978,6.85e-05
0.0003386,0.0023364,7.18e-05,0.000338,0.0023323,8.41e-05
0.0005716,0.0032724,0.0001563,0.0005706,0.0032667,0.0001668
-0.0030334,-0.0007256,0.0001534,-0.0030279,-0.000724,0.0001643
0.0021656,-0.0008405,7.84e-05,0.0021616,-0.0008387,9.06e-05
0.0021706,0.0008573,8.13e-05,0.0021666,0.000856,9.34e-05
0.0019998,-5.82e-05,6.76e-05,0.0019961,-5.78e-05,8.03e-05
0.0027558,0.0001651,0.0001403,0.0027509,0.0001651,0.0001519
0.0014107,0.0015349,5.95e-05,0.0014081,0.0015322,7.22e-05
-0.0002333,-0.0027864,7.67e-05,-0.0002327,-0.002781,8.82e-05
0.0003831,-0.002349,5.38e-05,0.0003825,-0.0023443,6.6e-05
0.0020111,-0.0014493,6.32e-05,0.0020074,-0.0014464,7.53e-05
0.0013193,-0.0015717,5.4e-05,0.0013168,-0.0015685,6.66e-05
0.0016167,-0.0014732,0.0001332,0.0016138,-0.0014703,0.0001459
0.0009246,-0.0007008,0.0005446,0.0009232,-0.0006994,0.0005595
0.0023697,-0.0019496,5.95e-05,0.0023653,-0.0019457,7.03e-05
0.0021686,-0.0019155,0.0001432,0.0021647,-0.0019118,0.0001546
-0.0019293,3.48e-05,9.03e-05,-0.0019256,3.5e-05,0.0001032
-0.0026804,2.1e-05,0.0001302,-0.0026754,2.13e-05,0.0001418
0.0032441,-0.0009452,7.55e-05,0.0032383,-0.0009432,8.57e-05
0.0029451,-0.0012329,0.0001675,0.0029399,-0.0012305,0.0001783
-0.0018241,-0.0005991,5.21e-05,-0.0018206,-0.0005977,6.48e-05
-0.0022872,-0.0010827,0.0001476,-0.0022829,-0.0010804,0.0001596
0.0019206,0.0017249,0.0001576,0.0019172,0.001722,0.0001698
0.0020012,0.0026852,0.0001759,0.0019977,0.0026807,0.0001865
-0.0009062,-0.0022431,6.74e-05,-0.0009043,-0.0022386,7.95e-05
-0.0028101,-0.0018779,5.47e-05,-0.0028049,-0.0018742,6.45e-05
-0.0023628,-0.0022171,0.0001967,-0.0023586,-0.002213,0.0002074
0.0007133,0.0014453,6.62e-05,0.000712,0.0014428,7.94e-05
0.0003946,0.0026473,0.0001465,0.0003939,0.0026427,0.0001584
-0.0003229,0.0031054,0.0001841,-0.0003222,0.0031,0.0001952
0.0012722,0.0006608,6.13e-05,0.0012698,0.0006598,7.48e-05
0.0012767,0.0010004,0.000127,0.0012743,0.0009988,0.0001403
0.0009545,0.0001663,0.0005419,0.000953,0.0001662,0.0005569
-0.0017677,-0.0021657,0.0001745,-0.0017644,-0.0021616,0.000186
-9.81e-05,-0.0020593,6.93e-05,-9.79e-05,-0.0020551,8.21e-05
-8.15e-05,-0.0027767,0.0001632,-8.13e-05,-0.0027715,0.000175
-1.92e-05,-0.0032618,6.17e-05,-1.91e-05,-0.0032555,7.21e-05
-0.0001399,-0.0034535,0.0001497,-0.0001396,-0.0034471,0.0001597
-0.003003,0.0012254,6.1e-05,-0.0029973,0.0012234,7.13e-05
-0.0016803,0.0008596,6.08e-05,-0.0016771,0.0008582,7.37e-05
0.0015148,-0.0008456,5.54e-05,0.001512,-0.0008438,6.84e-05
0.0022455,-0.0004398,0.0001528,0.0022415,-0.0004388,0.0001653
-0.0001659,0.0017713,7.13e-05,-0.0001655,0.0017683,8.45e-05
-0.0002808,0.0025202,0.0001469,-0.0002802,0.0025158,0.0001592
-0.0011037,0.001838,7.99e-05,-0.0011016,0.0018348,9.27e-05
-0.001521,0.0018589,0.000157,-0.0015182,0.0018557,0.0001696
-0.001011,-0.0015129,5.97e-05,-0.001009,-0.0015098,7.27e-05
-0.0013141,-0.0017353,0.0001463,-0.0013116,-0.0017319,0.0001589
-0.0005157,-0.0009643,0.0005546,-0.0005148,-0.0009626,0.0005696
-0.0017372,-0.0013545,0.0001694,-0.0017339,-0.0013518,0.000182
0.0005703,-0.0015991,6.16e-05,0.0005693,-0.0015958,7.48e-05
0.0005765,-0.0021562,0.0001141,0.0005755,-0.0021519,0.0001267
0.0012569,-9.43e-05,6.45e-05,0.0012546,-9.39e-05,7.8e-05
0.0003763,0.0008282,8.95e-05,0.0003757,0.0008269,0.0001031
0.0002205,0.0017996,0.0001334,0.0002202,0.0017965,0.0001466
-0.0010151,0.0009491,7.33e-05,-0.0010131,0.0009476,8.67e-05
-0.0007553,0.0005984,0.0001472,-0.0007539,0.0005975,0.0001612
-0.0008083,0.0003582,0.0005312,-0.000807,0.0003578,0.0005463
-0.0017126,0.0010352,0.0001388,-0.0017094,0.0010336,0.0001517
-0.0009897,0.0001942,7.11e-05,-0.0009877,0.0001941,8.48e-05
-0.0010634,-0.0006981,6.18e-05,-0.0010613,-0.0006966,7.53e-05
-0.0017881,-0.0006742,0.0001326,-0.0017847,-0.0006727,0.0001456
0.0017108,-0.002074,7.31e-05,0.0017076,-0.0020698,8.47e-05
0.0014082,-0.0022785,0.0001361,0.0014057,-0.0022741,0.0001479
0.0006525,0.0001834,5.92e-05,0.0006513,0.0001833,7.29e-05
0.0014727,-0.0006019,0.0001168,0.00147,-0.0006005,0.0001301
-0.000166,-0.0014604,8.09e-05,-0.0001656,-0.0014575,9.43e-05
-0.000208,-0.0021831,0.0001372,-0.0002075,-0.0021788,0.0001499
-5.14e-05,-0.0007575,6.37e-05,-5.12e-05,-0.0007558,7.75e-05
-0.0003498,-0.0014786,0.0001536,-0.0003491,-0.0014756,0.0001672
0.0007598,-0.0006555,5.36e-05,0.0007584,-0.000654,6.71e-05
0.0003636,-0.001665,0.0001442,0.000363,-0.0016617,0.0001576
-0.0002778,0.0007847,5.86e-05,-0.0002772,0.0007834,7.24e-05
-0.0010801,-0.0004847,0.0001195,-0.001078,-0.0004835,0.0001332
-0.000605,0.0013323,5.12e-05,-0.0006038,0.0013301,6.46e-05
5.68e-05,9.18e-05,6.78e-05,5.67e-05,9.19e-05,8.17e-05
-0.0002646,0.0011121,0.0001317,-0.000264,0.0011103,0.0001455
0.0006175,-0.000434,0.0001201,0.0006164,-0.000433,0.000134
-0.0005268,-0.0011318,4.22e-05,-0.0005257,-0.0011294,5.57e-05
-0.0003177,-0.000741,0.0001249,-0.0003171,-0.0007393,0.0001388
-0.0004457,-0.0002596,5.98e-05,-0.0004448,-0.0002589,7.36e-05
-0.0001407,6.17e-05,0.000128,-0.0001404,6.18e-05,0.0001421
0.0004422,0.0002255,0.0001228,0.0004414,0.0002253,0.0001368
-0.0019414,-0.002611,0.0173838,-0.0019413,-0.0026114,0.0174502
-0.0019823,-0.002131,0.0173987,-0.0019823,-0.0021314,0.0174652
0.0006682,0.0028474,0.0173941,0.0006681,0.0028468,0.0174608
0.0006052,0.0024984,0.0174018,0.0006051,0.0024978,0.0174687
0.0008392,0.0034704,0.0174696,0.0008391,0.0034698,0.017536
0.0010782,0.0029775,0.0173073,0.001078,0.0029768,0.0173739
0.0016801,0.0026435,0.0174103,0.00168,0.0026429,0.017477
0.002289,0.0019026,0.0174072,0.0022888,0.001902,0.0174739
0.003036,0.0017026,0.0173655,0.0030358,0.0017021,0.0174319
0.002818,0.0013327,0.0172902,0.0028178,0.0013321,0.0173568
0.002741,0.0008057,0.017345,0.0027408,0.0008052,0.0174117
0.002852,-0.001098,0.0174388,0.0028518,-0.0010985,0.0175053
0.002831,-0.0007641,0.0173667,0.0028308,-0.0007645,0.0174333
0.0031941,-0.001469,0.017415,0.0031939,-0.0014695,0.0174812
0.00277,-0.001355,0.0174737,0.0027699,-0.0013555,0.0175402
0.0022652,-0.002525,0.0173776,0.002265,-0.0025253,0.0174438
0.0024731,-0.001712,0.0174675,0.0024729,-0.0017124,0.0175341
0.0018172,-0.0024909,0.0174283,0.001817,-0.0024913,0.0174948
0.0009783,-0.0028419,0.0174561,0.0009782,-0.0028422,0.0175226
0.0006433,-0.0028069,0.017448,0.0006432,-0.0028073,0.0175145
-0.0005095,-0.0027819,0.0174488,-0.0005096,-0.0027823,0.0175153
-0.0012144,-0.0028609,0.0174618,-0.0012144,-0.0028613,0.0175282
-0.0015924,-0.002446,0.0173967,-0.0015924,-0.0024463,0.0174633
-0.0027543,-0.0010492,0.0174288,-0.0027542,-0.0010496,0.0174954
-0.0030353,-0.0006062,0.0173869,-0.0030352,-0.0006067,0.0174535
-0.0029463,0.0001126,0.017399,-0.0029462,0.0001122,0.0174656
-0.0025932,6.47e-05,0.0174508,-0.0025932,6.42e-05,0.0175176
-0.0008264,0.0001997,0.0174123,-0.0008265,0.0001992,0.0174796
-0.0030123,0.0005326,0.0173971,-0.0030122,0.0005321,0.0174637
-0.0028363,0.0008656,0.0173292,-0.0028362,0.0008651,0.0173958
-0.0026943,0.0014615,0.0173723,-0.0026943,0.001461,0.017439
-0.0019645,0.0022355,0.0173656,-0.0019644,0.0022349,0.0174323
-0.0023104,0.0019615,0.0173715,-0.0023104,0.0019609,0.0174382
-0.0015915,0.0026064,0.0174037,-0.0015915,0.0026058,0.0174704
-0.0013155,0.0026913,0.0174677,-0.0013156,0.0026908,0.0175345
-0.0004035,0.0009696,0.0170535,-0.0004036,0.000969,0.0171207
-0.0004447,0.0028934,0.0173948,-0.0004447,0.0028928,0.0174616
0.0001963,0.0028884,0.0173739,0.0001962,0.0028878,0.0174407
0.0006383,0.0029187,0.0169751,0.0006382,0.0029179,0.0170417
0.0008741,0.0031494,0.0174433,0.0008741,0.0031488,0.0175099
0.0010072,0.0025734,0.0173969,0.001007,0.0025728,0.0174638
0.0012901,0.0032565,0.0173945,0.0012901,0.0032558,0.017461
0.0024281,0.0014886,0.017308,0.0024278,0.0014881,0.0173748
0.0025582,0.0018568,0.0170923,0.0025579,0.0018561,0.0171589
0.0004392,0.0002407,0.0172056,0.0004392,0.0002403,0.0172729
0.00286,0.0004528,0.0173179,0.0028598,0.0004523,0.0173846
0.002448,-0.0009661,0.0174435,0.0024478,-0.0009665,0.0175102
0.00269,-0.0003321,0.0174317,0.0026898,-0.0003326,0.0174984
0.002477,-0.001277,0.0174685,0.0024769,-0.0012775,0.0175351
0.0013612,-0.0023969,0.0173431,0.0013611,-0.0023973,0.0174097
0.0018022,-0.0020509,0.0173842,0.001802,-0.0020513,0.0174508
0.0017374,-0.002419,0.0170283,0.0017371,-0.0024192,0.0170947
0.0020701,-0.001788,0.0173743,0.00207,-0.0017884,0.017441
0.0024333,-0.00185,0.0170326,0.002433,-0.0018503,0.017099
0.0027102,-0.002247,0.0173818,0.0027099,-0.0022474,0.017448
0.0002964,-0.0028449,0.0173439,0.0002963,-0.0028452,0.0174104
-9.86e-05,-0.0028489,0.0173549,-9.86e-05,-0.0028492,0.0174214
0.0010974,-0.002808,0.0168672,0.0010972,-0.002808,0.0169335
0.0003963,-0.0003691,0.0172295,0.0003962,-0.0003696,0.0172967
0.0006813,-0.0024799,0.0173889,0.0006812,-0.0024802,0.0174555
0.0005994,-0.0027839,0.017149,0.0005993,-0.0027841,0.0172155
-0.0017794,-0.002331,0.0170778,-0.0017793,-0.0023313,0.0171442
-0.0002645,-0.0006091,0.0171453,-0.0002646,-0.0006094,0.0172125
-0.0009284,-0.0027179,0.0174257,-0.0009285,-0.0027183,0.0174923
-0.0008114,-0.0023099,0.0174056,-0.0008115,-0.0023103,0.0174723
-0.0008695,-0.002792,0.0171138,-0.0008695,-0.0027922,0.0171802
-0.0007385,-0.0030029,0.0173919,-0.0007385,-0.0030033,0.0174583
-0.0012434,-0.0025079,0.0174047,-0.0012434,-0.0025083,0.0174713
-0.0012144,-0.002812,0.0171838,-0.0012144,-0.0028122,0.0172502
-0.0029973,-0.0002113,0.017358,-0.0029972,-0.0002117,0.0174245
0.001614,0.0022744,0.017492,0.0016139,0.0022739,0.0175589
0.0019762,0.0020006,0.0171721,0.0019759,0.002,0.0172388
-0.0022913,-0.0017511,0.0173757,-0.0022913,-0.0017515,0.0174423
-0.0022274,-0.0022771,0.0170559,-0.0022272,-0.0022773,0.0171221
-0.0019333,-0.001665,0.0173536,-0.0019333,-0.0016654,0.0174203
-0.0023573,-0.0013711,0.0173007,-0.0023572,-0.0013715,0.0173673
-0.0022174,-0.0018111,0.0169538,-0.0022172,-0.0018113,0.0170202
-0.0029394,-0.0015212,0.016912,-0.0029391,-0.0015214,0.0169781
-0.0025973,0.0011495,0.0174522,-0.0025973,0.001149,0.0175189
-0.0026312,-0.0002583,0.0174528,-0.0026312,-0.0002587,0.0175195
-0.0031434,-3.72e-05,0.0170481,-0.0031431,-3.77e-05,0.0171145
-0.0022654,0.0015225,0.0173532,-0.0022653,0.001522,0.01742
-0.0015785,0.0023144,0.0174055,-0.0015785,0.0023138,0.0174723
-0.0017495,0.0026716,0.0170948,-0.0017494,0.0026709,0.0171614
-0.0019054,0.0019644,0.0174693,-0.0019054,0.0019639,0.0175362
-0.0026804,0.0022205,0.0173627,-0.0026804,0.0022199,0.0174291
-0.0009906,0.0026344,0.0173507,-0.0009906,0.0026338,0.0174175
0.0023539,0.0007947,0.0174727,0.0023538,0.0007941,0.0175396
0.0015712,0.0026957,0.0171013,0.001571,0.0026949,0.0171679
-0.0001397,0.0029053,0.0174349,-0.0001398,0.0029048,0.0175017
0.0003212,0.0025933,0.0174528,0.0003211,0.0025928,0.0175197
0.0002773,0.0030107,0.0168671,0.0002772,0.0030099,0.0169337
7.43e-05,0.0031214,0.0174531,7.42e-05,0.0031208,0.0175198
0.0013021,0.0021364,0.0174578,0.001302,0.0021359,0.0175247
0.0013442,0.0025166,0.0171151,0.001344,0.0025159,0.0171818
-0.0025742,0.0005026,0.0173729,-0.0025742,0.0005021,0.0174397
-0.0029274,0.0003117,0.0170231,-0.0029271,0.0003112,0.0170896
-0.0006456,0.0031184,0.017425,-0.0006457,0.0031178,0.0174917
-0.0005986,0.0025734,0.0173696,-0.0005986,0.0025728,0.0174365
-0.0005496,0.0030055,0.017104,-0.0005496,0.0030048,0.0171706
0.002312,-0.0002452,0.0173774,0.0023118,-0.0002456,0.0174443
0.00199,-0.0002842,0.0173951,0.0019898,-0.0002846,0.0174621
0.0029022,-0.0003591,0.0170159,0.0029018,-0.0003595,0.0170824
1.4e-06,-0.0024619,0.0173557,1.3e-06,-0.0024622,0.0174224
-2.15e-05,-0.002834,0.016771,-2.15e-05,-0.002834,0.0168373
-0.0011984,-0.0020839,0.0174015,-0.0011984,-0.0020843,0.0174683
-0.0019015,0.0023906,0.0169547,-0.0019013,0.0023899,0.0170212
0.0009401,0.0021944,0.0174396,0.00094,0.0021939,0.0175066
0.0010033,0.0025226,0.0169909,0.0010031,0.0025219,0.0170577
0.0020531,0.0015436,0.0173058,0.0020529,0.001543,0.0173727
-0.0004335,-0.0024079,0.0174376,-0.0004336,-0.0024083,0.0175044
-0.0005925,-0.002954,0.0170619,-0.0005925,-0.0029541,0.0171282
0.0024189,5.78e-05,0.0174405,0.0024188,5.73e-05,0.0175074
0.0027901,0.0001389,0.0170948,0.0027898,0.0001384,0.0171615
0.0020871,-0.0009491,0.0173812,0.0020869,-0.0009495,0.017448
0.002373,-0.0006321,0.0174354,0.0023728,-0.0006326,0.0175022
0.0024472,-0.0008721,0.0170295,0.0024469,-0.0008724,0.0170961
0.0014492,-0.0019639,0.017405,0.001449,-0.0019643,0.0174717
0.0014004,-0.002514,0.0168572,0.0014002,-0.0025141,0.0169236
0.0016881,-0.001671,0.017363,0.001688,-0.0016714,0.0174298
0.002054,-0.001389,0.0174442,0.0020539,-0.0013894,0.017511
0.0017963,-0.001858,0.0170042,0.001796,-0.0018582,0.0170708
-0.0025434,-0.0008721,0.0169518,-0.0025431,-0.0008725,0.0170183
0.002396,0.0004357,0.0173736,0.0023958,0.0004352,0.0174405
-0.0015314,-0.00212,0.0174316,-0.0015314,-0.0021203,0.0174983
-0.0019544,-0.0021821,0.0167568,-0.0019542,-0.0021822,0.0168231
0.001552,0.0018504,0.0174737,0.0015519,0.0018499,0.0175407
0.0019934,0.0019328,0.0166431,0.001993,0.0019321,0.0167096
-0.0025323,0.0007966,0.017456,-0.0025323,0.0007961,0.0175228
-0.0022563,-0.0006822,0.0172526,-0.0022562,-0.0006826,0.0173194
-0.0022492,-0.0003912,0.0174126,-0.0022492,-0.0003917,0.0174795
-0.0002745,0.0001557,0.0172946,-0.0002746,0.0001552,0.0173619
-0.0010043,0.0002398,0.0165533,-0.0010041,0.0002394,0.0166202
-0.0023033,-4.83e-05,0.0173946,-0.0023032,-4.88e-05,0.0174616
-0.0026664,6.58e-05,0.016823,-0.0026661,6.54e-05,0.0168895
-0.0022533,0.0007646,0.0173468,-0.0022533,0.0007641,0.0174138
-0.0025004,0.0007387,0.017032,-0.0025002,0.0007382,0.0170987
-0.0022423,0.0012045,0.017312,-0.0022423,0.001204,0.0173789
-0.0026294,0.0011666,0.0171332,-0.0026292,0.0011661,0.0171999
-0.0019064,0.0014785,0.0172601,-0.0019063,0.001478,0.017327
-0.0015285,0.0020084,0.0173773,-0.0015285,0.0020079,0.0174442
-0.0019185,0.0019566,0.0171703,-0.0019184,0.0019559,0.0172371
-0.0019075,0.0020188,0.0167205,-0.0019073,0.002018,0.016787
-0.0013946,0.0027986,0.0170449,-0.0013945,0.0027979,0.0171114
-0.0009055,0.0022594,0.0174164,-0.0009056,0.0022588,0.0174834
-0.0009326,0.0025556,0.0169816,-0.0009326,0.0025549,0.0170484
-0.0019783,-0.0013131,0.0173255,-0.0019783,-0.0013135,0.0173923
-0.0023284,-0.0013961,0.0168278,-0.0023281,-0.0013963,0.0168942
0.0005393,0.0010167,0.0166587,0.0005392,0.0010161,0.0167257
0.002018,0.0011976,0.0173496,0.0020178,0.0011971,0.0174166
0.001647,0.0014506,0.0173705,0.0016469,0.0014501,0.0174375
0.0023031,0.0010677,0.0170718,0.0023029,0.0010672,0.0171386
-0.0002367,0.0025484,0.0173186,-0.0002367,0.0025478,0.0173855
-0.0001086,0.0029986,0.01707,-0.0001087,0.0029978,0.0171367
0.0028499,0.0010896,0.0174901,0.0028498,0.0010891,0.0175568
-0.0007094,-0.002607,0.0168918,-0.0007095,-0.0026071,0.0169582
0.0003294,-0.0024169,0.0174617,0.0003293,-0.0024173,0.0175285
0.0006053,-0.0020789,0.0174237,0.0006052,-0.0020793,0.0174905
0.0007304,-0.00242,0.0170209,0.0007303,-0.0024201,0.0170875
-0.0015724,-0.00178,0.0173876,-0.0015723,-0.0017804,0.0174543
-0.0013854,-0.002272,0.0171347,-0.0013853,-0.0022723,0.0172012
-0.0014334,-0.0026141,0.0169778,-0.0014333,-0.0026142,0.0170442
-0.0027862,0.0003286,0.017469,-0.0027862,0.0003281,0.0175357
-0.0021923,0.0003786,0.0173437,-0.0021922,0.0003782,0.0174107
-0.0026724,0.0004858,0.0166751,-0.002672,0.0004853,0.0167416
0.0012711,0.0018335,0.0174085,0.001271,0.0018329,0.0174756
0.0013262,0.0021366,0.0170628,0.001326,0.0021359,0.0171296
-0.0004596,0.0026796,0.0169717,-0.0004596,0.0026788,0.0170385
-0.0005986,0.0024968,0.0165877,-0.0005985,0.0024959,0.0166543
0.001999,0.0004427,0.0173913,0.0019988,0.0004422,0.0174583
0.0024342,0.0005038,0.0168967,0.0024338,0.0005033,0.0169634
0.0027963,-0.0007151,0.0169418,0.0027959,-0.0007154,0.0170082
-0.0010605,0.0019334,0.0173992,-0.0010605,0.0019328,0.0174662
-0.0013815,0.0021196,0.0169644,-0.0013814,0.0021189,0.0170312
-0.0004675,-0.0020399,0.0174075,-0.0004676,-0.0020403,0.0174744
-0.0003905,-0.0023489,0.0170666,-0.0003905,-0.0023492,0.0171333
0.0010242,-0.0021089,0.0173759,0.0010241,-0.0021093,0.0174426
0.0013372,-0.0015789,0.0173538,0.001337,-0.0015793,0.0174207
0.0012813,-0.0019209,0.0170739,0.0012811,-0.0019212,0.0171406
0.0013174,-0.002113,0.0167411,0.0013171,-0.0021131,0.0168076
-0.0019263,0.0008156,0.0173827,-0.0019263,0.0008151,0.0174497
-0.0020724,0.0008057,0.0169559,-0.0020722,0.0008052,0.0170227
-0.0023933,0.0010225,0.017507,-0.0023933,0.001022,0.0175739
-0.0018623,0.0011815,0.0174299,-0.0018623,0.001181,0.0174969
-0.0023114,0.0010847,0.0168781,-0.0023112,0.0010841,0.0169448
0.0001765,-0.002978,0.016999,0.0001764,-0.0029781,0.0170653
0.002064,0.0008237,0.0173745,0.0020638,0.0008232,0.0174414
0.0024081,0.0007568,0.0171557,0.0024078,0.0007562,0.0172225
0.0017091,-0.001326,0.017476,0.001709,-0.0013264,0.0175429
0.0020992,-0.001485,0.0170313,0.0020989,-0.0014853,0.0170979
-0.0019314,-0.0017431,0.0167437,-0.0019312,-0.0017432,0.0168101
-0.0015703,-0.001387,0.0173684,-0.0015703,-0.0013874,0.0174353
-0.0020624,-0.0015381,0.0169846,-0.0020622,-0.0015383,0.0170513
-0.0019853,2.77e-05,0.0173906,-0.0019852,2.72e-05,0.0174575
-0.0022643,9.27e-05,0.0170367,-0.0022642,9.23e-05,0.0171035
-0.0020354,0.0016945,0.0174222,-0.0020354,0.0016939,0.0174891
-0.0015794,0.0015224,0.017443,-0.0015794,0.0015219,0.01751
0.0011274,-0.0023489,0.017016,0.0011272,-0.0023492,0.0170826
0.0015622,0.0018406,0.0171817,0.001562,0.00184,0.0172486
0.0005682,0.0021244,0.0174685,0.0005681,0.0021238,0.0175355
0.0005913,0.0025976,0.0170128,0.0005912,0.0025969,0.0170796
0.0007804,0.0025098,0.0167169,0.0007802,0.0025089,0.0167836
0.0002112,0.0021964,0.0174344,0.0002112,0.0021958,0.0175015
9.44e-05,0.0026196,0.0170318,9.43e-05,0.0026189,0.0170986
-0.0011334,-0.001629,0.0173334,-0.0011334,-0.0016293,0.0174003
-0.0012334,-0.002172,0.0168417,-0.0012333,-0.0021722,0.0169081
0.0024832,-0.0001381,0.0170526,0.0024828,-0.0001386,0.0171193
-0.0007396,0.0017814,0.017464,-0.0007396,0.0017808,0.0175311
-0.0013044,0.0015405,0.017325,-0.0013045,0.0015399,0.017392
-0.0011875,0.0018655,0.0171452,-0.0011874,0.0018649,0.0172121
-0.0012235,0.0018967,0.0168082,-0.0012234,0.001896,0.016875
-4.46e-05,-0.0021439,0.0173695,-4.47e-05,-0.0021443,0.0174364
5.35e-05,-0.002572,0.0170258,5.34e-05,-0.0025721,0.0170923
0.0014404,-0.001891,0.016858,0.0014401,-0.0018912,0.0169246
-0.0015544,0.0011905,0.0173128,-0.0015544,0.00119,0.0173799
-0.0017174,0.0017226,0.0170472,-0.0017173,0.001722,0.017114
0.0015992,-0.0022399,0.0174602,0.001599,-0.0022403,0.0175268
0.0015234,-0.002157,0.0169991,0.0015231,-0.0021572,0.0170657
-0.0015364,-0.0008411,0.0173583,-0.0015363,-0.0008415,0.0174253
-0.0018903,-0.0006461,0.0173884,-0.0018903,-0.0006466,0.0174554
-0.0019473,-0.0010031,0.0168646,-0.0019471,-0.0010034,0.0169312
0.0009451,0.0018984,0.0174214,0.000945,0.0018979,0.0174885
0.0009953,0.0021816,0.0169847,0.0009951,0.0021809,0.0170515
-0.0022823,-0.0006941,0.0169457,-0.0022821,-0.0006945,0.0170123
-0.0001467,0.0021843,0.0174863,-0.0001468,0.0021838,0.0175534
-0.0003646,0.0018894,0.0174181,-0.0003647,0.0018888,0.0174852
-0.0006986,0.0022945,0.0170794,-0.0006986,0.0022939,0.0171463
1.33e-05,0.0026634,0.0174237,1.32e-05,0.0026628,0.0174907
-0.0002544,0.0002747,0.0166872,-0.0002544,0.0002742,0.0167543
-0.0003714,0.0010169,0.0157047,-0.0003713,0.0010162,0.0157707
-0.0007865,0.0014674,0.0173968,-0.0007865,0.0014669,0.017464
-0.0007565,0.0018985,0.0170731,-0.0007565,0.0018979,0.0171401
-0.0006726,0.0020564,0.0174432,-0.0006726,0.0020558,0.0175103
-0.0018813,-0.0002892,0.0173944,-0.0018813,-0.0002897,0.0174615
-0.0022023,-0.0002602,0.0170436,-0.0022022,-0.0002606,0.0171104
0.0005652,0.0003017,0.0166525,0.0005651,0.0003012,0.0167195
0.001781,0.0007496,0.0174672,0.0017809,0.0007491,0.0175343
0.0020912,0.0007958,0.0169635,0.0020909,0.0007953,0.0170304
-0.0002523,-0.0005019,0.0164661,-0.0002524,-0.0005021,0.0165329
-0.0004765,-0.001643,0.0173823,-0.0004765,-0.0016434,0.0174493
-0.0006075,-0.0019669,0.0170964,-0.0006075,-0.0019672,0.0171633
-0.0003265,-0.002157,0.0167826,-0.0003265,-0.0021571,0.0168492
0.001698,0.0010936,0.0174444,0.0016979,0.0010931,0.0175114
0.0019711,0.0010667,0.0170325,0.0019709,0.0010662,0.0170994
0.0003153,0.0019144,0.0174422,0.0003152,0.0019139,0.0175093
0.0002033,0.0021235,0.0170404,0.0002033,0.0021229,0.0171073
-0.0011244,-0.001291,0.0174163,-0.0011244,-0.0012914,0.0174833
-0.0014304,-0.001581,0.0169975,-0.0014303,-0.0015813,0.0170642
-0.0014854,-0.001964,0.0170556,-0.0014853,-0.0019643,0.0171222
0.0016901,-0.000984,0.0174539,0.0016899,-0.0009845,0.0175209
0.001955,-0.0006411,0.0174271,0.0019549,-0.0006415,0.017494
0.0019632,-0.000854,0.0170151,0.0019629,-0.0008544,0.0170819
-0.0019374,0.0011376,0.0170019,-0.0019373,0.0011371,0.0170688
-0.0018584,0.0012668,0.016663,-0.0018582,0.0012661,0.0167297
0.001706,2.38e-05,0.017472,0.0017059,2.33e-05,0.0175391
0.0021681,0.0001208,0.0171063,0.0021679,0.0001204,0.0171732
0.0025033,0.0001019,0.0167677,0.0025028,0.0001015,0.0168343
-0.0016405,0.0023006,0.0171465,-0.0016404,0.0022999,0.0172133
0.0008842,-0.0017049,0.0174106,0.0008841,-0.0017053,0.0174776
0.0014091,-0.001238,0.0174298,0.001409,-0.0012384,0.0174968
0.0014333,-0.001592,0.0169109,0.0014331,-0.0015922,0.0169776
0.001346,0.0015025,0.0174893,0.0013459,0.0015019,0.0175565
0.0016632,0.0015737,0.0170676,0.001663,0.0015731,0.0171345
0.0004343,-0.0005099,0.0166224,0.0004342,-0.0005102,0.0166892
0.0015731,-0.0006341,0.0173848,0.0015729,-0.0006345,0.0174519
0.0021964,-0.000638,0.0166664,0.0021959,-0.0006384,0.0167329
0.001707,-0.0003401,0.017451,0.0017069,-0.0003406,0.017518
0.0020272,-0.0002721,0.0170232,0.0020269,-0.0002725,0.0170901
-0.0015193,0.0008186,0.0173896,-0.0015193,0.000818,0.0174567
0.0005023,-0.0016949,0.0173755,0.0005022,-0.0016953,0.0174425
0.0006045,-0.002189,0.0166788,0.0006043,-0.002189,0.0167453
0.0013621,0.0012066,0.0173812,0.0013619,0.001206,0.0174483
0.0016422,0.0011757,0.0170834,0.0016419,0.0011751,0.0171503
0.0017723,-0.001288,0.0168951,0.001772,-0.0012883,0.0169618
-0.0021614,0.0004328,0.0169198,-0.0021612,0.0004323,0.0169866
-0.0007585,-0.0017409,0.0174464,-0.0007585,-0.0017414,0.0175133
-0.0008155,-0.002236,0.0169886,-0.0008154,-0.0022362,0.0170552
0.0006362,0.0017955,0.0173512,0.0006361,0.0017949,0.0174183
0.0009912,0.0017946,0.0170814,0.0009911,0.001794,0.0171484
0.0010993,0.0019507,0.0167806,0.0010991,0.00195,0.0168474
0.0005195,0.000938,0.0156678,0.0005193,0.0009372,0.0157337
0.0006063,0.0021847,0.0168596,0.0006062,0.0021839,0.0169264
7.24e-05,-0.0017799,0.0173424,7.23e-05,-0.0017803,0.0174094
0.0002535,-0.0020089,0.0168646,0.0002534,-0.0020091,0.0169313
-0.0003506,-0.001293,0.0173633,-0.0003506,-0.0012934,0.0174303
-0.0005275,-0.0016379,0.0170893,-0.0005275,-0.0016382,0.0171563
-0.0010552,-0.0004519,0.0158543,-0.001055,-0.0004522,0.0159205
-0.0014653,-0.0002162,0.0173773,-0.0014653,-0.0002167,0.0174445
-0.0018863,-0.0002302,0.0167615,-0.0018861,-0.0002306,0.0168283
-0.0012554,0.0010735,0.0174447,-0.0012554,0.001073,0.0175118
-0.0015404,0.0010597,0.0168808,-0.0015403,0.0010591,0.0169477
-0.0022563,-0.0010451,0.0171036,-0.0022562,-0.0010455,0.0171703
9.5e-06,-0.0022319,0.0169886,9.4e-06,-0.0022321,0.0170553
-0.0012494,-0.001778,0.0167415,-0.0012493,-0.0017782,0.0168081
-0.0020433,-0.0007912,0.0169995,-0.0020432,-0.0007915,0.0170663
-0.0010685,0.0014436,0.0170608,-0.0010684,0.001443,0.0171279
-0.0015373,0.0004976,0.0173815,-0.0015373,0.0004971,0.0174486
-0.0011514,0.0003807,0.0173984,-0.0011514,0.0003802,0.0174656
0.001696,0.0003877,0.0174551,0.0016959,0.0003872,0.0175222
0.0013701,8.88e-05,0.0173658,0.0013699,8.83e-05,0.0174329
0.0015231,6.08e-05,0.0170699,0.0015229,6.04e-05,0.0171369
0.001489,0.0008136,0.0174151,0.0014889,0.0008131,0.0174822
0.0013542,0.0008467,0.017081,0.001354,0.0008462,0.0171481
0.0007013,-0.001567,0.0170835,0.0007012,-0.0015672,0.0171504
-0.0007175,-0.0013799,0.0174153,-0.0007175,-0.0013804,0.0174823
-0.0011144,-0.000971,0.0172762,-0.0011144,-0.0009715,0.0173433
-0.0012994,-0.001288,0.0170774,-0.0012993,-0.0012884,0.0171442
-0.0012584,-0.001383,0.0167524,-0.0012582,-0.0013832,0.0168191
-0.0015583,0.0001267,0.0174054,-0.0015583,0.0001262,0.0174725
-0.0019364,0.0001148,0.0167606,-0.0019361,0.0001144,0.0168274
5.23e-05,0.0024114,0.0173776,5.22e-05,0.0024108,0.0174446
-2.17e-05,0.0018444,0.0173851,-2.17e-05,0.0018438,0.0174522
-0.0001277,0.0021895,0.0172134,-0.0001277,0.0021889,0.0172804
-0.0015593,-0.0010161,0.0170224,-0.0015593,-0.0010164,0.0170892
0.0009842,-0.0013469,0.0174006,0.0009841,-0.0013474,0.0174676
0.0010613,-0.0015589,0.0170097,0.0010611,-0.0015592,0.0170765
0.0005642,0.0014594,0.017451,0.0005641,0.0014589,0.0175182
0.0006043,0.0018806,0.0170063,0.0006042,0.0018799,0.0170733
0.0001942,0.0015794,0.0174259,0.0001942,0.0015789,0.0174932
-0.0005116,0.0016325,0.0173089,-0.0005117,0.0016319,0.017376
-0.0009115,0.0011465,0.0173986,-0.0009115,0.001146,0.0174658
-0.0003666,0.0019975,0.0170942,-0.0003666,0.0019969,0.0171612
-0.0004615,0.0020707,0.0167063,-0.0004615,0.0020699,0.0167731
0.0013711,-0.000909,0.0173797,0.001371,-0.0009095,0.0174468
0.0015612,-0.0007431,0.0170038,0.001561,-0.0007434,0.0170708
0.0012861,-0.0006651,0.0174327,0.001286,-0.0006655,0.0174998
0.0020582,0.0004478,0.0169894,0.0020579,0.0004473,0.0170562
0.0013741,0.0004927,0.0173679,0.0013739,0.0004922,0.0174351
0.0017351,0.0005928,0.0171342,0.0017349,0.0005922,0.0172012
0.0009762,-0.000817,0.0173645,0.0009761,-0.0008175,0.0174317
0.0013463,-0.001165,0.0170147,0.001346,-0.0011653,0.0170816
0.0015353,-0.000594,0.0166639,0.001535,-0.0005943,0.0167306
0.0005085,-0.0004488,0.0158941,0.0005082,-0.0004491,0.0159603
-0.0012624,-0.0005852,0.0173803,-0.0012624,-0.0005856,0.0174473
-0.0017203,-0.0007081,0.0169964,-0.0017202,-0.0007085,0.0170633
0.0002403,-0.0014049,0.0172914,0.0002403,-0.0014054,0.0173584
0.0003324,-0.0017159,0.0170925,0.0003323,-0.0017162,0.0171594
0.0010293,0.0014797,0.0168662,0.0010291,0.0014791,0.0169332
0.0001923,0.0012255,0.0174187,0.0001922,0.001225,0.017486
0.0001784,0.0014506,0.0169879,0.0001783,0.00145,0.0170549
-0.0008054,-0.001662,0.0171204,-0.0008054,-0.0016623,0.0171873
0.0006162,0.0011495,0.0173218,0.0006161,0.001149,0.017389
0.0007033,0.0015986,0.0168961,0.0007031,0.001598,0.0169631
0.0013992,0.0013677,0.0169913,0.001399,0.0013671,0.0170583
-0.0017143,0.0009805,0.0174857,-0.0017144,0.00098,0.0175528
-0.0012624,0.0006976,0.0173585,-0.0012624,0.0006971,0.0174256
-0.0014574,0.0007087,0.0170325,-0.0014573,0.0007081,0.0170996
0.0006522,-0.001033,0.0174244,0.0006521,-0.0010334,0.0174916
0.0006794,-0.0012829,0.0167965,0.0006792,-0.0012832,0.0168633
0.0013843,0.0011468,0.0167212,0.001384,0.0011461,0.0167881
0.001372,-0.0002942,0.0174117,0.0013719,-0.0002946,0.0174788
-0.0003183,-0.0004718,0.0157978,-0.0003182,-0.0004721,0.0158639
-0.0005395,-0.0009551,0.0173932,-0.0005396,-0.0009555,0.0174603
-0.0009274,-0.001304,0.0171123,-0.0009274,-0.0013043,0.0171792
-0.0005346,0.0012605,0.0173567,-0.0005346,0.0012599,0.0174239
-0.0007895,0.0011366,0.0170326,-0.0007895,0.001136,0.0170997
-0.0008704,0.0013137,0.0167468,-0.0008704,0.001313,0.0168137
-0.0003543,0.000229,0.0156695,-0.0003542,0.0002286,0.0157355
-0.0016133,0.0003497,0.0170515,-0.0016132,0.0003492,0.0171185
0.0015362,-0.0002921,0.0170428,0.0015359,-0.0002925,0.0171098
-2.66e-05,0.0018846,0.0169001,-2.67e-05,0.0018839,0.0169671
-0.0012214,0.0008197,0.0167676,-0.0012213,0.0008192,0.0168345
-1.56e-05,-0.001346,0.0174173,-1.57e-05,-0.0013464,0.0174844
0.0002173,-0.001027,0.0173293,0.0002173,-0.0010274,0.0173964
0.0003794,-0.0014539,0.0169124,0.0003793,-0.0014542,0.0169793
-0.0011644,3.07e-05,0.0173953,-0.0011644,3.03e-05,0.0174625
-0.0014083,3.8e-06,0.0171033,-0.0014083,3.3e-06,0.0171704
-0.0016113,-0.0004442,0.0174833,-0.0016113,-0.0004446,0.0175504
-0.0011544,-0.0002642,0.0174392,-0.0011544,-0.0002647,0.0175064
-0.0015483,-0.0002972,0.0169343,-0.0015482,-0.0002976,0.0170013
-0.0010794,0.0013724,0.0174458,-0.0010795,0.0013719,0.0175129
-0.0012214,0.0010476,0.0171156,-0.0012214,0.0010471,0.0171827
-0.0013403,-0.001105,0.0173663,-0.0013404,-0.0011055,0.0174333
-0.0013064,-0.0010131,0.0170913,-0.0013063,-0.0010134,0.0171582
0.0005084,0.000231,0.015783,0.0005082,0.0002305,0.0158491
0.0007132,0.0003947,0.0173416,0.0007131,0.0003942,0.0174088
0.0014272,0.0003198,0.0170569,0.001427,0.0003193,0.0171239
0.0015982,0.0004968,0.0168091,0.0015979,0.0004963,0.016876
0.0008792,-0.0003591,0.0173615,0.0008791,-0.0003596,0.0174287
0.0010531,0.0007076,0.0174318,0.001053,0.0007071,0.017499
0.0006002,0.0007356,0.0173877,0.0006001,0.0007351,0.0174549
0.0008592,0.0008666,0.0171227,0.000859,0.0008661,0.0171899
-0.0002056,0.0011285,0.0172917,-0.0002057,0.001128,0.0173589
0.0003064,0.0011916,0.0167627,0.0003063,0.001191,0.0168297
-0.0008084,-0.0001393,0.0173673,-0.0008085,-0.0001397,0.0174345
-0.0011413,-0.0002442,0.0170892,-0.0011413,-0.0002446,0.0171563
-0.0012483,-0.0003691,0.0167053,-0.0012482,-0.0003695,0.0167721
0.0009953,-0.000892,0.0169625,0.0009951,-0.0008923,0.0170295
-0.0004456,0.0014845,0.0170888,-0.0004456,0.0014839,0.0171559
0.0010923,-0.0012479,0.0167327,0.0010921,-0.0012482,0.0167994
0.0009371,-6.2e-06,0.0174026,0.000937,-6.7e-06,0.0174698
-0.0001786,-0.001571,0.0173453,-0.0001786,-0.0015713,0.0174123
-1.75e-05,-0.0018099,0.0169375,-1.76e-05,-0.0018102,0.0170042
-0.0001856,-0.000985,0.0173982,-0.0001857,-0.0009855,0.0174654
-9.35e-05,-0.001245,0.0171402,-9.36e-05,-0.0012453,0.0172073
-0.0001085,-0.0013109,0.0167753,-0.0001086,-0.0013112,0.0168422
0.0006612,-0.000643,0.0174224,0.0006611,-0.0006435,0.0174896
0.0006333,-0.00094,0.0170754,0.0006332,-0.0009403,0.0171424
0.0005962,-0.0002172,0.0173635,0.0005961,-0.0002177,0.0174308
0.0010992,-0.0002531,0.0170886,0.001099,-0.0002536,0.0171557
0.0002853,-0.0005971,0.0173324,0.0002852,-0.0005975,0.0173996
0.0002804,-0.001025,0.0170223,0.0002803,-0.0010253,0.0170894
-0.0008195,0.0004916,0.0172394,-0.0008195,0.0004912,0.0173066
-0.0012833,0.0003267,0.0170864,-0.0012833,0.0003262,0.0171535
0.0010482,0.0011806,0.017066,0.001048,0.0011801,0.0171331
-0.0006874,-0.001476,0.0169003,-0.0006874,-0.0014762,0.0169672
-0.0005775,0.0008585,0.0173565,-0.0005776,0.0008581,0.0174238
-0.0008214,0.0007846,0.0169774,-0.0008214,0.0007841,0.0170445
-0.0001426,0.0015135,0.0171428,-0.0001427,0.001513,0.01721
-0.0006455,-0.0005641,0.0172892,-0.0006455,-0.0005645,0.0173564
-0.0012513,-0.0007901,0.0169982,-0.0012513,-0.0007904,0.0170652
0.0005233,6.17e-05,0.0174376,0.0005232,6.13e-05,0.0175049
0.0011962,6.98e-05,0.0170057,0.001196,6.94e-05,0.0170727
-2.56e-05,-0.0006521,0.0173903,-2.57e-05,-0.0006525,0.0174576
-9.85e-05,-0.000977,0.0170292,-9.86e-05,-0.0009773,0.0170963
-0.0009004,-0.0008171,0.0174242,-0.0009005,-0.0008176,0.0174914
-0.0008284,-0.000922,0.0171012,-0.0008284,-0.0009224,0.0171682
-0.0003566,-0.0006122,0.0174573,-0.0003566,-0.0006126,0.0175246
-0.0005004,-0.0008739,0.0169552,-0.0005004,-0.0008743,0.0170222
-0.0004766,0.0004047,0.0173365,-0.0004766,0.0004042,0.0174037
0.0011091,-0.0005281,0.0175116,0.001109,-0.0005286,0.0175788
0.0008762,-0.00055,0.0170405,0.0008761,-0.0005504,0.0171075
0.0006382,0.0006297,0.0170716,0.0006381,0.0006292,0.0171388
-0.0001106,0.0007756,0.0173626,-0.0001107,0.0007751,0.0174298
-4.66e-05,0.0011656,0.0168227,-4.66e-05,0.001165,0.0168897
-0.0004235,0.0012756,0.0168797,-0.0004235,0.001275,0.0169467
0.0001993,-0.0002542,0.0173996,0.0001992,-0.0002547,0.0174668
9.84e-05,-0.0007619,0.0169823,9.83e-05,-0.0007623,0.0170494
0.0002144,-0.0006168,0.0167443,0.0002142,-0.0006172,0.0168113
0.0003878,-0.0005828,0.0150289,0.0003876,-0.000583,0.015094
-0.0003013,-0.0004349,0.0150495,-0.0003012,-0.0004351,0.0151146
-0.0005176,5.87e-05,0.0174105,-0.0005176,5.82e-05,0.0174777
-0.0010074,0.0001127,0.0171103,-0.0010073,0.0001123,0.0171775
-0.0012333,1.48e-05,0.0167553,-0.0012332,1.44e-05,0.0168222
-0.0004665,-0.0002912,0.0174324,-0.0004666,-0.0002917,0.0174997
-0.0004024,-0.000544,0.0168693,-0.0004024,-0.0005444,0.0169363
-0.0003605,0.0006476,0.0170845,-0.0003605,0.0006471,0.0171517
0.0004303,-0.0008171,0.0174014,0.0004302,-0.0008175,0.0174686
0.0005793,-0.0005581,0.0171264,0.0005791,-0.0005585,0.0171936
0.0002883,0.0004007,0.0174256,0.0002882,0.0004002,0.0174929
0.0002364,0.0008446,0.0167286,0.0002363,0.0008441,0.0167956
0.0010562,0.0005057,0.0170127,0.001056,0.0005052,0.0170798
0.0007981,0.0009465,0.0174738,0.000798,0.000946,0.0175411
0.0005993,0.0012856,0.0169329,0.0005992,0.001285,0.017
0.0005982,0.0003757,0.0169456,0.0005981,0.0003753,0.0170127
0.0004957,0.0003181,0.0151899,0.0004954,0.0003177,0.0152553
0.0002513,6.07e-05,0.0174287,0.0002512,6.03e-05,0.017496
0.0007742,7.88e-05,0.0170835,0.0007741,7.84e-05,0.0171507
-8.56e-05,0.0003877,0.0173356,-8.57e-05,0.0003872,0.0174029
-9.55e-05,0.0008466,0.0169715,-9.56e-05,0.000846,0.0170387
-0.0001616,-0.0003272,0.0174105,-0.0001617,-0.0003277,0.0174777
-0.0003875,-0.0001801,0.0171025,-0.0003875,-0.0001805,0.0171697
-1.36e-05,4.58e-05,0.0173637,-1.37e-05,4.53e-05,0.017431
-1.76e-05,0.0004576,0.0169426,-1.77e-05,0.0004571,0.0170098
-0.0003843,0.0001752,0.0150505,-0.0003842,0.0001748,0.0151156
-0.0004874,0.0004386,0.0168954,-0.0004874,0.0004382,0.0169625
0.0002193,-0.0001921,0.0169735,0.0002192,-0.0001925,0.0170407
-4.96e-05,-0.0001991,0.0171136,-4.97e-05,-0.0001995,0.0171808
-0.0005112,-1.32e-05,0.0167142,-0.0005112,-1.36e-05,0.0167812
0.0005892,-0.0002331,0.0169865,0.0005891,-0.0002335,0.0170536
-0.0002666,-7.13e-05,0.0174566,-0.0002667,-7.17e-05,0.0175238
-7.06e-05,0.0001108,0.0170356,-7.06e-05,0.0001103,0.0171028
0.0003422,0.0001517,0.0169266,0.0003421,0.0001513,0.0169937
-0.0016455,-0.0044671,0.0005729,-0.0016432,-0.0044608,0.0005797
-0.0013441,-0.0043418,0.0006745,-0.0013422,-0.0043359,0.0006824
-0.0010311,-0.0045526,0.0005971,-0.0010296,-0.0045463,0.0006043
-0.0005137,-0.0045061,0.0006207,-0.0005129,-0.0044999,0.0006285
-0.0010037,-0.0039939,0.0005365,-0.0010022,-0.0039879,0.0005455
-0.0001755,-0.0040532,0.0005463,-0.0001751,-0.0040472,0.0005555
0.0006738,-0.0039661,0.0005749,0.0006729,-0.0039602,0.0005843
-0.0001472,-0.0032309,0.0004801,-0.0001469,-0.0032257,0.0004916
-0.0006104,-0.0006783,0.0007159,-0.0006094,-0.0006771,0.0007315
-0.0022051,-0.0039154,0.0006008,-0.002202,-0.0039098,0.0006086
-0.0009055,-0.0033722,0.0005155,-0.000904,-0.0033669,0.0005264
-0.0011454,-0.0038588,0.0006342,-0.0011438,-0.0038533,0.0006438
-0.0008621,-0.0034686,0.000903,-0.0008609,-0.003464,0.0009146
-0.0009625,-0.004144,0.0004449,-0.000961,-0.0041376,0.0004532
-0.0008821,-0.0044314,0.0007406,-0.0008809,-0.0044256,0.0007487
-9.25e-05,-0.004409,0.0006907,-9.23e-05,-0.004403,0.0006991
-0.0017871,-0.0042755,0.0007376,-0.0017848,-0.0042699,0.0007452
-0.0008698,-0.0030104,0.0005818,-0.0008684,-0.0030057,0.0005937
-0.0008479,-0.0042133,0.0008475,-0.0008467,-0.004208,0.0008568
-0.0016301,-0.0039931,0.000598,-0.0016277,-0.0039873,0.0006065
-0.0017105,-0.0033876,0.0005302,-0.0017079,-0.0033824,0.0005403
-0.0013613,-0.003255,0.0006183,-0.0013593,-0.0032501,0.0006294
-0.0017049,-0.0033477,0.0003997,-0.0017021,-0.0033422,0.0004095
-0.0014881,-0.0037214,0.0008112,-0.0014861,-0.0037165,0.0008213
-0.0017877,-0.0039993,0.0003892,-0.001785,-0.003993,0.0003969
-0.0014429,-0.0039354,0.0010025,-0.0014412,-0.0039308,0.0010126
0.0011518,-0.0045135,0.0006023,0.0011504,-0.0045072,0.0006096
0.0016663,-0.0046491,0.0005936,0.0016642,-0.0046428,0.0005998
0.0018646,-0.0037167,0.0005452,0.001862,-0.0037112,0.0005541
0.0024763,-0.0037423,0.0005868,0.0024729,-0.003737,0.0005946
0.0024329,-0.0027645,0.000535,0.0024293,-0.0027601,0.0005453
0.0011873,-0.003782,0.0005418,0.0011857,-0.0037762,0.0005513
0.0018953,-0.0030716,0.0005436,0.0018925,-0.0030669,0.0005542
0.0016691,-0.0039371,0.0006404,0.0016669,-0.0039316,0.0006492
0.0018456,-0.0038984,0.000963,0.0018435,-0.0038937,0.0009725
0.0007022,-0.0007653,0.000744,0.0007012,-0.0007639,0.0007595
0.0021405,-0.0038139,0.0004432,0.0021374,-0.0038081,0.0004511
0.0018727,-0.0042884,0.0007634,0.0018704,-0.0042829,0.000771
0.0025602,-0.0040793,0.0007544,0.0025571,-0.0040741,0.0007615
0.0012279,-0.0042536,0.0006937,0.0012264,-0.0042479,0.0007021
0.001181,-0.0030755,0.0004704,0.0011792,-0.0030705,0.0004817
0.0013139,-0.0024787,0.0004241,0.0013118,-0.0024744,0.0004364
0.0011509,-0.0037867,0.0006573,0.0011494,-0.0037812,0.0006672
0.001412,-0.0039485,0.0004047,0.0014099,-0.0039423,0.0004131
0.0006036,-0.0032461,0.000505,0.0006027,-0.0032409,0.0005164
0.0012596,-0.0031691,0.0005844,0.0012578,-0.0031642,0.0005956
0.0012912,-0.0032949,0.0003661,0.0012892,-0.0032893,0.0003764
0.0003776,-0.0036559,0.0006108,0.0003771,-0.0036505,0.0006214
0.0005966,-0.0042345,0.0007111,0.0005959,-0.0042288,0.00072
0.001342,-0.0042141,0.0008878,0.0013404,-0.0042089,0.0008967
0.0011042,-0.0037912,0.0011099,0.0011031,-0.0037868,0.001121
0.0015772,-0.0038334,0.0011699,0.0015756,-0.0038292,0.0011806
0.0018167,-0.0031827,0.0010874,0.0018147,-0.0031789,0.0010993
0.0024085,-0.0031967,0.0011475,0.002406,-0.0031931,0.0011586
0.0024831,-0.0030484,0.0012961,0.0024807,-0.0030451,0.0013079
0.001013,-0.0034423,0.0009897,0.0010118,-0.0034379,0.0010016
0.0008623,-0.0006621,0.0010224,0.0008612,-0.000661,0.0010387
0.0007109,-0.0005404,0.0013456,0.0007101,-0.0005395,0.001363
0.0017381,-0.0026862,0.0009597,0.001736,-0.0026826,0.0009725
0.0018154,-0.0022505,0.0009227,0.0018131,-0.0022474,0.0009361
0.0006404,0.0004774,0.0007175,0.0006395,0.0004769,0.0007331
0.0014955,-0.0033853,0.0012111,0.001494,-0.0033815,0.0012233
0.0015742,-0.003728,0.0013168,0.0015727,-0.0037242,0.0013282
0.002058,-0.0035383,0.0012621,0.002056,-0.0035345,0.0012732
0.0016959,-0.0026897,0.0011026,0.001694,-0.0026863,0.0011159
0.0015877,-0.0036918,0.0015208,0.0015864,-0.0036884,0.0015329
0.0012876,-0.003246,0.0010873,0.0012862,-0.003242,0.0010998
0.0012721,-0.0028791,0.0009464,0.0012706,-0.0028753,0.0009593
0.0006489,-0.002881,0.0009508,0.0006481,-0.0028771,0.0009642
0.001068,-0.0027038,0.0010865,0.0010668,-0.0027004,0.0011003
0.0003395,-0.0033568,0.0011013,0.0003392,-0.0033527,0.001114
-6.49e-05,-0.0031439,0.001134,-6.47e-05,-0.00314,0.0011474
-0.0004159,-0.0007978,0.0009696,-0.0004153,-0.0007965,0.0009859
0.0010833,-0.0031059,0.0013464,0.0010822,-0.0031025,0.0013601
0.0003885,-0.0039372,0.0012502,0.0003882,-0.003933,0.0012617
0.0011156,-0.0036476,0.0014654,0.0011147,-0.0036441,0.001478
-0.0018934,-0.0021174,0.0004528,-0.0018903,-0.0021138,0.000465
-0.0011674,-0.0023439,0.0004032,-0.0011654,-0.0023399,0.0004158
-0.0006688,-0.0018338,0.0003662,-0.0006676,-0.0018305,0.0003799
-0.0010433,-0.0013118,0.0003889,-0.0010414,-0.0013093,0.0004028
-0.0003425,-0.0012787,0.0003806,-0.0003419,-0.0012763,0.0003949
0.0006635,-0.0013066,0.0003592,0.0006624,-0.0013041,0.0003734
-1.91e-05,-0.0007833,0.0003403,-1.9e-05,-0.0007817,0.0003548
-0.0007806,-4e-06,0.0007402,-0.0007794,-3.8e-06,0.0007559
-0.0005352,0.0016747,0.00078,-0.0005344,0.0016725,0.0007951
-0.0016245,-0.0010155,0.0004204,-0.0016217,-0.0010136,0.0004341
-0.0023594,-0.0012309,0.000438,-0.0023555,-0.0012287,0.0004506
-0.0010978,-0.0003963,0.0004341,-0.0010959,-0.0003954,0.0004487
-0.0011496,-0.0011393,0.0004756,-0.0011477,-0.0011372,0.0004899
-0.0008497,-0.0019107,0.0004838,-0.0008483,-0.0019074,0.0004975
-0.0006103,-0.0012663,0.0006625,-0.0006093,-0.0012641,0.0006775
-0.0011766,-0.0015295,0.0003033,-0.0011745,-0.0015266,0.0003168
-0.000122,-0.0019018,0.000492,-0.0001217,-0.0018985,0.000506
-0.0017555,-0.0019081,0.0005269,-0.0017527,-0.0019049,0.0005398
-0.0010705,-0.0013805,0.0005812,-0.0010688,-0.0013781,0.0005956
-0.0017307,-0.0013357,0.0005107,-0.0017279,-0.0013333,0.0005243
-0.0017881,-0.0004535,0.0004956,-0.0017851,-0.0004525,0.0005096
-0.001663,-0.0011389,0.0006041,-0.0016603,-0.0011369,0.0006182
-0.0019855,-0.0005596,0.0004056,-0.0019821,-0.0005584,0.0004191
-0.0017331,-0.0012164,0.0003157,-0.0017301,-0.001214,0.0003288
-0.0018092,-0.0026075,0.0005465,-0.0018063,-0.0026033,0.0005582
-0.001617,-0.0017071,0.0006199,-0.0016145,-0.0017043,0.0006335
-0.0015403,-0.0020579,0.0007684,-0.0015381,-0.0020547,0.000782
-0.0042325,-0.0023846,0.0006681,-0.004227,-0.0023813,0.0006747
-0.0039769,-0.0018434,0.0005833,-0.0039713,-0.0018406,0.0005915
-0.0036136,-0.0022847,0.0005426,-0.0036083,-0.0022812,0.0005511
-0.0033763,-0.0016735,0.0005502,-0.0033712,-0.0016708,0.0005604
-0.0029865,-0.0023919,0.0005041,-0.002982,-0.0023881,0.0005139
-0.0027936,-0.0012243,0.0005396,-0.0027892,-0.0012222,0.0005516
-0.0028979,-0.0018569,0.0005864,-0.0028936,-0.001854,0.0005976
-0.0026957,-0.0016551,0.0008534,-0.002692,-0.0016527,0.000866
-0.0028509,-0.0022201,0.0003702,-0.0028462,-0.0022163,0.0003804
-0.0037735,-0.0013672,0.0005067,-0.0037678,-0.001365,0.000516
-0.0042531,-0.0012427,0.0005534,-0.0042471,-0.0012407,0.0005615
-0.0038044,-0.0006568,0.0005387,-0.0037988,-0.0006556,0.0005487
-0.0035033,-3.92e-05,0.0005328,-0.003498,-3.89e-05,0.0005438
-0.0036141,-0.0012439,0.0006131,-0.0036089,-0.0012419,0.0006233
-0.0038834,-0.0013895,0.0003872,-0.0038773,-0.0013871,0.0003958
-0.0036325,-0.0019268,0.0004493,-0.003627,-0.0019236,0.0004581
-0.0035266,-0.0018516,0.0006549,-0.0035217,-0.0018488,0.0006647
-0.0040292,-0.0018936,0.0007212,-0.004024,-0.001891,0.0007295
-0.0033827,-0.0018217,0.0007638,-0.0033782,-0.001819,0.0007743
-0.0033253,-0.0017318,0.0009414,-0.0033212,-0.0017295,0.0009526
-0.0041238,-0.000996,0.0006174,-0.004118,-0.0009944,0.0006263
-0.0040079,-0.0011444,0.0007126,-0.0040025,-0.0011426,0.000722
-0.0042017,-0.0005798,0.0006836,-0.0041961,-0.0005788,0.0006927
-0.0043245,-0.000511,0.0005763,-0.0043184,-0.0005101,0.0005847
-0.0044014,-0.001358,0.0004572,-0.004395,-0.0013558,0.0004643
-0.0041247,-0.0024841,0.0008386,-0.0041198,-0.002481,0.0008458
-0.0017316,-0.0044949,0.0004645,-0.001729,-0.0044884,0.0004708
-0.0015874,-0.0052451,0.00036,-0.0015851,-0.0052377,0.0003635
-0.0011241,-0.0051219,0.000406,-0.0011225,-0.0051146,0.0004105
-0.002334,-0.0051413,0.0004309,-0.0023308,-0.0051343,0.0004339
-0.001769,-0.0046066,0.0003538,-0.0017663,-0.0045996,0.0003594
-0.0015657,-0.0049819,0.0005037,-0.0015635,-0.0049751,0.0005084
-0.002386,-0.0045535,0.0005231,-0.0023828,-0.0045473,0.0005282
-0.0024423,-0.0045944,0.0003711,-0.0024387,-0.0045877,0.0003756
-0.0031434,-0.0046065,0.0004306,-0.0031391,-0.0046002,0.0004338
-0.0022972,-0.0040243,0.0003035,-0.0022936,-0.0040179,0.0003101
-0.0018721,-0.0051576,0.0002117,-0.0018693,-0.0051498,0.0002149
-0.0015388,-0.0038687,0.0011777,-0.0015371,-0.0038645,0.0011883
-0.0013266,-0.003628,0.0012757,-0.0013251,-0.0036242,0.0012875
-0.0009775,-0.0040075,0.001124,-0.0009764,-0.004003,0.0011345
-0.0004894,-0.0038382,0.0011147,-0.0004888,-0.0038338,0.001126
-0.0007616,-0.0033671,0.0009862,-0.0007606,-0.0033628,0.0009985
-9.09e-05,-0.003538,0.0010284,-9.07e-05,-0.0035336,0.0010405
-0.0015702,-0.0007448,0.0013591,-0.0015684,-0.0007438,0.0013757
-0.0009923,-0.002923,0.0009499,-0.000991,-0.0029191,0.000963
-0.0008653,-0.003201,0.0014436,-0.0008644,-0.0031977,0.0014575
-0.0003284,-0.0006727,0.0013972,-0.000328,-0.0006717,0.0014148
-0.0007428,-0.0037273,0.0012549,-0.000742,-0.0037232,0.0012669
-0.0001231,-0.0036389,0.0011926,-0.0001229,-0.0036347,0.0012049
-0.0006678,-0.0028763,0.0011164,-0.0006669,-0.0028727,0.0011302
-0.000696,-0.0035234,0.0014047,-0.0006953,-0.0035198,0.0014178
-0.0016008,-0.0029208,0.0010295,-0.0015987,-0.002917,0.0010422
-0.0012486,-0.0028337,0.0011315,-0.0012471,-0.0028302,0.0011451
-0.0011965,-0.0030212,0.001388,-0.0011952,-0.0030179,0.0014019
-0.0011557,-0.0035801,0.0016039,-0.0011546,-0.0035769,0.001617
0.0040068,-0.0019831,0.0005534,0.0040013,-0.0019801,0.0005613
0.004453,-0.0018574,0.0006594,0.0044474,-0.0018548,0.0006662
0.0044569,-0.0012532,0.0005705,0.0044509,-0.0012513,0.0005779
0.0049271,-0.0009811,0.0007273,0.0049213,-0.0009797,0.0007335
0.0038277,-0.0010645,0.0005426,0.0038222,-0.0010627,0.0005523
0.0030616,-0.0013029,0.0004737,0.0030569,-0.0013007,0.000485
0.0043296,-0.0006675,0.0006397,0.0043239,-0.0006664,0.0006482
0.0044261,-0.0011654,0.0007337,0.0044207,-0.0011637,0.0007416
0.0046703,-0.0010249,0.0004629,0.0046638,-0.0010233,0.0004694
0.0042973,-0.0017907,0.0007727,0.0042921,-0.0017883,0.0007805
0.0047757,-0.0020017,0.0008198,0.0047704,-0.0019992,0.0008255
0.0037934,-0.001691,0.0006571,0.0037883,-0.0016885,0.0006664
0.0030493,-0.0017371,0.0005731,0.0030449,-0.0017343,0.0005841
0.0041594,-0.0017722,0.000895,0.0041547,-0.0017699,0.0009036
0.0038645,-0.0010423,0.0006707,0.0038593,-0.0010406,0.0006806
0.0033214,-0.0012563,0.00057,0.0033166,-0.0012542,0.0005809
0.0037748,-0.0004431,0.0006357,0.0037695,-0.0004422,0.0006461
0.0038064,0.0002772,0.0006552,0.0038012,0.0002771,0.0006656
0.0037313,-0.0010121,0.000785,0.0037265,-0.0010105,0.0007956
0.0038043,-0.0004907,0.0005061,0.0037987,-0.0004897,0.000516
0.0040227,-0.0012183,0.000433,0.0040167,-0.0012162,0.0004415
0.0036446,-0.0016358,0.0008054,0.00364,-0.0016335,0.0008156
0.0011228,-0.0019332,0.000411,0.0011211,-0.0019298,0.0004243
0.0015097,-0.0016187,0.0004469,0.0015072,-0.0016158,0.0004603
0.0019784,-0.0019392,0.0004295,0.0019752,-0.0019358,0.0004419
0.0019405,-0.0016217,0.0004811,0.0019374,-0.0016189,0.0004941
0.0019686,-0.0011582,0.0004237,0.0019655,-0.0011561,0.0004369
0.0025462,-0.0010668,0.000422,0.0025421,-0.0010648,0.0004343
0.0027792,-0.0011868,0.0005715,0.002775,-0.0011848,0.0005838
0.001304,-0.0013275,0.0003898,0.0013019,-0.001325,0.0004035
0.0018947,-0.0004648,0.0004402,0.0018917,-0.0004638,0.0004539
0.001837,0.0001957,0.0004113,0.001834,0.0001956,0.0004251
0.000636,0.0014069,0.0008134,0.0006352,0.0014051,0.0008288
0.0020337,-0.0012458,0.0005155,0.0020306,-0.0012435,0.0005288
0.0016766,-0.001558,0.0002883,0.0016737,-0.001555,0.0003012
0.0019725,-0.0017445,0.0005564,0.0019695,-0.0017415,0.0005694
0.0025883,-0.0018112,0.0005944,0.0025845,-0.0018083,0.0006063
0.0012903,-0.0018093,0.000518,0.0012883,-0.0018062,0.0005316
0.0019194,-0.0016821,0.0006531,0.0019167,-0.0016793,0.0006665
0.0013978,-0.000832,0.0004277,0.0013955,-0.0008304,0.0004418
0.001168,-0.000339,0.000409,0.0011661,-0.0003382,0.0004234
0.0012673,-0.0011718,0.0004981,0.0012653,-0.0011697,0.0005123
0.0011028,-0.0011229,0.0007262,0.0011012,-0.001121,0.0007412
0.0012314,-0.0011776,0.0003104,0.0012293,-0.0011753,0.0003241
0.0001976,-0.0013026,0.0004325,0.0001974,-0.0013002,0.000447
0.001307,-0.0003036,0.000493,0.0013049,-0.0003029,0.0005075
0.0015482,0.0003712,0.0005057,0.0015458,0.0003709,0.0005201
0.0011314,-0.0009504,0.0006206,0.0011297,-0.0009487,0.0006355
0.0016632,-0.0015466,0.0005056,0.0016606,-0.0015439,0.0005191
0.0005146,-0.001832,0.0004825,0.0005139,-0.0018288,0.0004965
0.0012538,-0.0016648,0.0006172,0.001252,-0.0016621,0.0006313
0.002328,-0.0051715,0.0003531,0.0023249,-0.0051643,0.0003561
0.0024621,-0.0044578,0.0005122,0.0024589,-0.0044517,0.0005176
0.0025207,-0.0050483,0.0005487,0.0025177,-0.0050419,0.000552
0.001899,-0.005211,0.0005262,0.0018967,-0.0052042,0.00053
0.0017725,-0.0044427,0.0004472,0.0017701,-0.0044362,0.0004536
0.0011621,-0.0053524,0.0004312,0.0011607,-0.0053451,0.000435
0.0019691,-0.0047526,0.0003903,0.0019664,-0.0047458,0.0003953
0.0030359,-0.0044574,0.000556,0.0030321,-0.0044516,0.0005602
0.0027214,-0.0039053,0.0004525,0.0027175,-0.0038995,0.0004589
0.002253,-0.0046152,0.0007089,0.0022504,-0.0046095,0.0007146
0.0018012,-0.0049501,0.0006784,0.0017992,-0.004944,0.0006835
0.002798,-0.0040347,0.0006079,0.0027944,-0.0040292,0.0006142
0.0023473,-0.0046487,0.0009103,0.0023449,-0.0046435,0.0009161
0.0014122,-0.005054,0.0005647,0.0014105,-0.0050473,0.0005697
0.001242,-0.0045827,0.0004819,0.0012404,-0.0045761,0.0004885
0.0011228,-0.0050013,0.0007166,0.0011216,-0.0049951,0.0007224
-0.000251,-0.0051118,0.0005347,-0.0002505,-0.0051048,0.00054
-0.0002412,-0.0045313,0.0004759,-0.0002407,-0.0045245,0.0004833
-0.0001244,-0.0053016,0.0003695,-0.0001241,-0.005294,0.0003736
0.0004565,-0.0051951,0.0003974,0.000456,-0.0051877,0.000402
-0.0002747,-0.0043872,0.0002933,-0.0002741,-0.00438,0.0003008
-0.0007824,-0.0048552,0.0002389,-0.0007811,-0.0048475,0.0002443
-0.0010164,-0.0046556,0.0004759,-0.0010148,-0.0046488,0.0004824
-0.001053,-0.0046449,0.000344,-0.0010513,-0.0046377,0.0003503
-0.0009862,-0.0041493,0.0002848,-0.0009845,-0.0041424,0.0002927
-0.0006997,-0.0050425,0.0001732,-0.0006985,-0.0050344,0.0001778
0.00117,-0.0040771,0.0002878,0.0011682,-0.0040704,0.0002957
0.0018977,-0.0039258,0.0003132,0.0018948,-0.0039194,0.0003208
0.0004826,-0.0041845,0.0002765,0.0004819,-0.0041776,0.0002845
0.0010155,-0.0036134,0.0002756,0.0010139,-0.0036071,0.0002851
0.0012958,-0.0048727,0.000367,0.0012941,-0.0048655,0.0003723
0.0004574,-0.0034435,0.0002659,0.0004568,-0.0034374,0.0002762
-0.0005412,-0.0036893,0.0002602,-0.0005402,-0.0036829,0.0002697
0.0004485,-0.0028095,0.0002413,0.0004478,-0.0028043,0.0002531
0.0006624,-0.0044527,0.0002124,0.0006615,-0.0044452,0.0002192
0.0005414,-0.0045864,0.0004577,0.0005407,-0.0045796,0.0004648
0.0005715,-0.0046612,0.0003477,0.0005707,-0.004654,0.0003541
0.000112,-0.0041385,0.0003589,0.000112,-0.0041318,0.0003674
0.0004183,-0.005098,0.0005296,0.0004179,-0.005091,0.0005349
0.0008872,-0.005104,0.0001797,0.000886,-0.005096,0.000184
-0.0003426,-0.0039416,0.000156,-0.0003419,-0.0039345,0.0001645
-0.0001345,-0.0039824,0.0004375,-0.0001341,-0.0039761,0.0004466
-0.0002117,-0.0035009,0.0003612,-0.0002113,-0.003495,0.0003717
-0.0008389,-0.0035754,0.0001805,-0.0008373,-0.0035689,0.00019
-0.0011617,-0.0036729,0.0003879,-0.0011598,-0.0036669,0.0003974
-0.0013078,-0.0036335,0.0002463,-0.0013055,-0.0036272,0.0002554
-0.0016788,-0.0034016,0.0003173,-0.001676,-0.0033958,0.0003267
-0.0010034,-0.0030585,0.0002711,-0.0010016,-0.003053,0.000282
-0.0006735,-0.0044261,0.0002,-0.0006722,-0.0044186,0.0002069
-0.0015799,-0.0041143,0.0002938,-0.0015773,-0.0041075,0.0003012
0.0010184,-0.0018129,0.0008576,0.001017,-0.0018101,0.0008724
0.0015297,-0.0014875,0.0008345,0.0015276,-0.0014852,0.0008491
0.0019341,-0.0017492,0.0008671,0.0019316,-0.0017466,0.000881
0.0018837,-0.0010491,0.0008548,0.0018812,-0.0010475,0.0008695
0.0026435,-0.0009421,0.0009209,0.0026401,-0.0009406,0.0009346
0.002229,-0.0009859,0.0010477,0.0022263,-0.0009844,0.0010624
0.0004821,0.000191,0.0010719,0.0004816,0.000191,0.0010887
0.0007215,0.0002027,0.0013382,0.0007207,0.0002027,0.0013557
0.0011047,-0.0011364,0.0008277,0.0011032,-0.0011345,0.000843
0.0011302,-0.0010167,0.0009538,0.0011288,-0.0010151,0.0009696
-0.0003764,0.000339,0.0009664,-0.0003758,0.0003387,0.0009829
0.0007103,0.0015213,0.0010434,0.0007095,0.0015196,0.0010593
-0.0003171,0.0001075,0.0013689,-0.0003167,0.0001076,0.0013866
0.0017858,-0.0004307,0.0008066,0.0017833,-0.0004299,0.0008215
0.0018542,-0.0010886,0.0009818,0.0018518,-0.001087,0.0009967
0.0017169,-0.0015595,0.0010004,0.0017147,-0.0015572,0.0010152
0.0022918,-0.0015498,0.0011101,0.0022891,-0.0015477,0.0011244
0.0027086,-0.0018021,0.0011563,0.0027056,-0.0017999,0.0011696
0.0011294,-0.0015784,0.0010025,0.001128,-0.0015761,0.0010179
0.0016268,-0.0014362,0.0011653,0.0016249,-0.0014343,0.0011808
0.0015694,-0.0014362,0.0013194,0.0015677,-0.0014343,0.0013354
0.0006782,-0.000583,0.0017125,0.0006776,-0.0005823,0.001731
0.0014414,-0.0006637,0.0008625,0.0014395,-0.0006625,0.0008778
0.0003578,-0.0011459,0.0008471,0.0003574,-0.001144,0.0008629
0.0011016,-0.0004826,0.0007879,0.0011001,-0.0004816,0.0008035
0.0005763,-0.0010159,0.0009706,0.0005756,-0.0010142,0.0009867
-5.01e-05,-0.001084,0.0009332,-5e-05,-0.0010823,0.0009493
-0.0004214,0.00128,0.0010751,-0.0004208,0.0012786,0.0010914
0.0011627,-0.0004183,0.0009413,0.0011611,-0.0004175,0.0009573
0.0012713,0.0001157,0.0009825,0.0012697,0.0001158,0.0009986
0.0011381,-0.0008633,0.0011077,0.0011367,-0.0008619,0.001124
0.0012816,-0.0014385,0.0009187,0.0012799,-0.0014363,0.0009339
0.0006034,-0.0017293,0.0009847,0.0006026,-0.0017268,0.0010002
0.0012016,-0.0013898,0.0011599,0.0012002,-0.0013878,0.0011758
0.0009135,0.0005333,0.0008179,0.0009122,0.0005328,0.0008337
0.0017649,0.0013112,0.0008489,0.0017625,0.0013097,0.0008635
0.0021956,0.0014145,0.000919,0.0021928,0.0014128,0.0009331
0.0027363,0.0014839,0.0009476,0.0027329,0.0014823,0.0009607
0.0023813,0.0018338,0.0010125,0.0023785,0.0018318,0.001026
0.0011476,0.0011621,0.0008441,0.0011461,0.0011607,0.0008594
-0.0004758,0.0012976,0.0013369,-0.0004752,0.0012963,0.001354
0.0014601,0.0018415,0.0008992,0.0014582,0.0018392,0.0009138
0.0016554,0.0011621,0.0009841,0.0016533,0.0011608,0.0009993
0.0013356,0.0012162,0.0012931,0.0013341,0.0012151,0.0013096
0.0021738,0.0008934,0.001065,0.0021712,0.0008925,0.0010799
0.0025625,0.0005898,0.0010599,0.0025595,0.0005893,0.0010743
0.0010431,0.0007569,0.000933,0.0010418,0.0007561,0.0009489
0.001739,1.66e-05,0.0009322,0.0017367,1.68e-05,0.0009476
0.0016704,0.0009005,0.0011614,0.0016684,0.0008996,0.0011773
0.0009381,0.0021814,0.0008653,0.0009369,0.0021787,0.0008797
0.001305,0.0026198,0.0009199,0.0013034,0.0026166,0.0009334
0.0011279,0.0013024,0.001011,0.0011265,0.0013009,0.0010267
0.0003427,0.0013679,0.0009246,0.0003423,0.0013663,0.0009404
-0.0002064,0.0013704,0.0009737,-0.0002061,0.0013688,0.0009897
-0.00043,0.0002781,0.0017438,-0.0004295,0.000278,0.0017626
0.0010705,0.0019355,0.0010316,0.0010692,0.0019333,0.0010467
0.0010059,0.0012204,0.0011713,0.0010047,0.0012191,0.0011877
0.0005396,0.0009368,0.0009817,0.000539,0.0009358,0.0009979
0.0012252,0.0006771,0.0011671,0.0012238,0.0006764,0.0011835
0.0009928,0.0008439,0.0012567,0.0009917,0.0008431,0.0012735
0.0006008,0.0001657,0.0017446,0.0006003,0.0001657,0.0017633
0.0006765,0.001342,0.0017605,0.0006759,0.001341,0.0017786
0.0003642,0.0002036,0.0021822,0.000364,0.0002036,0.0022023
0.0008999,-0.0034056,0.0017571,0.0008993,-0.0034027,0.0017714
0.0019037,-0.0028881,0.0017435,0.0019022,-0.0028855,0.001758
0.0017795,-0.0028543,0.001919,0.0017782,-0.002852,0.0019342
0.0009043,-0.0029312,0.0016741,0.0009036,-0.0029284,0.0016893
0.0011688,-0.0028244,0.0018769,0.001168,-0.0028219,0.0018927
0.0006825,-0.000498,0.0021092,0.000682,-0.0004974,0.0021288
0.0015475,-0.0023249,0.0015981,0.0015461,-0.0023225,0.0016136
0.0015329,-0.0033368,0.0019548,0.0015319,-0.0033342,0.0019692
0.0020444,-0.0033223,0.0020437,0.0020432,-0.0033199,0.0020577
0.0010355,-0.0033026,0.0019375,0.0010348,-0.0032999,0.0019524
0.0014817,-0.0024166,0.001757,0.0014804,-0.0024143,0.001773
0.0013561,-0.0031816,0.0021261,0.0013552,-0.0031793,0.0021416
0.0003817,-0.0029715,0.0016456,0.0003815,-0.0029686,0.0016608
0.0008983,-0.0024066,0.0015668,0.0008975,-0.0024041,0.0015827
0.0004915,-0.002451,0.0015828,0.0004911,-0.0024484,0.0015989
0.0009221,-0.002439,0.0017416,0.0009214,-0.0024367,0.001758
0.0001964,-0.0029625,0.0017745,0.0001963,-0.0029598,0.0017902
-0.0001399,-0.0029092,0.0017988,-0.0001397,-0.0029065,0.0018147
-0.0004979,-0.0006207,0.0017577,-0.0004974,-0.0006198,0.0017764
0.001028,-0.002804,0.002143,0.0010273,-0.0028018,0.0021597
0.0002509,-0.0034163,0.001887,0.0002508,-0.0034135,0.001902
0.0022645,-0.0037172,0.0002128,0.0022608,-0.0037109,0.0002202
0.0031833,-0.0038597,0.0005205,0.003179,-0.0038543,0.0005261
0.0025282,-0.0032977,0.0004229,0.0025244,-0.0032925,0.0004315
0.003244,-0.003981,0.000416,0.0032395,-0.0039752,0.0004209
0.0017392,-0.0039066,0.0001955,0.0017363,-0.0038999,0.0002031
0.0018586,-0.0033131,0.0003669,0.0018556,-0.0033076,0.0003764
0.0021121,-0.0033171,0.000287,0.0021086,-0.0033114,0.0002959
0.0032113,-0.0019451,0.0010448,0.0032076,-0.0019426,0.0010564
0.0032504,-0.0015963,0.0011259,0.0032468,-0.0015943,0.001138
0.0038145,-0.0018505,0.0011859,0.0038106,-0.0018484,0.0011963
0.0038673,-0.0010919,0.0011219,0.0038632,-0.0010905,0.0011329
0.0044034,-0.0009943,0.0014049,0.0043998,-0.0009933,0.001415
0.0031383,-0.001112,0.0010266,0.0031346,-0.0011104,0.0010393
0.0037818,-0.0006682,0.0011922,0.0037779,-0.0006673,0.001204
0.0036674,-0.0016124,0.0013097,0.0036639,-0.0016107,0.0013212
0.0041882,-0.0013796,0.0014467,0.0041847,-0.0013783,0.0014573
0.0031664,-0.0015363,0.0012325,0.0031631,-0.0015344,0.0012453
0.0036632,-0.0015051,0.0014884,0.0036601,-0.0015036,0.0015006
0.0034112,-0.0008356,0.0011161,0.0034075,-0.0008344,0.0011285
0.0031822,-0.0011084,0.0011931,0.0031788,-0.001107,0.0012062
0.0026733,-0.0012051,0.001088,0.0026702,-0.0012034,0.0011019
0.0032948,-0.0004093,0.0012061,0.0032913,-0.0004087,0.0012194
0.003027,-0.0008487,0.0014962,0.0030242,-0.0008477,0.0015107
0.0030617,-0.0020457,0.001236,0.0030585,-0.0020433,0.0012483
0.0031046,-0.0014269,0.0013671,0.0031016,-0.0014252,0.0013805
0.0026431,-0.0025938,0.0001811,0.0026386,-0.002589,0.0001905
0.0032703,-0.0025599,0.0004072,0.0032653,-0.0025557,0.0004157
0.0028243,-0.0020921,0.0003378,0.0028197,-0.0020884,0.0003482
0.0026199,-0.0025952,0.0002828,0.0026156,-0.0025906,0.0002924
0.0031236,-0.0027578,0.0002893,0.0031186,-0.0027531,0.0002975
0.0021185,-0.0026671,0.000248,0.0021149,-0.0026623,0.0002584
0.0026519,-0.0020996,0.0002366,0.0026474,-0.0020957,0.000247
0.0027253,-0.0026779,0.0003847,0.002721,-0.0026734,0.0003943
0.0015608,-0.0028687,0.0001841,0.0015581,-0.0028634,0.0001947
0.0020443,-0.0019707,0.0003381,0.0020409,-0.0019672,0.0003501
0.0014986,-0.0029321,0.0002852,0.0014961,-0.0029269,0.000296
0.001989,-0.00176,0.0002293,0.0019855,-0.0017567,0.0002414
0.0020507,-0.0027801,0.0003356,0.0020474,-0.0027753,0.000346
0.0031829,-0.0020006,0.0004172,0.003178,-0.0019972,0.0004271
0.0033371,-0.0029444,0.0004896,0.0033323,-0.00294,0.0004973
0.0028398,-0.0024274,0.000588,0.0028357,-0.0024237,0.0005984
0.002715,-0.001083,0.0003295,0.0027105,-0.001081,0.0003413
0.0025687,-0.0023411,0.000451,0.0025648,-0.0023372,0.0004618
0.0031833,-0.0021939,0.000517,0.0031786,-0.0021904,0.0005268
0.0019953,-0.0025067,0.0004612,0.0019922,-0.0025025,0.0004726
0.0025556,-0.0017038,0.0004108,0.0025515,-0.0017008,0.0004225
0.0024694,-0.0023897,0.0006142,0.0024658,-0.002386,0.0006255
0.0016996,-0.002232,0.0003784,0.0016968,-0.0022281,0.0003905
0.0013257,-0.0019989,0.0003291,0.0013235,-0.0019952,0.0003419
0.0019877,-0.0025174,0.0005486,0.0019847,-0.0025133,0.0005603
0.003829,0.0008777,0.0005257,0.0038234,0.0008766,0.0005355
0.0045355,0.0008439,0.0005933,0.0045295,0.000843,0.0006009
0.0041627,0.0010153,0.0006263,0.0041572,0.0010142,0.0006351
0.0044571,0.0014475,0.0006159,0.0044513,0.0014459,0.0006233
0.0049185,0.0013698,0.0007163,0.0049127,0.0013684,0.0007222
0.0039011,0.0015957,0.0005716,0.0038957,0.0015936,0.0005807
0.0032759,0.0016674,0.0005147,0.0032711,0.0016651,0.0005252
0.0044327,0.0018574,0.0006951,0.0044272,0.0018553,0.0007022
0.0041048,0.0014423,0.0007053,0.0040995,0.0014406,0.0007142
0.0046415,0.0012398,0.0004258,0.0046349,0.0012383,0.0004323
0.0043319,0.0006988,0.0007376,0.0043265,0.0006981,0.0007464
0.0048571,0.0009046,0.0008525,0.0048517,0.0009038,0.0008594
0.0044474,-0.0001266,0.0007544,0.0044419,-0.0001262,0.0007629
0.0043083,0.0007077,0.0009086,0.0043034,0.0007071,0.0009179
0.0040172,0.0023789,0.0006049,0.0040119,0.0023759,0.0006123
0.003675,0.0028569,0.0006402,0.0036703,0.0028534,0.0006478
0.0036047,0.0015288,0.0006712,0.0035998,0.001527,0.0006814
0.0039669,0.0016516,0.0004302,0.003961,0.0016493,0.0004386
0.0031295,0.0013499,0.000611,0.003125,0.0013482,0.0006225
0.0036682,0.0020527,0.000727,0.0036635,0.0020502,0.0007364
0.0034604,0.0015309,0.0008577,0.0034561,0.0015292,0.0008688
0.0034063,0.0007837,0.0007747,0.0034018,0.0007829,0.0007864
0.0013306,0.00078,0.0004383,0.0013284,0.0007789,0.0004525
0.0019278,0.0009759,0.0004319,0.0019247,0.0009746,0.0004453
0.0019627,0.0014906,0.0004735,0.0019597,0.0014884,0.0004866
0.0026524,0.0015331,0.0004873,0.0026483,0.0015309,0.0004992
0.0006401,0.0013863,0.0003908,0.000639,0.0013841,0.000405
0.001873,0.0023519,0.0004625,0.0018701,0.0023484,0.0004746
0.0018868,0.0029038,0.0004768,0.001884,0.0028995,0.0004878
0.0019719,0.0016307,0.0002887,0.0019685,0.0016281,0.0003012
0.0025564,0.001119,0.0005414,0.0025526,0.0011176,0.000554
0.000963,0.0006905,0.000489,0.0009614,0.0006896,0.0005037
0.0019718,-0.0002544,0.000516,0.0019687,-0.0002538,0.0005299
0.0015997,0.0008979,0.0006024,0.0015972,0.0008968,0.0006167
0.0012707,0.0022401,0.0004932,0.0012687,0.0022368,0.0005062
0.0015106,0.0015335,0.000351,0.0015081,0.0015312,0.0003644
0.0003442,0.0014677,0.0004531,0.0003437,0.0014655,0.0004675
-0.0001979,0.0014732,0.0004762,-0.0001976,0.001471,0.0004907
0.0011498,0.0027941,0.0005512,0.0011481,0.00279,0.0005634
0.0012342,0.0014137,0.0006338,0.0012324,0.0014117,0.0006483
0.0014283,0.0010931,0.0004972,0.001426,0.0010916,0.0005113
0.0003728,0.0007034,0.000455,0.0003722,0.0007025,0.0004698
0.0009818,0.0005917,0.0006016,0.0009803,0.000591,0.0006166
0.0030475,-0.0035618,0.0006965,0.0030436,-0.0035571,0.0007039
0.0025513,-0.0030932,0.0006347,0.0025478,-0.0030886,0.0006444
0.0021987,-0.0036458,0.0006774,0.0021958,-0.0036407,0.0006863
0.001845,-0.0046995,0.0008575,0.001843,-0.004694,0.000864
0.0027825,-0.0043193,0.0009074,0.0027796,-0.0043144,0.0009134
0.0023151,-0.0038906,0.0010752,0.0023127,-0.0038863,0.0010843
0.0021342,-0.0046767,0.0010702,0.0021321,-0.0046719,0.0010767
0.0026029,-0.0039347,0.0009721,0.0026001,-0.0039301,0.0009801
0.0023811,-0.0044956,0.001239,0.0023791,-0.0044914,0.0012462
0.0014305,-0.0046258,0.0008295,0.0014289,-0.0046202,0.0008367
0.0011402,-0.0047301,0.0009607,0.0011391,-0.0047248,0.0009682
0.0016243,-0.0045814,0.0012208,0.0016229,-0.0045769,0.001229
0.0049284,-0.0020167,0.0005099,0.004922,-0.0020139,0.0005143
0.0051327,-0.0023064,0.0004262,0.005126,-0.0023032,0.0004293
0.0046417,-0.0025741,0.0004242,0.0046354,-0.0025704,0.0004284
0.0051974,-0.0018066,0.0004017,0.0051905,-0.001804,0.0004052
0.0046033,-0.0018131,0.0005272,0.0045972,-0.0018104,0.0005331
0.0047048,-0.0018893,0.0003774,0.0046981,-0.0018863,0.0003825
0.0048049,-0.0011252,0.0003524,0.004798,-0.0011233,0.0003581
0.0046045,-0.0025437,0.0005733,0.0045987,-0.0025402,0.000578
0.0044604,-0.003119,0.000574,0.0044549,-0.0031149,0.0005779
0.0049036,-0.0022877,0.0001839,0.0048964,-0.0022841,0.0001874
0.0047023,-0.0011908,0.0002429,0.0046951,-0.0011887,0.0002486
0.0050454,-0.0010791,0.0002672,0.005038,-0.0010773,0.0002718
0.005231,-0.0004302,0.0005506,0.0052244,-0.0004294,0.0005555
0.0051684,-0.0011132,0.00036,0.0051612,-0.0011115,0.0003643
0.005233,-0.0001473,0.0003752,0.0052258,-0.0001469,0.0003798
0.0047849,-0.0002474,0.0004552,0.0047782,-0.0002468,0.0004618
0.0047766,-0.0005307,0.0003517,0.0047696,-0.0005297,0.0003579
0.0046411,0.000108,0.0003452,0.0046342,0.000108,0.000352
0.0058428,-0.0001646,0.0003512,0.0058351,-0.0001642,0.0003533
0.0055571,-6.91e-05,0.0006787,0.0055507,-6.88e-05,0.0006826
0.0033904,0.0008776,0.001047,0.0033865,0.0008768,0.0010594
0.0038253,0.0005389,0.0010806,0.0038212,0.0005385,0.0010921
0.003775,0.0013941,0.0011368,0.003771,0.0013929,0.0011479
0.0043125,0.0012586,0.0012566,0.0043085,0.0012576,0.0012664
0.0031899,0.0014247,0.0010697,0.0031863,0.0014233,0.0010822
0.0038858,0.00182,0.0012575,0.0038821,0.0018185,0.001268
0.0036835,0.0006011,0.0012408,0.0036797,0.0006007,0.0012531
0.0042887,0.0007745,0.0013763,0.004285,0.0007741,0.001387
0.0031663,0.0008738,0.0011881,0.0031629,0.000873,0.0012014
0.0036949,0.0006513,0.0014301,0.0036916,0.0006509,0.0014429
0.0034748,0.0018646,0.0011855,0.0034713,0.0018629,0.001197
0.0032676,0.0024004,0.0011706,0.0032643,0.0023981,0.0011817
0.0030358,0.0012857,0.0014279,0.0030329,0.0012846,0.0014419
0.0026003,0.0013148,0.0010282,0.0025972,0.0013134,0.0010419
0.0032178,0.0018508,0.001255,0.0032145,0.0018492,0.0012674
0.0032233,0.0002484,0.0011106,0.0032196,0.0002483,0.0011239
0.0029395,0.0006525,0.0014016,0.0029366,0.000652,0.0014162
0.0028104,-0.0016469,0.0017171,0.0028081,-0.0016453,0.0017321
0.0028626,-0.0012713,0.0018371,0.0028604,-0.0012701,0.0018526
0.0035301,-0.0014451,0.0016714,0.0035273,-0.0014438,0.0016847
0.0033185,-0.0014958,0.0018201,0.003316,-0.0014945,0.0018343
0.003433,-0.0008344,0.0017636,0.0034303,-0.0008335,0.0017779
0.0041201,-0.0011037,0.0019457,0.0041175,-0.0011028,0.0019584
0.0029318,-0.0007164,0.0016764,0.0029293,-0.0007156,0.0016918
0.002792,-0.0007494,0.0018328,0.0027898,-0.0007486,0.0018488
0.0034043,-0.0003615,0.0017903,0.0034017,-0.000361,0.001805
0.0034295,-0.0013968,0.0020149,0.0034272,-0.0013957,0.0020295
0.0039202,-0.0012657,0.0021074,0.0039179,-0.0012648,0.0021211
0.0033023,-0.001331,0.0021809,0.0033003,-0.00133,0.0021964
0.0023474,-0.0008314,0.0017892,0.0023454,-0.0008304,0.0018059
0.0026551,-0.0002246,0.0018641,0.002653,-0.0002242,0.0018807
0.0026349,0.0002037,0.0018256,0.0026328,0.0002038,0.0018422
0.0027828,-0.0007756,0.0020194,0.0027809,-0.0007749,0.002036
0.0022345,-0.001269,0.0017273,0.0022326,-0.0012676,0.0017437
0.0026896,-0.0018747,0.0018711,0.0026876,-0.0018731,0.0018864
0.0028395,-0.0012615,0.0021009,0.0028376,-0.0012605,0.0021172
0.0027268,-0.0012808,0.0022755,0.0027251,-0.0012798,0.0022925
0.0043142,-0.0011147,0.0001958,0.0043071,-0.0011126,0.000203
0.0040612,-0.0012245,0.0002917,0.0040547,-0.0012223,0.0002999
0.0035412,-0.0012408,0.0002676,0.0035354,-0.0012385,0.0002772
0.003731,-0.0006668,0.0003224,0.003725,-0.0006654,0.0003321
0.0040224,-0.0019617,0.0003336,0.0040163,-0.0019584,0.0003409
0.0035993,-0.0009204,0.0001911,0.0035932,-0.0009185,0.0002006
0.0032805,-0.0012802,0.0003624,0.0032753,-0.0012779,0.0003729
0.0031733,-0.0008462,0.0002422,0.0031679,-0.0008445,0.0002531
0.0033805,0.0001638,0.0002771,0.0033749,0.0001637,0.0002877
0.0038014,-0.0012003,0.0001323,0.0037948,-0.0011979,0.0001409
0.005243,0.000375,0.0002398,0.0052353,0.0003746,0.0002439
0.0051963,0.00093,0.000543,0.0051897,0.000929,0.0005477
0.0051135,0.0006721,0.0003792,0.0051063,0.0006714,0.0003842
0.0043516,0.0012496,0.000512,0.0043456,0.001248,0.0005197
0.00459,0.0016678,0.0003398,0.0045832,0.0016655,0.0003457
0.004958,-0.0001625,0.0002418,0.0049505,-0.000162,0.0002472
0.0048254,0.0005898,0.00048,0.0048188,0.0005892,0.0004863
0.0041577,-0.0025363,0.0007333,0.0041526,-0.002533,0.0007401
0.0045937,-0.0016723,0.0011755,0.0045894,-0.0016705,0.0011834
0.004629,-0.0022545,0.0010659,0.0046245,-0.0022521,0.0010723
0.0041631,-0.0023278,0.0010165,0.0041587,-0.0023251,0.0010244
0.0048696,-0.0016389,0.0010481,0.0048648,-0.001637,0.0010546
0.0043851,-0.0021439,0.0009653,0.0043805,-0.0021414,0.0009726
0.0039319,-0.0012487,0.0008941,0.0039273,-0.001247,0.0009042
0.004001,-0.001565,0.0010384,0.0039966,-0.0015631,0.0010482
0.0040531,-0.0021646,0.0010947,0.004049,-0.0021621,0.0011035
0.0039364,-0.0027299,0.0011708,0.0039326,-0.0027271,0.001179
0.0044886,0.0001619,0.0002229,0.0044814,0.0001618,0.00023
0.0039349,0.0009904,0.0004168,0.0039289,0.0009891,0.000426
0.0039373,-2.21e-05,0.0003949,0.0039312,-2.18e-05,0.0004043
0.0038384,0.0007292,0.000309,0.0038322,0.0007283,0.0003183
0.0028125,0.0014117,0.0003492,0.0028079,0.0014096,0.0003605
0.0031941,0.0009477,0.0002888,0.0031888,0.0009464,0.0002996
0.0033059,0.0017216,0.0002744,0.0033006,0.0017189,0.0002841
0.0034568,-0.0002767,0.0002023,0.0034509,-0.000276,0.0002125
0.0028039,0.0001584,0.0003404,0.0027992,0.0001584,0.0003524
0.0050876,0.0019777,0.0005437,0.0050812,0.0019755,0.0005478
0.005126,0.0014653,0.0004089,0.005119,0.0014635,0.0004131
0.0044572,0.0027665,0.0005574,0.0044515,0.0027631,0.0005625
0.0045676,0.0022644,0.0003761,0.0045612,0.0022614,0.0003813
0.004514,0.0028684,0.0004149,0.0045079,0.0028647,0.0004193
0.0045979,0.0022596,0.0005166,0.0045919,0.0022569,0.000522
0.0048393,0.0012748,0.0002803,0.0048321,0.0012731,0.0002857
0.0049424,0.0002078,0.0008251,0.0049368,0.0002078,0.0008319
0.0049421,-0.0002028,0.0006458,0.0049359,-0.0002024,0.0006522
0.0043688,0.0002252,0.0006198,0.004363,0.0002251,0.0006283
0.0049666,0.0006215,0.0006726,0.0049605,0.0006209,0.0006788
0.0053318,-0.000241,0.0010166,0.0053267,-0.0002406,0.0010221
0.0034111,0.0020964,0.0001865,0.0034054,0.0020931,0.0001952
0.0043076,0.0016171,0.0002251,0.0043007,0.0016147,0.0002319
0.0038798,0.0022701,0.0004621,0.0038743,0.002267,0.0004698
0.0039899,0.0014839,0.0003206,0.0039837,0.0014818,0.0003289
0.0039295,0.0030204,0.0003845,0.0039239,0.0030162,0.0003902
0.0031941,0.0029595,0.0004517,0.0031894,0.0029554,0.0004598
0.0032411,0.0023656,0.0002742,0.0032359,0.0023619,0.000283
0.0034087,0.0032802,0.0004056,0.0034038,0.0032757,0.0004122
0.0030074,0.0025187,0.0003896,0.0030027,0.002515,0.0003991
0.0036398,0.0012754,0.000215,0.0036337,0.0012734,0.0002242
0.0034182,0.0013954,0.0004097,0.003413,0.0013935,0.0004198
0.0047981,0.0028319,0.0006643,0.0047925,0.0028288,0.0006682
0.004316,0.0035821,0.0006309,0.004311,0.003578,0.0006346
0.0043211,0.0026759,0.000744,0.004316,0.0026729,0.0007501
0.0045197,0.0031902,0.0006546,0.0045144,0.0031867,0.0006587
0.0042391,0.003276,0.0007462,0.0042342,0.0032725,0.0007512
0.0041104,0.0033264,0.0009734,0.0041063,0.0033232,0.0009792
0.0044964,0.002906,0.000703,0.0044911,0.0029028,0.0007079
0.0040664,0.0027143,0.0008274,0.0040617,0.0027113,0.0008345
0.0014055,0.0034764,0.0005081,0.0014034,0.0034714,0.0005183
0.0013038,0.003805,0.0005734,0.001302,0.0037998,0.000583
0.0018873,0.0034202,0.0005268,0.0018846,0.0034154,0.0005366
0.0018125,0.0039484,0.0005482,0.00181,0.0039431,0.0005567
0.0023542,0.0041336,0.0006629,0.0023512,0.0041285,0.0006701
0.0011272,0.0041987,0.0006079,0.0011257,0.0041931,0.0006165
0.000449,0.0041495,0.0006022,0.0004484,0.0041439,0.0006113
0.0018172,0.00441,0.000665,0.001815,0.0044046,0.0006721
0.0016929,0.003981,0.0004052,0.0016904,0.0039752,0.0004133
0.002069,0.0032814,0.0006481,0.0020662,0.0032771,0.0006583
0.0026455,0.0034589,0.0006908,0.002642,0.0034545,0.0006996
0.0012392,0.0033589,0.000604,0.0012375,0.0033543,0.000615
0.0016679,0.0026193,0.000513,0.0016654,0.0026155,0.000525
0.0022583,0.00331,0.0007902,0.0022554,0.003306,0.0008004
0.001279,0.0045319,0.0007454,0.0012774,0.0045265,0.000753
0.0010607,0.0038688,0.0006821,0.0010593,0.0038638,0.000692
0.0011944,0.0037291,0.0010026,0.0011931,0.003725,0.0010136
0.0012584,0.0041716,0.0004814,0.0012567,0.0041657,0.0004896
-0.0002415,0.0041599,0.0006589,-0.0002411,0.0041544,0.0006681
0.0011962,0.0036708,0.0008328,0.0011947,0.0036663,0.0008435
0.0003119,0.0038421,0.000694,0.0003116,0.003837,0.0007044
0.0011457,0.0032976,0.0007091,0.0011441,0.0032932,0.0007206
0.0046565,0.0016804,0.0005234,0.0046503,0.0016784,0.0005295
0.0047155,0.0021719,0.0008336,0.0047103,0.0021697,0.0008395
0.0041297,0.0021785,0.0007626,0.0041247,0.0021761,0.0007704
0.0047895,0.0011975,0.0005728,0.0047832,0.0011961,0.0005791
0.0032552,0.0044558,0.0003044,0.0032506,0.0044497,0.0003077
0.0039672,0.0043946,0.0004276,0.0039622,0.0043892,0.0004297
0.0036554,0.0042598,0.0004775,0.0036507,0.0042545,0.0004809
0.0030031,0.004341,0.0004407,0.0029991,0.0043353,0.0004453
0.0038859,0.003919,0.0005714,0.0038811,0.0039144,0.0005753
0.0028876,0.0048369,0.0004652,0.0028838,0.0048309,0.0004684
0.0031799,0.0045178,0.0003987,0.0031756,0.004512,0.0004022
0.0029396,0.0040942,0.0005438,0.0029357,0.004089,0.0005496
0.0032078,0.0046026,0.0002047,0.0032032,0.0045962,0.0002075
0.0051142,0.0025964,0.000207,0.0051069,0.002593,0.0002095
0.004915,0.0031536,0.0002222,0.0049081,0.0031495,0.0002246
0.0019138,0.003346,0.0002176,0.0019106,0.0033405,0.0002268
0.0024563,0.0033514,0.0002135,0.0024523,0.003346,0.0002218
0.0026712,0.0032841,0.0004204,0.0026672,0.0032793,0.0004289
0.0028747,0.0029479,0.0003002,0.0028702,0.0029434,0.0003087
0.0019735,0.0030512,0.0002769,0.0019702,0.0030463,0.0002869
0.0025435,0.0042471,0.0003851,0.0025399,0.0042412,0.0003909
0.0019742,0.0035852,0.0004423,0.0019713,0.00358,0.0004513
0.0012828,0.0030925,0.0002845,0.0012807,0.0030875,0.0002953
0.0019714,0.0043507,0.0003597,0.0019686,0.0043444,0.0003661
0.0017711,0.0027987,0.0003518,0.0017683,0.0027943,0.0003629
0.0030645,0.0026958,0.0006512,0.0030604,0.0026923,0.0006608
0.0030933,0.0035499,0.00051,0.0030891,0.0035452,0.000517
0.0023136,0.0040564,0.0004765,0.0023103,0.0040508,0.0004836
0.002661,0.0026904,0.0004748,0.002657,0.0026866,0.0004849
0.0030181,0.0031153,0.0005733,0.003014,0.0031112,0.0005818
0.0024711,0.0028121,0.0006298,0.0024677,0.0028083,0.0006404
0.0016023,0.0032061,0.0004316,0.0015998,0.0032013,0.0004421
0.0013459,0.0036397,0.0004141,0.0013439,0.0036342,0.0004237
0.001278,0.0029934,0.0004816,0.001276,0.002989,0.0004932
-0.001566,0.0033706,0.0004672,-0.0015635,0.0033656,0.0004774
-0.0014725,0.0035017,0.0005741,-0.0014703,0.0034968,0.0005843
-0.0011106,0.0035962,0.0004728,-0.0011088,0.0035909,0.0004829
-0.0005427,0.0035879,0.0004892,-0.0005418,0.0035826,0.0004997
-0.0008565,0.0042139,0.0004963,-0.0008552,0.004208,0.0005046
-7.69e-05,0.0039783,0.0004901,-7.67e-05,0.0039725,0.0004995
6.89e-05,0.0035236,0.0005479,6.89e-05,0.0035185,0.0005589
-0.0015633,0.0041206,0.000562,-0.001561,0.004115,0.0005701
-0.0007737,0.0046014,0.0007347,-0.0007726,0.0045959,0.0007423
-0.001008,0.0041272,0.0006532,-0.0010065,0.0041218,0.0006621
-0.0005516,0.0037002,0.0008923,-0.0005508,0.0036958,0.0009035
-0.0009275,0.0034996,0.0006186,-0.0009261,0.0034947,0.0006295
-0.0002491,0.0036192,0.0006515,-0.0002487,0.0036143,0.0006624
-0.0016382,0.0034264,0.0006777,-0.0016359,0.0034219,0.0006882
-0.0022271,0.0034978,0.0007019,-0.0022241,0.0034933,0.0007113
-0.000891,0.0030469,0.0005553,-0.0008896,0.0030424,0.0005673
-0.0008223,0.0034121,0.0007607,-0.0008211,0.0034076,0.0007723
-0.0015494,0.0051292,0.0006974,-0.0015475,0.0051233,0.0007021
-0.0015556,0.004045,0.0007157,-0.0015535,0.0040399,0.0007245
-0.0016739,0.0044167,0.0004842,-0.0016715,0.0044107,0.0004909
-0.0014084,0.0046561,0.0007785,-0.0014066,0.0046507,0.0007854
-0.0014969,0.0039848,0.0008536,-0.001495,0.0039801,0.0008631
-0.0016868,0.0029161,0.000588,-0.0016843,0.002912,0.0005996
-0.0016835,0.0023442,0.0005545,-0.0016808,0.0023408,0.0005671
-0.0014381,0.0034795,0.0008082,-0.0014362,0.0034752,0.0008192
-0.001095,0.0031748,0.0008862,-0.0010935,0.0031709,0.0008985
0.0011646,0.0028769,0.0010402,0.0011632,0.0028736,0.0010536
0.0015152,0.0031846,0.0010252,0.0015134,0.003181,0.0010374
0.0020156,0.0037916,0.0012455,0.0020136,0.0037881,0.001256
0.0010099,0.0037276,0.0011308,0.0010089,0.0037237,0.0011423
0.0009364,0.0034558,0.0012351,0.0009355,0.0034523,0.0012478
0.0016549,0.0040717,0.0012916,0.0016533,0.0040681,0.0013018
0.0015194,0.0029486,0.0011625,0.0015177,0.0029455,0.0011757
0.0021551,0.002928,0.0011987,0.0021528,0.0029251,0.0012112
0.0010075,0.0030207,0.0012014,0.0010064,0.0030175,0.0012151
0.0015293,0.0022631,0.0010227,0.0015275,0.0022605,0.0010369
0.0014656,0.0029129,0.0013861,0.0014642,0.0029102,0.0014001
0.0005038,0.0036265,0.001133,0.0005033,0.0036226,0.0011452
0.0012395,0.0040915,0.0011923,0.0012383,0.0040876,0.0012027
4.6e-06,0.0034227,0.0011636,4.6e-06,0.0034191,0.0011765
0.0009425,0.0040184,0.0013045,0.0009417,0.0040148,0.0013157
0.0010559,0.0033369,0.0013904,0.0010549,0.0033338,0.0014038
0.0003632,0.0031931,0.0012174,0.0003629,0.0031898,0.0012311
0.0009895,0.0024173,0.0010343,0.0009883,0.0024145,0.0010487
0.001046,0.0029038,0.0013458,0.0010449,0.002901,0.0013601
0.001009,0.0027582,0.0014806,0.0010081,0.0027557,0.0014956
-0.0020312,0.0007654,0.0004165,-0.0020277,0.0007644,0.0004299
-0.0016945,0.0013526,0.0004534,-0.0016917,0.0013506,0.000467
-0.0012599,0.0007383,0.0004077,-0.0012577,0.0007374,0.000422
-0.0006233,0.0007796,0.0003937,-0.0006221,0.0007785,0.0004083
-0.0010401,0.0015556,0.0003944,-0.0010383,0.0015533,0.0004082
-0.0001864,0.0013555,0.0003788,-0.0001861,0.0013535,0.0003931
-0.0019321,0.001625,0.0003919,-0.0019289,0.0016225,0.0004048
-0.001074,0.0023133,0.0004231,-0.0010722,0.0023097,0.0004361
-0.0009422,0.001705,0.0004863,-0.0009407,0.0017025,0.0005003
-0.0012251,0.001485,0.0002739,-0.0012229,0.0014827,0.0002873
-0.0009545,0.0007483,0.000491,-0.0009529,0.0007474,0.0005058
-0.0002968,0.0007501,0.0004898,-0.0002962,0.0007491,0.0005048
-0.0017286,0.000811,0.0005092,-0.0017258,0.0008099,0.0005233
-0.0007266,0.0008237,0.0005859,-0.0007253,0.0008226,0.0006011
-0.0009224,0.0006596,0.0006823,-0.0009209,0.0006589,0.0006977
-0.001746,0.0024496,0.0004414,-0.0017431,0.0024459,0.0004535
-0.0016858,0.0016451,0.0005354,-0.0016831,0.0016427,0.000549
-0.0016028,0.0014036,0.0007168,-0.0016004,0.0014017,0.0007311
-0.0016426,0.001861,0.0003167,-0.0016397,0.0018581,0.0003294
-0.0016004,0.0015946,0.0006303,-0.0015979,0.0015924,0.0006443
-0.0015487,0.0009637,0.0006289,-0.0015462,0.0009625,0.0006435
0.004123,0.0023986,0.0011155,0.004119,0.0023965,0.0011239
0.0039075,0.003222,0.001239,0.0039041,0.0032194,0.0012465
0.0039159,0.0023334,0.0012563,0.0039123,0.0023314,0.0012659
0.0038586,0.0029534,0.0013617,0.0038555,0.0029511,0.0013703
0.0037177,0.0027663,0.0015382,0.0037149,0.0027644,0.0015483
0.0036509,0.0022363,0.0013643,0.0036477,0.0022344,0.0013752
0.0027926,0.0005775,0.0016132,0.0027901,0.0005772,0.0016288
0.0033226,0.000682,0.0017387,0.00332,0.0006817,0.0017534
0.003397,0.0012716,0.0017738,0.0033945,0.0012709,0.001788
0.0039172,0.0011783,0.0018806,0.0039147,0.0011777,0.0018937
0.0027896,0.0010871,0.0017068,0.0027872,0.0010863,0.0017223
0.0006865,0.0013399,0.0021621,0.000686,0.001339,0.0021814
0.003485,0.0017993,0.0018679,0.0034826,0.0017982,0.0018814
0.0032962,0.0006459,0.0019583,0.0032939,0.0006456,0.0019737
0.0037821,0.000704,0.0020829,0.0037798,0.0007037,0.0020973
0.002808,0.0007042,0.0018666,0.0028059,0.0007038,0.0018828
0.0030969,0.0001187,0.001875,0.0030946,0.0001188,0.0018907
0.0031375,0.0007622,0.0020883,0.0031354,0.0007618,0.0021043
0.0024482,0.0011352,0.001577,0.002446,0.0011343,0.0015928
0.002994,0.0015408,0.0017463,0.0029917,0.0015397,0.0017611
0.0030341,0.0020813,0.001797,0.0030319,0.0020799,0.0018112
0.0023155,0.0012933,0.0017145,0.0023135,0.0012924,0.0017307
0.0026952,0.0011823,0.0020683,0.0026933,0.0011816,0.0020851
0.0022648,0.0008011,0.0016653,0.0022628,0.0008006,0.0016819
0.0028064,0.0007316,0.0020779,0.0028045,0.0007312,0.0020947
0.0026136,0.0006783,0.0021955,0.0026119,0.000678,0.0022131
0.0026928,0.0019899,0.000179,0.0026882,0.0019867,0.0001897
0.0024869,0.0021102,0.0003622,0.0024829,0.002107,0.0003733
0.0026846,0.0015042,0.0002485,0.00268,0.0015019,0.0002598
0.0019344,0.0021956,0.0003634,0.0019313,0.0021922,0.0003754
0.0013247,0.0014095,0.000221,0.0013224,0.0014073,0.0002343
0.0038481,0.0028793,0.0005123,0.0038428,0.0028755,0.000519
0.0035122,0.0020608,0.0003747,0.0035068,0.0020578,0.0003836
0.0033501,0.0024948,0.0005049,0.0033452,0.0024914,0.0005139
0.0029117,0.0022669,0.0006622,0.0029077,0.002264,0.000673
0.0032367,0.0007885,0.000521,0.0032318,0.0007876,0.0005323
0.0042625,0.0017446,0.0008172,0.0042574,0.0017427,0.0008254
0.0045087,0.001388,0.0011468,0.0045044,0.0013868,0.0011555
0.0045583,0.0012468,0.0009778,0.0045534,0.0012457,0.000986
0.0040777,0.001418,0.0009342,0.004073,0.0014166,0.0009438
0.0039803,0.0020097,0.0009205,0.0039758,0.0020076,0.0009295
0.0041452,0.0026303,0.0010262,0.0041409,0.0026278,0.0010337
0.0040939,0.0019632,0.0011315,0.0040898,0.0019614,0.0011408
0.0043702,0.0012355,0.0008379,0.0043651,0.0012343,0.0008464
0.0022561,0.0044945,0.0002644,0.0022527,0.0044879,0.0002695
0.0013362,0.0043201,0.0003324,0.0013343,0.0043137,0.0003396
0.0017941,0.0053989,0.0004465,0.0017919,0.0053921,0.0004495
0.0007925,0.0052727,0.0003627,0.0007915,0.0052655,0.0003667
0.0011964,0.0052041,0.0006611,0.001195,0.0051981,0.0006658
0.0010863,0.0053883,0.0005076,0.001085,0.0053815,0.0005114
0.000509,0.0053985,0.000471,0.0005084,0.0053916,0.0004749
-0.0001793,0.0053416,0.0006158,-0.000179,0.0053352,0.0006204
0.0005642,0.0044024,0.000329,0.0005634,0.0043958,0.0003364
0.0010417,0.0045224,0.0002454,0.0010401,0.0045154,0.000252
0.0012186,0.0047654,0.0005518,0.001217,0.0047592,0.000558
0.0005324,0.0049322,0.0004005,0.0005317,0.0049253,0.0004061
0.0012964,0.0049832,0.0004186,0.0012946,0.0049765,0.0004235
-0.0001796,0.0049386,0.000383,-0.0001793,0.0049316,0.0003887
0.0005552,0.0048218,0.0005378,0.0005545,0.0048154,0.0005441
0.0004795,0.004237,0.0004609,0.0004789,0.0042309,0.0004693
-0.0001608,0.0043717,0.0004662,-0.0001605,0.0043655,0.0004742
0.0017367,0.0042498,0.0005032,0.0017343,0.004244,0.0005105
0.0033205,0.0038225,0.0006425,0.0033164,0.0038179,0.0006484
0.0022112,0.0039261,0.0007839,0.0022085,0.0039215,0.0007923
0.0014342,0.0044291,0.0005908,0.0014323,0.0044233,0.0005982
0.0016931,0.0051291,0.0005759,0.001691,0.0051229,0.0005803
0.0018915,0.0044467,0.0007965,0.0018893,0.0044417,0.0008037
0.0028662,0.0039031,0.0007856,0.0028628,0.0038987,0.0007928
0.0035085,0.00387,0.0008073,0.0035046,0.0038658,0.0008129
0.0035643,0.0038863,0.0010088,0.0035608,0.0038827,0.0010147
0.0029012,0.0045091,0.0009344,0.0028982,0.0045047,0.0009397
0.0031676,0.0036569,0.0009377,0.0031642,0.0036531,0.0009453
0.0026515,0.0037261,0.0010566,0.0026487,0.0037224,0.0010655
0.0026591,0.0041657,0.0009753,0.0026563,0.0041615,0.0009826
0.0025765,0.0042006,0.001226,0.0025742,0.004197,0.001234
-0.0007282,0.0055044,0.0004278,-0.0007272,0.0054973,0.0004311
-0.0001358,0.005413,0.0004398,-0.0001356,0.005406,0.0004437
-0.0005828,0.0058669,0.0003955,-0.000582,0.0058595,0.0003975
-0.0010628,0.0052714,0.0005738,-0.0010614,0.005265,0.0005781
-0.0018205,0.0051835,0.0005405,-0.0018181,0.0051771,0.0005443
-0.0011355,0.0028987,0.001024,-0.001134,0.0028954,0.0010373
-0.0005903,0.0032111,0.0010194,-0.0005895,0.0032074,0.0010323
-0.0006749,0.0036937,0.0010521,-0.000674,0.0036896,0.0010638
-0.0001654,0.0037191,0.0010893,-0.0001651,0.0037151,0.0011011
-0.0014688,0.0038537,0.0011538,-0.0014672,0.0038498,0.0011645
-0.000727,0.0041126,0.0011941,-0.0007262,0.0041086,0.0012048
-0.000622,0.0032394,0.0015592,-0.0006213,0.0032366,0.0015736
-0.0007241,0.0029633,0.001139,-0.0007232,0.0029601,0.0011528
-0.0001556,0.0029773,0.0010974,-0.0001554,0.002974,0.0011113
-0.0012661,0.0030068,0.0011859,-0.0012646,0.0030037,0.0011993
-0.0018831,0.0031541,0.0012574,-0.001881,0.003151,0.0012699
-0.0006573,0.002481,0.0009813,-0.0006564,0.002478,0.0009958
-0.0007005,0.0029135,0.0013041,-0.0006996,0.0029105,0.0013185
-0.0012262,0.0034545,0.0010878,-0.0012247,0.0034508,0.0010998
-0.0014008,0.0045627,0.0012625,-0.0013994,0.0045588,0.0012712
-0.0013726,0.0035054,0.0012581,-0.0013711,0.0035019,0.0012704
-0.0012622,0.0040684,0.0014263,-0.001261,0.004065,0.0014374
-0.0012363,0.0034298,0.0014476,-0.001235,0.0034268,0.0014608
-0.0013482,0.0024648,0.001082,-0.0013465,0.002462,0.0010962
-0.0013161,0.0018275,0.0010311,-0.0013144,0.0018253,0.0010462
-0.0013118,0.0028585,0.001346,-0.0013104,0.0028557,0.0013602
-0.0012499,0.0027134,0.0015202,-0.0012487,0.002711,0.0015353
0.0010136,0.0026749,0.0016769,0.0010128,0.0026727,0.0016927
0.0014465,0.0026772,0.0016821,0.0014452,0.002675,0.0016975
0.0014852,0.0031243,0.0017476,0.001484,0.003122,0.0017622
0.0020582,0.0030776,0.001771,0.0020567,0.0030755,0.0017849
0.00094,0.0032092,0.0017245,0.0009393,0.0032067,0.0017393
0.0008583,0.0029811,0.0018486,0.0008576,0.0029789,0.0018644
-0.0001113,0.0011688,0.0016567,-0.0001112,0.0011678,0.0016748
0.0013773,0.0038055,0.001873,0.0013764,0.0038031,0.0018862
0.0013132,0.0026614,0.0018766,0.0013122,0.0026594,0.0018927
0.0017508,0.0025408,0.00196,0.0017495,0.0025391,0.001976
0.0008869,0.0025487,0.0018298,0.0008862,0.0025467,0.0018463
0.0012806,0.0023097,0.0017193,0.0012796,0.0023078,0.0017356
0.0014796,0.0025938,0.0020753,0.0014786,0.0025921,0.0020919
0.0003953,0.003116,0.0017644,0.000395,0.0031136,0.0017798
0.0010263,0.0036133,0.0018354,0.0010256,0.0036109,0.0018494
-3.16e-05,0.0031742,0.0018314,-3.15e-05,0.0031719,0.0018469
-0.0004606,0.0012078,0.0020452,-0.0004602,0.001207,0.0020644
0.0010005,0.0035482,0.0020284,0.0009999,0.003546,0.0020432
0.0008524,0.0030006,0.0020978,0.0008519,0.0029987,0.0021142
0.0004472,0.0027536,0.0018331,0.0004469,0.0027515,0.0018495
0.000901,0.0021153,0.0016342,0.0009002,0.0021134,0.0016509
0.0010374,0.0027392,0.0020016,0.0010367,0.0027374,0.0020181
0.0008426,0.0025772,0.0021417,0.0008421,0.0025755,0.0021591
-0.0001383,0.0048549,0.0005224,-0.000138,0.0048485,0.0005287
-0.0002016,0.0043851,0.0003424,-0.0002012,0.0043785,0.00035
-0.0009261,0.0043411,0.0003673,-0.0009246,0.0043346,0.0003748
-0.0008626,0.0049654,0.0004075,-0.0008614,0.0049585,0.0004128
-0.0015403,0.004957,0.0004247,-0.0015381,0.0049503,0.0004295
-0.0007769,0.0048195,0.0005518,-0.0007758,0.0048133,0.0005581
0.0005447,0.0031648,0.0002194,0.0005438,0.0031594,0.0002303
0.0009866,0.0032774,0.0002298,0.000985,0.0032719,0.0002402
0.0012178,0.003015,0.0003795,0.0012159,0.0030103,0.0003908
0.0006405,0.0035406,0.0002332,0.0006395,0.0035348,0.0002431
0.0004427,0.0037591,0.0002991,0.000442,0.0037531,0.0003086
0.0014313,0.0036916,0.0002835,0.001429,0.0036857,0.0002925
-0.0002205,0.0037665,0.000302,-0.00022,0.0037605,0.0003115
0.000447,0.0036924,0.0004001,0.0004463,0.0036867,0.0004101
0.0005232,0.0030306,0.0003717,0.0005224,0.0030258,0.0003834
-0.0001646,0.0030266,0.0003676,-0.0001642,0.0030218,0.0003793
0.0005356,0.0052179,0.0008479,0.0005351,0.0052124,0.0008534
0.0012482,0.0050014,0.0008442,0.0012468,0.004996,0.0008502
0.0009792,0.005188,0.0009571,0.0009782,0.0051829,0.0009627
0.0011302,0.0049081,0.0010395,0.0011291,0.0049033,0.0010464
0.0016679,0.0048503,0.0010856,0.0016663,0.0048458,0.0010923
0.0011507,0.0047771,0.0012228,0.0011497,0.004773,0.0012307
0.000644,0.0053699,0.0010317,0.0006434,0.005365,0.0010369
0.0005251,0.0048548,0.0011782,0.0005247,0.0048504,0.0011861
-4.18e-05,0.0048957,0.0012544,-4.17e-05,0.0048916,0.0012625
0.0005278,0.0048687,0.0013681,0.0005274,0.0048649,0.0013765
-0.0021938,0.004488,0.0003211,-0.0021904,0.0044816,0.0003264
-0.0016168,0.0048467,0.0005429,-0.0016146,0.0048405,0.0005483
-0.0016812,0.0043891,0.0003649,-0.0016787,0.0043827,0.0003714
-0.0024409,0.0042984,0.0004039,-0.0024374,0.0042924,0.0004097
-0.0014488,0.0054679,0.0004735,-0.0014469,0.0054611,0.0004766
-0.0021386,0.0048011,0.0002943,-0.0021355,0.0047943,0.0002985
-0.0022434,0.0049053,0.0004032,-0.0022402,0.0048988,0.0004072
-0.0031107,0.0047929,0.0004539,-0.0031066,0.0047869,0.0004568
-0.0023528,0.0042695,0.0005141,-0.0023495,0.0042638,0.0005204
-0.0029235,0.0042151,0.0005619,-0.0029196,0.0042097,0.0005674
-0.0010308,0.0031613,0.0002146,-0.0010289,0.0031559,0.0002252
-0.0002122,0.0036249,0.0003937,-0.0002118,0.0036193,0.0004039
-0.0002412,0.0031067,0.0002759,-0.0002407,0.0031015,0.0002872
-0.0009625,0.0031285,0.0003008,-0.0009608,0.0031234,0.0003118
-0.0009498,0.0037732,0.0003185,-0.0009482,0.0037672,0.0003278
-0.0017271,0.0037725,0.0003312,-0.0017243,0.0037667,0.0003396
-0.0008443,0.0037552,0.0004061,-0.0008429,0.0037495,0.0004157
-0.0012798,0.0028807,0.0003918,-0.0012776,0.0028762,0.0004034
-0.0018691,0.0030964,0.0004083,-0.0018661,0.0030917,0.0004187
-0.0008662,0.0032793,0.000137,-0.0008646,0.0032735,0.0001473
-0.0007729,0.005031,0.0008227,-0.0007719,0.0050254,0.0008288
-0.0001885,0.0051857,0.0008236,-0.0001882,0.00518,0.0008294
-0.0001558,0.0050405,0.001021,-0.0001556,0.0050355,0.0010278
-0.0007971,0.0048204,0.0010299,-0.0007962,0.0048156,0.0010374
-0.0007,0.0047274,0.0011862,-0.0006993,0.0047231,0.0011946
-0.0014126,0.0048491,0.0012244,-0.0014112,0.004845,0.0012317
-0.0008011,0.0045508,0.0012955,-0.0008003,0.0045469,0.0013048
-0.0036263,0.0042302,0.0003314,-0.0036212,0.0042245,0.0003346
-0.0032277,0.0044502,0.0003501,-0.0032232,0.0044442,0.0003537
-0.0027866,0.0047478,0.0007212,-0.0027833,0.0047425,0.0007254
-0.0030039,0.0042926,0.0004161,-0.0029997,0.0042868,0.0004208
-0.0035049,0.0042739,0.0004666,-0.0035002,0.0042684,0.0004703
-0.0035062,0.0040621,0.0006365,-0.0035018,0.0040573,0.0006412
-0.0040321,0.0040612,0.0007409,-0.0040275,0.0040568,0.0007443
-0.0035149,0.0043636,0.0002146,-0.0035097,0.0043575,0.0002175
-0.0042934,0.0005853,0.0005909,-0.0042873,0.0005848,0.0005995
-0.003743,0.0003029,0.0006097,-0.0037375,0.0003027,0.0006203
-0.0037913,0.0006547,0.0005179,-0.0037856,0.000654,0.0005279
-0.003352,0.0007255,0.0005381,-0.0033469,0.0007246,0.0005492
-0.0030441,0.0007738,0.0004387,-0.0030392,0.0007728,0.0004503
-0.003081,0.0013536,0.0004854,-0.0030761,0.0013517,0.0004966
-0.0028972,0.0022688,0.0005869,-0.0028929,0.0022657,0.0005976
-0.0032275,0.0001898,0.0004619,-0.0032223,0.0001898,0.0004734
-0.0029544,0.0010128,0.0005649,-0.0029498,0.0010115,0.0005769
-0.0027184,0.0009199,0.0007592,-0.0027145,0.0009188,0.0007723
-0.0030702,0.0009111,0.0003224,-0.0030649,0.0009098,0.0003335
-0.0035563,0.0014195,0.0005637,-0.003551,0.0014176,0.0005738
-0.0040931,0.0016698,0.0005817,-0.0040873,0.0016678,0.0005899
-0.003596,0.0020457,0.0005853,-0.0035908,0.002043,0.0005944
-0.0036945,0.0017886,0.0006644,-0.0036894,0.0017864,0.0006739
-0.0038889,0.0011594,0.0003869,-0.0038827,0.0011578,0.0003958
-0.0036003,0.0009035,0.0006408,-0.0035951,0.0009025,0.0006515
-0.0040917,0.0008022,0.0006959,-0.0040862,0.0008014,0.0007053
-0.0033681,0.0010367,0.0007499,-0.0033634,0.0010355,0.0007614
-0.0039609,0.0023718,0.0005873,-0.0039554,0.0023688,0.0005947
-0.0039924,0.0014283,0.0007027,-0.0039871,0.0014266,0.0007118
-0.0041898,0.001474,0.0004315,-0.0041835,0.001472,0.0004392
-0.0028381,0.0016567,0.0005606,-0.0028337,0.0016544,0.0005723
-0.0040229,0.0021704,0.0007396,-0.0040177,0.0021679,0.0007476
-0.0040058,0.0014274,0.0008871,-0.0040009,0.0014259,0.0008967
-0.004038,-1.07e-05,0.0006757,-0.0040324,-1.04e-05,0.0006855
-0.0039265,0.000761,0.0008502,-0.0039215,0.0007603,0.0008606
-0.001703,0.0036601,0.0004233,-0.0017004,0.0036547,0.0004323
-0.0018332,0.0031984,0.0003068,-0.0018301,0.0031933,0.0003167
-0.0025055,0.0031031,0.0003222,-0.0025014,0.0030983,0.0003313
-0.0024529,0.0037427,0.0003417,-0.0024491,0.0037371,0.0003492
-0.0024761,0.0037293,0.0004545,-0.0024724,0.003724,0.0004622
-0.0024873,0.0030918,0.0004241,-0.0024834,0.0030872,0.0004335
-0.0030821,0.0029487,0.0004523,-0.0030774,0.0029445,0.0004608
-0.0021013,0.0032751,0.0001567,-0.0020975,0.0032696,0.0001656
-0.0034827,0.0033794,0.0002949,-0.0034773,0.0033745,0.0003008
-0.0030408,0.0035922,0.0004918,-0.0030365,0.0035873,0.0004988
-0.0031665,0.0031175,0.0003332,-0.0031615,0.0031129,0.0003408
-0.0037656,0.0029723,0.0003688,-0.0037599,0.0029681,0.000375
-0.003716,0.0036333,0.0004124,-0.0037107,0.0036284,0.0004172
-0.0043797,0.003562,0.0004382,-0.0043738,0.0035576,0.0004413
-0.0036252,0.0035377,0.0005541,-0.0036203,0.0035332,0.0005598
-0.0036987,0.002881,0.0005072,-0.0036934,0.0028772,0.0005142
-0.0041826,0.0035264,0.0006454,-0.0041774,0.0035223,0.0006496
-0.0043803,0.0028259,0.0004017,-0.004374,0.0028221,0.0004064
-0.0047949,0.0029933,0.0004753,-0.0047886,0.0029896,0.0004785
-0.0043719,0.0041538,0.0005236,-0.0043665,0.0041489,0.0005254
-0.0048766,0.0027413,0.0006126,-0.0048706,0.0027382,0.0006163
-0.0036697,0.0006693,0.001102,-0.0036655,0.0006688,0.001114
-0.0032673,0.000687,0.0009502,-0.0032631,0.0006864,0.0009628
-0.0028402,0.0008307,0.0010085,-0.0028366,0.0008298,0.0010221
-0.002495,0.0007565,0.0008878,-0.0024915,0.0007557,0.0009018
-0.0026321,0.0013398,0.0009488,-0.0026286,0.0013383,0.0009623
-0.0025106,0.0013745,0.0010863,-0.0025075,0.0013731,0.0011004
-0.0025519,0.0001889,0.000906,-0.0025485,0.0001889,0.0009201
-0.0025249,0.000798,0.0010816,-0.0025217,0.0007973,0.0010961
-0.0023401,0.0007374,0.0013635,-0.0023375,0.0007368,0.0013791
-0.0037746,0.0012589,0.0011116,-0.0037704,0.0012577,0.0011228
-0.0032179,0.0020164,0.0010757,-0.0032142,0.0020143,0.0010874
-0.0031657,0.0025503,0.0011361,-0.0031622,0.0025478,0.001147
-0.0029855,0.0012679,0.001127,-0.002982,0.0012667,0.0011402
-0.003065,0.0005897,0.0011253,-0.0030613,0.0005892,0.0011389
-0.0035577,0.0005091,0.0012415,-0.0035538,0.0005088,0.0012542
-0.0029593,0.0001861,0.0011696,-0.0029559,0.0001861,0.0011836
-0.00297,-0.0005698,0.0011455,-0.0029665,-0.0005689,0.0011593
-0.0027813,0.0006231,0.0012993,-0.0027782,0.0006227,0.001314
-0.0034986,0.001628,0.0011107,-0.0034946,0.0016264,0.0011222
-0.0035941,0.0013594,0.0012347,-0.0035903,0.0013582,0.0012466
-0.0034661,0.0018909,0.0012729,-0.0034625,0.0018892,0.0012846
-0.003441,0.0012112,0.0014067,-0.0034376,0.0012103,0.0014197
-0.0033059,-5e-06,0.0011425,-0.0033021,-4.8e-06,0.0011557
-0.003517,0.0006656,0.0014312,-0.0035136,0.0006652,0.0014444
-0.0050491,0.0018289,0.0002843,-0.0050417,0.0018265,0.0002881
-0.0047315,0.0019268,0.0002473,-0.0047243,0.0019242,0.0002521
-0.0042878,0.0020655,0.0004965,-0.0042816,0.0020628,0.0005032
-0.0044795,0.0014269,0.0003209,-0.0044726,0.001425,0.0003274
-0.0039437,0.0014707,0.0003098,-0.0039373,0.0014687,0.000318
-0.0049577,0.0022875,0.0003897,-0.0049508,0.0022847,0.0003935
-0.0043893,0.0020288,0.0003708,-0.0043828,0.002026,0.0003769
-0.004858,0.0012932,0.0002454,-0.0048504,0.0012915,0.0002503
-0.0048017,0.0006906,0.0003824,-0.0047946,0.0006899,0.0003884
-0.005097,0.0012721,0.0004852,-0.0050901,0.0012707,0.0004899
-0.0031047,0.0015811,0.0003928,-0.0030996,0.0015788,0.0004035
-0.0031248,0.0022634,0.0004088,-0.0031198,0.00226,0.0004184
-0.0031424,0.001619,0.0002721,-0.003137,0.0016165,0.0002824
-0.0025557,0.0018524,0.0002394,-0.0025512,0.0018494,0.0002506
-0.0036544,0.0021535,0.0003241,-0.0036485,0.0021503,0.0003322
-0.0029971,0.0026541,0.0003411,-0.0029922,0.00265,0.0003502
-0.0037411,0.0019101,0.0004472,-0.0037354,0.0019074,0.0004558
-0.00366,0.0011185,0.000222,-0.0036537,0.0011169,0.0002313
-0.0036585,0.0006139,0.000303,-0.0036524,0.0006131,0.000313
-0.0041674,5.5e-05,0.0003894,-0.0041609,5.52e-05,0.0003981
-0.0042823,0.0008461,0.0004493,-0.0042759,0.0008451,0.0004574
-0.0045578,9.53e-05,0.0003153,-0.0045507,9.54e-05,0.0003224
-0.0039595,-0.0001634,0.0002836,-0.0039529,-0.0001629,0.0002927
-0.0042308,0.0007394,0.0003111,-0.004224,0.0007385,0.0003191
-0.0045554,-0.000622,0.0003535,-0.0045485,-0.0006208,0.0003605
-0.0047713,0.0006662,0.0005282,-0.0047647,0.0006656,0.0005347
-0.0056474,0.00076,0.0005023,-0.0056402,0.0007594,0.0005052
-0.0048856,-0.0003024,0.0002486,-0.004878,-0.0003016,0.0002541
-0.0049148,-0.0007546,0.0004633,-0.004908,-0.0007533,0.0004691
-0.005367,0.0002842,0.0004216,-0.0053596,0.0002841,0.0004255
-0.0052397,-0.0006219,0.0003729,-0.0052323,-0.0006208,0.0003772
-0.004769,0.0018147,0.0005309,-0.0047626,0.0018125,0.0005363
-0.0044114,0.00164,0.0005198,-0.0044052,0.001638,0.0005266
-0.0047944,0.0020755,0.0007124,-0.0047886,0.0020732,0.0007177
-0.0047145,0.0015152,0.0006604,-0.0047085,0.0015135,0.0006667
-0.0045236,0.0012407,0.0005566,-0.0045173,0.0012392,0.0005636
-0.0046886,0.0007138,0.0006739,-0.0046825,0.0007132,0.0006811
-0.0047565,0.0017331,0.0008003,-0.0047509,0.0017313,0.0008065
-0.0044564,0.0028608,0.0009979,-0.0044518,0.0028581,0.0010036
-0.0040217,0.0027505,0.0007206,-0.0040166,0.0027473,0.0007274
-0.0041506,0.0026949,0.0008789,-0.0041458,0.0026921,0.0008858
-0.0039638,0.0033717,0.0009041,-0.0039594,0.0033683,0.0009101
-0.0034106,0.0035922,0.0008099,-0.0034065,0.0035881,0.0008167
-0.0037579,0.0040969,0.0010142,-0.0037542,0.0040931,0.0010188
-0.0037137,0.0031293,0.0011937,-0.0037101,0.0031266,0.0012019
-0.0038882,0.0025796,0.0009482,-0.0038837,0.0025769,0.0009565
-0.0033357,0.0027082,0.0008891,-0.0033316,0.0027052,0.0008986
-0.0043632,0.0025849,0.0010835,-0.0043588,0.0025826,0.0010905
-0.003695,0.0039816,0.0012086,-0.0036918,0.0039783,0.0012143
-0.003702,0.0026437,0.0011001,-0.0036981,0.0026412,0.0011092
-0.004051,0.0024384,0.0013501,-0.0040474,0.0024365,0.0013592
-0.0057511,0.0023537,0.0001782,-0.0057429,0.0023507,0.0001794
-0.005258,0.0025739,0.0001744,-0.0052503,0.0025705,0.0001766
-0.0054218,-0.0005604,0.0006376,-0.0054151,-0.0005595,0.0006417
-0.0054508,-0.0013219,0.000441,-0.0054436,-0.0013199,0.0004442
-0.0049035,-0.0012585,0.0003992,-0.0048964,-0.0012565,0.0004044
-0.0056367,-0.000792,0.0005367,-0.0056296,-0.0007908,0.0005396
-0.005843,-0.0008443,0.0002307,-0.0058348,-0.0008429,0.0002326
-0.0037395,-0.0018555,0.0011923,-0.0037356,-0.0018534,0.001203
-0.0031591,-0.0018904,0.0010673,-0.0031554,-0.001888,0.0010791
-0.002952,-0.0015729,0.0011095,-0.0029486,-0.0015709,0.0011223
-0.0027403,-0.0014351,0.0009564,-0.0027368,-0.0014331,0.0009695
-0.0024338,-0.0009155,0.0009472,-0.0024306,-0.0009141,0.0009613
-0.0025147,-0.0013586,0.0010956,-0.0025116,-0.0013568,0.0011096
-0.0022352,-0.0012858,0.0014202,-0.0022328,-0.0012842,0.0014356
-0.0031968,-0.0011526,0.0010049,-0.0031929,-0.0011509,0.0010174
-0.003661,-0.0009761,0.0010957,-0.0036568,-0.0009748,0.0011073
-0.0030893,-0.00045,0.0010072,-0.0030854,-0.0004492,0.0010204
-0.0031819,-0.001121,0.0011629,-0.0031783,-0.0011196,0.0011758
-0.0029433,-0.0014412,0.0012056,-0.00294,-0.0014394,0.0012189
-0.0035718,-0.0014807,0.00133,-0.0035682,-0.0014791,0.001342
-0.0029266,-0.0014603,0.001356,-0.0029235,-0.0014586,0.0013697
-0.0033539,-0.0007433,0.0011159,-0.00335,-0.0007422,0.0011286
-0.003536,-0.0010518,0.0012488,-0.0035323,-0.0010505,0.0012611
-0.0024731,-0.0008616,0.0011061,-0.00247,-0.0008603,0.0011206
-0.003555,-0.0004144,0.0012459,-0.0035512,-0.0004138,0.0012586
-0.0034507,-0.0010707,0.0013781,-0.0034473,-0.0010694,0.0013911
-0.0033447,-0.0007627,0.0015303,-0.0033415,-0.0007618,0.0015442
-0.0033463,-0.0015883,0.0012136,-0.0033427,-0.0015864,0.0012258
-0.0035958,-0.0020015,0.0013837,-0.0035924,-0.0019994,0.0013951
-0.0034252,-0.0014395,0.0014487,-0.003422,-0.001438,0.0014615
-0.0056399,0.0004776,0.0007065,-0.0056334,0.0004773,0.0007098
-0.0051788,-0.0001043,0.000518,-0.0051719,-0.0001039,0.0005229
-0.005471,0.0002625,0.0005854,-0.0054642,0.0002625,0.0005892
-0.0052895,0.0007341,0.0005602,-0.0052827,0.0007334,0.0005647
-0.0054671,0.0013917,0.0006073,-0.0054604,0.0013903,0.0006106
-0.005097,0.0008539,0.0008216,-0.0050911,0.0008532,0.0008274
-0.0048689,4.38e-05,0.0007882,-0.004863,4.4e-05,0.0007952
-0.0056284,-0.0001029,0.000679,-0.0056218,-0.0001025,0.0006824
-0.0017663,0.0006454,0.0008394,-0.0017638,0.0006447,0.0008545
-0.0013694,0.0006581,0.0009396,-0.0013674,0.0006574,0.0009553
-0.0010864,0.0006063,0.0008067,-0.0010848,0.0006057,0.0008223
-0.0005073,0.0006566,0.0008066,-0.0005065,0.0006559,0.0008225
-0.0008769,0.0013483,0.0008193,-0.0008756,0.0013466,0.0008347
-0.000209,0.0011655,0.0008216,-0.0002086,0.001164,0.0008373
-0.0014879,0.0012143,0.0008551,-0.0014857,0.0012128,0.0008701
-0.0008003,0.001883,0.0008977,-0.0007992,0.0018806,0.0009127
-0.001076,0.0013334,0.0009477,-0.0010744,0.0013319,0.0009633
-0.0007889,0.0006974,0.0009449,-0.0007878,0.0006967,0.0009611
-7.89e-05,0.000771,0.0009028,-7.87e-05,0.0007702,0.000919
-0.0020131,0.0005033,0.0010179,-0.0020104,0.0005029,0.0010332
-0.0010022,-2.4e-06,0.0009074,-0.0010008,-2.1e-06,0.0009235
-0.0004264,0.000538,0.0011083,-0.0004258,0.0005375,0.0011252
-0.0013492,0.0019099,0.0008816,-0.0013473,0.0019075,0.0008961
-0.0014079,0.0012362,0.0010189,-0.001406,0.0012348,0.0010345
-0.0013797,0.0012045,0.0011641,-0.001378,0.0012032,0.0011802
-0.0014512,0.0001832,0.0009907,-0.0014492,0.0001832,0.0010066
-0.0014562,-0.0002273,0.0010004,-0.0014542,-0.0002268,0.0010164
-0.0013102,0.0006444,0.0012297,-0.0013085,0.0006439,0.0012463
-0.0013924,-0.0006592,0.0017417,-0.0013911,-0.0006583,0.0017597
-0.0033753,0.0005041,0.0017521,-0.0033725,0.0005039,0.0017667
-0.0029906,0.0007666,0.0017703,-0.0029881,0.0007661,0.0017858
-0.002799,0.0004201,0.0016108,-0.0027964,0.0004199,0.0016264
-0.0024837,0.0006738,0.0016483,-0.0024813,0.0006734,0.0016645
-0.0022363,0.0006834,0.0014954,-0.002234,0.000683,0.0015116
-0.0023145,0.0010549,0.0015809,-0.0023122,0.0010541,0.001597
-0.0022715,0.0012329,0.0017586,-0.0022695,0.001232,0.0017752
-0.0021811,0.0001607,0.0015153,-0.0021788,0.0001608,0.0015317
-0.0021139,0.000756,0.0017085,-0.0021119,0.0007555,0.0017255
-0.0020633,0.0006377,0.002072,-0.0020616,0.0006373,0.0020902
-0.0005806,0.0002046,0.0022061,-0.0005802,0.0002047,0.0022262
-0.0012056,0.0002181,0.0025668,-0.0012048,0.0002182,0.0025875
-0.0028356,0.0010692,0.0016598,-0.002833,0.0010685,0.0016751
-0.0033805,0.0010144,0.0017373,-0.0033777,0.0010138,0.0017516
-0.0027873,0.001567,0.0016554,-0.0027847,0.0015659,0.0016703
-0.0027304,0.0021679,0.0018417,-0.0027283,0.0021664,0.0018565
-0.0026147,0.0006536,0.0018224,-0.0026124,0.0006532,0.0018389
-0.0031406,0.0006143,0.001922,-0.0031381,0.0006141,0.0019377
-0.0027423,0.0002881,0.0018354,-0.00274,0.0002881,0.0018518
-0.0025322,-0.0004752,0.0017882,-0.0025299,-0.0004745,0.0018048
-0.0026243,0.0007816,0.0020164,-0.0026222,0.0007812,0.0020334
-0.0032085,0.0011633,0.0018332,-0.0032059,0.0011626,0.001848
-0.0035402,0.0014654,0.0018617,-0.0035375,0.0014646,0.0018755
-0.0031422,0.0010844,0.0019495,-0.0031398,0.0010838,0.0019649
-0.0031535,0.0015827,0.0019237,-0.0031511,0.0015818,0.0019385
-0.0030742,0.0011514,0.0021416,-0.0030721,0.0011508,0.0021577
-0.0031018,0.0001319,0.0018539,-0.0030992,0.000132,0.0018696
-0.0030888,0.0006777,0.0022017,-0.0030867,0.0006775,0.0022183
-0.0031488,-0.0001132,0.0003851,-0.0031436,-0.0001128,0.0003965
-0.0032517,-0.0001413,0.0002714,-0.0032461,-0.0001408,0.0002824
-0.0025691,0.0001031,0.0002203,-0.0025645,0.0001032,0.0002324
-0.0031856,-0.00067,0.0003441,-0.0031802,-0.0006686,0.0003552
-0.0037281,0.0006808,0.0004013,-0.0037221,0.00068,0.0004112
-0.0038215,-0.0007243,0.0003493,-0.0038154,-0.0007229,0.0003587
-0.0043852,-0.0015584,0.0003201,-0.0043785,-0.0015557,0.0003267
-0.0038133,-0.0020021,0.0003228,-0.0038072,-0.0019987,0.0003306
-0.0049702,-0.0013364,0.000533,-0.0049636,-0.0013344,0.0005382
-0.0048963,-0.0013055,0.0001795,-0.0048885,-0.0013032,0.0001842
-0.0043389,0.0003271,0.000485,-0.0043325,0.0003269,0.0004932
-0.0040834,-3.68e-05,0.0005304,-0.0040774,-3.65e-05,0.0005397
-0.004617,0.0007912,0.0007914,-0.0046113,0.0007905,0.0007991
-0.0046397,-0.0003608,0.0005095,-0.0046331,-0.0003601,0.0005167
-0.0046847,-0.0006153,0.0007867,-0.0046789,-0.0006143,0.0007942
-0.0047055,-0.0005856,0.0006694,-0.0046994,-0.0005846,0.0006766
-0.0051941,0.0003169,0.0008911,-0.0051885,0.0003169,0.0008968
-0.0051482,-0.0005411,0.0008372,-0.0051424,-0.0005402,0.0008429
-0.0045857,0.0001012,0.0010551,-0.0045808,0.0001014,0.0010639
-0.005088,0.0014883,0.0009205,-0.0050826,0.001487,0.0009259
-0.0047148,0.0008081,0.0011719,-0.0047102,0.0008076,0.0011803
-0.0049321,-7.22e-05,0.0010113,-0.0049269,-7.19e-05,0.0010185
-0.004547,6.74e-05,0.0008813,-0.0045416,6.76e-05,0.0008898
-0.0050124,0.000619,0.0010529,-0.0050074,0.0006187,0.0010598
-0.0052871,-0.0001403,0.0009912,-0.0052817,-0.0001399,0.0009967
-0.0037469,-0.0012699,0.0002011,-0.0037405,-0.0012675,0.0002099
-0.0033137,-0.0014581,0.0003646,-0.0033083,-0.0014555,0.0003747
-0.0031288,-0.0017753,0.0002724,-0.0031235,-0.0017721,0.0002823
-0.0025707,-0.0019609,0.0002719,-0.0025663,-0.0019574,0.0002827
-0.0037181,-0.0014897,0.0002728,-0.0037119,-0.001487,0.0002816
-0.0034989,-0.0010536,0.0001363,-0.0034927,-0.0010514,0.0001458
-0.0044676,-0.0026313,0.0005417,-0.0044617,-0.0026277,0.0005468
-0.0041887,-0.0021883,0.0005262,-0.0041829,-0.0021851,0.000533
-0.004369,-0.0026315,0.0003559,-0.0043627,-0.0026275,0.0003609
-0.0038912,-0.00258,0.0003479,-0.0038853,-0.0025759,0.0003545
-0.004856,-0.0024542,0.0004467,-0.0048495,-0.0024507,0.0004505
-0.0044907,-0.0030119,0.000433,-0.0044846,-0.0030076,0.0004369
-0.0047399,-0.0019162,0.0003471,-0.004733,-0.0019132,0.000352
-0.0051395,-0.0017293,0.0003997,-0.0051324,-0.0017267,0.0004035
-0.0050329,-0.0024881,0.0006056,-0.0050268,-0.0024849,0.0006091
-0.0053922,-0.0008707,0.0009575,-0.0053867,-0.0008695,0.0009622
-0.0050789,-0.0011363,0.0009011,-0.0050734,-0.0011349,0.0009069
-0.0051436,-0.0007632,0.0009595,-0.0051382,-0.0007622,0.0009654
-0.0049761,-0.0009056,0.0010284,-0.004971,-0.0009045,0.0010352
-0.0045048,-0.0010551,0.0009302,-0.0044997,-0.0010536,0.0009385
-0.0011929,-0.0015218,0.0008403,-0.0011912,-0.0015194,0.0008552
-0.0005253,-0.0015069,0.0008736,-0.0005246,-0.0015046,0.0008891
-0.0007447,-0.0011329,0.0007688,-0.0007436,-0.001131,0.0007841
-0.0002762,-0.0009808,0.0008231,-0.0002757,-0.0009792,0.0008389
-0.00126,-0.000894,0.0008353,-0.0012581,-0.0008925,0.0008506
-0.0006713,-0.0005222,0.000817,-0.0006703,-0.0005212,0.000833
-0.000592,-0.0009348,0.0012755,-0.0005912,-0.0009335,0.0012925
-0.0008092,-0.0015613,0.0009853,-0.000808,-0.001559,0.0010008
3.84e-05,-0.001684,0.0009657,3.84e-05,-0.0016815,0.0009814
-0.0012823,-0.0016898,0.000985,-0.0012806,-0.0016873,0.001
-0.0020847,-0.0015331,0.0010175,-0.002082,-0.0015309,0.0010318
-0.0006723,-0.0014352,0.0011496,-0.0006715,-0.0014332,0.0011658
-0.0013069,-0.0009209,0.001119,-0.0013053,-0.0009195,0.0011352
-0.0014943,-0.002274,0.0010346,-0.0014924,-0.002271,0.0010487
-0.0013138,-0.0015837,0.0011851,-0.0013122,-0.0015816,0.0012008
-0.0011368,-0.0014354,0.00131,-0.0011355,-0.0014336,0.0013264
-0.0031914,-0.0012905,0.0017885,-0.0031888,-0.0012893,0.0018031
-0.0028528,-0.0014761,0.0016399,-0.0028502,-0.0014745,0.0016546
-0.0024086,-0.0014458,0.0016511,-0.0024063,-0.0014443,0.0016668
-0.0020264,-0.0014253,0.0015294,-0.0020244,-0.0014237,0.0015453
-0.0022047,-0.0009461,0.0015862,-0.0022025,-0.0009449,0.0016025
-0.0021957,-0.0013033,0.0017575,-0.0021937,-0.0013019,0.001774
-0.002046,-0.0012756,0.002189,-0.0020445,-0.0012744,0.0022071
-0.0003711,-0.0007205,0.0020892,-0.0003708,-0.0007197,0.0021088
-0.0012064,-0.0005641,0.0025423,-0.0012056,-0.0005635,0.0025629
-0.0026739,-0.0009347,0.0016204,-0.0026714,-0.0009336,0.0016359
-0.0032958,-0.0008198,0.0017468,-0.0032931,-0.0008189,0.0017615
-0.0026213,-0.0005463,0.0016402,-0.0026188,-0.0005456,0.0016562
-0.0027255,-0.0008596,0.0018225,-0.0027231,-0.0008587,0.0018385
-0.0027083,-0.0013517,0.0018324,-0.0027061,-0.0013504,0.0018481
-0.0031791,-0.0014096,0.0019527,-0.0031767,-0.0014084,0.0019677
-0.0026642,-0.0013182,0.002054,-0.0026622,-0.001317,0.0020705
-0.0029586,-0.0006454,0.0017551,-0.002956,-0.0006446,0.0017707
-0.0031406,-0.0008794,0.0019162,-0.0031381,-0.0008786,0.0019317
-0.0020753,-0.000758,0.0017477,-0.0020733,-0.0007571,0.0017648
-0.003236,-0.00032,0.0019117,-0.0032335,-0.0003195,0.0019272
-0.0029575,-0.0009214,0.002127,-0.0029554,-0.0009206,0.0021435
-0.0029544,-0.0011534,0.0018674,-0.0029521,-0.0011523,0.0018829
-0.0032604,-0.0019596,0.0020756,-0.0032583,-0.0019582,0.00209
-0.0031555,-0.0014269,0.0021499,-0.0031534,-0.0014257,0.0021656
-0.0030811,-0.0015313,0.0026183,-0.0030794,-0.0015302,0.0026355
-0.0029178,-0.0011814,0.0025435,-0.0029162,-0.0011805,0.0025611
-0.002629,-0.0014295,0.0024474,-0.0026274,-0.0014284,0.0024651
-0.0022422,-0.0013707,0.0025115,-0.0022408,-0.0013696,0.0025301
-0.0020594,-0.0013714,0.0023578,-0.002058,-0.0013703,0.0023762
-0.0020788,-0.0010107,0.0024244,-0.0020774,-0.0010098,0.0024433
-0.0018427,-0.0007629,0.0024808,-0.0018415,-0.0007621,0.0025004
-0.0002632,-0.0004349,0.0026821,-0.000263,-0.0004344,0.0027036
-0.0018887,-0.0013069,0.0025665,-0.0018875,-0.0013059,0.0025858
-0.0024584,-0.0008839,0.0024343,-0.0024569,-0.0008832,0.0024527
-0.0028975,-0.0007644,0.0025118,-0.0028957,-0.0007638,0.0025297
-0.0024785,-0.0003844,0.0024913,-0.0024769,-0.000384,0.0025101
-0.0025706,-0.0008755,0.0026828,-0.0025691,-0.0008749,0.0027018
-0.0028185,-0.0013322,0.0027069,-0.002817,-0.0013312,0.0027251
-0.002361,-0.001048,0.0028742,-0.0023597,-0.0010472,0.002894
-0.0023748,-0.0013049,0.00312,-0.0023736,-0.0013041,0.0031403
-0.0002062,-0.0004284,0.003127,-0.0002061,-0.000428,0.0031499
-0.0012992,0.0002172,0.0030819,-0.0012984,0.0002173,0.0031041
-0.0028951,-0.0008971,0.0026869,-0.0028935,-0.0008964,0.0027053
-0.003088,-0.0001816,0.0027721,-0.0030864,-0.0001813,0.0027906
-0.002695,8.27e-05,0.0026092,-0.0026934,8.28e-05,0.002628
-0.0003887,0.0003086,0.0026599,-0.0003884,0.0003086,0.0026814
-0.0028578,-0.0009746,0.0029043,-0.0028562,-0.0009739,0.0029234
-0.0028987,-0.0016694,0.0028319,-0.0028972,-0.0016683,0.00285
-0.0034978,-0.0027216,0.000261,-0.0034922,-0.002717,0.0002683
-0.0029821,-0.0027465,0.0004167,-0.0029774,-0.002742,0.0004256
-0.0029773,-0.002896,0.0003097,-0.0029725,-0.0028912,0.000318
-0.0024015,-0.0025882,0.000292,-0.0023974,-0.0025837,0.0003021
-0.0037509,-0.0025053,0.0004541,-0.0037454,-0.0025014,0.0004616
-0.0035931,-0.0033464,0.0005041,-0.0035881,-0.0033416,0.0005102
-0.0035362,-0.0025491,0.0001414,-0.0035301,-0.0025446,0.0001486
-0.0040119,-0.0037999,0.0005775,-0.0040069,-0.0037949,0.0005813
-0.0041386,-0.0032461,0.0005187,-0.0041331,-0.0032417,0.0005235
-0.0037509,-0.0037063,0.0003877,-0.0037456,-0.003701,0.0003921
-0.0045695,-0.0040794,0.0003726,-0.0045636,-0.004074,0.0003738
-0.0029703,-0.0038055,0.0004704,-0.0029661,-0.0038,0.0004767
-0.0029508,-0.0032878,0.0004161,-0.0029463,-0.0032826,0.0004237
-0.0029976,-0.0041094,0.0003393,-0.0029932,-0.0041032,0.0003442
-0.0038777,-0.0031111,0.0003616,-0.003872,-0.0031064,0.0003671
-0.003545,-0.0042334,0.0003021,-0.00354,-0.0042272,0.0003052
-0.0035041,-0.0044553,0.000589,-0.0034998,-0.0044497,0.0005921
-0.0035941,-0.0037929,0.0005824,-0.0035895,-0.0037879,0.0005874
-0.0039209,-0.0030032,0.0008001,-0.0039162,-0.0029995,0.0008068
-0.0042959,-0.0031551,0.000739,-0.0042908,-0.0031512,0.0007439
-0.0046694,-0.0030716,0.0006037,-0.0046637,-0.0030676,0.0006072
-0.0047503,-0.0026364,0.0007154,-0.0047447,-0.0026331,0.0007198
-0.0043837,-0.0039099,0.0008025,-0.0043791,-0.0039056,0.0008051
-0.0022716,-0.0036062,0.0004098,-0.0022681,-0.0036005,0.000418
-0.0024175,-0.003236,0.0002964,-0.0024135,-0.0032306,0.000305
-0.002219,-0.0041554,0.0005059,-0.0022158,-0.0041494,0.0005126
-0.0029545,-0.0044209,0.0005522,-0.0029506,-0.004415,0.0005567
-0.0026498,-0.0037962,0.0007127,-0.0026464,-0.0037911,0.0007203
-0.0028801,-0.0031764,0.0006288,-0.0028761,-0.0031718,0.0006375
-0.0029249,-0.0038127,0.0006094,-0.002921,-0.0038075,0.0006161
-0.0028817,-0.0042044,0.0006963,-0.0028781,-0.0041991,0.0007021
-0.0034968,-0.003151,0.0006721,-0.0034923,-0.0031468,0.0006793
-0.0032102,-0.0041057,0.000609,-0.0032061,-0.0041003,0.000614
-0.0035802,-0.0035567,0.0008043,-0.003576,-0.0035524,0.0008105
-0.0037438,-0.0029869,0.0011234,-0.0037401,-0.0029838,0.0011315
-0.0038397,-0.0034813,0.0010886,-0.0038359,-0.0034778,0.0010949
-0.003037,-0.0035515,0.0009507,-0.0030335,-0.0035473,0.0009588
-0.0038055,-0.0027688,0.0009548,-0.0038013,-0.0027655,0.0009628
-0.0043841,-0.0030954,0.0009462,-0.0043795,-0.003092,0.0009514
-0.0043241,-0.0022718,0.0009972,-0.0043195,-0.0022692,0.0010046
-0.0039694,-0.0038698,0.0011733,-0.0039659,-0.0038663,0.0011781
-0.0007835,0.001941,0.0158725,-0.0007833,0.00194,0.0159386
-0.0004445,0.0019349,0.0159834,-0.0004444,0.001934,0.0160497
-0.0005105,0.002299,0.0159728,-0.0005104,0.002298,0.0160389
-0.0001955,0.002232,0.0160337,-0.0001955,0.0022309,0.0160999
0.0001225,0.002099,0.0158877,0.0001225,0.002098,0.0159538
-9.95e-05,0.002661,0.016176,-9.96e-05,0.0026599,0.0162422
-0.0001075,0.0018979,0.0162063,-0.0001075,0.001897,0.0162728
-0.0008435,0.002264,0.0159848,-0.0008433,0.002263,0.0160508
-0.0005215,0.002689,0.0161351,-0.0005214,0.0026879,0.0162012
-0.0006235,0.0022028,0.0163695,-0.0006234,0.0022019,0.016436
-0.0005145,0.0018688,0.0163172,-0.0005144,0.001868,0.0163838
-0.0008905,0.0019888,0.0163094,-0.0008904,0.001988,0.0163759
-0.0005954,0.0014938,0.016233,-0.0005954,0.001493,0.0162995
-0.0009106,0.0031071,0.0160115,-0.0009104,0.0031059,0.0160773
-0.0008985,0.0023318,0.0163997,-0.0008984,0.0023309,0.0164661
-0.0009135,0.0026209,0.0163099,-0.0009134,0.0026199,0.0163762
-0.0008595,0.0022227,0.0167044,-0.0008595,0.0022219,0.0167711
-0.0008015,0.0016588,0.0164091,-0.0008014,0.001658,0.0164757
-0.0007704,0.0016879,0.0160612,-0.0007703,0.001687,0.0161275
0.0012606,0.0022821,0.0159952,0.0012601,0.002281,0.0160613
0.0013616,0.0019601,0.0158661,0.0013611,0.0019591,0.015932
0.0009655,0.0026521,0.0160114,0.0009652,0.0026509,0.0160774
0.0009055,0.0023149,0.0163039,0.0009052,0.0023139,0.0163703
0.0010774,0.0019848,0.0164627,0.0010771,0.001984,0.0165293
0.0013565,0.0019329,0.0162789,0.0013561,0.0019321,0.0163453
0.0006395,0.0019639,0.0162446,0.0006392,0.001963,0.016311
0.0010534,0.0012688,0.0164242,0.0010531,0.0012681,0.0164908
0.0005535,0.0022379,0.0163407,0.0005533,0.0022369,0.0164072
0.0003035,0.0023628,0.0164487,0.0003033,0.0023619,0.0165153
0.0006195,0.002636,0.0162941,0.0006193,0.0026349,0.0163604
0.0007984,0.0021428,0.0165987,0.0007982,0.002142,0.0166653
0.0002425,0.0019719,0.0162694,0.0002423,0.001971,0.0163359
0.0007134,0.0013368,0.0162391,0.0007132,0.0013361,0.0163057
0.0007903,0.0018307,0.0166984,0.0007902,0.00183,0.0167652
0.0002783,0.0031715,0.0172002,0.0002782,0.0031708,0.0172668
0.0004423,0.0029065,0.017181,0.0004422,0.0029058,0.0172478
0.0003353,0.0024385,0.0171956,0.0003352,0.0024378,0.0172626
0.0004773,0.0021795,0.0171915,0.0004772,0.0021789,0.0172585
0.0004154,0.0027218,0.016636,0.0004153,0.0027209,0.0167025
0.0003384,0.0023867,0.0168187,0.0003383,0.0023859,0.0168854
0.0006923,0.0003289,0.0160555,0.0006921,0.0003284,0.016122
0.0010334,0.000247,0.0159237,0.001033,0.0002465,0.01599
0.0009273,0.0004599,0.0161417,0.000927,0.0004594,0.0162082
0.0011024,0.0007169,0.015924,0.001102,0.0007163,0.0159902
0.0015205,0.000803,0.0158434,0.00152,0.0008024,0.0159095
0.0014475,0.001306,0.0160356,0.001447,0.0013052,0.0161018
0.0014295,0.000427,0.0158921,0.001429,0.0004265,0.0159583
0.0006764,0.0007138,0.0160307,0.0006761,0.0007133,0.0160971
0.0003285,0.0007878,0.0160226,0.0003283,0.0007872,0.016089
0.0008325,0.0011069,0.0158821,0.0008322,0.0011062,0.0159483
0.0010024,0.0007249,0.0162388,0.0010021,0.0007243,0.0163054
0.0010683,0.0004749,0.0164327,0.001068,0.0004744,0.0164995
0.0014153,0.0004889,0.016455,0.0014149,0.0004884,0.0165217
0.0009923,-0.000195,0.0164245,0.000992,-0.0001954,0.0164913
0.0005924,0.0008678,0.0163437,0.0005922,0.0008671,0.0164104
0.0002324,0.0009247,0.0163176,0.0002323,0.000924,0.0163843
0.0006744,0.0011448,0.0164199,0.0006742,0.0011441,0.0164866
0.0006033,0.0006777,0.0167246,0.0006031,0.0006772,0.0167916
0.0001864,0.0004077,0.0163732,0.0001863,0.0004072,0.0164399
0.0005712,-0.0002479,0.0162784,0.000571,-0.0002483,0.016345
0.0006815,-0.0008848,0.0160625,0.0006812,-0.000885,0.0161288
0.0010515,-0.0008599,0.0160897,0.0010511,-0.0008601,0.016156
0.0009434,-0.0005699,0.0160396,0.0009431,-0.0005701,0.0161059
0.0012775,-0.0005469,0.0160078,0.001277,-0.0005471,0.0160741
0.0016645,-0.0006109,0.0159881,0.0016639,-0.0006111,0.0160543
0.0013875,-0.000259,0.0158519,0.001387,-0.0002592,0.015918
0.0013556,-0.0008459,0.015855,0.001355,-0.000846,0.015921
0.0006405,-0.0006268,0.0159834,0.0006402,-0.000627,0.0160497
0.0002395,-0.0005678,0.015965,0.0002394,-0.000568,0.0160313
0.0010034,-0.000112,0.0159717,0.001003,-0.0001123,0.016038
0.0010634,-0.0006219,0.0163546,0.0010631,-0.0006222,0.0164212
0.0013394,-0.0008409,0.0164268,0.001339,-0.0008412,0.0164934
0.0005334,-0.0009889,0.0163344,0.0005333,-0.000989,0.016401
0.0012373,-0.000852,0.0167047,0.001237,-0.0008523,0.0167715
0.0006593,-0.0004399,0.0161174,0.0006591,-0.0004401,0.0161839
0.0006523,-0.0002249,0.0159473,0.0006521,-0.0002253,0.0160136
0.0005683,-0.0006169,0.0163604,0.0005681,-0.0006171,0.016427
0.0002714,-0.0005878,0.0164463,0.0002713,-0.0005881,0.0165131
0.0006373,-0.000652,0.0167734,0.0006371,-0.0006523,0.0168403
0.0007614,-0.0008319,0.0164135,0.0007611,-0.0008321,0.0164801
0.0002795,-0.0008998,0.0162173,0.0002793,-0.0009,0.0162838
0.0005824,-0.0009649,0.0166874,0.0005822,-0.0009652,0.0167542
0.0007929,0.0018146,0.0147004,0.0007925,0.0018135,0.0147647
0.001023,0.0017467,0.0145086,0.0010225,0.0017456,0.0145726
0.0010079,0.0020006,0.0146908,0.0010074,0.0019994,0.014755
0.001183,0.0021378,0.0145042,0.0011824,0.0021365,0.014568
0.001358,0.0022127,0.0147722,0.0013573,0.0022113,0.0148364
0.0015671,0.0020578,0.0144835,0.0015664,0.0020565,0.0145471
0.000499,0.0009726,0.0143771,0.0004987,0.0009719,0.0144411
0.0007669,0.0022258,0.0144981,0.0007665,0.0022244,0.0145619
0.0003268,0.0024188,0.0145811,0.0003266,0.0024174,0.014645
-0.0001283,0.0010466,0.0144769,-0.0001282,0.0010459,0.0145411
0.000402,0.0002034,0.014431,0.0004018,0.000203,0.0144952
0.001141,0.0025708,0.0146536,0.0011404,0.0025693,0.0147175
0.0009229,0.0023186,0.0148619,0.0009224,0.0023172,0.0149264
0.0010498,0.0019325,0.0149475,0.0010493,0.0019313,0.0150122
0.0013949,0.0020195,0.0150317,0.0013942,0.0020183,0.0150965
0.001652,0.0020356,0.0148361,0.0016512,0.0020343,0.0149005
0.0005538,0.0017045,0.01484,0.0005535,0.0017034,0.0149046
0.0003008,0.0019326,0.0147523,0.0003006,0.0019314,0.0148167
0.0010919,0.0015575,0.0147313,0.0010914,0.0015565,0.0147957
0.0008077,0.0018013,0.0151311,0.0008074,0.0018002,0.0151961
0.0006679,0.0026668,0.0146224,0.0006675,0.0026653,0.0146864
0.0005508,0.0022876,0.0148247,0.0005505,0.0022863,0.0148892
0.0001917,0.0023296,0.0148397,0.0001916,0.0023282,0.0149041
0.0006938,0.0026746,0.0149741,0.0006934,0.0026731,0.0150387
0.0007477,0.0021874,0.0151994,0.0007474,0.0021861,0.0152645
0.0006708,0.0013934,0.0147977,0.0006705,0.0013925,0.0148623
-0.0004156,0.0031507,0.0168801,-0.0004156,0.0031498,0.0169467
0.0002835,0.0029469,0.0164392,0.0002833,0.0029459,0.0165056
0.0006725,0.003018,0.0163514,0.0006723,0.0030169,0.0164176
0.0007214,0.0029458,0.0166833,0.0007212,0.0029449,0.0167497
0.0010704,0.0030288,0.0167684,0.0010701,0.0030279,0.0168348
-0.0004006,0.0023645,0.0171595,-0.0004007,0.0023638,0.0172264
-0.0001986,0.0023266,0.0168605,-0.0001986,0.0023259,0.0169273
-1.55e-05,0.0022739,0.0162777,-1.56e-05,0.0022729,0.0163441
0.0002175,0.0026919,0.0163141,0.0002174,0.0026909,0.0163804
5e-07,0.003101,0.0162484,4e-07,0.0030999,0.0163145
-0.0003735,0.0024269,0.0162478,-0.0003735,0.0024259,0.0163141
-0.0004336,0.003025,0.0163392,-0.0004335,0.0030239,0.0164054
-0.0009976,0.002981,0.0163182,-0.0009974,0.0029799,0.0163844
-0.0002926,0.0027498,0.0165929,-0.0002926,0.0027489,0.0166594
-0.0006056,0.0029268,0.016729,-0.0006055,0.0029259,0.0167955
-0.0009712,0.0003879,0.0159364,-0.000971,0.0003874,0.0160027
-0.0006272,0.0004759,0.0158803,-0.0006271,0.0004753,0.0159466
-0.0003373,0.0005548,0.0160962,-0.0003373,0.0005542,0.0161627
-0.0004553,0.0008328,0.0159485,-0.0004553,0.0008322,0.0160148
-2.05e-05,0.0007058,0.0158513,-2.05e-05,0.0007052,0.0159175
-0.0001404,0.0003759,0.0159076,-0.0001404,0.0003754,0.015974
-0.0005104,0.0012038,0.0161288,-0.0005103,0.0012031,0.0161953
-0.0004114,0.0009357,0.0163105,-0.0004114,0.0009351,0.0163772
-0.0005092,0.0002968,0.0163032,-0.0005092,0.0002963,0.0163699
-0.0001024,0.0002737,0.0162907,-0.0001024,0.0002733,0.0163575
-0.0008423,0.0004708,0.0163173,-0.0008421,0.0004703,0.016384
-0.0007014,0.0012419,0.0158229,-0.0007012,0.0012411,0.015889
-0.0007744,0.0008737,0.0163825,-0.0007743,0.0008731,0.0164493
-0.0008654,0.0012688,0.0162818,-0.0008653,0.0012681,0.0163484
-0.0008424,0.0007127,0.0166194,-0.0008423,0.0007121,0.0166863
-0.0007352,4.69e-05,0.0163662,-0.0007351,4.65e-05,0.0164329
-0.0008472,0.000128,0.0160343,-0.000847,0.0001275,0.0161007
-0.0010015,-0.0004729,0.0143637,-0.0010012,-0.000473,0.0144275
-0.0009373,0.0004367,0.0168203,-0.0009373,0.0004362,0.0168874
-0.0008374,0.0018426,0.0145923,-0.0008371,0.0018415,0.0146564
-0.0005854,0.0018237,0.0144283,-0.0005852,0.0018226,0.0144921
-0.0002783,0.0019918,0.0144685,-0.0002782,0.0019906,0.0145323
-0.0004463,0.0023678,0.014465,-0.0004462,0.0023664,0.0145287
-0.0001223,0.0023598,0.0145939,-0.0001223,0.0023584,0.0146579
-5.52e-05,0.0001384,0.0143299,-5.52e-05,0.000138,0.0143938
-0.0006834,0.0021537,0.0145337,-0.0006832,0.0021524,0.0145976
-0.0004684,0.0027349,0.0145744,-0.0004682,0.0027333,0.0146382
-0.0003623,0.0022096,0.0147505,-0.0003622,0.0022083,0.0148149
-0.0001373,0.0019395,0.0147822,-0.0001373,0.0019384,0.0148466
-0.0009314,0.0019665,0.0148663,-0.0009311,0.0019653,0.0149308
-0.0012295,0.0019335,0.0148533,-0.001229,0.0019323,0.0149178
-0.0004783,0.0013593,0.0148853,-0.0004782,0.0013585,0.01495
-0.0004784,0.0020503,0.0153029,-0.0004783,0.0020491,0.0153682
-0.0008635,0.003168,0.0145719,-0.0008631,0.0031662,0.0146355
-0.0008944,0.0023035,0.0149485,-0.0008941,0.0023022,0.0150131
-0.0008985,0.0026737,0.014835,-0.0008981,0.0026722,0.0148993
-0.0008204,0.0022613,0.0152932,-0.0008202,0.0022601,0.0153584
-0.0008804,0.0014925,0.0147707,-0.0008801,0.0014915,0.0148352
-0.0007634,0.0011334,0.0147492,-0.0007631,0.0011326,0.0148137
-0.0002633,0.000954,0.0137914,-0.0002633,0.0009534,0.0138542
-0.0006964,0.0018573,0.0152348,-0.0006962,0.0018562,0.0153
-0.0008406,0.0019016,0.0133286,-0.0008403,0.0019006,0.0133899
-0.0006495,0.0018779,0.013015,-0.0006493,0.001877,0.0130755
-0.0004083,0.0020329,0.013132,-0.0004082,0.0020319,0.0131928
-0.0004323,0.0023721,0.0130488,-0.0004322,0.0023709,0.0131092
-0.0001231,0.0023101,0.0131086,-0.0001231,0.0023088,0.0131692
0.0003912,0.0023329,0.0132226,0.000391,0.0023317,0.0132834
0.0005406,0.0008915,0.0128669,0.0005405,0.0008912,0.0129274
-0.0002232,0.0009904,0.0130644,-0.0002232,0.0009901,0.0131255
0.0005846,0.0003158,0.0132047,0.0005845,0.0003155,0.0132663
0.0004122,0.0009001,0.0135558,0.0004121,0.0008996,0.0136181
-9.21e-05,0.001992,0.0130591,-9.21e-05,0.001991,0.0131197
-0.0001391,0.0002828,0.0130275,-0.0001391,0.0002825,0.0130887
-0.0001802,0.0003676,0.0138894,-0.0001802,0.0003672,0.0139526
-0.0007295,0.002235,0.0130686,-0.0007293,0.0022338,0.0131291
-0.0004663,0.0026812,0.0130943,-0.0004662,0.0026797,0.0131547
-0.0004603,0.0019025,0.0134624,-0.0004602,0.0019015,0.013524
-0.0001171,0.0018256,0.0133754,-0.0001171,0.0018246,0.0134369
0.0002661,0.0019547,0.0133407,0.000266,0.0019536,0.0134021
-0.0012397,0.0019665,0.0133889,-0.0012392,0.0019654,0.0134502
-0.0005874,0.0014144,0.0134467,-0.0005873,0.0014136,0.0135085
-0.0002312,0.0019913,0.0137702,-0.0002312,0.0019901,0.0138325
-0.0009587,0.0029655,0.0130292,-0.0009582,0.0029637,0.0130892
-0.0008415,0.0022826,0.0134621,-0.0008412,0.0022813,0.0135236
-0.0009035,0.0027658,0.0134999,-0.0009031,0.0027641,0.0135613
-0.0006724,0.0022703,0.0138286,-0.0006721,0.0022689,0.013891
-0.0008736,0.0015463,0.013469,-0.0008733,0.0015455,0.0135307
-0.0008456,0.0012413,0.0134096,-0.0008454,0.0012406,0.0134713
0.0003672,9.54e-05,0.0137496,0.000367,9.52e-05,0.0138125
-0.0001882,-0.0004549,0.0136607,-0.0001882,-0.000455,0.0137233
-0.0010237,-0.000533,0.0135775,-0.0010235,-0.0005331,0.0136397
-0.0009659,0.0002368,0.0130242,-0.0009659,0.0002365,0.0130852
-0.0002022,0.0008402,0.0119832,-0.0002022,0.0008401,0.0120408
-0.0007454,0.0019152,0.0138201,-0.0007452,0.001914,0.0138825
-0.0012065,0.0023957,0.0168396,-0.0012064,0.0023949,0.0169062
0.0016942,0.0020637,0.0170459,0.001694,0.002063,0.0171127
0.0017632,0.0023846,0.0171492,0.001763,0.002384,0.0172159
0.0022102,0.0023157,0.0171764,0.0022099,0.002315,0.0172429
0.0020343,0.0022348,0.0168743,0.0020339,0.002234,0.0169408
0.0016823,0.0025658,0.0167523,0.001682,0.002565,0.0168188
0.0018715,0.0004911,0.0159175,0.0018709,0.0004905,0.0159836
0.0023036,0.0004221,0.0159339,0.0023028,0.0004216,0.0159999
0.0025767,0.0007221,0.0159482,0.0025758,0.0007215,0.0160141
0.0023476,0.0011131,0.0159112,0.0023469,0.0011124,0.0159771
0.0025374,0.000545,0.0164649,0.0025368,0.0005444,0.0165313
0.0020194,0.000461,0.0163225,0.0020189,0.0004604,0.0163889
0.0025215,-0.000127,0.0163498,0.0025208,-0.0001274,0.0164161
0.0021326,0.000754,0.0159749,0.0021319,0.0007535,0.0160409
0.0020495,0.001122,0.0160539,0.0020489,0.0011213,0.0161201
0.0020644,0.000883,0.0163927,0.0020639,0.0008823,0.0164592
0.0017834,0.000794,0.0161595,0.0017829,0.0007934,0.0162258
0.0019484,0.0012409,0.0163937,0.0019479,0.0012402,0.0164602
0.0016684,0.000303,0.0161951,0.0016679,0.0003025,0.0162616
0.0020234,-1.4e-05,0.0162784,0.0020229,-1.44e-05,0.0163448
0.0014014,0.0021808,0.016619,0.0014011,0.00218,0.0166855
0.0007522,0.0022345,0.0171776,0.0007521,0.0022339,0.0172446
0.0010714,0.0022838,0.0166579,0.0010711,0.0022829,0.0167245
0.0004573,0.0015005,0.017162,0.0004572,0.0014999,0.0172291
0.0002893,0.0017765,0.0171611,0.0002892,0.0017759,0.0172282
0.0004174,0.0020297,0.0166304,0.0004173,0.0020289,0.0166972
0.0003894,0.0016456,0.0167911,0.0003893,0.001645,0.016858
0.0002003,0.0010746,0.0170946,0.0002002,0.001074,0.0171618
0.0005043,0.0009186,0.0170047,0.0005042,0.0009181,0.0170718
0.0003053,0.0005766,0.0170906,0.0003052,0.0005761,0.0171578
0.0006961,0.0004174,0.0143936,0.0006958,0.000417,0.0144576
0.0010941,0.0008245,0.0144407,0.0010936,0.0008239,0.0145046
0.0013732,0.0006975,0.0144549,0.0013725,0.0006969,0.0145188
0.0016121,0.0008375,0.0145333,0.0016114,0.0008368,0.0145973
0.0016202,0.0004054,0.014495,0.0016194,0.0004049,0.014559
0.000357,-0.0004009,0.0145059,0.0003568,-0.0004011,0.0145701
0.000731,0.0007605,0.014569,0.0007306,0.0007599,0.0146333
0.000359,0.0006826,0.0144065,0.0003588,0.000682,0.0144705
-0.0001772,-0.000522,0.0143659,-0.0001773,-0.0005221,0.0144299
0.0009269,0.0011334,0.0146966,0.0009265,0.0011327,0.0147611
0.0010248,0.0007403,0.0148942,0.0010244,0.0007397,0.014959
0.0013999,0.0004133,0.0149275,0.0013992,0.0004128,0.0149922
0.001709,0.0004733,0.0148559,0.0017082,0.0004728,0.0149205
0.0006989,0.0004203,0.0148194,0.0006986,0.0004198,0.0148842
0.0002588,0.0002942,0.0149266,0.0002586,0.0002938,0.0149915
0.0008858,-0.0001208,0.0148775,0.0008855,-0.0001211,0.0149423
0.0011469,-0.0002628,0.0149039,0.0011463,-0.0002631,0.0149686
0.0003923,-0.000587,0.013589,0.0003922,-0.0005872,0.0136514
0.0010326,0.0005481,0.0153429,0.0010322,0.0005476,0.0154084
0.0008131,0.0010996,0.0143987,0.0008127,0.0010989,0.0144626
0.0007548,0.0008872,0.015011,0.0007544,0.0008865,0.0150761
3.18e-05,0.0007603,0.0148583,3.17e-05,0.0007597,0.0149231
0.0006917,0.0012053,0.0150193,0.0006914,0.0012045,0.0150843
0.0006316,0.000693,0.0153787,0.0006313,0.0006924,0.0154443
0.0005538,-5.88e-05,0.0149458,0.0005536,-5.91e-05,0.0150108
0.0007305,0.0002871,0.0154314,0.0007302,0.0002866,0.0154971
0.0003385,0.0026161,0.0160202,0.0003384,0.0026149,0.0160862
0.0003265,0.002306,0.0161028,0.0003264,0.002305,0.0161691
0.0003446,0.0028514,0.0155307,0.0003444,0.00285,0.0155961
0.0004056,0.0031383,0.0157768,0.0004054,0.0031369,0.0158424
0.0007497,0.0029174,0.0155169,0.0007493,0.0029159,0.0155822
0.0006276,0.0030363,0.0157258,0.0006273,0.0030349,0.0157913
0.0007255,0.0029711,0.0160376,0.0007253,0.0029699,0.0161035
0.0009886,0.0031302,0.0160618,0.0009882,0.0031289,0.0161276
0.0003975,0.0030591,0.0161085,0.0003974,0.0030578,0.0161745
-0.0003826,0.0017166,0.016892,-0.0003826,0.0017159,0.016959
-0.0004305,0.0030263,0.0156217,-0.0004304,0.0030249,0.0156871
-1.4e-06,0.0030774,0.0155219,-1.5e-06,0.0030759,0.0155871
-0.0001315,0.0030892,0.0159026,-0.0001315,0.0030878,0.0159683
-0.0006835,0.0028882,0.0158764,-0.0006834,0.0028869,0.0159421
-0.0004135,0.0030442,0.0160124,-0.0004134,0.0030428,0.0160783
-0.0019935,0.00212,0.0162448,-0.0019931,0.002119,0.0163109
-0.0017855,0.0023388,0.0164378,-0.0017852,0.002338,0.016504
-0.0015615,0.0021489,0.0163636,-0.0015612,0.002148,0.01643
-0.0016056,0.002665,0.0162081,-0.0016052,0.0026639,0.0162741
-0.0012396,0.0027369,0.016405,-0.0012393,0.0027359,0.0164712
-0.0016235,0.0022777,0.0167436,-0.0016233,0.0022769,0.0168101
-0.0021046,0.0023238,0.0166088,-0.0021043,0.002323,0.0166751
-0.0019866,0.0025309,0.016323,-0.0019862,0.0025299,0.0163891
-0.0016666,0.0026938,0.0167879,-0.0016664,0.0026929,0.0168543
-0.0019844,0.0004259,0.015928,-0.0019838,0.0004254,0.015994
-0.0017334,0.0005689,0.0161018,-0.0017329,0.0005684,0.0161681
-0.0015783,0.000431,0.0158378,-0.0015779,0.0004305,0.0159038
-0.0015224,0.000765,0.0158389,-0.0015219,0.0007644,0.0159049
-0.0015784,0.001386,0.0159403,-0.001578,0.0013852,0.0160063
-0.0015913,0.0001029,0.0160436,-0.0015909,0.0001025,0.0161099
-0.0016713,-0.000283,0.0160436,-0.0016709,-0.0002833,0.0161098
-0.0014533,0.0005759,0.0162606,-0.001453,0.0005753,0.0163271
-0.0018404,0.000828,0.0159361,-0.0018399,0.0008274,0.0160021
-0.0024155,0.00107,0.0158855,-0.0024148,0.0010693,0.0159513
-0.0019434,0.001262,0.0159633,-0.001943,0.0012612,0.0160294
-0.0018914,0.0009239,0.016217,-0.001891,0.0009233,0.0162834
-0.0018904,0.0006439,0.0164298,-0.00189,0.0006433,0.0164964
-0.0022184,0.0004739,0.016266,-0.0022179,0.0004734,0.0163323
-0.0019404,0.0002659,0.0163088,-0.00194,0.0002654,0.0163752
-0.0021614,7.59e-05,0.015982,-0.0021608,7.55e-05,0.016048
-0.0021515,0.000835,0.0159242,-0.0021509,0.0008343,0.0159902
-0.0023165,0.001371,0.0159256,-0.0023159,0.0013702,0.0159915
-0.0022694,0.0008629,0.0162632,-0.002269,0.0008623,0.0163294
-0.0015614,0.0009159,0.0162128,-0.0015611,0.0009152,0.0162793
-0.0022845,0.0012159,0.0161984,-0.002284,0.0012152,0.0162646
-0.0022434,0.0007058,0.0166419,-0.0022431,0.0007053,0.0167085
-0.0022344,0.0001189,0.0163589,-0.0022339,0.0001185,0.0164252
-0.0012125,0.002325,0.0161668,-0.0012122,0.002324,0.016233
-0.0011375,0.0024688,0.0165367,-0.0011374,0.0024679,0.0166032
-0.0009206,0.0030668,0.0167191,-0.0009205,0.0030659,0.0167855
1.75e-05,0.0015688,0.01625,1.74e-05,0.001568,0.0163166
-0.0001016,0.0015637,0.0167239,-0.0001016,0.001563,0.0167909
-0.0004405,0.0015307,0.0167029,-0.0004405,0.00153,0.0167698
-0.0001905,0.0019777,0.0165563,-0.0001906,0.0019769,0.016623
-0.0003315,0.0016158,0.0161271,-0.0003314,0.001615,0.0161935
-4.64e-05,0.0007417,0.0162165,-4.65e-05,0.0007411,0.0162831
-8.15e-05,0.0012118,0.0162008,-8.15e-05,0.001211,0.0162674
0.0002865,0.0012628,0.0162719,0.0002863,0.0012621,0.0163385
-7.35e-05,0.0006746,0.0166235,-7.36e-05,0.000674,0.0166905
-0.0005314,0.0007936,0.0167445,-0.0005314,0.0007931,0.0168115
-0.0006024,0.0013927,0.0165498,-0.0006024,0.001392,0.0166166
-0.0002545,0.0013537,0.0164718,-0.0002545,0.001353,0.0165386
-0.0004253,0.0005927,0.0164604,-0.0004253,0.0005921,0.0165272
-0.0009133,-0.0010359,0.0159834,-0.0009131,-0.001036,0.0160496
-0.0006013,-0.0010908,0.0159353,-0.0006012,-0.0010909,0.0160015
-0.0002763,-0.0009938,0.0159943,-0.0002763,-0.0009939,0.0160606
-0.0005042,-0.0007078,0.0159672,-0.0005042,-0.000708,0.0160335
-0.0002483,-0.0005508,0.0160809,-0.0002483,-0.000551,0.0161474
-0.0009072,-0.0006969,0.0159973,-0.0009071,-0.0006971,0.0160636
-0.0005222,-0.0003889,0.0159709,-0.0005221,-0.0003891,0.0160372
-0.0005233,-0.0005758,0.0162951,-0.0005232,-0.0005761,0.0163618
-0.0004124,-0.0010279,0.0163982,-0.0004124,-0.0010281,0.0164649
-7.34e-05,-0.0010478,0.0162533,-7.35e-05,-0.001048,0.0163198
-0.0009733,-0.00107,0.0162783,-0.0009732,-0.0010701,0.0163448
-0.0005404,-0.0010359,0.0167002,-0.0005404,-0.0010362,0.0167671
-0.0007562,-0.0005079,0.0161312,-0.0007561,-0.0005082,0.0161977
-0.0008773,-0.000747,0.0163542,-0.0008772,-0.0007472,0.0164208
-0.0007643,-0.000379,0.0164572,-0.0007642,-0.0003793,0.0165239
-0.0008923,-0.00078,0.0167432,-0.0008923,-0.0007803,0.0168101
-0.0007524,-0.0012919,0.0162794,-0.0007522,-0.001292,0.0163458
-0.0008763,-0.0014369,0.0159056,-0.0008761,-0.0014369,0.0159716
-0.0009725,0.0003664,0.0145076,-0.0009722,0.0003659,0.0145718
-0.0002573,0.0004795,0.0145999,-0.0002573,0.0004789,0.0146643
-0.0003603,0.0008016,0.0144386,-0.0003603,0.000801,0.0145027
7.28e-05,0.0007165,0.0145203,7.28e-05,0.0007159,0.0145846
9.18e-05,0.0003284,0.0145248,9.18e-05,0.000328,0.0145891
-0.0007404,0.0007365,0.0144967,-0.0007402,0.0007359,0.0145609
-0.0004574,0.0011095,0.0145811,-0.0004572,0.0011087,0.0146454
-0.0005474,0.0007473,0.0147684,-0.0005472,0.0007467,0.0148331
-0.0004753,0.0003823,0.0148889,-0.0004752,0.0003818,0.0149537
-0.0001433,0.0002863,0.0148734,-0.0001433,0.0002858,0.0149383
-0.0008423,0.0004622,0.0148734,-0.0008421,0.0004617,0.0149382
-0.0012554,0.0004553,0.0147739,-0.001255,0.0004547,0.0148385
-0.0005164,0.0001113,0.0147327,-0.0005163,0.0001109,0.0147973
-0.0002983,-0.0001209,0.0148903,-0.0002983,-0.0001211,0.0149552
-0.0002202,-0.0005491,0.0128968,-0.0002202,-0.0005493,0.0129575
-0.0002713,0.0003981,0.0152916,-0.0002713,0.0003976,0.0153571
-0.0009805,0.0013316,0.0143889,-0.0009801,0.0013308,0.0144527
-0.0009024,0.0008533,0.0148239,-0.0009021,0.0008526,0.0148886
-0.0008133,0.0006971,0.0152046,-0.000813,0.0006965,0.0152699
-0.0006973,5.41e-05,0.0150199,-0.0006971,5.38e-05,0.015085
-0.0009182,0.00038,0.0155234,-0.000918,0.0003795,0.0155892
-0.0005244,0.0021642,0.0156139,-0.0005243,0.002163,0.0156796
-0.0002234,0.0022381,0.0157288,-0.0002234,0.002237,0.0157947
-7.64e-05,0.0026403,0.0154974,-7.64e-05,0.002639,0.0155628
-0.0005115,0.0026072,0.0156723,-0.0005114,0.0026059,0.0157379
-0.0009005,0.0026841,0.0160151,-0.0009003,0.0026829,0.0160811
-0.0009255,0.0026373,0.0156004,-0.0009252,0.0026359,0.0156658
-0.0005315,0.0028144,0.0153527,-0.0005313,0.002813,0.0154178
-0.0004524,0.0023345,0.0150494,-0.0004522,0.0023332,0.0151142
-9.53e-05,0.0022736,0.0149145,-9.53e-05,0.0022722,0.0149791
-5.73e-05,0.0026567,0.0147941,-5.73e-05,0.0026552,0.0148583
0.0002978,0.0027777,0.0148402,0.0002976,0.0027761,0.0149046
-0.0005474,0.0027457,0.014907,-0.0005472,0.0027441,0.0149715
-0.0001504,0.0022853,0.0153192,-0.0001504,0.002284,0.0153844
0.0003507,0.0023803,0.0153144,0.0003505,0.0023791,0.0153796
1.17e-05,0.0028936,0.01513,1.16e-05,0.002892,0.0151948
-0.0005064,0.0030738,0.0149124,-0.0005062,0.003072,0.0149767
-0.0009175,0.0030218,0.0148244,-0.0009171,0.0030201,0.0148886
-0.0002814,0.0031176,0.0152801,-0.0002814,0.0031159,0.015345
-0.0004314,0.0024333,0.0153853,-0.0004313,0.002432,0.0154506
-0.0003234,0.0024827,0.0147279,-0.0003232,0.0024812,0.0147921
0.0008016,0.0017468,0.013103,0.0008012,0.0017459,0.0131637
0.0009866,0.0019567,0.0131983,0.0009862,0.0019557,0.0132592
0.0011368,0.002242,0.0130841,0.0011362,0.0022408,0.0131445
0.001452,0.0023381,0.0130477,0.0014512,0.0023367,0.0131079
0.0014341,0.001952,0.0129721,0.0014334,0.0019509,0.0130323
0.0007395,0.0021569,0.0131066,0.0007391,0.0021558,0.0131672
0.0010856,0.0025731,0.0131646,0.001085,0.0025716,0.0132251
0.0011876,0.0022297,0.0133697,0.001187,0.0022284,0.0134309
0.0010995,0.0019114,0.0135199,0.001099,0.0019103,0.0135816
0.0013997,0.0018946,0.0133225,0.0013991,0.0018935,0.0133836
0.0017909,0.0021206,0.0133572,0.00179,0.0021193,0.0134183
0.0010356,0.0012762,0.013486,0.0010351,0.0012755,0.0135479
0.0008633,0.0019003,0.0137495,0.0008628,0.0018991,0.0138118
0.0007985,0.0027222,0.0131646,0.000798,0.0027206,0.0132251
0.0005552,0.0021536,0.0134031,0.000555,0.0021524,0.0134645
0.0003021,0.0022266,0.013491,0.0003019,0.0022253,0.0135526
0.0007263,0.0026327,0.0135378,0.0007258,0.0026311,0.0135993
0.0007342,0.0022023,0.0137419,0.0007338,0.0022011,0.013804
0.0007275,0.0014335,0.0132632,0.0007272,0.0014328,0.0133246
0.0013252,0.0015646,0.0172034,0.001325,0.001564,0.0172704
0.0007562,0.0015025,0.0171561,0.0007561,0.001502,0.0172232
0.0012385,0.0022899,0.0163691,0.0012381,0.002289,0.0164355
0.0016085,0.00231,0.0163073,0.001608,0.002309,0.0163735
0.0017143,0.0021488,0.0167151,0.001714,0.002148,0.0167816
0.0010675,0.003108,0.0164356,0.0010672,0.0031069,0.0165017
0.0017823,0.0011898,0.0167315,0.0017819,0.0011892,0.0167983
0.0017132,0.0008768,0.0168523,0.0017129,0.0008762,0.0169192
0.0019746,-0.0009199,0.0159045,0.0019739,-0.00092,0.0159704
0.0023256,-0.000779,0.0159748,0.0023249,-0.0007791,0.0160407
0.0027187,-0.0006169,0.0159381,0.0027178,-0.0006172,0.0160038
0.0020346,-0.0005159,0.0159785,0.0020339,-0.0005162,0.0160445
0.0024885,-0.000827,0.0163327,0.0024879,-0.0008272,0.0163989
0.0028806,-0.0008,0.016309,0.0028798,-0.0008002,0.0163751
0.0021605,-0.001115,0.0163645,0.0021599,-0.0011151,0.0164308
0.0023834,-0.00105,0.0166366,0.0023829,-0.0010503,0.016703
0.0020175,-0.00071,0.0162603,0.0020169,-0.0007102,0.0163267
0.0017234,-0.000589,0.0163311,0.0017229,-0.0005893,0.0163975
0.0021014,-0.00022,0.0164803,0.0021009,-0.0002204,0.0165469
0.0016644,-0.000944,0.0162771,0.001664,-0.0009441,0.0163435
0.0020855,-0.001498,0.0163325,0.002085,-0.0014981,0.0163987
0.0020883,-0.00109,0.0168183,0.0020879,-0.0010903,0.0168849
0.0020002,0.0003614,0.0145335,0.0019993,0.0003609,0.0145974
0.0023683,0.0004144,0.014528,0.0023672,0.0004139,0.0145918
0.0025104,0.0007775,0.0145394,0.0025091,0.0007768,0.0146031
0.0020212,0.0007415,0.0145837,0.0020202,0.0007408,0.0146477
0.0024293,0.0012066,0.0145046,0.0024281,0.0012057,0.0145682
0.0025462,0.0005103,0.0149579,0.0025449,0.0005098,0.0150224
0.0028353,0.0003964,0.0148023,0.0028339,0.0003958,0.0148664
0.002105,0.0003863,0.0149143,0.0021041,0.0003858,0.0149789
0.0025171,-0.0001907,0.0148957,0.002516,-0.000191,0.0149601
0.0023999,0.0003052,0.0152384,0.0023989,0.0003047,0.0153034
0.0021853,0.0010616,0.0144143,0.0021843,0.0010608,0.0144778
0.002032,0.0008924,0.0149475,0.0020311,0.0008916,0.0150121
0.00172,0.0008114,0.0148651,0.0017192,0.0008107,0.0149297
0.001956,0.0014145,0.0149228,0.0019551,0.0014135,0.0149873
0.0019608,0.0008662,0.0153641,0.00196,0.0008655,0.0154294
0.002085,-3.98e-05,0.0149142,0.0020841,-4.01e-05,0.0149788
0.0020312,-0.0002898,0.0147632,0.0020302,-0.00029,0.0148276
0.0020708,0.0003942,0.015292,0.00207,0.0003937,0.0153572
0.0014154,0.0015129,0.0163296,0.001415,0.0015121,0.0163961
0.0017264,0.0015209,0.0163348,0.001726,0.0015202,0.0164012
0.0016694,0.0018469,0.0164849,0.001669,0.0018461,0.0165514
0.0016853,0.0014978,0.0166876,0.001685,0.0014971,0.0167544
0.0009384,0.0016638,0.0163004,0.0009381,0.001663,0.016367
0.0007734,0.0014747,0.0165831,0.0007732,0.001474,0.01665
0.0009975,0.001443,0.0159994,0.0009971,0.0014421,0.0160656
0.0010606,0.0020592,0.0156951,0.0010602,0.0020581,0.0157609
0.0014277,0.0023023,0.0155366,0.0014271,0.0023011,0.0156021
0.0017147,0.0023173,0.0156737,0.0017141,0.0023161,0.0157392
0.0016366,0.0021921,0.0159344,0.0016361,0.0021911,0.0160003
0.0014048,0.0026974,0.0154351,0.0014042,0.0026961,0.0155002
0.0017638,0.0026274,0.01565,0.0017631,0.002626,0.0157154
0.0010776,0.0027293,0.0156797,0.0010772,0.002728,0.0157453
0.0010736,0.0024143,0.0157004,0.0010732,0.002413,0.0157661
0.0007516,0.0026023,0.0156765,0.0007513,0.002601,0.0157421
0.0016036,0.0026682,0.0160517,0.0016031,0.002667,0.0161176
0.0027411,0.0016107,0.0171214,0.0027408,0.0016101,0.0171879
0.0025744,0.0019179,0.0167535,0.0025739,0.0019171,0.0168198
0.0027673,0.0016449,0.0168235,0.0027668,0.0016442,0.0168898
0.0017851,0.0023668,0.0147227,0.0017842,0.0023653,0.0147867
0.002077,0.0022395,0.0152293,0.002076,0.0022382,0.0152941
0.0016209,0.0023245,0.0151192,0.0016202,0.0023232,0.0151839
0.0022239,0.0022184,0.0154392,0.002223,0.0022172,0.0155042
0.0018229,0.0027115,0.0153044,0.0018221,0.0027101,0.0153693
0.0017782,0.002617,0.0144763,0.0017773,0.0026154,0.0145397
0.0018739,0.0024215,0.0153792,0.0018731,0.0024201,0.0154442
0.0024875,0.001585,0.0163844,0.0024869,0.0015842,0.0164506
0.0027455,0.001753,0.0165046,0.0027449,0.0017522,0.0165707
0.0024485,0.001894,0.0163315,0.0024479,0.0018932,0.0163977
0.0022874,0.0014359,0.0165881,0.0022869,0.0014352,0.0166545
0.0025097,0.0019932,0.0160128,0.0025089,0.0019921,0.0160785
0.0024852,0.0002258,0.0170806,0.0024848,0.0002254,0.0171474
0.0026231,0.0004708,0.0171378,0.0026228,0.0004703,0.0172045
0.0028716,0.0008341,0.0162174,0.0028708,0.0008334,0.0162834
0.0028205,0.001147,0.0164234,0.0028198,0.0011463,0.0164895
0.0024115,0.00124,0.0163391,0.0024108,0.0012393,0.0164054
0.0027923,0.0007949,0.0166911,0.0027918,0.0007944,0.0167575
0.0024252,0.0008388,0.0168298,0.0024249,0.0008383,0.0168965
0.0024443,0.0012079,0.016771,0.0024439,0.0012072,0.0168376
0.0023438,0.0013323,0.0155596,0.0023429,0.0013314,0.015625
0.0025308,0.0016983,0.0156939,0.0025299,0.0016973,0.0157593
0.0024479,0.0019643,0.0155441,0.0024469,0.0019632,0.0156093
0.0025326,0.0015411,0.0160426,0.0025319,0.0015403,0.0161084
0.002489,0.0018905,0.0151654,0.0024879,0.0018894,0.0152301
0.0020323,-0.0010459,0.0144187,0.0020314,-0.0010457,0.0144822
0.0021332,-0.0009349,0.0147105,0.0021322,-0.0009348,0.0147746
0.0024644,-0.0010009,0.0144612,0.0024632,-0.0010007,0.0145246
0.0024314,-0.0006098,0.014528,0.0024302,-0.0006098,0.0145917
0.0021213,-0.0005728,0.0145705,0.0021203,-0.0005729,0.0146344
0.0024523,-0.0002597,0.0145789,0.0024512,-0.00026,0.0146428
0.0023242,-0.0007059,0.0148576,0.0023231,-0.0007059,0.0149218
0.0024493,-0.0010889,0.0147699,0.0024481,-0.0010888,0.0148339
0.0028524,-0.001072,0.0146973,0.002851,-0.0010718,0.0147611
0.002025,-0.0011889,0.0149493,0.0020241,-0.0011888,0.0150137
0.001771,-0.0009859,0.014897,0.0017702,-0.0009858,0.0149615
0.0023671,-0.0009779,0.0151134,0.002366,-0.0009779,0.0151781
0.001989,-0.0006759,0.0149241,0.0019881,-0.0006759,0.0149886
0.001671,-0.0007379,0.0148817,0.0016702,-0.0007379,0.0149463
0.0021669,-0.0006179,0.015245,0.002166,-0.000618,0.0153101
0.0020499,-0.0009399,0.0152869,0.002049,-0.0009399,0.015352
0.0031955,0.000329,0.0164434,0.0031948,0.0003285,0.0165094
0.0020686,0.0003749,0.0129614,0.0020678,0.0003745,0.0130216
0.0023705,0.0004579,0.0131767,0.0023694,0.0004574,0.0132373
0.0026068,0.0007341,0.0130276,0.0026055,0.0007335,0.0130877
0.0016443,0.0008732,0.013022,0.0016437,0.0008727,0.0130825
0.0025236,0.0011423,0.0130926,0.0025224,0.0011415,0.0131529
0.0024003,0.00085,0.0133518,0.0023991,0.0008493,0.0134128
0.0024461,0.0004197,0.0135313,0.0024449,0.0004192,0.0135929
0.0020221,0.0004438,0.0134227,0.0020212,0.0004433,0.0134842
0.0015029,0.0004637,0.0135408,0.0015023,0.0004633,0.0136027
0.0025303,-0.0001426,0.0133965,0.0025291,-0.0001427,0.0134576
0.0026829,0.0004056,0.0138922,0.0026815,0.0004051,0.0139545
0.0020514,0.0012414,0.0130539,0.0020505,0.0012407,0.0131143
0.002046,0.0008679,0.013501,0.002045,0.0008673,0.0135625
0.0016729,0.00081,0.0134644,0.0016722,0.0008094,0.013526
0.0020249,0.0012181,0.0135522,0.0020239,0.0012172,0.0136138
0.0020467,0.0009928,0.0138636,0.0020457,0.0009921,0.013926
0.00198,1.75e-05,0.0135064,0.0019792,1.72e-05,0.0135681
0.0020832,-0.0002476,0.0133028,0.0020824,-0.0002478,0.0133639
0.0017421,0.0002378,0.0172161,0.0017419,0.0002373,0.0172831
0.0017581,-9.12e-05,0.017219,0.0017579,-9.16e-05,0.017286
0.0014862,4.89e-05,0.0167159,0.0014859,4.85e-05,0.0167827
0.0017053,0.0009439,0.0165214,0.0017049,0.0009432,0.016588
0.0015664,0.0011979,0.0163365,0.001566,0.0011972,0.016403
0.0017083,0.0006169,0.0164943,0.0017079,0.0006163,0.0165609
0.0024693,-0.000469,0.0168595,0.0024689,-0.0004694,0.0169261
0.0025274,0.000221,0.0164898,0.0025268,0.0002205,0.0165562
0.0029365,-3.1e-05,0.0164181,0.0029358,-3.14e-05,0.0164843
0.0028363,-2.1e-06,0.0168199,0.0028358,-2.5e-06,0.0168864
0.0026853,-0.000222,0.0166658,0.0026848,-0.0002225,0.0167322
0.0023644,-0.0002241,0.0166335,0.0023639,-0.0002244,0.0167001
0.0023996,-1.7e-05,0.0159679,0.0023988,-1.73e-05,0.0160338
0.0023267,0.0008462,0.0156063,0.0023259,0.0008455,0.0156718
0.0027979,0.0007562,0.0155917,0.0027968,0.0007556,0.015657
0.0029679,0.0011373,0.015573,0.0029668,0.0011365,0.0156382
0.0023389,0.0010803,0.0152757,0.0023379,0.0010795,0.0153407
0.0017157,0.0015502,0.0155272,0.001715,0.0015493,0.0155927
0.0020257,0.0015042,0.0156154,0.002025,0.0015033,0.015681
0.0022368,0.0016663,0.0155937,0.0022359,0.0016653,0.0156591
0.0019888,0.0018373,0.0155596,0.001988,0.0018362,0.015625
0.0016367,0.0020012,0.0155955,0.0016361,0.0020002,0.015661
0.0021926,0.0018672,0.0159675,0.0021919,0.0018662,0.0160334
0.0017145,0.001816,0.0161291,0.001714,0.0018151,0.0161953
0.0020516,0.0023062,0.0159727,0.002051,0.0023051,0.0160385
0.0016076,0.0017601,0.0158031,0.001607,0.0017592,0.015869
0.0016648,0.0018894,0.0152696,0.0016641,0.0018883,0.0153347
0.0023281,0.0011744,0.0148411,0.002327,0.0011736,0.0149054
0.0025482,0.0015805,0.0149844,0.002547,0.0015795,0.0150489
0.0024632,0.0019457,0.0148138,0.002462,0.0019444,0.0148779
0.002468,0.0015394,0.01534,0.0024669,0.0015384,0.015405
0.0028935,0.0014127,0.0144952,0.002892,0.0014117,0.0145587
0.0026275,0.0018859,0.0144224,0.0026261,0.0018846,0.0144857
0.0031887,0.0005501,0.0160516,0.0031878,0.0005495,0.0161174
0.0032609,-2.39e-05,0.0156978,0.0032597,-2.43e-05,0.0157631
0.0021911,-0.0005591,0.0171323,0.0021909,-0.0005595,0.0171991
0.0018443,-0.000567,0.0168531,0.0018439,-0.0005674,0.0169198
0.0024893,-0.001477,0.0170336,0.0024889,-0.0014773,0.0171
0.0028435,-0.000362,0.016407,0.0028428,-0.0003624,0.0164732
0.0025274,-0.000745,0.0166927,0.0025269,-0.0007453,0.0167591
0.0028295,-0.000992,0.0166279,0.0028289,-0.0009923,0.0166941
0.0025925,-0.000512,0.0162509,0.0025918,-0.0005123,0.016317
0.001138,-0.0006969,0.0146132,0.0011375,-0.0006969,0.0146774
0.0015392,-0.0007409,0.0144459,0.0015385,-0.0007409,0.0145097
0.0013211,-0.0009769,0.0145157,0.0013205,-0.0009768,0.0145796
0.000688,-0.0005859,0.0145934,0.0006877,-0.000586,0.0146577
0.0003389,-0.0005769,0.0147089,0.0003387,-0.0005771,0.0147734
0.0010951,-0.0001298,0.014559,0.0010946,-0.00013,0.0146231
0.0011189,-0.0009739,0.0148602,0.0011184,-0.0009738,0.0149248
0.001469,-0.0009939,0.0148527,0.0014683,-0.0009938,0.0149172
0.0005488,-0.0011339,0.0148858,0.0005485,-0.0011338,0.0149505
0.0002668,-0.0010079,0.0148974,0.0002666,-0.0010078,0.0149622
0.0010057,-0.0009118,0.0152129,0.0010053,-0.0009118,0.0152781
0.000764,-0.0002448,0.0146613,0.0007637,-0.000245,0.0147258
0.0006208,-0.0006509,0.0149063,0.0006205,-0.000651,0.0149711
0.0001528,-0.0007689,0.014972,0.0001526,-0.0007689,0.0150369
0.0006409,-0.0003929,0.0148531,0.0006405,-0.000393,0.0149179
0.0007147,-0.0006648,0.0152444,0.0007143,-0.0006649,0.0153098
0.0007899,-0.0009289,0.0148198,0.0007895,-0.0009289,0.0148844
0.0020165,-0.0010992,0.0130334,0.0020156,-0.001099,0.0130936
0.0020903,-0.000833,0.013261,0.0020893,-0.0008329,0.0133219
0.0023636,-0.0010571,0.0130409,0.0023625,-0.0010569,0.0131011
0.0024286,-0.0006859,0.0130699,0.0024275,-0.0006858,0.0131301
0.0028488,-0.0007349,0.0131266,0.0028473,-0.0007347,0.0131868
0.0020945,-0.0005078,0.0130842,0.0020936,-0.0005078,0.0131446
0.0024796,-0.0002926,0.0131198,0.0024785,-0.0002927,0.0131802
0.0028692,-0.0008759,0.0136747,0.0028677,-0.0008757,0.0137363
0.0019471,-0.0011021,0.0133648,0.0019462,-0.0011019,0.0134259
0.001756,-0.000808,0.0134453,0.0017552,-0.0008079,0.0135067
0.002542,-0.0008749,0.0137561,0.0025407,-0.0008747,0.013818
0.0020541,-0.0005898,0.0134966,0.0020531,-0.0005898,0.0135581
0.0020588,-0.0006118,0.0138172,0.0020578,-0.0006118,0.0138795
0.0022119,-0.001032,0.0137117,0.0022108,-0.0010318,0.0137736
0.0016154,-3e-05,0.016311,0.0016149,-3.04e-05,0.0163776
0.0018093,3.9e-05,0.0165371,0.0018089,3.85e-05,0.0166038
0.0022834,0.000166,0.0163966,0.0022829,0.0001655,0.016463
0.0021013,3.99e-05,0.0167454,0.0021009,3.95e-05,0.016812
0.0020513,-0.000277,0.0167172,0.0020509,-0.0002774,0.016784
0.0016243,0.0002829,0.016543,0.0016239,0.0002824,0.0166098
0.0017782,0.0001339,0.0169031,0.0017779,0.0001334,0.01697
0.0017383,-0.0002411,0.016782,0.0017379,-0.0002415,0.0168488
0.0025408,0.0001342,0.0155983,0.0025398,0.0001337,0.0156637
0.0028119,0.0003472,0.0155946,0.0028108,0.0003467,0.0156599
0.0023178,0.0004932,0.0154892,0.0023169,0.0004926,0.0155546
0.0028957,0.0004751,0.0159185,0.0028948,0.0004746,0.0159841
0.0027807,3.61e-05,0.0159273,0.0027798,3.57e-05,0.015993
0.0025758,0.0005292,0.0156484,0.0025748,0.0005286,0.0157139
0.0026676,0.000264,0.0161901,0.0026668,0.0002636,0.0162562
0.0032203,-5.57e-05,0.0149854,0.0032188,-5.61e-05,0.0150497
0.0012652,-0.000643,0.0170726,0.001265,-0.0006434,0.0171397
0.0014204,-0.0006119,0.0162559,0.00142,-0.0006122,0.0163223
0.0012783,-0.00048,0.0164927,0.001278,-0.0004803,0.0165594
0.0016823,-0.000284,0.016484,0.0016819,-0.0002844,0.0165507
0.0013974,-0.000203,0.0163858,0.001397,-0.0002034,0.0164525
0.0012993,0.0001249,0.0164028,0.001299,0.0001245,0.0164695
0.0008063,-0.0004979,0.0164494,0.0008061,-0.0004982,0.0165162
0.0009192,-0.0001621,0.0167875,0.000919,-0.0001625,0.0168545
0.0006596,-0.002545,0.0159713,0.0006594,-0.0025447,0.0160371
0.0009737,-0.002444,0.0160114,0.0009733,-0.0024437,0.0160771
0.0010236,-0.002095,0.0160572,0.0010233,-0.0020948,0.0161231
0.0013426,-0.001981,0.0159613,0.0013422,-0.0019808,0.0160272
0.0015996,-0.001769,0.0160014,0.0015991,-0.0017689,0.0160673
0.0006056,-0.002171,0.0159891,0.0006054,-0.0021707,0.016055
0.0002896,-0.001991,0.0159139,0.0002895,-0.0019907,0.0159798
0.0010405,-0.0017619,0.0162559,0.0010402,-0.0017619,0.0163222
0.0009996,-0.002287,0.0163961,0.0009993,-0.0022869,0.0164623
0.0010846,-0.00254,0.0163863,0.0010842,-0.0025399,0.0164523
0.0013146,-0.002377,0.0162333,0.0013142,-0.0023769,0.0162993
0.0007236,-0.002491,0.0163381,0.0007233,-0.0024908,0.0164042
0.0009715,-0.002494,0.0166961,0.0009712,-0.002494,0.0167625
0.0004916,-0.0017039,0.0158978,0.0004914,-0.0017038,0.0159638
0.0007925,-0.0020059,0.0163769,0.0007923,-0.0020059,0.0164432
0.0003036,-0.0016719,0.0161236,0.0003034,-0.0016718,0.0161899
0.0006375,-0.0016189,0.0162697,0.0006373,-0.0016189,0.0163361
0.0001536,-0.0019769,0.0162187,0.0001534,-0.0019768,0.0162849
0.0002996,-0.0025791,0.0162211,0.0002995,-0.0025788,0.0162871
0.0006475,-0.002572,0.016691,0.0006473,-0.002572,0.0167573
0.0016752,-0.001364,0.017186,0.001675,-0.0013643,0.0172528
0.0022662,-0.001179,0.0171983,0.0022659,-0.0011794,0.017265
0.0016852,-0.000956,0.0171729,0.0016849,-0.0009564,0.0172398
0.0024426,-0.001508,0.0163108,0.002442,-0.0015081,0.0163768
0.0028006,-0.00138,0.016303,0.0027999,-0.0013801,0.0163689
0.0023835,-0.001552,0.0166356,0.0023829,-0.0015522,0.0167019
0.0025313,-0.001254,0.0168526,0.0025309,-0.0012543,0.016919
0.0023598,-0.000914,0.0155281,0.0023589,-0.000914,0.0155934
0.0025008,-0.0005739,0.0156811,0.0024999,-0.0005741,0.0157466
0.0028599,-0.0006359,0.0155605,0.0028588,-0.0006361,0.0156257
0.0023628,-0.0002669,0.0154741,0.0023619,-0.0002671,0.0155394
0.0026808,-0.0002679,0.0157572,0.0026798,-0.0002682,0.0158228
0.0015344,-0.001432,0.016626,0.001534,-0.0014321,0.0166926
0.0008652,-0.001199,0.0171175,0.0008651,-0.0011993,0.0171845
0.0017644,-0.002151,0.0167423,0.0017641,-0.0021511,0.0168087
0.0017105,-0.001674,0.0163723,0.0017101,-0.001674,0.0164385
0.0018034,-0.001254,0.0165052,0.001803,-0.0012542,0.0165716
0.0021284,-0.001742,0.0167345,0.002128,-0.0017422,0.0168008
0.0021626,-0.001842,0.0163436,0.002162,-0.001842,0.0164097
0.0021476,-0.001308,0.0159827,0.0021469,-0.001308,0.0160485
0.0016363,-0.000979,0.0167429,0.001636,-0.0009793,0.0168097
0.002488,-0.001358,0.0154313,0.0024869,-0.0013578,0.0154964
0.0024778,-0.001424,0.0157941,0.0024769,-0.0014239,0.0158596
0.002853,-0.001417,0.0156365,0.0028519,-0.0014169,0.0157016
0.003061,-0.001007,0.0154767,0.0030598,-0.0010069,0.0155417
0.0028778,-0.001368,0.0159892,0.0028768,-0.001368,0.0160548
0.0024546,-0.001271,0.0160859,0.0024539,-0.0012711,0.0161517
0.0008643,-0.0019219,0.0170637,0.0008642,-0.0019222,0.0171305
0.0011865,-0.002071,0.0163911,0.0011862,-0.0020709,0.0164574
0.0017226,-0.00216,0.0163924,0.0017221,-0.00216,0.0164585
0.0016476,-0.0026101,0.0162846,0.0016472,-0.0026098,0.0163504
0.0013715,-0.001691,0.0163181,0.0013711,-0.001691,0.0163844
0.0014625,-0.0013519,0.016271,0.0014621,-0.001352,0.0163374
0.0009744,-0.0021039,0.0167249,0.0009742,-0.002104,0.0167914
0.0013904,-0.001666,0.016622,0.0013901,-0.0016661,0.0166885
0.0010815,-0.0013899,0.0163348,0.0010811,-0.00139,0.0164012
0.0008524,-0.0016239,0.0166287,0.0008522,-0.001624,0.0166953
-0.0005454,-0.0024931,0.0159261,-0.0005453,-0.0024927,0.0159918
-0.0002664,-0.002335,0.0161509,-0.0002664,-0.0023348,0.0162169
-5.14e-05,-0.002154,0.0159469,-5.14e-05,-0.0021537,0.0160128
-0.0005733,-0.0016439,0.0157827,-0.0005732,-0.0016438,0.0158485
-0.0004344,-0.002468,0.0163659,-0.0004344,-0.0024679,0.016432
-2.74e-05,-0.002482,0.0162729,-2.75e-05,-0.0024818,0.016339
-0.0008934,-0.002534,0.0164029,-0.0008933,-0.0025339,0.016469
-0.0005294,-0.0016969,0.0161475,-0.0005293,-0.0016969,0.0162138
-0.0004205,-0.00249,0.0166918,-0.0004205,-0.00249,0.0167582
-0.0007504,-0.002134,0.0159629,-0.0007502,-0.0021338,0.0160288
-0.0009684,-0.001809,0.0159547,-0.0009681,-0.0018088,0.0160207
-0.0008434,-0.001654,0.0163365,-0.0008433,-0.001654,0.0164029
-0.0008624,-0.002064,0.0163377,-0.0008623,-0.0020639,0.016404
-0.0008824,-0.001851,0.0167075,-0.0008823,-0.0018511,0.0167741
-0.0006974,-0.002405,0.0162349,-0.0006973,-0.0024048,0.0163009
0.0006671,-0.0025393,0.0144875,0.0006666,-0.0025384,0.014551
0.0010971,-0.0020102,0.0145043,0.0010965,-0.0020096,0.0145679
0.0013981,-0.0021141,0.0146864,0.0013974,-0.0021135,0.0147503
0.0013432,-0.0017941,0.0145183,0.0013425,-0.0017936,0.014582
0.000602,-0.0020872,0.014554,0.0006016,-0.0020866,0.0146178
0.0001989,-0.0019622,0.0144818,0.0001988,-0.0019616,0.0145455
0.0009631,-0.0015881,0.0145108,0.0009626,-0.0015877,0.0145746
0.000976,-0.0021731,0.01483,0.0009755,-0.0021725,0.0148942
0.00095,-0.0026082,0.0149443,0.0009495,-0.0026074,0.0150085
0.0012641,-0.0024802,0.0147315,0.0012634,-0.0024794,0.0147954
0.0006539,-0.0024512,0.0148061,0.0006536,-0.0024504,0.0148702
0.0009989,-0.00168,0.0148267,0.0009985,-0.0016796,0.014891
0.0008458,-0.0024111,0.0152148,0.0008454,-0.0024105,0.0152796
0.000643,-0.0016121,0.0145446,0.0006426,-0.0016117,0.0146085
0.0007139,-0.0019981,0.0149856,0.0007135,-0.0019975,0.0150502
0.0003169,-0.0015851,0.0144634,0.0003167,-0.0015848,0.0145272
0.0005879,-0.001701,0.0148434,0.0005876,-0.0017006,0.0149078
0.0002628,-0.0022031,0.0148637,0.0002627,-0.0022025,0.014928
-9.42e-05,-0.0020701,0.0148136,-9.42e-05,-0.0020696,0.0148778
0.0007218,-0.002051,0.0153064,0.0007214,-0.0020506,0.0153715
0.0003599,-0.0025402,0.014929,0.0003596,-0.0025395,0.0149933
0.0005498,-0.0025552,0.0152078,0.0005495,-0.0025545,0.0152725
0.0009004,-0.0027789,0.0171731,0.0009002,-0.0027792,0.0172395
0.0013104,-0.0027549,0.0171362,0.0013102,-0.0027552,0.0172026
0.0009655,-0.002748,0.0165283,0.0009653,-0.0027479,0.0165944
0.0007996,-0.0029301,0.0163234,0.0007994,-0.0029298,0.0163892
0.0013177,-0.0028731,0.0162756,0.0013172,-0.0028728,0.0163413
0.0007385,-0.00286,0.0167891,0.0007383,-0.00286,0.0168554
0.0017715,-0.002692,0.0166286,0.0017711,-0.002692,0.0166946
0.0003904,-0.0025539,0.0171968,0.0003903,-0.0025542,0.0172635
0.0003805,-0.002665,0.0169079,0.0003804,-0.0026651,0.0169744
-0.0009274,-0.0023823,0.0144543,-0.000927,-0.0023815,0.0145177
-0.0005823,-0.0024963,0.0145262,-0.0005821,-0.0024955,0.0145898
-0.0002992,-0.0023472,0.0146759,-0.0002992,-0.0023465,0.0147398
-0.0003772,-0.0020682,0.0145358,-0.0003771,-0.0020676,0.0145995
-5.31e-05,-0.0022453,0.014484,-5.32e-05,-0.0022445,0.0145476
-0.0012254,-0.0021383,0.0145001,-0.0012249,-0.0021376,0.0145637
-0.0004453,-0.0017121,0.0146064,-0.0004451,-0.0017117,0.0146704
-0.0005003,-0.0012391,0.0144999,-0.0005001,-0.0012389,0.0145639
-0.0004613,-0.0024882,0.0149468,-0.0004611,-0.0024875,0.0150111
-1.72e-05,-0.0024932,0.0148109,-1.72e-05,-0.0024925,0.0148751
-0.0008603,-0.0024933,0.014812,-0.00086,-0.0024925,0.014876
-0.0004653,-0.0024511,0.0154004,-0.0004652,-0.0024506,0.0154655
-0.0007313,-0.0020912,0.0145419,-0.0007311,-0.0020906,0.0146056
-0.0008724,-0.0017451,0.0144537,-0.0008721,-0.0017447,0.0145173
-0.0007643,-0.0017331,0.0148363,-0.0007641,-0.0017327,0.0149007
-0.0009563,-0.0021161,0.0148676,-0.000956,-0.0021156,0.014932
-0.0009813,-0.0020771,0.0153603,-0.0009811,-0.0020766,0.0154253
-0.0008954,-0.0025322,0.0153755,-0.0008951,-0.0025315,0.0154405
0.0007086,-0.0025702,0.0130106,0.0007082,-0.0025692,0.0130705
0.0010357,-0.002476,0.0131375,0.0010352,-0.0024751,0.0131977
0.0011019,-0.0021179,0.0130422,0.0011013,-0.0021172,0.0131024
0.0014961,-0.0021979,0.0130837,0.0014953,-0.0021971,0.0131438
0.001356,-0.0018497,0.0130501,0.0013554,-0.0018492,0.0131104
0.0003844,-0.0004589,0.0130168,0.0003844,-0.0004591,0.0130778
0.0006335,-0.0021708,0.0131707,0.0006331,-0.0021702,0.0132313
0.0002372,-0.0021269,0.0130886,0.0002371,-0.0021264,0.013149
0.0010186,-0.0016495,0.0133611,0.0010182,-0.0016491,0.0134223
0.0008725,-0.0020646,0.0134833,0.000872,-0.0020639,0.0135447
0.0010255,-0.0024647,0.0135299,0.001025,-0.0024638,0.0135911
0.0013608,-0.0025839,0.0133077,0.0013601,-0.0025828,0.0133683
0.0008403,-0.0024315,0.0138522,0.0008398,-0.0024306,0.0139144
0.0004544,-0.0017308,0.0130891,0.0004542,-0.0017305,0.0131498
0.0006266,-0.0012915,0.0131287,0.0006263,-0.0012915,0.0131896
0.0002213,-0.0014557,0.0130318,0.0002211,-0.0014556,0.0130925
0.0006404,-0.0016565,0.0133618,0.0006402,-0.0016562,0.0134231
0.0001461,-0.0019627,0.0133689,0.000146,-0.0019622,0.0134302
-5e-06,-0.0022247,0.0134452,-5e-06,-0.002224,0.0135065
0.0006432,-0.0021124,0.0139167,0.0006428,-0.0021117,0.0139791
0.0003032,-0.0024038,0.0133806,0.000303,-0.002403,0.0134416
0.0003686,-0.0028891,0.0164072,0.0003684,-0.0028888,0.0164732
0.0006225,-0.002757,0.0164962,0.0006224,-0.0027569,0.0165622
0.0004475,-0.002576,0.016508,0.0004474,-0.0025759,0.0165742
0.0003135,-0.002363,0.0167848,0.0003134,-0.002363,0.0168513
-0.0001095,-0.002427,0.0167188,-0.0001095,-0.002427,0.0167852
0.0002945,-0.0020779,0.0165657,0.0002944,-0.002078,0.0166322
0.0010368,-0.0030242,0.015542,0.0010364,-0.0030235,0.0156069
0.0009628,-0.0026481,0.0157087,0.0009623,-0.0026476,0.015774
0.0014119,-0.0028892,0.0154811,0.0014113,-0.0028885,0.015546
0.0012328,-0.0028042,0.0157168,0.0012323,-0.0028036,0.0157821
0.0015718,-0.0025442,0.0156449,0.0015712,-0.0025436,0.0157102
0.0012478,-0.0025551,0.0155699,0.0012473,-0.0025546,0.015635
0.0009748,-0.0023641,0.0155196,0.0009744,-0.0023636,0.0155848
0.0014048,-0.0021691,0.0155547,0.0014042,-0.0021686,0.01562
0.0013337,-0.0025821,0.0159406,0.0013333,-0.0025817,0.0160062
0.0009417,-0.0028861,0.0159046,0.0009413,-0.0028856,0.0159701
0.0006017,-0.0024831,0.0155975,0.0006014,-0.0024826,0.0156628
0.0010497,-0.0027531,0.0161505,0.0010493,-0.0027527,0.0162162
0.0017508,-0.0021451,0.0157328,0.0017501,-0.0021447,0.0157982
0.0021929,-0.0020461,0.0156281,0.0021921,-0.0020457,0.0156933
0.0025129,-0.0017631,0.0156683,0.002512,-0.0017628,0.0157335
0.0020778,-0.001528,0.0156209,0.002077,-0.0015278,0.0156863
0.0016618,-0.001732,0.0156117,0.0016611,-0.0017317,0.0156771
0.0022237,-0.001687,0.0159958,0.002223,-0.0016869,0.0160616
0.0020437,-0.002175,0.0159599,0.0020431,-0.0021748,0.0160254
0.0015857,-0.002247,0.0160255,0.0015851,-0.0022468,0.0160913
0.0020808,-0.0024911,0.0160299,0.0020801,-0.0024908,0.0160954
0.0017107,-0.0014219,0.0156945,0.0017101,-0.0014218,0.0157601
0.0026658,-0.001672,0.0159781,0.0026649,-0.0016719,0.0160437
0.0014956,-0.0014519,0.0159442,0.0014951,-0.0014519,0.0160102
0.0018626,-0.0019,0.0161365,0.001862,-0.0018999,0.0162025
0.0017587,-0.0025061,0.0159558,0.0017582,-0.0025057,0.0160213
-0.0003635,-0.0026799,0.0171928,-0.0003636,-0.0026802,0.0172593
-0.0002905,-0.002716,0.0168589,-0.0002905,-0.0027161,0.0169253
0.0001484,-0.0019989,0.0171355,0.0001484,-0.0019992,0.0172024
0.0005064,-0.0019779,0.0170866,0.0005063,-0.0019782,0.0171534
0.0003334,-0.0022709,0.0171287,0.0003333,-0.0022712,0.0171954
-0.0006815,-0.0025969,0.0172387,-0.0006815,-0.0025972,0.0173053
-0.0010864,-0.0028271,0.0168969,-0.0010864,-0.0028271,0.0169631
-0.0002115,-0.0020199,0.0170635,-0.0002116,-0.0020202,0.0171303
-0.0003135,-0.0017859,0.0171504,-0.0003136,-0.0017862,0.0172173
-0.0004074,-0.0027811,0.0161781,-0.0004074,-0.0027808,0.016244
-0.0004314,-0.002729,0.0165149,-0.0004314,-0.0027289,0.0165811
3.36e-05,-0.0028181,0.0162691,3.35e-05,-0.0028178,0.0163351
3.06e-05,-0.0022099,0.0163688,3.05e-05,-0.0022099,0.0164351
-0.0005624,-0.002836,0.0167079,-0.0005624,-0.002836,0.0167741
0.0004883,-0.00129,0.0171334,0.0004882,-0.0012903,0.0172004
0.0004516,-0.0019449,0.0162578,0.0004514,-0.0019449,0.0163241
0.0002835,-0.0016629,0.0163836,0.0002834,-0.001663,0.01645
0.0007544,-0.0012079,0.0163805,0.0007542,-0.001208,0.0164471
0.0002665,-0.0016909,0.0167335,0.0002663,-0.0016911,0.0168002
0.0005755,-0.0017939,0.0167956,0.0005753,-0.0017941,0.0168623
-8.75e-05,-0.0016419,0.0167174,-8.75e-05,-0.0016421,0.0167841
0.0002625,-0.0013239,0.0167033,0.0002623,-0.0013241,0.0167701
0.0004026,-0.002304,0.0163509,0.0004024,-0.0023039,0.0164171
-2.5e-06,-0.00212,0.0166837,-2.5e-06,-0.00212,0.0167502
0.0003207,-0.0028462,0.0156706,0.0003205,-0.0028455,0.0157358
0.0007128,-0.0028752,0.0155088,0.0007125,-0.0028745,0.0155738
0.0005487,-0.0027141,0.0157065,0.0005485,-0.0027136,0.0157719
0.0002867,-0.0025411,0.0155574,0.0002865,-0.0025405,0.0156227
0.0005158,-0.002198,0.0154703,0.0005155,-0.0021976,0.0155356
0.0004476,-0.0028201,0.0161323,0.0004474,-0.0028198,0.0161981
0.0003807,-0.0025731,0.0158623,0.0003805,-0.0025726,0.0159279
-8.73e-05,-0.0024701,0.0155703,-8.73e-05,-0.0024696,0.0156356
0.0001557,-0.00212,0.0155362,0.0001556,-0.0021196,0.0156016
0.0002706,-0.002297,0.016069,0.0002705,-0.0022968,0.016135
-0.0001854,-0.0025361,0.0159711,-0.0001854,-0.0025357,0.0160369
-0.0018475,-0.0027332,0.0163831,-0.0018471,-0.002733,0.0164489
-0.0015885,-0.0027892,0.0163681,-0.0015882,-0.002789,0.0164339
-0.0013094,-0.0026921,0.0163161,-0.0013092,-0.0026919,0.0163819
-0.0015914,-0.0025381,0.0162681,-0.0015911,-0.0025379,0.0163339
-0.0011344,-0.0023601,0.0162689,-0.0011342,-0.0023599,0.0163349
-0.0019885,-0.0025642,0.0161712,-0.001988,-0.0025639,0.0162368
-0.0014904,-0.0021751,0.0162599,-0.0014901,-0.0021749,0.0163259
-0.0012144,-0.0027781,0.016634,-0.0012143,-0.002778,0.0167001
-0.0014064,-0.0024821,0.0165599,-0.0014062,-0.002482,0.016626
-0.0019844,-0.0021371,0.0161831,-0.001984,-0.002137,0.0162489
-0.0017794,-0.0030111,0.016915,-0.0017793,-0.0030112,0.016981
-0.0017845,-0.0027592,0.0160783,-0.001784,-0.0027588,0.0161438
-0.0023445,-0.0010441,0.0159901,-0.0023438,-0.0010442,0.0160559
-0.0020294,-0.001064,0.0158919,-0.0020288,-0.0010641,0.0159578
-0.0017404,-0.000942,0.0159837,-0.0017399,-0.0009421,0.0160498
-0.0014114,-0.001075,0.0159056,-0.001411,-0.001075,0.0159716
-0.0016153,-0.000657,0.0159336,-0.0016149,-0.0006572,0.0159997
-0.0015574,-0.001129,0.0161956,-0.001557,-0.0011291,0.0162619
-0.0019694,-0.000667,0.0159238,-0.0019688,-0.0006672,0.0159898
-0.0023214,-0.0007271,0.01593,-0.0023208,-0.0007272,0.0159959
-0.0020024,-0.0002821,0.0160468,-0.0020019,-0.0002824,0.0161129
-0.0020244,-0.0005521,0.0162667,-0.0020239,-0.0005523,0.0163331
-0.0019494,-0.0011031,0.0162967,-0.001949,-0.0011032,0.016363
-0.0023874,-0.0010281,0.0163629,-0.002387,-0.0010283,0.0164291
-0.0022714,-0.0004931,0.0160819,-0.0022709,-0.0004933,0.016148
-0.0023304,-0.0006521,0.0163559,-0.00233,-0.0006524,0.0164221
-0.0015833,-0.0007171,0.0163485,-0.001583,-0.0007173,0.016415
-0.0022454,-0.0002871,0.0163148,-0.0022449,-0.0002874,0.0163812
-0.0022544,-0.0007661,0.0166677,-0.0022541,-0.0007664,0.0167342
-0.0021294,-0.0013981,0.0162688,-0.0021289,-0.0013982,0.016335
-0.0023184,-0.0010171,0.0168047,-0.0023181,-0.0010174,0.0168712
-0.0010874,-0.001935,0.0170525,-0.0010874,-0.0019352,0.0171192
-0.0010694,-0.0028381,0.0164041,-0.0010693,-0.0028379,0.01647
-0.0008234,-0.0029111,0.0162571,-0.0008233,-0.0029108,0.016323
-0.0006584,-0.0027291,0.016402,-0.0006583,-0.0027289,0.016468
-0.0011234,-0.0025931,0.0164679,-0.0011233,-0.002593,0.016534
-0.0012144,-0.001825,0.0162876,-0.0012142,-0.001825,0.0163539
-0.0010154,-0.002415,0.0166908,-0.0010153,-0.002415,0.0167571
-0.0010584,-0.0026391,0.0162351,-0.0010582,-0.0026388,0.0163009
-0.0003875,-0.0012259,0.0168962,-0.0003875,-0.0012262,0.0169632
-0.0003834,-0.0013089,0.0162454,-0.0003834,-0.001309,0.0163118
-3.54e-05,-0.0013549,0.0162684,-3.55e-05,-0.0013549,0.0163349
-0.0001675,-0.0012379,0.0164773,-0.0001675,-0.001238,0.016544
2.66e-05,-0.0006487,0.0162261,2.65e-05,-0.000649,0.0162927
-0.0005985,-0.0014499,0.0166083,-0.0005984,-0.0014501,0.016675
-0.0001665,-0.0009909,0.0166722,-0.0001665,-0.0009912,0.0167391
-0.0005344,-0.0007389,0.0165822,-0.0005343,-0.0007392,0.016649
-0.0007894,-0.000988,0.0145308,-0.0007891,-0.0009879,0.0145948
-0.0003723,-0.0008641,0.0144833,-0.0003722,-0.000864,0.0145474
-0.0004203,-0.000606,0.014577,-0.0004203,-0.0006061,0.0146413
-4.82e-05,-0.00066,0.0146559,-4.83e-05,-0.0006601,0.0147203
-0.0007624,-0.000569,0.0145913,-0.0007622,-0.000569,0.0146556
-0.0012615,-0.000726,0.0144481,-0.001261,-0.0007259,0.014512
-0.0004804,-0.0002879,0.0145238,-0.0004803,-0.0002881,0.014588
-0.0003253,-0.0007199,0.01481,-0.0003252,-0.00072,0.0148747
-0.0004243,-0.0010059,0.0148104,-0.0004241,-0.0010059,0.014875
-7.22e-05,-0.0009949,0.0147754,-7.23e-05,-0.0009949,0.0148399
-0.0012414,-0.001178,0.0148731,-0.0012409,-0.0011778,0.0149376
-0.0004352,-0.0009338,0.0152683,-0.0004352,-0.0009338,0.0153336
-0.0008063,-0.0006859,0.0148784,-0.0008061,-0.000686,0.0149431
-0.0007023,-0.0003119,0.0148919,-0.0007021,-0.0003121,0.0149568
-0.0008722,-0.0008458,0.0152704,-0.000872,-0.0008459,0.0153357
-0.0008703,-0.001347,0.0147061,-0.00087,-0.0013468,0.0147704
-0.0004904,-0.0018809,0.0164855,-0.0004904,-0.001881,0.016552
-0.0001874,-0.002005,0.0163016,-0.0001875,-0.0020049,0.016368
-6.14e-05,-0.0016749,0.0162585,-6.15e-05,-0.0016749,0.0163249
-0.0004624,-0.0017829,0.0168334,-0.0004625,-0.0017831,0.0169002
-0.0002794,-0.002247,0.0164867,-0.0002794,-0.0022469,0.0165531
-0.0004343,-0.0028742,0.0154416,-0.0004342,-0.0028735,0.0155066
2.27e-05,-0.0028411,0.0155756,2.26e-05,-0.0028405,0.0156407
-0.0001173,-0.0028531,0.0159733,-0.0001174,-0.0028527,0.0160389
-0.0007604,-0.0023411,0.0156042,-0.0007602,-0.0023406,0.0156696
-0.0004893,-0.002081,0.0153752,-0.0004892,-0.0020806,0.0154403
-0.0004253,-0.0029994,0.0148193,-0.0004251,-0.0029983,0.0148832
-0.0004302,-0.0027653,0.0150959,-0.0004302,-0.0027644,0.0151604
-1.92e-05,-0.0028883,0.0148473,-1.92e-05,-0.0028874,0.0149112
-0.0001982,-0.0027222,0.01499,-0.0001982,-0.0027214,0.0150543
0.0001368,-0.0029833,0.015186,0.0001367,-0.0029824,0.0152505
-0.0009675,-0.0025181,0.0131193,-0.0009671,-0.0025172,0.0131794
-0.0006013,-0.0025101,0.0131031,-0.0006011,-0.0025092,0.0131633
-0.000169,-0.002369,0.0131158,-0.000169,-0.0023683,0.0131762
-0.000125,-0.0020279,0.0131323,-0.000125,-0.0020274,0.0131929
-0.0011677,-0.0021009,0.0131098,-0.0011673,-0.0021002,0.0131701
-0.0007245,-0.0014336,0.0130807,-0.0007244,-0.0014335,0.0131415
-0.0004502,-0.0025128,0.0134535,-0.0004501,-0.0025119,0.0135147
-4.2e-05,-0.0025669,0.0133847,-4.2e-05,-0.0025659,0.0134457
-0.0008034,-0.0026419,0.0134808,-0.000803,-0.0026408,0.0135419
-0.0004363,-0.0015265,0.0134453,-0.0004362,-0.0015263,0.0135069
-0.0003842,-0.0024686,0.013792,-0.0003841,-0.0024677,0.013854
-0.0007185,-0.001812,0.0128585,-0.0007183,-0.0018116,0.0129185
-0.0007164,-0.0017206,0.0134266,-0.0007162,-0.0017201,0.0134881
-0.0007924,-0.0020656,0.013495,-0.0007921,-0.002065,0.0135564
-0.0007334,-0.0023468,0.0134264,-0.0007331,-0.0023459,0.0134876
-0.0009244,-0.0022475,0.0137729,-0.000924,-0.0022467,0.0138349
-0.0019294,-0.0019991,0.0170647,-0.0019293,-0.0019993,0.0171312
-0.0017644,-0.001738,0.0170796,-0.0017643,-0.0017383,0.0171462
-0.0006105,-0.001276,0.0171452,-0.0006105,-0.0012763,0.0172122
-0.0009014,-0.001365,0.0166863,-0.0009013,-0.0013652,0.0167531
-0.0010704,-0.001127,0.0168983,-0.0010703,-0.0011273,0.0169652
-0.0016454,-0.0017891,0.0167826,-0.0016452,-0.0017892,0.0168491
-0.0015924,-0.00221,0.0167417,-0.0015922,-0.0022102,0.0168081
-0.0012344,-0.0021671,0.015939,-0.0012341,-0.0021668,0.0160048
-0.0012084,-0.0028463,0.0154027,-0.001208,-0.0028455,0.0154675
-0.0010524,-0.0026522,0.0156664,-0.0010521,-0.0026516,0.0157316
-0.0007584,-0.0027572,0.0155835,-0.0007582,-0.0027566,0.0156486
-0.0011544,-0.0023791,0.0155533,-0.0011541,-0.0023786,0.0156186
-0.0011674,-0.0029592,0.0158124,-0.0011671,-0.0029586,0.0158777
-0.0016045,-0.0025242,0.0154536,-0.0016039,-0.0025236,0.0155185
-0.0014174,-0.0021051,0.0155353,-0.0014169,-0.0021047,0.0156005
-0.0012554,-0.0025491,0.0160022,-0.0012551,-0.0025488,0.0160678
-0.0016924,-0.0024292,0.0159832,-0.001692,-0.0024288,0.0160488
-0.0010824,-0.0028332,0.0161092,-0.0010822,-0.0028328,0.0161749
-0.0025534,-0.0019601,0.0170439,-0.0025532,-0.0019604,0.0171102
-0.0025894,-0.0023671,0.0171959,-0.0025892,-0.0023674,0.0172621
-0.0017284,-0.0012421,0.0170045,-0.0017282,-0.0012424,0.0170712
-0.0014254,-0.00144,0.0162756,-0.0014251,-0.0014401,0.0163419
-0.0016914,-0.001287,0.0164426,-0.0016911,-0.0012872,0.016509
-0.0012403,-0.001075,0.0163064,-0.0012401,-0.0010751,0.0163729
-0.0015654,-0.00133,0.0167565,-0.0015652,-0.0013303,0.0168231
-0.0016934,-0.001,0.0166205,-0.0016931,-0.0010003,0.0166871
-0.0019214,-0.0007351,0.0165836,-0.0019211,-0.0007354,0.0166501
-0.0022147,-0.001008,0.0144522,-0.0022137,-0.0010078,0.0145157
-0.0019386,-0.001107,0.0145139,-0.0019378,-0.0011068,0.0145776
-0.0017396,-0.000904,0.0145586,-0.0017388,-0.0009039,0.0146225
-0.0014895,-0.0011,0.0145095,-0.0014889,-0.0010998,0.0145733
-0.0015575,-0.0006379,0.0146013,-0.0015569,-0.000638,0.0146654
-0.0022727,-0.0007339,0.0145701,-0.0022717,-0.0007339,0.0146338
-0.0015654,-0.000703,0.014965,-0.0015648,-0.000703,0.0150298
-0.0016495,-0.001062,0.0148394,-0.0016488,-0.0010619,0.0149038
-0.0019496,-0.0007089,0.0145048,-0.0019488,-0.0007089,0.0145685
-0.0019446,-0.0003419,0.0146816,-0.0019438,-0.000342,0.0147457
-0.0019596,-3.8e-06,0.0145867,-0.0019588,-4.1e-06,0.0146507
-0.0020366,-0.0006039,0.0148336,-0.0020357,-0.000604,0.014898
-0.0024116,-0.0010211,0.014788,-0.0024106,-0.0010209,0.0148521
-0.0019965,-0.001031,0.0152913,-0.0019957,-0.001031,0.0153563
-0.0018804,-0.00109,0.015603,-0.0018798,-0.00109,0.0156685
-0.0022487,-0.0004739,0.0146309,-0.0022477,-0.000474,0.0146949
-0.0023156,-0.000655,0.0148638,-0.0023146,-0.000655,0.0149281
-0.0022726,-0.0002759,0.0148288,-0.0022717,-0.0002761,0.0148931
-0.0022335,-0.000739,0.0151425,-0.0022327,-0.000739,0.0152073
-0.0024037,-0.0013421,0.014905,-0.0024026,-0.0013418,0.0149692
-0.0022665,-0.0011,0.0151426,-0.0022657,-0.0010999,0.0152073
-0.0015654,-0.001725,0.0162008,-0.001565,-0.001725,0.0162669
-0.0019514,-0.0017121,0.0163349,-0.001951,-0.0017121,0.016401
-0.0022654,-0.0018101,0.016252,-0.002265,-0.0018101,0.016318
-0.0024684,-0.0017811,0.0166319,-0.0024681,-0.0017812,0.0166981
-0.0018594,-0.0023261,0.016424,-0.0018591,-0.002326,0.01649
-0.0020285,-0.0026193,0.0155767,-0.0020279,-0.0026187,0.0156416
-0.0022545,-0.0020812,0.0155436,-0.0022538,-0.0020808,0.0156086
-0.0019775,-0.0025022,0.0159063,-0.0019769,-0.0025018,0.0159717
-0.0016035,-0.0026333,0.0148113,-0.0016028,-0.0026325,0.0148751
-0.0013544,-0.0027784,0.0148293,-0.0013539,-0.0027775,0.0148932
-0.0012194,-0.0023952,0.014853,-0.001219,-0.0023945,0.0149171
-0.0019166,-0.0024053,0.0148522,-0.0019158,-0.0024046,0.0149162
-0.0014934,-0.0022122,0.0148429,-0.0014929,-0.0022115,0.014907
-0.0012154,-0.0028784,0.0150711,-0.001215,-0.0028774,0.0151353
-0.0019756,-0.0021273,0.0146543,-0.0019748,-0.0021266,0.014718
-0.0018466,-0.0027204,0.0146676,-0.0018458,-0.0027195,0.0147311
-0.0026254,-0.0015791,0.0170129,-0.0026252,-0.0015794,0.0170792
-0.0025913,-0.0010762,0.0171818,-0.0025912,-0.0010765,0.0172483
-0.0025384,-0.0012101,0.0169168,-0.0025381,-0.0012104,0.0169833
-0.0026185,-0.0023812,0.0162782,-0.0026179,-0.002381,0.0163439
-0.0025363,-0.0003512,0.0171818,-0.0025362,-0.0003517,0.0172485
-0.0025213,-0.0005622,0.0169378,-0.0025211,-0.0005626,0.0170044
-0.0024104,-0.0014091,0.0164709,-0.00241,-0.0014092,0.0165371
-0.0027515,-0.0008601,0.0163451,-0.0027509,-0.0008603,0.0164111
-0.0026554,-0.0011401,0.016455,-0.002655,-0.0011403,0.0165211
-0.0027324,-0.0010192,0.0167319,-0.002732,-0.0010194,0.0167983
-0.0027484,-0.0006392,0.0167909,-0.002748,-0.0006395,0.0168573
-0.0025565,-0.0012731,0.0161461,-0.0025559,-0.0012732,0.016212
-0.0026386,-0.0019822,0.0155817,-0.0026377,-0.0019818,0.0156466
-0.0024746,-0.0017181,0.0155036,-0.0024737,-0.0017179,0.0155686
-0.0021285,-0.0016281,0.0155434,-0.0021278,-0.0016279,0.0156086
-0.0023905,-0.0014321,0.0155634,-0.0023897,-0.0014319,0.0156287
-0.0022985,-0.0022282,0.0160113,-0.0022979,-0.0022279,0.0160768
-0.0027076,-0.0014432,0.0154277,-0.0027066,-0.001443,0.0154926
-0.0026026,-0.0023753,0.0156767,-0.0026018,-0.0023748,0.0157416
-0.0018415,-0.0019391,0.0155703,-0.0018408,-0.0019388,0.0156356
-0.0015394,-0.001733,0.0155291,-0.0015389,-0.0017328,0.0155945
-0.0016494,-0.0021081,0.0158831,-0.001649,-0.0021078,0.0159487
-0.0012064,-0.001823,0.015625,-0.001206,-0.0018228,0.0156905
-0.0014733,-0.001267,0.0155609,-0.0014729,-0.0012669,0.0156264
-0.0018704,-0.0017431,0.0159391,-0.0018699,-0.0017429,0.0160048
-0.0018924,-0.0013791,0.015732,-0.0018919,-0.001379,0.0157976
-0.0019435,-0.0023092,0.0156115,-0.0019429,-0.0023088,0.0156766
-0.0030686,0.0001719,0.0162154,-0.0030678,0.0001715,0.0162813
-0.0030386,0.0005439,0.0162115,-0.0030378,0.0005434,0.0162774
-0.0027365,0.0004599,0.0162173,-0.0027359,0.0004594,0.0162834
-0.0030246,0.0008919,0.0162986,-0.0030239,0.0008913,0.0163645
-0.0029985,-6.12e-05,0.0166251,-0.002998,-6.16e-05,0.0166914
-0.0031135,0.0003788,0.0166533,-0.003113,0.0003783,0.0167195
-0.0033066,0.0003999,0.0162855,-0.0033058,0.0003994,0.0163513
-0.0032596,-0.0001251,0.0162694,-0.0032588,-0.0001255,0.0163352
-0.0029045,-0.0002611,0.0162133,-0.0029038,-0.0002614,0.0162792
-0.0021837,0.0004763,0.0144782,-0.0021828,0.0004758,0.0145419
-0.0017996,0.0004123,0.0145777,-0.0017989,0.0004118,0.0146417
-0.0014136,0.0004244,0.0144583,-0.0014131,0.0004239,0.0145222
-0.0016346,0.0011875,0.0145251,-0.0016339,0.0011867,0.014589
-0.0015986,-0.0002368,0.0145433,-0.0015979,-0.000237,0.0146073
-0.0016045,0.0004302,0.0149522,-0.0016038,0.0004297,0.015017
-0.0019047,0.0009074,0.0145341,-0.0019039,0.0009067,0.014598
-0.0023037,0.0008794,0.0145634,-0.0023027,0.0008787,0.0146272
-0.0019077,0.0012585,0.0144364,-0.0019068,0.0012577,0.0145001
-0.0018345,0.0010443,0.0149038,-0.0018338,0.0010435,0.0149684
-0.0019775,0.0004682,0.0149116,-0.0019768,0.0004677,0.0149762
-0.0022496,0.0006082,0.014865,-0.0022487,0.0006077,0.0149294
-0.0021656,0.0001792,0.0148397,-0.0021647,0.0001788,0.0149041
-0.0019125,0.0007432,0.0151585,-0.0019118,0.0007425,0.0152235
-0.0021858,0.0011925,0.0143877,-0.0021848,0.0011917,0.0144512
-0.0015235,0.0008193,0.0148504,-0.0015229,0.0008186,0.014915
-0.0023937,0.0013134,0.0147046,-0.0023927,0.0013125,0.0147686
-0.0022996,0.0007882,0.0151878,-0.0022987,0.0007875,0.0152527
-0.0022175,0.0004111,0.0151956,-0.0022167,0.0004106,0.0152606
-0.0034575,-0.0005112,0.0164953,-0.0034569,-0.0005115,0.0165612
-0.0030175,-0.0006111,0.0163582,-0.0030169,-0.0006114,0.0164242
-0.0026024,-0.0004571,0.016319,-0.0026019,-0.0004574,0.0163852
-0.0030794,-0.0006132,0.0167651,-0.003079,-0.0006135,0.0168313
-0.0033765,-0.0005152,0.0167722,-0.003376,-0.0005155,0.0168383
-0.0032156,-0.0005101,0.0161244,-0.0032148,-0.0005104,0.0161901
-0.0022914,-0.0009862,0.013094,-0.0022905,-0.000986,0.0131543
-0.0020253,-0.0011313,0.0130667,-0.0020245,-0.0011311,0.013127
-0.0017832,-0.0009562,0.0131352,-0.0017826,-0.0009561,0.0131959
-0.0015611,-0.0011844,0.0130802,-0.0015606,-0.0011842,0.0131408
-0.0015411,-0.0007491,0.0131378,-0.0015407,-0.0007491,0.0131987
-0.0016482,-0.0002757,0.0132098,-0.0016477,-0.0002759,0.0132708
-0.0014929,-0.0011112,0.0134795,-0.0014923,-0.0011111,0.0135411
-0.0015607,-0.0010191,0.0139231,-0.0015601,-0.0010189,0.0139857
-0.0019693,-0.000706,0.0131344,-0.0019686,-0.000706,0.013195
-0.0023164,-0.000645,0.0131918,-0.0023155,-0.0006449,0.0132524
-0.0023242,-0.000653,0.0135253,-0.0023231,-0.0006529,0.0135868
-0.0020183,-0.0003168,0.0132692,-0.0020175,-0.0003169,0.0133302
-0.002086,-0.000784,0.0136069,-0.0020852,-0.0007839,0.0136687
-0.001962,-0.0010591,0.0134491,-0.0019613,-0.001059,0.0135104
-0.0023872,-0.0009651,0.0134905,-0.0023861,-0.0009649,0.0135518
-0.0019379,-0.000911,0.0138395,-0.001937,-0.0009109,0.0139018
-0.0015689,-0.000682,0.0135254,-0.0015684,-0.000682,0.0135871
-0.0023422,-0.0003698,0.0134644,-0.0023412,-0.0003699,0.0135257
-0.002256,-0.000706,0.0138458,-0.002255,-0.0007059,0.0139081
-0.0024072,-0.0013823,0.0134968,-0.002406,-0.0013818,0.013558
-0.0023449,-0.0010081,0.0140148,-0.0023438,-0.0010078,0.0140774
-0.0018964,-0.0003491,0.0162826,-0.001896,-0.0003494,0.016349
-0.0026825,9.2e-05,0.0160553,-0.0026818,9.15e-05,0.0161212
-0.0025674,-0.0002582,0.0168078,-0.0025671,-0.0002586,0.0168744
-0.0022834,-0.0003952,0.0167037,-0.0022831,-0.0003955,0.0167703
-0.0021945,-0.0013031,0.0156962,-0.0021938,-0.001303,0.0157617
-0.0023495,-0.0011341,0.0154934,-0.0023487,-0.001134,0.0155586
-0.0022605,-0.0015031,0.0159071,-0.0022598,-0.001503,0.0159728
-0.0028236,-0.0011671,0.0154997,-0.0028226,-0.001167,0.0155647
-0.0021915,-0.000805,0.0155532,-0.0021907,-0.0008051,0.0156186
-0.0028196,-0.0008731,0.0155316,-0.0028187,-0.0008731,0.0155968
-0.0026755,-0.0009601,0.0159602,-0.0026748,-0.0009602,0.016026
-0.0027255,-0.0006471,0.0158084,-0.0027247,-0.0006472,0.015874
-0.0022967,-0.0021313,0.0148323,-0.0022957,-0.0021306,0.0148962
-0.0025207,-0.0016652,0.0148183,-0.0025196,-0.0016647,0.0148822
-0.0020866,-0.0017432,0.0146572,-0.0020857,-0.0017427,0.014721
-0.0022876,-0.0018132,0.0151238,-0.0022867,-0.0018127,0.0151884
-0.0029138,-0.0014392,0.0148244,-0.0029125,-0.0014388,0.0148883
-0.0026287,-0.0023504,0.0149823,-0.0026276,-0.0023496,0.0150463
-0.0019113,-0.0004502,0.0171005,-0.0019112,-0.0004506,0.0171674
-0.0025693,0.0002917,0.0170989,-0.0025692,0.0002913,0.0171656
-0.0026313,-4.83e-05,0.0171518,-0.0026312,-4.87e-05,0.0172185
-0.0034357,-0.0005131,0.0157138,-0.0034346,-0.0005133,0.0157789
-0.0030887,-0.0006841,0.0156537,-0.0030876,-0.0006842,0.0157189
-0.0031237,-0.000363,0.0155528,-0.0031226,-0.0003633,0.0156179
-0.0027256,-0.000241,0.0154337,-0.0027246,-0.0002413,0.0154988
-0.0029296,3.3e-05,0.0155467,-0.0029286,3.26e-05,0.0156119
-0.0031236,-0.0002261,0.0159125,-0.0031227,-0.0002264,0.0159781
-0.0029365,-0.0006221,0.0159873,-0.0029358,-0.0006223,0.016053
-0.0032878,-0.00058,0.015404,-0.0032866,-0.0005802,0.0154688
-0.0019253,0.0002667,0.0170556,-0.0019252,0.0002663,0.0171225
-0.0017783,-5.42e-05,0.0171084,-0.0017782,-5.47e-05,0.0171754
-0.0022464,0.0009676,0.017126,-0.0022463,0.0009671,0.0171928
-0.0026525,0.0008548,0.0166592,-0.0026521,0.0008542,0.0167256
-0.0025024,0.0002959,0.0162981,-0.0025019,0.0002954,0.0163643
-0.0021974,-1.22e-05,0.0166437,-0.002197,-1.26e-05,0.0167103
-0.0025145,0.0006728,0.0163822,-0.002514,0.0006723,0.0164485
-0.0027775,0.0007889,0.0163314,-0.0027769,0.0007883,0.0163975
-0.0025494,-9.91e-05,0.016405,-0.0025489,-9.95e-05,0.0164713
-0.0032348,0.000247,0.015545,-0.0032336,0.0002466,0.01561
-0.0022214,3e-06,0.0155132,-0.0022207,2.7e-06,0.0155787
-0.0030357,0.0004931,0.015458,-0.0030346,0.0004925,0.015523
-0.0029936,5.7e-05,0.0158975,-0.0029927,5.65e-05,0.0159631
-0.0026086,0.0005261,0.0153078,-0.0026076,0.0005256,0.0153729
-0.0029716,0.000488,0.0158526,-0.0029707,0.0004875,0.0159182
-0.0032897,-8.9e-05,0.0156449,-0.0032886,-8.94e-05,0.01571
-0.0028338,0.0001672,0.0148264,-0.0028325,0.0001668,0.0148905
-0.0031489,0.0002722,0.0148256,-0.0031475,0.0002717,0.0148896
-0.0030988,0.0005933,0.0148956,-0.0030975,0.0005926,0.0149597
-0.0028278,0.0005292,0.0148235,-0.0028266,0.0005287,0.0148876
-0.0029038,0.0009073,0.0147917,-0.0029026,0.0009066,0.0148557
-0.0030898,-0.000253,0.015267,-0.0030886,-0.0002532,0.0153317
-0.0032479,-8.99e-05,0.0148995,-0.0032465,-9.02e-05,0.0149636
-0.0029178,-0.0002639,0.0147984,-0.0029165,-0.0002641,0.0148624
-0.0022346,0.0004258,0.0129781,-0.0022338,0.0004254,0.0130382
-0.0020395,0.000633,0.0129819,-0.0020388,0.0006325,0.0130422
-0.0019104,0.0004348,0.0130614,-0.0019098,0.0004344,0.013122
-0.0016722,0.0005008,0.013192,-0.0016717,0.0005004,0.013253
-0.0014142,0.0004749,0.0130029,-0.0014139,0.0004746,0.0130636
-0.0015582,0.0008261,0.0130692,-0.0015577,0.0008256,0.01313
-0.001564,0.0011992,0.0132504,-0.0015635,0.0011985,0.0133115
-0.0015512,4.75e-05,0.0131697,-0.0015508,4.72e-05,0.0132307
-0.0022685,5.35e-05,0.0131118,-0.0022676,5.33e-05,0.0131723
-0.0013269,-1.96e-05,0.013479,-0.0013266,-1.99e-05,0.0135409
-0.001433,0.0004187,0.0134124,-0.0014326,0.0004183,0.0134741
-0.0018523,0.000773,0.0130765,-0.0018517,0.0007725,0.0131372
-0.0021894,0.000812,0.0131629,-0.0021885,0.0008114,0.0132236
-0.0020574,0.0010742,0.0130162,-0.0020567,0.0010736,0.0130765
-0.0018051,0.000893,0.0133532,-0.0018044,0.0008923,0.0134145
-0.0018391,0.0005197,0.0134998,-0.0018384,0.0005192,0.0135616
-0.0024482,0.0002755,0.0135425,-0.0024471,0.0002751,0.013604
-0.0019501,0.0001705,0.0135218,-0.0019494,0.0001702,0.0135835
-0.0017999,0.0004015,0.0137754,-0.0017992,0.0004011,0.0138378
-0.0022793,0.0013051,0.0133672,-0.0022782,0.0013042,0.0134283
-0.0021691,0.0008758,0.0135105,-0.0021682,0.0008752,0.013572
-0.001421,0.000811,0.0133487,-0.0014206,0.0008105,0.0134102
-0.002253,0.0006376,0.013829,-0.002252,0.000637,0.0138913
-0.0021733,0.0004437,0.0133514,-0.0021724,0.0004432,0.0134126
-0.0021721,-3.06e-05,0.0135121,-0.0021713,-3.09e-05,0.0135736
-0.0014073,-0.000855,0.0161725,-0.001407,-0.0008552,0.0162388
-0.0016083,-0.0002991,0.0162905,-0.001608,-0.0002994,0.016357
-0.0013043,-0.000215,0.0161324,-0.001304,-0.0002154,0.0161988
-0.0014603,1.39e-05,0.0164334,-0.0014601,1.35e-05,0.0165001
-0.0015073,-0.0006571,0.0167364,-0.0015071,-0.0006574,0.0168032
-0.0012613,-0.000738,0.0165223,-0.0012611,-0.0007383,0.016589
-0.0014783,-0.0003251,0.0165374,-0.0014781,-0.0003255,0.0166041
-0.0017753,-0.0004891,0.0167675,-0.0017751,-0.0004895,0.0168342
-0.0017733,-0.000515,0.0161516,-0.0017729,-0.0005153,0.0162179
-0.0024855,-0.000747,0.0156643,-0.0024847,-0.0007472,0.0157298
-0.0019924,-0.000615,0.01564,-0.0019918,-0.0006152,0.0157056
-0.0023505,-0.000375,0.0155553,-0.0023497,-0.0003752,0.0156207
-0.0019684,-0.0003109,0.0153541,-0.0019677,-0.0003112,0.0154194
-0.0023625,-0.000213,0.0159151,-0.0023618,-0.0002134,0.015981
-0.0026005,-0.000404,0.0156784,-0.0025997,-0.0004043,0.0157439
-0.0026966,0.000328,0.0156166,-0.0026957,0.0003275,0.015682
-0.0026155,-0.0003391,0.0160172,-0.0026148,-0.0003394,0.016083
-0.0026034,-0.0006611,0.0161181,-0.0026028,-0.0006613,0.0161841
-0.0025006,-0.000576,0.0153445,-0.0024997,-0.0005761,0.0154096
-0.0030738,-0.000656,0.0149633,-0.0030725,-0.000656,0.0150275
-0.0026077,-0.0003469,0.0148361,-0.0026066,-0.0003471,0.0149003
-0.0030447,-0.000614,0.015267,-0.0030436,-0.0006141,0.0153317
-0.0028077,-0.000782,0.015134,-0.0028066,-0.000782,0.0151985
-0.003331,-0.000489,0.0147418,-0.0033295,-0.000489,0.0148055
-0.0016723,0.0003219,0.0164626,-0.0016721,0.0003214,0.0165292
-0.0011993,0.0002359,0.0163124,-0.0011991,0.0002354,0.016379
-0.0016023,8.88e-05,0.0167874,-0.0016022,8.84e-05,0.0168543
-0.0013513,0.0003998,0.0166994,-0.0013512,0.0003993,0.0167663
-0.0018583,-9.51e-05,0.0163916,-0.001858,-9.55e-05,0.0164581
-0.0026875,0.0011229,0.0163065,-0.0026869,0.0011222,0.0163726
-0.0020004,0.0012459,0.0162802,-0.002,0.0012452,0.0163466
-0.0024115,0.0015379,0.0162955,-0.002411,0.0015372,0.0163617
-0.0028306,0.0015939,0.0162668,-0.00283,0.0015931,0.0163327
-0.0022225,0.0012878,0.0166702,-0.0022221,0.0012871,0.0167368
-0.0026995,0.0015928,0.0166365,-0.0026991,0.0015921,0.0167028
-0.0026836,0.000815,0.0159995,-0.0026828,0.0008144,0.0160653
-0.0022465,0.000395,0.0156433,-0.0022458,0.0003945,0.0157089
-0.0019804,0.0004561,0.0154123,-0.0019798,0.0004556,0.0154777
-0.0018154,0.000986,0.0156073,-0.0018149,0.0009853,0.015673
-0.0021915,0.0009031,0.0155096,-0.0021908,0.0009024,0.015575
-0.0028337,0.0008131,0.0155519,-0.0028327,0.0008124,0.0156171
-0.0025575,-2.6e-05,0.0156824,-0.0025567,-2.64e-05,0.0157479
-0.0018304,0.0005997,0.0170876,-0.0018302,0.0005992,0.0171546
-0.0012324,0.0010318,0.0163917,-0.0012322,0.0010311,0.0164584
-0.0016345,0.0017039,0.0162774,-0.0016341,0.0017031,0.0163437
-0.0015584,0.0012899,0.0162061,-0.0015581,0.0012891,0.0162724
-0.0012374,0.0012689,0.016089,-0.0012371,0.0012682,0.0161553
-0.0015344,0.0006998,0.0166416,-0.0015342,0.0006992,0.0167084
-0.0015275,0.0018307,0.0166493,-0.0015273,0.00183,0.016716
-0.0017664,0.0011578,0.01633,-0.0017661,0.0011572,0.0163965
-0.0019855,0.0016689,0.0162965,-0.0019851,0.0016681,0.0163627
-0.0015224,0.0011458,0.0165639,-0.0015222,0.0011451,0.0166306
-0.0019195,0.0016558,0.0166863,-0.0019192,0.001655,0.0167529
-0.0023926,0.0016682,0.0155571,-0.0023918,0.0016672,0.0156224
-0.0023256,0.0012871,0.0155608,-0.0023248,0.0012863,0.0156262
-0.0019065,0.0013391,0.0155117,-0.0019059,0.0013383,0.0155771
-0.0027467,0.0016712,0.0156062,-0.0027458,0.0016702,0.0156714
-0.0026976,0.0017161,0.01597,-0.0026969,0.0017152,0.0160356
-0.0024816,0.000706,0.0156186,-0.0024808,0.0007054,0.0156841
-0.0030386,0.000825,0.0159527,-0.0030378,0.0008244,0.0160184
-0.0026016,0.0009112,0.015226,-0.0026007,0.0009105,0.0152909
-0.0012264,0.0012387,0.0167628,-0.0012263,0.0012381,0.0168297
-0.0011184,0.0006437,0.0170765,-0.0011183,0.0006432,0.0171435
-0.0027529,0.0016006,0.0146591,-0.0027516,0.0015995,0.0147229
-0.0021677,0.0016115,0.0147337,-0.0021668,0.0016104,0.0147978
-0.0024317,0.0016035,0.0148567,-0.0024307,0.0016024,0.0149209
-0.0023568,0.0019696,0.014782,-0.0023557,0.0019684,0.0148461
-0.0019626,0.0018455,0.0148866,-0.0019618,0.0018443,0.014951
-0.0024828,0.0024177,0.0147824,-0.0024817,0.0024163,0.0148463
-0.0025307,0.0018923,0.0153125,-0.0025297,0.0018912,0.0153774
-0.0023947,0.0016093,0.0151983,-0.0023937,0.0016083,0.0152631
-0.0020256,0.0016003,0.0152091,-0.0020248,0.0015993,0.0152741
-0.0027448,0.0016473,0.0152625,-0.0027437,0.0016463,0.0153273
-0.0019926,0.0022573,0.0154904,-0.0019919,0.0022561,0.0155556
-0.0019586,0.0023522,0.0157692,-0.001958,0.002351,0.0158348
-0.0015796,0.0023513,0.0155413,-0.001579,0.00235,0.0156066
-0.0017746,0.0024382,0.0156923,-0.001774,0.002437,0.0157578
-0.0017586,0.0026184,0.0154317,-0.001758,0.002617,0.0154967
-0.0013445,0.0026803,0.0155355,-0.0013441,0.002679,0.0156008
-0.0017026,0.0026752,0.0158453,-0.0017021,0.002674,0.0159109
-0.0015885,0.0022891,0.015938,-0.0015881,0.002288,0.0160038
-0.0012135,0.0024181,0.01588,-0.0012132,0.002417,0.0159459
-0.0020456,0.0023901,0.0160111,-0.0020451,0.002389,0.0160769
-0.0020546,0.0025673,0.0157164,-0.002054,0.002566,0.0157818
-0.0017996,0.002399,0.016126,-0.0017991,0.002398,0.016192
-0.0010874,0.0016209,0.0161802,-0.0010872,0.0016201,0.0162466
-0.0011945,0.0018498,0.0164293,-0.0011943,0.001849,0.0164958
-0.0008695,0.0016077,0.016746,-0.0008694,0.001607,0.0168128
-0.0011994,0.0015937,0.016744,-0.0011993,0.001593,0.0168108
-0.0010285,0.0017386,0.01695,-0.0010284,0.001738,0.017017
-0.0013085,0.0022282,0.0155451,-0.0013081,0.0022271,0.0156105
-0.0011795,0.0024252,0.0156742,-0.0011792,0.002424,0.0157398
-0.0010015,0.0022722,0.015575,-0.0010012,0.002271,0.0156406
-0.0007315,0.0023842,0.0156311,-0.0007313,0.002383,0.0156967
-0.0008365,0.0030244,0.0156027,-0.0008363,0.0030229,0.015668
-0.0011785,0.0026442,0.0157953,-0.0011782,0.0026429,0.0158609
-0.0012395,0.0026625,0.0152017,-0.0012391,0.002661,0.0152666
-0.0031763,0.0039792,0.000867,-0.0031727,0.0039749,0.0008734
-0.002701,0.0038487,0.0007402,-0.0026975,0.0038441,0.0007477
-0.002677,0.0045599,0.0008978,-0.002674,0.0045552,0.0009034
-0.0024835,0.0042883,0.001249,-0.0024811,0.0042847,0.0012569
-0.0026026,0.0038819,0.0009696,-0.0025996,0.0038778,0.0009779
-0.0020325,0.0039596,0.0009042,-0.00203,0.0039551,0.0009131
-0.0031508,0.0038322,0.0010209,-0.0031475,0.0038284,0.0010282
-0.0024913,0.0038579,0.001107,-0.0024887,0.0038542,0.0011159
-0.0031676,0.0042276,0.0010166,-0.0031644,0.0042236,0.0010224
-0.002696,0.004247,0.0010484,-0.0026931,0.0042429,0.0010554
-0.003197,0.0037564,0.0012602,-0.0031941,0.0037532,0.0012682
-0.0031131,0.0036061,0.0013907,-0.0031104,0.0036032,0.0013999
-0.0007346,0.0032036,0.0169862,-0.0007346,0.0032028,0.0170526
0.0019966,-0.0058856,0.0003173,0.0019941,-0.0058777,0.0003183
2.34e-05,-0.0039536,0.0006434,2.35e-05,-0.0039479,0.0006532
-0.0001798,-0.0027937,0.000321,-0.0001795,-0.0027887,0.0003331
-0.0001182,-0.0033199,0.0005708,-0.0001179,-0.0033147,0.0005823
-3.66e-05,-0.0044345,0.000568,-3.65e-05,-0.0044281,0.000576
-0.0009208,-0.0028655,0.0003584,-0.0009191,-0.0028605,0.00037
-0.0008502,-0.002734,0.0004663,-0.0008488,-0.0027294,0.0004786
-0.0006908,-0.0043266,0.0005075,-0.0006897,-0.0043202,0.0005155
-0.0006506,-0.0024187,0.000311,-0.0006494,-0.0024143,0.0003236
0.0004944,-0.0028665,0.0003353,0.0004936,-0.0028615,0.0003472
-0.0001782,-0.0020471,0.0003051,-0.0001779,-0.0020433,0.0003185
-0.000132,-0.0025683,0.000539,-0.0001317,-0.0025641,0.0005521
0.0005632,-0.0019389,0.0003242,0.0005623,-0.0019353,0.0003376
-0.0011611,-0.0022986,0.0003107,-0.001159,-0.0022944,0.0003231
-0.0001957,-0.0013549,0.0002988,-0.0001953,-0.0013523,0.0003129
-0.0001418,-0.0026919,0.0004397,-0.0001415,-0.0026873,0.0004523
0.0006148,-0.0025543,0.0004413,0.0006139,-0.0025499,0.000454
-0.0001661,-0.0019474,0.0004104,-0.0001658,-0.0019439,0.0004242
-0.0017097,-0.0022027,0.0003411,-0.0017067,-0.0021988,0.0003532
-0.0008172,-0.0025375,0.000546,-0.0008159,-0.0025334,0.0005588
-0.0002595,-0.0049782,0.0007528,-0.000259,-0.004972,0.0007591
-0.0004631,-0.0046891,0.0007927,-0.0004624,-0.0046832,0.0008002
-0.0002066,-0.0039844,0.0009588,-0.0002062,-0.0039795,0.0009693
-0.0002154,-0.0047574,0.0009144,-0.000215,-0.0047518,0.000922
0.0002694,-0.0046581,0.0009964,0.0002692,-0.0046529,0.0010046
-0.0008468,-0.0046246,0.0010062,-0.0008458,-0.0046194,0.0010143
-0.000112,-0.0040634,0.00081,-0.0001118,-0.004058,0.0008199
-0.0014254,-0.0040257,0.0008847,-0.0014236,-0.0040207,0.0008941
-0.0009837,-0.0036662,0.0008236,-0.0009823,-0.0036612,0.0008343
-0.0008455,-0.0040582,0.0009426,-0.0008445,-0.0040532,0.0009525
-0.0013269,-0.0044054,0.0011401,-0.0013254,-0.0044008,0.001149
-0.0006974,-0.0043288,0.0013381,-0.0006966,-0.0043246,0.0013483
-0.0012866,-0.0033097,0.0017394,-0.0012855,-0.0033068,0.0017535
-0.0009809,-0.003249,0.0018188,-0.0009801,-0.0032462,0.0018336
-0.0007236,-0.0035009,0.0017456,-0.0007229,-0.0034979,0.0017597
-0.0004014,-0.0032833,0.0017896,-0.0004009,-0.0032805,0.0018045
-0.0006494,-0.0029947,0.0016351,-0.0006488,-0.0029918,0.0016502
-0.000128,-0.0029866,0.0016417,-0.0001277,-0.0029837,0.001657
-0.0011629,-0.0028849,0.0016586,-0.0011618,-0.0028822,0.0016736
-0.0011538,-0.0028994,0.0018777,-0.0011528,-0.0028969,0.0018933
-0.000793,-0.0025185,0.0015916,-0.0007922,-0.0025159,0.0016075
-0.0008273,-0.002861,0.001782,-0.0008266,-0.0028584,0.0017977
-0.0007798,-0.0028178,0.0021468,-0.0007792,-0.0028156,0.0021636
-0.0006494,-0.0032731,0.0019343,-0.0006488,-0.0032704,0.0019497
-0.0001876,-0.0032327,0.0019262,-0.0001874,-0.0032301,0.0019417
-0.0012198,-0.0032848,0.0019621,-0.0012189,-0.0032823,0.001977
-0.0006078,-0.0024806,0.0017844,-0.0006072,-0.0024782,0.001801
-0.0005756,-0.0030948,0.0020831,-0.0005751,-0.0030925,0.0020993
-0.001408,-0.0024045,0.0016042,-0.0014066,-0.002402,0.0016198
-0.0011376,-0.0024487,0.0018003,-0.0011366,-0.0024463,0.0018166
-0.0011322,-0.0023897,0.0020268,-0.0011313,-0.0023876,0.0020438
-0.0012274,-0.0031086,0.002314,-0.0012266,-0.0031065,0.0023305
-0.0012116,-0.0060633,0.0002933,-0.0012099,-0.0060551,0.0002943
-0.0006253,-0.0054211,0.0001879,-0.0006242,-0.0054129,0.000191
-0.0011838,-0.005116,0.0001869,-0.0011819,-0.0051081,0.0001908
-0.0006639,-0.0028124,0.0001986,-0.0006626,-0.0028072,0.0002101
-0.000143,-0.0030381,0.000238,-0.0001427,-0.0030326,0.0002493
-7.24e-05,-0.0016636,0.000222,-7.23e-05,-0.0016604,0.0002356
-0.0008928,-0.0020764,0.0002429,-0.0008911,-0.0020725,0.0002557
-0.0015716,-0.0017046,0.0002403,-0.0015687,-0.0017014,0.0002529
-0.0009056,-0.0014166,0.0001951,-0.0009038,-0.0014138,0.0002086
-0.0016066,-0.0027231,0.0003815,-0.0016039,-0.0027184,0.0003928
-0.0006981,-0.0026992,0.0001252,-0.0006968,-0.002694,0.0001368
-0.0013068,-0.0026735,0.0001602,-0.0013043,-0.0026685,0.0001713
-0.0017133,-0.0029832,0.0002482,-0.0017103,-0.0029779,0.0002585
-0.0022725,-0.0021274,0.0003647,-0.0022687,-0.0021237,0.0003761
-0.0023298,-0.0026652,0.0004118,-0.002326,-0.0026607,0.0004222
-0.0021443,-0.0025295,0.0001422,-0.0021404,-0.0025248,0.0001524
-0.0023246,-0.0032983,0.0006382,-0.0023213,-0.0032935,0.0006477
-0.002313,-0.0033304,0.00052,-0.0023095,-0.0033254,0.0005291
-0.0022793,-0.0028901,0.0005244,-0.0022758,-0.0028856,0.0005347
-0.002247,-0.0044348,0.0006944,-0.0022442,-0.0044292,0.0007006
-0.0022573,-0.0037131,0.0007022,-0.0022542,-0.003708,0.0007108
-0.0015257,-0.0047056,0.0008691,-0.0015239,-0.0047001,0.0008759
-0.0014368,-0.0046434,0.0010113,-0.0014352,-0.0046383,0.0010188
-0.001949,-0.0046077,0.0010103,-0.0019469,-0.0046027,0.0010172
-0.0021368,-0.0044503,0.0008644,-0.0021343,-0.0044451,0.0008712
-0.0027497,-0.0043074,0.0008522,-0.0027465,-0.0043024,0.0008582
-0.0020528,-0.0039854,0.0010585,-0.0020505,-0.0039809,0.0010676
-0.0021119,-0.0041113,0.0009403,-0.0021094,-0.0041065,0.0009486
-0.0026224,-0.0039899,0.0008942,-0.0026193,-0.0039851,0.0009017
-0.0018562,-0.0037124,0.0008791,-0.0018539,-0.0037076,0.0008889
-0.0019778,-0.0043056,0.0013324,-0.001976,-0.0043016,0.0013412
0.0003855,0.0015629,0.0161652,0.0003853,0.001562,0.0162316
0.0006454,0.0015939,0.0162642,0.0006452,0.001593,0.0163308
0.0003825,0.0018929,0.0160045,0.0003823,0.001892,0.0160707
0.0001456,0.0022542,0.015577,0.0001455,0.002253,0.0156427
0.0006826,0.0022502,0.0155502,0.0006823,0.002249,0.0156158
0.0003757,0.0027655,0.0151479,0.0003755,0.002764,0.0152128
0.0001677,0.0031068,0.0149554,0.0001676,0.003105,0.0150198
0.0006608,0.0030168,0.0148556,0.0006605,0.0030151,0.0149199
0.0004357,0.0031877,0.0150205,0.0004355,0.003186,0.015085
0.0005837,0.0030026,0.0152492,0.0005834,0.003001,0.0153141
0.0003836,0.0031905,0.0154331,0.0003834,0.0031889,0.0154982
0.0035388,-0.0048117,0.0002905,0.0035341,-0.0048051,0.0002921
0.004107,-0.0045864,0.0002582,0.0041015,-0.00458,0.0002594
0.003779,-0.0038007,0.0004231,0.003774,-0.0037953,0.0004271
0.0041145,-0.0041474,0.000182,0.0041087,-0.0041413,0.000184
0.0039192,-0.0032502,0.0003725,0.0039136,-0.0032453,0.0003774
0.0029301,-0.003211,0.0007682,0.0029264,-0.0032067,0.0007771
0.0038057,-0.0032465,0.0009257,0.0038016,-0.0032428,0.0009324
0.0042182,-0.0030345,0.0009019,0.0042137,-0.003031,0.0009076
0.0036121,-0.003014,0.0007595,0.0036077,-0.0030101,0.0007669
0.0031166,-0.0029144,0.0006092,0.0031123,-0.0029102,0.0006179
0.0032808,-0.0028413,0.0010169,0.0032772,-0.0028379,0.0010265
0.0035927,-0.0035992,0.001038,0.0035891,-0.0035953,0.0010445
0.0029905,-0.0034303,0.0009502,0.0029872,-0.0034262,0.0009588
0.0034566,-0.0029879,0.0009067,0.0034527,-0.0029843,0.0009151
0.0025597,-0.0027435,0.0008894,0.0025566,-0.0027399,0.0009006
0.0028614,-0.0029919,0.0008542,0.0028579,-0.002988,0.000864
0.0040902,-0.0028474,0.0010378,0.004086,-0.0028443,0.0010448
0.0028867,-0.0023199,0.0008102,0.002883,-0.0023167,0.0008212
0.0030541,-0.003832,0.0008762,0.0030506,-0.0038274,0.0008832
0.0026725,-0.0041051,0.0011698,0.00267,-0.004101,0.0011776
0.0022669,-0.0033481,0.0009518,0.0022643,-0.0033439,0.0009621
0.004925,-0.0029241,0.0001617,0.0049179,-0.0029197,0.000164
0.0045841,-0.003268,0.0004293,0.0045781,-0.0032635,0.0004323
0.0058313,-0.0020716,0.0003396,0.0058238,-0.0020687,0.0003406
0.0053173,-0.0027993,0.0005302,0.005311,-0.0027957,0.0005319
0.0022587,-0.001228,0.0001449,0.0022546,-0.0012256,0.0001569
0.0030284,-0.0004802,0.0003372,0.0030235,-0.0004792,0.0003488
0.002562,-0.0013421,0.0002241,0.0025575,-0.0013395,0.0002357
0.0021058,-0.0004198,0.0002952,0.0021022,-0.0004189,0.0003082
0.0013689,-0.0013018,0.0002265,0.0013665,-0.0012993,0.0002398
0.0020181,-0.0005681,0.0002257,0.0020146,-0.0005668,0.0002387
0.004839,-0.0004833,0.000783,0.0048333,-0.0004825,0.00079
0.0048225,-0.0009831,0.0009997,0.0048176,-0.0009819,0.0010069
0.004928,-0.0004152,0.0009436,0.0049228,-0.0004146,0.0009506
0.004347,-0.001216,0.0011856,0.0043428,-0.0012147,0.0011951
0.004239,-0.0002937,0.001018,0.0042344,-0.0002931,0.0010279
0.0044377,-0.0005937,0.0008858,0.0044326,-0.0005928,0.0008946
0.0041634,5.35e-05,0.0008286,0.0041583,5.37e-05,0.0008383
0.0044336,-0.0012503,0.0008709,0.0044285,-0.0012486,0.0008792
0.0039882,-0.0009753,0.0010132,0.0039837,-0.0009739,0.0010237
0.0032855,0.0006263,0.0003895,0.0032803,0.0006256,0.0004005
0.0043175,0.0004746,0.0004539,0.0043112,0.0004742,0.0004621
0.0038197,2.95e-05,0.000535,0.0038141,2.97e-05,0.0005451
0.0031403,0.0001655,0.0005043,0.0031356,0.0001655,0.000516
0.0033999,-0.0001302,0.0004096,0.0033946,-0.0001297,0.0004205
0.0028995,-0.0006231,0.0005544,0.0028952,-0.0006219,0.0005667
0.0032106,-0.0006003,0.0004747,0.0032057,-0.0005991,0.0004861
0.0026375,0.0004502,0.0005467,0.0026335,0.0004497,0.0005595
0.0046825,0.0007,0.001084,0.0046779,0.0006995,0.0010924
0.004588,8.12e-05,0.0009559,0.004583,8.13e-05,0.0009645
0.0048655,0.0005594,0.0009733,0.0048604,0.000559,0.0009807
0.0039512,0.000162,0.0009461,0.0039466,0.000162,0.0009568
0.0050442,-0.00018,0.0013058,0.0050401,-0.0001796,0.0013134
0.0020205,6.41e-05,0.0002093,0.002017,6.42e-05,0.0002223
0.0025418,0.0008757,0.0003081,0.0025376,0.0008745,0.0003203
0.002684,2.03e-05,0.0002446,0.0026794,2.05e-05,0.0002566
0.0017212,0.0001454,0.0001344,0.0017181,0.0001454,0.0001475
0.0013308,-0.0003695,0.0002085,0.0013285,-0.0003687,0.0002222
0.0020185,0.000865,0.0002439,0.002015,0.0008637,0.0002568
0.0055526,0.0019691,0.0002322,0.0055449,0.0019667,0.0002342
0.0059191,0.0019463,0.0003008,0.0059114,0.001944,0.0003016
0.0031484,0.0028305,0.0007587,0.0031444,0.0028271,0.0007681
0.0036089,0.0026387,0.0007267,0.0036044,0.0026356,0.0007351
0.0032847,0.0033363,0.0007451,0.0032807,0.0033323,0.0007528
0.0029519,0.0034928,0.0008149,0.0029484,0.0034888,0.0008231
0.0033417,0.0031287,0.0011177,0.0033383,0.0031258,0.0011268
0.00372,0.002528,0.0008767,0.0037157,0.0025253,0.0008855
0.00279,0.0024589,0.0007676,0.0027863,0.0024558,0.0007786
0.0036294,0.0023883,0.001025,0.0036255,0.0023859,0.0010347
0.003196,0.0031942,0.0008416,0.0031922,0.0031906,0.0008502
0.0028394,0.0032933,0.0008913,0.0028361,0.0032897,0.0009006
0.0040853,0.0031767,0.0010851,0.0040815,0.0031738,0.0010917
0.0026533,0.0031139,0.0009838,0.0026503,0.0031105,0.0009943
0.0030991,0.0028162,0.0008428,0.0030953,0.002813,0.0008525
0.0025902,0.0024267,0.0008877,0.002587,0.0024238,0.0008996
0.0027361,0.0021992,0.0010011,0.0027329,0.0021968,0.0010133
0.0015648,0.0040938,0.0008022,0.0015629,0.0040889,0.0008111
0.0022669,0.0038641,0.0009203,0.0022643,0.0038598,0.0009292
0.0018523,0.0036944,0.0008571,0.0018501,0.0036901,0.0008671
0.0022554,0.0035529,0.0009636,0.0022528,0.003549,0.0009736
0.0018019,0.0048737,0.0009032,0.0018,0.0048687,0.0009091
0.0016796,0.0040756,0.001115,0.0016778,0.0040716,0.0011247
0.0016738,0.0035601,0.0009559,0.0016719,0.003556,0.0009667
0.0007547,0.0043186,0.0007313,0.0007538,0.0043132,0.00074
0.0004805,0.0047309,0.0007405,0.00048,0.0047252,0.0007478
0.0010967,0.0042602,0.0010543,0.0010956,0.0042558,0.0010638
0.0005095,0.0045267,0.0008912,0.0005089,0.0045216,0.0008996
0.0011039,0.0043474,0.0008788,0.0011027,0.0043425,0.0008875
-9.77e-05,0.004534,0.0008962,-9.76e-05,0.004529,0.0009047
0.0005225,0.0043631,0.0010486,0.0005219,0.0043585,0.0010581
-9.59e-05,0.0039087,0.0009562,-9.57e-05,0.0039042,0.0009671
-0.0024323,0.0015374,0.0003259,-0.0024281,0.001535,0.0003379
-0.0017516,0.0025042,0.0003509,-0.0017486,0.0025002,0.0003627
-0.0010839,0.0024068,0.0002987,-0.001082,0.0024029,0.0003112
-0.0025906,0.0025354,0.000377,-0.0025863,0.0025316,0.0003874
-0.0017818,0.0011122,0.0003001,-0.0017786,0.0011105,0.0003134
-0.002184,0.0020334,0.0004897,-0.0021804,0.0020304,0.000502
-0.0023656,0.0030637,0.0005267,-0.0023621,0.0030594,0.0005367
-0.0025345,0.0013369,0.0004385,-0.0025303,0.001335,0.0004508
-0.0023422,0.0022845,0.0005969,-0.0023386,0.0022813,0.0006087
-0.0022768,0.0015204,0.0005439,-0.0022731,0.0015183,0.0005567
-0.0022603,0.002952,0.0006402,-0.0022571,0.002948,0.0006509
-0.0020739,0.0038649,0.0006723,-0.0020711,0.0038599,0.0006808
-0.0019199,0.0040251,0.0007956,-0.0019174,0.0040203,0.0008042
-0.0013643,0.0051207,0.0009068,-0.0013628,0.0051155,0.0009122
-0.0014643,0.0042093,0.0011038,-0.0014627,0.0042051,0.0011132
-0.0019901,0.0045201,0.001,-0.0019879,0.0045155,0.0010073
-0.0013689,0.0044936,0.0009558,-0.0013673,0.0044888,0.0009638
-0.0009441,0.0039038,0.000834,-0.0009428,0.0038991,0.0008442
-0.0013373,0.0049272,0.0010768,-0.0013359,0.0049226,0.0010835
-0.0012789,0.0037737,0.0009691,-0.0012773,0.0037695,0.0009798
-0.0018445,0.0035542,0.0011878,-0.0018425,0.0035506,0.0011991
-0.0010505,0.0026201,0.0017008,-0.0010496,0.002618,0.0017167
-0.0007284,0.0026766,0.0014928,-0.0007276,0.0026741,0.0015083
-0.0003267,0.0026853,0.0015946,-0.0003264,0.002683,0.0016104
-0.0006255,0.0031239,0.0016877,-0.0006249,0.0031214,0.0017028
-9.03e-05,0.0030654,0.0016051,-9.02e-05,0.0030628,0.0016203
-0.0010367,0.0030689,0.0016804,-0.0010357,0.0030665,0.0016953
-0.0007968,0.0038432,0.0018526,-0.0007962,0.0038407,0.0018661
-0.0007784,0.0029934,0.0018186,-0.0007777,0.0029912,0.0018343
-0.0005381,0.0030137,0.0022883,-0.0005377,0.0030119,0.0023055
-0.0003844,0.0011915,0.0025619,-0.0003841,0.0011909,0.0025827
-0.0005928,0.0025884,0.0018043,-0.0005923,0.0025864,0.0018209
-4.92e-05,0.0027381,0.0017577,-4.92e-05,0.0027359,0.0017739
-0.0011317,0.0026281,0.0018751,-0.0011307,0.0026261,0.0018915
-0.0016312,0.0029038,0.0018973,-0.0016299,0.0029018,0.0019126
-0.0005319,0.0020171,0.0016866,-0.0005314,0.0020154,0.0017038
-0.0006142,0.0026582,0.0020444,-0.0006137,0.0026564,0.0020614
-0.0010359,0.0042738,0.0020434,-0.0010352,0.0042715,0.002056
-0.0011599,0.0030487,0.001892,-0.0011589,0.0030465,0.0019075
-0.0010889,0.0037017,0.0020288,-0.0010881,0.0036995,0.002043
-0.0010991,0.0031989,0.0021543,-0.0010983,0.0031971,0.0021702
-0.0011856,0.002159,0.0017593,-0.0011845,0.0021573,0.0017761
-0.0011341,0.00164,0.001682,-0.001133,0.0016386,0.0016993
-0.0010643,0.0027361,0.0020832,-0.0010635,0.0027344,0.0021
-0.0012559,0.0024687,0.0021909,-0.001255,0.0024671,0.0022084
-0.0018996,0.0058683,0.0003248,-0.0018972,0.0058609,0.0003258
-0.0012939,0.0057256,0.0002404,-0.0012921,0.0057179,0.0002423
-0.0027809,0.0051885,0.0002423,-0.002777,0.0051814,0.0002443
-0.0018809,0.0015747,0.0002333,-0.0018775,0.0015721,0.0002459
-0.0009102,0.0017167,0.0002156,-0.0009085,0.0017139,0.000229
-0.0025022,0.002521,0.0002731,-0.0024979,0.0025169,0.0002834
-0.0018198,0.0024966,0.0002681,-0.0018165,0.0024925,0.0002796
-0.0023816,0.0013,0.0001708,-0.0023773,0.0012979,0.0001826
-0.0024991,0.0008942,0.000256,-0.0024946,0.000893,0.0002681
-0.0046849,0.0039754,0.0002676,-0.0046785,0.0039702,0.0002689
-0.0040285,0.0040565,0.0002264,-0.0040227,0.004051,0.0002291
-0.0029737,0.0030934,0.0005841,-0.0029694,0.0030892,0.0005929
-0.0035158,0.0028764,0.0006595,-0.0035111,0.0028728,0.0006674
-0.0035045,0.0023515,0.0006755,-0.0034997,0.0023486,0.0006847
-0.0034953,0.0012187,0.0004506,-0.0034898,0.0012171,0.0004608
-0.0032323,0.0031885,0.0007199,-0.0032281,0.0031846,0.0007281
-0.0028022,0.0028313,0.0006295,-0.0027981,0.0028276,0.0006394
-0.0028061,0.003408,0.0007175,-0.0028024,0.0034037,0.0007261
-0.0025832,0.0032432,0.0010125,-0.0025802,0.0032397,0.0010229
-0.0027651,0.0028122,0.0008154,-0.0027614,0.0028088,0.0008259
-0.0024344,0.002455,0.0008064,-0.0024311,0.0024519,0.0008183
-0.0026487,0.0026564,0.0009335,-0.0026453,0.0026533,0.0009449
-0.0030728,0.0034863,0.0008421,-0.0030691,0.0034823,0.0008501
-0.0033082,0.0033183,0.0009642,-0.0033045,0.0033148,0.0009725
-0.00274,0.0034325,0.0008737,-0.0027366,0.0034285,0.0008829
-0.0031702,0.0032119,0.0011049,-0.0031668,0.0032087,0.0011142
-0.0031339,0.0030609,0.0008452,-0.00313,0.0030573,0.0008543
-0.0032131,0.0026595,0.0010093,-0.0032094,0.0026567,0.0010195
-0.0037359,0.0020012,0.0010332,-0.0037316,0.0019992,0.0010432
-0.0042835,0.0021653,0.0010032,-0.0042788,0.0021632,0.001011
-0.0038401,0.002097,0.0009023,-0.0038355,0.0020947,0.0009114
-0.0044259,0.0015545,0.0009623,-0.004421,0.001553,0.0009704
-0.0043114,0.0011055,0.0008184,-0.004306,0.0011044,0.0008271
-0.0048382,0.0014164,0.0010944,-0.0048334,0.0014152,0.0011015
-0.0044366,0.0008034,0.0009544,-0.0044315,0.0008027,0.0009633
-0.0043653,0.0014267,0.0010835,-0.0043607,0.0014254,0.0010924
-0.0058128,0.0018295,0.000325,-0.005805,0.0018274,0.0003264
-0.0053541,0.0020135,0.0002543,-0.0053464,0.002011,0.000257
-0.0055151,0.0026139,0.0005546,-0.0055085,0.0026111,0.000556
-0.0051808,0.0027256,0.0004629,-0.0051741,0.0027224,0.0004653
-0.0057831,0.001117,0.0002466,-0.0057751,0.0011158,0.0002485
-0.0058517,0.0003799,0.000224,-0.0058434,0.0003797,0.0002258
-0.0014152,0.0002366,0.0001435,-0.0014126,0.0002365,0.0001571
-0.0018076,2.33e-05,0.000313,-0.0018045,2.35e-05,0.0003266
-0.0018475,-0.0001678,0.0002157,-0.0018442,-0.0001672,0.0002289
-0.0010499,0.0002334,0.0002002,-0.0010479,0.0002332,0.0002142
-0.00136,0.000952,0.0002129,-0.0013575,0.0009506,0.0002264
-0.0024481,-0.0004639,0.0001782,-0.0024436,-0.0004628,0.0001904
-0.002429,-0.0007232,0.0002797,-0.0024248,-0.0007217,0.0002921
-0.0027524,7.28e-05,0.0003112,-0.0027477,7.29e-05,0.0003232
-0.0031843,0.000375,0.0003701,-0.003179,0.0003746,0.0003813
-0.002884,0.0001865,0.0005268,-0.0028794,0.0001865,0.0005392
-0.0026266,0.0002243,0.0004205,-0.0026222,0.0002241,0.000433
-0.003111,-0.0003973,0.0004704,-0.003106,-0.0003964,0.0004821
-0.0036331,-0.0003239,0.0004392,-0.0036274,-0.0003231,0.0004495
-0.0035693,-0.0007092,0.0006129,-0.0035641,-0.000708,0.0006237
-0.0036598,0.0002251,0.000929,-0.0036552,0.0002251,0.0009406
-0.0039681,-0.0002656,0.0007892,-0.0039629,-0.000265,0.0007995
-0.0034159,8.12e-05,0.0007012,-0.003411,8.13e-05,0.0007129
-0.0044482,-0.0002225,0.0007833,-0.0044426,-0.0002219,0.0007919
-0.0044923,-0.0010606,0.000761,-0.0044867,-0.001059,0.0007688
-0.0045089,-0.000429,0.0009064,-0.0045036,-0.0004283,0.000915
-0.0022894,-0.0015824,0.000216,-0.0022853,-0.0015794,0.0002277
-0.0017868,-0.0005214,0.0002844,-0.0017836,-0.0005202,0.0002979
-0.0025916,-0.0014221,0.0003383,-0.0025872,-0.0014195,0.0003499
-0.0037186,-0.0015519,0.000746,-0.0037137,-0.0015497,0.0007559
-0.0038702,-0.0011565,0.0008767,-0.0038654,-0.0011548,0.000887
-0.0043187,-0.0011891,0.0010374,-0.0043139,-0.0011876,0.0010465
-0.0043881,-0.0015902,0.0011275,-0.0043836,-0.0015884,0.0011361
-0.0041091,-0.0010187,0.0011914,-0.0041049,-0.0010175,0.0012019
-0.0060644,-5.64e-05,0.0005189,-0.006057,-5.61e-05,0.0005202
-0.005699,-0.0002381,0.0004667,-0.0056916,-0.0002376,0.0004694
-0.0048613,0.0002904,0.0012304,-0.0048568,0.0002903,0.0012385
-0.0045646,8.71e-05,0.0012598,-0.0045603,8.73e-05,0.0012692
-0.0046419,0.0008423,0.0013841,-0.0046379,0.0008419,0.0013932
-0.004142,3.69e-05,0.0011908,-0.0041377,3.71e-05,0.0012016
-0.004557,-0.0004074,0.0013437,-0.0045529,-0.0004068,0.0013533
-0.004206,0.0001044,0.0013531,-0.0042021,0.0001045,0.0013641
-0.0058954,-0.0014682,0.0002667,-0.0058875,-0.001466,0.0002681
-0.0061722,-0.0009223,0.0003185,-0.0061641,-0.0009208,0.0003193
-0.0035851,-0.0025453,0.0006553,-0.0035802,-0.0025416,0.0006638
-0.0039895,-0.0023354,0.0010889,-0.0039854,-0.0023327,0.0010976
-0.003854,-0.0023082,0.000899,-0.0038494,-0.0023053,0.0009077
-0.0032837,-0.0023295,0.0008028,-0.0032795,-0.0023263,0.0008128
-0.0046235,-0.0020231,0.0008137,-0.0046181,-0.0020205,0.0008199
-0.0044692,-0.0016832,0.0009633,-0.0044642,-0.0016811,0.0009711
-0.0044591,-0.0023405,0.0012196,-0.004455,-0.0023382,0.0012268
-0.0042138,-0.002278,0.0013531,-0.0042101,-0.0022759,0.0013618
-0.0058803,-0.0019807,0.0002695,-0.0058725,-0.0019779,0.0002704
-0.0053381,-0.0021642,0.0002066,-0.0053305,-0.0021609,0.0002089
-0.0032962,-0.0035667,0.0008566,-0.0032924,-0.0035624,0.0008637
-0.0031529,-0.0036196,0.0007176,-0.0031489,-0.0036148,0.0007246
-0.0026416,-0.0033125,0.001005,-0.0026386,-0.0033085,0.0010148
-0.0027532,-0.0025719,0.000603,-0.0027492,-0.002568,0.0006133
-0.002389,-0.0028756,0.0009002,-0.002386,-0.0028718,0.0009114
-0.0024572,-0.0035371,0.0008104,-0.002454,-0.0035325,0.0008194
-0.0027942,-0.0030165,0.0008134,-0.0027906,-0.0030125,0.0008231
-0.0032843,-0.003199,0.0007957,-0.0032802,-0.0031949,0.0008037
-0.0031827,-0.0029381,0.0010157,-0.0031791,-0.0029346,0.0010252
-0.0032665,-0.0028383,0.0008735,-0.0032625,-0.0028347,0.0008827
-0.0030976,-0.0039354,0.0008515,-0.003094,-0.0039308,0.000858
-0.0030944,-0.0041121,0.0010437,-0.0030912,-0.0041078,0.00105
-0.0041402,-0.002869,0.001265,-0.0041365,-0.0028663,0.0012724
-0.0034142,-0.0031453,0.0012528,-0.003411,-0.0031421,0.0012619
-0.0038247,-0.0028751,0.0013324,-0.0038213,-0.0028724,0.0013412
-0.0031253,-0.0031503,0.0013659,-0.0031225,-0.0031473,0.0013761
-0.00348,-0.0031,0.0014739,-0.0034771,-0.0030973,0.0014835
-0.0042485,-0.0043737,0.0005296,-0.0042434,-0.0043683,0.0005309
-0.0036287,-0.0048144,0.0004936,-0.0036242,-0.0048083,0.0004951
-0.0025351,-0.0056704,0.0002892,-0.0025316,-0.0056628,0.0002901
-0.0018297,-0.0058499,0.0002763,-0.0018271,-0.005842,0.0002774
-0.0032739,-0.0052513,0.000258,-0.0032695,-0.0052441,0.0002588
-0.0025451,-0.0052599,0.0002474,-0.0025415,-0.0052524,0.0002494
0.0008273,0.0031736,0.0170334,0.0008271,0.0031729,0.0170999
0.0008093,0.0034857,0.0169836,0.0008092,0.0034848,0.0170499
0.0013073,0.0028137,0.0169653,0.0013071,0.0028129,0.0170318
0.0030694,0.000929,0.0165774,0.0030688,0.0009284,0.0166436
0.0012143,0.0008748,0.016474,0.001214,0.0008742,0.0165408
0.0014284,0.0007409,0.0162352,0.001428,0.0007403,0.0163017
0.0014343,0.0007468,0.0166961,0.001434,0.0007462,0.0167629
0.0010553,0.0007938,0.0167828,0.001055,0.0007932,0.0168498
0.0008643,0.0008578,0.0165128,0.0008641,0.0008572,0.0165796
0.0016097,0.0007811,0.0154417,0.001609,0.0007805,0.0155072
0.0016286,0.0010731,0.0156218,0.001628,0.0010724,0.0156875
0.0020207,0.0012092,0.0155362,0.0020199,0.0012084,0.0156018
0.0016475,0.001106,0.0159896,0.001647,0.0011053,0.0160558
0.0015998,0.0011612,0.015288,0.0015991,0.0011604,0.0153533
0.0028363,0.0007885,0.0147995,0.002835,0.0007877,0.0148636
0.002555,0.0007203,0.0153137,0.0025539,0.0007196,0.0153787
0.0034683,0.0006239,0.0169835,0.0034678,0.0006234,0.0170497
0.0030352,0.0002789,0.017045,0.0030348,0.0002784,0.0171116
0.0033203,0.0002449,0.0169383,0.0033198,0.0002444,0.0170046
0.0034133,-0.0010511,0.0169542,0.0034128,-0.0010514,0.0170203
0.0028144,-0.002075,0.0169619,0.002814,-0.0020752,0.017028
0.0027774,-0.001619,0.0168318,0.0027769,-0.0016192,0.016898
0.0013694,-0.0011489,0.0165059,0.0013691,-0.0011491,0.0165724
0.0010335,-0.0012569,0.0160258,0.0010332,-0.001257,0.016092
0.0016396,-0.0011419,0.0158473,0.001639,-0.001142,0.0159132
0.0022797,-0.001168,0.0157299,0.0022789,-0.0011679,0.0157954
0.0019928,-0.0010639,0.0155787,0.001992,-0.0010639,0.0156442
0.0016957,-0.0008269,0.0155404,0.001695,-0.0008269,0.015606
0.0021178,-0.0006429,0.0155937,0.0021169,-0.0006431,0.0156593
0.0021459,-0.001273,0.0153411,0.002145,-0.0012728,0.0154061
0.0018396,-0.0013779,0.0161354,0.001839,-0.001378,0.0162015
0.0017578,-0.0012769,0.0154446,0.0017571,-0.0012768,0.0155099
0.0023743,-0.001447,0.0147839,0.0023731,-0.0014467,0.0148479
0.0026983,-0.001277,0.014883,0.002697,-0.0012767,0.0149471
0.0029534,-0.0006869,0.0148483,0.0029519,-0.0006869,0.0149123
0.0028301,-0.0007339,0.0152128,0.0028288,-0.000734,0.0152775
0.0031765,-0.001601,0.0166461,0.0031759,-0.0016012,0.016712
0.0020134,-0.002656,0.0169655,0.0020131,-0.0026561,0.0170317
0.0023264,-0.002683,0.0169137,0.0023261,-0.0026831,0.0169797
0.0021504,-0.002219,0.0167806,0.00215,-0.0022191,0.0168468
0.0009735,-0.003427,0.0169123,0.0009733,-0.0034271,0.0169783
0.0011217,-0.001991,0.0156724,0.0011212,-0.0019907,0.0157379
0.0013087,-0.001742,0.0156783,0.0013082,-0.0017418,0.015744
0.0010117,-0.0016029,0.0156811,0.0010112,-0.0016028,0.0157468
0.0014077,-0.0014219,0.0155354,0.0014071,-0.0014218,0.0156008
0.0008277,-0.002101,0.0156893,0.0008273,-0.0021007,0.0157549
0.0006587,-0.0017649,0.015581,0.0006584,-0.0017647,0.0156466
0.001052,-0.0029183,0.0149655,0.0010515,-0.0029174,0.0150296
0.0014231,-0.0028013,0.0147978,0.0014224,-0.0028004,0.0148616
0.0016001,-0.0024232,0.0147777,0.0015993,-0.0024224,0.0148416
0.0010529,-0.0027692,0.015348,0.0010524,-0.0027685,0.0154128
0.0010439,-0.002084,0.0152836,0.0010434,-0.0020836,0.0153486
0.0012275,-0.0030171,0.0165465,0.0012272,-0.0030169,0.0166124
0.0005055,-0.003054,0.0169521,0.0005053,-0.0030541,0.0170184
-0.0004175,-0.0034321,0.0169741,-0.0004175,-0.0034321,0.0170401
2.95e-05,-0.003282,0.0169181,2.94e-05,-0.0032821,0.0169842
-0.0007165,-0.003333,0.017062,-0.0007165,-0.0033331,0.0171281
-0.0013825,-0.0031051,0.016969,-0.0013824,-0.0031051,0.0170351
-0.0021754,-0.0026871,0.016921,-0.0021752,-0.0026872,0.016987
-0.0028954,-0.0011812,0.0169879,-0.0028951,-0.0011815,0.0170543
-0.0007893,-0.0002581,0.0170353,-0.0007893,-0.0002585,0.0171023
-0.0010953,-0.0005411,0.0168702,-0.0010953,-0.0005414,0.0169372
-0.0011053,-0.000476,0.0162563,-0.0011051,-0.0004763,0.0163228
-0.0004952,-0.00027,0.01627,-0.0004951,-0.0002703,0.0163366
-0.0009143,-0.0003121,0.0167502,-0.0009142,-0.0003125,0.0168171
-0.0017943,-0.000473,0.0156249,-0.0017938,-0.0004732,0.0156905
-0.0014723,-0.0006379,0.0155227,-0.0014718,-0.0006381,0.0155883
-0.0014593,-0.0003459,0.0157766,-0.0014589,-0.0003462,0.0158425
-0.0011903,-0.0003009,0.0154704,-0.0011899,-0.0003012,0.0155361
-0.0014223,1.7e-05,0.0155716,-0.0014218,1.67e-05,0.0156374
-0.0012883,-0.000656,0.0159294,-0.001288,-0.0006562,0.0159956
-0.0026207,-0.00063,0.0147302,-0.0026196,-0.00063,0.0147942
-0.0023615,-0.000271,0.0152535,-0.0023607,-0.0002712,0.0153185
-0.0027747,-0.0003859,0.0151129,-0.0027736,-0.0003861,0.0151775
-0.0019134,-0.000721,0.0151792,-0.0019127,-0.000721,0.0152442
-0.0032765,-0.0007572,0.0165662,-0.0032759,-0.0007575,0.0166322
-0.0032104,-0.0003112,0.0168581,-0.00321,-0.0003116,0.0169244
-0.0033085,0.0010777,0.0169575,-0.0033081,0.0010772,0.0170237
-0.0028374,0.0006387,0.0169492,-0.0028371,0.0006382,0.0170157
-0.0025225,0.0018357,0.0169155,-0.0025222,0.001835,0.016982
-0.0023675,0.0020298,0.0167216,-0.0023672,0.002029,0.016788
-0.0029806,0.0019339,0.0164749,-0.00298,0.0019331,0.0165408
-0.0025276,0.0024378,0.0166509,-0.0025272,0.002437,0.0167171
-0.0023625,0.0015878,0.0166864,-0.0023622,0.0015871,0.0167529
-0.0024056,0.0021269,0.0164128,-0.0024051,0.002126,0.0164789
-0.0019525,0.0016462,0.0154949,-0.0019519,0.0016452,0.0155603
-0.0019265,0.0018751,0.0156719,-0.0019259,0.0018741,0.0157375
-0.0016395,0.0016861,0.0156127,-0.001639,0.0016852,0.0156783
-0.0015525,0.0019942,0.015506,-0.001552,0.0019931,0.0155714
-0.0011655,0.0019741,0.0156518,-0.0011651,0.0019731,0.0157175
-0.0016505,0.0019331,0.0158568,-0.0016501,0.001932,0.0159226
-0.0015805,0.001689,0.0159664,-0.0015801,0.0016881,0.0160325
-0.0012624,0.0016429,0.0159673,-0.0012621,0.0016421,0.0160335
-0.0020235,0.0016801,0.0159416,-0.002023,0.0016791,0.0160076
-0.0019525,0.0019531,0.0159398,-0.001952,0.0019521,0.0160057
-0.0022806,0.0019421,0.015762,-0.0022799,0.0019411,0.0158276
-0.0018946,0.0018953,0.0152992,-0.0018939,0.0018942,0.0153643
-0.0018435,0.001809,0.0161046,-0.001843,0.0018081,0.0161707
-0.0032696,0.0014428,0.0166397,-0.0032691,0.0014422,0.0167057
-0.0022695,0.0025957,0.0169539,-0.0022693,0.0025949,0.0170202
-0.0015226,0.0023876,0.0148249,-0.0015219,0.0023862,0.0148892
-0.0016397,0.0028107,0.0148304,-0.001639,0.0028091,0.0148945
-0.0013116,0.0028117,0.0148612,-0.001311,0.0028101,0.0149255
-0.0016596,0.0022554,0.0152374,-0.001659,0.0022541,0.0153024
-0.0012045,0.0024123,0.0153544,-0.0012041,0.0024111,0.0154195
-0.0021207,0.0021335,0.0150757,-0.0021198,0.0021322,0.0151403
-0.0026625,0.0022377,0.0169898,-0.0026623,0.002237,0.0170561
-0.0022375,0.0021736,0.0169966,-0.0022373,0.0021729,0.0170632
-0.0018076,0.0030167,0.0169691,-0.0018074,0.0030159,0.0170354
0.0009624,-0.0060786,0.0003305,0.0009613,-0.0060705,0.0003317
0.0009639,-0.0055521,0.0002612,0.0009627,-0.0055441,0.000264
0.0012192,-0.0026479,0.0003429,0.0012173,-0.0026432,0.0003547
0.0012427,-0.0018688,0.0002173,0.0012405,-0.0018653,0.00023
0.0008247,-0.0020806,0.0001698,0.0008232,-0.0020766,0.0001825
0.0005905,-0.0020367,0.0002328,0.0005895,-0.0020328,0.0002459
0.0006407,-0.0014046,0.0002197,0.0006396,-0.0014018,0.0002334
0.0009052,-0.0026458,0.0001178,0.0009036,-0.0026406,0.0001293
0.0005324,-0.0031081,0.0005856,0.0005317,-0.0031033,0.0005976
0.0009248,-0.0042413,0.0004855,0.0009235,-0.0042349,0.0004936
0.0005415,-0.0044942,0.0006164,0.0005409,-0.0044879,0.0006242
0.000412,-0.0049753,0.0007721,0.0004117,-0.0049692,0.0007785
0.0006088,-0.0046706,0.0008852,0.0006082,-0.004665,0.0008929
0.0009674,-0.004666,0.0007711,0.0009663,-0.0046602,0.0007784
0.0004894,-0.0040748,0.0009776,0.000489,-0.0040699,0.0009879
0.0005389,-0.0042094,0.0008556,0.0005384,-0.0042041,0.000865
0.0005324,-0.0038047,0.0007688,0.0005318,-0.0037995,0.0007793
0.0003902,-0.0044462,0.001085,0.0003899,-0.0044413,0.0010943
0.000415,-0.0043898,0.0012189,0.0004147,-0.0043853,0.0012287
0.0001728,-0.0059096,0.0002256,0.0001728,-0.0059012,0.0002273
0.0045018,-0.0040142,0.000524,0.0044964,-0.0040092,0.0005256
0.0058602,-0.0013183,0.0005311,0.0058532,-0.0013166,0.0005328
0.0058729,0.0013184,0.0005693,0.005866,0.0013171,0.0005709
0.004082,0.0039315,0.0004039,0.0040766,0.0039265,0.0004069
0.0046672,0.0037577,0.0005339,0.0046616,0.0037534,0.0005359
0.0033568,0.0050067,0.0005257,0.0033528,0.0050009,0.0005274
0.0009477,0.005983,0.0005853,0.0009467,0.0059763,0.0005868
0.0002779,0.0056941,0.0004091,0.0002776,0.0056869,0.0004117
-0.0001461,0.0046842,0.0007335,-0.0001458,0.0046786,0.000741
-1.45e-05,0.0043232,0.0010198,-1.44e-05,0.0043186,0.0010294
-0.0002059,0.0039994,0.000788,-0.0002055,0.0039944,0.0007981
-0.000768,0.0044671,0.0009042,-0.000767,0.0044622,0.0009127
-0.0007297,0.0043672,0.0010326,-0.0007289,0.0043626,0.0010419
-0.0007181,0.0041644,0.0007678,-0.0007172,0.0041593,0.0007771
0.0008234,0.00327,0.0164916,0.0008232,0.0032689,0.0165578
0.0002446,0.001601,0.0156273,0.0002445,0.0016001,0.0156932
0.0004185,0.001612,0.0158573,0.0004183,0.0016111,0.0159234
0.0006236,0.001587,0.0156005,0.0006233,0.0015861,0.0156663
0.0007076,0.0019631,0.0156919,0.0007073,0.0019621,0.0157577
0.0002886,0.0019962,0.0155028,0.0002884,0.0019951,0.0155684
0.0006915,0.0014629,0.0159553,0.0006912,0.0014621,0.0160215
0.0004356,0.001819,0.0157086,0.0004354,0.0018181,0.0157745
-9.04e-05,0.0019341,0.0155097,-9.04e-05,0.0019331,0.0155753
0.0004257,0.0020174,0.0150852,0.0004255,0.0020162,0.0151501
0.0003347,0.0023145,0.0150525,0.0003345,0.0023132,0.0151173
0.0004048,0.0025256,0.0149469,0.0004045,0.0025242,0.0150115
0.0010929,0.0026677,0.0149503,0.0010923,0.0026662,0.0150148
0.0006457,0.0026004,0.0153447,0.0006454,0.002599,0.0154099
0.0002608,0.0027409,0.0145415,0.0002606,0.0027393,0.0146053
0.0010937,0.0021544,0.0152955,0.0010933,0.0021531,0.0153607
0.0002249,0.0030014,0.0140435,0.0002247,0.0029995,0.0141061
0.000706,0.0027652,0.0141532,0.0007056,0.0027635,0.0142161
0.0007041,0.0030743,0.0141036,0.0007036,0.0030725,0.0141664
0.0006539,0.002996,0.014476,0.0006535,0.0029943,0.0145396
0.001116,0.0030761,0.0145422,0.0011154,0.0030742,0.0146058
0.0003188,0.003113,0.0146299,0.0003186,0.0031111,0.0146937
0.0023324,0.0021569,0.0166075,0.0023319,0.0021561,0.0166738
0.0027604,0.002182,0.0165888,0.0027599,0.0021811,0.0166549
0.0009906,0.001328,0.0156134,0.0009902,0.0013272,0.0156793
0.0008966,0.0016811,0.0157316,0.0008962,0.0016801,0.0157976
0.0013607,0.0014512,0.015355,0.0013601,0.0014503,0.0154203
0.0012006,0.0016451,0.0156828,0.0012001,0.0016442,0.0157486
0.0013737,0.0018882,0.0155123,0.0013731,0.0018872,0.0155778
0.0012905,0.001566,0.0160266,0.00129,0.0015652,0.0160929
0.0012449,0.0023336,0.015009,0.0012443,0.0023322,0.0150736
0.0014368,0.0021194,0.0152987,0.0014362,0.0021182,0.0153638
0.001677,0.0017405,0.0149628,0.0016762,0.0017394,0.0150274
0.0022541,0.0016435,0.0149632,0.002253,0.0016424,0.0150277
0.0020541,0.0019536,0.0147915,0.0020531,0.0019524,0.0148556
0.0021459,0.0019054,0.0152391,0.002145,0.0019043,0.015304
0.0020739,0.0015303,0.0153217,0.002073,0.0015294,0.0153868
0.0017269,0.0014443,0.0151604,0.0017261,0.0014434,0.0152254
0.0019082,0.0020368,0.0144748,0.0019073,0.0020355,0.0145383
0.0017514,0.00203,0.0140711,0.0017505,0.0020287,0.0141339
0.0017643,0.002343,0.0143222,0.0017633,0.0023415,0.0143854
0.0021345,0.0022601,0.0141736,0.0021333,0.0022586,0.0142365
0.0014576,0.0001001,0.0155731,0.001457,9.97e-05,0.0156389
0.0021387,0.0001171,0.0156168,0.0021379,0.0001167,0.0156824
0.0019657,0.0005371,0.0155908,0.0019649,0.0005365,0.0156565
0.0016066,0.0004851,0.0156024,0.001606,0.0004845,0.0156682
0.0020335,0.000182,0.0160235,0.0020329,0.0001816,0.0160897
0.0014044,3.4e-05,0.0160279,0.001404,3.36e-05,0.0160943
0.0020486,-0.0001709,0.0159145,0.0020479,-0.0001713,0.0159805
0.0017405,-0.0001609,0.0160022,0.0017399,-0.0001613,0.0160684
0.0029123,1.83e-05,0.0148433,0.0029109,1.79e-05,0.0149074
0.0029532,0.0002463,0.0151101,0.0029518,0.0002458,0.0151747
0.002752,0.0004272,0.0153208,0.0027508,0.0004267,0.0153857
0.0024719,-3.58e-05,0.0152524,0.0024709,-3.62e-05,0.0153174
0.0028331,-0.0001108,0.0151479,0.0028319,-0.0001111,0.0152125
0.002537,-0.0003108,0.0151915,0.0025359,-0.0003111,0.0152563
0.0007962,0.0001369,0.0164415,0.000796,0.0001364,0.0165083
0.0006732,6.98e-05,0.0167575,0.000673,6.94e-05,0.0168245
0.0020027,-0.0002689,0.0154637,0.0020019,-0.0002692,0.0155292
0.0016936,-0.0001559,0.0156393,0.0016929,-0.0001562,0.0157051
0.0017727,-0.0005249,0.0154005,0.001772,-0.000525,0.0154659
0.0025342,-0.0005989,0.0150186,0.002533,-0.0005989,0.0150831
0.0028873,-0.0002948,0.0149161,0.0028859,-0.000295,0.0149804
0.0025049,-0.0005939,0.0153413,0.0025039,-0.000594,0.0154064
0.0026223,-0.0004978,0.014748,0.002621,-0.0004979,0.014812
0.0028256,-0.0021291,0.016454,0.0028249,-0.002129,0.0165198
0.0028726,-0.001673,0.016497,0.0028719,-0.0016731,0.0165629
0.0025726,-0.001865,0.0163189,0.0025719,-0.001865,0.0163848
0.0020036,-0.0029351,0.0166007,0.0020031,-0.002935,0.0166665
0.0007517,-0.0009383,0.0132023,0.0007515,-0.0009383,0.0132636
0.000996,-0.0007411,0.0130447,0.0009957,-0.0007412,0.0131056
0.0014062,-0.000668,0.0130641,0.0014057,-0.000668,0.0131249
0.0014181,-0.0003458,0.0132308,0.0014176,-0.0003459,0.0132921
0.0006137,-0.0006501,0.0130251,0.0006136,-0.0006503,0.0130861
0.0002613,-0.0006982,0.0130608,0.0002613,-0.0006984,0.0131219
0.001094,-0.0001136,0.0130915,0.0010938,-0.0001138,0.0131526
0.0011379,-0.0005649,0.0133224,0.0011375,-0.000565,0.013384
0.0009747,-0.0008581,0.0134672,0.0009743,-0.0008581,0.013529
0.0016068,-0.0010871,0.013563,0.0016061,-0.0010869,0.0136248
0.0005994,-0.0010243,0.0135298,0.0005992,-0.0010242,0.0135919
0.0009355,-0.0008511,0.0138207,0.0009351,-0.000851,0.0138834
0.0008198,-0.0003758,0.0132359,0.0008196,-0.000376,0.0132975
0.0008429,-0.0003068,0.0129623,0.0008428,-0.000307,0.0130231
0.0006707,-4.55e-05,0.0131298,0.0006706,-4.58e-05,0.0131912
0.0006475,-0.0006471,0.0134186,0.0006474,-0.0006472,0.0134805
0.0001671,-0.0007672,0.0134313,0.0001671,-0.0007673,0.0134933
-9.11e-05,-0.0006861,0.01351,-9.11e-05,-0.0006863,0.0135723
0.0005575,-0.0002788,0.0134112,0.0005573,-0.000279,0.0134733
0.0007114,-0.000615,0.0137852,0.0007112,-0.0006151,0.013848
0.0002742,-0.0010743,0.0134617,0.0002741,-0.0010743,0.0135237
0.0006796,-0.0023672,0.0116256,0.0006794,-0.0023667,0.0116808
0.001022,-0.0026244,0.0115306,0.0010216,-0.0026236,0.0115854
0.0010955,-0.0020203,0.0116128,0.0010952,-0.00202,0.0116681
0.0015429,-0.002105,0.0115938,0.0015423,-0.0021044,0.0116489
0.0013388,-0.0017555,0.0116413,0.0013385,-0.0017553,0.0116968
0.0005855,-0.0003339,0.011573,0.0005856,-0.0003341,0.0116289
0.0005393,-0.0019728,0.0116734,0.0005392,-0.0019727,0.0117291
0.0002296,-0.0019854,0.0117808,0.0002296,-0.0019853,0.0118369
-0.0001711,-0.0004131,0.0116505,-0.0001712,-0.0004134,0.0117068
0.0004179,-0.0005713,0.0120996,0.0004179,-0.0005716,0.0121577
0.0010358,-0.0021756,0.0119238,0.0010355,-0.0021751,0.0119803
0.0011028,-0.0024667,0.0120463,0.0011023,-0.002466,0.0121031
0.0014256,-0.0025952,0.0120613,0.0014249,-0.0025943,0.012118
0.0007345,-0.0024992,0.0118995,0.0007342,-0.0024986,0.0119558
0.0010087,-0.0016607,0.0118836,0.0010086,-0.0016607,0.0119402
0.0008571,-0.002495,0.012343,0.0008568,-0.0024943,0.0124009
0.0008006,-0.0020456,0.0117965,0.0008004,-0.0020454,0.0118526
0.0006195,-0.0015974,0.0115053,0.0006195,-0.0015975,0.0115605
0.0005842,-0.0012714,0.011786,0.0005842,-0.0012716,0.0118425
0.0003791,0.0002533,0.0114773,0.0003792,0.0002533,0.0115328
-0.0002683,-0.0003279,0.0123397,-0.0002684,-0.0003281,0.0123986
0.000514,0.0003072,0.0122383,0.000514,0.000307,0.0122969
0.0007992,-0.0020669,0.0121225,0.000799,-0.0020666,0.0121799
0.0003529,-0.0015411,0.0115767,0.0003529,-0.0015413,0.0116323
0.0006612,-0.0015937,0.0118851,0.0006611,-0.0015937,0.0119419
-5.48e-05,-0.0020811,0.0120393,-5.49e-05,-0.0020809,0.0120964
0.0006458,-0.0021505,0.0124958,0.0006456,-0.00215,0.0125544
0.0001575,-0.002432,0.0119027,0.0001574,-0.0024315,0.0119591
0.0003127,-0.0017869,0.015516,0.0003125,-0.0017866,0.0155814
0.0007446,-0.0013578,0.0156298,0.0007443,-0.0013577,0.0156956
-6.83e-05,-0.0017949,0.0154429,-6.83e-05,-0.0017946,0.0155083
0.0003496,-0.0014339,0.0157076,0.0003495,-0.0014338,0.0157735
-0.0002004,-0.0014259,0.0159775,-0.0002004,-0.0014258,0.0160436
0.0001766,-0.0014559,0.0159665,0.0001765,-0.0014558,0.0160327
0.0003137,-0.0023,0.0157762,0.0003135,-0.0022996,0.0158418
0.0002908,-0.0028403,0.0149362,0.0002906,-0.0028394,0.0150004
0.000688,-0.0029523,0.0147836,0.0006876,-0.0029514,0.0148474
0.0005609,-0.0027313,0.0149612,0.0005606,-0.0027304,0.0150254
0.0001628,-0.0025462,0.0151997,0.0001627,-0.0025454,0.0152644
0.0003998,-0.0027902,0.0153938,0.0003995,-0.0027895,0.0154587
0.0009776,-0.0034391,0.0165465,0.0009773,-0.0034389,0.0166122
6.26e-05,-0.0033521,0.0165233,6.25e-05,-0.0033519,0.0165891
0.0004636,-0.0034641,0.0164684,0.0004634,-0.0034638,0.0165341
0.0001446,-0.0030341,0.0165701,0.0001445,-0.0030339,0.0166362
0.0005486,-0.0030821,0.0165413,0.0005484,-0.0030819,0.0166072
0.0002875,-0.0013159,0.0162794,0.0002874,-0.0013159,0.0163459
0.0002254,-0.0009729,0.0167672,0.0002253,-0.0009732,0.0168342
0.0004254,-0.0011249,0.0168634,0.0004253,-0.0011252,0.0169303
-0.0001943,-0.002072,0.0155681,-0.0001943,-0.0020716,0.0156335
-0.0004563,-0.001815,0.0155119,-0.0004562,-0.0018147,0.0155773
1.77e-05,-0.0014598,0.0155616,1.76e-05,-0.0014597,0.0156273
-0.0008743,-0.001697,0.0156058,-0.0008741,-0.0016968,0.0156714
-0.0006093,-0.0014899,0.0154327,-0.0006092,-0.0014897,0.0154982
-0.0003993,-0.002274,0.015762,-0.0003993,-0.0022737,0.0158277
-0.0007085,-0.0034471,0.0166002,-0.0007084,-0.0034469,0.016666
-0.0003355,-0.0034631,0.0165542,-0.0003355,-0.0034629,0.01662
-0.0007133,-0.001995,0.015631,-0.0007132,-0.0019947,0.0156965
-0.0008703,-0.0013529,0.0155107,-0.0008701,-0.0013528,0.0155762
-0.0011003,-0.001472,0.0154678,-0.0011,-0.0014718,0.0155333
-0.0012563,-0.001557,0.0158327,-0.001256,-0.0015569,0.0158986
-0.0012934,-0.0022172,0.0151826,-0.0012929,-0.0022166,0.0152473
-0.0010374,-0.0027733,0.0148522,-0.001037,-0.0027724,0.0149161
-0.0007723,-0.0030935,0.0148374,-0.000772,-0.0030924,0.0149012
-0.0006843,-0.0027663,0.0149041,-0.0006841,-0.0027654,0.0149682
-0.0011434,-0.0026093,0.015006,-0.001143,-0.0026085,0.0150702
-0.0011974,-0.0025322,0.0152367,-0.001197,-0.0025315,0.0153014
-0.0013233,-0.0010341,0.0167773,-0.0013232,-0.0010343,0.0168442
-0.0014105,-0.0032742,0.0166242,-0.0014103,-0.003274,0.0166899
-0.0010655,-0.0033812,0.0165402,-0.0010653,-0.0033809,0.0166059
-0.0017895,-0.0030452,0.0165441,-0.0017892,-0.003045,0.0166099
-0.0024755,-0.0025682,0.0166231,-0.0024751,-0.0025681,0.0166889
-0.0020635,-0.0025711,0.0165411,-0.0020631,-0.0025711,0.016607
-0.0031715,-0.0016322,0.0166791,-0.003171,-0.0016323,0.016745
-0.0015074,-0.000933,0.0156777,-0.0015068,-0.000933,0.0157435
-0.0015674,-0.001443,0.0159018,-0.001567,-0.001443,0.0159677
-0.0012493,-0.0009599,0.0154617,-0.0012489,-0.00096,0.0155272
-0.0018054,-0.001371,0.0161058,-0.001805,-0.0013711,0.0161719
-0.0018094,-0.001256,0.0154052,-0.0018088,-0.0012559,0.0154704
-0.0026837,-0.0012491,0.0149191,-0.0026826,-0.0012489,0.0149833
-0.0021505,-0.0013341,0.0149837,-0.0021497,-0.0013338,0.0150482
-0.0023346,-0.0014691,0.0152117,-0.0023337,-0.0014688,0.0152764
-0.0019745,-0.0014421,0.0151795,-0.0019737,-0.0014418,0.0152443
-0.0028188,-0.0009821,0.0147853,-0.0028176,-0.0009819,0.0148493
-0.0026926,-0.0010571,0.0152388,-0.0026916,-0.001057,0.0153035
-0.0033955,-0.0010932,0.0166412,-0.003395,-0.0010934,0.0167071
-0.0029824,-0.0011442,0.0165401,-0.0029819,-0.0011444,0.0166061
-0.0033421,-0.0004489,0.0143064,-0.0033405,-0.000449,0.0143693
-0.003068,-0.0005909,0.0142971,-0.0030666,-0.0005909,0.0143601
-0.0029861,-0.0002928,0.0141353,-0.0029846,-0.000293,0.014198
-0.0026691,-0.0002248,0.0139951,-0.0026678,-0.0002249,0.0140576
-0.002782,0.0001473,0.0141901,-0.0027807,0.0001469,0.0142529
-0.003147,-0.0002819,0.0145189,-0.0031455,-0.0002821,0.0145823
-0.0030159,-0.000616,0.0146287,-0.0030145,-0.000616,0.0146923
-0.0032733,-0.0004859,0.0139768,-0.0032716,-0.0004859,0.014039
-0.0019484,0.000153,0.015586,-0.0019478,0.0001526,0.0156517
-0.0016363,0.000203,0.0156408,-0.0016358,0.0002026,0.0157066
-0.0015393,0.0004531,0.0155059,-0.0015389,0.0004525,0.0155715
-0.0012513,0.0004581,0.0152497,-0.0012509,0.0004576,0.0153151
-0.0014764,0.0008501,0.0154201,-0.0014759,0.0008494,0.0154856
-0.0011633,9.49e-05,0.0160304,-0.001163,9.45e-05,0.0160967
-0.0018204,0.000374,0.015637,-0.0018198,0.0003735,0.0157027
-0.0018114,-0.000129,0.0156808,-0.0018108,-0.0001293,0.0157466
-0.0020054,2.51e-05,0.0152603,-0.0020047,2.47e-05,0.0153254
-0.0022825,3.1e-06,0.0150906,-0.0022817,2.7e-06,0.0151554
-0.0025767,0.0010483,0.0148235,-0.0025757,0.0010475,0.0148877
-0.0025517,-8.59e-05,0.014892,-0.0025506,-8.62e-05,0.0149563
-0.0026458,2.82e-05,0.0145564,-0.0026446,2.79e-05,0.0146201
-0.0031181,0.0002353,0.0142713,-0.0031166,0.0002349,0.0143342
-0.0021468,-4.97e-05,0.0141383,-0.0021459,-5e-05,0.0142013
-0.0030129,4.52e-05,0.0145268,-0.0030115,4.49e-05,0.0145903
-0.003044,0.0005043,0.014529,-0.0030425,0.0005038,0.0145925
-0.0032301,-9.48e-05,0.0142484,-0.0032285,-9.5e-05,0.0143112
-0.0033147,0.0003536,0.013428,-0.003313,0.0003531,0.0134889
-0.0028384,0.0001114,0.0134831,-0.0028371,0.0001111,0.0135443
-0.0029996,0.0004206,0.0134255,-0.0029981,0.0004201,0.0134866
-0.0026016,0.0004907,0.0132372,-0.0026004,0.0004902,0.0132979
-0.0032035,0.0007497,0.0135997,-0.0032019,0.000749,0.013661
-0.0028962,0.0006636,0.013761,-0.0028948,0.000663,0.0138228
-0.0030223,5.23e-05,0.0138757,-0.0030207,5.2e-05,0.0139378
-0.0026281,8.34e-05,0.0138493,-0.0026269,8.3e-05,0.0139114
-0.0032454,-0.0001788,0.01386,-0.0032437,-0.000179,0.013922
-0.0032626,-1.6e-06,0.0134927,-0.0032609,-1.9e-06,0.0135538
-0.0030566,-0.0002608,0.0133825,-0.0030551,-0.0002609,0.0134434
-0.0007007,0.0003729,0.0131408,-0.0007007,0.0003726,0.0132022
-0.0004004,0.0003939,0.0130656,-0.0004004,0.0003936,0.0131269
-0.0002682,0.0004849,0.0132963,-0.0002683,0.0004846,0.0133582
-0.0004174,0.0007212,0.013072,-0.0004174,0.000721,0.0131332
-8.01e-05,0.0006001,0.0130568,-8.01e-05,0.0005999,0.013118
0.0003193,0.0007002,0.0131569,0.0003192,0.0006999,0.0132184
-0.0001001,0.0012215,0.0131536,-0.0001001,0.0012211,0.0132149
9.4e-05,0.0003208,0.0132921,9.4e-05,0.0003205,0.013354
-0.0007627,0.0007842,0.0131732,-0.0007626,0.0007838,0.0132346
-0.0004504,0.0011644,0.0132834,-0.0004503,0.0011639,0.013345
-0.0003493,0.0008451,0.0134736,-0.0003493,0.0008447,0.0135358
-0.0005124,0.0003237,0.0134571,-0.0005124,0.0003234,0.0135193
-0.0001021,0.0003837,0.0135298,-0.0001022,0.0003834,0.0135923
-0.0008057,0.0004758,0.0135075,-0.0008056,0.0004754,0.0135697
-0.0010979,0.0004318,0.0132132,-0.0010978,0.0004315,0.0132746
-8.6e-05,0.000136,0.0119705,-8.61e-05,0.0001358,0.0120282
-0.0005595,-0.0001087,0.0133281,-0.0005595,-0.0001089,0.01339
-0.0004414,0.0007288,0.01391,-0.0004413,0.0007283,0.0139731
-0.0009108,0.0011264,0.013061,-0.0009106,0.001126,0.0131219
-0.0006966,0.000836,0.0135388,-0.0006964,0.0008356,0.013601
-0.0008226,0.0007078,0.0138354,-0.0008224,0.0007073,0.0138982
-0.0008438,7.15e-05,0.0132935,-0.0008437,7.13e-05,0.0133553
-0.0006856,-0.0003208,0.0134941,-0.0006855,-0.000321,0.0135564
-0.0011009,-0.0005193,0.0115194,-0.0011011,-0.0005195,0.0115749
-0.0009567,0.0004306,0.0138752,-0.0009564,0.0004302,0.0139382
-0.0024163,0.0004083,0.0117237,-0.0024156,0.0004081,0.0117796
-0.0020145,0.0004294,0.0116199,-0.0020143,0.0004293,0.0116754
-0.0017606,0.0004964,0.0118106,-0.0017605,0.0004962,0.011867
-0.0015627,0.0003904,0.0115499,-0.0015628,0.0003903,0.0116054
-0.0015518,0.0007562,0.0115203,-0.0015518,0.000756,0.0115757
-0.0015712,0.0012596,0.0118459,-0.001571,0.0012593,0.0119025
-0.0015525,3.98e-05,0.0116654,-0.0015526,3.96e-05,0.0117214
-0.0013489,9.7e-06,0.0120254,-0.0013489,9.5e-06,0.0120829
-0.001403,0.0004624,0.0119537,-0.001403,0.0004622,0.012011
-0.0019242,0.0008292,0.0116568,-0.001924,0.0008289,0.0117125
-0.0022871,0.0007761,0.0116979,-0.0022865,0.0007757,0.0117537
-0.0019428,0.0012966,0.0118987,-0.0019424,0.0012962,0.0119552
-0.0018162,0.0005984,0.0121439,-0.001816,0.0005981,0.0122016
-0.002351,0.000289,0.0120821,-0.0023504,0.0002887,0.0121392
-0.0020366,0.0002259,0.0120034,-0.0020363,0.0002257,0.0120605
-0.0018709,0.0001449,0.0117278,-0.0018708,0.0001448,0.0117839
-0.0002864,0.0001241,0.0113963,-0.0002865,0.000124,0.0114515
-0.0023276,0.0013674,0.0117263,-0.0023268,0.0013668,0.0117821
-0.0021347,0.0009509,0.0119912,-0.0021343,0.0009505,0.0120481
-0.0015102,0.0008139,0.0118483,-0.0015101,0.0008137,0.011905
-0.0023491,0.0013125,0.0120613,-0.0023483,0.0013118,0.0121183
-0.0022063,0.0007744,0.0123443,-0.0022057,0.000774,0.0124026
-0.0021308,0.0005744,0.0119759,-0.0021304,0.0005741,0.0120328
-0.002287,-0.0001896,0.011992,-0.0022866,-0.0001898,0.0120489
-0.0023894,0.0004871,0.0124233,-0.0023886,0.0004867,0.0124817
-0.002369,0.0004229,0.0127247,-0.0023681,0.0004225,0.0127841
-0.0024493,0.0004592,0.0102535,-0.0024485,0.000459,0.0103032
-0.0020754,0.0004388,0.0101879,-0.0020748,0.0004386,0.0102374
-0.0015883,0.0005086,0.0101857,-0.0015881,0.0005085,0.0102354
-0.0016852,0.0008708,0.0102704,-0.001685,0.0008706,0.0103204
-0.0015963,0.0013767,0.0103171,-0.0015959,0.0013763,0.0103673
-0.0015437,3e-06,0.0102516,-0.0015436,2.9e-06,0.0103015
-0.0022758,5.27e-05,0.0102542,-0.0022752,5.25e-05,0.010304
-0.0010369,-0.0004671,0.0100849,-0.0010368,-0.0004671,0.010134
-0.0016003,-0.000312,0.0102215,-0.0016001,-0.000312,0.0102713
-0.000203,-0.0004351,0.0100918,-0.0002032,-0.0004352,0.0101409
-0.0009283,9.17e-05,0.0101846,-0.0009284,9.16e-05,0.0102343
-0.0011493,-0.0005,0.0107126,-0.0011494,-0.0005002,0.0107645
-0.0008772,-0.0003883,0.0093878,-0.000877,-0.0003883,0.0094338
-0.0002563,-0.0004143,0.0108502,-0.0002565,-0.0004146,0.0109029
-0.001488,-9.46e-05,0.010619,-0.001488,-9.46e-05,0.0106705
-0.0002845,0.0003117,0.0108701,-0.0002846,0.0003117,0.0109229
-0.0015766,0.0003024,0.0106086,-0.0015766,0.0003023,0.0106601
-0.002042,0.0009263,0.0101433,-0.0020414,0.0009259,0.0101927
-0.0023582,0.0008539,0.0103264,-0.0023574,0.0008535,0.0103766
-0.0020234,0.0013238,0.0104077,-0.0020228,0.0013233,0.0104581
-0.0020191,0.0009207,0.0105513,-0.0020186,0.0009203,0.0106025
-0.0018737,0.0005675,0.0107682,-0.0018735,0.0005673,0.0108203
-0.0023092,0.0004854,0.0106381,-0.0023086,0.0004851,0.0106896
-0.0020123,0.0002073,0.0105573,-0.002012,0.0002071,0.0106085
-0.0018459,0.0001696,0.0102819,-0.0018456,0.0001694,0.0103319
-0.000301,5.41e-05,0.0100856,-0.0003011,5.41e-05,0.0101348
-0.0008908,0.000143,0.0094727,-0.0008906,0.0001429,0.0095191
-0.0018337,0.0004329,0.0111914,-0.0018337,0.0004328,0.0112453
-0.0024818,0.001234,0.0103018,-0.0024808,0.0012334,0.0103517
-0.0014739,0.0007855,0.0105494,-0.0014738,0.0007853,0.0106006
-0.0023084,0.0012083,0.0106322,-0.0023076,0.0012078,0.0106835
-0.0021868,0.0007476,0.0108656,-0.0021862,0.0007473,0.0109181
-0.0022748,7.34e-05,0.0107252,-0.0022743,7.32e-05,0.010777
-0.0022962,-0.0002156,0.0105531,-0.0022956,-0.0002156,0.0106042
-0.002339,0.0005862,0.0110834,-0.0023383,0.0005859,0.0111367
-0.0012693,0.000908,0.0156689,-0.001269,0.0009073,0.0157348
-0.0015534,0.0013011,0.0155404,-0.0015529,0.0013002,0.015606
-0.0012134,0.0012021,0.0154731,-0.001213,0.0012013,0.0155388
-0.0012483,0.0008589,0.0160187,-0.0012481,0.0008583,0.0160851
-0.0020515,0.0011582,0.0152128,-0.0020508,0.0011574,0.0152778
-0.0018304,0.000657,0.0156481,-0.0018298,0.0006564,0.0157139
-0.0028058,0.0012624,0.0147978,-0.0028046,0.0012615,0.0148619
-0.0019906,0.0012904,0.0147513,-0.0019898,0.0012895,0.0148155
-0.0024116,0.0012012,0.0152111,-0.0024107,0.0012004,0.015276
-0.0025647,0.0006872,0.0149332,-0.0025636,0.0006866,0.0149976
-0.0027228,0.0008284,0.0145218,-0.0027216,0.0008277,0.0145854
-0.0018306,0.0029299,0.0165252,-0.0018303,0.0029289,0.0165912
-0.0015126,0.0028489,0.0165391,-0.0015123,0.0028479,0.0166053
-0.0012114,0.0016291,0.0154576,-0.001211,0.0016282,0.0155231
-0.0007744,0.0016411,0.0156353,-0.0007742,0.0016401,0.0157012
-0.0008514,0.0019952,0.0155548,-0.0008512,0.001994,0.0156204
-0.0004704,0.0018431,0.0156655,-0.0004703,0.001842,0.0157313
-0.0005314,0.0015779,0.0158551,-0.0005313,0.001577,0.0159213
-0.0011095,0.00194,0.0160145,-0.0011092,0.001939,0.0160807
-0.0011135,0.0020273,0.015248,-0.0011131,0.0020261,0.0153132
-0.0012385,0.0022255,0.0149206,-0.001238,0.0022242,0.0149851
-0.0011595,0.0023414,0.0151235,-0.0011591,0.0023401,0.0151883
-0.0011565,0.0025586,0.0149439,-0.0011561,0.0025571,0.0150084
-0.0019846,0.0015694,0.0149183,-0.0019838,0.0015684,0.0149828
-0.0016595,0.0016154,0.0149062,-0.0016589,0.0016144,0.0149707
-0.0015316,0.0019296,0.0147256,-0.0015309,0.0019284,0.0147897
-0.0016605,0.0016073,0.0152899,-0.0016599,0.0016062,0.0153551
-0.0019087,0.0020027,0.014551,-0.0019078,0.0020014,0.0146148
-0.0019228,0.0023731,0.0140271,-0.0019219,0.0023716,0.0140897
-0.0019978,0.002535,0.0143509,-0.0019968,0.0025334,0.0144141
-0.0014166,0.002327,0.0141955,-0.001416,0.0023255,0.0142586
-0.0017227,0.0022858,0.0144184,-0.0017219,0.0022844,0.0144818
-0.0017077,0.0026951,0.0141881,-0.0017069,0.0026935,0.014251
-0.0013016,0.0027592,0.0141361,-0.001301,0.0027575,0.0141989
-0.0017907,0.0026168,0.0146065,-0.0017899,0.0026153,0.0146702
-0.0013365,0.0021967,0.014531,-0.001336,0.0021954,0.0145947
-0.0021828,0.0022308,0.0144216,-0.0021818,0.0022294,0.0144849
-0.0011546,0.0033399,0.0165504,-0.0011544,0.0033388,0.0166165
-0.0006986,0.0031889,0.0165163,-0.0006985,0.0031878,0.0165825
-0.0011273,0.0006508,0.0164305,-0.0011272,0.0006502,0.0164972
0.0013434,0.0028779,0.0166035,0.0013431,0.0028769,0.0166698
0.0013594,0.00325,0.0165258,0.0013591,0.0032489,0.0165918
0.0028441,-0.0052406,0.000487,0.0028407,-0.0052339,0.0004889
0.0034534,-0.0049899,0.000518,0.0034493,-0.0049837,0.0005194
-0.0005504,0.001462,0.0155441,-0.0005502,0.0014611,0.0156099
-8.34e-05,0.0015281,0.0154742,-8.34e-05,0.0015271,0.0155399
-0.0002634,0.001666,0.0156653,-0.0002634,0.0016651,0.0157312
-0.0001065,0.0015709,0.0159331,-0.0001065,0.0015701,0.0159994
-0.0005614,0.0029282,0.014238,-0.0005611,0.0029264,0.0143011
-0.0002433,0.0030462,0.0142711,-0.0002432,0.0030444,0.0143343
-0.0001203,0.003148,0.0145709,-0.0001203,0.0031462,0.0146346
-0.0004484,0.003099,0.0145798,-0.0004482,0.0030972,0.0146435
-0.0003164,0.003285,0.0147089,-0.0003163,0.0032831,0.0147728
0.002443,-0.0036223,0.000831,0.00244,-0.0036176,0.0008399
0.0018065,-0.0034074,0.0007853,0.0018042,-0.0034028,0.0007958
0.0023184,-0.003104,0.0007671,0.0023154,-0.0030997,0.0007775
0.0016211,-0.0034887,0.0006328,0.0016189,-0.0034836,0.0006429
0.0018416,-0.0029319,0.0008452,0.0018393,-0.0029278,0.0008571
0.0017672,-0.0029358,0.0006946,0.0017648,-0.0029315,0.0007061
0.0024633,-0.0037636,0.0012235,0.002461,-0.0037597,0.001233
0.0020621,-0.0040441,0.0013693,0.0020604,-0.0040403,0.0013792
0.0015772,-0.0043431,0.0013054,0.0015759,-0.004339,0.0013148
0.0014188,-0.0042445,0.0010999,0.0014174,-0.0042398,0.0011092
0.0011976,-0.0039185,0.0009862,0.0011963,-0.0039138,0.0009965
0.0011114,-0.0043201,0.0012282,0.0011104,-0.0043157,0.0012379
0.0015762,-0.0041812,0.0014415,0.001575,-0.0041774,0.0014518
0.0014087,-0.0058302,0.0006852,0.0014073,-0.0058236,0.0006872
0.0012583,-0.0055374,0.0005929,0.0012569,-0.0055305,0.0005961
0.0048058,-0.0034283,0.0006728,0.0048004,-0.0034242,0.0006751
0.0049153,-0.0028824,0.0005482,0.0049093,-0.0028787,0.0005512
0.0033598,-0.002134,0.0006415,0.0033552,-0.0021308,0.0006513
0.0035942,-0.0022895,0.0008455,0.0035898,-0.0022864,0.0008549
0.0033176,-0.0022309,0.0009487,0.0033137,-0.002228,0.0009592
0.0027151,-0.0017951,0.0007744,0.0027115,-0.0017924,0.0007866
0.0031071,-0.0018033,0.0007128,0.0031028,-0.0018006,0.0007239
0.0032348,-0.0012198,0.0007756,0.0032305,-0.0012179,0.0007873
0.0032796,-0.0022288,0.0007581,0.0032754,-0.0022256,0.0007682
0.0025639,-0.0021518,0.0010287,0.0025609,-0.002149,0.0010414
0.0056964,-0.0019033,0.0006493,0.00569,-0.001901,0.0006512
0.0032991,-0.0008269,0.0006148,0.0032943,-0.0008254,0.0006262
0.0034564,-0.0003704,0.0008975,0.0034522,-0.0003697,0.0009095
0.0029535,-0.0005648,0.0007993,0.0029495,-0.0005638,0.0008122
0.0031239,-0.0005551,0.000687,0.0031196,-0.0005541,0.0006992
0.0031074,9.97e-05,0.0007276,0.0031031,9.99e-05,0.0007401
0.0034974,-0.0004323,0.0007569,0.0034928,-0.0004315,0.0007684
0.0027223,-0.0010932,0.0007779,0.0027186,-0.0010914,0.0007909
0.0050363,-0.001409,0.0004609,0.0050296,-0.0014069,0.0004657
0.005171,-0.0007972,0.0004449,0.005164,-0.0007959,0.0004496
0.0049764,-0.001596,0.0007586,0.0049707,-0.001594,0.000764
0.0021567,-0.0010975,0.0003488,0.0021531,-0.0010954,0.0003616
0.0025276,-0.0001869,0.0005577,0.0025237,-0.0001864,0.0005708
0.0026309,-5.69e-05,0.0004457,0.0026267,-5.65e-05,0.0004584
0.0016338,-0.0009801,0.0003417,0.001631,-0.0009782,0.0003552
0.0012388,-0.0004448,0.0003019,0.0012367,-0.0004438,0.0003159
0.0054615,-0.0007242,0.0003445,0.005454,-0.000723,0.000348
0.0031055,0.0006326,0.0006314,0.003101,0.0006319,0.0006434
0.0036116,0.0001321,0.0008029,0.0036069,0.0001322,0.0008143
0.0027627,0.0008476,0.0007447,0.0027589,0.0008466,0.0007577
0.002927,0.00153,0.0007444,0.0029231,0.0015281,0.0007565
0.0032512,-0.0001094,0.000621,0.0032465,-0.000109,0.0006328
0.002759,3.83e-05,0.0007698,0.0027552,3.85e-05,0.0007831
0.0044256,0.0002577,0.0010839,0.004421,0.0002577,0.0010934
0.0036969,0.0008211,0.0009086,0.0036925,0.0008203,0.0009198
0.0043805,0.0006443,0.0011816,0.0043762,0.0006439,0.0011915
0.0043409,-6.62e-05,0.0012083,0.0043367,-6.59e-05,0.0012185
0.003817,-7.49e-05,0.0011138,0.0038128,-7.46e-05,0.0011254
0.0041966,-0.0004585,0.0012881,0.0041927,-0.0004578,0.0012989
0.0041443,0.0005998,0.0010276,0.0041398,0.0005993,0.0010378
0.0047746,-3.31e-05,0.0015443,0.0047712,-3.29e-05,0.0015537
0.0021838,0.0002476,0.0003281,0.0021802,0.0002474,0.0003411
0.0025865,0.0007523,0.0004282,0.0025823,0.0007513,0.0004407
0.0014803,0.0002632,0.0002966,0.0014778,0.0002629,0.0003105
0.0013645,0.0009725,0.0002843,0.0013622,0.000971,0.000298
0.0011901,0.0002499,0.0003904,0.0011882,0.0002498,0.0004048
0.0034223,0.0019342,0.0009448,0.0034183,0.0019321,0.0009556
0.0027231,0.0019944,0.000708,0.0027194,0.0019918,0.0007198
0.0030289,0.0020051,0.0008487,0.0030251,0.0020027,0.0008602
0.0028481,0.001601,0.0008452,0.0028444,0.0015991,0.0008577
0.0039948,0.0015588,0.0010553,0.0039905,0.0015573,0.0010653
0.0043253,0.0018558,0.0013059,0.0043216,0.0018544,0.001315
0.004347,0.0012497,0.0014612,0.0043436,0.0012489,0.0014715
0.0036465,0.0016775,0.0013551,0.0036431,0.0016762,0.0013669
0.0040875,0.0010747,0.0010603,0.0040832,0.0010737,0.0010706
0.0022327,0.0015454,0.0003887,0.0022291,0.0015431,0.0004012
0.0023763,0.0021542,0.0005892,0.0023729,0.0021512,0.0006011
0.001306,0.0022517,0.00035,0.0013038,0.0022482,0.0003626
0.0019122,0.0020448,0.0005319,0.0019093,0.0020419,0.0005446
0.0054662,0.001666,0.0005477,0.0054595,0.0016642,0.0005506
0.0057635,0.0016755,0.0007196,0.0057574,0.0016739,0.0007214
0.0049763,0.0024859,0.0004828,0.0049699,0.002483,0.0004864
0.0047472,0.0031209,0.0005548,0.0047414,0.0031173,0.0005581
0.0049543,0.0023371,0.0006501,0.0049484,0.0023345,0.0006543
0.0018,0.0030281,0.0005679,0.0017975,0.0030239,0.000579
0.0020902,0.0031889,0.0009142,0.0020877,0.0031852,0.0009253
0.0023322,0.0024049,0.0006875,0.002329,0.0024017,0.0006993
0.0022303,0.0027337,0.0008286,0.0022275,0.0027303,0.0008403
0.0015622,0.0031112,0.0006575,0.0015601,0.003107,0.0006689
0.0013128,0.0027259,0.0006769,0.001311,0.0027221,0.0006895
0.0016031,0.0024096,0.0007918,0.001601,0.0024065,0.000805
0.0036886,0.0023566,0.001574,0.0036858,0.002355,0.0015852
0.003493,0.0028559,0.0016418,0.0034905,0.0028541,0.0016528
0.0034814,0.0027836,0.0018254,0.0034792,0.002782,0.001837
0.0034952,0.0022748,0.0017649,0.0034928,0.0022735,0.0017774
0.0035839,0.0022902,0.0019754,0.0035817,0.002289,0.0019882
0.0020859,0.0037312,0.0010874,0.0020837,0.0037275,0.0010976
0.0022297,0.0033886,0.001303,0.0022275,0.0033855,0.0013144
0.0031609,0.0033746,0.0013889,0.0031582,0.003372,0.0013986
0.0033097,0.0036798,0.0016282,0.0033074,0.0036775,0.0016373
0.0023979,0.0039293,0.0014583,0.0023959,0.0039263,0.0014682
0.0029715,0.0032112,0.001573,0.0029693,0.0032089,0.0015841
0.0024366,0.0033713,0.0015984,0.0024347,0.0033688,0.0016104
0.0027464,0.0037791,0.0016188,0.0027445,0.0037767,0.001629
0.0022818,0.003939,0.001663,0.0022801,0.0039364,0.0016738
0.0026394,0.0036776,0.0017571,0.0026376,0.0036753,0.0017682
0.0024415,0.0032968,0.0017662,0.0024398,0.0032946,0.0017789
0.0023859,0.0030174,0.001954,0.0023844,0.0030155,0.001968
0.0022775,0.0054546,0.0006555,0.0022749,0.0054487,0.0006578
0.0008536,0.0005747,0.0014053,0.0008527,0.0005743,0.0014228
0.0012752,0.0007206,0.0014842,0.0012739,0.00072,0.0015016
0.0015631,0.0011917,0.0014699,0.0015615,0.0011907,0.0014866
0.0020437,0.0011874,0.0015591,0.0020418,0.0011864,0.0015754
0.001756,0.0011788,0.0017246,0.0017545,0.001178,0.0017418
0.0006988,0.0012614,0.0026262,0.0006984,0.0012607,0.0026469
0.0010311,0.0011609,0.0014642,0.0010301,0.0011599,0.0014814
0.0008845,0.0011336,0.0016356,0.0008837,0.0011327,0.0016534
0.0006775,0.0003882,0.0025439,0.000677,0.0003882,0.0025649
0.0014578,0.0017763,0.0015335,0.0014564,0.0017748,0.0015499
0.0014192,0.0007222,0.0016987,0.0014179,0.0007217,0.0017165
0.0019209,0.0007199,0.0017554,0.0019191,0.0007195,0.0017727
0.0009686,0.0006647,0.0016216,0.0009676,0.0006642,0.0016396
0.0012886,0.0002382,0.0016395,0.0012873,0.0002382,0.0016574
0.0015302,-0.0002057,0.0017165,0.0015288,-0.0002053,0.0017344
0.0007562,-0.000517,0.0025839,0.0007557,-0.0005165,0.0026049
0.0015636,0.0005859,0.0018946,0.0015622,0.0005855,0.0019129
0.0014024,0.0006172,0.0021038,0.0014013,0.000617,0.0021228
0.0006766,0.0004368,0.0030545,0.0006762,0.0004367,0.003077
0.0004784,0.0011115,0.0014118,0.0004779,0.0011105,0.0014292
0.0010211,0.0016888,0.0015237,0.0010201,0.0016873,0.0015406
0.0004771,0.0011738,0.0016378,0.0004767,0.0011728,0.0016558
0.0009075,0.0016431,0.0017001,0.0009067,0.0016417,0.0017175
0.000909,0.0010627,0.0018849,0.0009082,0.001062,0.0019035
0.0003761,0.0005118,0.0015479,0.0003757,0.0005115,0.001566
-3.45e-05,0.0006175,0.0015778,-3.44e-05,0.0006171,0.0015961
0.0010081,-0.0002542,0.0015922,0.0010071,-0.0002537,0.0016102
0.0010838,0.000585,0.001807,0.0010828,0.0005847,0.0018255
0.0009273,0.002441,0.0023549,0.0009268,0.0024395,0.0023731
0.0010416,0.0025883,0.0025047,0.001041,0.002587,0.002523
0.0013146,0.002414,0.0023907,0.0013138,0.0024127,0.0024088
0.0012777,0.0027995,0.0024807,0.001277,0.002798,0.0024984
0.0020483,0.0027823,0.0025599,0.0020473,0.002781,0.0025769
0.0008924,0.0029147,0.0024571,0.0008919,0.0029132,0.0024748
0.0008189,0.0027971,0.0026266,0.0008185,0.0027958,0.0026451
0.0003759,0.0011117,0.0031913,0.0003757,0.0011113,0.0032139
0.0013087,0.0035974,0.0025902,0.0013081,0.0035958,0.0026064
0.0013034,0.0024455,0.0025798,0.0013027,0.0024442,0.0025984
0.0016226,0.0024501,0.0026869,0.0016217,0.0024489,0.0027054
0.0009129,0.0023566,0.0025617,0.0009124,0.0023554,0.0025808
0.0011782,0.002164,0.0024805,0.0011775,0.0021629,0.0024994
0.0012689,0.0024003,0.002884,0.0012683,0.0023992,0.0029036
0.00132,0.0023754,0.0030837,0.0013194,0.0023744,0.003104
0.0003806,0.0029184,0.0024788,0.0003804,0.0029168,0.0024968
0.0009742,0.0034148,0.0025429,0.0009738,0.0034132,0.0025596
2.41e-05,0.0028159,0.0026272,2.41e-05,0.0028145,0.0026459
-0.0004166,0.0011914,0.003115,-0.0004163,0.0011909,0.0031373
0.0009669,0.0034239,0.0027998,0.0009665,0.0034225,0.0028174
0.0008732,0.0029041,0.0028811,0.0008728,0.0029028,0.0029001
0.0007506,0.002746,0.0030599,0.0007503,0.0027447,0.0030798
0.0003534,0.0026495,0.0026005,0.0003533,0.0026481,0.0026194
0.0007958,0.0019757,0.0024513,0.0007953,0.0019746,0.0024706
0.0008434,0.0024862,0.0028067,0.000843,0.002485,0.0028263
0.0001195,0.0056393,0.0005608,0.0001194,0.0056326,0.000564
0.0006481,0.0056833,0.0005549,0.0006474,0.0056765,0.0005578
-0.0001822,0.0028119,0.0005321,-0.0001819,0.0028077,0.0005447
-0.0003801,0.0032503,0.0005782,-0.0003795,0.0032456,0.0005899
-2.53e-05,0.0032557,0.0008465,-2.52e-05,0.0032516,0.000859
-7.2e-05,0.0028504,0.0006621,-7.19e-05,0.0028464,0.000675
0.0002874,0.002464,0.0007025,0.000287,0.0024606,0.0007163
-0.0008472,0.0028375,0.0007217,-0.0008459,0.0028337,0.0007345
-4.59e-05,0.0027002,0.0008043,-4.58e-05,0.0026967,0.0008179
-0.0001478,0.0034532,0.0007401,-0.0001476,0.0034486,0.0007517
-0.000706,0.0026151,0.0007997,-0.000705,0.0026117,0.0008133
-0.0014388,0.002778,0.0008098,-0.0014368,0.0027744,0.0008226
-0.0007252,0.0042039,0.0013342,-0.0007244,0.0042002,0.001345
-0.000538,0.0046218,0.0014897,-0.0005375,0.0046183,0.0014995
-0.0001589,0.004285,0.001366,-0.0001587,0.0042813,0.0013768
-0.0002171,0.0043135,0.0015717,-0.0002169,0.0043103,0.0015831
0.0004031,0.0044268,0.0016356,0.0004029,0.0044237,0.0016466
-0.0008419,0.0043334,0.0015992,-0.0008411,0.0043302,0.0016103
-0.0008028,0.0050145,0.0016756,-0.0008022,0.0050115,0.0016841
-0.0006877,0.0041857,0.0018064,-0.0006872,0.004183,0.0018186
-0.001239,0.0041431,0.0018153,-0.0012381,0.0041405,0.0018273
-0.0011089,0.0056961,0.0005551,-0.0011075,0.0056895,0.0005576
-0.0005055,0.0056285,0.0005679,-0.0005048,0.0056219,0.0005711
-0.0013939,0.0030962,0.0006385,-0.0013918,0.0030919,0.0006501
-0.0015823,0.0027379,0.0006743,-0.0015799,0.0027342,0.0006866
-0.0020312,0.0032366,0.0007164,-0.0020283,0.0032324,0.000727
-0.002114,0.0033882,0.0008174,-0.0021113,0.0033841,0.0008277
-0.0019302,0.0031449,0.0008794,-0.0019276,0.0031411,0.0008908
-0.0021633,0.0028461,0.0007439,-0.0021603,0.0028424,0.0007554
-0.0020822,0.0026535,0.0008718,-0.0020794,0.0026503,0.0008841
-0.0019503,0.0025569,0.0009883,-0.0019478,0.0025539,0.0010013
-0.0026871,0.0050923,0.0003933,-0.0026835,0.0050858,0.0003959
-0.0019286,0.00529,0.0003628,-0.0019259,0.0052831,0.0003658
-0.0026529,0.0047108,0.0005092,-0.0026494,0.0047048,0.0005134
-0.0020246,0.004644,0.0004546,-0.0020218,0.0046377,0.00046
-0.002266,0.0044369,0.0007426,-0.0022632,0.0044318,0.0007491
-0.0056357,0.0018554,0.0006892,-0.0056293,0.0018536,0.0006914
-0.0052404,0.0020155,0.0005282,-0.0052337,0.0020133,0.0005316
-0.0033878,0.0013737,0.0006679,-0.0033829,0.001372,0.0006789
-0.0026173,0.0013872,0.0008154,-0.0026137,0.0013855,0.0008285
-0.0026641,0.0020571,0.0008676,-0.0026606,0.0020546,0.0008798
-0.002866,0.0014698,0.0007033,-0.0028618,0.001468,0.0007154
-0.002235,0.001665,0.0006572,-0.0022316,0.0016627,0.0006702
-0.0034078,0.0015541,0.0007841,-0.0034032,0.0015523,0.000795
-0.0033725,0.002178,0.0008095,-0.0033681,0.0021755,0.0008197
-0.0028138,0.0021944,0.000744,-0.0028099,0.0021916,0.0007554
-0.0032839,0.0021897,0.0009397,-0.0032799,0.0021872,0.0009505
-0.0032796,0.0015355,0.0009019,-0.0032754,0.0015338,0.0009135
-0.0038055,0.0015325,0.0010133,-0.003801,0.001531,0.0010237
-0.0039226,0.0018055,0.0012312,-0.0039186,0.0018039,0.0012416
-0.0041739,0.0012387,0.001248,-0.0041698,0.0012377,0.0012582
-0.0042122,0.0009714,0.0011051,-0.0042076,0.0009706,0.001115
-0.0046018,0.0012613,0.0013371,-0.0045978,0.0012604,0.0013459
-0.0040453,0.0013771,0.0013958,-0.0040416,0.001376,0.0014068
-0.0013485,0.0005748,0.0014631,-0.001347,0.0005743,0.0014804
-0.0010857,0.0005075,0.0016016,-0.0010845,0.0005072,0.0016195
-0.0003052,0.0004618,0.0014195,-0.0003048,0.0004615,0.0014373
-0.0005626,0.0009845,0.0015204,-0.000562,0.0009837,0.0015382
-0.0001045,0.0009285,0.0013976,-0.0001043,0.0009277,0.0014151
-0.0012107,0.0010052,0.0014792,-0.0012094,0.0010044,0.0014965
-0.0006763,0.0017002,0.0015237,-0.0006755,0.0016986,0.0015408
-0.0007292,0.0009943,0.0019342,-0.0007285,0.0009936,0.0019531
-0.0006039,0.000416,0.0016001,-0.0006033,0.0004157,0.0016184
-0.0015578,0.0009442,0.0016355,-0.0015562,0.0009435,0.001653
-0.0009025,-0.0001104,0.0015584,-0.0009016,-0.0001101,0.0015764
-0.0006089,-0.0005091,0.001628,-0.0006083,-0.0005083,0.0016463
-0.0005126,0.0006531,0.0018157,-0.000512,0.0006527,0.0018345
-0.0012004,0.0018115,0.0015479,-0.0011991,0.0018098,0.0015646
-0.0010482,0.001152,0.0016377,-0.0010471,0.0011511,0.0016554
-0.0009835,0.0012589,0.0018376,-0.0009826,0.001258,0.0018558
-0.0010862,0.0006893,0.0019271,-0.0010852,0.0006889,0.001946
-0.0030214,0.0005258,0.0024376,-0.0030195,0.0005257,0.0024551
-0.002725,0.0007652,0.0025443,-0.0027234,0.0007649,0.0025627
-0.0025255,0.0004345,0.0023808,-0.0025238,0.0004344,0.0023992
-0.0022241,0.0007114,0.0024825,-0.0022226,0.0007112,0.0025016
-0.0019852,0.0004184,0.0022979,-0.0019838,0.0004183,0.0023169
-0.002038,0.0010281,0.0023737,-0.0020366,0.0010276,0.0023926
-0.0019384,0.0004683,0.0025866,-0.0019371,0.0004682,0.0026065
-0.0024595,0.0010178,0.0024098,-0.0024579,0.0010173,0.0024282
-0.0031044,0.0009887,0.0025064,-0.0031026,0.0009883,0.0025236
-0.0025505,0.0014423,0.0024135,-0.0025489,0.0014416,0.0024312
-0.0026224,0.0021026,0.0025902,-0.0026209,0.0021016,0.0026076
-0.0024385,0.0005194,0.0026508,-0.002437,0.0005193,0.0026701
-0.00297,0.0005367,0.002714,-0.0029684,0.0005366,0.0027324
-0.002444,0.0005483,0.0029382,-0.0024426,0.0005482,0.0029583
-0.000322,0.0002154,0.0030194,-0.0003218,0.0002154,0.003042
-0.0011585,0.0002807,0.0035899,-0.0011578,0.0002807,0.0036137
-0.0028132,0.0012278,0.0025067,-0.0028116,0.0012273,0.0025244
-0.0031214,0.0014882,0.0026645,-0.0031197,0.0014876,0.0026819
-0.002884,0.0010491,0.0027349,-0.0028824,0.0010487,0.0027533
-0.0028209,0.0014494,0.0028075,-0.0028195,0.0014488,0.002826
-0.0029235,0.0010894,0.0029429,-0.0029221,0.0010891,0.0029619
-0.0029389,0.0004681,0.0029769,-0.0029374,0.0004681,0.0029963
-0.0029954,-0.000517,0.0005738,-0.0029908,-0.000516,0.000586
-0.0026212,9.01e-05,0.0007441,-0.0026174,9.02e-05,0.0007576
-0.0024401,0.0009444,0.0005039,-0.0024362,0.0009432,0.0005168
-0.0028187,4.39e-05,0.0006309,-0.0028145,4.4e-05,0.0006438
-0.0022196,-3.4e-06,0.0006513,-0.0022162,-3.2e-06,0.0006652
-0.0030172,0.0006311,0.0006808,-0.0030128,0.0006304,0.0006933
-0.0029119,-0.0003694,0.0006877,-0.0029076,-0.0003687,0.0007004
-0.0034404,-0.0002086,0.0006312,-0.0034353,-0.000208,0.0006426
-0.0033545,-0.0006551,0.0008035,-0.00335,-0.000654,0.0008154
-0.003411,-0.0004373,0.0007185,-0.0034061,-0.0004364,0.0007301
-0.0033114,0.00031,0.0008163,-0.0033069,0.0003098,0.0008285
-0.0038158,0.000914,0.0009699,-0.0038112,0.0009131,0.0009809
-0.0038457,-0.0004026,0.000916,-0.0038409,-0.0004018,0.0009269
-0.0036883,-0.0002487,0.0010748,-0.003684,-0.0002481,0.0010867
-0.0033741,0.0007998,0.000842,-0.0033696,0.000799,0.0008539
-0.0031548,0.0001967,0.0009621,-0.0031508,0.0001967,0.0009751
-0.0041291,-0.0002108,0.0010424,-0.0041245,-0.0002103,0.0010528
-0.0040894,-0.0004964,0.0012705,-0.0040854,-0.0004957,0.0012816
-0.0045078,0.0002499,0.0014857,-0.004504,0.0002499,0.0014959
-0.00445,-0.0002932,0.0014762,-0.0044463,-0.0002927,0.0014866
-0.0041337,-2.03e-05,0.0016552,-0.0041304,-2e-05,0.0016674
-0.0044392,0.00067,0.0018432,-0.0044362,0.0006698,0.0018548
-0.0044216,9.87e-05,0.0016001,-0.0044182,9.88e-05,0.0016111
-0.0039708,-0.0002165,0.0014229,-0.0039671,-0.0002161,0.0014349
-0.0043782,0.0005752,0.0016464,-0.0043749,0.000575,0.0016575
-0.0043672,-0.0004017,0.0016099,-0.0043638,-0.0004012,0.001621
-0.0047139,-0.0001208,0.0016134,-0.0047105,-0.0001204,0.0016233
-0.0031712,-0.0022396,0.0006412,-0.0031667,-0.0022362,0.0006512
-0.0022967,-0.0025573,0.0005887,-0.0022932,-0.0025533,0.0005998
-0.0025986,-0.0022379,0.0008575,-0.0025952,-0.0022347,0.0008694
-0.0024301,-0.0018481,0.0005195,-0.0024262,-0.001845,0.0005314
-0.0027957,-0.0023696,0.0007395,-0.0027918,-0.0023662,0.0007504
-0.0023461,-0.0025859,0.000761,-0.0023428,-0.0025822,0.0007725
-0.0027184,-0.0017644,0.0006732,-0.0027145,-0.0017617,0.000685
-0.0031724,-0.0022889,0.000933,-0.0031685,-0.0022859,0.0009438
-0.0056664,-0.0018329,0.0006433,-0.0056599,-0.0018306,0.0006453
-0.0052674,-0.001922,0.0005197,-0.0052607,-0.0019194,0.000523
-0.0045315,-0.0017064,0.000613,-0.0045255,-0.001704,0.0006196
-0.0052594,-0.0010702,0.0007785,-0.0052534,-0.0010688,0.0007833
-0.0031718,-0.0010516,0.0006034,-0.003167,-0.0010498,0.0006149
-0.0022202,-0.0010524,0.0005106,-0.0022166,-0.0010505,0.0005238
-0.0026928,-0.0011391,0.0007852,-0.002689,-0.0011373,0.0007982
-0.0024837,-0.0005766,0.0005029,-0.0024797,-0.0005754,0.0005159
-0.0026028,-0.0005949,0.000783,-0.0025991,-0.0005938,0.0007966
-0.0027312,-0.0013029,0.0006811,-0.0027272,-0.0013008,0.0006935
-0.0021652,-0.0010288,0.000691,-0.0021619,-0.0010271,0.0007047
-0.0032594,-0.0012995,0.0008238,-0.0032551,-0.0012975,0.0008354
-0.0054314,-0.002529,0.0006764,-0.0054253,-0.0025259,0.0006783
-0.0047623,-0.0034911,0.0007844,-0.0047572,-0.0034873,0.0007869
-0.0019459,-0.0029175,0.0006547,-0.001943,-0.0029131,0.0006659
-0.0015729,-0.0029125,0.0008629,-0.0015707,-0.0029085,0.0008752
-0.0020891,-0.0031609,0.0007871,-0.0020863,-0.0031565,0.0007978
-0.0014872,-0.0032795,0.0007549,-0.0014851,-0.0032748,0.0007661
-0.0021841,-0.0040376,0.0007815,-0.0021813,-0.0040324,0.0007894
-0.0019431,-0.0032513,0.0009497,-0.0019407,-0.0032472,0.0009609
-0.0025891,-0.0039612,0.0010678,-0.0025863,-0.0039569,0.001076
-0.0024935,-0.0033891,0.001164,-0.0024908,-0.0033854,0.0011744
-0.0024718,-0.0026201,0.0011904,-0.002469,-0.0026171,0.0012027
-0.0019136,-0.0034201,0.0010884,-0.0019114,-0.0034161,0.0010995
-0.0024999,-0.0037815,0.0012643,-0.0024974,-0.0037778,0.0012738
-0.0024204,-0.0031026,0.001289,-0.0024179,-0.0030993,0.0013007
-0.0031069,-0.0026457,0.0011734,-0.0031036,-0.0026428,0.0011843
-0.003108,-0.0024887,0.0013097,-0.0031049,-0.0024861,0.0013212
-0.0028511,-0.0036555,0.0011459,-0.0028482,-0.0036517,0.0011546
-0.0029797,-0.0036556,0.0013473,-0.002977,-0.0036522,0.0013563
-0.0037827,-0.002795,0.001576,-0.0037798,-0.0027927,0.0015857
-0.0035517,-0.0025476,0.0013457,-0.0035484,-0.0025451,0.0013561
-0.0033404,-0.0029302,0.0018298,-0.0033381,-0.0029281,0.0018413
-0.002986,-0.0028284,0.0017429,-0.0029837,-0.0028261,0.0017553
-0.0031862,-0.0025724,0.0016804,-0.0031837,-0.0025702,0.0016926
-0.0029341,-0.0030495,0.0016483,-0.0029318,-0.003047,0.0016601
-0.0034919,-0.0025017,0.0016009,-0.0034891,-0.0024995,0.0016123
-0.0040903,-0.002129,0.0014895,-0.004087,-0.0021271,0.0014993
-0.0038928,-0.0019711,0.0015999,-0.0038897,-0.0019693,0.001611
-0.0036894,-0.0033352,0.0016656,-0.0036869,-0.0033328,0.0016745
-0.0013012,-0.0015163,0.0014757,-0.0012998,-0.0015145,0.0014923
-0.0006943,-0.0015899,0.0014657,-0.0006935,-0.001588,0.0014826
-0.0003965,-0.0013273,0.0015318,-0.0003961,-0.0013257,0.0015493
-0.0006051,-0.0010336,0.0014395,-0.0006044,-0.0010322,0.0014569
5e-05,-0.0008966,0.0014838,5e-05,-0.0008954,0.0015016
-0.0013079,-0.0008543,0.0014675,-0.0013064,-0.0008532,0.0014847
-0.0007408,-0.0004102,0.001404,-0.0007399,-0.0004095,0.0014216
-0.0007147,-0.0009041,0.001591,-0.0007139,-0.0009029,0.0016089
-0.0006409,-0.001401,0.001677,-0.0006403,-0.0013994,0.0016948
-0.0006047,-0.0010154,0.0020131,-0.0006041,-0.0010143,0.0020322
-7.34e-05,-0.0012701,0.00166,-7.32e-05,-0.0012687,0.0016781
0.0003601,-0.0013638,0.0016032,0.0003598,-0.0013622,0.001621
-0.0011998,-0.0014725,0.001675,-0.0011986,-0.0014709,0.0016923
-0.0005564,-0.0014505,0.0019033,-0.0005559,-0.001449,0.0019217
-0.0010227,-0.000641,0.0015211,-0.0010216,-0.0006401,0.0015388
-0.0011295,-0.0008456,0.0016662,-0.0011284,-0.0008445,0.0016841
-0.0013225,-0.0003116,0.0016141,-0.0013211,-0.000311,0.0016319
-0.0011685,-0.0008087,0.0019354,-0.0011675,-0.0008077,0.001954
-0.0011824,-0.001899,0.0017705,-0.0011813,-0.0018971,0.0017876
-0.0009113,-0.0014932,0.0018472,-0.0009104,-0.0014917,0.0018652
-0.0009855,-0.0013869,0.0020456,-0.0009847,-0.0013856,0.0020642
-0.0011398,-0.0030375,0.002531,-0.0011391,-0.0030357,0.0025483
-0.0008359,-0.0030254,0.0026252,-0.0008354,-0.0030235,0.002643
-0.0006463,-0.0032031,0.002483,-0.0006459,-0.0032011,0.0025001
-0.0003146,-0.0030529,0.002544,-0.0003143,-0.003051,0.0025617
-1.85e-05,-0.0026712,0.002416,-1.85e-05,-0.0026693,0.0024342
-0.0012361,-0.0026736,0.0026117,-0.0012354,-0.0026718,0.00263
-0.0006861,-0.0023818,0.0023197,-0.0006856,-0.00238,0.002338
-0.0004708,-0.0026465,0.0025456,-0.0004705,-0.0026447,0.0025642
-0.0005194,-0.0030563,0.0027225,-0.000519,-0.0030545,0.0027407
-1.21e-05,-0.0029992,0.0026507,-1.2e-05,-0.0029973,0.002669
-0.0010575,-0.003095,0.0027729,-0.0010569,-0.0030932,0.0027909
-0.0006378,-0.0021457,0.0024571,-0.0006373,-0.0021441,0.0024762
-0.0004411,-0.0029327,0.0029446,-0.0004408,-0.002931,0.0029639
-0.0008401,-0.0026788,0.0024661,-0.0008396,-0.002677,0.0024842
-0.0010659,-0.0021676,0.0023952,-0.0010652,-0.002166,0.0024138
-0.0009647,-0.0022993,0.0026249,-0.0009641,-0.0022977,0.0026441
-0.0011454,-0.0027354,0.0028802,-0.0011448,-0.0027338,0.0028993
-0.0010437,-0.00253,0.0031125,-0.0010431,-0.0025285,0.0031327
-0.0010139,-0.0029977,0.0031198,-0.0010134,-0.0029961,0.0031392
-0.001901,-0.0056913,0.0006686,-0.0018988,-0.0056848,0.0006704
-0.0032467,-0.0049945,0.0006658,-0.0032429,-0.0049886,0.0006677
-0.0026379,-0.0052462,0.0005861,-0.0026347,-0.0052398,0.0005883
0.0027486,0.0017761,0.0161318,0.0027479,0.0017752,0.0161976
0.0024637,0.00153,0.0139875,0.0024624,0.0015289,0.01405
0.0025466,0.0016468,0.0142603,0.0025452,0.0016457,0.0143234
0.0024446,0.001967,0.0141157,0.0024433,0.0019657,0.0141784
0.0025444,0.0015577,0.0145938,0.0025431,0.0015566,0.0146576
0.0025879,0.0018442,0.0137843,0.0025865,0.0018429,0.0138462
0.0033535,-0.000549,0.0165753,0.0033528,-0.0005494,0.0166413
0.0030807,-0.001111,0.0161862,0.0030798,-0.0011111,0.016252
0.0033978,-0.001111,0.0161265,0.0033968,-0.0011111,0.016192
0.0028069,-0.0021061,0.0159044,0.0028059,-0.0021058,0.0159696
0.001705,-0.0020931,0.0149554,0.0017043,-0.0020925,0.0150197
0.0021802,-0.0021522,0.0148029,0.0021792,-0.0021515,0.0148668
0.0023001,-0.0018841,0.0150606,0.0022991,-0.0018836,0.0151251
0.0025873,-0.0017631,0.014945,0.002586,-0.0017626,0.0150091
0.0021382,-0.001701,0.0148886,0.0021371,-0.0017006,0.0149528
0.0018191,-0.00173,0.0148853,0.0018182,-0.0017296,0.0149496
0.00195,-0.00155,0.0151791,0.0019491,-0.0015497,0.0152439
0.001668,-0.0022551,0.0152781,0.0016672,-0.0022546,0.0153429
0.0016479,-0.001699,0.015193,0.0016472,-0.0016986,0.0152578
0.001686,-0.001384,0.0148861,0.0016853,-0.0013837,0.0149505
0.0025961,-0.001722,0.0153166,0.002595,-0.0017217,0.0153813
0.0015269,-0.0012879,0.0151506,0.0015262,-0.0012878,0.0152156
0.0018669,-0.001942,0.015438,0.0018661,-0.0019417,0.0155031
0.0013567,-0.0009979,0.0154581,0.0013561,-0.0009979,0.0155237
0.0009566,-0.0009848,0.0157098,0.0009562,-0.0009849,0.0157757
0.0013886,-0.0005389,0.015668,0.001388,-0.0005391,0.0157338
0.0006136,-0.0008578,0.0156685,0.0006133,-0.0008579,0.0157344
0.0010416,-0.0006848,0.0155008,0.0010411,-0.0006849,0.0155664
0.0009758,-0.0014309,0.0150693,0.0009753,-0.0014307,0.0151342
0.001039,-0.001259,0.0146375,0.0010385,-0.0012588,0.0147017
0.0009178,-0.0011639,0.015015,0.0009174,-0.0011638,0.0150799
0.00128,-0.0013099,0.0148836,0.0012794,-0.0013097,0.0149481
0.001491,-0.0006688,0.0147446,0.0014903,-0.0006689,0.014809
0.0013248,-0.0009619,0.0151093,0.0013242,-0.0009618,0.0151743
0.0013908,-0.001897,0.0153107,0.0013902,-0.0018966,0.0153758
0.0010017,-0.0012929,0.0153931,0.0010012,-0.0012927,0.0154584
0.0006877,-0.0012739,0.0152329,0.0006874,-0.0012737,0.0152981
0.0009688,-0.001762,0.0153364,0.0009683,-0.0017616,0.0154015
0.0016369,-0.0009999,0.0152376,0.0016361,-0.0009999,0.0153027
0.0025137,-0.0014301,0.0141298,0.0025124,-0.0014296,0.0141924
0.0028369,-0.0009089,0.0140482,0.0028353,-0.0009087,0.0141106
0.0023727,-0.0008739,0.0140285,0.0023715,-0.0008738,0.0140911
0.0030279,-0.0005828,0.0140763,0.0030263,-0.0005828,0.0141389
0.0024375,-0.001354,0.0144463,0.0024362,-0.0013536,0.0145096
0.0025997,-0.0010829,0.0141587,0.0025984,-0.0010827,0.0142215
0.0026574,-0.001304,0.0145973,0.0026561,-0.0013037,0.0146609
0.0023743,-0.0015783,0.0134017,0.002373,-0.0015777,0.0134627
0.0028255,-0.0015233,0.0133834,0.0028239,-0.0015227,0.0134442
0.0028694,-0.0006498,0.0134541,0.0028679,-0.0006497,0.0135151
0.0022859,-0.0014841,0.013749,0.0022847,-0.0014837,0.0138109
0.0025779,-0.00118,0.0138741,0.0025765,-0.0011797,0.0139362
0.0023619,-0.0006148,0.0137388,0.0023607,-0.0006148,0.0138008
0.0020308,-0.0009768,0.0117433,0.0020304,-0.0009768,0.0117992
0.0023979,-0.000964,0.0117169,0.002397,-0.0009638,0.0117726
0.0024876,-0.0006785,0.0116434,0.0024867,-0.0006785,0.0116988
0.0020285,-0.0006405,0.0115219,0.0020282,-0.0006405,0.011577
0.0015109,-0.0006603,0.0116499,0.0015109,-0.0006605,0.0117058
0.002475,-0.0002486,0.0117156,0.0024742,-0.0002487,0.0117713
0.0023735,-0.0007573,0.012034,0.0023727,-0.0007572,0.012091
0.0024669,-0.0010878,0.0120239,0.002466,-0.0010876,0.0120807
0.0028428,-0.0010933,0.0118915,0.0028414,-0.001093,0.0119476
0.002103,-0.0009906,0.0120333,0.0021025,-0.0009905,0.0120903
0.0016543,-0.0011087,0.0121632,0.0016539,-0.0011086,0.0122209
0.0024928,-0.0008161,0.0123544,0.0024918,-0.000816,0.0124124
0.0022135,-0.000463,0.0116538,0.0022129,-0.0004631,0.0117094
0.0020561,-0.0006341,0.0120081,0.0020556,-0.0006341,0.0120651
0.0017197,-0.0008304,0.0119536,0.0017194,-0.0008305,0.0120105
0.0021512,-0.0002836,0.0119673,0.0021508,-0.0002838,0.0120242
0.0019699,5.88e-05,0.0120119,0.0019696,5.86e-05,0.012069
0.0021345,-0.0007141,0.0123266,0.0021339,-0.0007141,0.0123847
0.0021423,-0.0013822,0.0120022,0.0021416,-0.001382,0.0120589
0.0019724,-0.0010615,0.0123325,0.0019718,-0.0010614,0.0123906
0.0006337,-0.0031111,0.0161375,0.0006334,-0.0031107,0.0162031
-0.0006893,-0.0012849,0.0156975,-0.0006892,-0.0012848,0.0157633
-0.0008582,-0.0009929,0.0156084,-0.000858,-0.0009929,0.0156742
-0.0004453,-0.0009378,0.0156293,-0.0004452,-0.0009379,0.0156951
-0.0008592,-0.0006479,0.0156293,-0.000859,-0.000648,0.0156952
-0.0008823,-0.0012879,0.0151608,-0.000882,-0.0012878,0.0152258
-0.0011233,-0.0006199,0.0155075,-0.0011229,-0.0006201,0.0155731
-0.0012033,-0.001022,0.0160555,-0.001203,-0.0010221,0.0161217
-0.0011513,-0.001335,0.0161135,-0.0011511,-0.001335,0.0161797
-0.0010283,-0.0011649,0.0154297,-0.001028,-0.0011648,0.0154951
-0.0012334,-0.0015081,0.0146605,-0.0012329,-0.0015077,0.0147245
-0.0006793,-0.001156,0.0148437,-0.0006791,-0.0011558,0.0149083
-0.0005833,-0.001468,0.0150679,-0.0005831,-0.0014677,0.0151327
-0.0012133,-0.0012129,0.0152159,-0.0012129,-0.0012128,0.015281
-0.0008203,-0.001741,0.0152611,-0.0008201,-0.0017407,0.0153261
-0.0004953,-0.001381,0.0147759,-0.0004951,-0.0013808,0.0148403
-0.0012944,-0.0006629,0.0149518,-0.0012939,-0.000663,0.0150166
-0.0012673,-0.0008279,0.0151528,-0.0012669,-0.0008279,0.0152178
-0.0016314,-0.000978,0.01539,-0.0016308,-0.0009779,0.0154553
-0.0008897,-0.0010364,0.0131324,-0.0008896,-0.0010364,0.0131934
-0.0005224,-0.0010435,0.0130163,-0.0005224,-0.0010435,0.0130771
-0.0002011,-0.0009834,0.0130211,-0.0002012,-0.0009836,0.013082
-0.0004724,-0.0006752,0.0130478,-0.0004724,-0.0006754,0.0131089
-4.8e-05,-0.0006641,0.0131425,-4.81e-05,-0.0006643,0.0132039
-0.0007927,-0.0006841,0.0131709,-0.0007926,-0.0006843,0.0132322
-0.0004554,-0.0003368,0.0131564,-0.0004554,-0.0003371,0.0132178
-0.0003563,-0.0009133,0.0134095,-0.0003563,-0.0009134,0.0134714
-4.5e-05,-0.0010534,0.0133507,-4.51e-05,-0.0010535,0.0134125
-0.0009286,-0.0010503,0.0134231,-0.0009284,-0.0010502,0.0134847
-0.0011728,-0.0010272,0.0134282,-0.0011724,-0.0010272,0.0134898
-0.0005594,-0.0010252,0.0138253,-0.0005593,-0.0010252,0.013888
-0.0007256,-0.0004609,0.0132136,-0.0007256,-0.0004611,0.0132751
-0.0008267,-0.000613,0.0134176,-0.0008265,-0.0006132,0.0134795
-0.0007566,-0.000679,0.0137422,-0.0007564,-0.0006791,0.0138048
-0.0007145,-0.0012444,0.013489,-0.0007143,-0.0012442,0.0135508
-0.0009586,-0.0009432,0.0136807,-0.0009584,-0.0009431,0.013743
-0.0012284,-0.001788,0.0152802,-0.001228,-0.0017877,0.0153452
-0.0016915,-0.0017131,0.0151725,-0.0016908,-0.0017127,0.0152373
-0.0016805,-0.0021852,0.0152336,-0.0016798,-0.0021847,0.0152984
-0.0012105,-0.0029286,0.0142431,-0.0012099,-0.0029274,0.0143058
-0.0007163,-0.0027895,0.0142029,-0.000716,-0.0027884,0.0142657
-0.0008273,-0.0024305,0.0140977,-0.000827,-0.0024296,0.0141604
-0.0005152,-0.0024485,0.0140477,-0.0005151,-0.0024476,0.0141103
-0.0011714,-0.0023554,0.0141686,-0.001171,-0.0023546,0.0142315
-0.0006423,-0.0020223,0.0141492,-0.0006421,-0.0020217,0.0142121
-0.0004422,-0.0028054,0.0144646,-0.0004421,-0.0028044,0.0145279
-0.0011354,-0.0028405,0.0145646,-0.0011349,-0.0028394,0.014628
-0.0016486,-0.0024254,0.0144526,-0.0016478,-0.0024245,0.0145159
-0.0012695,-0.0020153,0.0142053,-0.0012689,-0.0020147,0.0142683
-0.0012984,-0.0025594,0.0145404,-0.0012979,-0.0025585,0.0146039
-0.0011436,-0.0028601,0.0133465,-0.0011431,-0.0028588,0.0134071
-0.0010505,-0.0027718,0.0136418,-0.00105,-0.0027707,0.0137032
-0.0007823,-0.002967,0.0135162,-0.000782,-0.0029657,0.0135772
-0.0012995,-0.0029108,0.0137958,-0.0012989,-0.0029095,0.0138575
-0.0011286,-0.0023848,0.0134327,-0.0011281,-0.0023839,0.0134937
-0.0010714,-0.0025356,0.0138153,-0.001071,-0.0025346,0.0138772
-0.0016577,-0.0022336,0.0137404,-0.0016569,-0.0022327,0.0138022
-0.0012585,-0.0021685,0.0138369,-0.001258,-0.0021677,0.013899
-0.0010424,-0.0028086,0.0139903,-0.0010419,-0.0028075,0.0140525
-0.0009288,-0.0025581,0.0116466,-0.0009285,-0.0025573,0.0117019
-0.0005688,-0.0024651,0.0116981,-0.0005686,-0.0024645,0.0117536
-0.0003142,-0.0023029,0.0118675,-0.0003142,-0.0023025,0.0119237
-0.0004013,-0.0020408,0.0117133,-0.0004013,-0.0020406,0.0117691
-3.78e-05,-0.0022164,0.01163,-3.78e-05,-0.0022162,0.0116855
-0.0005607,-0.0017695,0.0115853,-0.0005608,-0.0017696,0.0116407
-0.0006369,-0.0014598,0.0116355,-0.0006369,-0.00146,0.0116913
-0.0004714,-0.0024705,0.0121052,-0.0004713,-0.0024699,0.0121623
-0.0001179,-0.0024216,0.0120332,-0.0001179,-0.0024211,0.0120901
-0.0008349,-0.0024227,0.0120345,-0.0008347,-0.0024221,0.0120913
-0.0005456,-0.0016697,0.0119389,-0.0005456,-0.0016698,0.0119958
-0.0003942,-0.0023838,0.01247,-0.0003942,-0.0023832,0.0125285
-0.0007811,-0.0021559,0.0117547,-0.0007809,-0.0021556,0.0118106
-0.0008642,-0.0017652,0.0117069,-0.0008642,-0.0017652,0.0117628
-0.0009221,-0.0015515,0.0119988,-0.000922,-0.0015515,0.012056
-0.0008326,-0.0020703,0.0126263,-0.0008324,-0.0020699,0.0126854
-0.0008998,-0.0025593,0.012307,-0.0008995,-0.0025585,0.0123647
-0.0017525,-0.0020242,0.0149059,-0.0017518,-0.0020236,0.0149701
-0.0016085,-0.0017161,0.0147857,-0.0016078,-0.0017157,0.0148499
-0.0015445,-0.0013671,0.0147715,-0.0015439,-0.0013668,0.0148357
-0.0019955,-0.0017801,0.0153005,-0.0019948,-0.0017798,0.0153654
-0.0032696,0.000748,0.0161087,-0.0032688,0.0007473,0.0161744
-0.0033206,0.0011298,0.0165666,-0.00332,0.0011292,0.0166326
-0.0028945,0.0010198,0.0165304,-0.002894,0.0010192,0.0165966
-0.0032535,0.0006868,0.0164705,-0.0032529,0.0006863,0.0165365
-0.0028935,0.0006428,0.0165153,-0.002893,0.0006423,0.0165815
-0.0029807,0.0018901,0.0158772,-0.0029798,0.0018892,0.0159426
-0.0024156,0.0024201,0.0161212,-0.002415,0.002419,0.0161869
-0.0023776,0.0016631,0.0159338,-0.0023769,0.0016621,0.0159996
-0.0026471,0.0016349,0.013987,-0.0026458,0.0016337,0.0140494
-0.0020948,0.0016708,0.0141413,-0.0020938,0.0016697,0.0142042
-0.0024189,0.0017318,0.0142176,-0.0024177,0.0017306,0.0142806
-0.0023299,0.002042,0.0141079,-0.0023288,0.0020406,0.0141706
-0.0019228,0.0019999,0.0141805,-0.0019219,0.0019986,0.0142434
-0.0025239,0.0019807,0.0144575,-0.0025227,0.0019795,0.0145209
-0.0023718,0.0016026,0.0144741,-0.0023707,0.0016015,0.0145376
-0.0018406,0.0016086,0.0146135,-0.0018398,0.0016075,0.0146775
-0.002885,0.0015557,0.0142857,-0.0028836,0.0015546,0.0143487
-0.002583,0.0023769,0.0144229,-0.0025817,0.0023754,0.0144862
-0.0027271,0.0019289,0.0141421,-0.0027257,0.0019276,0.0142048
0.000699,-0.0037384,0.0006856,0.0006982,-0.003733,0.0006959
0.0008192,-0.0034481,0.0006216,0.0008182,-0.0034429,0.0006326
0.0011065,-0.0025508,0.0005304,0.0011048,-0.0025466,0.0005431
0.0012592,-0.0029364,0.0007569,0.0012576,-0.0029322,0.0007692
0.0004596,-0.0026489,0.0005341,0.0004589,-0.0026445,0.000547
0.0004923,-0.0028796,0.0007854,0.0004917,-0.0028754,0.0007985
0.0006437,-0.0032052,0.0007179,0.0006428,-0.0032005,0.0007299
-0.0003814,-0.0028674,0.0006331,-0.0003807,-0.0028629,0.0006458
0.0005179,-0.0024101,0.0006949,0.0005172,-0.0024064,0.0007086
-7.46e-05,-0.0036861,0.0007457,-7.44e-05,-0.0036809,0.0007566
0.0003144,-0.003652,0.00084,0.0003141,-0.0036471,0.0008512
0.0008438,-0.0058918,0.0006275,0.000843,-0.0058848,0.0006295
0.0007365,-0.0054633,0.0005446,0.0007357,-0.0054562,0.0005483
0.0027671,-0.0030944,0.0010359,0.002764,-0.0030907,0.0010462
0.0035352,-0.0030478,0.0012183,0.0035319,-0.0030447,0.0012271
0.0029536,-0.0034266,0.0012893,0.0029508,-0.0034231,0.0012989
0.002577,-0.0026653,0.0010623,0.0025741,-0.002662,0.001074
0.0037734,-0.0026778,0.0013116,0.00377,-0.0026752,0.0013209
0.0025395,-0.0025879,0.0012089,0.0025368,-0.0025849,0.0012213
0.0027114,-0.0035957,0.0010961,0.0027087,-0.0035917,0.0011053
-0.0007802,-0.0034839,0.000644,-0.000779,-0.0034787,0.000655
-0.0003351,-0.0036902,0.0006377,-0.0003345,-0.0036848,0.0006483
-0.0001322,-0.0035149,0.0008699,-0.0001319,-0.0035102,0.0008817
-3.23e-05,-0.0031072,0.0007704,-3.22e-05,-0.0031028,0.000783
-0.0007011,-0.002762,0.0007638,-0.0007,-0.002758,0.0007769
-0.0009462,-0.0030763,0.0007051,-0.0009448,-0.0030718,0.0007171
-0.0007657,-0.0024691,0.0006545,-0.0007645,-0.0024653,0.0006678
4.44e-05,0.0032319,0.0166354,4.43e-05,0.0032308,0.0167016
8.07e-05,-0.0058407,0.0003675,8.07e-05,-0.0058327,0.0003696
0.0035806,-0.0046748,0.0006649,0.0035766,-0.0046692,0.0006672
0.0041041,-0.0042799,0.0007165,0.0040996,-0.004275,0.0007187
0.0036014,-0.0040728,0.0008009,0.0035974,-0.004068,0.0008053
0.0032421,-0.0040449,0.0006889,0.0032382,-0.0040398,0.0006942
0.003516,-0.0041454,0.0005198,0.0035116,-0.0041399,0.0005236
0.0040261,-0.0039932,0.0005614,0.0040212,-0.0039881,0.0005645
0.0038434,-0.0032287,0.0005011,0.0038382,-0.0032241,0.0005066
0.0036911,-0.0031402,0.0006465,0.0036865,-0.0031359,0.0006531
0.0036486,-0.003675,0.000691,0.0036442,-0.0036703,0.0006964
-0.0036444,0.0044247,0.0006452,-0.00364,0.0044197,0.0006484
-0.0031794,0.0045431,0.0005702,-0.0031754,0.0045377,0.000574
-0.0040694,0.004369,0.0007031,-0.0040648,0.0043643,0.0007053
-0.0050318,0.0031787,0.0006942,-0.0050261,0.0031755,0.0006964
-0.004546,0.0032126,0.0005637,-0.0045403,0.0032089,0.0005673
-0.0042261,0.0032132,0.0007892,-0.0042211,0.0032098,0.0007944
0.003602,0.0003131,0.0158191,0.0036007,0.0003127,0.0158843
0.0026047,-0.0023681,0.0162141,0.002604,-0.0023679,0.0162796
0.0026515,-0.001862,0.0166698,0.002651,-0.0018622,0.0167359
0.0019026,-0.0023731,0.0162127,0.0019021,-0.0023729,0.0162785
0.00144,-0.001668,0.014886,0.0014393,-0.0016676,0.0149504
0.001279,-0.0022581,0.0150861,0.0012783,-0.0022575,0.0151506
0.0016885,-0.0020703,0.0140244,0.0016876,-0.0020696,0.0140868
0.0020105,-0.0021583,0.0142335,0.0020094,-0.0021575,0.0142963
0.0022535,-0.0019162,0.0143225,0.0022523,-0.0019155,0.0143855
0.0025518,-0.0017792,0.014083,0.0025504,-0.0017786,0.0141455
0.0019365,-0.0017472,0.0141582,0.0019355,-0.0017466,0.0142211
0.0015304,-0.0016421,0.0141817,0.0015296,-0.0016417,0.0142447
0.0021246,-0.0014621,0.0140524,0.0021235,-0.0014617,0.014115
0.0020823,-0.001706,0.0145599,0.0020813,-0.0017056,0.0146235
0.0016643,-0.0021482,0.0144299,0.0016634,-0.0021475,0.0144933
0.0019664,-0.0024253,0.0144803,0.0019653,-0.0024244,0.0145436
0.0016814,-0.0018832,0.0142979,0.0016805,-0.0018826,0.014361
0.0018326,-0.0013571,0.0139181,0.0018317,-0.0013567,0.0139805
0.0016752,-0.0017461,0.0146105,0.0016743,-0.0017456,0.0146743
0.0025125,-0.0016931,0.0144994,0.0025112,-0.0016926,0.0145628
0.0015132,-0.001343,0.0145471,0.0015124,-0.0013427,0.014611
0.0018932,-0.0020391,0.0146718,0.0018923,-0.0020385,0.0147356
5.31e-05,-0.0058174,0.0005763,5.31e-05,-0.0058102,0.0005788
0.0004706,-0.0057165,0.0005878,0.0004701,-0.0057095,0.0005907
0.0019827,0.0026633,0.015867,0.001982,0.002662,0.0159326
0.0023377,0.0026053,0.0158991,0.002337,0.0026041,0.0159647
0.0018046,0.0024632,0.0159497,0.001804,0.002462,0.0160155
0.0023117,0.0022033,0.0157709,0.0023109,0.0022022,0.0158365
0.0027888,0.0021493,0.0158651,0.0027879,0.0021482,0.0159306
-0.0017576,-0.0056053,0.0008539,-0.0017557,-0.0055995,0.0008564
-0.000874,-0.0048579,0.0007048,-0.0008728,-0.0048517,0.0007113
-0.0006656,0.0032091,0.0161435,-0.0006654,0.0032078,0.0162094
-0.0002915,0.0033221,0.0161476,-0.0002915,0.0033208,0.0162135
0.0011448,0.0015493,0.0150741,0.0011443,0.0015484,0.015139
0.0014759,0.0014234,0.0148674,0.0014752,0.0014225,0.0149319
0.0009607,0.0015442,0.0153728,0.0009603,0.0015432,0.0154382
0.0008688,0.0014903,0.0150049,0.0008684,0.0014894,0.0150697
0.0006117,0.0015332,0.0152776,0.0006114,0.0015322,0.0153429
0.001076,0.0013946,0.0144693,0.0010755,0.0013937,0.0145332
0.0013699,0.0007063,0.0148297,0.0013693,0.0007057,0.0148943
0.0015458,0.0008443,0.0151218,0.0015451,0.0008436,0.0151869
0.001668,0.0011255,0.0147714,0.0016672,0.0011246,0.0148358
0.0012647,0.0007482,0.0151934,0.0012642,0.0007475,0.0152586
0.0009817,0.0008591,0.0152692,0.0009812,0.0008585,0.0153345
0.0012946,0.0007431,0.0155702,0.0012941,0.0007424,0.015636
0.0010137,0.0012132,0.0152775,0.0010132,0.0012124,0.0153429
0.0009465,0.000881,0.015609,0.0009461,0.0008803,0.0156749
0.0010629,0.0007952,0.0130551,0.0010627,0.0007949,0.013116
0.001369,0.0008061,0.0132252,0.0013685,0.0008056,0.0132865
0.0006967,0.0007502,0.0130605,0.0006966,0.00075,0.0131216
0.001247,0.0011645,0.0130267,0.0012466,0.0011639,0.0130874
0.0010808,0.000665,0.0134125,0.0010804,0.0006645,0.0134743
0.0011087,0.0003467,0.0135181,0.0011084,0.0003464,0.0135803
0.0005063,0.0002506,0.013571,0.0005062,0.0002504,0.0136335
0.0010938,-0.0002267,0.0134131,0.0010935,-0.0002269,0.013475
0.0011256,0.0005218,0.013712,0.0011252,0.0005213,0.0137746
0.0006945,0.0007511,0.0133691,0.0006944,0.0007507,0.013431
0.0008117,0.0011366,0.0129543,0.0008115,0.0011361,0.013015
0.0001621,0.0008221,0.0134546,0.000162,0.0008217,0.0135168
0.0006524,0.0011652,0.0135015,0.0006521,0.0011646,0.0135635
0.0006183,0.0008999,0.0137997,0.000618,0.0008994,0.0138625
0.0008106,0.0004668,0.0134947,0.0008104,0.0004665,0.0135569
0.0007306,-4.06e-05,0.0133975,0.0007305,-4.08e-05,0.0134595
0.0005903,0.0005758,0.0137073,0.0005901,0.0005754,0.01377
0.0017314,0.0015619,0.0140465,0.0017305,0.0015609,0.0141094
0.0020855,0.0015129,0.0141488,0.0020844,0.0015118,0.0142118
0.0022675,0.0016638,0.014278,0.0022663,0.0016627,0.0143412
0.0020394,0.0018779,0.014233,0.0020383,0.0018767,0.0142961
0.0021522,0.0014816,0.0145824,0.0021512,0.0014806,0.0146462
0.0017201,0.0016446,0.014654,0.0017193,0.0016435,0.0147181
0.0016603,0.0017748,0.0143224,0.0016594,0.0017737,0.0143858
0.0016606,0.0018363,0.0136393,0.0016598,0.0018351,0.0137011
0.0023436,0.0007816,0.0141636,0.0023424,0.0007809,0.0142266
0.0028107,0.0007356,0.0141702,0.0028092,0.000735,0.014233
0.0028856,0.0011117,0.0143542,0.0028841,0.0011108,0.0144174
0.0023446,0.0011888,0.0140979,0.0023434,0.0011879,0.0141607
0.0024159,0.0012129,0.0137794,0.0024146,0.0012121,0.0138415
0.00232,0.0009789,0.0136173,0.0023188,0.0009782,0.0136791
0.0028874,0.0008389,0.0134095,0.0028859,0.0008383,0.0134705
0.0028445,0.0011672,0.0133039,0.002843,0.0011663,0.0133646
0.0024342,0.0012882,0.013443,0.0024329,0.0012873,0.0135043
0.0027674,0.0015053,0.0134368,0.0027658,0.0015042,0.0134979
0.0028121,0.001305,0.0137552,0.0028105,0.001304,0.013817
0.00283,0.0008988,0.0138298,0.0028285,0.0008981,0.0138918
0.0024868,0.0008727,0.0138652,0.0024855,0.000872,0.0139275
0.0026652,0.0006538,0.0135508,0.0026638,0.0006532,0.0136123
0.0022415,0.0004537,0.0116261,0.002241,0.0004534,0.0116816
0.002586,0.0006834,0.0116265,0.002585,0.000683,0.0116818
0.0028492,0.0007984,0.0118059,0.0028479,0.0007979,0.0118618
0.0020667,0.000794,0.0113249,0.0020663,0.0007937,0.0113793
0.0005123,0.0009366,0.0114818,0.0005123,0.0009366,0.0115373
-0.0003234,0.0009599,0.0113012,-0.0003235,0.0009599,0.0113558
0.0004378,0.000935,0.0123018,0.0004377,0.0009349,0.0123606
0.0024447,0.0011325,0.0116056,0.0024438,0.0011319,0.0116609
0.0025686,0.0005835,0.0120864,0.0025676,0.0005831,0.0121436
0.0029051,0.0005755,0.0121446,0.0029038,0.0005751,0.0122018
0.0021512,0.0004373,0.0120074,0.0021506,0.0004371,0.0120645
0.0022834,4.98e-05,0.0120026,0.0022828,4.96e-05,0.0120595
0.002168,0.0008443,0.011718,0.0021675,0.0008439,0.0117738
0.0020255,0.0012448,0.0118088,0.002025,0.0012443,0.011865
0.0021528,0.0015972,0.0116643,0.0021519,0.0015964,0.0117198
0.0020739,0.0009069,0.0120865,0.0020733,0.0009065,0.0121438
0.0014965,0.00085,0.0118977,0.0014963,0.0008498,0.0119546
0.00199,0.0009256,0.0125433,0.0019894,0.0009251,0.0126023
0.0015658,0.0004866,0.0117598,0.0015657,0.0004864,0.0118162
-0.0011536,0.0033413,0.0158698,-0.0011533,0.0033398,0.0159352
-0.0006815,0.0032253,0.0158187,-0.0006814,0.0032239,0.0158842
-0.0013265,0.0015504,0.014842,-0.001326,0.0015494,0.0149065
-0.0007094,0.0016594,0.0149747,-0.0007092,0.0016583,0.0150396
-0.0008554,0.0016022,0.0153125,-0.0008551,0.0016012,0.0153779
-0.0005523,0.0015252,0.0151764,-0.0005522,0.0015243,0.0152416
-0.0008124,0.0016166,0.0144691,-0.0008121,0.0016156,0.014533
-0.0011815,0.0019437,0.0145396,-0.001181,0.0019425,0.0146035
-0.0011695,0.0007454,0.0145472,-0.0011691,0.0007448,0.0146114
-0.0011844,0.0011734,0.0147526,-0.001184,0.0011726,0.014817
-0.0011634,0.0007802,0.01501,-0.001163,0.0007795,0.015075
-0.0010873,0.0008531,0.0154038,-0.001087,0.0008524,0.0154694
-0.0004093,0.000801,0.0153354,-0.0004092,0.0008004,0.0154009
-0.0007003,0.000835,0.0155966,-0.0007001,0.0008343,0.0156625
-0.0011075,0.002423,0.0142904,-0.0011071,0.0024215,0.0143537
-0.0008304,0.002232,0.0141692,-0.0008301,0.0022307,0.0142323
-0.0005724,0.0023881,0.0141454,-0.0005722,0.0023866,0.0142084
-0.0008745,0.0026822,0.014024,-0.0008741,0.0026806,0.0140867
-0.0004063,0.0026661,0.0141538,-0.0004062,0.0026645,0.0142167
-0.0008385,0.0031153,0.0141225,-0.0008381,0.0031134,0.0141852
-0.0010575,0.0023147,0.0146758,-0.001057,0.0023133,0.0147399
-0.0011977,0.0022785,0.0135062,-0.0011971,0.0022772,0.0135677
-0.0013607,0.0026417,0.013487,-0.0013601,0.0026401,0.0135483
-0.0003973,0.0027619,0.013401,-0.0003971,0.0027602,0.0134621
-0.0008515,0.003149,0.0134427,-0.0008511,0.003147,0.0135038
-0.0015948,0.0027785,0.0138147,-0.001594,0.0027767,0.0138768
-0.0013407,0.0022063,0.0137509,-0.0013401,0.0022049,0.013813
-0.0010835,0.0023262,0.0139636,-0.0010831,0.0023248,0.0140263
-0.0002872,0.0024015,0.013586,-0.0002871,0.0024002,0.0136478
-0.0008605,0.0030656,0.01378,-0.0008601,0.0030637,0.0138419
-0.000784,0.0018718,0.0117915,-0.000784,0.0018714,0.0118478
-0.0005538,0.0019224,0.0116101,-0.0005538,0.001922,0.0116657
-0.0003354,0.0020734,0.0116831,-0.0003354,0.002073,0.011739
-0.0004576,0.002318,0.011702,-0.0004576,0.0023173,0.0117579
-0.000145,0.0022407,0.0117056,-0.0001451,0.0022401,0.0117615
0.0003899,0.0023158,0.011745,0.0003897,0.0023151,0.011801
-0.0001922,0.0027892,0.0116343,-0.0001922,0.0027879,0.0116897
-0.0001811,0.0019044,0.011583,-0.0001811,0.0019041,0.0116385
-0.0007521,0.0022297,0.0117298,-0.000752,0.0022291,0.0117858
-0.0004817,0.0026969,0.0117867,-0.0004815,0.0026958,0.0118427
-0.0005656,0.0022587,0.0120725,-0.0005655,0.0022579,0.0121298
-4.29e-05,0.0019376,0.011882,-4.29e-05,0.0019372,0.0119388
0.0003457,0.0019796,0.0119202,0.0003456,0.0019792,0.0119771
-0.000889,0.0019804,0.0120211,-0.0008889,0.0019798,0.0120783
-0.0012586,0.0020266,0.0119798,-0.0012584,0.0020259,0.0120367
-0.0004295,0.001478,0.0119461,-0.0004295,0.0014777,0.0120033
-0.0003443,0.0021831,0.0123556,-0.0003442,0.0021823,0.012414
-0.0007291,0.0031114,0.0116256,-0.0007288,0.0031098,0.0116808
-0.000844,0.0023628,0.01207,-0.0008438,0.0023619,0.0121272
-0.0008331,0.0027147,0.0120854,-0.0008328,0.0027134,0.0121424
-0.0007717,0.0022809,0.0124527,-0.0007715,0.00228,0.0125114
-0.000779,0.001573,0.0119583,-0.000779,0.0015727,0.0120155
-0.000801,0.0012085,0.0119908,-0.0008011,0.0012083,0.0120482
-0.0008717,0.0019463,0.0126547,-0.0008715,0.0019456,0.0127142
-0.0014315,0.0028452,0.0158584,-0.0014312,0.0028439,0.0159241
-0.0011115,0.0029122,0.0158265,-0.0011112,0.0029109,0.0158921
-0.0010403,0.001017,0.0157398,-0.00104,0.0010162,0.0158058
-0.0008634,0.0012141,0.0154411,-0.0008631,0.0012133,0.0155067
-0.0004303,0.001213,0.0153509,-0.0004302,0.0012122,0.0154165
-0.0002873,0.0006399,0.0156341,-0.0002873,0.0006393,0.0157001
-0.0011543,0.000638,0.0157016,-0.001154,0.0006374,0.0157676
-0.0012383,0.0004929,0.0160355,-0.001238,0.0004924,0.0161019
0.0052145,-0.0018891,0.0007153,0.0052085,-0.0018868,0.0007193
0.0055602,-0.0018458,0.0008216,0.0055545,-0.0018437,0.0008243
0.005405,-0.0006155,0.000713,0.0053988,-0.0006146,0.0007174
0.0053478,0.0011281,0.0007554,0.0053419,0.0011271,0.0007598
0.0038901,0.0036873,0.0007104,0.0038856,0.0036832,0.0007153
0.004467,0.0036483,0.0008551,0.0044624,0.0036448,0.0008584
0.0032329,0.0044802,0.0007719,0.0032294,0.0044755,0.0007762
0.0038864,0.0042471,0.0008523,0.0038824,0.0042429,0.0008557
0.0028921,0.0042664,0.0007185,0.0028887,0.0042616,0.0007243
0.0021763,0.0047763,0.0007338,0.0021738,0.0047709,0.0007391
0.0021742,0.0053743,0.000838,0.002172,0.005369,0.0008411
0.0008652,0.0058014,0.0008728,0.0008644,0.0057959,0.0008755
0.0004209,0.0028486,0.0005282,0.0004203,0.0028444,0.0005408
0.0008523,0.0030229,0.0006143,0.0008511,0.0030187,0.0006265
0.0012303,0.0027467,0.0008118,0.0012287,0.0027432,0.0008248
0.0006279,0.0035138,0.0007546,0.0006271,0.0035092,0.000766
0.0006435,0.0033279,0.0008611,0.0006427,0.0033237,0.0008733
0.0006364,0.0029156,0.0006855,0.0006355,0.0029116,0.0006982
0.0006449,0.0026871,0.0008101,0.0006441,0.0026836,0.0008236
0.0006865,0.0027293,0.0009487,0.0006857,0.0027259,0.0009625
0.0003085,0.0045682,0.0013732,0.0003083,0.0045644,0.001383
0.0010864,0.0045255,0.0014078,0.0010856,0.0045219,0.0014174
0.0007228,0.0042306,0.0014866,0.0007222,0.0042272,0.0014977
0.0010739,0.0042356,0.0018644,0.0010733,0.0042331,0.0018764
0.0003824,0.0041159,0.0019999,0.0003822,0.0041135,0.0020133
0.0015246,0.0048156,0.0006873,0.0015227,0.0048099,0.0006933
0.0015365,0.0052629,0.0009208,0.001535,0.0052577,0.0009255
0.0015096,0.0055338,0.001054,0.0015083,0.0055291,0.0010577
0.0001205,0.0055263,0.0007711,0.0001204,0.0055203,0.0007751
0.0005837,0.0055911,0.0008024,0.0005831,0.0055852,0.0008061
-0.0030315,0.004892,0.0009028,-0.0030284,0.0048873,0.0009062
-0.0023561,0.004876,0.0008339,-0.0023535,0.0048708,0.0008387
-0.0031465,0.0043845,0.0008705,-0.0031431,0.0043799,0.0008756
-0.0028088,0.0042371,0.0007325,-0.0028053,0.0042322,0.0007385
-0.0029002,0.0033648,0.0014299,-0.0028976,0.0033621,0.0014404
-0.0028044,0.0034951,0.0015529,-0.0028021,0.0034925,0.0015636
-0.002412,0.003519,0.0013072,-0.0024096,0.0035158,0.001318
-0.0025242,0.0035675,0.0014768,-0.002522,0.0035646,0.0014877
-0.0023579,0.0040286,0.0015455,-0.002356,0.0040257,0.0015554
-0.002309,0.003953,0.0018677,-0.0023075,0.0039507,0.001879
-0.0024118,0.0034492,0.0015782,-0.0024098,0.0034466,0.0015899
-0.001822,0.0034407,0.0015045,-0.0018203,0.0034379,0.001517
-0.0028616,0.0034153,0.0016734,-0.0028594,0.003413,0.0016846
-0.0024077,0.0034581,0.0017585,-0.0024059,0.0034557,0.0017708
-0.0023353,0.0038748,0.0016862,-0.0023336,0.0038722,0.0016971
-0.0029452,0.003324,0.001824,-0.0029432,0.003322,0.0018357
-0.0035144,0.0031641,0.0018677,-0.0035122,0.0031623,0.0018784
-0.0027381,0.0031795,0.0019552,-0.0027363,0.0031776,0.0019681
-0.0042296,0.0038548,0.0008771,-0.0042252,0.0038511,0.0008807
-0.0038249,0.0037109,0.0007403,-0.0038203,0.0037067,0.0007454
-0.0033275,0.0040115,0.0007516,-0.0033235,0.004007,0.0007572
-0.0035063,0.0034794,0.0006692,-0.0035018,0.0034752,0.0006757
-0.0048808,0.0030806,0.0008623,-0.0048757,0.0030777,0.0008655
-0.004212,0.0022542,0.0014952,-0.0042086,0.0022526,0.0015045
-0.0039692,0.0025081,0.0015694,-0.0039661,0.0025065,0.0015793
-0.0036388,0.002349,0.0014233,-0.0036355,0.0023471,0.0014341
-0.0035137,0.0028979,0.0014824,-0.0035107,0.0028957,0.0014926
-0.0030473,0.0030082,0.001421,-0.0030445,0.0030057,0.001432
-0.0034144,0.0027417,0.0018459,-0.003412,0.0027401,0.0018579
-0.0033779,0.0022811,0.0015287,-0.0033749,0.0022794,0.0015408
-0.0028739,0.0023524,0.0014301,-0.0028711,0.0023503,0.001443
-0.0040094,0.0021687,0.0016642,-0.0040064,0.0021674,0.0016749
-0.0035231,0.0035228,0.0018057,-0.0035209,0.0035209,0.0018151
-0.0033289,0.0022659,0.0017118,-0.0033263,0.0022644,0.0017246
-0.0036252,0.0025642,0.0017118,-0.0036225,0.0025626,0.0017231
-0.0038712,0.0022199,0.001845,-0.0038685,0.0022187,0.0018566
-0.0039615,0.0019896,0.0020146,-0.0039591,0.0019886,0.0020269
-0.0049457,0.0024578,0.0007359,-0.0049399,0.0024552,0.0007401
-0.0044973,0.0023896,0.0006396,-0.0044915,0.0023868,0.0006453
-0.0054609,0.0017149,0.0008504,-0.0054551,0.0017134,0.0008538
-0.0051425,0.001837,0.0006614,-0.0051362,0.001835,0.0006656
-0.0052302,0.0024051,0.0010345,-0.0052253,0.0024031,0.001038
-0.0048413,0.0025507,0.0008966,-0.0048361,0.0025483,0.0009013
-0.0054472,0.0010934,0.0007406,-0.0054409,0.0010925,0.0007445
-0.0050428,0.0011059,0.000632,-0.0050364,0.0011048,0.0006374
-0.0056158,0.0010918,0.0010397,-0.0056106,0.0010911,0.0010434
-0.0053803,0.0011891,0.0008963,-0.0053746,0.0011881,0.0009007
-0.0014322,0.0004367,0.0003266,-0.0014297,0.0004363,0.0003406
-0.0009391,0.0008098,0.0002692,-0.0009374,0.0008086,0.0002833
-0.0009732,0.0002724,0.000295,-0.0009714,0.0002722,0.0003093
-0.0017817,0.0001047,0.0004125,-0.0017787,0.0001047,0.0004264
-0.0010675,0.0001566,0.0003892,-0.0010656,0.0001565,0.0004038
-0.0023004,-0.0001994,0.0003498,-0.0022965,-0.0001988,0.0003627
-0.0023779,-0.0002404,0.0004406,-0.0023739,-0.0002397,0.0004536
-0.002363,0.0005043,0.0005563,-0.0023593,0.0005037,0.0005697
-0.0012838,0.0001149,0.0004967,-0.0012816,0.000115,0.0005114
-0.0016176,-2.03e-05,0.0006085,-0.001615,-2e-05,0.0006232
-0.0009541,4.62e-05,0.000608,-0.0009525,4.63e-05,0.0006232
-0.0018594,-0.000597,0.0006191,-0.0018565,-0.0005958,0.0006333
-0.0023044,0.0007204,0.0006723,-0.002301,0.0007195,0.000686
-0.0022809,-0.0002306,0.0005629,-0.0022773,-0.00023,0.0005765
-0.0022642,-0.0004483,0.0007026,-0.0022608,-0.0004474,0.0007165
-0.0022278,0.0004498,0.0007663,-0.0022245,0.0004494,0.0007805
-0.0012998,0.0001875,0.0007096,-0.0012977,0.0001875,0.0007249
-0.0015671,0.0006898,0.000705,-0.0015647,0.000689,0.0007198
-0.0016204,-0.0003916,0.0006886,-0.0016178,-0.0003908,0.0007034
-0.0014599,-0.0001032,0.0008289,-0.0014578,-0.0001029,0.0008444
-0.0020681,0.0002034,0.0008682,-0.0020652,0.0002034,0.000883
-0.0022206,0.0014263,0.0007243,-0.0022173,0.0014244,0.0007378
-0.0020937,0.0013499,0.0008851,-0.0020909,0.0013483,0.0008993
-0.0021711,-0.000148,0.0007835,-0.0021679,-0.0001475,0.0007978
-0.0021212,-0.000436,0.0008886,-0.0021182,-0.0004352,0.0009033
-0.0023091,-6.69e-05,0.0010071,-0.0023061,-6.66e-05,0.0010219
-0.0026725,-0.0003007,0.0009037,-0.0026688,-0.0003001,0.0009175
-0.0030756,-0.0001509,0.0008547,-0.0030715,-0.0001504,0.0008675
-0.0031275,-0.0001056,0.0014478,-0.0031244,-0.0001053,0.0014622
-0.0031928,-0.0001405,0.0012703,-0.0031893,-0.0001401,0.0012841
-0.0028389,9.41e-05,0.001288,-0.0028357,9.42e-05,0.0013027
-0.0034476,-0.0003928,0.0013999,-0.0034441,-0.0003922,0.0014134
-0.0039096,0.0004758,0.0013445,-0.0039058,0.0004756,0.0013564
-0.0040897,0.0004703,0.0017196,-0.0040866,0.0004702,0.001732
-0.0040087,0.0004747,0.0015074,-0.0040052,0.0004745,0.0015195
-0.003869,0.0011667,0.0015163,-0.0038656,0.0011659,0.0015283
-0.0039928,-0.000971,0.0013336,-0.003989,-0.0009698,0.0013449
-0.0038749,-0.0005407,0.0015684,-0.0038715,-0.00054,0.001581
-0.0045316,-0.0007821,0.0014988,-0.0045279,-0.0007812,0.0015087
-0.0044461,-0.0004848,0.0017895,-0.004443,-0.0004842,0.0018009
-0.0044637,-0.0009136,0.0016434,-0.0044604,-0.0009127,0.0016539
-0.0040017,-0.0009989,0.0015536,-0.0039983,-0.0009979,0.0015654
-0.0042198,-0.0009459,0.0017401,-0.0042167,-0.000945,0.0017519
-0.0056941,-5.22e-05,0.0010459,-0.0056889,-5.19e-05,0.0010496
-0.0054025,-5.47e-05,0.0008862,-0.0053968,-5.44e-05,0.000891
-0.0050643,-0.0008047,0.0006299,-0.0050578,-0.0008034,0.0006354
-0.0046188,-0.0011272,0.0006162,-0.0046126,-0.0011255,0.0006232
-0.0057176,-0.0013903,0.0008326,-0.0057117,-0.0013887,0.0008352
-0.005501,-0.0013012,0.0008861,-0.0054953,-0.0012996,0.0008899
-0.0055155,-0.0018996,0.0008423,-0.0055097,-0.0018975,0.0008451
-0.0050742,-0.0020796,0.0007267,-0.0050684,-0.0020769,0.0007309
-0.0035072,-0.0046108,0.0008381,-0.0035036,-0.0046058,0.000841
-0.0031761,-0.0045242,0.0007024,-0.0031723,-0.0045188,0.0007062
-0.0013474,-0.0023034,0.0005092,-0.0013452,-0.0022996,0.0005219
-0.0013466,-0.0027104,0.0006259,-0.0013445,-0.0027062,0.0006382
-0.0020916,-0.0021662,0.0005558,-0.0020884,-0.0021627,0.0005679
-0.0022871,-0.0018107,0.0007458,-0.0022838,-0.0018079,0.0007586
-0.0022136,-0.0015509,0.0006034,-0.0022102,-0.0015483,0.0006163
-0.0020528,-0.0021507,0.0009853,-0.0020502,-0.0021478,0.0009987
-0.0014561,-0.0035253,0.0008954,-0.0014542,-0.0035207,0.0009063
-0.0011222,-0.0032033,0.0008582,-0.0011206,-0.0031989,0.0008702
-0.0021888,-0.0030219,0.0010743,-0.0021863,-0.0030182,0.0010859
-0.0020467,-0.0028519,0.0011975,-0.0020444,-0.0028486,0.0012102
-0.0018229,-0.0036756,0.0010247,-0.0018208,-0.0036713,0.001035
-0.0020326,-0.0037892,0.0011838,-0.0020305,-0.0037852,0.001194
-0.0020005,-0.0031709,0.0012828,-0.0019984,-0.0031674,0.001295
-0.0024488,-0.0035842,0.0014153,-0.0024466,-0.0035809,0.001426
-0.0022847,-0.0029969,0.0016562,-0.0022827,-0.0029943,0.0016694
-0.0024768,-0.0020288,0.0010866,-0.0024738,-0.0020262,0.0010998
-0.0022687,-0.0025657,0.0015105,-0.0022666,-0.0025632,0.0015242
-0.0024557,-0.003283,0.0015051,-0.0024535,-0.00328,0.0015168
-0.0016551,-0.0031523,0.0014563,-0.0016534,-0.0031491,0.0014696
-0.0024113,-0.0024521,0.0013801,-0.0024088,-0.0024494,0.0013934
-0.0025282,-0.0036692,0.0016113,-0.0025262,-0.0036662,0.0016222
-0.0028235,-0.0028215,0.0013017,-0.0028207,-0.0028185,0.0013132
-0.0030923,-0.0019547,0.0012508,-0.003089,-0.0019524,0.0012632
-0.0027763,-0.0024952,0.0016052,-0.0027739,-0.0024929,0.0016184
-0.0029247,-0.0024903,0.0014671,-0.002922,-0.0024878,0.0014796
-0.002901,-0.0019593,0.0013937,-0.0028981,-0.0019572,0.001407
-0.0028735,-0.0036544,0.0015331,-0.0028712,-0.0036514,0.0015429
-0.0027536,-0.0036754,0.0018424,-0.0027518,-0.0036729,0.0018533
-0.0029393,-0.0034624,0.0016804,-0.0029371,-0.0034598,0.001691
-0.003835,-0.0041904,0.0010742,-0.0038315,-0.0041865,0.0010781
-0.0030177,-0.0049719,0.0008579,-0.0030146,-0.0049667,0.0008608
-0.0025966,-0.0051726,0.0007713,-0.0025937,-0.0051669,0.0007742
-0.0021669,-0.0049434,0.0007348,-0.0021643,-0.0049376,0.0007393
-0.001649,-0.0048049,0.0007035,-0.0016469,-0.0047988,0.0007093
0.0048517,-0.0027764,0.0006901,0.0048461,-0.002773,0.0006938
0.0044087,-0.0023452,0.0006347,0.0044031,-0.002342,0.0006407
0.0046209,-0.0026672,0.000808,0.0046158,-0.002664,0.000813
0.0043902,-0.0026106,0.0009647,0.0043856,-0.0026076,0.000971
0.0022415,-0.0017711,0.0007728,0.0022384,-0.0017684,0.0007859
0.0024085,-0.0023021,0.0007014,0.0024052,-0.0022987,0.0007131
0.001871,-0.0023123,0.0006652,0.0018683,-0.0023087,0.0006778
0.0023907,-0.0018339,0.000663,0.0023872,-0.001831,0.0006755
0.0024106,-0.0022603,0.0008194,0.0024074,-0.002257,0.0008315
0.0015641,-0.0022586,0.0005667,0.0015618,-0.0022549,0.0005795
0.0013415,-0.0023594,0.0006539,0.0013396,-0.0023556,0.000667
0.0016839,-0.002461,0.0007546,0.0016817,-0.0024573,0.0007674
0.0018277,-0.0016642,0.0007556,0.0018251,-0.0016616,0.0007694
0.0024007,-0.0014075,0.0008372,0.0023975,-0.0014054,0.0008507
0.0021727,-0.0022081,0.0009195,0.00217,-0.0022051,0.0009325
0.0021718,-0.0027748,0.0009857,0.0021692,-0.0027712,0.0009977
0.0023107,-0.0021395,0.0011573,0.0023081,-0.0021368,0.0011708
0.0015338,-0.0020185,0.0007998,0.0015317,-0.0020155,0.0008136
0.001178,-0.0016981,0.0007428,0.0011763,-0.0016954,0.0007573
0.0019396,-0.0010927,0.0007548,0.0019369,-0.0010909,0.0007691
0.0013202,-0.0021612,0.0008882,0.0013185,-0.0021581,0.0009023
0.0016743,-0.0020989,0.0010544,0.0016723,-0.0020961,0.0010686
0.0007788,-0.001538,0.0015266,0.0007781,-0.0015362,0.0015437
0.0009271,-0.0010185,0.0014384,0.0009261,-0.0010172,0.0014557
0.0013944,-0.0013619,0.0014937,0.001393,-0.0013602,0.0015104
0.001457,-0.0007934,0.0014584,0.0014555,-0.0007923,0.0014754
0.0020309,-0.0007407,0.001417,0.0020288,-0.0007397,0.0014332
0.001503,-0.0002825,0.001506,0.0015014,-0.0002819,0.0015233
0.0014448,-0.0013488,0.0016842,0.0014435,-0.0013473,0.0017014
0.0012454,-0.0009771,0.0020987,0.0012445,-0.0009762,0.0021176
0.0017798,-0.0012055,0.0017864,0.0017783,-0.0012042,0.0018037
0.0009679,-0.0012603,0.001649,0.000967,-0.0012588,0.0016666
0.0015131,-0.0013616,0.0019028,0.0015119,-0.0013602,0.0019206
0.0010646,-0.0005986,0.0014827,0.0010635,-0.0005977,0.0015002
0.0004409,-0.0008734,0.0013766,0.0004405,-0.0008722,0.0013941
0.000752,-0.0002105,0.001433,0.0007512,-0.00021,0.0014507
0.0009239,-0.0008024,0.0016178,0.000923,-0.0008013,0.0016357
0.0003577,-0.0008602,0.0016462,0.0003574,-0.0008591,0.0016644
0.0009695,-0.0008605,0.0018018,0.0009686,-0.0008595,0.0018201
0.0009352,-0.00137,0.0018756,0.0009345,-0.0013686,0.0018938
0.0010239,-0.0012747,0.0021067,0.0010232,-0.0012735,0.0021256
0.0037334,-0.0020983,0.0013712,0.0037301,-0.0020963,0.0013819
0.0040235,-0.0014759,0.0018537,0.0040209,-0.0014747,0.0018661
0.0040648,-0.0020006,0.0017012,0.004062,-0.001999,0.0017121
0.0035944,-0.0020283,0.0015738,0.0035916,-0.0020265,0.0015857
0.0040976,-0.0013588,0.0015852,0.0040945,-0.0013575,0.0015965
0.0038638,-0.0018682,0.0015584,0.0038608,-0.0018665,0.0015697
0.003445,-0.0010963,0.0014644,0.0034418,-0.001095,0.0014776
0.0036148,-0.0020459,0.00171,0.0036122,-0.0020442,0.0017222
0.003533,-0.0025463,0.0018206,0.0035306,-0.0025444,0.0018325
0.0035082,-0.0019931,0.0019348,0.0035059,-0.0019916,0.0019481
0.0026905,-0.0015494,0.0024625,0.002689,-0.0015483,0.0024799
0.0028771,-0.0013158,0.002609,0.0028756,-0.0013149,0.0026267
0.0031651,-0.0013738,0.0025045,0.0031634,-0.0013729,0.0025212
0.0030941,-0.0008265,0.0025477,0.0030924,-0.0008258,0.0025652
0.0037157,-0.0011103,0.0027377,0.0037141,-0.0011096,0.0027541
0.0026843,-0.0008052,0.0024722,0.0026827,-0.0008045,0.0024903
0.0024857,-0.0007535,0.0025965,0.0024843,-0.0007528,0.0026155
0.0033307,-0.0004446,0.0025967,0.0033289,-0.0004442,0.002614
0.0031842,-0.0013306,0.0027787,0.0031826,-0.0013297,0.0027964
0.0036371,-0.0012379,0.0028656,0.0036355,-0.0012372,0.0028826
0.0024892,-0.0012674,0.0026169,0.0024878,-0.0012664,0.0026355
0.0030888,-0.0011711,0.0030177,0.0030873,-0.0011703,0.0030365
0.0028505,-0.0004776,0.0025623,0.0028489,-0.0004771,0.0025806
0.0021304,-0.0008178,0.0026376,0.0021292,-0.0008171,0.0026572
0.0027656,-0.0003718,0.0027702,0.0027642,-0.0003715,0.0027893
0.002683,1.64e-05,0.0025318,0.0026814,1.65e-05,0.0025504
0.0025526,-0.000876,0.0028428,0.0025513,-0.0008753,0.0028623
0.0006676,-0.0005042,0.0031073,0.0006672,-0.0005038,0.0031299
0.0018451,-0.0011019,0.0025209,0.0018439,-0.001101,0.0025403
0.0027922,-0.0016723,0.0027934,0.0027908,-0.0016713,0.0028115
0.0031028,0.0008442,0.0158248,0.0031017,0.0008435,0.0158903
0.0034069,0.0007742,0.015811,0.0034057,0.0007735,0.0158764
0.0014576,0.0013551,0.0156838,0.0014571,0.0013542,0.0157496
0.0007146,0.0011851,0.0154022,0.0007143,0.0011843,0.0154678
0.0011405,0.000388,0.0156139,0.0011401,0.0003875,0.0156798
0.0007894,1.91e-05,0.0156874,0.0007891,1.87e-05,0.0157534
0.0007745,0.0004999,0.0157247,0.0007742,0.0004994,0.0157907
0.0010403,0.00013,0.0162227,0.00104,0.0001296,0.0162892
0.0006463,1e-05,0.0160833,0.0006461,9.6e-06,0.0161498
0.0017639,0.0001612,0.0150627,0.0017631,0.0001608,0.0151277
0.0023581,0.0001233,0.0149725,0.002357,0.0001229,0.0150371
0.0018158,0.0005952,0.0151799,0.001815,0.0005946,0.015245
0.0017807,0.0001762,0.0154136,0.00178,0.0001757,0.015479
0.0016548,-0.0002219,0.0152545,0.0016541,-0.0002221,0.0153197
0.0024677,7.4e-06,0.0140456,0.0024665,7.1e-06,0.0141083
0.0026827,0.0002204,0.0142317,0.0026813,0.00022,0.0142948
0.0028978,-9.6e-06,0.0141012,0.0028963,-9.9e-06,0.0141638
0.0023857,0.0003865,0.0141035,0.0023844,0.000386,0.0141664
0.0027935,0.0004654,0.0144657,0.0027921,0.0004649,0.0145291
0.0029316,7.34e-05,0.0144857,0.00293,7.3e-05,0.0145492
0.0025616,0.0005395,0.0142746,0.0025603,0.000539,0.0143378
0.0026023,0.0001083,0.014716,0.002601,0.0001079,0.0147801
0.0032074,-0.0001216,0.0136244,0.0032056,-0.0001218,0.0136858
0.0016999,-0.0004748,0.0149777,0.0016992,-0.0004749,0.0150424
0.00153,-0.0002048,0.0148255,0.0015293,-0.000205,0.0148901
0.0018259,-0.0001468,0.0149878,0.0018251,-0.0001471,0.0150526
0.0015408,-0.0007198,0.0151294,0.0015402,-0.0007199,0.0151944
0.0017981,-0.0006128,0.0146631,0.0017973,-0.0006129,0.0147272
0.0025316,-0.0006548,0.0142494,0.0025303,-0.0006548,0.0143125
0.0027817,-0.0004748,0.0142487,0.0027802,-0.0004749,0.0143117
0.0028918,-0.0002877,0.014154,0.0028903,-0.0002879,0.0142168
0.0023407,-0.0003117,0.0139694,0.0023395,-0.0003118,0.014032
0.0025886,-0.0002417,0.0142015,0.0025873,-0.0002419,0.0142645
0.0026168,-0.0005958,0.0139299,0.0026155,-0.0005958,0.0139923
0.0010835,-0.0006169,0.0158097,0.0010831,-0.000617,0.0158758
0.0012986,-0.0002658,0.015454,0.001298,-0.0002661,0.0155196
0.0010314,-0.0003039,0.0156647,0.0010311,-0.0003041,0.0157306
0.0013377,-0.0006128,0.0153211,0.0013371,-0.000613,0.0153865
0.0008055,-0.0006208,0.0157475,0.0008051,-0.000621,0.0158136
0.0005885,-0.0003598,0.0155641,0.0005883,-0.0003601,0.0156299
0.0034749,-0.0007509,0.0159047,0.0034738,-0.0007511,0.0159701
0.0030549,-0.0016891,0.0158785,0.0030539,-0.0016889,0.0159437
0.0012638,-0.0033763,0.0158699,0.0012633,-0.0033756,0.015935
0.0011838,-0.0031022,0.0158898,0.0011833,-0.0031016,0.0159551
0.0009723,-0.0029716,0.0140946,0.0009717,-0.0029704,0.014157
0.0009952,-0.0026384,0.0142221,0.0009947,-0.0026374,0.0142849
0.0014214,-0.0028215,0.0141546,0.0014206,-0.0028204,0.0142172
0.0017695,-0.0024984,0.0141376,0.0017685,-0.0024974,0.0142002
0.0013904,-0.0024834,0.0140684,0.0013896,-0.0024825,0.0141309
0.0010813,-0.0023024,0.014093,0.0010807,-0.0023015,0.0141556
0.0013173,-0.0020022,0.0141838,0.0013166,-0.0020016,0.0142467
0.0011653,-0.0030255,0.0143364,0.0011646,-0.0030243,0.0143993
0.0006811,-0.0023954,0.0141657,0.0006808,-0.0023946,0.0142286
0.0010261,-0.0028264,0.0146258,0.0010255,-0.0028254,0.0146894
0.0007511,-0.0028855,0.014426,0.0007507,-0.0028844,0.0144891
0.0009238,-0.0034492,0.0158539,0.0009234,-0.0034486,0.015919
0.0008167,-0.0031762,0.0158108,0.0008164,-0.0031756,0.015876
0.0003018,-0.001803,0.0148834,0.0003016,-0.0018026,0.0149478
0.0007429,-0.001393,0.0148372,0.0007425,-0.0013927,0.0149017
0.0006718,-0.0016059,0.0152391,0.0006714,-0.0016057,0.0153043
0.0002367,-0.0015989,0.0152709,0.0002366,-0.0015986,0.0153361
-7.93e-05,-0.0016339,0.0152199,-7.93e-05,-0.0016336,0.015285
0.0002927,-0.0012978,0.0152687,0.0002925,-0.0012977,0.0153339
-5.82e-05,-0.0022061,0.0152324,-5.83e-05,-0.0022055,0.0152973
0.000294,-0.0029056,0.0141072,0.0002938,-0.0029044,0.0141698
0.000282,-0.0027375,0.0143178,0.0002818,-0.0027364,0.0143808
0.0006121,-0.0027555,0.014219,0.0006117,-0.0027544,0.0142819
0.00022,-0.0024625,0.0140388,0.0002198,-0.0024616,0.0141013
0.0006141,-0.0020993,0.0142293,0.0006137,-0.0020986,0.0142924
0.000423,-0.0025234,0.0142747,0.0004227,-0.0025225,0.0143377
-0.0001821,-0.0024785,0.0141226,-0.0001821,-0.0024776,0.0141854
0.000292,-0.0020123,0.0140343,0.0002918,-0.0020117,0.0140971
0.0003369,-0.0024303,0.0145612,0.0003367,-0.0024295,0.0146249
0.0005697,-0.0034693,0.0157669,0.0005695,-0.0034685,0.0158319
0.0005177,-0.0030702,0.0158006,0.0005175,-0.0030696,0.0158659
0.0002746,-0.0008917,0.0156003,0.0002744,-0.0008918,0.0156662
0.0003436,-0.0010858,0.0158685,0.0003434,-0.0010859,0.0159345
-8.33e-05,-0.0010208,0.0155233,-8.34e-05,-0.0010208,0.015589
0.0001276,-0.0006338,0.015689,0.0001275,-0.0006339,0.0157549
0.0004697,-0.0011688,0.0155236,0.0004694,-0.0011687,0.0155893
-0.0003773,-0.0018841,0.0149113,-0.0003772,-0.0018836,0.0149758
-5.52e-05,-0.001642,0.0147681,-5.52e-05,-0.0016417,0.0148325
-8.62e-05,-0.0013039,0.0149027,-8.62e-05,-0.0013037,0.0149674
-0.0004663,-0.001734,0.015219,-0.0004662,-0.0017336,0.015284
-0.0003233,-0.0022331,0.0150395,-0.0003232,-0.0022325,0.0151041
-0.0004322,-0.0029646,0.0141861,-0.000432,-0.0029634,0.0142488
-7.1e-06,-0.0028545,0.014189,-7.1e-06,-0.0028534,0.0142517
-0.0002212,-0.0027385,0.0142977,-0.0002211,-0.0027374,0.0143607
-2.61e-05,-0.0021184,0.0141003,-2.62e-05,-0.0021177,0.0141631
-5.21e-05,-0.0027664,0.0145295,-5.22e-05,-0.0027654,0.014593
-0.0004132,-0.0026225,0.0142566,-0.0004131,-0.0026215,0.0143196
-0.0003362,-0.0021675,0.0139205,-0.0003361,-0.0021668,0.0139829
-0.0003442,-0.0027043,0.0147292,-0.0003441,-0.0027034,0.0147931
2.07e-05,-0.0033303,0.0158916,2.06e-05,-0.0033296,0.0159569
-0.0007284,-0.0034833,0.0158676,-0.0007282,-0.0034826,0.0159327
-0.0003943,-0.0034403,0.0158077,-0.0003943,-0.0034395,0.0158728
-0.0003553,-0.0013008,0.0156785,-0.0003553,-0.0013008,0.0157443
-8.13e-05,-0.0007028,0.0153229,-8.13e-05,-0.0007029,0.0153884
-0.0005332,-0.0006098,0.0156941,-0.0005331,-0.00061,0.0157601
-0.0003293,-0.0012439,0.0153495,-0.0003292,-0.0012437,0.0154149
-0.0010674,-0.0034053,0.0158636,-0.0010672,-0.0034046,0.0159287
-0.0017735,-0.0030803,0.0158915,-0.001773,-0.0030797,0.0159567
-0.0026076,-0.0015871,0.0157884,-0.0026068,-0.001587,0.0158538
-0.0031087,-0.0017352,0.0158136,-0.0031077,-0.0017351,0.0158787
-0.0019465,-0.001199,0.0149616,-0.0019458,-0.0011988,0.0150261
-0.0016974,-0.001354,0.0149964,-0.0016968,-0.0013538,0.015061
-0.0016074,-0.001373,0.0152691,-0.0016069,-0.0013728,0.0153342
-0.0017985,-0.001239,0.0146867,-0.0017978,-0.0012388,0.0147507
-0.0026619,-0.0014542,0.0142889,-0.0026606,-0.0014537,0.0143519
-0.0022148,-0.0014422,0.0140858,-0.0022138,-0.0014418,0.0141484
-0.0019367,-0.001058,0.0142152,-0.0019359,-0.0010579,0.0142783
-0.002727,-0.0010371,0.0141171,-0.0027257,-0.0010368,0.0141797
-0.0022938,-0.0006539,0.0142114,-0.0022928,-0.0006539,0.0142745
-0.0023767,-0.0013282,0.0145923,-0.0023757,-0.0013278,0.014656
-0.0020796,-0.0013901,0.0144831,-0.0020787,-0.0013898,0.0145467
-0.0023808,-0.0016562,0.0144616,-0.0023797,-0.0016557,0.0145249
-0.002646,-0.0006039,0.014084,-0.0026447,-0.0006039,0.0141466
-0.0026128,-0.0010921,0.0144945,-0.0026116,-0.0010918,0.014558
-0.0028254,-0.0014173,0.0135522,-0.0028239,-0.0014168,0.0136134
-0.002123,-0.0015154,0.0134695,-0.0021221,-0.0015149,0.0135308
-0.0024423,-0.0016495,0.0133233,-0.0024411,-0.0016489,0.013384
-0.002345,-0.0014243,0.0137933,-0.0023439,-0.0014238,0.0138552
-0.0019368,-0.0014853,0.0137709,-0.001936,-0.0014848,0.0138329
-0.002268,-0.0017564,0.0137285,-0.0022669,-0.0017558,0.0137902
-0.0028564,-0.0009671,0.0134523,-0.002855,-0.0009668,0.0135133
-0.002613,-0.0013382,0.0139842,-0.0026117,-0.0013378,0.0140466
-0.0022264,-0.0009001,0.0115961,-0.0022259,-0.0009,0.0116514
-0.0020495,-0.0011233,0.0117042,-0.0020491,-0.0011232,0.0117599
-0.001884,-0.0008467,0.0117041,-0.0018838,-0.0008468,0.01176
-0.0016107,-0.0010191,0.011619,-0.0016106,-0.0010192,0.0116746
-0.0016154,-0.0006964,0.0117852,-0.0016153,-0.0006965,0.0118416
-0.0016482,-0.0009937,0.0119491,-0.001648,-0.0009938,0.0120061
-0.0014775,-0.0010425,0.0124769,-0.0014772,-0.0010425,0.0125358
-0.0020473,-0.0006193,0.0117085,-0.002047,-0.0006194,0.0117643
-0.0023292,-0.0006486,0.0116757,-0.0023287,-0.0006485,0.0117313
-0.001968,-0.0002387,0.0117679,-0.0019678,-0.0002388,0.0118241
-0.0019814,-0.0007363,0.0120713,-0.0019811,-0.0007364,0.0121285
-0.0019755,-0.0010247,0.0120086,-0.0019751,-0.0010247,0.0120656
-0.0018718,-0.0009994,0.0124844,-0.0018713,-0.0009993,0.0125431
-0.0021741,-0.0004781,0.0118891,-0.0021737,-0.0004781,0.0119456
-0.002378,-0.0006302,0.0120562,-0.0023774,-0.0006302,0.0121132
-0.001664,-0.0006061,0.0121336,-0.0016639,-0.0006063,0.0121913
-0.0022803,-0.0006691,0.0123951,-0.0022796,-0.0006691,0.0124534
-0.0023452,-0.0009507,0.0119477,-0.0023445,-0.0009506,0.0120043
-0.0024302,-0.0014805,0.0120822,-0.0024293,-0.00148,0.0121391
-0.0023099,-0.0010684,0.0126718,-0.002309,-0.0010682,0.0127309
-0.0035507,-0.0007201,0.0158837,-0.0035497,-0.0007203,0.0159489
-0.0032946,-0.0007411,0.0159086,-0.0032937,-0.0007413,0.0159739
-0.0015614,-0.0003319,0.0148571,-0.0015609,-0.0003321,0.0149216
-0.0016004,-0.000701,0.0152339,-0.0015998,-0.000701,0.0152991
-0.0011003,-0.0001649,0.0149955,-0.0010999,-0.0001651,0.0150604
-0.0015424,4.62e-05,0.0148531,-0.0015419,4.58e-05,0.0149177
-0.0016253,-0.0002679,0.0153308,-0.0016248,-0.0002682,0.0153962
-0.0017784,-0.0005469,0.015378,-0.0017778,-0.0005471,0.0154433
-0.0017555,-0.0005249,0.0147194,-0.0017548,-0.000525,0.0147837
-0.0024089,-0.0003288,0.0142295,-0.0024078,-0.000329,0.0142926
-0.0020228,-0.0007199,0.0141482,-0.0020219,-0.0007199,0.0142112
-0.0018047,-0.0001688,0.0142178,-0.001804,-0.000169,0.0142811
-0.0023037,-0.0001978,0.0145001,-0.0023027,-0.0001981,0.0145638
-0.0025568,-0.0002929,0.0145773,-0.0025556,-0.000293,0.014641
-0.0030625,-0.000641,0.0134714,-0.003061,-0.0006409,0.0135324
-0.0026945,-0.0002637,0.0133281,-0.0026932,-0.0002639,0.0133889
-0.0029232,-0.0006759,0.0138197,-0.0029218,-0.0006759,0.0138816
-0.0032449,-0.0005199,0.0132152,-0.0032432,-0.0005198,0.0132755
-0.0018905,0.0002072,0.0149264,-0.0018898,0.0002067,0.014991
-0.0012575,6.43e-05,0.0145369,-0.0012571,6.39e-05,0.014601
-0.0015404,0.0001001,0.0152549,-0.0015398,9.97e-05,0.0153201
-0.0016144,0.0005681,0.0152531,-0.0016138,0.0005675,0.0153184
-0.0011742,2.31e-05,0.0153635,-0.0011739,2.27e-05,0.015429
-0.0018645,-0.0001169,0.0149743,-0.0018638,-0.0001172,0.015039
-0.0023179,0.0002624,0.0141286,-0.0023168,0.000262,0.0141915
-0.0019097,0.0001523,0.014288,-0.0019089,0.000152,0.0143514
-0.0022729,0.0005495,0.0141487,-0.0022719,0.0005489,0.0142116
-0.0023077,0.0001152,0.0145381,-0.0023067,0.0001149,0.0146019
-0.0019258,0.0004024,0.0140733,-0.001925,0.000402,0.0141362
-0.0020748,0.0008245,0.0141756,-0.0020739,0.0008238,0.0142387
-0.0025579,0.0004604,0.0142209,-0.0025567,0.0004599,0.0142839
-0.002733,0.0010025,0.0142683,-0.0027317,0.0010017,0.0143313
-0.0026388,0.0004573,0.0145356,-0.0026376,0.0004568,0.0145992
-0.0024839,-4.98e-05,0.0142246,-0.0024827,-5e-05,0.0142877
-0.0032897,0.000636,0.0157519,-0.0032887,0.0006354,0.0158172
-0.0015695,0.0013024,0.0148249,-0.0015689,0.0013015,0.0148894
-0.0023269,0.0010196,0.014113,-0.0023258,0.0010188,0.0141759
-0.0023219,0.0013897,0.0140704,-0.0023208,0.0013888,0.0141331
-0.0019848,0.0013167,0.0140929,-0.0019839,0.0013158,0.0141558
-0.0028571,0.0012387,0.0140828,-0.0028557,0.0012378,0.0141454
-0.002574,0.0012107,0.0141094,-0.0025727,0.0012098,0.0141722
-0.0024719,0.0007605,0.0142379,-0.0024707,0.0007598,0.014301
-0.0031201,0.0008285,0.0143484,-0.0031186,0.0008277,0.0144115
-0.0026111,0.0009226,0.0139135,-0.0026098,0.0009219,0.0139759
-0.0028996,0.001082,0.0158708,-0.0028988,0.0010813,0.0159364
0.0019192,-0.0055291,0.0008827,0.0019174,-0.0055234,0.0008856
0.0021917,-0.0051445,0.000712,0.0021893,-0.0051384,0.0007158
0.0012823,-0.0056282,0.0008303,0.0012811,-0.0056221,0.0008335
0.0009383,-0.0053879,0.0006861,0.0009373,-0.0053813,0.0006904
0.0005813,-0.0051286,0.0006442,0.0005807,-0.005122,0.0006495
0.0027187,-0.0050178,0.0008333,0.002716,-0.0050123,0.0008368
0.0032939,-0.0047856,0.0008691,0.0032906,-0.0047806,0.0008721
0.0006456,0.0032432,0.0159169,0.0006453,0.0032419,0.0159825
0.0003188,0.0014765,0.0146997,0.0003186,0.0014756,0.0147641
0.0005838,0.0015253,0.0150197,0.0005834,0.0015244,0.0150846
0.0001007,0.0013812,0.0151282,0.0001006,0.0013803,0.0151934
0.0003156,0.0016652,0.0153465,0.0003155,0.0016642,0.015412
0.0006951,0.0021491,0.0141103,0.0006947,0.0021477,0.0141734
0.000584,0.002508,0.0143086,0.0005836,0.0025065,0.0143719
0.0010231,0.002519,0.0142689,0.0010225,0.0025175,0.0143321
0.0003339,0.0026431,0.0141778,0.0003337,0.0026416,0.0142409
-0.0001323,0.0027669,0.0145005,-0.0001323,0.0027653,0.0145642
-2.02e-05,0.0026182,0.0140858,-2.02e-05,0.0026166,0.0141487
0.000283,0.0026074,0.0138501,0.0002828,0.0026058,0.0139125
0.0003271,0.0025907,0.0134926,0.0003269,0.0025892,0.0135541
0.0011215,0.0025257,0.0135,0.0011208,0.0025242,0.0135614
0.0007553,0.0030239,0.0135415,0.0007548,0.003022,0.0136029
0.0006791,0.0025193,0.0139381,0.0006787,0.0025178,0.0140006
0.000226,0.0029999,0.0134534,0.0002259,0.0029981,0.0135146
-0.0001041,0.0029891,0.0132846,-0.0001041,0.0029873,0.0133454
0.000366,0.0023152,0.0139596,0.0003657,0.0023138,0.0140223
0.0010242,0.0022422,0.0139598,0.0010237,0.0022408,0.0140225
0.0008212,0.0028665,0.0137999,0.0008207,0.0028648,0.013862
0.000967,0.0019652,0.0116816,0.0009668,0.0019647,0.0117374
0.0010805,0.0023416,0.0116537,0.0010801,0.0023407,0.0117093
0.0014361,0.0021751,0.0116926,0.0014356,0.0021742,0.0117483
0.0014676,0.0018571,0.0114786,0.0014672,0.0018565,0.0115335
0.0009001,0.0026573,0.0117414,0.0008997,0.0026561,0.0117972
0.00113,0.0021881,0.0118948,0.0011296,0.0021873,0.0119513
0.0010766,0.0019484,0.0120485,0.0010763,0.0019477,0.0121058
0.0014773,0.0020206,0.0119896,0.0014768,0.0020198,0.0120464
0.0009836,0.0012815,0.0120442,0.0009834,0.0012813,0.0121018
0.0010522,0.002158,0.0123592,0.0010518,0.0021571,0.0124175
0.0005439,0.0023069,0.0120259,0.0005437,0.0023061,0.012083
0.0002435,0.0022609,0.0119988,0.0002434,0.0022602,0.0120558
0.0007131,0.0026275,0.0120692,0.0007128,0.0026263,0.0121262
0.0007319,0.002202,0.0123989,0.0007316,0.0022011,0.0124574
0.0006821,0.0020276,0.0119475,0.000682,0.0020271,0.0120043
0.0006561,0.0013968,0.0120071,0.000656,0.0013965,0.0120646
0.0010001,0.002219,0.0142625,0.0009996,0.0022176,0.0143257
0.0013472,0.002182,0.0142107,0.0013465,0.0021806,0.0142739
0.0012546,0.0033353,0.0158741,0.0012542,0.0033339,0.0159396
0.0012735,0.0025941,0.0161594,0.0012731,0.002593,0.0162255
0.0043855,-0.0038598,0.0008963,0.0043812,-0.0038558,0.000899
0.0043282,-0.0030558,0.0006998,0.0043231,-0.003052,0.0007047
0.003566,0.0014457,0.0009884,0.0035619,0.0014442,0.0009997
0.0026756,0.0021413,0.0011778,0.0026728,0.0021391,0.0011908
0.0030633,0.0011572,0.000863,0.0030594,0.0011559,0.0008755
0.0028513,0.0007537,0.0009432,0.0028477,0.0007529,0.0009566
0.0015121,0.0012716,0.0007392,0.00151,0.00127,0.0007538
0.002345,0.001391,0.0007912,0.0023418,0.0013893,0.0008047
0.0021908,0.0020915,0.0007614,0.0021878,0.0020889,0.0007742
0.0012486,0.001906,0.0007334,0.0012468,0.0019035,0.0007476
0.0020006,0.0022919,0.0009173,0.0019981,0.0022891,0.0009305
0.0021849,0.0013715,0.0010353,0.0021822,0.00137,0.0010497
0.0017461,0.0017878,0.0007839,0.0017437,0.0017855,0.0007978
0.0015382,0.0017142,0.0010673,0.0015363,0.0017122,0.0010824
0.0038955,0.0010417,0.0013805,0.003892,0.0010409,0.0013923
0.0041243,0.0017484,0.0017426,0.0041215,0.0017474,0.0017539
0.0040805,0.001232,0.0017363,0.0040777,0.0012313,0.0017484
0.0039211,0.0012132,0.0015598,0.003918,0.0012124,0.0015719
0.0035632,0.0013653,0.0014629,0.0035601,0.0013643,0.0014756
0.0036899,0.0018996,0.001521,0.0036869,0.0018982,0.0015329
0.0034497,0.0018643,0.0016789,0.0034471,0.0018631,0.0016919
0.0035403,0.0013316,0.0016167,0.0035375,0.0013307,0.0016299
0.0039244,0.0016294,0.001949,0.0039221,0.0016286,0.0019619
0.0039084,0.0011524,0.0020945,0.0039062,0.0011519,0.0021083
0.0032143,0.0016232,0.0019584,0.0032121,0.0016222,0.0019732
0.0037028,0.0009446,0.0017069,0.0037,0.0009441,0.0017203
0.0025698,0.0005518,0.002595,0.0025683,0.0005516,0.0026139
0.0036475,0.000943,0.0026363,0.0036458,0.0009427,0.0026529
0.002682,0.0009533,0.0024681,0.0026804,0.0009529,0.0024862
0.0024739,0.0010882,0.0026031,0.0024724,0.0010878,0.0026219
0.0031931,0.0015387,0.0026191,0.0031915,0.0015382,0.0026361
0.0029855,0.0010745,0.0026659,0.0029839,0.001074,0.0026839
0.0031432,0.0005616,0.0027457,0.0031416,0.0005615,0.0027639
0.0035847,0.0007002,0.0028872,0.0035832,0.0007,0.0029048
0.0029568,0.0001548,0.0027111,0.0029552,0.0001549,0.0027297
0.0031077,0.0005884,0.0029981,0.0031063,0.0005883,0.0030171
0.0022279,0.0010389,0.0024066,0.0022265,0.0010385,0.0024252
0.0028616,0.0013455,0.0024338,0.00286,0.0013449,0.0024512
0.0019119,0.0010615,0.0024279,0.0019107,0.001061,0.002447
0.0026773,0.0015278,0.0026525,0.0026759,0.0015271,0.0026707
0.0027481,0.0009285,0.0028587,0.0027467,0.0009281,0.0028779
0.0025353,0.0009959,0.0031264,0.002534,0.0009956,0.0031467
0.0020518,0.0006115,0.0023502,0.0020504,0.0006112,0.0023691
0.0024297,0.0004499,0.0028794,0.0024284,0.0004498,0.0028993
0.0021881,0.0014806,0.0005735,0.0021848,0.0014786,0.0005865
0.0024932,0.0014808,0.0006768,0.0024897,0.0014789,0.0006897
0.0018929,0.0014781,0.0006725,0.0018902,0.0014761,0.0006863
0.0015825,0.0015941,0.0005474,0.0015801,0.0015918,0.0005611
0.0021683,0.0003274,0.0004907,0.0021649,0.0003271,0.0005042
0.0019285,0.0008102,0.0007327,0.0019258,0.0008093,0.000747
0.0025775,0.0001745,0.000656,0.0025737,0.0001745,0.0006693
0.0020346,0.0002728,0.0006022,0.0020315,0.0002726,0.0006162
0.0023608,0.0008823,0.0006387,0.0023574,0.0008813,0.0006521
0.0027497,-0.0003548,0.0006592,0.0027457,-0.0003541,0.0006722
0.001967,-0.0003053,0.0007021,0.0019642,-0.0003046,0.0007165
0.0013694,0.0001582,0.000616,0.0013673,0.0001581,0.0006309
0.0022097,-0.0003524,0.0006217,0.0022064,-0.0003516,0.0006355
0.0031128,0.0004941,0.0008477,0.0031087,0.0004936,0.0008604
0.0025567,0.0001905,0.0009284,0.0025535,0.0001905,0.0009425
0.0032698,-0.0003367,0.0010465,0.003266,-0.0003361,0.0010595
0.0031144,-9.53e-05,0.0008581,0.0031104,-9.49e-05,0.0008709
0.0028666,-0.0002282,0.0009547,0.002863,-0.0002277,0.0009683
0.0020997,0.0002725,0.0010265,0.0020971,0.0002724,0.0010417
0.0039927,0.0001834,0.0016445,0.0039896,0.0001835,0.0016572
0.0040718,5.93e-05,0.001505,0.0040684,5.95e-05,0.0015169
0.0035653,6.65e-05,0.0013978,0.003562,6.66e-05,0.0014109
0.0040466,0.0007147,0.0015733,0.0040435,0.0007143,0.0015855
0.0039001,-4.89e-05,0.0012931,0.0038963,-4.86e-05,0.001305
0.0035087,-0.0003224,0.0015104,0.0035056,-0.0003219,0.0015241
0.0044137,0.0003384,0.0018647,0.004411,0.0003384,0.0018766
0.0051506,0.0016749,0.0009015,0.0051453,0.0016734,0.0009064
0.0054737,0.0016917,0.0010282,0.0054688,0.0016904,0.0010319
0.001773,0.0035085,0.0013507,0.0017713,0.0035054,0.0013627
0.0015448,0.0039829,0.0014455,0.0015434,0.0039796,0.0014566
0.002001,0.0033983,0.0014864,0.0019993,0.0033955,0.0014988
0.0015476,0.0033566,0.0014375,0.0015463,0.0033536,0.0014505
0.0019152,0.0030984,0.0015489,0.0019135,0.0030959,0.0015624
0.0012899,0.0036626,0.0013904,0.0012887,0.0036593,0.0014027
0.0015017,0.0038313,0.0017213,0.0015006,0.0038287,0.0017338
0.0013423,0.003146,0.001521,0.0013412,0.0031433,0.001535
0.0003624,0.0040584,0.0012939,0.000362,0.0040546,0.0013053
0.0010794,0.0038193,0.0016744,0.0010786,0.0038165,0.0016872
0.0004418,0.0038832,0.0014749,0.0004414,0.0038799,0.0014873
0.0009644,0.0038059,0.0014897,0.0009636,0.0038027,0.0015022
-0.0001118,0.0038654,0.001443,-0.0001116,0.003862,0.0014554
0.0004566,0.0033928,0.0013874,0.0004562,0.0033896,0.001401
0.0004357,0.0036943,0.0016266,0.0004354,0.0036914,0.0016401
0.0008719,0.0031604,0.0015046,0.0008712,0.0031576,0.0015189
0.0003978,0.0031941,0.0014891,0.0003975,0.0031912,0.0015035
-0.0001137,0.0033581,0.0015267,-0.0001135,0.0033551,0.0015409
-0.0006352,0.0036586,0.0012706,-0.0006345,0.003655,0.001283
-0.0002552,0.0036399,0.0012804,-0.0002549,0.0036364,0.001293
-1.43e-05,0.0038885,0.0012533,-1.43e-05,0.0038847,0.0012651
-5.09e-05,0.0037819,0.0016332,-5.08e-05,0.003779,0.0016465
-0.0001169,0.0033857,0.0013479,-0.0001167,0.0033825,0.0013614
-0.0006827,0.0033907,0.001419,-0.0006819,0.0033876,0.0014326
-0.0004575,0.0040028,0.0013854,-0.000457,0.0039993,0.0013972
-0.0005651,0.0038757,0.001489,-0.0005645,0.0038724,0.0015014
-0.0012176,0.0038953,0.0015667,-0.0012165,0.0038923,0.0015788
-0.0008267,0.0037194,0.0015928,-0.000826,0.0037165,0.001606
-0.0012345,0.0033655,0.0016078,-0.0012334,0.0033628,0.0016215
-0.0010694,0.002256,0.0023238,-0.0010686,0.0022546,0.0023422
-0.0007154,0.0024402,0.0023194,-0.0007149,0.0024387,0.0023376
-0.0002786,0.0025275,0.0023765,-0.0002783,0.002526,0.0023949
-0.0006065,0.0029008,0.0024601,-0.0006061,0.0028993,0.002478
-0.0001591,0.0030117,0.0024557,-0.0001589,0.0030101,0.0024734
-0.0010568,0.0029244,0.0024844,-0.0010561,0.0029229,0.002502
-0.0008538,0.0032498,0.0026522,-0.0008533,0.0032483,0.0026697
-0.0007182,0.0028646,0.002663,-0.0007178,0.0028632,0.0026815
-0.0004988,0.0024295,0.0026371,-0.0004984,0.0024283,0.0026564
-0.0001612,0.0025049,0.0025951,-0.000161,0.0025036,0.0026143
-0.0015354,0.002634,0.0027103,-0.0015345,0.0026328,0.0027287
-0.0005433,0.002088,0.0024036,-0.0005428,0.0020868,0.0024228
-0.0004763,0.0023088,0.002903,-0.0004759,0.0023077,0.0029234
-0.0006261,0.0026661,0.0030773,-0.0006257,0.0026649,0.0030975
-0.0011629,0.003916,0.0026659,-0.0011623,0.0039146,0.0026816
-0.0011414,0.0028102,0.0027263,-0.0011407,0.0028089,0.0027448
-0.0012093,0.0033981,0.0028252,-0.0012087,0.0033968,0.0028427
-0.0010618,0.002835,0.0029763,-0.0010612,0.0028338,0.0029956
-0.0012107,0.001901,0.002475,-0.0012099,0.0019,0.0024942
-0.0010076,0.0014303,0.0024446,-0.0010068,0.0014295,0.0024645
-0.0011882,0.0024437,0.002918,-0.0011876,0.0024427,0.0029377
-0.0018371,0.0035614,0.0013598,-0.0018353,0.0035583,0.0013716
-0.0017122,0.0038842,0.0015029,-0.0017107,0.0038812,0.0015143
-0.0011068,0.0046082,0.0014733,-0.0011059,0.0046048,0.0014827
-0.0012017,0.0037441,0.0017273,-0.0012007,0.0037415,0.0017404
-0.001904,0.0034815,0.0017453,-0.0019025,0.0034791,0.0017583
-0.0018557,0.0031773,0.0018451,-0.0018542,0.0031751,0.0018593
-0.0028663,0.0015889,0.0008977,-0.0028625,0.0015871,0.0009103
-0.0020948,0.0021472,0.0008147,-0.0020918,0.0021445,0.0008277
-0.002704,0.0018196,0.0009979,-0.0027006,0.0018176,0.0010108
-0.0025083,0.0025195,0.0010932,-0.0025053,0.0025168,0.0011056
-0.0030547,0.0019028,0.000939,-0.0030508,0.0019006,0.0009508
-0.0030074,0.0018,0.0011686,-0.003004,0.0017982,0.0011813
-0.0030314,0.0011076,0.0008991,-0.0030274,0.0011064,0.0009118
-0.0030839,0.0022983,0.0012128,-0.0030806,0.0022961,0.0012247
-0.0026917,0.0024536,0.0012659,-0.0026888,0.0024512,0.0012786
-0.002502,0.002981,0.0012886,-0.0024994,0.0029782,0.0013006
-0.0023496,0.0027278,0.0015792,-0.0023475,0.0027256,0.0015929
-0.0024241,0.002283,0.0013579,-0.0024216,0.0022808,0.0013717
-0.0019339,0.0022807,0.0013105,-0.0019318,0.0022784,0.0013249
-0.0023534,0.0022361,0.0015264,-0.0023511,0.0022342,0.0015408
-0.0028404,0.0028435,0.0015168,-0.0028379,0.0028412,0.001529
-0.0023597,0.0029305,0.0014579,-0.0023575,0.0029279,0.0014708
-0.0028906,0.002849,0.0017057,-0.0028883,0.002847,0.0017183
-0.0028461,0.0022385,0.001613,-0.0028435,0.0022367,0.0016268
-0.0033169,0.0016807,0.0016391,-0.003314,0.0016795,0.0016526
-0.0038028,0.0016837,0.0015621,-0.0037996,0.0016826,0.0015739
-0.0034555,0.0018277,0.0014618,-0.0034523,0.0018263,0.0014742
-0.0038634,0.0009541,0.0013494,-0.0038596,0.0009534,0.0013612
-0.0042711,0.0011281,0.0015818,-0.0042677,0.0011275,0.0015928
-0.0036735,0.0009287,0.0016301,-0.0036704,0.0009281,0.0016434
-0.0044389,0.0002479,0.0018005,-0.0044359,0.0002479,0.001812
-0.003759,6.58e-05,0.0018324,-0.0037562,6.59e-05,0.0018463
-0.0042251,-0.0003426,0.0019798,-0.0042225,-0.0003422,0.0019926
-0.0039737,0.0001557,0.0020621,-0.0039712,0.0001558,0.002076
-0.0046424,0.0004323,0.0019522,-0.0046397,0.0004323,0.0019634
-0.0045799,-0.0001552,0.0019088,-0.0045771,-0.0001549,0.0019201
-0.0027938,-0.0008914,0.0012816,-0.0027907,-0.0008902,0.0012959
-0.0038287,-0.0009427,0.0016772,-0.0038256,-0.0009417,0.00169
-0.0038671,-0.0013805,0.0017481,-0.0038642,-0.0013792,0.0017606
-0.0036762,-0.0008493,0.0018285,-0.0036734,-0.0008484,0.0018423
-0.0035139,-0.002085,0.0017029,-0.0035111,-0.0020832,0.0017153
-0.0034033,-0.0019324,0.0015004,-0.0034002,-0.0019305,0.0015128
-0.0039349,-0.0013933,0.0015784,-0.0039316,-0.001392,0.0015902
-0.003785,-0.0021555,0.0019635,-0.0037826,-0.002154,0.0019758
-0.0048916,-0.0025627,0.0008877,-0.0048864,-0.0025598,0.000892
-0.0045118,-0.0027335,0.0008239,-0.0045067,-0.0027302,0.0008292
-0.0041953,-0.0037337,0.0010171,-0.0041912,-0.00373,0.0010212
-0.0011334,-0.0040446,0.001349,-0.0011323,-0.0040406,0.00136
-0.0012679,-0.0041792,0.0015467,-0.0012668,-0.0041756,0.0015576
-0.0007011,-0.0040643,0.0015937,-0.0007005,-0.0040608,0.0016057
-0.0017949,-0.0040547,0.0016504,-0.0017935,-0.0040515,0.0016614
-0.0012896,-0.0034189,0.0014133,-0.0012883,-0.0034155,0.0014262
-0.0011256,-0.0040893,0.0016746,-0.0011246,-0.0040861,0.0016864
-0.0020698,-0.0038901,0.0013651,-0.0020679,-0.0038864,0.0013754
-0.0018926,-0.0036005,0.0015202,-0.0018909,-0.0035972,0.0015321
-0.0017706,-0.0034425,0.0016263,-0.0017691,-0.0034394,0.0016392
-0.0016911,-0.0038524,0.0019757,-0.00169,-0.0038498,0.0019885
-0.0025106,-0.0050058,0.0008662,-0.0025079,-0.0050004,0.0008701
0.0047942,-0.0014234,0.0008577,0.0047889,-0.0014216,0.0008643
0.0025215,-0.0007202,0.0005953,0.0025177,-0.0007189,0.0006084
0.0024968,-0.0004184,0.0007287,0.0024933,-0.0004175,0.0007423
0.0028155,-0.0009132,0.0006668,0.0028115,-0.0009117,0.0006794
0.0018142,-0.0009094,0.0006407,0.0018115,-0.0009077,0.0006549
0.0015492,-0.0007654,0.0005501,0.0015468,-0.0007639,0.0005644
0.0035658,-0.0009019,0.0012938,0.0035622,-0.0009008,0.0013063
0.0040028,-0.0008778,0.0013405,0.0039991,-0.0008768,0.0013518
0.0039641,-0.001001,0.0014818,0.0039607,-0.0009999,0.0014936
0.0039709,-0.001067,0.0017002,0.0039679,-0.001066,0.0017126
0.0034893,-0.0008381,0.0015946,0.0034864,-0.0008372,0.0016082
0.0023096,-0.001183,0.0141823,0.0023084,-0.0011827,0.0142453
0.0019936,-0.0009579,0.014069,0.0019926,-0.0009578,0.0141318
0.0016666,-0.000992,0.0139267,0.0016658,-0.0009918,0.0139893
0.0021315,-0.0005728,0.014171,0.0021305,-0.0005728,0.014234
0.0021513,-0.001282,0.0145528,0.0021502,-0.0012817,0.0146165
0.0016713,-0.001109,0.0142774,0.0016705,-0.0011088,0.0143407
0.0016395,-0.0007419,0.0141633,0.0016386,-0.0007419,0.0142265
0.0016792,-0.0009249,0.0146031,0.0016783,-0.0009248,0.014667
0.0018322,-0.001199,0.0146273,0.0018313,-0.0011987,0.0146913
0.0022928,-0.0023561,0.0158361,0.002292,-0.0023557,0.0159014
0.0026249,-0.0024331,0.0158614,0.002624,-0.0024328,0.0159265
0.0020009,-0.0029842,0.0158771,0.0020002,-0.0029837,0.0159423
-0.0015936,-0.0020713,0.0141326,-0.0015929,-0.0020706,0.0141954
-0.0016106,-0.0016112,0.0142332,-0.0016099,-0.0016107,0.0142963
-0.0012935,-0.0017903,0.0140473,-0.001293,-0.0017898,0.01411
-0.0019657,-0.0017222,0.0141437,-0.0019648,-0.0017217,0.0142064
-0.0016515,-0.0021093,0.0145732,-0.0016508,-0.0021086,0.0146368
-0.0023918,-0.0018403,0.0141421,-0.0023907,-0.0018397,0.0142047
-0.0019576,-0.0024894,0.0145137,-0.0019567,-0.0024885,0.014577
-0.0019918,-0.0020475,0.0138084,-0.0019909,-0.0020467,0.0138703
-0.0015678,-0.0025199,0.0133632,-0.0015671,-0.0025189,0.013424
-0.0019551,-0.002531,0.0132198,-0.0019541,-0.0025299,0.0132801
-0.0014057,-0.0021457,0.0134515,-0.0014051,-0.0021449,0.0135127
-0.0023182,-0.0020337,0.0133634,-0.002317,-0.0020328,0.0134241
-0.0020609,-0.0024176,0.0137948,-0.0020598,-0.0024166,0.0138565
-0.0019648,-0.0027127,0.0139227,-0.0019638,-0.0027115,0.0139847
-0.0026765,-0.0019167,0.0132799,-0.0026751,-0.0019159,0.0133403
-0.0020481,-0.0018676,0.0133889,-0.0020471,-0.0018669,0.0134498
-0.0028646,-0.0016515,0.0133279,-0.002863,-0.0016508,0.0133884
-0.002382,-0.0021746,0.0137549,-0.0023808,-0.0021737,0.0138166
-0.0026544,-0.0022838,0.01337,-0.002653,-0.0022828,0.0134306
-0.0033737,-0.0011321,0.0159076,-0.0033727,-0.0011322,0.0159729
-0.0029586,-0.0010661,0.0157815,-0.0029577,-0.0010662,0.0158469
-0.0032678,0.0014222,0.0155963,-0.0032667,0.0014213,0.0156613
-0.0029738,0.0015462,0.0154174,-0.0029727,0.0015453,0.0154823
-0.0018637,0.0017337,0.014335,-0.0018629,0.0017326,0.0143984
-0.0011436,0.0016099,0.0139967,-0.0011431,0.0016089,0.0140595
-0.0017237,0.0016999,0.0140392,-0.001723,0.0016988,0.014102
-0.0015377,0.002027,0.0140334,-0.001537,0.0020257,0.0140962
-0.0011695,0.0020319,0.014194,-0.001169,0.0020306,0.0142572
-0.0015556,0.0015826,0.0144844,-0.0015549,0.0015816,0.0145482
-0.0011425,0.0016566,0.0146212,-0.001142,0.0016555,0.0146853
-0.0021109,0.0019171,0.0137741,-0.0021099,0.0019159,0.0138361
-0.0022623,0.0022807,0.0132805,-0.0022612,0.0022793,0.0133412
-0.0019031,0.0023657,0.0133332,-0.0019021,0.0023642,0.0133941
-0.0015439,0.0022796,0.0133996,-0.0015432,0.0022782,0.0134608
-0.001734,0.0026969,0.0133256,-0.0017331,0.0026952,0.0133864
-0.0015247,0.0024503,0.0138782,-0.001524,0.0024487,0.0139404
-0.002153,0.0023143,0.0136917,-0.0021519,0.0023129,0.0137535
-0.0020551,0.0025977,0.0134744,-0.002054,0.002596,0.0135356
-0.0009991,-0.0058582,0.0006945,-0.0009979,-0.0058515,0.0006966
-0.0005629,-0.0058867,0.000587,-0.0005621,-0.0058796,0.0005891
0.0015351,-0.003423,0.0009567,0.0015333,-0.0034186,0.000968
0.0012845,-0.0036537,0.0008603,0.0012829,-0.0036488,0.000871
0.002523,-0.0035403,0.0014263,0.0025209,-0.0035369,0.001437
0.002075,-0.0034516,0.0016921,0.0020734,-0.0034487,0.0017046
0.0015567,-0.0041514,0.0016222,0.0015556,-0.0041481,0.0016332
0.0020129,-0.003366,0.0014539,0.0020112,-0.0033627,0.0014662
0.0010672,-0.0041131,0.0013397,0.0010663,-0.0041091,0.0013505
0.0010146,-0.0041394,0.0015712,0.0010138,-0.0041358,0.0015826
0.0015898,-0.0041297,0.0017907,0.0015888,-0.0041267,0.0018023
0.0020397,-0.0038999,0.001862,0.0020385,-0.0038971,0.0018738
0.0024612,-0.0036702,0.0017684,0.0024596,-0.0036674,0.0017799
0.001565,-0.0034211,0.0015902,0.0015638,-0.0034179,0.0016034
0.0019547,-0.0029482,0.0015766,0.001953,-0.0029454,0.0015904
0.0018959,-0.0032658,0.0018001,0.0018945,-0.0032631,0.0018138
0.0019123,-0.0037288,0.0019663,0.0019112,-0.0037263,0.0019791
0.0014557,-0.0038954,0.0019728,0.0014548,-0.0038927,0.0019858
0.001185,-0.0037237,0.0017392,0.0011842,-0.0037207,0.0017523
0.0010242,-0.0034553,0.0015642,0.0010234,-0.0034521,0.0015777
0.0011879,-0.0029976,0.0015053,0.0011869,-0.0029945,0.0015197
0.000963,-0.0038946,0.0018881,0.0009624,-0.0038917,0.0019014
0.0014671,-0.0040619,0.0021719,0.0014664,-0.0040594,0.002185
0.0008836,-0.0031796,0.0025674,0.0008831,-0.0031777,0.0025847
0.0015711,-0.0033154,0.0025492,0.0015703,-0.0033134,0.0025655
0.0013246,-0.0029955,0.0025454,0.0013239,-0.0029936,0.0025627
0.0014711,-0.002491,0.0024864,0.0014703,-0.0024893,0.0025043
0.0018334,-0.0026755,0.0025273,0.0018324,-0.0026737,0.0025446
0.0016817,-0.0026329,0.0027729,0.0016809,-0.0026314,0.0027912
0.0009967,-0.0026342,0.0024968,0.0009962,-0.0026324,0.002515
0.0013048,-0.001992,0.0024216,0.001304,-0.0019905,0.0024403
0.0013476,-0.0027813,0.0026591,0.0013469,-0.0027796,0.0026772
0.0013839,-0.0031911,0.0027581,0.0013832,-0.0031893,0.0027756
0.0017768,-0.0030521,0.0027195,0.001776,-0.0030503,0.0027366
0.001432,-0.0021607,0.002592,0.0014311,-0.0021591,0.0026108
0.0012977,-0.0029368,0.0029271,0.0012971,-0.0029351,0.0029457
0.0008022,-0.0021598,0.0023588,0.0008017,-0.0021581,0.0023775
0.0009033,-0.0025779,0.0027223,0.0009029,-0.0025762,0.0027412
0.0003743,-0.0021343,0.0023815,0.0003742,-0.0021327,0.0024004
0.0009595,-0.0020931,0.0025658,0.000959,-0.0020915,0.0025851
0.0002655,-0.0025461,0.0025633,0.0002654,-0.0025443,0.0025822
0.001,-0.0025257,0.0029478,0.0009995,-0.0025242,0.0029675
0.0003396,-0.0029413,0.0026928,0.0003395,-0.0029394,0.0027112
0.000815,-0.0030564,0.0030181,0.0008146,-0.0030548,0.0030371
0.0020513,-0.0049557,0.0008271,0.0020491,-0.00495,0.0008321
0.0016344,-0.0046206,0.0007093,0.0016325,-0.0046147,0.000716
0.0013424,-0.0050083,0.0009352,0.0013411,-0.0050028,0.0009412
0.0011684,-0.0022525,0.0007597,0.0011668,-0.002249,0.0007734
0.0002477,-0.0018661,0.0006998,0.0002474,-0.0018631,0.0007145
0.0005311,-0.0017991,0.0005974,0.0005304,-0.0017961,0.0006118
-0.000404,-0.0018189,0.0006049,-0.0004033,-0.0018158,0.0006193
0.0005284,-0.001119,0.0005796,0.0005276,-0.001117,0.0005945
0.0008108,-0.0023229,0.0006198,0.0008096,-0.0023192,0.0006333
-0.0001718,-0.0024491,0.0007542,-0.0001715,-0.0024454,0.0007681
0.0008777,-0.0025218,0.0008303,0.0008765,-0.0025181,0.000844
0.000825,-0.0032779,0.0008642,0.000824,-0.0032734,0.0008764
-0.0001809,-0.0028839,0.0009488,-0.0001806,-0.0028799,0.0009623
0.0004508,-0.0028075,0.0010972,0.0004503,-0.0028039,0.0011112
0.0007759,-0.00372,0.0009594,0.0007751,-0.0037153,0.0009705
0.000536,-0.0037223,0.0010842,0.0005355,-0.0037179,0.0010959
0.0004956,-0.0042083,0.0015729,0.0004953,-0.0042047,0.0015844
0.0004573,-0.0035591,0.0015481,0.000457,-0.0035557,0.0015615
0.0003857,-0.0034959,0.0013732,0.0003854,-0.0034923,0.0013864
-0.0001236,-0.0033238,0.0013351,-0.0001234,-0.0033201,0.0013487
0.0005246,-0.0031244,0.0012797,0.0005241,-0.0031208,0.0012935
0.000358,-0.0039828,0.0016487,0.0003578,-0.0039794,0.0016613
0.0004619,-0.0038822,0.0018602,0.0004616,-0.0038792,0.0018736
0.0016187,0.0028944,0.0155922,0.0016181,0.002893,0.0156574
0.0019738,0.0029395,0.0155764,0.001973,0.0029381,0.0156415
0.002175,0.0023316,0.0134489,0.0021738,0.0023302,0.01351
0.0016117,0.0026978,0.0134388,0.0016108,0.0026961,0.0134999
0.0020627,0.0023383,0.0138551,0.0020615,0.0023368,0.0139172
0.0015885,0.0022003,0.0138115,0.0015877,0.0021989,0.0138737
0.0017771,0.002512,0.0131682,0.0017761,0.0025105,0.0132286
0.0017425,0.0024202,0.0139747,0.0017415,0.0024187,0.0140372
0.0032616,-0.0027913,0.0014887,0.0032589,-0.0027887,0.0014997
0.0037153,-0.0025776,0.0014914,0.0037123,-0.0025754,0.0015016
0.0030698,-0.0026191,0.0013096,0.0030668,-0.0026164,0.001321
0.0029424,-0.0024985,0.0016692,0.0029401,-0.0024963,0.0016823
0.0028621,-0.0029929,0.0015653,0.0028598,-0.0029902,0.0015772
0.00344,-0.003026,0.0016748,0.0034376,-0.0030236,0.0016853
0.0023579,-0.0030223,0.0014901,0.0023559,-0.0030193,0.0015027
0.002994,-0.0025173,0.0014882,0.0029913,-0.0025149,0.0015006
0.0021756,-0.002441,0.0014808,0.0021736,-0.0024384,0.001495
0.002498,-0.0025811,0.0014049,0.0024956,-0.0025784,0.0014179
0.0035695,-0.0025131,0.0016259,0.0035669,-0.002511,0.0016371
0.0023957,-0.0019867,0.0013951,0.0023934,-0.0019844,0.0014094
0.0024214,-0.0034501,0.001594,0.0024195,-0.0034471,0.0016056
0.0027906,0.0025181,0.0013134,0.0027879,0.0025158,0.0013258
0.003156,0.0023804,0.0013145,0.003153,0.0023783,0.0013264
0.0031368,0.0028871,0.0013813,0.0031341,0.0028847,0.0013923
0.0026703,0.0029376,0.0013594,0.0026678,0.002935,0.0013713
0.0029609,0.0027518,0.0017381,0.0029587,0.0027499,0.0017509
0.00304,0.002342,0.001455,0.0030374,0.00234,0.0014676
0.0024148,0.0022275,0.0013164,0.0024124,0.0022254,0.0013301
0.0030396,0.0022713,0.0016367,0.0030372,0.0022697,0.00165
0.0026099,0.0028946,0.0014897,0.0026077,0.0028922,0.0015022
0.0023784,0.0028427,0.0016076,0.0023764,0.0028405,0.0016211
0.0026794,0.0025165,0.0014063,0.0026769,0.0025143,0.0014192
0.0022216,0.0022635,0.0015088,0.0022196,0.0022615,0.0015234
0.002337,0.0020782,0.0017193,0.0023351,0.0020766,0.0017346
0.0044766,0.0030443,0.0008823,0.004472,0.0030413,0.0008874
0.0044757,0.0022433,0.0009792,0.0044711,0.0022412,0.0009862
0.0049088,0.0016683,0.0010625,0.0049041,0.0016669,0.0010689
0.0053,0.0016368,0.0011713,0.0052956,0.0016357,0.0011762
0.0037108,0.0035372,0.0009517,0.003707,0.0035337,0.0009581
0.0043154,0.0034668,0.0012273,0.0043119,0.0034642,0.0012324
0.003107,0.0045682,0.00119,0.0031044,0.0045646,0.0011951
0.0032212,0.0041393,0.0010521,0.0032181,0.0041355,0.0010582
0.0014335,0.0051474,0.0010444,0.0014321,0.0051427,0.0010501
0.0020317,0.0045811,0.0010197,0.0020296,0.0045766,0.0010267
0.0008877,0.0052506,0.0010965,0.0008869,0.0052459,0.0011022
0.0007161,0.0055437,0.0012209,0.0007155,0.0055395,0.0012255
-0.0003789,0.0054589,0.0010373,-0.0003785,0.0054539,0.0010422
0.0001098,0.0053932,0.0010068,0.0001097,0.0053882,0.001012
-0.0010939,0.0051908,0.0010368,-0.0010928,0.0051859,0.0010425
-0.00187,0.0043696,0.0007327,-0.0018675,0.0043644,0.0007399
-0.0023319,0.0042594,0.0008701,-0.0023291,0.0042547,0.0008774
-0.0022024,0.0048045,0.0009895,-0.0022001,0.0047999,0.0009952
-0.0016718,0.0048097,0.0009553,-0.00167,0.0048048,0.0009618
-0.004389,0.0018788,0.0006977,-0.0043834,0.0018766,0.0007048
-0.0046929,0.0017749,0.0009473,-0.0046878,0.0017733,0.000954
-0.0054835,0.0010863,0.0012008,-0.0054789,0.0010856,0.0012054
-0.0052266,0.0010824,0.0010273,-0.0052214,0.0010816,0.0010328
-0.0053311,-0.0012349,0.0011462,-0.0053263,-0.0012335,0.0011514
-0.0055518,-0.0007267,0.0012151,-0.0055473,-0.0007259,0.0012196
-0.0051778,-0.0018533,0.0011948,-0.0051734,-0.0018515,0.0012
-0.0038614,-0.0017115,0.0010273,-0.003857,-0.0017094,0.0010373
-0.0048047,-0.0025936,0.0011978,-0.0048005,-0.0025912,0.0012031
-0.0037476,-0.0026702,0.0018977,-0.0037453,-0.0026684,0.0019089
-0.0032076,-0.0029362,0.0020081,-0.0032057,-0.0029342,0.0020205
-0.0032564,-0.0022214,0.0019482,-0.0032542,-0.0022197,0.0019618
-0.0031863,-0.0026505,0.0021429,-0.0031845,-0.0026488,0.0021565
-0.0035858,-0.0032273,0.0020232,-0.0035838,-0.0032255,0.0020338
-0.0021932,-0.0019608,0.0015429,-0.002191,-0.0019587,0.001558
-0.002406,-0.0019577,0.0012875,-0.0024033,-0.0019554,0.0013015
-0.0017872,-0.0019484,0.0012427,-0.0017851,-0.001946,0.0012575
-0.0025627,-0.0013052,0.0012435,-0.0025597,-0.0013036,0.0012579
-0.0027582,-0.0011221,0.001455,-0.0027554,-0.0011207,0.0014698
-0.0026981,-0.0019328,0.0016131,-0.0026956,-0.0019309,0.0016274
-0.0034377,-0.0043587,0.0012097,-0.0034348,-0.0043549,0.0012145
0.0052396,-0.00076,0.0011016,0.0052348,-0.0007591,0.0011075
0.0053292,-0.0015818,0.0011759,0.0053248,-0.0015803,0.0011807
-0.0032108,0.0007571,0.0153693,-0.0032096,0.0007565,0.0154341
-0.0034789,0.0007032,0.0151666,-0.0034775,0.0007026,0.015231
-0.0032049,0.0008583,0.0150086,-0.0032035,0.0008575,0.0150729
-0.0026045,0.0016643,0.0133231,-0.0026032,0.0016632,0.0133839
-0.0022602,0.0017173,0.0134405,-0.0022591,0.0017161,0.0135017
-0.0023742,0.0020604,0.013505,-0.002373,0.002059,0.0135662
-0.0019641,0.0020374,0.0134486,-0.0019631,0.0020362,0.0135098
-0.0025131,0.0020592,0.0138175,-0.0025118,0.0020578,0.0138795
-0.002327,0.001691,0.0138849,-0.0023259,0.0016898,0.0139472
-0.0020879,0.001508,0.0137466,-0.002087,0.001507,0.0138087
-0.0028714,0.0015351,0.0135878,-0.0028699,0.001534,0.0136492
-0.0026954,0.0019344,0.0134792,-0.002694,0.001933,0.0135404
0.0050023,0.0011054,0.0010659,0.0049975,0.0011045,0.0010726
0.0054569,0.0010474,0.0012025,0.0054525,0.0010467,0.0012073
0.0015909,0.0029607,0.0151536,0.0015902,0.0029591,0.0152182
0.002038,0.0028897,0.0151538,0.0020371,0.0028881,0.0152184
0.0016284,5.64e-05,0.0142841,0.0016276,5.6e-05,0.0143476
0.0019635,-0.0001497,0.0141557,0.0019626,-0.0001499,0.0142188
0.0022435,0.0001474,0.014253,0.0022424,0.000147,0.0143163
0.0020366,0.0004015,0.014106,0.0020355,0.000401,0.014169
0.0017254,0.0003165,0.0141874,0.0017246,0.000316,0.0142507
0.0019745,0.0007816,0.0141471,0.0019735,0.000781,0.0142102
0.0021893,3.03e-05,0.0145966,0.0021882,3e-05,0.0146606
0.0018383,-0.0002307,0.0144892,0.0018374,-0.000231,0.0145531
0.0016014,0.0007997,0.0141156,0.0016007,0.000799,0.0141788
0.0017791,9.83e-05,0.014698,0.0017783,9.79e-05,0.0147623
0.0028814,1.45e-05,0.0134311,0.0028799,1.43e-05,0.0134922
0.0028131,-5.75e-05,0.0137505,0.0028116,-5.78e-05,0.0138124
0.002456,-5.06e-05,0.0137489,0.0024547,-5.08e-05,0.0138109
0.002226,-0.0002787,0.0136386,0.0022249,-0.0002788,0.0137005
0.0024628,2.66e-05,0.012995,0.0024617,2.64e-05,0.0130551
0.0032589,0.0001859,0.0126875,0.0032571,0.0001855,0.0127463
0.0011058,2.32e-05,0.0150188,0.0011053,2.29e-05,0.0150838
0.0013979,0.0001252,0.0149493,0.0013972,0.0001248,0.0150141
0.0014447,0.0004402,0.0152394,0.0014441,0.0004396,0.0153046
0.0014808,3.32e-05,0.0152273,0.0014801,3.28e-05,0.0152925
0.0011006,0.0001011,0.0153318,0.0011001,0.0001007,0.0153973
0.0008398,0.0001502,0.0150354,0.0008394,0.0001498,0.0151005
0.0006866,-5.99e-05,0.0152611,0.0006863,-6.02e-05,0.0153265
0.0010127,-0.0001689,0.0151607,0.0010122,-0.0001691,0.0152259
0.0012639,-0.0005968,0.0149381,0.0012633,-0.0005969,0.0150029
0.0009018,-0.0006039,0.0149327,0.0009014,-0.0006039,0.0149975
0.0015414,-0.0003288,0.01421,0.0015407,-0.0003289,0.0142734
0.0017596,-0.0005398,0.0139666,0.0017588,-0.0005399,0.0140293
0.0026412,-0.0006058,0.0136104,0.0026398,-0.0006058,0.013672
0.0028223,-0.0003146,0.0135029,0.0028209,-0.0003147,0.0135641
0.0026245,-0.0005047,0.0133188,0.0026231,-0.0005047,0.0133797
-0.0005594,-0.0056834,0.0007353,-0.0005587,-0.0056769,0.0007384
1.81e-05,-0.0056269,0.0007522,1.82e-05,-0.0056204,0.0007557
0.0019985,0.0011928,0.0141234,0.0019975,0.0011919,0.0141864
0.0016913,0.0012747,0.014206,0.0016905,0.0012739,0.0142693
0.0017174,0.0010427,0.0142069,0.0017165,0.0010419,0.0142702
0.0016652,0.0011446,0.0144387,0.0016644,0.0011438,0.0145024
0.0016496,0.0010769,0.0138662,0.0016488,0.0010761,0.0139287
0.0017463,0.0005795,0.0142955,0.0017455,0.000579,0.014359
0.0018427,0.0006978,0.0137672,0.0018419,0.0006972,0.0138295
0.0033903,0.0007854,0.0151127,0.0033888,0.0007847,0.0151771
0.0014127,-0.005384,0.0011775,0.0014116,-0.0053793,0.0011823
0.000793,-0.0050052,0.0009216,0.0007922,-0.0049996,0.000928
0.0019376,-0.0049595,0.0009857,0.0019357,-0.0049543,0.0009913
0.0044109,-0.0032919,0.0011778,0.0044071,-0.0032889,0.0011828
8.37e-05,0.0032726,0.0151963,8.35e-05,0.0032709,0.0152611
-3.43e-05,0.0016194,0.0148617,-3.43e-05,0.0016184,0.0149264
-0.0004224,0.0016841,0.0153765,-0.0004223,0.0016831,0.0154419
-0.0004493,0.0016486,0.0146758,-0.0004492,0.0016475,0.0147402
-0.0004653,0.002016,0.0141448,-0.0004652,0.0020148,0.014208
-2.42e-05,0.0021661,0.0141141,-2.42e-05,0.0021648,0.0141772
-0.0002243,0.002329,0.0142641,-0.0002242,0.0023276,0.0143275
-0.0005233,0.0030922,0.0132968,-0.0005231,0.0030903,0.0133576
-0.0002783,0.0030875,0.0139427,-0.0002782,0.0030856,0.0140051
-0.0005694,0.0029276,0.0137627,-0.0005691,0.0029258,0.0138247
0.0001265,0.0032303,0.0157968,0.0001265,0.0032288,0.0158624
-0.0007384,0.0016149,0.0141643,-0.0007382,0.0016139,0.0142276
-0.0008285,0.0019119,0.0142527,-0.0008281,0.0019107,0.014316
-0.0006034,0.0014007,0.0144237,-0.0006032,0.0013998,0.0144876
-0.0010085,0.0019278,0.0143926,-0.0010081,0.0019266,0.0144563
-0.0011636,0.0019431,0.0138353,-0.0011631,0.001942,0.0138977
-0.0019097,0.0029556,0.0151312,-0.0019089,0.002954,0.0151957
-0.0014776,0.0028685,0.0152399,-0.001477,0.002867,0.0153047
-0.0034703,0.0040744,0.0013305,-0.0034675,0.0040714,0.0013368
-0.0029194,0.0041233,0.0011895,-0.0029166,0.0041197,0.0011968
-0.0024496,0.0041506,0.0014274,-0.0024475,0.0041475,0.0014363
-0.0023429,-0.004999,0.0011777,-0.0023408,-0.0049945,0.0011825
-0.0029427,-0.0046855,0.0011883,-0.0029401,-0.0046814,0.0011931
-0.0027027,-0.0043115,0.0014758,-0.0027006,-0.0043081,0.0014836
0.0018161,-0.0025692,0.0150526,0.0018152,-0.0025685,0.0151169
0.0022912,-0.0026793,0.0151359,0.0022901,-0.0026785,0.0152001
0.002345,-0.0025832,0.0155045,0.0023441,-0.0025826,0.0155693
0.0020823,-0.0025173,0.014816,0.0020812,-0.0025164,0.0148798
0.0008852,-0.0020123,0.0142214,0.0008847,-0.0020116,0.0142845
0.0010264,-0.0016853,0.0138776,0.0010259,-0.0016848,0.01394
0.0013824,-0.0013381,0.0139955,0.0013818,-0.0013378,0.0140582
0.0007802,-0.0016452,0.014184,0.0007798,-0.0016448,0.0142472
0.0009712,-0.0013991,0.0142319,0.0009707,-0.0013988,0.0142952
0.0017038,-0.0020974,0.0136329,0.0017028,-0.0020967,0.0136945
0.0020641,-0.0021816,0.0134258,0.002063,-0.0021807,0.0134867
0.00235,-0.0018873,0.0136495,0.0023487,-0.0018866,0.013711
0.002039,-0.0017434,0.0134553,0.002038,-0.0017428,0.0135164
0.0017059,-0.0017174,0.0134578,0.001705,-0.0017169,0.0135191
0.0015728,-0.0014552,0.0135713,0.001572,-0.0014549,0.0136329
0.0016796,-0.0016872,0.0138403,0.0016788,-0.0016867,0.0139025
0.0016026,-0.0024265,0.0138189,0.0016017,-0.0024255,0.0138808
0.0026423,-0.0023732,0.015123,0.002641,-0.0023725,0.0151872
0.0010136,-0.00284,0.0133696,0.001013,-0.0028388,0.0134303
0.0013528,-0.0030061,0.0134021,0.001352,-0.0030047,0.0134628
0.0016889,-0.0024337,0.0134336,0.0016879,-0.0024327,0.0134945
0.0013217,-0.0020906,0.0134398,0.001321,-0.0020899,0.013501
0.0010794,-0.0027356,0.0138368,0.0010788,-0.0027345,0.0138987
0.0007533,-0.0028096,0.0139196,0.0007528,-0.0028085,0.0139817
0.0010934,-0.0020844,0.0138031,0.0010928,-0.0020837,0.0138652
0.0019731,-0.0029293,0.0151008,0.0019722,-0.0029284,0.0151649
0.001247,-0.0030353,0.0151714,0.0012464,-0.0030344,0.0152358
0.000854,-0.0034815,0.0151156,0.0008535,-0.0034803,0.0151797
0.0006194,-0.000949,0.0116292,0.0006195,-0.0009493,0.0116852
0.000927,-0.0009169,0.0116314,0.000927,-0.0009171,0.0116874
0.0010942,-0.0006003,0.0116853,0.0010943,-0.0006005,0.0117415
0.0007437,-0.0006204,0.0115792,0.0007438,-0.0006207,0.0116351
0.0001506,-0.0007578,0.0115351,0.0001506,-0.0007581,0.0115908
0.0009069,-0.0001996,0.0117489,0.000907,-0.0001998,0.0118055
0.0010774,6.99e-05,0.0115545,0.0010775,6.98e-05,0.0116103
0.0013762,-0.0009266,0.012035,0.001376,-0.0009267,0.0120924
0.0006112,-0.0009358,0.0119274,0.0006112,-0.0009361,0.0119847
0.0010816,-0.0006682,0.0123009,0.0010815,-0.0006684,0.0123595
0.0007767,-0.0004571,0.0117777,0.0007768,-0.0004573,0.0118344
0.0005933,-0.0006715,0.0118763,0.0005933,-0.0006718,0.0119335
0.0001434,-0.0007406,0.0120906,0.0001434,-0.0007409,0.0121486
-0.0001571,-0.0006645,0.0120955,-0.0001572,-0.0006648,0.0121535
0.0006524,-0.0003359,0.011993,0.0006524,-0.0003361,0.0120506
0.0007005,-5.74e-05,0.0119512,0.0007006,-5.76e-05,0.0120086
0.0006601,-0.0007254,0.0122945,0.0006601,-0.0007256,0.0123532
0.0001665,-0.001048,0.0119502,0.0001664,-0.0010483,0.0120076
0.0007453,-0.0009938,0.0121781,0.0007452,-0.0009939,0.0122362
0.0006748,-0.0024387,0.0103156,0.0006745,-0.0024379,0.0103655
0.0010329,-0.0024419,0.0102518,0.0010324,-0.002441,0.0103013
0.0011364,-0.0021181,0.010282,0.001136,-0.0021176,0.0103318
0.0014709,-0.0022462,0.010445,0.0014703,-0.0022454,0.0104954
0.0014635,-0.0018733,0.0102514,0.001463,-0.0018728,0.010301
0.0005197,-0.0005949,0.0099596,0.0005196,-0.0005949,0.0100082
0.0005864,-0.0020054,0.0102519,0.0005862,-0.002005,0.0103016
0.0002426,-0.0021232,0.0103664,0.0002425,-0.0021227,0.0104166
0.0004408,-0.0005649,0.0107591,0.0004409,-0.0005651,0.0108113
0.0011667,-0.0017253,0.0104854,0.0011664,-0.001725,0.0105362
0.0011165,-0.0023419,0.0105911,0.0011161,-0.0023412,0.0106421
0.0010007,-0.0027101,0.0107113,0.0010003,-0.0027091,0.0107627
0.0013454,-0.0025911,0.0105023,0.0013447,-0.0025901,0.0105527
0.0006006,-0.0026607,0.0106067,0.0006003,-0.0026598,0.0106576
0.0009947,-0.0025045,0.0109778,0.0009943,-0.0025037,0.0110305
0.0005733,-0.0016639,0.0102829,0.0005731,-0.0016637,0.0103329
0.0006406,-0.0013741,0.0102166,0.0006405,-0.001374,0.0102663
0.0003338,0.0002224,0.0101658,0.0003338,0.0002224,0.0102153
0.0004924,-0.0004834,0.009336,0.0004923,-0.0004833,0.0093818
0.0005859,0.0003308,0.0109701,0.000586,0.0003307,0.0110233
0.0002668,-0.0017208,0.0102498,0.0002667,-0.0017207,0.0102996
0.0007235,-0.0016997,0.0105948,0.0007234,-0.0016996,0.0106461
-0.0001778,-0.0020796,0.0104775,-0.0001779,-0.0020792,0.0105283
0.0006076,-0.0021752,0.0110829,0.0006074,-0.0021749,0.0111361
0.0008331,-0.0024516,0.0106026,0.0008328,-0.0024509,0.0106536
0.0004074,-0.0024135,0.0105817,0.0004072,-0.0024128,0.0106327
0.0006992,-0.0026292,0.0109771,0.0006989,-0.0026284,0.0110298
0.0001549,-0.0017743,0.0141639,0.0001548,-0.0017738,0.014227
0.0007532,-0.0011141,0.0141994,0.0007528,-0.001114,0.0142628
-0.0001181,-0.0016843,0.0140268,-0.0001181,-0.0016839,0.0140897
0.0004091,-0.0014833,0.0140417,0.0004089,-0.001483,0.0141047
2.18e-05,-0.0016252,0.0143964,2.18e-05,-0.0016248,0.0144601
0.000313,-0.0012611,0.014362,0.0003128,-0.0012609,0.0144258
0.000357,-0.0022263,0.0142803,0.0003568,-0.0022256,0.0143435
0.0002651,-0.0021765,0.0137308,0.0002649,-0.0021758,0.0137928
0.0002712,-0.002911,0.0134802,0.000271,-0.0029097,0.0135412
0.0003972,-0.0028178,0.0136538,0.0003969,-0.0028166,0.0137153
0.0006924,-0.0028919,0.0135352,0.0006919,-0.0028907,0.0135964
0.0004962,-0.0026408,0.0135128,0.000496,-0.0026398,0.013574
0.0004612,-0.0025026,0.0137503,0.0004609,-0.0025017,0.0138122
-7.8e-05,-0.0024306,0.013796,-7.81e-05,-0.0024297,0.013858
0.0004801,-0.0026586,0.0139931,0.0004798,-0.0026575,0.0140555
0.0004979,-0.0034574,0.0151464,0.0004976,-0.0034563,0.0152106
0.0004919,-0.0030653,0.0151402,0.0004916,-0.0030644,0.0152046
0.0003038,-0.001327,0.0147549,0.0003037,-0.0013268,0.0148193
0.0003407,-0.0011819,0.0150447,0.0003406,-0.0011818,0.0151096
0.0004818,-0.0008939,0.0150084,0.0004815,-0.0008938,0.0150734
0.0003337,-0.0009358,0.0152514,0.0003335,-0.0009358,0.0153167
0.0001008,-0.0033114,0.0151792,0.0001007,-0.0033104,0.0152436
-0.0003232,-0.0019163,0.0141909,-0.0003231,-0.0019158,0.0142541
-0.0004373,-0.0016323,0.0141487,-0.0004371,-0.0016319,0.0142118
9.9e-06,-0.0013932,0.0141383,9.8e-06,-0.001393,0.0142015
-0.0007414,-0.0016233,0.0140888,-0.0007411,-0.0016229,0.0141518
-0.0004673,-0.0013752,0.0142273,-0.0004672,-0.001375,0.0142907
-0.0004112,-0.0022724,0.0142942,-0.0004111,-0.0022716,0.0143574
-0.0004292,-0.0028981,0.0134002,-0.000429,-0.0028968,0.013461
-0.0005252,-0.0027578,0.0136686,-0.000525,-0.0027567,0.0137301
-9e-06,-0.0027907,0.0138703,-9.1e-06,-0.0027896,0.0139324
-5.83e-05,-0.0013258,0.0152376,-5.83e-05,-0.0013257,0.0153028
-0.0001133,-0.0006489,0.0149727,-0.0001133,-0.000649,0.0150377
-0.0005242,-0.0006628,0.015107,-0.0005241,-0.0006629,0.0151722
-0.0002432,-0.001238,0.0146298,-0.0002432,-0.0012378,0.014694
-0.0007073,-0.0034595,0.0150833,-0.0007071,-0.0034583,0.0151474
-0.0003363,-0.0033224,0.0150843,-0.0003362,-0.0033213,0.0151485
-0.0007774,-0.0012792,0.0141954,-0.0007771,-0.0012789,0.0142587
-0.0013075,-0.0015392,0.014213,-0.001307,-0.0015388,0.0142761
-0.0011624,-0.0017602,0.0143689,-0.001162,-0.0017597,0.0144323
-0.0015316,-0.000989,0.0142147,-0.001531,-0.0009889,0.014278
-0.0015035,-0.0014361,0.0144628,-0.0015029,-0.0014357,0.0145264
-0.0011916,-0.0008991,0.0140595,-0.0011912,-0.000899,0.0141226
-0.0014077,-0.000652,0.0140496,-0.0014072,-0.000652,0.0141126
-0.0017917,-0.0012892,0.0140144,-0.001791,-0.0012888,0.014077
-0.0016689,-0.0019666,0.0133596,-0.0016682,-0.0019659,0.0134206
-0.0011136,-0.0019176,0.013466,-0.0011132,-0.001917,0.0135274
-0.0014528,-0.0017395,0.0133562,-0.0014522,-0.001739,0.0134173
-0.0016068,-0.0014843,0.0135558,-0.0016062,-0.0014839,0.0136175
-0.0015617,-0.0014822,0.0138864,-0.001561,-0.0014818,0.0139488
-0.0018139,-0.0016474,0.0134334,-0.0018132,-0.0016469,0.0134946
-0.0019739,-0.0017534,0.0136713,-0.001973,-0.0017528,0.013733
-0.0018899,-0.0022638,0.0134401,-0.001889,-0.0022628,0.013501
-0.0019902,-0.0021109,0.0131065,-0.0019893,-0.0021101,0.0131666
-0.0020416,-0.0029695,0.0148146,-0.0020408,-0.0029685,0.0148782
-0.0021697,-0.0027045,0.0147037,-0.0021687,-0.0027035,0.0147672
-0.0019493,-0.0027035,0.0128938,-0.0019484,-0.0027023,0.0129531
-0.0016843,-0.0025586,0.0127127,-0.0016835,-0.0025576,0.0127716
-0.001311,-0.0025166,0.0126444,-0.0013105,-0.0025157,0.0127031
-0.0020668,-0.0025398,0.0126584,-0.0020658,-0.0025387,0.012717
-0.001456,-0.0022212,0.0127907,-0.0014555,-0.0022205,0.01285
-0.0017181,-0.0024181,0.0130458,-0.0017173,-0.0024171,0.0131057
-0.0020837,-0.0021073,0.0126267,-0.0020828,-0.0021065,0.0126853
-0.0018579,-0.0027324,0.0125051,-0.0018569,-0.0027311,0.0125632
-0.0022326,-0.0026924,0.0151491,-0.0022318,-0.0026916,0.0152134
-0.0030538,-0.0016232,0.0151861,-0.0030526,-0.0016229,0.0152505
-0.0026677,-0.0015892,0.015109,-0.0026666,-0.0015888,0.0151734
-0.002834,-0.0021874,0.0143492,-0.0028326,-0.0021866,0.0144121
-0.0025788,-0.0023735,0.0145489,-0.0025776,-0.0023726,0.0146121
-0.002338,-0.0023736,0.0126814,-0.0023368,-0.0023725,0.0127401
-0.0024691,-0.0019202,0.0126381,-0.0024679,-0.0019194,0.0126967
-0.0021007,-0.0016349,0.012682,-0.0020998,-0.0016344,0.012741
-0.0030528,-0.0017842,0.0127081,-0.0030511,-0.0017834,0.0127668
-0.0023979,-0.0015378,0.0126804,-0.0023969,-0.0015373,0.0127393
-0.0025437,-0.0017567,0.0130171,-0.0025424,-0.001756,0.0130769
-0.0024116,-0.002165,0.0129964,-0.0024103,-0.0021641,0.013056
-0.0029283,-0.0014497,0.0127821,-0.0029268,-0.0014491,0.0128411
-0.0029329,-0.0017928,0.0130567,-0.0029313,-0.001792,0.0131164
-0.0026594,-0.0023506,0.012721,-0.0026579,-0.0023495,0.0127798
-0.0033769,-0.0011231,0.0151223,-0.0033755,-0.001123,0.0151866
-0.0033478,-0.0008281,0.0152002,-0.0033465,-0.0008281,0.0152647
-0.0015666,-0.000683,0.0143286,-0.001566,-0.000683,0.0143921
-0.0011476,-0.000624,0.0141911,-0.0011472,-0.000624,0.0142545
-0.0015037,-0.0003128,0.0140956,-0.0015032,-0.000313,0.0141587
-0.0011266,-0.0004099,0.0140711,-0.0011263,-0.00041,0.0141343
-0.0014647,3.03e-05,0.0142304,-0.0014641,3e-05,0.0142939
-0.0017368,-0.0005189,0.0140619,-0.0017361,-0.000519,0.0141249
-0.0026784,-0.0006009,0.013375,-0.0026772,-0.0006009,0.0134359
-0.00232,-0.0002568,0.0138828,-0.0023189,-0.0002569,0.0139452
-0.0031226,-0.0006621,0.0127251,-0.003121,-0.000662,0.0127841
-0.0030917,-0.0002978,0.0126592,-0.0030902,-0.0002978,0.012718
-0.0027473,-0.0002657,0.0126614,-0.0027461,-0.0002658,0.0127203
-0.0029613,7.56e-05,0.0127287,-0.0029599,7.53e-05,0.0127878
-0.0032262,-0.0001356,0.0129986,-0.0032245,-0.0001358,0.0130583
-0.0029688,-0.000706,0.013101,-0.0029674,-0.0007059,0.013161
-0.0032854,-0.0005361,0.0125343,-0.0032837,-0.000536,0.0125926
-0.0011604,0.0001942,0.0149466,-0.00116,0.0001938,0.0150115
-0.0007632,5.61e-05,0.015367,-0.000763,5.57e-05,0.0154326
-0.0004233,7.21e-05,0.0153324,-0.0004232,7.17e-05,0.015398
-0.0008552,-0.0003338,0.0153112,-0.000855,-0.0003341,0.0153766
-0.0009212,-2.7e-05,0.0156183,-0.0009209,-2.73e-05,0.0156842
-0.0011987,-7.37e-05,0.0139193,-0.0011984,-7.39e-05,0.0139822
-0.0013947,0.0003705,0.0140606,-0.0013942,0.00037,0.0141238
-0.0013877,0.0008126,0.0141229,-0.0013871,0.000812,0.0141861
-0.0016497,0.0003054,0.0142757,-0.0016491,0.0003049,0.0143392
-0.0019439,-6.6e-06,0.0138354,-0.0019431,-6.9e-06,0.0138978
-0.0028596,0.0008148,0.0133576,-0.0028581,0.0008142,0.0134185
-0.0025173,-9.47e-05,0.0135505,-0.0025161,-9.49e-05,0.013612
-0.0026917,5.55e-05,0.0131374,-0.0026905,5.52e-05,0.0131978
-0.0010064,-0.0004649,0.0147125,-0.0010061,-0.000465,0.0147769
-0.0012493,0.000266,0.0157106,-0.0012489,0.0002655,0.0157765
-0.0006782,0.00016,0.015719,-0.000678,0.0001596,0.0157851
-0.0005703,0.000435,0.0155011,-0.0005701,0.0004345,0.0155669
-0.0005022,-0.0002039,0.0156356,-0.0005021,-0.0002042,0.0157016
-0.0008912,-0.0003319,0.0156502,-0.000891,-0.0003322,0.0157162
-0.0004552,6.69e-05,0.0160207,-0.0004552,6.65e-05,0.0160871
-0.0008342,-0.000203,0.0160182,-0.000834,-0.0002033,0.0160846
-0.0011582,-9.2e-05,0.0157924,-0.0011579,-9.23e-05,0.0158585
-0.0022389,0.0001256,0.0126844,-0.0022382,0.0001254,0.0127438
-0.0030828,0.000509,0.0125935,-0.0030813,0.0005085,0.0126521
-0.0030679,0.0001145,0.013179,-0.0030663,0.0001142,0.0132393
-0.0027293,0.0004779,0.0126795,-0.0027281,0.0004775,0.0127385
-0.0028996,0.0009094,0.0126154,-0.0028982,0.0009087,0.012674
-0.0030629,0.0005137,0.0131182,-0.0030614,0.0005133,0.0131784
-0.0029179,5.87e-05,0.0119837,-0.0029167,5.85e-05,0.0120403
-0.003168,0.0002291,0.0119595,-0.0031665,0.0002288,0.0120158
-0.0029774,0.0004674,0.0120973,-0.0029761,0.000467,0.0121543
-0.0026394,0.0004482,0.0120929,-0.0026385,0.0004479,0.01215
-0.0030509,0.0008622,0.0119506,-0.0030495,0.0008616,0.012007
-0.0030454,-3.85e-05,0.0123252,-0.003044,-3.87e-05,0.0123829
-0.0026497,-9.36e-05,0.0123679,-0.0026488,-9.37e-05,0.012426
-0.0032735,-8.25e-05,0.0119912,-0.0032719,-8.27e-05,0.0120476
-0.0030454,-0.0003029,0.0119635,-0.003044,-0.000303,0.0120199
-0.000599,0.0004056,0.0116368,-0.0005992,0.0004055,0.011693
-0.0002383,0.0004086,0.0117255,-0.0002384,0.0004085,0.0117821
-0.0004196,0.0007823,0.011654,-0.0004197,0.0007823,0.0117103
-4.18e-05,0.0006692,0.0115831,-4.19e-05,0.0006692,0.0116391
0.0002608,0.0008434,0.0115864,0.0002608,0.0008435,0.0116423
-5.89e-05,0.0010548,0.0115645,-5.89e-05,0.0010548,0.0116203
-0.0008564,0.0007501,0.011717,-0.0008565,0.00075,0.0117734
-0.0003074,0.0013844,0.0115609,-0.0003074,0.0013843,0.0116166
-0.000667,0.0008471,0.0120412,-0.000667,0.0008469,0.012099
-0.0004156,0.0002762,0.0120336,-0.0004157,0.0002761,0.0120914
-1.48e-05,0.0005196,0.0120526,-1.49e-05,0.0005195,0.0121106
-0.0007622,0.0004334,0.012015,-0.0007623,0.0004333,0.0120727
-0.0005088,3.78e-05,0.0117582,-0.000509,3.76e-05,0.011815
-0.0001601,0.0003632,0.0124405,-0.0001602,0.000363,0.0124999
-0.0009063,0.0012499,0.0117085,-0.0009064,0.0012497,0.0117648
-0.0007569,0.0007016,0.0123745,-0.000757,0.0007014,0.0124335
-0.000699,4.17e-05,0.0121135,-0.0006992,4.15e-05,0.0121716
-0.0007231,-0.0003299,0.0119958,-0.0007233,-0.0003301,0.0120534
-0.0009732,0.0004552,0.0125092,-0.0009732,0.000455,0.0125686
-0.0028457,0.0003691,0.0151441,-0.0028446,0.0003687,0.0152088
-0.0017577,0.0010156,0.0141734,-0.001757,0.0010148,0.0142366
-0.0015367,0.0013048,0.0140406,-0.0015361,0.0013039,0.0141035
-0.0011906,0.0011898,0.0140142,-0.0011902,0.001189,0.0140772
-0.0020139,0.0011118,0.0137971,-0.0020131,0.001111,0.0138594
-0.0017167,0.0006505,0.014203,-0.001716,0.0006499,0.0142663
-0.0018799,0.0007207,0.0138226,-0.0018791,0.0007201,0.013885
-0.0025603,0.0010699,0.0135331,-0.0025591,0.0010691,0.0135946
-0.0019191,0.0012601,0.0133477,-0.0019183,0.0012593,0.0134089
-0.0025222,0.0007137,0.0135628,-0.0025211,0.0007131,0.0136243
-0.0028588,0.0011163,0.0151094,-0.0028576,0.0011155,0.015174
-0.0024937,0.0024123,0.0155826,-0.0024929,0.0024111,0.0156477
0.0001362,-0.0054352,0.0008952,0.0001362,-0.0054292,0.0008999
0.0032357,-0.0043983,0.0009347,0.0032325,-0.0043936,0.0009394
0.0037472,-0.0041907,0.0010104,0.0037437,-0.0041864,0.0010144
0.0025074,-0.0048787,0.0012021,0.0025054,-0.0048744,0.0012073
0.0031348,-0.004599,0.0012112,0.0031323,-0.004595,0.001216
0.0030677,-0.0042443,0.0010739,0.0030648,-0.00424,0.0010799
0.0036164,-0.0041627,0.0012048,0.0036134,-0.004159,0.0012097
0.0010412,0.0012388,0.0141633,0.0010407,0.001238,0.0142266
0.0009441,0.0016038,0.0142576,0.0009436,0.0016028,0.0143211
0.0012912,0.0015438,0.0142109,0.0012906,0.0015428,0.0142742
0.0013853,0.0018529,0.0141444,0.0013846,0.0018518,0.0142075
0.0009671,0.0019789,0.0142591,0.0009666,0.0019777,0.0143225
0.0013341,0.0014956,0.0145686,0.0013334,0.0014947,0.0146326
0.0011691,0.0018108,0.014328,0.0011685,0.0018097,0.0143915
0.0006131,0.001781,0.0140628,0.0006127,0.0017799,0.0141258
0.000753,0.0014537,0.01449,0.0007526,0.0014527,0.0145541
0.0010784,0.0021964,0.0136632,0.0010778,0.0021951,0.0137251
0.0015218,0.0022468,0.0132593,0.001521,0.0022455,0.0133201
0.0014026,0.0022375,0.0135567,0.0014018,0.0022361,0.0136183
0.0013074,0.0022373,0.0138432,0.0013067,0.0022359,0.0139055
0.0008824,0.0022346,0.0134434,0.0008819,0.0022333,0.0135048
0.0010733,0.0026584,0.0138596,0.0010727,0.0026568,0.0139219
-0.0004263,0.001489,0.0140111,-0.0004262,0.0014881,0.0140742
-5.02e-05,0.0016809,0.0141383,-5.02e-05,0.0016799,0.0142016
0.0002579,0.00194,0.0140798,0.0002578,0.0019389,0.0141429
-0.0001222,0.0016156,0.0145358,-0.0001223,0.0016147,0.0146
0.0003449,0.0016838,0.0143262,0.0003447,0.0016828,0.0143899
3.7e-05,0.0022417,0.0133761,3.69e-05,0.0022405,0.0134374
1.59e-05,0.0026139,0.0133398,1.59e-05,0.0026124,0.0134009
6.29e-05,0.0024124,0.0137209,6.28e-05,0.002411,0.013783
-0.0002962,0.0023752,0.0139316,-0.0002962,0.0023738,0.0139942
-0.0002842,0.0024529,0.0132936,-0.0002841,0.0024515,0.0133546
-0.0004643,0.003068,0.0127848,-0.0004642,0.0030662,0.0128441
-0.0001011,0.0030362,0.0126739,-0.0001011,0.0030345,0.0127329
-0.0002992,0.0029565,0.013024,-0.0002991,0.0029548,0.0130841
0.0003152,0.0031154,0.0131662,0.0003149,0.0031135,0.0132266
-0.0005569,-0.0032046,0.0008485,-0.0005561,-0.0032002,0.0008609
5.81e-05,-0.0041197,0.0011183,5.82e-05,-0.004115,0.0011289
-0.0007923,-0.0022197,0.0007578,-0.0007911,-0.0022163,0.0007718
-0.0006244,-0.0022886,0.0009212,-0.0006236,-0.0022853,0.0009357
-0.0005908,-0.0037175,0.0009473,-0.00059,-0.0037128,0.0009586
-0.0003012,-0.0040045,0.0012831,-0.0003008,-0.0040003,0.0012945
-0.0001758,-0.0043477,0.0013671,-0.0001755,-0.0043435,0.0013776
-9.54e-05,-0.0035256,0.0015137,-9.52e-05,-0.0035222,0.0015273
-0.0003445,-0.0042236,0.0014784,-0.000344,-0.0042198,0.0014897
-0.0006282,-0.0031181,0.0013171,-0.0006275,-0.0031146,0.0013309
-0.0006049,-0.0036133,0.0015739,-0.0006042,-0.0036099,0.0015872
-0.0005067,-0.003784,0.0018456,-0.0005062,-0.0037811,0.0018592
-0.001099,-0.0054778,0.0009945,-0.0010979,-0.0054724,0.0009987
-0.0005446,-0.0055318,0.0009975,-0.0005439,-0.0055263,0.0010018
-0.0012442,-0.0050341,0.0008222,-0.0012427,-0.0050282,0.0008279
-0.0007273,-0.0052203,0.0008155,-0.0007264,-0.0052142,0.0008208
-0.0017345,-0.0034143,0.001345,-0.0017327,-0.0034108,0.0013571
-0.0016622,-0.0029164,0.001232,-0.0016604,-0.002913,0.0012452
-0.0011147,-0.0023983,0.0014237,-0.0011135,-0.0023956,0.001439
-0.0018466,-0.0025503,0.0013381,-0.0018446,-0.0025474,0.0013521
-0.0013176,-0.0026536,0.0012915,-0.0013161,-0.0026505,0.0013058
-0.0019281,-0.0027983,0.0015045,-0.0019262,-0.0027954,0.0015183
-0.0011784,-0.0013136,0.002339,-0.0011776,-0.0013124,0.0023584
-0.0006904,-0.0012149,0.0022627,-0.0006898,-0.0012138,0.0022824
-0.0003327,-0.0012139,0.0023559,-0.0003324,-0.0012128,0.0023759
-0.0005133,-0.0007909,0.0022759,-0.0005128,-0.0007901,0.002296
-2.46e-05,-0.000884,0.0022321,-2.46e-05,-0.0008831,0.0022521
0.0002419,-0.0007467,0.0024003,0.0002418,-0.000746,0.0024209
0.0008381,-0.0004291,0.0036234,0.0008376,-0.0004287,0.0036474
-0.0003855,-0.0003817,0.0033664,-0.0003853,-0.0003814,0.00339
-0.000969,-0.000773,0.0021906,-0.0009682,-0.0007721,0.0022102
-0.0009943,-0.0008224,0.0024435,-0.0009935,-0.0008216,0.0024637
-0.0006849,-0.0002807,0.0022023,-0.0006844,-0.0002803,0.0022223
-0.0006506,-0.0007468,0.0025003,-0.0006501,-0.0007461,0.002521
-0.000553,-0.0012835,0.0025548,-0.0005526,-0.0012824,0.0025753
3.26e-05,-0.0012032,0.0024873,3.27e-05,-0.0012022,0.0025078
-0.0009649,-0.0013569,0.0025245,-0.0009643,-0.0013558,0.0025446
-0.0006146,-0.0011127,0.0028505,-0.0006142,-0.0011118,0.002872
-0.0003128,0.0003851,0.0035926,-0.0003126,0.000385,0.0036169
-0.0002205,-0.0005168,0.0041035,-0.0002203,-0.0005164,0.0041292
-0.0008416,-0.000513,0.0023755,-0.000841,-0.0005124,0.0023959
-0.0011139,-0.0002309,0.0024882,-0.0011131,-0.0002305,0.0025088
-0.0008205,2.54e-05,0.0024315,-0.0008199,2.56e-05,0.0024522
-0.0009448,-0.0009398,0.0026239,-0.0009442,-0.000939,0.0026447
-0.0012039,-0.001834,0.0025791,-0.001203,-0.0018326,0.0025986
-0.0011661,-0.0012377,0.0027862,-0.0011653,-0.0012367,0.002807
-0.0010301,-0.0029147,0.0033566,-0.0010295,-0.0029132,0.003377
-0.0008224,-0.0027958,0.0035067,-0.000822,-0.0027943,0.0035279
-0.0005388,-0.0029812,0.0034477,-0.0005385,-0.0029797,0.0034685
-0.0005231,-0.0025072,0.0033543,-0.0005229,-0.0025058,0.0033756
0.0001156,-0.0026898,0.0032853,0.0001156,-0.0026883,0.0033061
-5.13e-05,-0.002506,0.0038126,-5.12e-05,-0.0025046,0.0038354
-0.0010619,-0.0025693,0.003331,-0.0010614,-0.0025679,0.0033519
-0.0010702,-0.00258,0.0039951,-0.0010697,-0.0025787,0.0040181
-0.0005611,-0.0020872,0.0032666,-0.0005608,-0.002086,0.0032883
-0.0004613,-0.0029333,0.0036374,-0.000461,-0.0029319,0.0036589
-4.94e-05,-0.0029183,0.0035591,-4.94e-05,-0.0029168,0.0035804
-0.0011205,-0.0029272,0.0036725,-0.00112,-0.0029258,0.0036938
-0.0005616,-0.0022499,0.0035354,-0.0005613,-0.0022486,0.0035577
-0.0004773,-0.0028322,0.0038761,-0.000477,-0.0028308,0.0038986
-0.0008174,-0.0024434,0.0034096,-0.000817,-0.002442,0.003431
-0.0010742,-0.0021257,0.0033636,-0.0010736,-0.0021244,0.0033852
-0.0009604,-0.0021394,0.0038292,-0.0009599,-0.0021382,0.0038523
-0.0009361,-0.0024575,0.0036039,-0.0009356,-0.0024562,0.0036259
-0.0011129,-0.0016612,0.0034577,-0.0011123,-0.0016602,0.0034802
-0.000764,-0.0028008,0.0037049,-0.0007636,-0.0027994,0.0037267
-0.000972,-0.0029695,0.0039198,-0.0009716,-0.0029681,0.003942
-0.000921,-0.0029868,0.0041494,-0.0009206,-0.0029854,0.0041725
0.0001653,-0.0053023,0.0011022,0.0001653,-0.0052972,0.001108
0.0022941,0.0021766,0.0150725,0.002293,0.0021753,0.0151371
0.0029418,-0.0008034,0.0011254,0.0029384,-0.0008022,0.001139
0.0026187,-0.0005065,0.0010391,0.0026155,-0.0005056,0.0010534
0.0027811,-0.0004609,0.0012251,0.0027781,-0.0004601,0.0012396
0.0032078,-0.0004427,0.0015869,0.003205,-0.0004421,0.0016015
0.002557,-1.8e-06,0.0012738,0.0025542,-1.6e-06,0.0012889
0.002628,-0.0009495,0.0012602,0.0026251,-0.0009482,0.0012748
0.0023398,-0.0004544,0.0013259,0.0023373,-0.0004536,0.0013415
0.0023258,-0.0009304,0.0013625,0.0023234,-0.0009292,0.001378
0.0023703,-0.0013837,0.0013989,0.0023679,-0.0013821,0.001414
0.0022797,-0.0007864,0.0016019,0.0022776,-0.0007854,0.0016182
0.0046723,-0.0004001,0.0010283,0.0046674,-0.0003994,0.0010366
0.0023799,-0.0002935,0.0008559,0.0023767,-0.0002929,0.0008701
0.0015168,-0.0008787,0.0007449,0.0015146,-0.0008771,0.0007598
0.0012146,-0.0004046,0.0006805,0.0012128,-0.0004038,0.0006957
0.0023396,0.000323,0.0007603,0.0023363,0.0003228,0.0007743
0.0024625,0.001077,0.0009258,0.0024593,0.0010758,0.0009398
0.0021914,-0.0003094,0.0010293,0.0021887,-0.0003088,0.0010443
0.0015672,0.0002256,0.0007285,0.0015649,0.0002255,0.0007435
0.0011202,0.0008011,0.0007024,0.0011185,0.0008001,0.0007175
0.0010225,0.0001689,0.0007167,0.001021,0.0001689,0.0007321
0.0011907,5.33e-05,0.0008346,0.001189,5.35e-05,0.0008503
0.0029436,-9.66e-05,0.0014356,0.0029407,-9.63e-05,0.0014505
0.0030353,6.89e-05,0.0012936,0.0030322,6.91e-05,0.0013078
0.0024021,0.0008941,0.0013402,0.0023996,0.0008934,0.0013555
0.0024391,0.000651,0.0012237,0.0024364,0.0006505,0.0012387
0.0024863,0.0012988,0.0012838,0.0024837,0.0012976,0.0012985
0.002717,-2.63e-05,0.0011089,0.0027139,-2.6e-05,0.0011233
0.0025145,0.0004051,0.0013829,0.0025119,0.0004049,0.0013984
0.0036194,0.0004696,0.0015862,0.0036163,0.0004694,0.0015998
0.0034076,0.0008726,0.0015236,0.0034046,0.000872,0.0015374
0.0039828,0.0006055,0.0019126,0.0039802,0.0006054,0.0019261
0.0039165,-7.77e-05,0.0018662,0.0039139,-7.75e-05,0.0018798
0.0033529,0.0001431,0.0017074,0.0033501,0.0001432,0.0017221
0.0042162,-0.0005614,0.0019161,0.0042136,-0.0005609,0.0019288
0.0036455,-5.75e-05,0.0016407,0.0036425,-5.72e-05,0.0016544
0.0030483,-0.001103,0.0150422,0.0030469,-0.0011028,0.0151065
0.0030652,-0.0003988,0.015178,0.0030638,-0.0003991,0.0152426
0.0013553,0.0025943,0.0011363,0.0013538,0.0025915,0.0011504
0.0022038,0.0023803,0.0011026,0.0022013,0.0023778,0.0011159
0.0018022,0.0025429,0.0011727,0.0018002,0.0025402,0.0011864
0.001803,0.0026049,0.0014547,0.0018013,0.0026026,0.0014691
0.0019842,0.0022726,0.0012828,0.0019821,0.0022703,0.0012971
0.0015478,0.0024451,0.0012859,0.0015462,0.0024426,0.0013005
0.0010443,0.0023925,0.0012229,0.0010432,0.00239,0.0012378
0.0014601,0.0022818,0.0014338,0.0014587,0.0022796,0.0014491
0.0020167,0.0033973,0.001752,0.0020152,0.0033949,0.0017652
0.002129,0.0035602,0.0020269,0.0021277,0.0035583,0.0020402
0.0020814,0.0031369,0.0020878,0.0020802,0.0031351,0.0021025
0.0011984,0.0034184,0.0016865,0.0011975,0.0034158,0.0017004
0.0007259,0.000443,0.0022348,0.0007254,0.0004428,0.0022548
0.0012257,0.000686,0.0022786,0.0012248,0.0006857,0.0022983
0.0012535,0.0012183,0.0023494,0.0012527,0.0012177,0.0023689
0.001637,0.0008946,0.0023167,0.0016359,0.0008942,0.002336
0.0017543,0.0007212,0.0025079,0.0017532,0.0007209,0.0025277
0.0008609,0.0010034,0.0022345,0.0008603,0.0010028,0.0022542
0.0008336,0.0010602,0.0024457,0.000833,0.0010597,0.002466
0.0005875,0.0012603,0.0035436,0.0005872,0.0012598,0.0035671
0.0004412,0.0002098,0.0036818,0.000441,0.0002099,0.0037063
0.0014061,0.0016118,0.0023407,0.0014052,0.0016109,0.0023596
0.0012372,0.0008702,0.0024838,0.0012364,0.0008699,0.002504
0.0013503,0.0004704,0.0025221,0.0013494,0.0004703,0.0025425
0.0008701,0.0006742,0.0024101,0.0008695,0.0006739,0.0024304
0.0013231,-1.37e-05,0.0024272,0.0013222,-1.35e-05,0.0024473
0.0013838,-0.0003424,0.0025327,0.0013829,-0.000342,0.002553
0.0012704,0.0005942,0.0027913,0.0012696,0.000594,0.0028124
0.0013234,0.0006464,0.0030275,0.0013226,0.0006462,0.0030493
0.0005943,0.0002074,0.0041256,0.000594,0.0002074,0.0041513
0.0004116,0.001112,0.0022652,0.0004113,0.0011113,0.0022851
0.0010487,0.0016335,0.0022452,0.001048,0.0016325,0.0022642
0.0004256,0.0011741,0.0024998,0.0004254,0.0011735,0.0025204
0.0007693,0.0015036,0.0024251,0.0007688,0.0015027,0.0024449
0.0009008,0.0010696,0.0028089,0.0009003,0.0010692,0.0028302
0.0007093,0.0011508,0.0030148,0.000709,0.0011503,0.0030367
0.0006123,0.0012856,0.0041593,0.000612,0.0012851,0.0041846
0.0003256,0.0004741,0.0024637,0.0003254,0.000474,0.0024846
0.0009713,0.0001759,0.0024606,0.0009706,0.000176,0.0024811
0.000712,0.0005068,0.0027935,0.0007115,0.0005066,0.0028152
0.000794,0.0022355,0.0032397,0.0007936,0.0022345,0.0032611
0.0009022,0.0024595,0.0033925,0.0009018,0.0024585,0.0034139
0.0012592,0.0022834,0.0032871,0.0012587,0.0022824,0.0033082
0.0012794,0.0026643,0.0033618,0.0012788,0.0026632,0.0033826
0.0016622,0.0028618,0.0034499,0.0016615,0.0028608,0.0034703
0.000796,0.0027281,0.0033057,0.0007957,0.002727,0.0033265
0.0007601,0.002717,0.0038328,0.0007598,0.0027159,0.0038554
0.0013509,0.0032069,0.0034352,0.0013503,0.0032058,0.0034552
0.0012825,0.0027192,0.0038996,0.001282,0.0027182,0.0039221
0.0012793,0.002293,0.0038887,0.0012787,0.0022921,0.0039117
0.0015796,0.0024862,0.0035376,0.0015789,0.0024852,0.003559
0.0020739,0.0026485,0.0036258,0.002073,0.0026476,0.0036467
0.0008588,0.0022031,0.0035061,0.0008584,0.0022022,0.0035283
0.0012182,0.0019394,0.0035326,0.0012177,0.0019386,0.0035551
0.0004098,0.0027233,0.0034016,0.0004097,0.0027222,0.0034228
0.0008246,0.0032751,0.0034081,0.0008242,0.0032739,0.0034282
0.0007977,0.0026726,0.0035642,0.0007974,0.0026716,0.0035859
0.0004328,0.002645,0.0036179,0.0004326,0.002644,0.00364
0.0008587,0.0033049,0.0036598,0.0008583,0.0033037,0.0036808
0.0008217,0.0024467,0.0036744,0.0008214,0.0024457,0.0036967
0.0007725,0.0018424,0.0035279,0.0007721,0.0018416,0.0035507
0.0008646,0.0022576,0.0037857,0.0008643,0.0022567,0.0038088
0.0008795,0.0022262,0.0040202,0.0008792,0.0022253,0.004044
0.0004072,0.0023647,0.0037535,0.0004071,0.0023637,0.0037765
0.0009008,0.0018302,0.0037776,0.0009004,0.0018295,0.003801
0.0014911,0.0045492,0.0010815,0.0014895,0.0045448,0.0010896
0.0014059,0.0050635,0.0012222,0.0014047,0.0050593,0.0012287
0.001695,0.0045716,0.0014294,0.0016936,0.0045681,0.0014381
0.0014593,0.0048661,0.0013899,0.0014582,0.0048624,0.0013975
0.0001392,0.005192,0.0011871,0.0001391,0.0051876,0.0011937
0.0008058,0.0051555,0.0012069,0.0008052,0.0051512,0.0012134
0.000482,0.0025018,0.0010247,0.0004815,0.0024988,0.0010393
0.0005612,0.0028057,0.0011625,0.0005606,0.0028027,0.0011768
0.0009061,0.0026589,0.0011422,0.0009051,0.002656,0.0011565
0.0009481,0.0022662,0.0014001,0.0009472,0.002264,0.0014158
0.0003474,0.0023045,0.0012332,0.000347,0.0023021,0.0012487
0.0003803,0.0028497,0.0012943,0.00038,0.0028467,0.001309
-0.000132,0.0029195,0.0012701,-0.0001318,0.0029165,0.0012845
0.0003706,0.002774,0.0014743,0.0003703,0.0027714,0.0014897
0.0003919,0.0022769,0.0013803,0.0003915,0.0022747,0.0013962
0.0004125,0.0022394,0.0015395,0.0004121,0.0022373,0.001556
0.0004775,0.0043308,0.0022022,0.0004773,0.0043288,0.0022154
0.0010192,0.0039952,0.0020499,0.0010187,0.003993,0.0020634
0.000763,0.0041532,0.0021702,0.0007626,0.0041511,0.0021838
0.0008294,0.003915,0.0022371,0.000829,0.003913,0.0022516
0.0009345,0.0038993,0.0024754,0.0009341,0.0038976,0.0024906
0.0003877,0.0038648,0.0024629,0.0003875,0.003863,0.0024785
0.0004517,0.0038053,0.0026765,0.0004516,0.0038037,0.0026929
-0.0009949,0.0050653,0.00117,-0.0009939,0.0050609,0.0011767
-0.0004717,0.005176,0.0011846,-0.0004712,0.0051715,0.0011912
-0.0020495,0.0023146,0.0010816,-0.002047,0.0023121,0.0010952
-0.0016981,0.0025387,0.0011565,-0.0016961,0.002536,0.0011703
-0.0010111,0.0026109,0.001113,-0.0010098,0.002608,0.0011273
-0.0011673,0.0023877,0.0012199,-0.0011659,0.0023852,0.0012348
-0.0006994,0.0022592,0.0012291,-0.0006985,0.0022567,0.0012445
-0.0014238,0.0022444,0.0013611,-0.0014223,0.0022423,0.0013764
-0.0016513,0.0028541,0.0012539,-0.0016495,0.0028512,0.0012674
-0.0018797,0.0028606,0.0013847,-0.0018777,0.0028579,0.0013983
-0.0017765,0.002745,0.0015215,-0.0017747,0.0027426,0.0015358
-0.0016157,0.0025453,0.0013001,-0.0016139,0.0025428,0.0013145
-0.0018641,0.0022972,0.0014494,-0.0018621,0.0022951,0.0014643
-0.0017575,0.0022115,0.0016243,-0.0017558,0.0022096,0.00164
-0.0022067,0.0042154,0.0010638,-0.0022043,0.0042113,0.0010721
-0.0016875,0.0041472,0.0009877,-0.0016856,0.0041428,0.0009967
-0.001233,0.0042166,0.0012804,-0.0012317,0.0042128,0.0012906
-0.0018144,0.0042121,0.0012974,-0.0018127,0.0042085,0.0013069
-0.0012555,0.0016015,0.0007702,-0.0012537,0.0015994,0.0007849
-0.0014972,0.0020916,0.00077,-0.001495,0.0020888,0.0007838
-0.0008589,0.00202,0.0007662,-0.0008577,0.0020173,0.0007806
-0.0008179,0.0015076,0.000714,-0.0008167,0.0015056,0.000729
-0.0019531,0.0019818,0.0009311,-0.0019505,0.0019794,0.000945
-0.0019171,0.0018809,0.0010766,-0.0019147,0.0018788,0.001091
-0.0020041,0.001026,0.0007587,-0.0020012,0.0010247,0.000773
-0.0020326,0.0014284,0.0010335,-0.00203,0.0014268,0.0010481
-0.0034815,0.0035208,0.0011346,-0.003478,0.0035176,0.0011422
-0.0038542,0.003516,0.0015243,-0.0038514,0.0035137,0.0015317
-0.002355,0.0012288,0.0014192,-0.0023524,0.0012277,0.0014346
-0.0025517,0.0019677,0.0011442,-0.0025487,0.0019656,0.0011576
-0.0022837,0.0016881,0.0014606,-0.0022813,0.0016866,0.0014758
-0.0024092,0.0012554,0.0012459,-0.0024065,0.0012542,0.0012607
-0.001884,0.0012458,0.0011917,-0.0018817,0.0012446,0.0012072
-0.0029434,0.0012302,0.0013095,-0.0029403,0.0012291,0.0013234
-0.0029385,0.0017767,0.0013693,-0.0029355,0.0017751,0.0013828
-0.002405,0.0017438,0.0012998,-0.0024023,0.0017421,0.0013142
-0.0028834,0.0017627,0.0015418,-0.0028807,0.0017613,0.001556
-0.0026948,0.000982,0.0011931,-0.0026917,0.0009811,0.0012075
-0.0028316,0.0011474,0.0014678,-0.0028287,0.0011465,0.0014825
-0.0027877,0.0032407,0.0021812,-0.0027861,0.0032391,0.0021946
-0.0022347,0.0031355,0.0020595,-0.0022332,0.0031336,0.0020739
-0.0021266,0.0037179,0.0022029,-0.0021254,0.0037161,0.0022163
-0.0022001,0.0035868,0.0025675,-0.0021991,0.0035854,0.0025824
-0.0021346,0.0030936,0.0022337,-0.0021333,0.0030919,0.0022489
-0.0016758,0.0030218,0.0022002,-0.0016747,0.0030201,0.0022161
-0.0025563,0.0030778,0.0022537,-0.0025548,0.0030763,0.0022683
-0.0020131,0.0031585,0.0024731,-0.002012,0.003157,0.0024891
-0.0020123,0.0037324,0.0023997,-0.0020112,0.0037308,0.002414
-0.0027535,0.003021,0.0024822,-0.0027521,0.0030198,0.0024972
-0.0026913,0.0031424,0.0027223,-0.0026901,0.0031412,0.0027381
-0.0011169,0.0006379,0.0021463,-0.001116,0.0006376,0.0021658
-0.0006623,0.0005413,0.0021301,-0.0006617,0.000541,0.0021498
-0.0002713,0.0005957,0.0022536,-0.000271,0.0005954,0.0022739
-0.0005782,0.0010084,0.0021987,-0.0005777,0.0010078,0.0022185
-0.0001513,0.0010107,0.0022227,-0.0001512,0.0010102,0.0022427
-0.0010383,0.0011149,0.0022392,-0.0010375,0.0011143,0.0022587
-0.0006467,0.0015297,0.002226,-0.0006462,0.0015287,0.0022453
-0.0007229,0.0011729,0.0025466,-0.0007224,0.0011723,0.0025671
-0.0005672,0.000503,0.0024542,-0.0005667,0.0005029,0.002475
-8.98e-05,0.0006669,0.0024478,-8.97e-05,0.0006667,0.0024686
-0.0010943,0.0005027,0.0024377,-0.0010935,0.0005025,0.0024581
-0.0005348,0.0001894,0.002525,-0.0005344,0.0001895,0.002546
-0.0006659,0.0006211,0.0027325,-0.0006655,0.0006209,0.0027539
-0.0007224,0.000611,0.0029276,-0.000722,0.0006109,0.0029497
-0.0005026,0.000193,0.0041202,-0.0005023,0.000193,0.004146
-0.0010764,0.0016594,0.0022535,-0.0010756,0.0016583,0.0022725
-0.0010392,0.0010599,0.0024891,-0.0010384,0.0010593,0.0025094
-0.0010253,0.0010653,0.0027247,-0.0010246,0.0010648,0.0027456
-0.0011172,0.0010725,0.0029576,-0.0011165,0.001072,0.0029791
-0.001123,0.0005862,0.0026637,-0.0011222,0.000586,0.0026848
-0.0011327,0.0022884,0.0033108,-0.0011321,0.0022875,0.0033321
-0.0002924,0.0022909,0.0033367,-0.0002923,0.0022899,0.0033584
-0.000683,0.0027275,0.0033477,-0.0006826,0.0027264,0.0033686
-8.28e-05,0.0027136,0.0033493,-8.28e-05,0.0027125,0.0033704
-0.0012364,0.002785,0.0033541,-0.0012358,0.0027839,0.0033746
-0.0007082,0.0032245,0.0034459,-0.0007078,0.0032234,0.0034662
-0.0004852,0.0027051,0.0038643,-0.0004849,0.002704,0.0038871
-0.0011828,0.0023095,0.0035564,-0.0011822,0.0023086,0.0035784
-0.0015424,0.0025827,0.003619,-0.0015416,0.0025817,0.0036404
-0.0006001,0.0026253,0.0035716,-0.0005998,0.0026243,0.0035935
-0.0004774,0.0018694,0.0035505,-0.0004772,0.0018686,0.0035734
-0.0006822,0.0023176,0.0037276,-0.0006818,0.0023166,0.0037504
-0.0004414,0.002287,0.0039033,-0.0004411,0.0022861,0.0039268
-0.0010385,0.0025442,0.0034412,-0.001038,0.0025432,0.0034626
-0.0009234,0.0026866,0.0038429,-0.000923,0.0026856,0.0038654
-0.0011032,0.0027901,0.003619,-0.0011027,0.002789,0.0036406
-0.0009334,0.0024526,0.0036406,-0.0009329,0.0024516,0.0036629
-0.0008832,0.0012531,0.0034347,-0.0008827,0.0012526,0.0034577
-0.0005188,0.0010936,0.0046946,-0.0005185,0.0010932,0.0047218
-0.0010603,0.002225,0.0037965,-0.0010598,0.0022241,0.0038195
-0.0010017,0.001786,0.0037644,-0.0010012,0.0017852,0.0037878
-0.0010437,0.0022741,0.004099,-0.0010432,0.0022732,0.004123
-0.0040032,0.0028281,0.0011364,-0.0039992,0.0028256,0.0011442
-0.0037559,0.003109,0.0013854,-0.0037526,0.0031066,0.0013939
-0.0032994,0.0011997,0.001554,-0.0032964,0.0011988,0.0015678
-0.0037946,0.0011,0.001847,-0.0037918,0.0010994,0.0018604
-0.0042333,0.0010465,0.0019744,-0.0042306,0.001046,0.0019868
-0.0038235,0.0010574,0.0020083,-0.0038209,0.0010569,0.0020221
-0.0037778,0.002161,0.0021819,-0.0037757,0.0021601,0.002195
-0.0036126,0.0025231,0.0022827,-0.0036107,0.0025221,0.002296
-0.0033006,0.0021684,0.0020818,-0.0032985,0.0021673,0.0020958
-0.0032545,0.0026933,0.0021843,-0.0032527,0.0026921,0.0021979
-0.0027695,0.0028322,0.0020781,-0.0027677,0.0028307,0.0020921
-0.0030941,0.0026696,0.0025088,-0.0030925,0.0026686,0.0025239
-0.002647,0.002125,0.0021711,-0.0026452,0.0021238,0.0021871
-0.0037252,0.0020441,0.0023567,-0.0037233,0.0020433,0.0023708
-0.00313,0.0022326,0.0024447,-0.0031283,0.0022316,0.0024604
-0.0038546,0.0027316,0.0025027,-0.003853,0.0027307,0.0025156
-0.0032075,0.0026147,0.0023439,-0.0032058,0.0026136,0.0023583
-0.0033274,0.002092,0.0026758,-0.0033258,0.0020912,0.0026919
-0.0045302,0.0019452,0.0011355,-0.0045257,0.0019435,0.0011432
-0.0040808,0.00182,0.0009933,-0.0040762,0.0018182,0.0010024
-0.0044355,0.0016948,0.0012627,-0.0044314,0.0016935,0.0012714
-0.0048463,0.002162,0.0014984,-0.0048428,0.0021607,0.0015053
-0.0044168,0.0021204,0.0013309,-0.0044129,0.0021188,0.0013393
-0.0036458,0.0022741,0.0011759,-0.0036419,0.002272,0.0011862
-0.005128,0.0010502,0.0012125,-0.0051235,0.0010495,0.001219
-0.0049688,0.0010063,0.0013605,-0.0049647,0.0010057,0.0013681
-0.005405,4.96e-05,0.0013333,-0.0054007,4.98e-05,0.0013391
-0.0051151,7.12e-05,0.0011853,-0.0051104,7.14e-05,0.0011922
-0.0050435,-0.0005836,0.0011481,-0.0050387,-0.0005828,0.0011551
-0.0047152,-0.0006707,0.0010429,-0.0047102,-0.0006698,0.0010509
-0.0016623,-0.0012836,0.0007073,-0.0016598,-0.0012814,0.0007216
-0.0011783,-0.0009691,0.0006827,-0.0011765,-0.0009674,0.0006976
-0.0007637,-0.000548,0.0006318,-0.0007625,-0.0005469,0.0006471
-0.0020445,-0.0012497,0.0008427,-0.0020417,-0.0012478,0.0008569
-0.0019905,-0.0004635,0.0010215,-0.0019879,-0.0004626,0.0010367
-0.0019321,-0.0009934,0.0010072,-0.0019296,-0.0009919,0.0010222
-0.0028558,-0.0010413,0.0011819,-0.0028525,-0.0010399,0.0011957
-0.0025997,-0.000495,0.0010257,-0.0025963,-0.0004942,0.00104
-0.0023192,-0.0009535,0.0013271,-0.0023166,-0.0009522,0.0013424
-0.0023561,-0.0003351,0.0013966,-0.0023535,-0.0003345,0.0014124
-0.0023469,-0.0007766,0.0012085,-0.0023441,-0.0007755,0.0012236
-0.0018124,-0.0008947,0.0011807,-0.0018102,-0.0008934,0.0011964
-0.0024381,-0.000296,0.0012318,-0.0024353,-0.0002955,0.001247
-0.0028988,-0.0005775,0.0014119,-0.0028958,-0.0005767,0.0014266
-0.0028836,-0.0003876,0.0012866,-0.0028804,-0.000387,0.0013011
-0.0025369,0.0003459,0.0010612,-0.0025337,0.0003457,0.0010757
-0.0020692,4.8e-06,0.0012844,-0.0020668,5.1e-06,0.0013004
-0.0023013,0.0001095,0.0011685,-0.0022985,0.0001096,0.0011838
-0.0017175,0.0001973,0.0011717,-0.0017153,0.0001973,0.0011878
-0.0023365,0.0006453,0.0012099,-0.0023337,0.0006448,0.0012251
-0.0027157,-0.0001346,0.0011494,-0.0027124,-0.0001343,0.0011639
-0.0028019,0.0002242,0.0014501,-0.002799,0.0002242,0.0014653
-0.003303,0.0003599,0.0015477,-0.0032999,0.0003598,0.001562
-0.0032449,7e-05,0.0016642,-0.003242,7.01e-05,0.001679
-0.0030086,0.0005884,0.0014344,-0.0030056,0.0005881,0.001449
-0.0026746,-0.0001423,0.001522,-0.0026719,-0.0001419,0.0015376
-0.003178,-0.0003638,0.0016932,-0.0031752,-0.0003633,0.0017082
-0.0035971,0.0004992,0.0019929,-0.0035945,0.000499,0.0020077
-0.0035963,-0.0001987,0.0016218,-0.0035931,-0.0001983,0.0016355
-0.0036226,-0.0004165,0.0018219,-0.0036197,-0.0004159,0.0018361
-0.0052817,-0.0004933,0.0015356,-0.0052782,-0.0004928,0.0015425
-0.0046266,-0.0010035,0.0013626,-0.0046226,-0.0010024,0.0013716
-0.0042801,-0.0007618,0.0021915,-0.0042778,-0.0007612,0.0022046
-0.0041158,-0.0003749,0.0021327,-0.0041133,-0.0003744,0.0021463
-0.0037064,-0.00032,0.0020053,-0.0037039,-0.0003196,0.0020198
-0.004099,-0.0001703,0.002561,-0.0040971,-0.00017,0.0025761
-0.0041302,-0.000777,0.0023524,-0.0041281,-0.0007764,0.0023665
-0.0037782,-0.0009658,0.0023603,-0.0037761,-0.0009651,0.0023754
-0.0039593,-0.0002045,0.002264,-0.0039571,-0.0002042,0.0022786
-0.0040261,-0.0007554,0.002556,-0.0040241,-0.0007548,0.0025712
-0.0029044,-0.0013767,0.0033023,-0.0029032,-0.0013759,0.0033222
-0.0026071,-0.0012323,0.0033812,-0.0026059,-0.0012315,0.0034021
-0.0021437,-0.0010492,0.0033523,-0.0021426,-0.0010485,0.0033739
-0.0019708,-0.0013692,0.003259,-0.0019698,-0.0013683,0.0032803
-0.0019101,-0.0007614,0.0032099,-0.0019091,-0.0007608,0.0032315
-0.0018214,-0.0008415,0.0038249,-0.0018205,-0.0008409,0.0038485
-0.0018522,-0.0012615,0.0040029,-0.0018513,-0.0012608,0.0040268
-0.0023871,-0.0007437,0.0032933,-0.0023859,-0.0007431,0.0033146
-0.0027966,-0.0009241,0.0033315,-0.0027953,-0.0009235,0.0033521
-0.0024298,-0.0003645,0.0033992,-0.0024286,-0.0003642,0.0034208
-0.0027108,-0.000849,0.0038706,-0.0027096,-0.0008485,0.0038933
-0.0023138,-0.0013799,0.0035773,-0.0023127,-0.0013791,0.0035991
-0.001913,-0.0012542,0.003525,-0.001912,-0.0012533,0.0035472
-0.0027824,-0.001339,0.0035826,-0.0027812,-0.0013382,0.0036037
-0.0025025,-0.0006844,0.0036151,-0.0025013,-0.0006839,0.0036372
-0.0024018,-0.0010849,0.003811,-0.0024006,-0.0010842,0.0038337
-0.0028579,-0.0005834,0.0034088,-0.0028566,-0.0005829,0.0034297
-0.0028396,-0.0008462,0.0036056,-0.0028384,-0.0008456,0.0036271
-0.0027192,-0.0003262,0.0036177,-0.0027179,-0.0003259,0.0036396
-0.0025343,0.0001014,0.0035742,-0.002533,0.0001015,0.0035963
-0.0024408,-0.0006896,0.0040299,-0.0024396,-0.0006892,0.0040534
-0.0027619,-0.0011679,0.0037371,-0.0027607,-0.0011672,0.003759
-0.0028589,-0.0017006,0.0037395,-0.0028578,-0.0016998,0.0037608
-0.0027822,-0.0014001,0.00395,-0.002781,-0.0013993,0.0039725
-0.0026151,-0.0011522,0.0040957,-0.0026139,-0.0011515,0.004119
-0.0043116,0.0004697,0.002195,-0.0043092,0.0004697,0.0022082
-0.0037183,6.26e-05,0.0023764,-0.0037162,6.28e-05,0.0023921
-0.004169,0.0012017,0.0021917,-0.0041668,0.0012012,0.0022049
-0.0041638,0.0002199,0.0023094,-0.0041616,0.00022,0.0023235
-0.0036825,0.0002149,0.002179,-0.0036801,0.000215,0.0021942
-0.0039718,0.0005982,0.002266,-0.0039695,0.000598,0.0022805
-0.0043682,-4.43e-05,0.0022766,-0.004366,-4.41e-05,0.0022899
-0.0050375,-0.0011037,0.001179,-0.0050328,-0.0011025,0.0011857
-0.0052197,-0.0011602,0.001513,-0.0052161,-0.0011592,0.0015196
-0.0048892,-0.001211,0.0014207,-0.0048853,-0.0012099,0.0014285
-0.0026382,-0.0028372,0.0016945,-0.002636,-0.0028347,0.0017076
-0.0022088,-0.0035471,0.0016939,-0.002207,-0.0035442,0.001706
-0.0022754,-0.0027599,0.0017717,-0.0022735,-0.0027576,0.0017859
-0.0020531,-0.0023367,0.0017823,-0.0020514,-0.0023346,0.0017977
-0.0016854,-0.0029473,0.0017032,-0.0016839,-0.0029446,0.0017176
-0.0022211,-0.0032305,0.0018619,-0.0022195,-0.0032281,0.0018753
-0.0022318,-0.0028331,0.0019879,-0.0022302,-0.002831,0.0020026
-0.0026752,-0.0024213,0.0017878,-0.002673,-0.0024193,0.001802
-0.0028434,-0.0023583,0.0019706,-0.0028415,-0.0023564,0.0019851
-0.0025805,-0.0032813,0.0017961,-0.0025786,-0.0032788,0.0018085
-0.002697,-0.003491,0.0020107,-0.0026953,-0.0034888,0.0020229
-0.0026825,-0.0029308,0.0020347,-0.0026807,-0.0029288,0.0020485
-0.0029519,-0.0029646,0.0025405,-0.0029505,-0.0029631,0.0025553
-0.0030749,-0.0025299,0.0024669,-0.0030733,-0.0025284,0.002482
-0.0033196,-0.002354,0.0023162,-0.0033178,-0.0023526,0.0023304
-0.003499,-0.0031097,0.0023984,-0.0034975,-0.0031082,0.002411
-0.0026389,-0.0028113,0.0023732,-0.0026374,-0.0028096,0.0023884
-0.0030651,-0.0028858,0.0027211,-0.0030637,-0.0028844,0.0027364
-0.0025909,-0.0022724,0.0023767,-0.0025893,-0.0022708,0.0023931
-0.0032733,-0.0019777,0.0024365,-0.0032715,-0.0019765,0.0024521
-0.003196,-0.0023317,0.0027159,-0.0031945,-0.0023305,0.002732
-0.0025786,-0.0027014,0.0029212,-0.0025774,-0.0027,0.0029387
-0.0029116,-0.0026224,0.0028643,-0.0029104,-0.0026211,0.0028811
-0.0037011,-0.0018415,0.0025436,-0.0036993,-0.0018405,0.0025586
-0.0035738,-0.0018994,0.0027051,-0.0035722,-0.0018984,0.002721
-0.0040127,-0.0035169,0.0012612,-0.0040092,-0.0035137,0.0012673
-0.0032492,-0.0036318,0.0012546,-0.0032462,-0.0036284,0.0012626
-0.0037675,-0.0037321,0.0015327,-0.0037648,-0.0037294,0.0015396
-0.0032895,-0.0041298,0.001446,-0.003287,-0.0041266,0.0014527
0.0040582,-0.0037672,0.0012009,0.0040549,-0.0037638,0.0012057
-0.0019151,0.0016833,0.0134061,-0.0019142,0.0016823,0.0134674
-0.0015309,0.0015723,0.0133986,-0.0015303,0.0015714,0.01346
-0.0016079,0.0019413,0.013506,-0.0016072,0.0019402,0.0135675
-0.0017548,0.0021202,0.013751,-0.001754,0.0021189,0.0138131
-0.0014437,0.0017561,0.0137304,-0.0014431,0.0017551,0.0137925
-0.0021394,0.0019187,0.0131072,-0.0021384,0.0019175,0.0131675
-0.0029189,0.0015511,0.0125764,-0.0029174,0.00155,0.012635
-0.0022979,0.0015869,0.0127057,-0.0022969,0.0015859,0.0127649
-0.002472,0.0019881,0.0127684,-0.0024707,0.0019869,0.0128277
-0.0020647,0.0020442,0.0127201,-0.0020637,0.002043,0.0127792
-0.0024865,0.0019907,0.0131706,-0.0024853,0.0019894,0.013231
-0.0023495,0.0016375,0.0130821,-0.0023484,0.0016365,0.0131423
-0.0020433,0.0015714,0.0131625,-0.0020424,0.0015705,0.0132231
-0.0029127,0.0015323,0.0132176,-0.0029112,0.0015313,0.013278
0.0029937,0.0017617,0.0015606,0.0029912,0.0017603,0.0015745
0.0024114,0.001787,0.0012688,0.0024089,0.0017853,0.001283
0.0024532,0.0017975,0.0014502,0.0024508,0.001796,0.0014649
0.0026677,0.0010814,0.0011384,0.0026647,0.0010803,0.0011526
0.002412,0.0013041,0.0014351,0.0024096,0.001303,0.0014504
0.0004224,-0.003186,0.0011743,0.000422,-0.0031821,0.0011877
0.000988,-0.0025064,0.0014189,0.000987,-0.0025036,0.0014341
-0.0001392,-0.0026967,0.0011033,-0.0001389,-0.0026932,0.0011177
0.0003087,-0.0023456,0.0009905,0.0003084,-0.0023424,0.0010052
0.0004218,-0.0025439,0.0013203,0.0004215,-0.0025409,0.0013355
0.0012403,-0.0024801,0.0012867,0.0012391,-0.0024771,0.0013014
-0.0001639,-0.0024868,0.0012448,-0.0001636,-0.0024838,0.00126
0.0005256,-0.0020173,0.001195,0.0005251,-0.0020147,0.0012107
0.0006136,-0.0034881,0.0012324,0.0006131,-0.0034842,0.001245
0.0002762,-0.0030713,0.0014184,0.000276,-0.003068,0.0014328
0.0007905,-0.0048136,0.0010831,0.0007898,-0.0048085,0.0010908
0.0013192,-0.0047908,0.0011452,0.001318,-0.004786,0.0011527
0.0018575,-0.0031775,0.0012664,0.0018556,-0.003174,0.0012788
0.0021291,-0.0027322,0.0011588,0.0021268,-0.0027289,0.0011715
0.0015887,-0.0029555,0.0013811,0.0015872,-0.0029523,0.0013948
0.001424,-0.0029276,0.0012129,0.0014225,-0.0029241,0.0012263
0.001599,-0.0025579,0.0014586,0.0015975,-0.0025552,0.0014733
0.0016848,-0.0024368,0.0012656,0.001683,-0.0024339,0.0012799
0.0016188,0.0014492,0.013451,0.0016181,0.0014484,0.0135125
0.0020781,0.0014353,0.0133268,0.0020771,0.0014344,0.0133878
0.0022941,0.0016834,0.0133913,0.0022929,0.0016823,0.0134524
0.0020881,0.0019125,0.0133294,0.002087,0.0019113,0.0133903
0.0024782,0.0019895,0.0134439,0.0024768,0.0019882,0.013505
0.0020836,0.0018411,0.0139454,0.0020825,0.0018399,0.0140078
0.0021718,0.001442,0.0137793,0.0021706,0.001441,0.0138414
0.0015656,0.0014411,0.0137665,0.0015648,0.0014401,0.0138288
0.0016901,0.0019948,0.0130854,0.0016893,0.0019937,0.0131457
0.0025715,0.0015241,0.0125703,0.0025702,0.0015231,0.0126289
0.002591,0.0016919,0.0128579,0.0025896,0.0016908,0.0129173
0.0024673,0.0019554,0.0126575,0.0024659,0.0019542,0.0127164
0.0029209,0.0014595,0.0131117,0.0029192,0.0014584,0.0131718
0.0025575,0.0015715,0.013198,0.0025561,0.0015704,0.0132584
0.0025086,0.0019038,0.0130985,0.0025072,0.0019025,0.0131586
0.0008758,0.0028376,0.0151781,0.0008754,0.002836,0.015243
0.0012318,0.0029327,0.0151355,0.0012312,0.0029311,0.0152001
0.0008338,0.0031687,0.0151405,0.0008334,0.003167,0.0152051
0.0012788,0.0025045,0.015209,0.0012783,0.0025031,0.0152739
0.0009857,0.0025554,0.0154237,0.0009853,0.002554,0.015489
0.0003058,0.0011514,0.0148471,0.0003056,0.0011506,0.0149118
0.0001557,0.0010381,0.0151687,0.0001556,0.0010374,0.015234
-7.14e-05,0.0010839,0.0155187,-7.14e-05,0.0010832,0.0155845
0.0003156,0.000773,0.0152694,0.0003154,0.0007724,0.0153349
0.0003086,0.001234,0.015477,0.0003084,0.0012332,0.0155427
0.0004437,0.0006072,0.0149993,0.0004435,0.0006066,0.0150643
-6.43e-05,0.0007341,0.0153022,-6.44e-05,0.0007334,0.0153677
0.0001846,0.0007649,0.0155714,0.0001844,0.0007643,0.0156373
0.000368,0.001507,0.0140073,0.0003678,0.0015061,0.0140704
0.0007402,0.0013999,0.0140703,0.0007398,0.001399,0.0141335
0.00061,0.0015658,0.0142293,0.0006097,0.0015649,0.0142928
0.000359,0.0017922,0.0138229,0.0003588,0.0017912,0.0138855
0.0043736,-0.0001139,0.0022645,0.0043715,-0.0001137,0.0022779
-0.0006844,0.0025685,0.0151886,-0.0006842,0.002567,0.0152535
-0.0003433,0.0010193,0.0149078,-0.0003432,0.0010185,0.0149727
-7.03e-05,0.0012624,0.0147651,-7.03e-05,0.0012616,0.0148298
-0.0003553,0.0006422,0.0150401,-0.0003552,0.0006416,0.0151052
-0.0006684,0.0033369,0.0148158,-0.0006682,0.003335,0.0148798
0.0004024,0.0030653,0.0126423,0.0004022,0.0030636,0.0127011
0.0003493,0.0030728,0.0129386,0.000349,0.0030709,0.0129984
0.0007767,0.0029169,0.0127618,0.0007762,0.0029152,0.0128211
0.0007434,0.0030163,0.0131692,0.000743,0.0030145,0.0132296
0.0003823,0.003313,0.0128982,0.000382,0.003311,0.0129578
0.0023534,0.002613,0.0144627,0.0023522,0.0026114,0.014526
0.0017376,0.0021746,0.0126066,0.0017368,0.0021734,0.0126655
0.0017244,0.0026477,0.0128022,0.0017234,0.002646,0.0128615
0.0020443,0.002301,0.0131163,0.0020431,0.0022995,0.0131765
0.0017072,0.0022612,0.0129511,0.0017063,0.0022598,0.0130109
0.004558,-0.0020124,0.0011061,0.0045536,-0.0020102,0.0011133
0.0043102,-0.0015276,0.0013177,0.0043064,-0.0015261,0.0013272
0.0033788,-0.0019067,0.0012987,0.0033755,-0.0019046,0.0013105
0.0031167,-0.0019811,0.0014219,0.0031138,-0.001979,0.0014347
0.0028844,-0.0019573,0.0015802,0.0028819,-0.0019554,0.0015941
0.0025527,-0.0015445,0.0012886,0.00255,-0.0015426,0.0013028
0.0027001,-0.0019017,0.0013329,0.0026974,-0.0018995,0.0013466
0.002286,-0.0017136,0.0016638,0.002284,-0.0017119,0.0016794
0.0026479,0.0011173,0.0154089,0.0026469,0.0011165,0.015474
0.0030674,0.0011005,0.0147948,0.0030659,0.0010997,0.0148588
0.0033825,0.0011695,0.0148311,0.0033809,0.0011687,0.014895
0.0025286,-0.002696,0.0016097,0.0025265,-0.0026935,0.0016231
0.0031167,-0.0026995,0.0018404,0.0031146,-0.0026974,0.0018532
0.0028991,-0.0022502,0.0018074,0.0028969,-0.0022483,0.0018215
0.0023081,-0.002883,0.0018323,0.0023065,-0.0028806,0.0018464
0.0024767,-0.002178,0.001643,0.0024746,-0.0021759,0.0016576
0.003478,-0.0024485,0.00197,0.0034758,-0.0024468,0.0019827
0.0023217,-0.002221,0.0018362,0.0023199,-0.0022191,0.0018515
0.0025237,-0.0032017,0.0017206,0.0025219,-0.003199,0.0017331
0.0024545,-0.0035539,0.0019374,0.0024531,-0.0035514,0.0019498
0.0023455,-0.0025886,0.0020092,0.0023439,-0.0025865,0.0020243
0.0022883,-0.0011831,0.0133604,0.0022871,-0.0011828,0.0134214
0.0021334,-0.0014383,0.0131436,0.0021323,-0.0014379,0.013204
0.0018172,-0.0013823,0.013218,0.0018163,-0.001382,0.0132787
0.0010278,-0.0012053,0.0132658,0.0010274,-0.0012052,0.013327
0.0009525,-0.0011932,0.0136552,0.0009521,-0.0011931,0.0137174
0.0013899,-0.0012983,0.0133292,0.0013893,-0.0012981,0.0133904
0.0012707,-0.0011412,0.0135796,0.0012701,-0.001141,0.0136415
0.0014209,-0.000702,0.0134547,0.0014203,-0.000702,0.0135164
0.0014096,-0.0018023,0.0137681,0.0014089,-0.0018017,0.0138302
0.0010574,-0.0011821,0.013978,0.0010569,-0.0011819,0.0140408
0.0007063,-0.0013783,0.013843,0.000706,-0.001378,0.0139055
0.0010423,-0.000894,0.0141865,0.0010418,-0.0008939,0.0142499
0.0025222,-0.0017558,0.0127494,0.0025208,-0.0017551,0.0128084
0.0023579,-0.0013534,0.0128036,0.0023568,-0.001353,0.0128629
0.0028394,-0.0014385,0.0127298,0.0028379,-0.001438,0.0127887
0.0029645,-0.0007039,0.0127606,0.0029629,-0.0007038,0.0128197
0.0024662,-0.0009251,0.0127057,0.0024651,-0.0009249,0.0127648
0.0025136,-0.0014103,0.0131712,0.0025123,-0.0014098,0.0132315
0.0025193,-0.0015607,0.0120059,0.0025181,-0.0015602,0.0120624
0.0028769,-0.0014881,0.0119651,0.0028754,-0.0014875,0.0120214
0.0030221,-0.0007074,0.0120269,0.0030206,-0.0007072,0.0120835
0.0028805,-0.0013348,0.0123962,0.002879,-0.0013343,0.012454
0.0023458,-0.001569,0.012321,0.0023448,-0.0015686,0.0123787
0.0025786,-0.0012675,0.0124987,0.0025774,-0.0012672,0.012557
0.0021827,-0.0010718,0.0103001,0.0021819,-0.0010716,0.01035
0.0025316,-0.0009919,0.0102588,0.0025305,-0.0009916,0.0103084
0.0025629,-0.0005708,0.0102072,0.0025619,-0.0005707,0.0102566
0.0022251,-0.0004595,0.0102816,0.0022245,-0.0004595,0.0103315
0.0015117,-0.0006793,0.010261,0.0015114,-0.0006793,0.0103109
0.002515,-0.0001962,0.0102836,0.002514,-0.0001962,0.0103333
0.0024301,-0.0005792,0.0106901,0.0024292,-0.0005791,0.0107416
0.0024714,-0.0010802,0.0105806,0.0024704,-0.0010799,0.0106317
0.0030287,-0.0009394,0.0106389,0.0030272,-0.0009391,0.0106899
0.002076,-0.0009267,0.0106809,0.0020755,-0.0009266,0.0107325
0.0016682,-0.0010096,0.0107655,0.001668,-0.0010096,0.0108175
0.0020609,-0.0005355,0.010638,0.0020604,-0.0005355,0.0106894
0.0017102,-0.0007995,0.0105945,0.0017099,-0.0007995,0.0106459
0.002124,-0.0002405,0.0105909,0.0021235,-0.0002405,0.0106422
0.0019704,5.61e-05,0.0106331,0.00197,5.6e-05,0.0106846
0.0021308,-0.0006388,0.0108998,0.0021303,-0.0006388,0.0109523
0.0021172,-0.0013611,0.0106239,0.0021164,-0.0013607,0.0106751
0.0020576,-0.0010337,0.0111182,0.0020571,-0.0010336,0.0111716
0.0009642,-0.0011581,0.0143186,0.0009637,-0.0011579,0.0143822
0.0013784,-0.000912,0.014127,0.0013778,-0.0009119,0.0141902
0.0014115,-0.0006309,0.014031,0.0014109,-0.0006309,0.014094
0.0006962,-0.000763,0.0141719,0.0006959,-0.000763,0.0142354
0.0010964,-0.0006189,0.0140105,0.001096,-0.000619,0.0140736
0.00071,-0.001295,0.0145233,0.0007097,-0.0012948,0.0145873
0.0030907,-0.0010099,0.014412,0.0030891,-0.0010097,0.0144751
0.0033948,-0.001127,0.0144173,0.0033931,-0.0011267,0.0144803
0.0029632,0.0041293,0.0013732,0.0029609,0.0041263,0.0013809
0.0028321,0.0028353,0.002068,0.0028304,0.0028338,0.0020819
0.0029443,0.0032313,0.0022337,0.0029428,0.0032299,0.0022471
0.0027624,0.0028508,0.0022788,0.0027609,0.0028495,0.0022935
0.0022762,0.0030494,0.0022855,0.002275,0.0030478,0.0023006
0.0021432,0.0034627,0.0023336,0.0021421,0.0034611,0.0023482
0.0022919,0.00337,0.0026122,0.0022909,0.0033686,0.0026278
0.0020825,0.0029415,0.0024054,0.0020814,0.0029401,0.0024216
0.0035804,0.0033395,0.0013365,0.0035775,0.0033369,0.001345
0.0041392,0.0032487,0.0014921,0.0041363,0.0032467,0.0014993
0.0009754,0.0049135,0.001439,0.0009747,0.0049099,0.0014472
0.0007647,0.0052451,0.0015278,0.0007642,0.0052418,0.0015348
0.0020748,0.004821,0.0014861,0.0020733,0.0048178,0.0014933
-0.0002773,0.0046566,0.0013599,-0.0002769,0.0046528,0.0013693
-0.0006993,0.0025353,0.0011732,-0.0006984,0.0025325,0.0011881
-2.14e-05,0.0024046,0.0010267,-2.13e-05,0.0024017,0.0010416
-0.0003815,0.0026548,0.0010719,-0.000381,0.0026518,0.0010863
-0.0001527,0.002731,0.0014263,-0.0001525,0.0027284,0.0014416
-0.0001938,0.0023605,0.0011944,-0.0001935,0.0023579,0.0012098
-0.0006455,0.0022214,0.0013756,-0.0006447,0.0022192,0.0013915
-0.0006231,0.0023075,0.0015821,-0.0006225,0.0023055,0.0015985
-0.000624,0.0038168,0.0020379,-0.0006236,0.0038145,0.0020521
-0.0001503,0.0040738,0.0020665,-0.0001501,0.0040715,0.0020803
-0.0001067,0.004044,0.0022847,-0.0001066,0.0040421,0.0022992
-0.0005997,0.0038796,0.0022814,-0.0005993,0.0038777,0.0022963
-0.0005296,0.0039216,0.0025022,-0.0005293,0.00392,0.0025177
-0.0009534,0.0038593,0.002449,-0.0009528,0.0038576,0.0024643
-0.0006944,0.0037251,0.0026654,-0.000694,0.0037236,0.002682
-0.0010851,0.0049632,0.0013435,-0.0010841,0.0049593,0.001351
-0.0027486,0.0044783,0.001498,-0.0027465,0.0044753,0.0015052
-0.0022241,0.0044297,0.0013632,-0.0022221,0.0044262,0.0013713
-0.0035235,0.0039278,0.0014759,-0.0035209,0.0039251,0.001483
-0.002973,0.0029609,0.0012467,-0.00297,0.0029581,0.0012575
-0.0047034,-0.0023932,0.0014918,-0.0047,-0.0023913,0.0014987
-0.0041905,-0.0016179,0.0012776,-0.0041865,-0.0016162,0.0012873
0.000857,0.0032112,0.0144244,0.0008565,0.0032093,0.0144878
0.000938,0.0034713,0.0143938,0.0009375,0.0034693,0.014457
0.0039469,-0.0035342,0.0015439,0.0039442,-0.0035316,0.0015509
0.0041371,-0.0030991,0.0014268,0.0041339,-0.0030965,0.001434
0.0042668,-0.0025949,0.0013433,0.0042633,-0.0025926,0.0013511
0.0012503,-0.0033567,0.0143247,0.0012496,-0.0033553,0.0143874
0.0013978,-0.0016845,0.0133356,0.0013972,-0.001684,0.0133966
0.0013975,-0.0021554,0.0138654,0.0013967,-0.0021546,0.0139275
0.0012251,-0.0029268,0.0127911,0.0012244,-0.0029254,0.0128502
0.0008718,-0.0027635,0.0128175,0.0008713,-0.0027624,0.0128767
0.0015665,-0.0026796,0.0127243,0.0015656,-0.0026785,0.0127831
0.0012603,-0.0025527,0.012578,0.0012597,-0.0025518,0.0126365
0.001042,-0.0025244,0.0127772,0.0010414,-0.0025235,0.0128364
0.0013622,-0.0023562,0.0128042,0.0013615,-0.0023554,0.0128636
0.0014071,-0.0026463,0.0129864,0.0014063,-0.0026451,0.0130461
0.0013119,-0.0029093,0.0131304,0.0013112,-0.002908,0.0131905
0.0006798,-0.0025386,0.0126403,0.0006794,-0.0025378,0.0126991
0.0010481,-0.0022674,0.0125961,0.0010477,-0.0022668,0.012655
0.0006515,-0.0028743,0.013074,0.0006511,-0.0028731,0.0131339
0.0015954,-0.0031086,0.0143976,0.0015945,-0.0031073,0.0144605
0.0019835,-0.0029265,0.0143488,0.0019824,-0.0029253,0.0144116
0.0002722,-0.0016625,0.0134315,0.000272,-0.0016622,0.0134931
0.0007565,-0.0013104,0.0134134,0.0007562,-0.0013102,0.013475
0.0005932,-0.0017644,0.0137764,0.0005929,-0.001764,0.0138387
0.0002711,-0.0016934,0.0138391,0.0002709,-0.001693,0.0139016
0.0002744,-0.0029278,0.0127436,0.0002742,-0.0029266,0.0128025
0.0007118,-0.002989,0.0126542,0.0007114,-0.0029877,0.0127128
0.0005686,-0.0027886,0.0128023,0.0005683,-0.0027875,0.0128615
0.0002594,-0.0024575,0.0126469,0.0002592,-0.0024569,0.0127059
0.0008068,-0.0021701,0.0128194,0.0008064,-0.0021696,0.012879
0.0003853,-0.0028022,0.0132155,0.000385,-0.002801,0.0132759
0.0004285,-0.0025964,0.0128139,0.0004282,-0.0025956,0.0128732
-9.79e-05,-0.0025176,0.0126189,-9.8e-05,-0.0025169,0.0126778
0.0004315,-0.0022632,0.0128283,0.0004312,-0.0022626,0.0128879
0.0004284,-0.0024721,0.0130962,0.0004281,-0.0024712,0.0131564
2.9e-06,-0.0033577,0.0144691,2.8e-06,-0.0033563,0.0145322
0.0001249,-0.0030445,0.0144559,0.0001248,-0.0030434,0.0145191
0.000466,-0.0030125,0.014415,0.0004657,-0.0030113,0.0144781
0.0005831,-0.0013571,0.0142495,0.0005828,-0.0013569,0.0143129
0.000305,-0.0008361,0.0141217,0.0003049,-0.0008361,0.0141851
0.000432,-0.0010221,0.0142849,0.0004318,-0.001022,0.0143485
-9.11e-05,-0.0010042,0.0140259,-9.12e-05,-0.0010041,0.014089
0.0002389,-0.000938,0.0145684,0.0002387,-0.000938,0.0146326
-0.0001012,-0.0009031,0.0143864,-0.0001012,-0.000903,0.0144503
0.0004732,-0.0011402,0.0140553,0.0004729,-0.0011401,0.0141184
3.19e-05,-0.001281,0.0145189,3.18e-05,-0.0012808,0.0145829
-0.0004863,-0.0010171,0.0142038,-0.0004862,-0.001017,0.0142673
1.9e-06,-0.00069,0.0141413,1.8e-06,-0.0006901,0.0142048
-0.0008495,-0.0009501,0.0140612,-0.0008493,-0.0009501,0.0141243
-0.0004853,-0.000748,0.0142055,-0.0004853,-0.0007481,0.0142691
-0.0003402,-0.0012743,0.0139653,-0.0003402,-0.0012741,0.0140283
-0.0001721,-0.0012934,0.0135218,-0.0001721,-0.0012933,0.0135838
-9.81e-05,-0.0012823,0.0138365,-9.81e-05,-0.0012822,0.0138991
-0.0005893,-0.0014633,0.0138378,-0.0005892,-0.001463,0.0139004
-0.0004224,-0.000623,0.0137068,-0.0004223,-0.0006232,0.0137695
-0.0009565,-0.0010341,0.0116113,-0.0009566,-0.0010343,0.0116671
-0.0007911,-0.0009369,0.0118116,-0.0007912,-0.0009371,0.0118684
-0.0005818,-0.0010572,0.0116151,-0.0005819,-0.0010575,0.011671
-0.0003184,-0.0008779,0.0117715,-0.0003185,-0.0008782,0.0118282
-0.0004827,-0.0006375,0.0116736,-0.0004829,-0.0006378,0.01173
-0.0001451,-0.0006927,0.0115848,-0.0001451,-0.000693,0.0116408
-0.0008353,-0.0005924,0.0117307,-0.0008355,-0.0005926,0.0117872
-0.0004026,-0.0003169,0.0117742,-0.0004027,-0.0003172,0.011831
-0.0006579,-0.0008126,0.0121048,-0.0006579,-0.0008128,0.0121627
-0.0005417,-0.001026,0.0119981,-0.0005417,-0.0010262,0.0120556
-0.0002071,-0.001037,0.0119851,-0.0002072,-0.0010373,0.0120426
-0.0009854,-0.001047,0.0118827,-0.0009854,-0.0010471,0.0119396
-0.0013199,-0.0009748,0.0117771,-0.00132,-0.000975,0.0118335
-0.0003964,-0.0009046,0.0123482,-0.0003965,-0.0009049,0.0124071
-0.0008843,-0.0007065,0.0119742,-0.0008844,-0.0007067,0.0120316
-0.000811,-0.0006513,0.0123233,-0.0008111,-0.0006515,0.0123821
-0.0007509,-0.0012622,0.0119805,-0.0007509,-0.0012623,0.0120377
-0.0007558,-0.0010437,0.0124134,-0.0007559,-0.0010439,0.0124724
-0.0004222,-0.0019346,0.0135816,-0.0004221,-0.001934,0.0136434
-0.0001671,-0.0019857,0.0134668,-0.0001671,-0.0019851,0.0135283
-0.000101,-0.0016636,0.0134075,-0.0001011,-0.0016633,0.013469
-0.0005033,-0.0017854,0.0138661,-0.0005031,-0.0017849,0.0139286
-0.0002781,-0.0023047,0.0135731,-0.0002781,-0.0023039,0.0136346
-0.0005033,-0.0030139,0.0127058,-0.0005031,-0.0030127,0.0127646
-3.59e-05,-0.0028247,0.0127493,-3.59e-05,-0.0028236,0.0128084
-0.0004532,-0.0025365,0.0127578,-0.0004531,-0.0025357,0.012817
5.32e-05,-0.0021452,0.012773,5.31e-05,-0.0021447,0.0128326
-0.0006944,-0.0029954,0.0131149,-0.0006941,-0.0029941,0.0131749
-0.0008286,-0.0024896,0.0126619,-0.0008283,-0.0024887,0.0127209
-0.0004392,-0.0021622,0.012813,-0.0004392,-0.0021617,0.0128726
-0.0005217,-0.0030017,0.0119663,-0.0005215,-0.0030005,0.0120226
-0.0003733,-0.002827,0.0122009,-0.0003732,-0.002826,0.0122582
-7e-07,-0.0027293,0.0120144,-8e-07,-0.0027285,0.012071
4.22e-05,-0.0029256,0.0123566,4.22e-05,-0.0029244,0.0124143
-0.0003412,-0.002777,0.0125307,-0.0003411,-0.002776,0.0125891
-0.0004913,-0.0019894,0.0124723,-0.0004913,-0.0019891,0.012531
-0.000853,-0.0025228,0.0103461,-0.0008527,-0.0025219,0.0103961
-0.0005108,-0.0025727,0.0101736,-0.0005106,-0.0025718,0.0102228
-0.0001917,-0.0024217,0.0103065,-0.0001917,-0.0024209,0.0103563
-0.0005618,-0.002218,0.0101591,-0.0005616,-0.0022174,0.0102084
1.95e-05,-0.0022386,0.0101206,1.95e-05,-0.002238,0.0101697
-0.0008695,-0.0020848,0.0103435,-0.0008693,-0.0020843,0.0103936
-0.0012412,-0.0022346,0.0102839,-0.0012409,-0.0022339,0.0103337
-0.0005231,-0.0018762,0.0102568,-0.0005231,-0.0018758,0.0103066
-0.0004547,-0.0013731,0.0100859,-0.0004547,-0.001373,0.0101351
-0.0002859,-0.0003729,0.0093574,-0.0002859,-0.0003729,0.0094033
-0.0005015,-0.0025009,0.0106364,-0.0005014,-0.0025002,0.0106877
-4.7e-06,-0.0024858,0.0105934,-4.7e-06,-0.0024852,0.0106445
-0.0008257,-0.002705,0.0106461,-0.0008255,-0.002704,0.0106973
-0.000598,-0.0018254,0.0106353,-0.000598,-0.0018252,0.0106868
-0.0003682,-0.0024314,0.0110155,-0.0003681,-0.0024309,0.0110684
-0.0007876,-0.0015883,0.0101926,-0.0007875,-0.0015881,0.0102422
-0.0010396,-0.0021384,0.0110602,-0.0010394,-0.002138,0.0111133
-0.0007838,-0.0023677,0.0106728,-0.0007836,-0.0023671,0.0107243
-0.0009275,-0.0024732,0.0109407,-0.0009272,-0.0024725,0.0109932
-0.0006943,-0.0034818,0.0143353,-0.000694,-0.0034803,0.0143981
-0.0003462,-0.0034337,0.0144991,-0.0003461,-0.0034323,0.0145622
-0.0012817,-0.0015054,0.0134357,-0.0012813,-0.0015051,0.0134971
-0.0012236,-0.0014983,0.0137793,-0.0012231,-0.0014979,0.0138415
-0.0006904,-0.0027796,0.0127732,-0.0006902,-0.0027786,0.0128324
-0.0011789,-0.0020732,0.0127483,-0.0011785,-0.0020726,0.0128077
-0.0011339,-0.0028602,0.0125402,-0.0011334,-0.002859,0.0125985
-0.0008796,-0.000626,0.0141019,-0.0008793,-0.000626,0.0141652
-0.0008735,-0.0013733,0.0138059,-0.0008732,-0.001373,0.0138683
-0.0011325,-0.0010521,0.0142973,-0.0011321,-0.0010519,0.0143609
-0.0011284,-0.001057,0.0146021,-0.001128,-0.0010569,0.0146662
-0.0010905,-0.0012412,0.0140057,-0.0010901,-0.0012409,0.0140686
-0.0010874,-0.0033987,0.0145011,-0.0010869,-0.0033973,0.0145641
-0.0024248,-0.0026516,0.0143572,-0.0024237,-0.0026505,0.01442
-0.0021257,-0.0025975,0.0143571,-0.0021247,-0.0025965,0.01442
-0.003112,-0.0016143,0.0144621,-0.0031105,-0.0016138,0.0145252
-0.001929,-0.0013283,0.0135461,-0.0019281,-0.0013279,0.0136076
-0.001814,-0.0013143,0.0133082,-0.0018133,-0.001314,0.0133692
-0.002657,-0.0012575,0.0127924,-0.0026558,-0.0012571,0.0128516
-0.0023285,-0.0014115,0.0130175,-0.0023275,-0.0014111,0.0130774
-0.0018294,-0.0010754,0.0128188,-0.0018289,-0.0010752,0.0128786
-0.0020556,-0.0007661,0.012824,-0.0020549,-0.0007661,0.0128837
-0.0026963,-0.0009663,0.0126087,-0.0026951,-0.0009661,0.0126673
-0.0024098,-0.0007031,0.0127826,-0.0024089,-0.000703,0.0128421
-0.0020042,-0.0015946,0.013108,-0.0020034,-0.0015941,0.0131683
-0.0028232,-0.000673,0.0127465,-0.002822,-0.000673,0.0128056
-0.0026427,-0.0009251,0.0130296,-0.0026415,-0.000925,0.0130896
-0.0026234,-0.0012313,0.0132933,-0.0026222,-0.0012309,0.013354
-0.0026514,-0.0013348,0.0125331,-0.0026502,-0.0013343,0.0125915
-0.0028666,-0.00126,0.0122417,-0.0028652,-0.0012596,0.0122991
-0.0021147,-0.0015295,0.0120475,-0.002114,-0.0015291,0.0121044
-0.0024012,-0.0017799,0.0121049,-0.0024002,-0.0017793,0.0121618
-0.0022902,-0.0014129,0.0124147,-0.0022894,-0.0014125,0.0124728
-0.0019449,-0.001446,0.0123651,-0.0019444,-0.0014457,0.0124233
-0.0022463,-0.0017773,0.0123582,-0.0022454,-0.0017768,0.0124161
-0.002724,-0.0009499,0.0119801,-0.002723,-0.0009497,0.0120366
-0.0023368,-0.0010743,0.0101423,-0.002336,-0.0010739,0.0101915
-0.001873,-0.0010385,0.0101913,-0.0018724,-0.0010383,0.0102408
-0.0014928,-0.0009884,0.0102312,-0.0014925,-0.0009884,0.010281
-0.0016076,-0.0006355,0.0102351,-0.0016073,-0.0006355,0.0102849
-0.0015949,-0.0010319,0.0105031,-0.0015947,-0.0010319,0.010554
-0.0016906,-0.0009003,0.0109853,-0.0016905,-0.0009004,0.0110383
-0.0019413,-0.0006301,0.0102243,-0.0019409,-0.00063,0.010274
-0.0019651,-0.0001926,0.0103108,-0.0019647,-0.0001926,0.0103609
-0.0019598,-0.0008693,0.0106094,-0.0019595,-0.0008693,0.0106608
-0.0024326,-0.001,0.0105395,-0.0024318,-0.0009997,0.0105904
-0.0020032,-0.0010109,0.0110627,-0.0020028,-0.0010108,0.0111159
-0.0020858,-0.0004667,0.0104693,-0.0020854,-0.0004667,0.0105201
-0.0022762,-0.0006552,0.0106744,-0.0022756,-0.0006551,0.0107259
-0.0013883,-0.0006867,0.0105341,-0.0013883,-0.0006868,0.0105852
-0.002135,-0.0006757,0.0110202,-0.0021346,-0.0006757,0.0110733
-0.0024161,-0.0013788,0.0106936,-0.0024153,-0.0013784,0.010745
-0.0023722,-0.0010108,0.0112189,-0.0023715,-0.0010106,0.0112726
-0.0033531,-0.0011181,0.0144921,-0.0033515,-0.0011179,0.0145553
-0.0029649,-0.0011901,0.0144818,-0.0029635,-0.0011898,0.0145451
-0.0033031,-0.000759,0.0144961,-0.0033015,-0.0007589,0.0145593
-0.0018169,-0.0006439,0.0136425,-0.0018163,-0.0006439,0.0137045
-0.0013359,-0.0005439,0.0133662,-0.0013356,-0.0005441,0.0134278
-0.001501,-0.0003328,0.0134972,-0.0015005,-0.0003329,0.013559
-0.0016028,-0.000757,0.0138141,-0.0016022,-0.0007569,0.0138765
-0.0011789,-0.0003428,0.0134658,-0.0011786,-0.000343,0.0135277
-0.0012777,-0.0007971,0.0136699,-0.0012774,-0.0007971,0.0137321
-0.001793,-0.0004088,0.0135266,-0.0017924,-0.0004089,0.0135883
-0.0018669,-0.0003078,0.0138713,-0.0018661,-0.0003079,0.0139338
-0.0019118,-0.0006259,0.0138854,-0.0019111,-0.0006259,0.0139478
-0.0017451,-0.0005589,0.0133258,-0.0017445,-0.000559,0.013387
-0.0023418,-0.0002767,0.0128053,-0.002341,-0.0002768,0.012865
-0.0018915,-0.0001376,0.0128386,-0.001891,-0.0001378,0.0128986
-0.0023975,-0.0002617,0.0131968,-0.0023965,-0.0002618,0.0132575
-0.0026022,0.0001637,0.0126282,-0.0026012,0.0001634,0.0126871
-0.0025793,-0.0004949,0.0125513,-0.0025783,-0.000495,0.01261
-0.002856,-0.0006143,0.0120668,-0.0028548,-0.0006142,0.0121236
-0.0031381,-0.0005993,0.0122484,-0.0031366,-0.0005992,0.0123058
-0.0026559,-0.0002166,0.0119473,-0.002655,-0.0002168,0.0120039
-0.0032874,-0.0004955,0.0120254,-0.0032858,-0.0004954,0.0120819
-0.0015309,-4.17e-05,0.0138258,-0.0015303,-4.19e-05,0.0138885
-0.0015358,0.0004766,0.0138081,-0.0015353,0.0004761,0.0138706
-0.001778,-0.0001187,0.0135355,-0.0017774,-0.0001189,0.0135973
-0.0019102,0.0001346,0.0132221,-0.0019096,0.0001343,0.0132831
-0.0011808,0.0002556,0.0136866,-0.0011805,0.0002552,0.0137491
-0.0005985,5.4e-06,0.0136358,-0.0005984,5.1e-06,0.0136984
-0.0008216,4.74e-05,0.0139397,-0.0008214,4.71e-05,0.0140028
-0.0003903,0.0001284,0.0139833,-0.0003903,0.0001281,0.0140466
-0.0008436,-0.0003338,0.0138589,-0.0008434,-0.000334,0.0139218
-0.0006365,7.33e-05,0.0142891,-0.0006364,7.3e-05,0.014353
-0.0011707,0.0007348,0.0138678,-0.0011703,0.0007342,0.0139306
-0.0009918,-0.0001347,0.0135983,-0.0009916,-0.0001349,0.0136607
-0.0012461,0.0001156,0.0130894,-0.0012459,0.0001154,0.0131505
-0.0019046,0.0002077,0.0127987,-0.0019041,0.0002074,0.0128586
-0.0020228,0.000501,0.0126822,-0.0020222,0.0005006,0.0127417
-0.0019406,0.0008642,0.0128151,-0.00194,0.0008637,0.012875
-0.0022388,0.0008422,0.0127297,-0.0022381,0.0008417,0.0127892
-0.0025618,-0.0001066,0.0128876,-0.0025608,-0.0001068,0.0129473
-0.0015439,0.0007988,0.0137424,-0.0015433,0.0007982,0.0138047
-0.0012249,0.0012263,0.013313,-0.0012245,0.0012256,0.0133744
-0.002574,0.0010103,0.0127914,-0.0025729,0.0010096,0.0128508
-0.0023298,0.0012044,0.0128111,-0.0023289,0.0012037,0.0128706
-0.0019577,0.0012286,0.0126697,-0.0019571,0.001228,0.0127291
-0.0026923,0.0012986,0.0126722,-0.002691,0.0012978,0.0127311
-0.0025369,0.000665,0.0128549,-0.0025359,0.0006645,0.0129145
-0.00287,0.000752,0.0129674,-0.0028686,0.0007514,0.0130271
-0.0025635,0.0008754,0.012441,-0.0025625,0.0008749,0.0124993
-0.0033332,0.0011865,0.0144146,-0.0033315,0.0011857,0.0144778
-0.0010616,0.0009467,0.0141476,-0.0010612,0.000946,0.014211
-0.0007085,0.0008607,0.0141432,-0.0007083,0.0008601,0.0142067
-0.0008045,0.0012368,0.0140849,-0.0008042,0.001236,0.0141481
-0.0003903,0.0010998,0.0141374,-0.0003902,0.0010991,0.0142008
-0.0010356,0.0006196,0.0142072,-0.0010353,0.000619,0.0142708
-0.0019298,0.0023758,0.0125539,-0.0019289,0.0023745,0.0126126
-0.0020356,0.0024445,0.0128345,-0.0020346,0.002443,0.0128939
-0.0015133,0.0023837,0.0126472,-0.0015126,0.0023824,0.0127062
-0.0017032,0.0022941,0.0129596,-0.0017024,0.0022928,0.0130195
-0.0016364,0.0027029,0.0127269,-0.0016356,0.0027013,0.012786
-0.001228,0.0027558,0.0127345,-0.0012274,0.0027542,0.0127937
-0.0011037,0.0023748,0.0132457,-0.0011032,0.0023735,0.0133065
-0.0020003,0.0022269,0.0130765,-0.0019994,0.0022255,0.0131367
-0.0019278,0.0029461,0.0144461,-0.0019269,0.0029443,0.0145094
-0.0014806,0.0029,0.0144808,-0.0014799,0.0028983,0.0145443
-0.0011827,0.0015612,0.0135062,-0.0011823,0.0015603,0.0135679
-0.0006694,0.0016824,0.013509,-0.0006692,0.0016814,0.0135709
-0.0007305,0.0014601,0.0137555,-0.0007302,0.0014593,0.013818
-0.0007946,0.0015766,0.0131424,-0.0007944,0.0015759,0.0132034
-0.001155,0.0023226,0.0126337,-0.0011546,0.0023215,0.0126928
-0.0008557,0.0022954,0.0127573,-0.0008554,0.0022943,0.0128168
-0.0006305,0.0025065,0.0128065,-0.0006303,0.0025053,0.0128661
-0.0008547,0.0026759,0.0126863,-0.0008544,0.0026744,0.0127454
-0.0004814,0.0028052,0.0125946,-0.0004812,0.0028037,0.0126534
-0.0008357,0.0030984,0.0126514,-0.0008353,0.0030966,0.0127103
-0.0007735,0.0026371,0.0131472,-0.0007732,0.0026356,0.0132077
-0.0011617,0.0023774,0.011942,-0.0011613,0.0023764,0.0119987
-0.0012747,0.0027997,0.0121411,-0.0012742,0.0027982,0.0121983
-0.0003714,0.0027816,0.0120662,-0.0003713,0.0027803,0.0121233
-0.0013604,0.0022111,0.0123135,-0.00136,0.0022101,0.0123714
-0.000912,0.0030766,0.0123519,-0.0009116,0.0030749,0.0124098
-0.0004711,0.0020357,0.0102645,-0.000471,0.0020351,0.0103145
-0.0005053,0.0023851,0.0102584,-0.0005051,0.0023842,0.0103083
-0.0001537,0.0022992,0.0103013,-0.0001537,0.0022984,0.0103514
0.000156,0.0021266,0.0102261,0.0001559,0.0021259,0.0102759
0.0004305,0.0010172,0.0100388,0.0004304,0.0010171,0.0100878
-0.0001938,0.0009441,0.0099279,-0.0001938,0.0009439,0.0099764
0.0004479,0.0009751,0.0108227,0.0004479,0.0009752,0.0108752
0.0003685,0.000918,0.0092892,0.0003684,0.0009177,0.0093349
-0.0001134,0.0027151,0.0102374,-0.0001134,0.0027139,0.010287
8.53e-05,0.0017445,0.0102167,8.52e-05,0.001744,0.0102665
-0.0002264,0.0010714,0.0092674,-0.0002263,0.0010711,0.009313
-0.0008059,0.0022484,0.0102551,-0.0008056,0.0022476,0.010305
-0.0004617,0.0027445,0.0103792,-0.0004615,0.0027433,0.0104294
-0.0005029,0.0023383,0.0106834,-0.0005028,0.0023375,0.0107352
-0.0005117,0.0018683,0.0105849,-0.0005116,0.0018678,0.0106363
-8.92e-05,0.0019568,0.0105158,-8.92e-05,0.0019563,0.0105669
0.0003145,0.0019181,0.0105366,0.0003144,0.0019177,0.0105878
-0.0009646,0.0019847,0.0105659,-0.0009644,0.0019841,0.0106171
-0.0013568,0.0019157,0.0104774,-0.0013565,0.001915,0.0105282
-0.000479,0.0014633,0.0106073,-0.0004791,0.0014631,0.0106588
-0.0004778,0.0021489,0.0108954,-0.0004777,0.0021483,0.010948
-0.0008626,0.0032097,0.0105139,-0.0008622,0.0032079,0.0105643
-0.0008384,0.0023431,0.0106918,-0.0008382,0.0023422,0.0107436
-0.0008598,0.00277,0.0105594,-0.0008595,0.0027688,0.0106104
-0.0008071,0.0023269,0.0110569,-0.000807,0.0023261,0.0111102
-0.0007839,0.0015979,0.010577,-0.0007839,0.0015976,0.0106284
-0.000824,0.0011639,0.010548,-0.000824,0.0011638,0.0105992
-0.0007946,0.001913,0.0109837,-0.0007945,0.0019126,0.0110368
-0.0019925,0.0015947,0.0128749,-0.0019917,0.0015938,0.0129347
-0.0016203,0.0014377,0.0128003,-0.0016198,0.001437,0.0128602
-0.0015343,0.0019763,0.0126145,-0.0015338,0.0019754,0.0126735
-0.001178,0.0019172,0.0127288,-0.0011776,0.0019163,0.0127884
-0.001685,0.0019786,0.0132236,-0.0016843,0.0019775,0.0132843
-0.0017081,0.0015555,0.0131311,-0.0017075,0.0015546,0.0131917
-0.0011148,0.0015545,0.0132025,-0.0011144,0.0015537,0.0132635
-0.0019401,0.0020168,0.0123588,-0.0019393,0.0020158,0.0124168
-0.0021864,0.0023296,0.0119503,-0.0021853,0.0023283,0.0120068
-0.0018424,0.0023359,0.0121683,-0.0018416,0.0023346,0.0122256
-0.0015371,0.0022579,0.0120348,-0.0015365,0.0022569,0.0120918
-0.0016648,0.0026886,0.0119903,-0.001664,0.0026871,0.012047
-0.0016477,0.002272,0.0123878,-0.001647,0.0022709,0.012446
-0.0020511,0.0025508,0.0121779,-0.0020501,0.0025493,0.0122351
0.0022885,-0.0023003,0.0144445,0.0022873,-0.0022994,0.0145077
0.0026616,-0.0023633,0.0144559,0.0026602,-0.0023624,0.0145189
0.0016364,-0.0021691,0.0127854,0.0016356,-0.0021683,0.0128446
0.0022327,-0.0019778,0.0129028,0.0022315,-0.001977,0.0129622
0.0024056,-0.0021658,0.0130689,0.0024043,-0.0021649,0.0131288
0.0020688,-0.0018488,0.0127277,0.0020678,-0.0018482,0.0127868
0.0017717,-0.0016298,0.0126211,0.0017711,-0.0016294,0.0126801
0.0021389,-0.0015687,0.0126776,0.002138,-0.0015682,0.0127366
0.0019833,-0.0018116,0.0131328,0.0019823,-0.0018109,0.013193
0.0019894,-0.0021838,0.0130574,0.0019883,-0.002183,0.0131173
0.0021735,-0.0026241,0.0130991,0.0021722,-0.0026229,0.0131589
0.0017656,-0.0018659,0.0127652,0.0017648,-0.0018653,0.0128245
0.0016632,-0.0017886,0.0130175,0.0016625,-0.0017881,0.0130776
0.0024777,-0.0018056,0.0130946,0.0024763,-0.0018049,0.0131547
0.0015522,-0.0014485,0.0130319,0.0015515,-0.0014481,0.0130922
0.001716,-0.0020366,0.0132884,0.0017151,-0.0020359,0.0133491
0.0017472,-0.00246,0.0130624,0.0017463,-0.002459,0.0131223
0.0028667,-0.0019922,0.0143591,0.0028652,-0.0019915,0.014422
0.0027826,-0.0015651,0.0143788,0.0027812,-0.0015646,0.0144419
0.0040694,0.0026338,0.0014677,0.0040663,0.0026319,0.0014767
0.003337,0.002152,0.0020496,0.003335,0.0021509,0.0020636
0.0037629,0.0022779,0.0021889,0.003761,0.0022769,0.002202
0.0032492,0.0028884,0.0022657,0.0032475,0.0028872,0.0022792
0.0033469,0.0019692,0.0023097,0.0033451,0.0019683,0.0023248
0.0031504,0.0025714,0.0022747,0.0031488,0.0025703,0.0022891
0.003269,0.0025771,0.0025757,0.0032676,0.0025762,0.002591
0.0033981,0.0022127,0.0022445,0.0033963,0.0022118,0.0022589
0.0032095,0.0020109,0.0027171,0.0032081,0.0020102,0.0027338
-0.0001049,-0.0022537,0.0010282,-0.0001047,-0.0022506,0.0010432
-0.0001002,-0.0025279,0.0013853,-0.0001,-0.002525,0.0014008
-0.0006135,-0.0024182,0.0013837,-0.0006128,-0.0024154,0.0013992
-0.0008035,-0.0026297,0.0012706,-0.0008025,-0.0026266,0.0012854
-0.0006688,-0.0020395,0.0011948,-0.0006679,-0.0020368,0.0012104
0.0047084,0.0016934,0.0013412,0.0047046,0.0016923,0.0013491
0.005116,0.0016522,0.0015049,0.0051127,0.0016514,0.0015115
0.0010453,0.0015241,0.013834,0.0010448,0.0015231,0.0138965
0.0012886,0.0015612,0.0135876,0.001288,0.0015603,0.0136495
0.0012914,0.001408,0.013937,0.0012908,0.0014071,0.0139998
0.0008924,0.0016514,0.0134854,0.000892,0.0016505,0.0135472
0.0007393,0.0014851,0.0137528,0.0007389,0.0014843,0.0138152
0.0009938,0.0014337,0.0130088,0.0009934,0.001433,0.0130694
0.0012857,0.00088,0.0135498,0.0012852,0.0008794,0.0136118
0.0013798,0.0011812,0.0133675,0.0013792,0.0011805,0.0134289
0.0016348,0.001163,0.0135765,0.001634,0.0011623,0.0136384
0.0013226,0.001209,0.013723,0.001322,0.0012083,0.0137853
0.0013685,0.0007088,0.0138674,0.001368,0.0007082,0.0139301
0.0009535,0.0007188,0.0138039,0.0009531,0.0007183,0.0138666
0.0013193,0.0006026,0.014181,0.0013187,0.000602,0.0142444
0.0008885,0.000887,0.0135743,0.0008882,0.0008865,0.0136365
0.0009154,0.001145,0.0138523,0.0009149,0.0011443,0.0139151
0.0009243,0.0007537,0.0141635,0.0009238,0.0007531,0.014227
0.0005905,0.0003424,0.0116539,0.0005906,0.0003424,0.0117102
0.0006004,0.0007372,0.0116892,0.0006004,0.0007371,0.0117456
0.0009029,0.0004326,0.0116912,0.000903,0.0004325,0.0117476
0.0010272,0.0008263,0.0115869,0.0010272,0.0008262,0.0116427
0.0014429,0.0007602,0.0115445,0.0014429,0.0007601,0.0116
0.0010552,0.0012511,0.0115993,0.0010551,0.0012509,0.0116551
0.0011329,0.0007749,0.011978,0.0011329,0.0007748,0.0120354
0.0014332,0.0005205,0.0120491,0.0014331,0.0005203,0.0121066
0.0007074,0.0005196,0.0119743,0.0007075,0.0005195,0.0120319
0.001051,4.78e-05,0.0118887,0.0010511,4.77e-05,0.0119458
0.0008825,0.0004394,0.0122259,0.0008825,0.0004392,0.0122844
0.0007618,0.0011129,0.0115191,0.0007618,0.0011129,0.0115746
0.0005721,0.0008561,0.0119955,0.0005721,0.000856,0.0120531
0.0002015,0.0008823,0.0119125,0.0002015,0.0008822,0.0119698
0.0006531,0.0011054,0.0120906,0.0006531,0.0011052,0.0121485
0.0006079,0.0007396,0.0125533,0.0006078,0.0007394,0.0126129
0.0001985,0.0002611,0.0121323,0.0001985,0.000261,0.0121905
0.0007792,0.0003902,0.0125102,0.0007792,0.00039,0.0125697
0.0010349,0.0021684,0.0127734,0.0010344,0.0021673,0.012833
0.0013952,0.0023265,0.0127561,0.0013945,0.0023252,0.0128155
0.0014531,0.0029018,0.0128392,0.0014523,0.0029,0.0128986
0.0010768,0.0026135,0.0128492,0.0010763,0.0026121,0.0129088
0.0007206,0.0026266,0.012819,0.0007202,0.0026252,0.0128786
0.001176,0.0030001,0.0127414,0.0011753,0.0029983,0.0128006
0.0011957,0.0023086,0.0121304,0.0011953,0.0023077,0.0121877
0.0014726,0.0023624,0.01194,0.0014719,0.0023613,0.0119965
0.0017679,0.0023252,0.0120581,0.001767,0.002324,0.012115
0.0017138,0.0024192,0.0124456,0.001713,0.0024178,0.0125038
0.0013074,0.0026223,0.011927,0.0013068,0.002621,0.0119834
0.0017484,0.0026535,0.012014,0.0017475,0.002652,0.0120707
0.0010378,0.0025266,0.0120006,0.0010373,0.0025255,0.0120574
0.0014335,0.0027282,0.0125446,0.0014327,0.0027267,0.0126031
0.0013685,0.002286,0.0123978,0.0013679,0.0022849,0.012456
0.0008623,0.0023119,0.0120402,0.000862,0.002311,0.0120972
0.0010278,0.0028795,0.012014,0.0010273,0.002878,0.0120707
0.0010743,0.0028546,0.0124339,0.0010737,0.0028531,0.0124921
0.0007442,0.0017339,0.0103528,0.000744,0.0017335,0.0104032
0.0010685,0.0020075,0.0104535,0.001068,0.0020068,0.0105043
0.001149,0.0022718,0.0102524,0.0011485,0.0022709,0.0103022
0.0016178,0.0021604,0.0101956,0.0016171,0.0021594,0.010245
0.0007099,0.0024073,0.0101164,0.0007096,0.0024064,0.0101656
0.0010899,0.0025829,0.0100994,0.0010893,0.0025816,0.0101484
0.0009706,0.0022822,0.0106454,0.0009702,0.0022814,0.0106969
0.0016404,0.0019725,0.010594,0.0016398,0.0019717,0.0106452
0.0006145,0.0017322,0.0106302,0.0006144,0.0017319,0.0106818
0.0010173,0.001203,0.0106161,0.0010172,0.0012028,0.0106677
0.0011581,0.0021801,0.0109647,0.0011576,0.0021794,0.0110176
0.0007754,0.0025758,0.0103488,0.0007751,0.0025748,0.0103989
0.0006439,0.0022274,0.0106056,0.0006436,0.0022267,0.0106569
0.0001164,0.0022974,0.0105811,0.0001164,0.0022967,0.0106323
0.0007009,0.0026001,0.0106396,0.0007006,0.002599,0.010691
0.0007636,0.0022324,0.0109985,0.0007633,0.0022317,0.0110516
0.0007847,0.0019397,0.0105672,0.0007845,0.0019392,0.0106185
0.0006808,0.00138,0.010583,0.0006808,0.0013798,0.0106345
0.0008401,0.0019073,0.0108578,0.0008399,0.0019068,0.0109103
0.0012831,0.002835,0.0144532,0.0012824,0.0028333,0.0145166
0.0015832,0.0028761,0.0144174,0.0015824,0.0028743,0.0144808
0.0014543,0.0012378,0.0140918,0.0014536,0.001237,0.0141549
0.0014924,0.0003375,0.0141241,0.0014918,0.0003371,0.0141874
0.0006322,0.0010488,0.0140927,0.0006319,0.0010481,0.014156
0.0006222,0.0005767,0.014011,0.000622,0.0005762,0.0140743
0.0009964,0.0003986,0.0140244,0.000996,0.0003982,0.0140876
0.0024905,0.0008134,0.0125533,0.0024894,0.0008129,0.012612
0.0026031,0.0010124,0.0128092,0.0026018,0.0010117,0.0128686
0.0028685,0.0008293,0.0127138,0.002867,0.0008287,0.0127729
0.0029135,0.0012836,0.0127593,0.0029119,0.0012828,0.0128184
0.0023711,0.0011777,0.0126691,0.0023701,0.0011769,0.0127282
0.0025202,0.0010249,0.0122364,0.0025191,0.0010243,0.012294
0.0028213,0.0009061,0.01209,0.00282,0.0009055,0.012147
0.0027491,0.0013176,0.0121541,0.0027478,0.0013168,0.0122113
0.0023568,0.0012677,0.0119484,0.0023559,0.0012671,0.0120051
0.0029928,0.0015702,0.0119314,0.0029912,0.0015692,0.0119877
0.0029549,0.0011211,0.0123009,0.0029533,0.0011204,0.0123586
0.0021521,0.0003109,0.0102198,0.0021515,0.0003107,0.0102694
0.0025506,0.0004389,0.0100555,0.0025495,0.0004387,0.0101043
0.002428,0.0005261,0.0103303,0.0024271,0.0005258,0.0103804
0.0026875,0.0007529,0.0101589,0.0026863,0.0007525,0.0102081
0.0021982,0.0008048,0.0102934,0.0021975,0.0008045,0.0103434
0.0015398,0.0008778,0.0102832,0.0015395,0.0008776,0.0103333
0.0026102,0.0010752,0.0103222,0.0026091,0.0010746,0.0103721
0.0024764,0.0008611,0.0105742,0.0024755,0.0008607,0.0106253
0.0025102,0.0004257,0.0107057,0.0025093,0.0004255,0.0107574
0.0029179,0.0004536,0.0106933,0.0029167,0.0004533,0.0107448
0.0021191,0.0004842,0.0105941,0.0021186,0.000484,0.0106455
0.0023445,0.0001048,0.0106,0.0023438,0.0001046,0.0106513
0.0026411,0.0006149,0.0110354,0.0026401,0.0006145,0.0110884
0.0022022,0.0012342,0.0102546,0.0022014,0.0012336,0.0103043
0.0021825,0.0012064,0.0105979,0.0021818,0.0012059,0.0106492
0.0020612,0.0010038,0.0110332,0.0020606,0.0010034,0.0110864
0.0018244,0.0005192,0.0103212,0.001824,0.0005191,0.0103715
0.0020332,0.0004312,0.0111949,0.0020328,0.000431,0.0112488
0.0030876,0.0007485,0.0144761,0.003086,0.0007479,0.0145395
0.0034568,0.0006806,0.0143846,0.003455,0.0006799,0.0144477
0.0011283,-0.0002448,0.0142272,0.0011278,-0.0002449,0.0142908
0.0009382,0.0001444,0.0143298,0.0009378,0.000144,0.0143936
0.0014055,-8.07e-05,0.0141019,0.0014048,-8.09e-05,0.0141651
0.0012364,0.0001324,0.0142035,0.0012358,0.0001321,0.014267
0.0014252,-7e-07,0.0145066,0.0014245,-1e-06,0.0145706
0.0013851,-0.0003998,0.0145565,0.0013845,-0.0004,0.0146206
0.0011403,0.0004155,0.0142815,0.0011398,0.000415,0.0143451
0.0006932,0.0002795,0.0141217,0.000693,0.0002791,0.0141852
0.0010929,0.0001083,0.0147409,0.0010925,0.0001079,0.0148054
0.0007181,1.03e-05,0.0145452,0.0007178,1e-05,0.0146095
0.001455,-3.65e-05,0.0134037,0.0014545,-3.68e-05,0.0134654
0.0016829,0.0001185,0.0136468,0.0016821,0.0001182,0.0137089
0.0022661,0.0001035,0.0135049,0.002265,0.0001032,0.0135665
0.0020728,-6e-07,0.0138442,0.0020718,-9e-07,0.0139066
0.0020207,-0.0003227,0.013913,0.0020197,-0.0003228,0.0139756
0.0016916,0.0004686,0.0139377,0.0016908,0.0004681,0.0140005
0.0017266,0.0001455,0.0139716,0.0017258,0.0001451,0.0140344
0.0016517,-0.0002337,0.0138345,0.001651,-0.0002339,0.0138971
0.0024953,0.0001358,0.0126797,0.0024942,0.0001355,0.0127389
0.0028314,4.97e-05,0.0127263,0.0028301,4.95e-05,0.0127854
0.0023681,0.0004831,0.0127045,0.0023672,0.0004827,0.0127638
0.0028028,-1.64e-05,0.0131115,0.0028014,-1.66e-05,0.0131718
0.0027084,0.000499,0.0127112,0.0027071,0.0004986,0.0127704
0.0025495,0.0001656,0.0132788,0.0025482,0.0001653,0.0133396
0.0033051,0.0001581,0.0120672,0.0033033,0.0001578,0.0121239
0.003346,-0.0001665,0.0120943,0.0033442,-0.0001666,0.0121511
0.0017549,-0.0005458,0.0136129,0.0017541,-0.0005459,0.0136749
0.00172,-0.0002736,0.0134281,0.0017193,-0.0002738,0.0134896
0.0017592,-0.0005698,0.0132174,0.0017586,-0.0005699,0.0132784
0.0028826,-0.0003406,0.0126695,0.0028812,-0.0003407,0.0127284
0.0024396,-8.74e-05,0.012445,0.0024387,-8.76e-05,0.0125034
0.0025822,-0.0002335,0.0127347,0.0025811,-0.0002337,0.012794
0.0026196,-0.0005538,0.0125472,0.0026184,-0.0005538,0.0126058
0.0019737,-0.0046037,0.0013544,0.0019721,-0.0045996,0.0013623
0.0024159,-0.0045756,0.0014935,0.0024142,-0.004572,0.0015011
0.0029326,-0.0043681,0.0015408,0.0029307,-0.0043649,0.0015478
0.0040816,-0.002389,0.0014157,0.0040782,-0.0023869,0.0014249
0.0040695,-0.0017944,0.0013757,0.004066,-0.0017926,0.0013859
0.0020498,-0.0016233,0.0013378,0.0020476,-0.0016213,0.001353
0.0019987,-0.0020095,0.0012459,0.0019965,-0.0020071,0.0012603
0.0015826,-0.0020329,0.0012007,0.0015808,-0.0020303,0.0012156
0.0020054,-0.0015191,0.0012071,0.0020032,-0.0015171,0.0012221
0.0018946,-0.0021552,0.0013625,0.0018926,-0.0021527,0.0013772
0.0013917,-0.0017745,0.0010933,0.00139,-0.0017721,0.0011084
0.0010948,-0.002008,0.0011893,0.0010936,-0.0020054,0.0012047
0.0014632,-0.0021047,0.0013359,0.0014617,-0.0021022,0.0013512
0.0021821,-0.0012732,0.0015404,0.00218,-0.0012717,0.0015564
0.0018845,-0.0020169,0.001659,0.0018828,-0.0020149,0.0016748
0.0014817,-0.0018931,0.0015486,0.0014803,-0.001891,0.0015647
0.0019589,-0.0024887,0.0016587,0.0019572,-0.0024863,0.0016737
0.0020951,-0.0018297,0.0018077,0.0020934,-0.0018279,0.0018239
0.0012279,-0.0017429,0.0014296,0.0012266,-0.0017408,0.0014459
0.001072,-0.0014213,0.0013315,0.0010709,-0.0014195,0.001348
0.0014244,-0.0010187,0.0012463,0.0014228,-0.0010173,0.0012625
0.0009772,-0.0019734,0.0015504,0.0009763,-0.0019712,0.0015669
0.0014987,-0.0019906,0.001684,0.0014974,-0.0019885,0.0017004
0.0008848,-0.0013905,0.002291,0.0008842,-0.0013893,0.0023105
0.0013994,-0.0011935,0.0022502,0.0013984,-0.0011924,0.0022692
0.0017109,-0.0008166,0.0021744,0.0017096,-0.0008158,0.0021931
0.0008153,-0.0008995,0.0021903,0.0008147,-0.0008986,0.0022099
0.0013845,-0.000326,0.0023109,0.0013835,-0.0003256,0.0023306
0.001225,-0.0006499,0.0023987,0.0012242,-0.0006492,0.0024188
0.0014059,-0.0012617,0.0024978,0.001405,-0.0012607,0.0025175
0.0010015,-0.0012522,0.0024613,0.0010009,-0.0012512,0.0024813
0.0013305,-0.001178,0.0027314,0.0013298,-0.0011771,0.0027519
0.0014044,-0.0011701,0.0030093,0.0014037,-0.0011692,0.0030306
0.0009911,-0.0005466,0.0022661,0.0009904,-0.000546,0.002286
0.0004338,-0.0007461,0.0022183,0.0004335,-0.0007453,0.0022383
0.0008421,-7.67e-05,0.0022263,0.0008415,-7.65e-05,0.0022463
0.0009136,-0.0007878,0.0024517,0.000913,-0.000787,0.0024721
0.0009314,-0.0003048,0.002435,0.0009308,-0.0003044,0.0024555
0.0009685,-0.0007849,0.0026888,0.0009679,-0.0007842,0.0027099
0.0008969,-0.0007433,0.0028823,0.0008963,-0.0007427,0.002904
0.0007451,-0.0007207,0.0039866,0.0007447,-0.0007201,0.0040117
0.0008527,-0.0012164,0.0026604,0.0008522,-0.0012155,0.0026811
0.0034291,-0.0018281,0.0020412,0.0034269,-0.0018268,0.0020554
0.0039559,-0.0007913,0.0020735,0.0039536,-0.0007906,0.0020874
0.00364,-0.0013932,0.002477,0.0036382,-0.0013923,0.0024925
0.0037978,-0.0017488,0.00235,0.003796,-0.0017478,0.0023643
0.003288,-0.001831,0.0022555,0.0032862,-0.0018298,0.0022707
0.0037025,-0.0013542,0.002229,0.0037005,-0.0013532,0.0022436
0.0034239,-0.0009398,0.002206,0.0034218,-0.000939,0.0022216
0.0032495,-0.0012652,0.0023439,0.0032476,-0.0012642,0.0023601
0.0033107,-0.0018189,0.0024396,0.0033091,-0.0018177,0.0024553
0.003305,-0.0022724,0.0025155,0.0033035,-0.0022712,0.0025307
0.0032417,-0.0017769,0.0026361,0.0032401,-0.0017758,0.0026527
0.0023479,-0.0013704,0.0033432,0.0023467,-0.0013696,0.0033642
0.0028805,-0.0013295,0.0034888,0.0028792,-0.0013288,0.0035095
0.0029424,-0.000774,0.0034411,0.0029411,-0.0007734,0.0034619
0.0033871,-0.000889,0.0035737,0.0033857,-0.0008886,0.003594
0.0024938,-0.0006418,0.0033866,0.0024926,-0.0006413,0.0034081
0.0024877,-0.000688,0.0038518,0.0024866,-0.0006875,0.0038748
0.0030139,-0.0003749,0.0033904,0.0030125,-0.0003745,0.003411
0.0028362,-0.0007738,0.0038727,0.0028349,-0.0007733,0.0038951
0.0034346,-0.0011667,0.0038016,0.0034332,-0.0011661,0.0038225
0.0027442,-0.0008742,0.0036214,0.002743,-0.0008736,0.0036431
0.0030771,-0.0010785,0.0038807,0.0030758,-0.0010778,0.0039026
0.0023973,-0.0008552,0.0036425,0.0023961,-0.0008546,0.0036648
0.0018172,-0.0006886,0.0032927,0.0018163,-0.000688,0.0033147
0.0024397,-0.0003088,0.0035724,0.0024385,-0.0003084,0.0035947
0.0019756,-0.0011667,0.0034516,0.0019747,-0.0011659,0.0034736
0.0025365,-0.0011147,0.003827,0.0025354,-0.001114,0.0038496
0.0023396,-0.001242,0.0041047,0.0023386,-0.0012412,0.0041283
0.0019784,-0.0010927,0.0037215,0.0019775,-0.0010919,0.0037445
0.0046467,-0.0017332,0.0013354,0.0046429,-0.0017315,0.0013434
0.0049759,-0.0017393,0.0015122,0.0049726,-0.001738,0.0015193
0.0013933,-0.0050665,0.0014505,0.0013923,-0.0050625,0.0014576
0.0010907,-0.0047181,0.0012668,0.0010898,-0.0047136,0.0012751
0.0023504,0.0021659,0.0144583,0.0023492,0.0021645,0.0145217
0.0027605,0.0021919,0.0144746,0.0027591,0.0021905,0.014538
0.0046737,0.0010799,0.0013412,0.0046699,0.0010792,0.00135
0.005169,0.0009984,0.0014883,0.0051655,0.0009979,0.0014954
-0.0049754,0.0015872,0.0014595,-0.0049716,0.0015862,0.0014667
-0.0049679,-0.0017734,0.0014924,-0.0049644,-0.0017719,0.0014993
-0.0045455,-0.001876,0.0013145,-0.0045415,-0.0018742,0.0013226
0.0012993,-0.0005999,0.0142846,0.0012987,-0.0005999,0.0143482
0.0013536,-0.0005519,0.0138091,0.0013531,-0.0005519,0.0138717
0.0009012,-0.0005439,0.0143309,0.0009008,-0.000544,0.0143947
0.0006802,-0.0003238,0.0141745,0.0006799,-0.000324,0.0142381
-0.001903,-0.0050043,0.0015521,-0.0019017,-0.0050008,0.0015588
-0.0015622,-0.0050909,0.0015139,-0.001561,-0.0050872,0.0015206
-0.0013545,-0.0042896,0.0012853,-0.0013531,-0.0042854,0.001295
-0.0023212,-0.0047217,0.0015009,-0.0023195,-0.0047182,0.0015078
0.0005619,0.0035443,0.0143997,0.0005616,0.0035422,0.0144629
0.0003001,0.0015135,0.013364,0.0003,0.0015128,0.0134256
0.0005653,0.0015534,0.013528,0.000565,0.0015525,0.0135899
0.0003761,0.0017804,0.0135822,0.0003759,0.0017794,0.0136442
0.0004113,0.0016858,0.0130876,0.0004111,0.001685,0.0131485
0.0003364,0.0022627,0.0125934,0.0003362,0.0022618,0.0126526
0.0007246,0.0023135,0.0127505,0.0007243,0.0023124,0.01281
0.0003193,0.0026998,0.0127182,0.0003192,0.0026984,0.0127774
0.0003842,0.0026591,0.0131673,0.000384,0.0026576,0.0132279
-7.8e-05,0.0026479,0.012651,-7.8e-05,0.0026466,0.0127102
0.0004045,0.0027396,0.0123213,0.0004043,0.0027383,0.0123792
0.0003028,0.0030977,0.0118993,0.0003027,0.0030961,0.0119556
0.0004998,0.0031861,0.0122208,0.0004995,0.0031843,0.0122782
0.0006292,0.0029147,0.0119719,0.0006289,0.0029132,0.0120286
0.0007359,0.0028598,0.0123619,0.0007356,0.0028583,0.0124199
0.0005197,0.0010757,0.0012446,0.0005192,0.0010746,0.0012615
0.000391,0.0015118,0.0013452,0.0003907,0.0015102,0.0013621
0.0008065,0.0011959,0.0013292,0.0008056,0.0011947,0.0013461
0.0009293,0.0016972,0.0013311,0.0009283,0.0016955,0.0013475
0.0004036,0.0018619,0.0012987,0.0004032,0.00186,0.001315
0.0003223,0.0015118,0.0015019,0.000322,0.0015104,0.0015192
1.19e-05,0.0016431,0.0014477,1.2e-05,0.0016416,0.0014648
0.0003423,0.0015439,0.0016676,0.000342,0.0015426,0.0016854
0.0002827,0.0006161,0.0013703,0.0002824,0.0006156,0.0013879
0.0002663,0.00363,0.0019007,0.0002662,0.0036275,0.0019152
0.0014168,0.0036801,0.0020695,0.0014159,0.0036779,0.0020836
0.0010529,0.0035243,0.002354,0.0010524,0.0035225,0.0023698
0.0003839,0.0035205,0.0021389,0.0003837,0.0035184,0.0021544
0.0008733,0.0034454,0.0021473,0.0008728,0.0034434,0.0021628
-7.04e-05,0.0035526,0.0021645,-7.03e-05,0.0035505,0.0021801
0.000346,0.0030235,0.0020687,0.0003458,0.0030215,0.0020852
0.0003802,0.0034532,0.0023394,0.00038,0.0034514,0.0023557
0.0014018,0.00297,0.0021067,0.0014009,0.0029682,0.0021228
0.000865,0.0029656,0.0022717,0.0008645,0.0029639,0.0022887
0.0004256,0.002963,0.00223,0.0004254,0.0029613,0.0022471
-8.26e-05,0.0030676,0.0022487,-8.25e-05,0.0030658,0.0022657
-0.0012089,-0.0031271,0.0015302,-0.0012077,-0.003124,0.0015442
-0.0010085,-0.0027828,0.0014804,-0.0010075,-0.0027798,0.0014953
-0.001057,-0.0020526,0.0013196,-0.0010558,-0.0020501,0.0013352
-0.0018328,-0.0022453,0.0014523,-0.0018309,-0.0022428,0.0014672
-0.0017406,-0.0018752,0.001585,-0.0017388,-0.0018732,0.001601
-0.0015972,-0.0024,0.001885,-0.0015958,-0.0023978,0.0019012
-0.0015151,-0.0032144,0.0016332,-0.0015137,-0.0032114,0.0016469
-0.0017193,-0.003361,0.0018143,-0.001718,-0.0033583,0.001828
-0.0018637,-0.002866,0.0018715,-0.0018622,-0.0028636,0.0018864
-0.0015821,-0.0017882,0.0014079,-0.0015804,-0.001786,0.0014236
-0.000613,-0.0014069,0.0013037,-0.0006122,-0.0014051,0.0013204
-0.0017072,-0.0013539,0.0013455,-0.0017052,-0.0013521,0.0013614
-0.0011858,-0.0006335,0.0012481,-0.0011844,-0.0006325,0.0012649
-0.0011777,-0.0019211,0.0015104,-0.0011765,-0.0019189,0.0015267
-0.0018897,-0.0009551,0.0013256,-0.0018875,-0.0009538,0.0013416
-0.0016233,-0.0013736,0.0015359,-0.0016217,-0.001372,0.0015525
-0.0017511,-0.0008691,0.0015125,-0.0017492,-0.0008679,0.0015293
-0.0017998,-0.0012772,0.00168,-0.001798,-0.0012757,0.0016968
-0.0020073,-0.0018103,0.0017625,-0.0020055,-0.0018085,0.0017787
-0.0018691,-0.0038047,0.0021756,-0.001868,-0.0038025,0.002189
-0.0015384,-0.0036763,0.0021606,-0.0015374,-0.0036739,0.0021748
-0.0011213,-0.0037155,0.0022309,-0.0011206,-0.0037131,0.0022456
-0.0007629,-0.0037925,0.0023519,-0.0007624,-0.0037902,0.002367
-0.0011639,-0.0029917,0.0021039,-0.001163,-0.0029894,0.0021199
-0.0011806,-0.003659,0.0024251,-0.0011799,-0.0036569,0.0024405
-0.0016097,-0.0033193,0.0019884,-0.0016086,-0.0033169,0.0020029
-0.0016239,-0.0031372,0.0021996,-0.0016228,-0.0031351,0.0022152
-0.0020249,-0.003245,0.0023486,-0.0020237,-0.003243,0.0023639
-0.0015032,-0.0027262,0.0021476,-0.0015021,-0.0027241,0.002164
-0.0016318,-0.0031234,0.0023749,-0.0016308,-0.0031214,0.0023911
-0.0017083,-0.0036059,0.0024466,-0.0017074,-0.0036039,0.0024617
-0.0021836,-0.0032728,0.0020965,-0.0021822,-0.0032706,0.0021106
-0.0018427,-0.0027462,0.0022862,-0.0018415,-0.0027443,0.0023026
-0.0020309,-0.0022884,0.002294,-0.0020296,-0.0022867,0.002311
-0.0019467,-0.0029544,0.0021224,-0.0019454,-0.0029523,0.0021377
-0.0020115,-0.0024673,0.0020563,-0.0020101,-0.0024654,0.0020723
-0.002464,-0.0024705,0.0019761,-0.0024622,-0.0024685,0.0019911
-0.0028984,-0.0018645,0.0018558,-0.0028962,-0.0018628,0.0018706
-0.0024861,-0.0023861,0.0021939,-0.0024844,-0.0023843,0.0022097
-0.0025891,-0.001831,0.0021007,-0.0025872,-0.0018295,0.0021169
-0.0023921,-0.0031103,0.0022465,-0.0023907,-0.0031084,0.002261
-0.0026229,-0.0034798,0.0022226,-0.0026215,-0.0034778,0.0022357
0.0050289,-0.0007499,0.0013411,0.0050249,-0.0007491,0.0013485
-0.0004118,-0.004706,0.0010208,-0.0004113,-0.0047008,0.0010288
-0.0003648,-0.0043473,0.0012128,-0.0003643,-0.0043428,0.0012228
-0.0003448,-0.0017748,0.0007121,-0.0003442,-0.0017719,0.0007269
-5.81e-05,-0.0022004,0.0009105,-5.79e-05,-0.0021972,0.0009252
-0.0010358,-0.0017183,0.0006869,-0.0010342,-0.0017155,0.0007013
-0.0002035,-0.0008649,0.0006689,-0.0002031,-0.0008633,0.0006843
-6.85e-05,-0.0017472,0.0008283,-6.84e-05,-0.0017445,0.0008435
-0.0007152,-0.0017503,0.0007878,-0.0007141,-0.0017475,0.0008027
-0.0012377,-0.0023101,0.0008842,-0.001236,-0.0023068,0.000898
0.0033318,0.0014338,0.0144108,0.00333,0.0014327,0.0144739
6.88e-05,0.0032572,0.0143613,6.87e-05,0.0032552,0.0144246
-0.0001101,0.0014064,0.0134665,-0.0001102,0.0014057,0.0135285
-0.0001552,0.0015091,0.0138263,-0.0001552,0.0015083,0.013889
-0.0004553,0.0016316,0.0132612,-0.0004552,0.0016308,0.0133225
-0.0005154,0.0020774,0.0126998,-0.0005153,0.0020766,0.0127593
-0.0001561,0.0022834,0.012803,-0.0001561,0.0022824,0.0128628
-0.0003563,0.0026936,0.0128348,-0.0003562,0.0026922,0.0128944
-0.0003483,0.0026335,0.0123727,-0.0003482,0.0026323,0.0124309
-0.0005969,0.0030685,0.0119548,-0.0005967,0.0030668,0.0120113
-0.0004235,0.0031561,0.0122254,-0.0004233,0.0031543,0.0122829
-0.000125,0.0031231,0.0120435,-0.000125,0.0031214,0.0121003
-0.0003934,0.0032089,0.012537,-0.0003933,0.003207,0.0125955
0.0018259,0.0023395,0.0015071,0.0018242,0.0023374,0.0015221
0.0014382,0.0027425,0.0015091,0.0014369,0.0027401,0.0015239
0.0019631,0.0026097,0.001651,0.0019615,0.0026076,0.0016657
0.00185,0.0021885,0.0016188,0.0018484,0.0021866,0.0016343
0.0014304,0.0021957,0.0015891,0.0014291,0.0021938,0.001605
0.0019863,0.0021091,0.0018323,0.0019848,0.0021075,0.0018484
0.0011914,0.0024642,0.0015411,0.0011903,0.002462,0.0015567
0.00156,0.0031289,0.0020174,0.001559,0.003127,0.0020326
0.0018516,0.0029641,0.0021682,0.0018505,0.0029624,0.0021839
0.0015709,0.0031187,0.0023106,0.00157,0.003117,0.0023268
0.0011427,0.0031583,0.0020124,0.0011419,0.0031563,0.002028
0.0014402,0.0035036,0.0023913,0.0014394,0.0035019,0.0024069
0.0012303,0.0028069,0.0021968,0.0012295,0.0028052,0.0022136
0.0030787,-0.0003127,0.014358,0.0030771,-0.0003129,0.0144212
0.0001008,-0.0049601,0.0013413,0.0001009,-0.0049557,0.0013493
-0.0006634,-0.0052001,0.0014866,-0.0006628,-0.0051963,0.0014936
0.0018799,0.0042503,0.0014615,0.0018784,0.0042471,0.0014713
0.0020148,0.0047327,0.0016305,0.0020135,0.0047298,0.0016386
0.002007,0.0014032,0.0011552,0.0020047,0.0014017,0.0011702
0.0020616,0.0019501,0.0011339,0.0020593,0.001948,0.0011481
0.0020611,0.0017627,0.0013797,0.002059,0.0017611,0.0013949
0.0019198,0.0012479,0.0013389,0.0019177,0.0012468,0.0013548
0.0014877,0.0013462,0.0011374,0.0014859,0.0013448,0.0011531
0.0032262,0.0002545,0.001523,0.0032233,0.0002545,0.0015374
0.0028128,-9.52e-05,0.0016433,0.0028104,-9.49e-05,0.0016591
0.0023642,0.0002741,0.0015722,0.0023619,0.000274,0.0015885
0.0024479,-6.81e-05,0.0014242,0.0024454,-6.78e-05,0.0014399
0.0022944,-0.0002833,0.0015426,0.0022922,-0.0002828,0.0015589
0.0022749,0.0004366,0.0017976,0.0022729,0.0004364,0.0018146
0.0039131,0.0003539,0.0021744,0.0039109,0.0003539,0.0021889
0.0038099,-0.0004362,0.0019992,0.0038074,-0.0004357,0.0020134
0.0036957,7.47e-05,0.0023782,0.0036938,7.48e-05,0.002394
0.0036879,8.91e-05,0.0021991,0.0036858,8.92e-05,0.0022143
0.0032213,3.07e-05,0.0021546,0.0032192,3.09e-05,0.0021708
0.0035369,0.0005907,0.0022102,0.0035348,0.0005905,0.0022259
0.0038546,-0.000347,0.0022207,0.0038525,-0.0003466,0.0022355
0.0034532,-0.0002296,0.0020168,0.0034509,-0.0002292,0.0020321
0.0032844,-0.0003376,0.0023562,0.0032825,-0.0003372,0.002373
0.0033399,-0.0005209,0.0021778,0.0033378,-0.0005204,0.0021939
0.0032859,0.0002068,0.0023508,0.003284,0.0002069,0.0023675
0.0031156,0.0006334,0.0022482,0.0031137,0.0006332,0.0022649
0.0035754,1.04e-05,0.0025767,0.0035735,1.06e-05,0.0025935
0.0031819,6.73e-05,0.0025588,0.0031802,6.75e-05,0.0025764
0.0037074,-0.0003652,0.0025976,0.0037056,-0.0003649,0.002614
0.0030822,0.0011053,0.0023329,0.0030803,0.0011048,0.0023496
0.0025084,0.0005115,0.003449,0.0025073,0.0005115,0.0034707
0.0029931,0.0005951,0.0033884,0.0029918,0.000595,0.003409
0.0031074,0.0010088,0.0034322,0.0031061,0.0010085,0.0034526
0.0035471,0.0011815,0.0035323,0.0035458,0.0011812,0.0035521
0.0025566,0.000971,0.0033824,0.0025554,0.0009708,0.0034036
0.002522,0.0010586,0.0039003,0.0025208,0.0010582,0.0039232
0.0030241,0.0014532,0.0034974,0.0030228,0.0014527,0.0035178
0.0029498,0.0010899,0.0039178,0.0029486,0.0010895,0.0039401
0.0030094,0.0005821,0.0036691,0.0030081,0.000582,0.0036907
0.0034485,0.0006384,0.0037564,0.0034471,0.0006382,0.0037775
0.0029258,0.0010557,0.0035732,0.0029246,0.0010554,0.0035943
0.002786,0.0001215,0.0036076,0.0027847,0.0001217,0.0036295
0.0029402,0.0006861,0.0038744,0.0029389,0.0006859,0.0038968
0.002083,0.0011095,0.0033594,0.002082,0.0011091,0.0033811
0.0024817,0.0015228,0.0033671,0.0024806,0.0015223,0.003388
0.0025017,0.0009427,0.0035824,0.0025006,0.0009424,0.0036043
0.0020857,0.0008207,0.0035236,0.0020847,0.0008204,0.003546
0.0026654,0.0013288,0.0035996,0.0026642,0.0013283,0.0036211
0.0026607,0.0005839,0.0036881,0.0026595,0.0005838,0.0037102
0.0020025,0.0004543,0.0033338,0.0020015,0.0004542,0.0033558
0.0025557,0.0005545,0.0038842,0.0025545,0.0005544,0.0039072
0.0025059,0.0006138,0.0041099,0.0025048,0.0006137,0.0041338
0.0020549,0.0005684,0.0038428,0.0020539,0.0005683,0.0038664
0.0024083,6.61e-05,0.0038312,0.0024071,6.63e-05,0.0038545
0.0020714,0.0006747,0.0012974,0.0020691,0.0006742,0.0013132
0.0020222,9.11e-05,0.0012773,0.00202,9.12e-05,0.0012933
0.002271,0.0001461,0.0011482,0.0022684,0.0001461,0.0011634
0.0015683,0.0002248,0.0011209,0.0015664,0.0002247,0.001137
0.0021435,0.0009851,0.0012103,0.0021411,0.0009842,0.0012256
0.0023363,-0.0002796,0.0011805,0.0023336,-0.000279,0.0011958
0.0017624,-0.0004555,0.0009603,0.0017601,-0.0004547,0.0009757
0.0014795,-0.0002153,0.0012754,0.0014779,-0.0002148,0.0012921
0.0009833,0.0001928,0.0010882,0.000982,0.0001928,0.0011047
0.0018229,-0.0003158,0.0011252,0.0018207,-0.0003152,0.001141
0.0018891,-0.0005856,0.0012531,0.0018869,-0.0005846,0.0012691
0.0019766,-0.0009586,0.0011664,0.0019743,-0.0009572,0.0011818
0.0015766,-0.0008999,0.0011321,0.0015747,-0.0008986,0.0011479
0.0013927,-0.0007654,0.0010161,0.0013909,-0.0007641,0.0010319
0.0035027,-0.000707,0.0019476,0.0035003,-0.0007063,0.0019623
0.0039329,-0.000977,0.0022662,0.0039309,-0.0009763,0.0022806
0.0037186,-0.0007232,0.0023687,0.0037167,-0.0007227,0.0023842
-0.0014918,0.0031953,0.0020101,-0.0014907,0.0031932,0.0020252
-0.0014969,0.0034915,0.0020909,-0.0014959,0.0034895,0.0021054
-0.0009354,0.004206,0.0022275,-0.0009348,0.004204,0.002241
-0.0012177,0.0035945,0.0024769,-0.001217,0.0035929,0.0024927
-0.0016758,0.0036354,0.0022498,-0.0016748,0.0036336,0.0022643
-0.0012643,0.003593,0.002318,-0.0012635,0.0035912,0.0023332
-0.0014716,0.0032951,0.002172,-0.0014706,0.0032933,0.0021874
-0.0006439,0.003058,0.0021127,-0.0006434,0.0030561,0.0021292
-0.001287,0.0039901,0.0023446,-0.0012863,0.0039883,0.0023588
-0.0016496,0.0029834,0.0023436,-0.0016485,0.0029818,0.00236
-0.0016271,0.0030545,0.0025115,-0.0016262,0.003053,0.0025284
-0.002029,0.0038909,0.0013651,-0.0020271,0.0038876,0.0013756
-0.0015785,0.0039049,0.0013257,-0.0015769,0.0039015,0.0013367
-0.0021407,0.0037284,0.0015043,-0.0021388,0.0037255,0.0015155
-0.0006747,0.0016963,0.0010231,-0.0006737,0.0016943,0.0010388
-0.0012679,0.0017166,0.0013736,-0.0012665,0.0017149,0.0013898
-0.0018591,0.0018156,0.0012329,-0.0018569,0.0018138,0.001248
-0.0013014,0.0017967,0.0012173,-0.0012998,0.0017948,0.0012329
-0.0017367,0.0017996,0.0013779,-0.0017348,0.0017979,0.0013935
-0.0016205,0.0009264,0.0010944,-0.0016184,0.0009254,0.0011102
-0.0018944,0.000637,0.0011755,-0.0018921,0.0006364,0.0011913
-0.0020152,0.0014399,0.0013145,-0.0020129,0.0014385,0.00133
-0.0020944,0.0043716,0.0015063,-0.0020927,0.0043685,0.0015153
-0.0028007,0.0038225,0.0014889,-0.0027984,0.0038197,0.0014984
-0.0034387,0.0038717,0.0016371,-0.0034364,0.0038693,0.0016451
-0.0031379,0.0036791,0.0016421,-0.0031357,0.0036767,0.0016517
-0.0033557,0.0032742,0.001454,-0.0033529,0.0032717,0.0014636
-0.004362,0.0027251,0.0016073,-0.004359,0.0027235,0.0016152
-0.0039225,0.0027619,0.0014934,-0.0039193,0.00276,0.0015027
-0.00424,0.0027241,0.0017317,-0.0042372,0.0027227,0.0017405
-0.0047473,0.002176,0.0016682,-0.0047443,0.0021749,0.0016759
-0.0025076,0.0018906,0.0016323,-0.0025053,0.0018891,0.0016473
-0.0017627,0.0010956,0.0015076,-0.0017608,0.0010947,0.0015243
-0.0022509,0.0023789,0.0017043,-0.0022489,0.0023771,0.0017192
-0.0026218,0.0015564,0.001514,-0.0026192,0.0015551,0.0015289
-0.0026775,0.0015357,0.0018094,-0.0026753,0.0015346,0.001825
-0.0026325,0.000893,0.0015089,-0.0026299,0.0008923,0.0015244
-0.0026236,0.0024592,0.001987,-0.0026218,0.0024577,0.0020018
-0.002155,0.0021972,0.0018014,-0.0021531,0.0021956,0.001817
-0.0022969,0.0024079,0.0019536,-0.0022952,0.0024063,0.0019691
-0.002103,0.0027384,0.0018949,-0.0021013,0.0027365,0.0019099
-0.0021228,0.0026221,0.0023573,-0.0021215,0.0026207,0.0023739
-0.0021506,0.0021634,0.0020528,-0.002149,0.0021621,0.0020692
-0.0016615,0.0021919,0.0019951,-0.0016602,0.0021904,0.0020121
-0.0021292,0.0021041,0.0022775,-0.0021277,0.002103,0.0022947
-0.0024605,0.0026949,0.0020648,-0.0024589,0.0026933,0.0020798
-0.0026134,0.0026629,0.0022344,-0.0026117,0.0026615,0.0022497
-0.0021727,0.002659,0.0021308,-0.0021712,0.0026574,0.0021466
-0.0026257,0.0025993,0.0024386,-0.0026242,0.0025981,0.0024546
-0.0026318,0.0021246,0.0023633,-0.0026301,0.0021235,0.0023799
-0.003512,0.0012541,0.0020182,-0.0035096,0.0012534,0.0020327
-0.0029913,0.0015207,0.0023762,-0.0029894,0.00152,0.0023928
-0.0035259,0.0016033,0.0022849,-0.0035238,0.0016026,0.0022999
-0.0031729,0.0016666,0.0021701,-0.0031708,0.0016658,0.0021856
-0.0035,0.0011979,0.0022179,-0.0034978,0.0011974,0.0022332
-0.0036932,0.0014918,0.0024402,-0.0036913,0.0014912,0.0024553
-0.0033151,0.0008574,0.0020654,-0.0033128,0.000857,0.0020809
-0.0039834,0.0011009,0.0023218,-0.0039813,0.0011005,0.0023362
-0.0035491,0.0006136,0.0022366,-0.0035469,0.0006134,0.0022521
-0.0033897,0.0009825,0.0023976,-0.0033878,0.0009821,0.0024139
-0.0030131,0.001092,0.0023241,-0.0030111,0.0010915,0.002341
-0.0026387,0.0016797,0.0022801,-0.002637,0.0016788,0.002297
-0.0033899,0.0016543,0.0025382,-0.0033881,0.0016537,0.0025543
-0.0035447,0.0014679,0.0027259,-0.003543,0.0014674,0.0027425
-0.0034328,0.0011063,0.0026287,-0.003431,0.0011059,0.0026455
-0.0039283,0.0011768,0.0027714,-0.0039266,0.0011765,0.0027874
-0.0033844,0.0006682,0.0026,-0.0033825,0.0006681,0.0026172
-0.00362,0.0009582,0.00281,-0.0036183,0.000958,0.0028271
-0.0028499,0.0003982,0.0033981,-0.0028486,0.0003982,0.0034191
-0.0023391,0.0004957,0.003336,-0.0023379,0.0004956,0.0033575
-0.0019161,0.0004128,0.0032297,-0.0019151,0.0004128,0.0032515
-0.0019496,0.0009644,0.0033253,-0.0019486,0.000964,0.0033473
-0.0018619,0.0010353,0.0038025,-0.0018609,0.0010349,0.0038259
-0.0017597,-2.54e-05,0.0032003,-0.0017588,-2.52e-05,0.0032223
-0.0019893,0.00074,0.0037483,-0.0019883,0.0007398,0.0037716
-0.0018386,0.0006312,0.0039844,-0.0018377,0.0006311,0.0040086
-0.0028449,0.0009656,0.0034382,-0.0028436,0.0009654,0.0034591
-0.0024938,0.0014551,0.0034537,-0.0024927,0.0014546,0.0034748
-0.0024689,0.0018943,0.0034251,-0.0024678,0.0018937,0.0034457
-0.0023066,0.0010875,0.0038732,-0.0023055,0.0010871,0.0038963
-0.0023673,0.0006449,0.0036253,-0.0023661,0.0006448,0.0036478
-0.0019639,0.0006157,0.0035194,-0.0019629,0.0006155,0.003542
-0.0014734,0.0003858,0.0034629,-0.0014726,0.0003857,0.0034859
-0.0025702,0.0010492,0.0035451,-0.002569,0.0010488,0.0035668
-0.0024109,0.0007609,0.0038363,-0.0024098,0.0007607,0.0038594
-0.0028515,0.0018112,0.0034911,-0.0028503,0.0018106,0.0035114
-0.0027497,0.0011261,0.0039144,-0.0027484,0.0011257,0.0039369
-0.0028947,0.0009842,0.0036855,-0.0028934,0.0009839,0.0037071
-0.0018465,0.0009664,0.0035547,-0.0018455,0.0009661,0.0035774
-0.0028052,0.0013574,0.0036349,-0.0028041,0.001357,0.0036562
-0.0026822,0.0007695,0.0037386,-0.0026809,0.0007693,0.0037608
-0.0028022,0.0005159,0.0039476,-0.0028009,0.0005159,0.0039705
-0.0027076,1.56e-05,0.0038504,-0.0027063,1.58e-05,0.0038731
-0.0029534,0.0007448,0.0041826,-0.0029521,0.0007447,0.004206
-0.0048895,0.001677,0.0016277,-0.0048862,0.0016761,0.0016356
-0.0042771,0.0016682,0.0013906,-0.0042734,0.001667,0.0014003
-0.0048014,0.0011085,0.0015128,-0.0047978,0.0011079,0.0015215
-0.0043654,0.0011098,0.0014166,-0.0043616,0.0011091,0.0014267
-0.0049813,0.0008809,0.0018543,-0.0049785,0.0008806,0.0018634
-0.0046518,0.0009812,0.0016496,-0.0046485,0.0009807,0.0016594
-0.0010208,0.0001868,0.0010108,-0.0010194,0.0001867,0.0010271
-0.0014862,5e-07,0.0012677,-0.0014844,7e-07,0.0012844
-0.0012775,0.0001128,0.0011144,-0.0012758,0.0001129,0.0011309
-0.0006676,8.44e-05,0.0010904,-0.0006666,8.45e-05,0.0011072
-0.0014499,-0.000204,0.0011533,-0.0014481,-0.0002035,0.0011696
-0.0018985,0.0004954,0.0013304,-0.0018963,0.0004951,0.0013467
-0.0018117,-1.17e-05,0.0010643,-0.0018094,-1.15e-05,0.00108
-0.0016874,-0.0004793,0.0012675,-0.0016854,-0.0004785,0.0012838
-0.0019145,-0.0002811,0.0011699,-0.0019121,-0.0002805,0.0011858
-0.0024172,0.0002686,0.0013551,-0.0024145,0.0002685,0.0013707
-0.0017076,0.0002001,0.001478,-0.0017057,0.0002001,0.0014951
-0.0021926,-0.0004235,0.0015954,-0.0021904,-0.0004229,0.001612
-0.0019232,6.52e-05,0.0016513,-0.0019212,6.54e-05,0.0016686
-0.0026325,0.0005801,0.001435,-0.0026298,0.0005797,0.0014504
-0.0028135,5.31e-05,0.0022074,-0.0028115,5.33e-05,0.0022248
-0.0029684,2.89e-05,0.0020092,-0.0029661,2.91e-05,0.0020257
-0.0025017,0.0002846,0.0019919,-0.0024997,0.0002846,0.0020093
-0.0030941,-0.0002839,0.0021254,-0.003092,-0.0002835,0.0021418
-0.0034533,-2.02e-05,0.002045,-0.0034508,-1.99e-05,0.0020604
-0.003664,-0.0007416,0.0020224,-0.0036616,-0.0007408,0.0020369
-0.0034748,-0.0005175,0.0023183,-0.0034727,-0.000517,0.0023344
-0.0035406,-0.0002343,0.0022077,-0.0035384,-0.000234,0.0022233
-0.0032836,0.0001723,0.0021968,-0.0032813,0.0001723,0.0022131
-0.0047354,-3.88e-05,0.001462,-0.0047316,-3.85e-05,0.0014713
-0.0050869,0.0004128,0.0018409,-0.0050841,0.0004128,0.0018498
-0.0038612,9.35e-05,0.0026541,-0.0038594,9.36e-05,0.0026703
-0.0038202,0.0005661,0.002721,-0.0038184,0.000566,0.0027375
-0.0034458,0.000167,0.0025565,-0.0034439,0.0001671,0.0025735
-0.0039903,-0.0002303,0.0027539,-0.0039886,-0.00023,0.0027701
-0.0036097,9.2e-06,0.0028288,-0.003608,9.4e-06,0.0028463
-0.0026143,-0.0007432,0.0019758,-0.0026122,-0.0007424,0.0019926
-0.0030534,-0.0006263,0.0023017,-0.0030514,-0.0006257,0.0023187
-0.0035404,-0.0008027,0.0024571,-0.0035385,-0.000802,0.0024733
-0.0034461,-0.0007845,0.0026653,-0.0034443,-0.0007839,0.0026823
-0.0051087,-0.0012018,0.0016733,-0.0051055,-0.0012009,0.0016809
-0.0048096,-0.0010756,0.001545,-0.0048061,-0.0010746,0.0015538
-0.00486,-0.0016739,0.0016399,-0.0048568,-0.0016726,0.0016479
-0.004407,-0.0017655,0.0014735,-0.0044034,-0.0017639,0.0014828
-0.0019078,-0.0020594,0.0010969,-0.0019054,-0.0020568,0.0011109
-0.001058,-0.0020933,0.0010309,-0.0010566,-0.0020904,0.0010457
-0.001202,-0.0021306,0.0011866,-0.0012005,-0.0021279,0.0012016
-0.0016859,-0.0017032,0.0010654,-0.0016837,-0.0017008,0.0010801
-0.0017782,-0.0014653,0.0011835,-0.001776,-0.0014633,0.0011987
-0.0030996,-0.0018937,0.002211,-0.0030977,-0.0018923,0.0022264
-0.0038658,-0.001326,0.0020812,-0.0038634,-0.0013249,0.0020948
-0.0035262,-0.0015254,0.0020821,-0.003524,-0.0015243,0.0020965
-0.0036241,-0.0013341,0.0022529,-0.003622,-0.0013331,0.0022677
-0.000591,-0.0009567,0.0010978,-0.0005902,-0.0009553,0.0011144
-0.004646,-0.0022376,0.0016733,-0.004643,-0.002236,0.0016813
-0.0041032,-0.0032407,0.0016752,-0.0041006,-0.0032385,0.0016829
-0.0040832,-0.0030722,0.0018028,-0.0040808,-0.0030702,0.0018114
-0.0035437,-0.0038389,0.0016765,-0.0035414,-0.0038364,0.0016842
-0.0030964,-0.0040652,0.0016202,-0.0030942,-0.0040624,0.0016283
0.0006071,-0.0030596,0.0140855,0.0006068,-0.0030584,0.0141479
-0.0018218,-0.003088,0.0136426,-0.0018209,-0.0030866,0.0137038
-0.0018784,-0.0018449,0.0127737,-0.0018776,-0.0018444,0.012833
-0.0015081,-0.0017489,0.0127162,-0.0015077,-0.0017486,0.0127755
-0.0014738,-0.0022539,0.0131542,-0.0014732,-0.0022531,0.0132145
-0.0010648,-0.001775,0.0127758,-0.0010645,-0.0017746,0.0128354
-0.0014012,-0.0013177,0.0125958,-0.001401,-0.0013176,0.0126551
-0.0019374,-0.0023473,0.0128364,-0.0019365,-0.0023463,0.0128956
-0.0020252,-0.0021079,0.0122897,-0.0020244,-0.0021072,0.0123472
-0.0013422,-0.0028297,0.0119648,-0.0013416,-0.0028285,0.0120211
-0.0016276,-0.0025397,0.0119469,-0.001627,-0.0025387,0.0120032
-0.0012379,-0.0024456,0.0118362,-0.0012375,-0.0024449,0.0118922
-0.0014628,-0.0021773,0.0120735,-0.0014624,-0.0021767,0.0121304
-0.0016687,-0.0025103,0.0123399,-0.001668,-0.0025093,0.0123975
-0.0012535,-0.0029014,0.0122511,-0.001253,-0.0029001,0.0123083
-0.0018969,-0.002414,0.0124526,-0.001896,-0.002413,0.0125106
-0.0018536,-0.0027142,0.0118039,-0.0018528,-0.002713,0.0118595
-0.0017717,-0.0030808,0.0140337,-0.0017708,-0.0030794,0.0140959
-0.0014626,-0.0030877,0.0140826,-0.0014619,-0.0030864,0.0141449
-0.0012876,-0.0011162,0.013792,-0.0012872,-0.001116,0.0138544
-0.0010327,-0.0012634,0.0132805,-0.0010324,-0.0012633,0.0133417
-0.0004683,-0.001649,0.0126875,-0.0004683,-0.0016489,0.0127471
-0.0008577,-0.0014188,0.0126544,-0.0008576,-0.0014188,0.012714
-0.001265,-0.0015268,0.0127806,-0.0012647,-0.0015266,0.0128403
-0.0010416,-0.0017417,0.0131791,-0.0010413,-0.0017413,0.0132399
-0.0011978,-0.0014526,0.01309,-0.0011975,-0.0014523,0.0131507
-0.0011167,-0.0023592,0.0128685,-0.0011163,-0.0023584,0.0129281
-0.0011781,-0.0020625,0.0123959,-0.0011778,-0.0020621,0.0124542
-0.0015482,-0.0013486,0.0128506,-0.0015477,-0.0013484,0.0129105
-0.0015072,-0.0009884,0.0127974,-0.0015069,-0.0009883,0.0128573
-0.001545,-0.0015015,0.0131763,-0.0015444,-0.0015011,0.013237
-0.0012182,-0.0009244,0.0126323,-0.001218,-0.0009245,0.0126919
-0.0013482,-0.0006401,0.0128,-0.001348,-0.0006402,0.0128601
-0.0017155,-0.0012517,0.0125632,-0.0017151,-0.0012515,0.0126222
-0.0015459,-0.0017578,0.0120008,-0.0015456,-0.0017575,0.0120577
-0.0016124,-0.0021956,0.0124556,-0.0016119,-0.0021949,0.0125138
-0.0011914,-0.0018528,0.0120254,-0.0011912,-0.0018526,0.0120824
-0.0020637,-0.001828,0.0120661,-0.002063,-0.0018274,0.0121229
-0.001632,-0.0013912,0.0120633,-0.0016317,-0.0013911,0.0121204
-0.0018308,-0.0017603,0.0123434,-0.0018302,-0.0017599,0.0124014
-0.0018503,-0.0023257,0.0121047,-0.0018496,-0.0023248,0.0121616
-0.0023936,-0.0021569,0.0124073,-0.0023925,-0.002156,0.0124651
-0.0019539,-0.0022852,0.0116476,-0.0019531,-0.0022844,0.0117027
-0.0030272,-0.0018594,0.0140458,-0.0030256,-0.0018587,0.014108
-0.002594,-0.0017674,0.0139156,-0.0025927,-0.0017667,0.0139776
-0.0010816,0.0002174,0.01417,-0.0010813,0.000217,0.0142334
-0.0007675,0.0004596,0.0141487,-0.0007673,0.0004591,0.0142122
-0.0004484,0.0005036,0.0141994,-0.0004483,0.0005031,0.0142631
-0.0007245,-0.0003439,0.0142184,-0.0007243,-0.0003441,0.014282
-0.0008755,-5.8e-06,0.0146722,-0.0008752,-6.1e-06,0.0147367
-0.0002833,9.03e-05,0.0145347,-0.0002833,9e-05,0.014599
-0.0008385,-0.0002759,0.0144963,-0.0008382,-0.000276,0.0145604
-0.0010536,-0.0001458,0.0142598,-0.0010533,-0.000146,0.0143234
-0.0011905,-0.0002658,0.0146087,-0.0011901,-0.000266,0.014673
-0.0014674,0.0001016,0.0127891,-0.0014671,0.0001014,0.0128492
-0.0013874,0.0004671,0.0126354,-0.0013872,0.0004668,0.0126951
-0.0015104,0.0009154,0.0126798,-0.0015101,0.000915,0.0127395
-0.0016874,0.0003989,0.0128394,-0.0016871,0.0003985,0.0128996
-0.0015875,-0.0003258,0.0127214,-0.0015872,-0.0003259,0.0127812
-0.001944,0.0001037,0.0124613,-0.0019436,0.0001035,0.0125201
-0.0026405,0.0001037,0.0120648,-0.0026396,0.0001035,0.0121218
-0.0022854,5.36e-05,0.0123152,-0.0022849,5.34e-05,0.0123733
-0.0024002,-0.0002137,0.012504,-0.0023995,-0.0002138,0.0125627
-0.0027127,0.000777,0.0118499,-0.0027117,0.0007765,0.011906
-0.0027148,0.0005261,0.0123792,-0.0027137,0.0005257,0.0124373
-0.0031673,0.0007696,0.0139321,-0.0031657,0.0007689,0.0139942
-0.0028301,0.0007635,0.0141214,-0.0028287,0.0007628,0.0141842
-0.0035236,0.0007396,0.0137697,-0.0035217,0.000739,0.0138314
-0.0029512,0.0015289,0.0139303,-0.0029497,0.0015278,0.0139925
-0.0025701,0.0016902,0.0118598,-0.002569,0.0016892,0.0119159
-0.0027443,0.0017954,0.0121727,-0.0027429,0.0017943,0.0122299
-0.0021746,0.0016485,0.0118925,-0.0021739,0.0016477,0.0119489
-0.0023926,0.0020398,0.0119275,-0.0023915,0.0020386,0.0119839
-0.0019729,0.0020118,0.0119703,-0.0019722,0.0020109,0.012027
-0.0024735,0.0025102,0.0120537,-0.0024723,0.0025087,0.0121104
-0.0026606,0.0022075,0.0123356,-0.0026592,0.0022061,0.0123933
-0.0019973,0.0015355,0.0121953,-0.0019967,0.0015348,0.0122529
-0.0026628,0.0016724,0.0124494,-0.0026616,0.0016714,0.0125075
-0.0027091,0.0022941,0.0140825,-0.0027077,0.0022926,0.014145
0.0030086,-0.0026324,0.0021879,0.003007,-0.0026306,0.002202
0.0034217,-0.0023933,0.0021468,0.0034198,-0.0023918,0.0021603
0.0028007,-0.0023718,0.0019982,0.0027988,-0.00237,0.0020129
0.0027049,-0.0022533,0.002393,0.0027034,-0.0022518,0.0024093
0.0027158,-0.0028937,0.0022957,0.0027144,-0.0028919,0.0023104
0.0023017,-0.0027315,0.0022379,0.0023004,-0.0027296,0.0022535
0.0026739,-0.0023605,0.0022057,0.0026723,-0.0023588,0.0022212
0.0022918,-0.0021302,0.0022783,0.0022904,-0.0021286,0.002295
0.0022424,-0.0022282,0.0020961,0.0022408,-0.0022265,0.0021123
0.0032897,-0.0022913,0.0023046,0.0032879,-0.0022899,0.0023192
0.0022414,-0.0016731,0.0020192,0.0022397,-0.0016717,0.0020359
0.0023553,-0.0030335,0.0021287,0.0023539,-0.0030314,0.0021432
0.0021484,-0.0033593,0.0024352,0.0021474,-0.0033573,0.0024502
0.0020599,-0.003189,0.0022497,0.0020588,-0.0031869,0.0022647
0.0022542,-0.0024823,0.0023909,0.002253,-0.0024806,0.0024075
0.0027398,0.00177,0.014043,0.0027383,0.0017688,0.0141055
0.0027342,0.0017863,0.0135548,0.0027327,0.0017851,0.0136162
0.0016995,0.0014699,0.0127322,0.0016989,0.0014691,0.0127917
0.0021088,0.0015039,0.0127299,0.0021079,0.001503,0.0127893
0.0022707,0.0017669,0.0128992,0.0022695,0.0017658,0.0129589
0.0020449,0.0019644,0.0126147,0.0020439,0.0019633,0.0126736
0.0016454,0.0018792,0.0127267,0.0016447,0.0018782,0.0127861
0.0019574,0.0019969,0.0129839,0.0019564,0.0019957,0.0130439
0.0020884,0.0015956,0.0130754,0.0020874,0.0015946,0.0131357
0.0014541,0.0015417,0.0130274,0.0014535,0.0015408,0.0130879
0.0016659,0.0018897,0.0123665,0.0016653,0.0018888,0.0124247
0.001765,0.0016655,0.0132188,0.0017642,0.0016645,0.0132796
0.0045342,0.0016075,0.0014636,0.0045307,0.0016064,0.0014728
0.0031135,0.001193,0.0015981,0.0031108,0.0011922,0.0016126
0.0022896,0.0015617,0.0015597,0.0022874,0.0015605,0.0015753
0.0023434,0.0017303,0.0018474,0.0023415,0.0017291,0.0018636
0.0026927,0.0009843,0.001466,0.0026901,0.0009835,0.001481
0.0034446,0.0013365,0.0020672,0.0034424,0.0013359,0.0020821
0.003709,0.0016662,0.0024123,0.0037072,0.0016656,0.0024273
0.0036623,0.0011829,0.002237,0.0036603,0.0011825,0.0022519
0.0032549,0.001111,0.0022062,0.0032529,0.0011105,0.0022222
0.0033259,0.0015639,0.0022212,0.003324,0.0015632,0.0022365
0.003215,0.0015454,0.0024014,0.0032132,0.0015447,0.0024176
0.0034406,0.0009606,0.0020662,0.0034383,0.0009602,0.0020814
0.0001253,-0.0049724,0.0015199,0.0001253,-0.0049685,0.0015284
0.0001641,-0.0045416,0.00134,0.0001641,-0.0045373,0.0013497
0.0007457,-0.0044812,0.0013425,0.0007451,-0.004477,0.0013522
0.0007331,-0.0023085,0.0011207,0.0007323,-0.0023055,0.0011356
0.0010235,-0.0019986,0.0013489,0.0010224,-0.0019962,0.0013648
0.0005514,-0.0013245,0.001286,0.0005508,-0.0013228,0.0013028
0.00045,-0.0015047,0.0011307,0.0004495,-0.0015026,0.0011469
-7.6e-05,-0.0014695,0.0011261,-7.59e-05,-0.0014674,0.0011424
0.0005857,-0.0009414,0.0011155,0.000585,-0.0009399,0.001132
0.0008464,-0.0017713,0.0011012,0.0008454,-0.0017688,0.0011168
0.0004748,-0.0019599,0.0013366,0.0004744,-0.0019575,0.0013528
-7.44e-05,-0.0019083,0.0013384,-7.42e-05,-0.001906,0.0013548
0.0004813,-0.001909,0.0015195,0.0004808,-0.0019068,0.0015363
0.0001509,-0.0022041,0.0014602,0.0001508,-0.0022015,0.0014765
0.0003736,-0.002502,0.0017484,0.0003734,-0.0024996,0.001765
0.0006761,-0.0032245,0.0015756,0.0006756,-0.0032214,0.0015899
0.000455,-0.003356,0.0017272,0.0004546,-0.003353,0.0017417
0.000535,-0.0037603,0.002174,0.0005347,-0.0037578,0.0021888
0.0011549,-0.0037827,0.0020511,0.0011543,-0.0037801,0.002065
0.0008669,-0.0036702,0.0020965,0.0008664,-0.0036677,0.0021111
0.0009865,-0.0038066,0.0022652,0.000986,-0.0038042,0.0022798
0.001451,-0.0037614,0.0022679,0.0014503,-0.0037591,0.0022823
0.0006531,-0.0035617,0.0019345,0.0006527,-0.003559,0.0019491
0.0004205,-0.0031983,0.0023141,0.0004204,-0.0031961,0.0023308
0.0002048,-0.0034336,0.0021099,0.0002047,-0.0034311,0.0021255
-0.0001384,-0.0029243,0.0020099,-0.0001382,-0.0029219,0.0020264
0.00046,-0.0028569,0.0021158,0.0004598,-0.0028547,0.0021327
0.0004766,-0.0036522,0.0023528,0.0004764,-0.0036499,0.0023684
0.0008497,-0.0030891,0.0034373,0.0008493,-0.0030876,0.0034577
0.0014087,-0.0024953,0.0033714,0.001408,-0.0024939,0.0033922
0.0016861,-0.0025523,0.0036408,0.0016854,-0.002551,0.0036622
0.0017469,-0.0028726,0.0038836,0.0017462,-0.0028712,0.0039052
0.0006066,-0.0025071,0.0033844,0.0006063,-0.0025057,0.0034057
0.0013647,-0.0020424,0.0033341,0.001364,-0.0020412,0.0033555
0.0014218,-0.002452,0.0038345,0.0014213,-0.0024507,0.0038569
0.0013759,-0.0029921,0.0037221,0.0013754,-0.0029907,0.0037433
0.0017355,-0.0029497,0.003664,0.0017349,-0.0029483,0.0036847
0.0009463,-0.0028787,0.0036109,0.0009459,-0.0028772,0.0036322
0.0012348,-0.0020128,0.0035142,0.0012342,-0.0020116,0.0035363
0.001413,-0.0029961,0.0039907,0.0014124,-0.0029946,0.0040128
0.0010454,-0.0026532,0.0033678,0.0010449,-0.0026517,0.0033886
0.0008729,-0.0019587,0.0032767,0.0008725,-0.0019575,0.0032984
0.0009231,-0.00238,0.0038095,0.0009226,-0.0023787,0.0038322
0.0009053,-0.002427,0.0041017,0.0009049,-0.0024257,0.0041254
0.0004689,-0.0020388,0.0033005,0.0004687,-0.0020376,0.0033223
0.0009705,-0.0020788,0.0036809,0.0009701,-0.0020776,0.0037036
0.0008131,-0.0024176,0.0035954,0.0008127,-0.0024163,0.0036175
0.0013545,-0.002722,0.0035542,0.0013539,-0.0027206,0.0035753
0.0003987,-0.0022387,0.0035474,0.0003985,-0.0022375,0.0035697
0.0008552,-0.0020077,0.0034961,0.0008549,-0.0020065,0.0035185
0.0009786,-0.0016511,0.0034967,0.0009781,-0.00165,0.0035193
0.0007577,-0.0030467,0.0038988,0.0007574,-0.0030452,0.003921
0.0003953,-0.0027846,0.0038218,0.0003951,-0.0027832,0.0038442
0.0007702,-0.0028241,0.004147,0.0007699,-0.0028226,0.0041703
-0.0004367,-0.0019451,0.0010116,-0.0004361,-0.0019424,0.0010269
3.76e-05,-0.0013175,0.0013053,3.76e-05,-0.0013157,0.0013222
-0.0001552,-0.0020086,0.0011679,-0.000155,-0.002006,0.0011836
-0.0005916,-0.0018989,0.0013393,-0.000591,-0.0018965,0.0013555
-0.0005841,-0.0028735,0.0014439,-0.0005835,-0.0028704,0.0014587
-9.53e-05,-0.0034091,0.0017404,-9.51e-05,-0.0034061,0.001755
-0.0004206,-0.0032766,0.0015877,-0.0004201,-0.0032735,0.0016021
-0.0006277,-0.0037562,0.0019925,-0.0006272,-0.0037534,0.0020066
-0.0002021,-0.0037046,0.0020063,-0.0002019,-0.0037019,0.0020208
-7.17e-05,-0.0030294,0.0022303,-7.16e-05,-0.0030272,0.0022472
-0.0001245,-0.0038009,0.0022203,-0.0001244,-0.0037985,0.0022351
-0.000511,-0.0026982,0.0019871,-0.0005106,-0.0026959,0.0020038
-0.0004993,-0.0031508,0.0022807,-0.0004988,-0.0031486,0.0022974
-0.0004481,-0.0036139,0.0024634,-0.0004478,-0.0036118,0.0024795
0.0018908,-0.0044482,0.0014817,0.0018894,-0.0044446,0.0014907
0.0017312,-0.0037139,0.0021414,0.0017303,-0.0037115,0.0021552
0.0016906,-0.0032153,0.0023337,0.0016897,-0.0032132,0.0023494
0.0020406,-0.0039339,0.0024087,0.0020397,-0.0039319,0.0024222
0.0019142,-0.0036435,0.0025605,0.0019134,-0.0036416,0.0025755
0.0013903,0.0042315,0.0013755,0.0013891,0.004228,0.0013858
0.0007727,0.0050928,0.0017949,0.0007723,0.0050902,0.0018034
0.0012375,0.0045756,0.0016503,0.0012367,0.0045726,0.0016602
-0.0031005,-0.0039102,0.0017955,-0.0030986,-0.0039077,0.0018046
0.0028383,0.0041285,0.0018555,0.0028367,0.0041264,0.0018649
-0.0004884,0.0045545,0.0017755,-0.000488,0.0045518,0.0017865
-0.0005568,0.0031726,0.0019156,-0.0005564,0.0031704,0.0019312
-0.0002874,0.0032592,0.0019345,-0.0002871,0.003257,0.0019501
-0.0001597,0.0036016,0.0019687,-0.0001595,0.0035992,0.0019835
-9.27e-05,0.0034428,0.0023283,-9.26e-05,0.003441,0.0023447
-0.0001234,0.0030861,0.0020465,-0.0001232,0.0030841,0.0020628
-0.0004692,0.0034747,0.0020022,-0.0004688,0.0034725,0.0020173
-0.0005341,0.0035252,0.0021554,-0.0005337,0.0035232,0.0021708
-0.0005325,0.0035233,0.002346,-0.0005321,0.0035215,0.0023621
-0.0004794,0.0032238,0.00203,-0.000479,0.0032217,0.0020459
0.0044166,0.0015617,0.0016594,0.0044136,0.0015608,0.0016696
0.0048329,0.0016048,0.0018465,0.0048304,0.0016041,0.0018556
0.0034558,-0.0040022,0.0014961,0.0034533,-0.0039991,0.001503
0.0033742,-0.0038616,0.0016402,0.003372,-0.0038588,0.0016483
0.0017699,-0.0047692,0.0018579,0.001769,-0.0047663,0.0018669
0.0019279,-0.0023562,0.0018631,0.0019264,-0.0023541,0.0018789
0.0019427,-0.0022505,0.0022026,0.0019414,-0.0022487,0.0022195
0.0019525,-0.0028877,0.0023472,0.0019514,-0.0028857,0.0023633
0.0018833,-0.0028572,0.0021475,0.0018821,-0.0028551,0.0021632
0.0014677,-0.0027883,0.0021534,0.0014668,-0.0027861,0.0021698
0.0017964,-0.0024214,0.0020389,0.0017951,-0.0024194,0.0020552
0.0013372,-0.0023543,0.0021733,0.0013363,-0.0023524,0.0021907
0.001605,-0.0029302,0.002418,0.0016041,-0.0029282,0.0024346
0.0012283,-0.0023111,0.0019526,0.0012274,-0.002309,0.0019695
0.001266,-0.0031336,0.0023322,0.0012653,-0.0031314,0.0023485
0.0012972,-0.0035677,0.0026775,0.0012966,-0.0035658,0.0026939
0.0011176,-0.0034386,0.0024947,0.0011171,-0.0034366,0.002511
0.0008441,-0.0032277,0.0023353,0.0008436,-0.0032255,0.0023518
0.0009194,-0.0037006,0.0026498,0.000919,-0.0036986,0.0026661
0.0013747,-0.0037304,0.0028952,0.0013742,-0.0037287,0.0029119
0.0027882,-0.0042222,0.0018433,0.0027867,-0.0042196,0.0018523
0.0030279,0.0011248,0.0140509,0.0030263,0.0011239,0.0141133
0.0033691,0.0011668,0.0140274,0.0033672,0.0011659,0.0140897
0.0008732,0.0032207,0.0137575,0.0008727,0.0032187,0.0138194
0.0009483,0.0034709,0.0137519,0.0009477,0.0034687,0.0138137
-0.0010734,-0.0054134,0.0011478,-0.0010723,-0.0054085,0.0011527
-0.0005074,-0.0053997,0.0011616,-0.0005068,-0.0053947,0.001167
0.002452,0.0021437,0.0019428,0.0024502,0.0021423,0.0019584
0.002804,0.0018681,0.0019104,0.002802,0.0018669,0.0019257
0.0029325,0.00226,0.0020129,0.0029305,0.0022587,0.0020275
0.0021112,0.0025417,0.0018571,0.0021096,0.00254,0.0018724
0.0027897,0.0025459,0.0024703,0.0027883,0.0025449,0.0024862
0.0027725,0.0020646,0.0021253,0.0027708,0.0020635,0.002141
0.0021527,0.0018602,0.0020105,0.0021511,0.001859,0.0020273
0.0027905,0.0020793,0.0023508,0.0027889,0.0020783,0.0023671
0.0024312,0.0025154,0.0020025,0.0024296,0.0025138,0.0020176
0.0022552,0.002697,0.0021517,0.0022538,0.0026955,0.0021673
0.0019643,0.0024504,0.0022946,0.0019631,0.002449,0.0023115
0.0024227,0.0022189,0.0020961,0.0024211,0.0022176,0.0021121
0.0021316,0.0019869,0.0022676,0.0021303,0.0019858,0.0022849
0.0021285,0.002254,0.0024553,0.0021273,0.0022528,0.0024728
0.002058,-0.0009742,0.012638,0.0020572,-0.0009741,0.0126971
0.0016718,-0.0010124,0.0125305,0.0016714,-0.0010123,0.0125895
0.002229,-0.0005508,0.012689,0.0022282,-0.0005509,0.0127484
0.0021503,-0.0013276,0.0124538,0.0021495,-0.0013274,0.0125122
0.0017275,-0.0011173,0.0128871,0.0017268,-0.0011171,0.0129471
0.0016622,-0.0009911,0.0131815,0.0016615,-0.000991,0.0132424
0.001833,-0.0013427,0.0124592,0.0018325,-0.0013425,0.0125177
0.0030562,-0.0016242,0.0137671,0.0030545,-0.0016236,0.0138288
0.0033114,-0.0014672,0.0137574,0.0033095,-0.0014666,0.013819
0.0037562,0.0020697,0.0016931,0.0037535,0.0020684,0.001705
0.0044048,0.0022291,0.0019661,0.0044027,0.0022282,0.0019764
0.0038214,0.0025889,0.001765,0.0038189,0.0025874,0.001776
0.0017961,0.0016173,0.0015438,0.0017944,0.001616,0.00156
0.0026882,0.0016198,0.0022875,0.0026866,0.001619,0.0023044
0.002388,0.0014518,0.0020608,0.0023863,0.0014509,0.0020777
0.0022762,0.0010311,0.0018644,0.0022744,0.0010304,0.0018814
0.0021205,0.0015685,0.0022233,0.0021191,0.0015676,0.002241
0.0020775,0.000583,0.0019525,0.0020758,0.0005827,0.0019702
0.00223,0.0010883,0.0021282,0.0022284,0.0010877,0.002146
0.0034889,0.0012574,0.0024232,0.0034871,0.0012569,0.0024392
0.0035778,0.0014425,0.0026201,0.0035761,0.001442,0.0026363
0.0036385,0.0010961,0.0028919,0.003637,0.0010958,0.0029092
0.0031717,0.001665,0.0028266,0.0031703,0.0016645,0.0028443
0.0033495,0.000865,0.0023978,0.0033476,0.0008647,0.0024142
-0.004655,0.0016687,0.0017953,-0.0046521,0.0016679,0.0018048
-0.0048749,-0.0010625,0.0017609,-0.0048719,-0.0010617,0.00177
-0.0050408,-0.0007476,0.0018718,-0.005038,-0.0007469,0.0018807
-0.0047808,-0.0015598,0.0018053,-0.0047779,-0.0015587,0.0018144
-0.0042529,-0.0016556,0.001593,-0.0042495,-0.0016541,0.0016034
-0.0033008,-0.0014211,0.0016186,-0.0032979,-0.0014197,0.0016322
-0.0046528,-0.0021182,0.0018962,-0.0046503,-0.0021169,0.0019051
-0.0043268,-0.0022474,0.0017559,-0.004324,-0.0022458,0.0017655
-0.0006274,0.0032402,0.0144052,-0.0006272,0.0032382,0.0144685
0.0011915,-0.0030729,0.0137214,0.0011908,-0.0030715,0.0137829
0.0012092,-0.0020031,0.0127197,0.0012087,-0.0020026,0.012779
0.0014414,-0.0017419,0.0126427,0.0014409,-0.0017416,0.0127019
0.0009711,-0.0017942,0.0124925,0.0009708,-0.0017939,0.0125513
0.0015285,-0.0013406,0.0126684,0.001528,-0.0013404,0.0127277
0.0006537,-0.001743,0.0127068,0.0006535,-0.0017428,0.0127664
0.0011303,-0.0013487,0.0126189,0.0011299,-0.0013486,0.0126783
0.0007627,-0.0029718,0.0119539,0.0007623,-0.0029706,0.0120101
0.0009436,-0.002761,0.0121756,0.0009431,-0.00276,0.0122327
0.0017181,-0.0024163,0.0119709,0.0017173,-0.0024154,0.0120273
0.0013834,-0.0021415,0.0119223,0.0013829,-0.002141,0.0119787
0.0010332,-0.0028451,0.0124916,0.0010327,-0.002844,0.0125498
0.0007199,-0.0028424,0.0123617,0.0007196,-0.0028413,0.0124195
0.0015738,-0.0024618,0.0124476,0.001573,-0.0024609,0.0125057
0.0011055,-0.0021257,0.0122836,0.0011051,-0.0021252,0.0123414
0.0006166,-0.0010739,0.010122,0.0006166,-0.0010739,0.0101713
0.0009545,-0.0009195,0.0101557,0.0009543,-0.0009195,0.0102052
0.0010615,-0.0005914,0.0101953,0.0010614,-0.0005915,0.010245
0.0003729,-0.0005535,0.0102392,0.0003729,-0.0005536,0.0102891
-0.0003423,0.0003201,0.0094368,-0.0003422,0.00032,0.0094832
-0.0002614,-0.000379,0.0087942,-0.0002612,-0.0003788,0.0088377
0.0004564,0.0003035,0.0094583,0.0004563,0.0003034,0.0095047
0.0006475,-0.0007764,0.0087894,0.0006472,-0.000776,0.0088327
0.0009925,-0.0002473,0.0103202,0.0009925,-0.0002474,0.0103704
0.0009905,5.97e-05,0.0101121,0.0009904,5.96e-05,0.0101615
0.0007056,0.0002205,0.0086313,0.0007053,0.0002203,0.008674
0.0009419,-0.000662,0.0105422,0.000942,-0.0006622,0.0105934
0.0010027,-0.0010281,0.0105558,0.0010026,-0.0010282,0.0106069
0.0013568,-0.0008843,0.0106545,0.0013568,-0.0008844,0.0107061
0.0006814,-0.0010367,0.0104436,0.0006814,-0.0010368,0.0104944
0.0010555,-0.0007985,0.0109463,0.0010556,-0.0007987,0.0109993
0.000694,-0.0003698,0.010412,0.000694,-0.0003699,0.0104626
0.0006828,-0.0003265,0.0101147,0.0006828,-0.0003266,0.010164
0.0006394,-0.0006347,0.0105294,0.0006394,-0.0006349,0.0105805
0.0002021,-0.0006623,0.0106943,0.0002021,-0.0006626,0.0107463
-8.29e-05,-0.0007124,0.0107162,-8.29e-05,-0.0007127,0.0107682
0.0007645,-9.74e-05,0.0105904,0.0007646,-9.75e-05,0.0106419
0.0007426,-0.000626,0.0108859,0.0007427,-0.0006262,0.0109386
0.0002968,-0.0010585,0.0105794,0.0002968,-0.0010588,0.0106308
0.0007997,-0.0022405,0.0090438,0.0007993,-0.0022395,0.0090879
0.0011674,-0.0021659,0.0089891,0.0011668,-0.0021648,0.009033
0.001429,-0.0019685,0.0089194,0.0014282,-0.0019675,0.0089629
0.0014733,-0.0016799,0.0090136,0.0014725,-0.0016791,0.0090578
0.0002788,-0.0020821,0.008905,0.0002786,-0.0020811,0.0089487
0.0010989,-0.0017658,0.0091675,0.0010985,-0.0017651,0.0092123
0.0011614,-0.0023673,0.0092854,0.0011609,-0.0023662,0.0093305
0.0014777,-0.0027146,0.0092671,0.0014769,-0.0027132,0.0093118
0.0008004,-0.0024596,0.0092691,0.0007999,-0.0024585,0.0093142
0.0010285,-0.0024293,0.0095507,0.001028,-0.0024283,0.009597
0.0005794,-0.0018447,0.0088999,0.0005791,-0.0018439,0.0089435
0.0007471,-0.0014501,0.0089524,0.0007468,-0.0014494,0.0089964
0.0002507,-0.0017181,0.0088262,0.0002505,-0.0017173,0.0088696
0.0007197,-0.0018517,0.009142,0.0007194,-0.001851,0.0091868
0.0003852,-0.0019299,0.0092168,0.000385,-0.0019291,0.0092619
5.77e-05,-0.0021545,0.009114,5.76e-05,-0.0021536,0.0091586
0.0007106,-0.0021563,0.0097023,0.0007103,-0.0021555,0.0097496
0.0002411,-0.00246,0.0092963,0.0002409,-0.0024589,0.0093415
0.0007679,-0.0026303,0.0096037,0.0007675,-0.0026291,0.0096503
0.0009764,-0.003446,0.0137846,0.0009758,-0.0034444,0.0138461
0.0008723,-0.0030988,0.0137852,0.0008718,-0.0030975,0.0138468
-0.000158,-0.0018391,0.0127416,-0.0001581,-0.0018388,0.0128013
0.0002884,-0.0018071,0.0126777,0.0002883,-0.0018069,0.0127372
-0.0001541,-0.0013648,0.0128269,-0.0001541,-0.0013648,0.0128871
-0.0003232,-0.0015357,0.0130658,-0.0003231,-0.0015355,0.0131265
-0.0004954,-0.0013597,0.0128419,-0.0004954,-0.0013597,0.0129021
-0.0007313,-0.0034781,0.0138063,-0.000731,-0.0034764,0.0138679
-0.0004011,-0.0034571,0.0137753,-0.000401,-0.0034554,0.0138368
-0.0006263,-0.0030869,0.0137998,-0.000626,-0.0030855,0.0138616
-0.0003191,-0.0030218,0.0137718,-0.000319,-0.0030205,0.0138335
-0.0008376,-0.0029859,0.011802,-0.0008372,-0.0029847,0.0118577
-0.0006908,-0.0027114,0.0120056,-0.0006906,-0.0027105,0.0120622
-0.0011244,-0.0025439,0.012085,-0.001124,-0.0025431,0.0121419
-0.0011621,-0.0024961,0.0123669,-0.0011617,-0.0024953,0.0124248
-0.0010377,-0.0027024,0.0118849,-0.0010373,-0.0027014,0.011941
0.0001211,-0.003359,0.0137123,0.0001209,-0.0033575,0.0137738
0.0004752,-0.0034051,0.0136386,0.0004749,-0.0034035,0.0136999
0.0001661,-0.0030308,0.0137878,0.0001659,-0.0030295,0.0138496
0.0005312,-0.0030669,0.0137081,0.0005309,-0.0030655,0.0137696
0.0001141,-0.0013815,0.0134611,0.000114,-0.0013813,0.0135229
0.0004282,-0.0014394,0.0136041,0.000428,-0.0014391,0.0136662
0.0003122,-0.0008992,0.0137631,0.000312,-0.0008992,0.0138258
0.0007419,-0.0013538,0.0125667,0.0007418,-0.0013538,0.012626
0.0002524,-0.0012127,0.0128008,0.0002523,-0.0012128,0.012861
0.0003085,-0.0020776,0.0123378,0.0003084,-0.0020774,0.012396
0.0002547,-0.0029873,0.0119958,0.0002545,-0.0029862,0.0120523
0.0002806,-0.0027339,0.0121339,0.0002804,-0.002733,0.012191
0.0004238,-0.0025049,0.0119958,0.0004237,-0.0025043,0.0120524
0.0002595,-0.0024541,0.0122866,0.0002594,-0.0024535,0.0123444
-0.0010885,-0.0034041,0.0137683,-0.0010879,-0.0034025,0.0138298
-0.0014052,-0.0029081,0.0114397,-0.0014046,-0.0029069,0.011494
-0.001557,-0.0026261,0.0112111,-0.0015564,-0.0026251,0.0112646
-0.0013195,-0.0021869,0.011354,-0.0013191,-0.0021864,0.0114082
-0.0015229,-0.0025786,0.0116123,-0.0015223,-0.0025777,0.0116673
-0.0019983,-0.0021282,0.0112774,-0.0019975,-0.0021275,0.0113312
-0.0018956,-0.0027628,0.0110678,-0.0018948,-0.0027616,0.0111205
-0.00224,-0.0027548,0.0137882,-0.0022388,-0.0027536,0.0138498
-0.0030975,-0.0017284,0.0136056,-0.0030958,-0.0017277,0.0136668
-0.0026022,-0.0016184,0.0136449,-0.0026009,-0.0016178,0.0137064
-0.0008767,-0.0011686,0.0103189,-0.0008767,-0.0011686,0.0103691
-0.0006429,-0.0012032,0.0101462,-0.0006429,-0.0012032,0.0101957
-0.0004106,-0.0006872,0.0101294,-0.0004107,-0.0006872,0.0101787
-3.78e-05,-0.0006367,0.0102846,-3.79e-05,-0.0006369,0.0103346
-0.0009508,-0.0008263,0.0102132,-0.0009507,-0.0008264,0.0102629
-0.0013457,-0.0005085,0.0102149,-0.0013456,-0.0005085,0.0102646
-0.0004684,-0.0003826,0.010266,-0.0004686,-0.0003827,0.010316
-0.0004207,5.12e-05,0.0103455,-0.0004208,5.12e-05,0.0103959
-1.7e-06,0.0002524,0.0087454,-1.7e-06,0.0002523,0.0087887
-0.0002638,-0.0008119,0.0104715,-0.0002639,-0.0008121,0.0105224
-0.0001342,-0.0011036,0.0104944,-0.0001343,-0.0011037,0.0105454
-0.0008877,-0.001044,0.01062,-0.0008877,-0.0010441,0.0106715
-0.0011699,-0.000913,0.0105188,-0.0011699,-0.000913,0.0105699
-0.0006274,-0.000998,0.0109715,-0.0006276,-0.0009983,0.0110245
-0.0007422,-0.0005628,0.0102891,-0.0007423,-0.0005628,0.0103391
-0.0008819,-0.0006351,0.0105133,-0.000882,-0.0006353,0.0105643
-0.0009082,-0.0003404,0.0106435,-0.0009084,-0.0003405,0.0106951
-0.0008412,-1.22e-05,0.0105497,-0.0008414,-1.22e-05,0.010601
-0.0008494,-0.0006833,0.010837,-0.0008495,-0.0006835,0.0108895
-0.0008904,-0.0014498,0.0106234,-0.0008903,-0.0014498,0.0106748
-0.0009522,-0.0009166,0.0110931,-0.0009523,-0.0009168,0.0111467
-0.0022143,-0.0009699,0.0088717,-0.0022132,-0.0009695,0.008915
-0.0019092,-0.0009339,0.0088733,-0.0019084,-0.0009335,0.0089168
-0.0016553,-0.0011178,0.0087782,-0.0016545,-0.0011173,0.0088213
-0.0015812,-0.0006894,0.008858,-0.0015805,-0.0006891,0.0089015
-0.0016452,-5.08e-05,0.0089142,-0.0016446,-5.07e-05,0.008958
-0.001596,-0.0010232,0.0091453,-0.0015953,-0.0010228,0.0091901
-0.0016154,-0.0009013,0.0095794,-0.0016149,-0.000901,0.0096263
-0.0020488,-0.000581,0.008915,-0.0020478,-0.0005807,0.0089587
-0.0023789,-0.000684,0.0088281,-0.0023777,-0.0006836,0.0088712
-0.0023918,-0.0004824,0.0091123,-0.0023907,-0.0004821,0.0091567
-0.0020584,-0.0001425,0.0088707,-0.0020575,-0.0001425,0.0089142
-0.0021515,-0.0007059,0.009303,-0.0021506,-0.0007055,0.0093485
-0.0020473,-0.0010811,0.0091686,-0.0020464,-0.0010805,0.0092134
-0.0023802,-0.0010679,0.0092128,-0.0023791,-0.0010674,0.0092576
-0.0020059,-0.000977,0.0095987,-0.0020052,-0.0009766,0.0096455
-0.0021218,-0.0008933,0.0098894,-0.0021211,-0.000893,0.0099375
-0.0013911,-0.0006362,0.009099,-0.0013906,-0.000636,0.0091437
-0.0025076,-0.0001238,0.0091938,-0.0025064,-0.0001237,0.0092386
-0.0024232,-0.0007718,0.00951,-0.0024222,-0.0007714,0.0095563
-0.0022952,-0.0015255,0.0092229,-0.0022941,-0.0015248,0.0092677
-0.0032094,-0.000796,0.0137382,-0.0032077,-0.0007959,0.0137998
-0.0018274,-0.0004839,0.0129753,-0.0018269,-0.000484,0.0130357
-0.0012683,-0.0002607,0.012689,-0.0012682,-0.0002609,0.0127489
-0.001237,-0.000639,0.0131194,-0.0012368,-0.0006391,0.0131804
-0.0018437,-0.0004729,0.0126568,-0.0018433,-0.000473,0.0127163
-0.0019123,-0.0003909,0.0121169,-0.0019121,-0.000391,0.0121745
-0.0019399,-0.0006571,0.0124284,-0.0019395,-0.0006571,0.012487
-0.0030526,-0.0006137,0.0114089,-0.0030513,-0.0006136,0.0114632
-0.0031194,-0.0003137,0.011323,-0.003118,-0.0003137,0.0113769
-0.0027804,-0.0004408,0.0112773,-0.0027793,-0.0004408,0.0113311
-0.0031072,-0.0002691,0.0116351,-0.0031058,-0.0002691,0.0116902
-0.002971,-0.0006698,0.0117354,-0.0029697,-0.0006697,0.011791
-0.0032895,-0.0005437,0.0117636,-0.0032878,-0.0005436,0.0118192
-0.0033336,-0.0004973,0.0111535,-0.003332,-0.0004971,0.0112066
-0.0033385,0.0002946,0.0105981,-0.0033369,0.0002943,0.0106488
-0.0029564,7.46e-05,0.0106454,-0.0029551,7.45e-05,0.0106966
-0.0030019,0.0004874,0.0105607,-0.0030007,0.0004871,0.0106115
-0.0026817,0.0006215,0.0104326,-0.0026806,0.0006211,0.010483
-0.0029671,0.0008762,0.0105911,-0.0029658,0.0008757,0.010642
-0.0029878,0.0005759,0.010916,-0.0029865,0.0005756,0.0109683
-0.0029937,6.5e-05,0.0110043,-0.0029924,6.48e-05,0.011057
-0.0026168,8.83e-05,0.0109633,-0.002616,8.82e-05,0.011016
-0.0031682,-0.0002308,0.0109621,-0.0031668,-0.0002308,0.0110145
-0.0032935,-8.08e-05,0.01068,-0.003292,-8.09e-05,0.0107311
-0.002951,-0.0002895,0.0105882,-0.0029498,-0.0002895,0.0106391
-0.0007602,0.0003813,0.0102945,-0.0007603,0.0003813,0.0103447
-0.0004525,0.0003453,0.0101772,-0.0004526,0.0003453,0.0102268
-0.0002598,0.0005226,0.010368,-0.0002599,0.0005226,0.0104184
-0.0004385,0.0007973,0.0102578,-0.0004386,0.0007973,0.0103078
-7.42e-05,0.000795,0.0101903,-7.42e-05,0.0007949,0.01024
0.0003308,0.0007973,0.010237,0.0003307,0.0007973,0.0102869
0.0005023,0.0010065,0.0088549,0.0005021,0.001006,0.0088986
-7.49e-05,0.0012404,0.0105103,-7.5e-05,0.0012403,0.0105614
-0.0002712,0.0010655,0.0086147,-0.0002711,0.001065,0.0086574
-0.000837,0.0007369,0.0103227,-0.0008371,0.0007368,0.010373
-0.0006164,0.0013729,0.0102229,-0.0006164,0.0013726,0.0102728
-0.000528,0.0008496,0.0105605,-0.0005281,0.0008496,0.0106118
-0.0004484,0.0003483,0.0105611,-0.0004485,0.0003483,0.0106125
-0.0001161,0.0005109,0.010605,-0.0001161,0.0005109,0.0106565
-0.0007917,0.0004336,0.0106592,-0.0007918,0.0004336,0.010711
-0.0005525,9.11e-05,0.0107,-0.0005526,9.11e-05,0.010752
-0.0010037,0.0013441,0.0101717,-0.0010036,0.0013437,0.0102214
-0.0007524,0.0007426,0.0107263,-0.0007526,0.0007426,0.0107783
-0.000887,0.0005913,0.0110809,-0.0008872,0.0005913,0.0111345
-0.0024102,0.0004396,0.0089886,-0.002409,0.0004393,0.0090325
-0.0019186,0.0005999,0.0090036,-0.0019177,0.0005996,0.0090478
-0.0015779,0.0005308,0.0089621,-0.0015773,0.0005306,0.0090062
-0.0017041,0.00086,0.0089458,-0.0017034,0.0008596,0.0089898
-0.0016402,0.001162,0.0089756,-0.0016394,0.0011615,0.0090197
-0.0016456,0.000578,0.0093319,-0.0016451,0.0005777,0.0093776
-0.0019779,0.0009877,0.009012,-0.0019771,0.0009871,0.0090562
-0.0025653,0.0008283,0.0089406,-0.002564,0.0008278,0.0089842
-0.0020592,0.0012611,0.0090296,-0.0020583,0.0012605,0.0090738
-0.0021548,0.0010509,0.0092288,-0.0021538,0.0010504,0.0092739
-0.0020147,0.0004456,0.0092843,-0.0020138,0.0004453,0.0093298
-0.0023638,0.0005851,0.0092838,-0.0023627,0.0005848,0.0093291
-0.0022158,0.0001151,0.0092181,-0.0022149,0.000115,0.0092633
-0.0020444,0.0006245,0.0096942,-0.0020437,0.0006242,0.0097416
-0.0024439,0.0009544,0.0092383,-0.0024428,0.0009539,0.0092833
-0.0016118,0.0009345,0.0092927,-0.0016112,0.0009341,0.0093383
-0.0024202,0.001326,0.0092354,-0.002419,0.0013254,0.0092804
-0.0024367,0.0008041,0.0096153,-0.0024357,0.0008037,0.0096621
-0.0023484,0.0003793,0.0095639,-0.0023474,0.0003791,0.0096106
-0.0022633,0.0006086,0.0099293,-0.0022625,0.0006083,0.0099776
-0.0024883,0.0004788,0.0077079,-0.0024867,0.0004785,0.0077457
-0.0021745,0.0004785,0.0075578,-0.0021731,0.0004783,0.0075951
-0.0019075,0.0004414,0.0077119,-0.0019064,0.0004412,0.0077502
-0.0016147,0.0004652,0.0075965,-0.0016138,0.0004649,0.0076343
-0.0017936,0.0007805,0.0075834,-0.0017925,0.0007801,0.0076211
-0.0017339,0.0011854,0.0077265,-0.0017328,0.0011847,0.0077647
-0.001739,0.0001371,0.0076091,-0.001738,0.0001371,0.0076469
-0.002468,3.35e-05,0.0077588,-0.0024664,3.35e-05,0.0077969
-0.0009295,-0.0004858,0.0074738,-0.0009288,-0.0004853,0.0075112
-0.0016919,-0.0001469,0.0076617,-0.0016909,-0.0001467,0.0076998
-0.0002755,-0.0004563,0.0075274,-0.0002753,-0.000456,0.0075652
-0.001103,0.0002618,0.0074258,-0.0011023,0.0002617,0.007463
-9.55e-05,-0.0005116,0.0079925,-9.54e-05,-0.0005113,0.0080324
-0.001497,2.03e-05,0.007856,-0.0014962,2.03e-05,0.0078951
-0.0002059,0.0004346,0.0081567,-0.0002058,0.0004344,0.0081974
-0.0017144,0.0006245,0.007914,-0.0017135,0.0006242,0.0079532
-0.0025058,0.0009833,0.0077101,-0.0025042,0.0009827,0.0077478
-0.0021631,0.0012925,0.0077573,-0.0021617,0.0012917,0.0077953
-0.0022469,0.0009893,0.0079521,-0.0022455,0.0009887,0.0079911
-0.0020876,0.0005788,0.0079344,-0.0020863,0.0005784,0.0079735
-0.002413,0.0006274,0.0079906,-0.0024115,0.000627,0.0080298
-0.0021609,0.0001687,0.0079413,-0.0021596,0.0001686,0.0079805
-0.0021357,5.62e-05,0.0076103,-0.0021344,5.62e-05,0.0076479
-0.0002813,0.0002885,0.0073416,-0.000281,0.0002883,0.0073787
-0.0020559,0.0005461,0.0084674,-0.0020549,0.0005458,0.0085091
-0.0026582,0.0013511,0.0076575,-0.0026564,0.0013502,0.0076948
-0.0014976,0.0008637,0.0078106,-0.0014967,0.0008632,0.0078494
-0.0024947,0.0013643,0.0079695,-0.0024931,0.0013635,0.0080084
-0.0024204,0.0010036,0.0083965,-0.002419,0.001003,0.0084376
-0.0025228,0.0001692,0.0080216,-0.0025213,0.0001691,0.0080609
-0.0024878,0.0006079,0.0083731,-0.0024864,0.0006076,0.0084141
-0.001125,0.0010195,0.0127495,-0.0011249,0.0010191,0.0128095
-0.0012662,0.0012939,0.0125861,-0.001266,0.0012934,0.0126455
-0.001152,0.0008212,0.0130758,-0.0011518,0.0008207,0.0131368
-0.0020352,0.0011309,0.0122945,-0.0020346,0.0011303,0.0123525
-0.0017284,0.0006581,0.0128456,-0.001728,0.0006577,0.0129057
-0.0018769,0.0007934,0.0124466,-0.0018765,0.000793,0.0125053
-0.0025506,0.000986,0.0120426,-0.0025497,0.0009855,0.0120995
-0.0023583,0.0012518,0.0124659,-0.0023574,0.0012511,0.0125243
-0.002447,0.0006955,0.0121095,-0.0024463,0.0006951,0.0121667
-0.0029043,0.0010078,0.0137112,-0.0029029,0.001007,0.013773
-0.0010388,0.0009641,0.0134903,-0.0010385,0.0009635,0.0135523
-0.0011268,0.0006428,0.013531,-0.0011265,0.0006424,0.0135931
0.0015817,-0.0002416,0.0127058,0.0015813,-0.0002418,0.0127656
0.0020041,-0.0002516,0.0125628,0.0020035,-0.0002517,0.0126219
0.002171,0.0001047,0.0127259,0.0021702,0.0001045,0.0127854
0.002,0.0004221,0.0125879,0.0019994,0.0004218,0.0126471
0.0015806,0.000393,0.0127479,0.0015802,0.0003926,0.0128078
0.0021494,4.96e-05,0.0131502,0.0021486,4.93e-05,0.0132109
0.0017313,-0.0002136,0.0130875,0.0017308,-0.0002138,0.0131483
0.0016428,0.0008776,0.0125248,0.0016424,0.0008772,0.0125839
0.0016593,0.0005039,0.0131066,0.0016587,0.0005035,0.0131674
0.0017632,0.0001296,0.0132704,0.0017625,0.0001293,0.0133316
0.0026035,0.000222,0.0121402,0.0026025,0.0002218,0.0121976
0.002946,0.0002562,0.0122074,0.0029446,0.0002559,0.0122648
0.0027532,3.68e-05,0.0123162,0.002752,3.66e-05,0.012374
0.002779,-0.0002626,0.012375,0.0027779,-0.0002627,0.012433
0.0026028,-0.0001835,0.0120395,0.0026018,-0.0001836,0.0120964
0.0023278,-0.0004017,0.0122621,0.0023271,-0.0004018,0.0123199
0.0024053,4.29e-05,0.0115831,0.0024046,4.27e-05,0.0116383
0.0032177,0.0002688,0.0113853,0.0032161,0.0002686,0.0114396
0.0032537,-0.0001256,0.0114136,0.0032521,-0.0001257,0.0114679
0.0028693,0.0003386,0.0135929,0.0028677,0.0003382,0.0136545
0.0009066,0.0001025,0.0135776,0.0009064,0.0001022,0.0136399
0.0012408,9.95e-05,0.0135941,0.0012403,9.92e-05,0.0136564
0.0013966,-2.6e-06,0.0138431,0.001396,-2.9e-06,0.0139058
0.0010575,3.4e-06,0.0139214,0.0010571,3.1e-06,0.0139844
0.0013005,-0.0003288,0.0139608,0.0013,-0.0003289,0.0140238
0.0006113,-6.06e-05,0.0137438,0.0006112,-6.09e-05,0.0138066
0.0011376,-0.0001927,0.0137118,0.0011372,-0.0001929,0.0137743
0.0015755,0.0011546,0.0127615,0.001575,0.0011541,0.0128213
0.0022009,0.0007743,0.0127942,0.0022,0.0007737,0.0128538
0.0020098,0.0012056,0.0127234,0.002009,0.001205,0.0127828
0.0015841,0.0012244,0.0131121,0.0015835,0.0012237,0.0131728
0.0016979,0.001216,0.0124193,0.0016974,0.0012154,0.012478
0.0017927,0.0007052,0.0127605,0.0017921,0.0007048,0.0128203
0.00147,0.0008237,0.0122639,0.0014697,0.0008234,0.0123222
3.21e-05,0.0046688,0.0015673,3.22e-05,0.0046655,0.0015772
0.0006344,-0.0048808,0.0017042,0.0006341,-0.0048774,0.0017135
9.29e-05,-0.0047872,0.0016949,9.29e-05,-0.0047838,0.0017047
0.0010881,0.0012318,0.0126891,0.0010879,0.0012313,0.0127489
0.0009669,0.001625,0.0127744,0.0009666,0.0016244,0.0128343
0.0014696,0.0015092,0.0124713,0.0014692,0.0015086,0.0125301
0.0012802,0.001594,0.0127287,0.0012797,0.0015933,0.0127884
0.0013763,0.0019745,0.0125878,0.0013758,0.0019735,0.0126468
0.0007687,0.0019322,0.0127827,0.0007684,0.0019314,0.0128425
0.0011617,0.0015845,0.0132698,0.0011612,0.0015837,0.013331
0.0005381,0.0035319,0.0137399,0.0005378,0.0035297,0.0138016
-0.0020057,0.0041812,0.0016681,-0.0020042,0.0041784,0.0016785
0.0031882,-0.0007628,0.0138459,0.0031864,-0.0007627,0.0139079
0.0035084,-0.0006788,0.0137905,0.0035064,-0.0006787,0.0138522
0.0013888,-0.0003357,0.0135914,0.0013883,-0.0003359,0.0136535
0.0008606,-0.0005039,0.0134937,0.0008604,-0.0005041,0.0135558
0.0015954,-0.0004938,0.0129116,0.001595,-0.0004939,0.0129719
0.001777,-0.0005739,0.0125235,0.0017765,-0.000574,0.0125826
0.0029963,-0.0003438,0.0121598,0.0029949,-0.0003438,0.012217
0.0026737,-0.000527,0.0118976,0.0026726,-0.000527,0.011954
-0.0019653,-0.004854,0.001695,-0.0019641,-0.0048508,0.0017026
-0.0015493,-0.0049655,0.0016517,-0.0015482,-0.0049622,0.0016594
-0.0022065,-0.0045146,0.0016195,-0.002205,-0.0045113,0.0016279
-0.0017479,-0.0043516,0.0014348,-0.0017464,-0.0043478,0.0014441
0.0040085,0.002616,0.0016589,0.0040058,0.0026144,0.0016688
0.0023378,0.0021443,0.0137613,0.0023365,0.0021429,0.0138232
0.002764,0.0021724,0.0137529,0.0027625,0.0021709,0.0138146
0.0014394,-0.0050107,0.0016345,0.0014385,-0.0050072,0.0016422
0.0012381,-0.0045979,0.0014531,0.0012372,-0.004594,0.0014623
-0.0026763,0.0037787,0.001805,-0.0026746,0.0037765,0.0018159
-0.0022834,0.0037722,0.0020186,-0.0022819,0.0037702,0.002031
-0.0031999,0.0037903,0.0019366,-0.003198,0.0037884,0.0019466
-0.0033611,0.0026879,0.0020119,-0.0033589,0.0026865,0.0020247
-0.0017841,0.0020733,0.001753,-0.0017825,0.0020717,0.0017692
-0.0015538,0.0022065,0.0018431,-0.0015524,0.0022048,0.0018597
-0.0008684,0.0022846,0.0017965,-0.0008676,0.0022828,0.0018134
-0.0010278,0.0021056,0.0019384,-0.0010269,0.0021041,0.0019559
-0.0007214,0.0019746,0.0019924,-0.0007208,0.0019731,0.0020105
-0.0011207,0.0021016,0.0021383,-0.0011198,0.0021002,0.0021563
-0.0015144,0.0025493,0.0019516,-0.0015132,0.0025475,0.001968
-0.0016303,0.0025833,0.0021675,-0.0016291,0.0025817,0.0021844
-0.0016444,0.0021409,0.0022007,-0.0016432,0.0021396,0.0022184
-0.0015659,0.0020962,0.002394,-0.0015649,0.0020951,0.0024123
-0.0025274,0.0010625,0.0018842,-0.0025253,0.0010619,0.0019008
-0.0018177,0.001134,0.0017883,-0.001816,0.0011332,0.0018057
-0.0020893,0.001069,0.0021608,-0.0020878,0.0010684,0.0021789
-0.0021571,0.0016629,0.0017531,-0.0021552,0.0016617,0.0017694
-0.0016985,0.0016194,0.0016486,-0.0016968,0.0016181,0.0016653
-0.0020522,0.0015295,0.0021769,-0.0020507,0.0015286,0.0021947
-0.0021824,0.001113,0.0019714,-0.0021806,0.0011123,0.0019888
-0.0014835,0.00118,0.0019221,-0.0014822,0.0011792,0.0019403
-0.0026279,0.0011869,0.0020569,-0.0026259,0.0011863,0.0020737
-0.0026433,0.001664,0.0020805,-0.0026413,0.0016631,0.0020969
-0.0021304,0.0016963,0.0020114,-0.0021287,0.0016952,0.0020284
-0.0026226,0.0012197,0.0022728,-0.0026209,0.0012191,0.0022903
-0.0035854,0.0019747,0.0028768,-0.0035839,0.001974,0.0028932
-0.0034527,0.0020747,0.0030012,-0.0034513,0.002074,0.0030182
-0.003084,0.0019852,0.0028619,-0.0030826,0.0019845,0.0028794
-0.0030706,0.0026054,0.0029676,-0.0030693,0.0026045,0.0029846
-0.0026429,0.0025779,0.0028511,-0.0026416,0.0025769,0.0028685
-0.0029885,0.0026192,0.0031947,-0.0029873,0.0026183,0.0032127
-0.003016,0.0020959,0.0030916,-0.0030147,0.0020952,0.0031099
-0.0026066,0.0018022,0.0029771,-0.0026053,0.0018015,0.0029961
-0.0033978,0.0019983,0.0031453,-0.0033964,0.0019977,0.0031631
-0.0029843,0.0018935,0.0032524,-0.002983,0.0018928,0.0032716
-0.0010777,0.0005295,0.0031115,-0.0010771,0.0005294,0.0031339
-0.0006663,0.0005261,0.0030934,-0.0006659,0.000526,0.003116
-0.0003032,0.0004653,0.0031616,-0.000303,0.0004652,0.0031846
-0.0006159,0.0009753,0.0032085,-0.0006155,0.000975,0.0032312
-8.85e-05,0.0009709,0.0032049,-8.84e-05,0.0009706,0.0032277
-0.0010532,0.0010168,0.0031973,-0.0010526,0.0010164,0.0032197
-0.0005517,0.0014623,0.0033183,-0.0005514,0.0014617,0.0033409
-0.0004431,0.0010362,0.0036466,-0.0004428,0.0010358,0.0036706
-0.0005689,0.000721,0.0036321,-0.0005686,0.0007208,0.0036563
-0.0003227,0.0003859,0.0046605,-0.0003225,0.0003858,0.0046879
0.0006328,0.0004902,0.004638,0.0006325,0.0004901,0.0046653
-0.000231,-0.0008003,0.0044235,-0.0002308,-0.0007998,0.00445
-0.0003646,0.0009701,0.0038216,-0.0003644,0.0009697,0.0038462
0.000521,0.0011317,0.0045068,0.0005207,0.0011312,0.0045334
-0.0005311,0.0005645,0.0033832,-0.0005308,0.0005644,0.0034067
-8.53e-05,0.000655,0.0033641,-8.52e-05,0.0006548,0.0033875
0.0003645,0.0004547,0.0034387,0.0003643,0.0004546,0.0034624
-0.0010465,0.0004577,0.0034142,-0.0010459,0.0004576,0.0034376
-0.0006409,0.0009411,0.0034408,-0.0006406,0.0009407,0.0034642
-0.0004406,0.0002371,0.0034037,-0.0004404,0.0002371,0.0034273
-0.0007347,-0.0002279,0.003312,-0.0007342,-0.0002276,0.0033353
-0.0010317,0.0014738,0.0033122,-0.0010311,0.0014732,0.0033345
-0.0009044,0.0010006,0.0036319,-0.000904,0.0010002,0.0036556
-0.0010245,0.0009216,0.0034162,-0.001024,0.0009213,0.0034393
-0.0008473,0.0006979,0.0035109,-0.0008468,0.0006977,0.0035345
-0.0010866,-0.0001206,0.003442,-0.001086,-0.0001204,0.0034654
-0.0009921,0.000523,0.0037241,-0.0009915,0.0005229,0.0037483
-0.0010399,0.0005528,0.003936,-0.0010394,0.0005526,0.0039608
-0.0009275,3.85e-05,0.0036638,-0.0009269,3.87e-05,0.003688
-0.0027318,0.0003804,0.0043501,-0.0027305,0.0003804,0.0043744
-0.0022495,0.0004926,0.0043702,-0.0022484,0.0004925,0.0043953
-0.0018553,0.0003988,0.0042888,-0.0018543,0.0003988,0.0043141
-0.0018855,0.0009263,0.0043017,-0.0018846,0.000926,0.0043268
-0.0016131,0.0008996,0.0045119,-0.0016122,0.0008993,0.004538
-0.0019401,0.0006241,0.0045662,-0.0019392,0.000624,0.0045922
-0.0022904,0.0010184,0.0043449,-0.0022893,0.0010181,0.0043697
-0.0028946,0.0009849,0.0044385,-0.0028933,0.0009846,0.0044628
-0.002166,0.0013988,0.0044147,-0.002165,0.0013983,0.0044397
-0.00244,0.0017851,0.0043707,-0.0024389,0.0017845,0.0043948
-0.0023287,0.0005658,0.0046405,-0.0023275,0.0005657,0.0046664
-0.0024649,0.0001331,0.0045589,-0.0024637,0.0001332,0.0045843
-0.0023843,-0.0003295,0.0044768,-0.0023831,-0.0003292,0.0045021
-0.0021446,0.0007275,0.0048046,-0.0021435,0.0007273,0.0048311
-0.0022445,0.00047,0.0050811,-0.0022433,0.00047,0.0051086
-0.0001245,0.0001419,0.0051894,-0.0001244,0.0001419,0.0052185
-0.0027989,0.0018527,0.0044562,-0.0027976,0.0018521,0.0044802
-0.0027773,0.0014965,0.0045918,-0.002776,0.001496,0.0046165
-0.0027255,0.0010423,0.0049138,-0.0027242,0.001042,0.00494
-0.0029231,0.0001041,0.004569,-0.0029218,0.0001042,0.0045939
-0.0027574,0.0006501,0.0050108,-0.002756,0.00065,0.0050374
-0.0046202,-7.65e-05,0.0017631,-0.0046171,-7.61e-05,0.0017738
-0.0024032,-0.0007651,0.0018491,-0.0024011,-0.0007642,0.0018658
-0.0016375,-0.0008895,0.0016986,-0.0016359,-0.0008884,0.0017161
-0.0021844,-0.0002225,0.001757,-0.0021823,-0.0002221,0.0017742
-0.0020933,-0.0009229,0.0020816,-0.0020917,-0.000922,0.0020995
-0.0017341,-0.0004323,0.0016713,-0.0017324,-0.0004317,0.0016887
-0.0021841,-0.0002862,0.0021477,-0.0021825,-0.0002858,0.002166
-0.002138,-0.000731,0.0019365,-0.0021362,-0.0007302,0.001954
-0.0017122,-0.0006992,0.001845,-0.0017106,-0.0006983,0.0018629
-0.0021346,-0.0002507,0.0019537,-0.0021328,-0.0002503,0.0019715
-0.0019624,-0.0011542,0.0018928,-0.0019607,-0.001153,0.0019102
-0.0026442,-0.0004563,0.0021482,-0.0026422,-0.0004558,0.0021656
-0.0026109,-0.0002596,0.0019994,-0.0026088,-0.0002592,0.0020165
-0.002498,-0.0009194,0.0021534,-0.0024962,-0.0009186,0.0021708
-0.0026272,-0.0013006,0.002239,-0.0026254,-0.0012995,0.0022562
-0.0039613,-0.0010051,0.0029964,-0.0039597,-0.0010045,0.0030132
-0.0033722,-0.000512,0.002822,-0.0033705,-0.0005115,0.00284
-0.0039593,-0.0004502,0.0031621,-0.0039577,-0.0004498,0.0031797
-0.0037621,-0.0007438,0.0031128,-0.0037605,-0.0007433,0.0031306
-0.0033132,-0.0009159,0.0030937,-0.0033117,-0.0009153,0.0031125
-0.0036104,-0.0009062,0.0032897,-0.0036089,-0.0009057,0.0033085
-0.0041769,-0.00077,0.0031053,-0.0041754,-0.0007695,0.0031221
-0.0042556,-0.0006829,0.0034736,-0.0042541,-0.0006825,0.0034917
-0.0039061,-0.0007143,0.0033747,-0.0039045,-0.0007139,0.0033932
-0.0025775,-0.0008264,0.0030807,-0.0025762,-0.0008258,0.0031009
-0.0037434,-0.0003816,0.0032911,-0.0037419,-0.0003813,0.0033097
-0.0032234,-0.0005356,0.0032172,-0.0032219,-0.0005352,0.0032367
-0.003525,9.7e-06,0.0032384,-0.0035235,9.9e-06,0.0032575
-0.0038284,-0.0004161,0.0036144,-0.0038269,-0.0004158,0.0036341
-0.0040998,-0.0004448,0.0033589,-0.0040984,-0.0004445,0.003377
-0.000767,-0.0010858,0.0031776,-0.0007666,-0.001085,0.0032
-0.0003307,-0.0011577,0.0032185,-0.0003305,-0.0011569,0.0032411
-1.94e-05,-0.0007909,0.0031952,-1.93e-05,-0.0007903,0.0032181
-0.0011056,-0.0005225,0.0031798,-0.001105,-0.0005221,0.0032023
-0.0006267,-0.0002459,0.0030871,-0.0006263,-0.0002456,0.0031098
-0.000483,-0.0007229,0.0036121,-0.0004827,-0.0007223,0.0036362
-0.0007727,-0.0006873,0.0038842,-0.0007722,-0.0006868,0.003909
0.0006337,-0.0004592,0.0046044,0.0006334,-0.0004588,0.0046316
-0.0006485,-0.0010178,0.003485,-0.0006481,-0.0010172,0.0035085
-0.0002237,-0.0010277,0.0034327,-0.0002235,-0.001027,0.0034561
-0.0009645,-0.0012143,0.0033898,-0.0009639,-0.0012135,0.0034126
-0.0009613,-0.000734,0.0034365,-0.0009608,-0.0007335,0.0034598
-0.0006053,-0.0011837,0.0037801,-0.000605,-0.0011829,0.0038043
-0.0008995,-0.0007993,0.003689,-0.000899,-0.0007987,0.003713
-0.0010553,-0.0011803,0.0036736,-0.0010547,-0.0011795,0.0036972
-0.0009516,-0.0011729,0.0038961,-0.0009511,-0.0011722,0.0039206
-0.0025827,-0.0009304,0.004308,-0.0025814,-0.0009298,0.0043322
-0.0024016,-0.0012856,0.0043109,-0.0024005,-0.0012848,0.0043352
-0.0018677,-0.0011477,0.0042989,-0.0018667,-0.0011471,0.0043238
-0.0017339,-0.0006963,0.0042712,-0.001733,-0.0006958,0.0042964
-0.0017861,-0.0011383,0.0045558,-0.0017852,-0.0011376,0.0045817
-0.0017593,-0.0008323,0.0048284,-0.0017584,-0.0008317,0.0048554
-0.0022303,-0.000732,0.0043042,-0.0022292,-0.0007315,0.0043289
-0.0024589,-0.0003905,0.00422,-0.0024577,-0.0003902,0.0042443
-0.0023823,-0.0008403,0.0046266,-0.0023811,-0.0008398,0.0046522
-0.0026459,-0.0012653,0.0045789,-0.0026446,-0.0012646,0.0046038
-0.002302,-0.0011049,0.004916,-0.0023008,-0.0011042,0.0049426
-0.0026467,-0.0006076,0.0044335,-0.0026455,-0.0006072,0.0044582
-0.0028657,-0.0009311,0.0045926,-0.0028643,-0.0009305,0.0046174
-0.0015323,-0.0007831,0.0044979,-0.0015315,-0.0007826,0.004524
-0.0027532,-0.0002585,0.004589,-0.0027519,-0.0002582,0.0046141
-0.0026713,-0.0008711,0.0048421,-0.00267,-0.0008705,0.0048681
-0.0029222,-0.0013078,0.0048743,-0.0029208,-0.001307,0.0048999
-0.0025411,-0.0016846,0.001803,-0.002539,-0.001683,0.0018186
-0.0020104,-0.0017243,0.0022164,-0.0020089,-0.0017229,0.002234
-0.0020949,-0.001712,0.0019998,-0.0020933,-0.0017104,0.0020167
-0.0016345,-0.001689,0.0019674,-0.0016331,-0.0016874,0.0019848
-0.0025267,-0.0017847,0.0022909,-0.002525,-0.0017833,0.0023079
-0.0024327,-0.0017382,0.0024872,-0.0024312,-0.0017369,0.002505
-0.0039759,-0.0029855,0.0020882,-0.003974,-0.0029839,0.0020983
0.0045375,-0.0016498,0.0014867,0.0045341,-0.0016484,0.0014957
0.0049584,-0.0015219,0.0016706,0.0049554,-0.0015207,0.0016786
-0.0002341,-0.0032603,0.0132909,-0.000234,-0.0032589,0.0133514
-0.002542,-0.0020166,0.0112193,-0.0025409,-0.0020157,0.0112727
-0.0023476,-0.0017446,0.0112489,-0.0023467,-0.001744,0.0113026
-0.0024466,-0.0021204,0.0116149,-0.0024455,-0.0021195,0.0116699
-0.002068,-0.0018478,0.0113078,-0.0020673,-0.0018472,0.0113618
-0.0024011,-0.0013419,0.0113365,-0.0024002,-0.0013415,0.0113905
-0.002287,-0.0017817,0.0118259,-0.0022861,-0.0017811,0.0118818
-0.0027303,-0.0018178,0.0113507,-0.002729,-0.0018171,0.0114046
-0.0028935,-0.0013614,0.0113648,-0.0028922,-0.0013609,0.0114188
-0.0027445,-0.0017151,0.0117186,-0.0027432,-0.0017144,0.0117739
-0.0026484,-0.00235,0.0113741,-0.0026471,-0.002349,0.011428
-0.0033805,-0.0010691,0.0137863,-0.0033787,-0.0010688,0.013848
-0.0032268,0.0015052,0.0133607,-0.003225,0.0015041,0.0134214
0.0033984,0.001106,0.013681,0.0033965,0.0011051,0.0137425
-0.0025183,0.0029349,0.0028302,-0.0025171,0.0029339,0.0028471
-0.0019007,0.0028659,0.0027356,-0.0018998,0.0028647,0.0027532
-0.002339,0.003091,0.0029972,-0.002338,0.0030899,0.0030147
-0.0021043,0.0034386,0.0029236,-0.0021034,0.0034374,0.0029404
-0.0020219,0.002803,0.0030029,-0.0020209,0.002802,0.0030214
-0.001551,0.0027957,0.0029359,-0.0015502,0.0027945,0.0029548
-0.0026704,0.0029687,0.0032171,-0.0026693,0.0029678,0.0032351
-0.0021343,0.0027121,0.0032394,-0.0021333,0.0027112,0.0032586
0.0028044,-0.0038763,0.0018106,0.0028027,-0.0038736,0.0018207
0.0032605,-0.0038303,0.0018698,0.0032588,-0.0038279,0.001879
0.0026831,-0.0015922,0.0137376,0.0026816,-0.0015916,0.0137993
-0.0015139,-0.0028903,0.001978,-0.0015127,-0.0028879,0.0019936
-0.0010391,-0.00221,0.0021896,-0.0010383,-0.0022082,0.0022076
-0.0015985,-0.0020509,0.0022853,-0.0015973,-0.0020493,0.0023033
-0.0016041,-0.0022347,0.0020901,-0.0016028,-0.0022329,0.0021072
-0.001455,-0.0024436,0.0022691,-0.001454,-0.0024418,0.0022865
-0.0023954,-0.0025917,0.0024377,-0.002394,-0.00259,0.002454
-0.0020925,-0.0026809,0.0024407,-0.0020913,-0.0026792,0.0024573
-0.0020476,-0.0027951,0.0026011,-0.0020464,-0.0027935,0.0026181
-0.0019255,-0.0021176,0.0024986,-0.0019243,-0.0021161,0.0025167
-0.0014363,-0.0028164,0.0024025,-0.0014353,-0.0028145,0.0024196
-0.0020541,-0.003131,0.0026474,-0.0020531,-0.0031293,0.0026638
-0.0020759,-0.0026469,0.0027761,-0.0020748,-0.0026454,0.002794
-0.0025402,-0.0023043,0.0026134,-0.0025388,-0.0023029,0.0026305
-0.0024508,-0.0023755,0.0028021,-0.0024495,-0.0023742,0.0028199
-0.0022392,-0.0030278,0.0024766,-0.002238,-0.0030261,0.0024924
-0.0024706,-0.0033055,0.0027538,-0.0024695,-0.003304,0.0027696
0.0040233,-0.0024137,0.0016515,0.0040205,-0.0024118,0.0016616
0.004406,-0.002282,0.0017791,0.0044034,-0.0022805,0.0017885
0.0047586,-0.0019467,0.0018344,0.0047561,-0.0019455,0.0018431
0.0039239,-0.0023434,0.0017641,0.0039213,-0.0023417,0.001775
0.0038529,-0.0016682,0.0016672,0.00385,-0.0016667,0.0016791
0.0037845,-0.0016192,0.001953,0.0037821,-0.001618,0.0019662
0.0024118,-0.0015386,0.0018516,0.0024099,-0.0015371,0.0018678
0.0030319,-0.0016837,0.0019368,0.0030298,-0.0016823,0.0019518
0.0027989,-0.0017885,0.0021138,0.002797,-0.0017871,0.0021297
0.0026701,-0.0017568,0.002297,0.0026685,-0.0017555,0.0023137
0.0021649,-0.0013673,0.0021734,0.0021634,-0.0013661,0.0021911
0.0022419,-0.0011812,0.0019485,0.0022401,-0.0011801,0.0019656
0.0023888,-0.0007632,0.0019798,0.0023869,-0.0007624,0.001997
0.0022189,-0.0018171,0.0021856,0.0022174,-0.0018156,0.0022026
0.0021204,-0.0015339,0.0024445,0.0021191,-0.0015327,0.0024628
0.0029182,-0.0025042,0.0025769,0.0029168,-0.0025027,0.0025928
0.0025405,-0.0022698,0.0026045,0.0025392,-0.0022684,0.0026218
0.0026251,-0.0028562,0.0027473,0.002624,-0.0028547,0.0027637
0.0021935,-0.0026543,0.0026594,0.0021925,-0.0026527,0.0026766
0.0026999,-0.0031701,0.0027083,0.0026988,-0.0031686,0.0027238
0.0021041,-0.0021076,0.0024525,0.0021028,-0.002106,0.0024702
0.0032225,-0.0022878,0.0026905,0.003221,-0.0022866,0.0027066
0.0018779,-0.0021715,0.0026583,0.0018769,-0.0021701,0.0026768
0.0023959,-0.0029801,0.0024906,0.0023948,-0.0029783,0.0025063
0.0020902,-0.0031811,0.0026124,0.0020892,-0.0031793,0.0026286
7.79e-05,0.0032387,0.0137612,7.78e-05,0.0032367,0.0138232
-0.0004304,0.0015191,0.0126738,-0.0004304,0.0015186,0.0127336
-0.0004754,0.0016299,0.0129556,-0.0004753,0.0016292,0.0130161
5.81e-05,0.0016143,0.0125741,5.81e-05,0.0016138,0.0126336
-0.0001571,0.001652,0.0128458,-0.0001571,0.0016514,0.012906
-3.4e-05,0.0019925,0.0126417,-3.4e-05,0.0019917,0.0127012
0.0003384,0.0018422,0.0127513,0.0003382,0.0018415,0.0128112
-0.0001341,0.0015447,0.0131761,-0.0001341,0.001544,0.0132373
-0.0003353,0.0018681,0.0128561,-0.0003352,0.0018673,0.0129162
-0.0003743,0.0024587,0.0121608,-0.0003743,0.0024578,0.0122183
2.02e-05,0.0024105,0.0118686,2.02e-05,0.0024097,0.011925
6.2e-06,0.0028094,0.0119201,6.1e-06,0.0028081,0.0119766
0.0003286,0.0025995,0.0120248,0.0003285,0.0025984,0.0120818
-0.0002252,0.0029089,0.0123426,-0.0002252,0.0029074,0.0124006
0.0003115,0.0023694,0.0122414,0.0003114,0.0023685,0.0122993
-0.0003893,0.0024378,0.0126117,-0.0003892,0.0024367,0.0126708
-0.0002752,0.0024945,0.0119098,-0.0002752,0.0024935,0.0119664
-0.0005331,0.0029648,0.0112984,-0.0005329,0.0029633,0.0113524
-0.0001025,0.003136,0.0113229,-0.0001025,0.0031344,0.011377
1.33e-05,0.0032255,0.0116513,1.33e-05,0.0032238,0.0117066
0.0003093,0.0032043,0.0114811,0.0003092,0.0032026,0.0115358
0.0003514,0.001501,0.0127767,0.0003512,0.0015005,0.0128368
0.0007448,0.0014661,0.0126262,0.0007446,0.0014656,0.0126858
0.0002554,0.0018967,0.0124399,0.0002553,0.0018961,0.0124988
0.0003169,0.0026772,0.0117329,0.0003167,0.0026761,0.0117887
0.0003097,0.0030199,0.011171,0.0003096,0.0030184,0.0112245
0.0008676,0.0030127,0.0112435,0.0008672,0.0030112,0.0112972
0.0006088,0.0030837,0.0113878,0.0006085,0.0030821,0.0114421
0.0007531,0.0030403,0.0116643,0.0007528,0.0030387,0.0117197
0.0010365,0.0029573,0.0115719,0.0010359,0.0029557,0.0116269
-0.0019944,-0.0047518,0.0018278,-0.0019932,-0.0047489,0.0018362
-0.0026708,-0.0042596,0.0018066,-0.0026691,-0.004257,0.0018155
-0.0021771,-0.0043915,0.0017786,-0.0021757,-0.0043886,0.0017881
0.0015427,0.000191,0.0012742,0.0015409,0.000191,0.0012909
0.0021751,0.0008041,0.0014572,0.0021729,0.0008035,0.0014733
0.0020252,0.0002638,0.0014367,0.0020231,0.0002637,0.0014532
0.0015105,0.0001931,0.0014112,0.0015089,0.0001931,0.0014282
0.001884,-0.0003453,0.001445,0.001882,-0.0003447,0.0014616
0.0019043,0.00014,0.0016204,0.0019024,0.0001401,0.0016376
0.0011092,0.000254,0.0012571,0.0011079,0.0002539,0.001274
0.0010251,0.0001302,0.0014703,0.001024,0.0001303,0.001488
0.002838,0.0002218,0.0022482,0.0028362,0.0002218,0.0022656
0.00268,-3.47e-05,0.0020472,0.002678,-3.45e-05,0.0020644
0.0022849,0.000107,0.0019494,0.0022831,0.0001071,0.0019669
0.0021943,0.0006985,0.002139,0.0021927,0.0006982,0.0021571
0.00221,-0.0001721,0.0017641,0.002208,-0.0001717,0.0017812
0.0023279,-0.0005157,0.0021162,0.0023262,-0.0005151,0.002134
0.0022406,-0.0002883,0.0019596,0.0022389,-0.0002879,0.0019772
0.0018967,-4.19e-05,0.0020747,0.0018952,-4.17e-05,0.0020932
0.0041299,-0.0001092,0.0029779,0.0041283,-0.0001091,0.0029946
6.17e-05,0.0046984,0.0018005,6.17e-05,0.0046956,0.001811
0.0006151,0.0047662,0.0017984,0.0006147,0.0047635,0.0018084
0.0004043,0.0019773,0.0016363,0.000404,0.0019756,0.0016535
0.0006326,0.0022102,0.0017851,0.0006321,0.0022085,0.0018023
0.0009082,0.002013,0.0018802,0.0009075,0.0020115,0.0018977
0.0014113,0.0021228,0.0020053,0.0014103,0.0021214,0.0020226
0.0004373,0.0021302,0.0019133,0.000437,0.0021286,0.001931
0.0005358,0.0024758,0.0018554,0.0005354,0.0024739,0.0018724
0.0003226,0.0025614,0.0019639,0.0003224,0.0025595,0.001981
0.0003562,0.0025663,0.0021452,0.000356,0.0025646,0.0021629
0.0003735,0.0020499,0.0021094,0.0003732,0.0020485,0.0021277
-4.89e-05,0.0020702,0.0021049,-4.88e-05,0.0020688,0.0021233
0.0003883,0.0021161,0.0023277,0.0003881,0.0021148,0.0023466
-3.9e-05,0.0036829,0.0027866,-3.89e-05,0.0036814,0.0028038
0.0003802,0.0040169,0.0028989,0.0003801,0.0040155,0.0029156
0.0008108,0.003795,0.0028701,0.0008105,0.0037935,0.002887
0.00092,0.0036275,0.0030826,0.0009197,0.0036262,0.0031007
0.0003098,0.0034457,0.0029493,0.0003096,0.0034444,0.0029676
0.0008252,0.0037599,0.0033259,0.0008249,0.0037587,0.0033446
-0.0001436,0.0035605,0.0030477,-0.0001435,0.0035591,0.0030661
0.0004008,0.0035924,0.0031931,0.0004007,0.0035911,0.0032119
0.0017012,-0.0021718,0.0122588,0.0017005,-0.0021712,0.0123163
0.0020554,-0.0021716,0.0120736,0.0020544,-0.0021708,0.0121304
0.0024146,-0.001913,0.0121397,0.0024134,-0.0019123,0.0121966
0.0020633,-0.001825,0.0119929,0.0020625,-0.0018244,0.0120495
0.0017162,-0.0017642,0.0117907,0.0017157,-0.0017639,0.0118466
0.0020593,-0.0017431,0.0124192,0.0020584,-0.0017426,0.0124773
0.0020945,-0.0021006,0.0123921,0.0020935,-0.0020999,0.01245
0.0017176,-0.0019419,0.012063,0.001717,-0.0019415,0.0121199
0.0016957,-0.0014143,0.0119622,0.0016953,-0.0014141,0.012019
0.001696,-0.0018533,0.0123658,0.0016954,-0.0018528,0.0124239
0.001602,-0.0015651,0.0122504,0.0016016,-0.0015649,0.0123083
0.0018189,-0.0020602,0.012547,0.001818,-0.0020596,0.0126055
0.0016177,-0.0030809,0.0137727,0.0016167,-0.0030794,0.0138342
0.0019858,-0.0029448,0.0137718,0.0019847,-0.0029435,0.0138334
0.0019008,-0.0025636,0.0137255,0.0018997,-0.0025625,0.0137871
0.002384,-0.0026306,0.0137769,0.0023826,-0.0026295,0.0138385
0.0021727,-0.0026345,0.0140932,0.0021715,-0.0026334,0.0141555
0.0022512,-0.0025878,0.0134534,0.0022499,-0.0025866,0.0135142
-0.0018679,0.0029986,0.0137413,-0.0018669,0.0029967,0.0138031
-0.001277,0.0016089,0.0127863,-0.0012767,0.0016082,0.0128461
-0.0009158,0.00156,0.012736,-0.0009156,0.0015594,0.0127958
-0.0006726,0.0017311,0.0127881,-0.0006724,0.0017304,0.0128481
-0.0010801,0.0020499,0.0123237,-0.0010798,0.0020491,0.0123819
-0.001491,0.001603,0.0119502,-0.0014907,0.0016025,0.012007
-0.0016054,0.001977,0.0118538,-0.001605,0.0019762,0.0119101
-0.0016548,0.002006,0.0122595,-0.0016543,0.0020051,0.0123173
-0.0015145,0.0016383,0.0124142,-0.0015141,0.0016377,0.0124728
-0.0013165,0.0014494,0.0121861,-0.0013163,0.001449,0.012244
-0.0021571,0.0022202,0.0115284,-0.0021562,0.0022191,0.0115833
-0.0018527,0.0016992,0.0125305,-0.0018521,0.0016984,0.0125893
-0.0022275,0.0022668,0.0110037,-0.0022265,0.0022656,0.0110564
-0.001508,0.0023041,0.0112177,-0.0015074,0.0023031,0.0112715
-0.0015865,0.0027773,0.0112856,-0.0015858,0.0027758,0.0113395
-0.0012554,0.0027046,0.0113983,-0.0012549,0.0027033,0.0114527
-0.0017767,0.0027934,0.0115791,-0.0017758,0.0027918,0.0116341
-0.0015458,0.0024598,0.0116357,-0.0015452,0.0024587,0.0116911
-0.0011859,0.0024002,0.0114946,-0.0011855,0.0023992,0.0115495
-0.0019225,0.0024467,0.0117604,-0.0019217,0.0024454,0.0118162
-0.0023105,0.0027282,0.0109702,-0.0023093,0.0027266,0.0110225
0.0011635,-0.0020195,0.001765,0.0011625,-0.0020175,0.0017819
0.0009263,-0.0022055,0.0021001,0.0009257,-0.0022036,0.0021179
-5.62e-05,-0.0024029,0.0016775,-5.61e-05,-0.0024004,0.001694
0.0001054,-0.0019132,0.001643,0.0001053,-0.0019111,0.0016603
0.0003182,-0.0023459,0.0020211,0.0003181,-0.0023438,0.0020387
-0.0001432,-0.002147,0.0020387,-0.0001431,-0.002145,0.0020567
0.000569,-0.0016711,0.0018851,0.0005685,-0.0016694,0.0019032
0.000716,-0.0030697,0.0019893,0.0007156,-0.0030672,0.0020052
0.0002757,-0.0027846,0.002295,0.0002755,-0.0027826,0.0023126
0.0007125,-0.0048849,0.0018848,0.0007122,-0.0048819,0.0018946
0.0011673,-0.0048551,0.0019725,0.0011667,-0.0048523,0.0019823
0.0007139,-0.0043795,0.0017282,0.0007135,-0.0043763,0.0017394
-0.0009462,-0.0050416,0.0016374,-0.0009455,-0.0050382,0.0016455
-0.0004608,-0.0048868,0.0015143,-0.0004603,-0.004883,0.001523
0.003441,0.0031702,0.0015544,0.0034385,0.003168,0.0015643
0.003953,0.0030901,0.0017873,0.0039507,0.0030886,0.0017966
0.0011177,0.0022576,0.0018469,0.0011168,0.0022559,0.0018638
0.0015502,0.0021973,0.0018343,0.0015489,0.0021956,0.0018508
0.0017582,0.0019577,0.0019453,0.0017568,0.0019563,0.0019622
0.0018227,0.0019654,0.0021239,0.0018214,0.0019642,0.0021413
0.0015171,0.0020674,0.0021796,0.0015161,0.0020661,0.0021974
0.0032483,0.0021589,0.0029079,0.003247,0.0021582,0.002925
0.0031331,0.0024972,0.0029912,0.0031319,0.0024964,0.0030083
0.0038122,0.0020692,0.0032224,0.0038109,0.0020687,0.0032396
0.0031798,0.0020285,0.0030693,0.0031785,0.0020279,0.0030873
0.0031597,0.0025381,0.0031835,0.0031586,0.0025374,0.0032012
0.0031582,0.0025307,0.0033971,0.0031571,0.00253,0.0034157
0.0031595,0.0018747,0.003276,0.0031582,0.0018742,0.003295
0.0013594,0.0028446,0.0137603,0.0013587,0.0028428,0.0138222
0.0013154,0.0032678,0.0137429,0.0013146,0.0032657,0.0138047
0.0014405,0.0025125,0.0137179,0.0014397,0.0025109,0.0137798
0.0013403,0.0025003,0.0139854,0.0013396,0.0024987,0.014048
0.0017883,0.0016766,0.0117763,0.0017877,0.001676,0.0118324
0.0017335,0.0017702,0.0120783,0.0017329,0.0017694,0.0121354
0.0021663,0.001607,0.0120112,0.0021655,0.0016063,0.012068
0.0020993,0.0019456,0.0120439,0.0020983,0.0019446,0.0121008
0.0024543,0.0019168,0.0120401,0.002453,0.0019157,0.0120969
0.001782,0.0020358,0.0119785,0.0017812,0.0020349,0.0120352
0.0021336,0.0023576,0.0120845,0.0021325,0.0023562,0.0121414
0.0019395,0.0021052,0.012261,0.0019386,0.0021042,0.0123187
0.0022306,0.0017185,0.0123733,0.0022295,0.0017176,0.0124314
0.0016061,0.0014905,0.0121761,0.0016057,0.00149,0.0122338
0.0020544,0.0023473,0.0124463,0.0020533,0.0023459,0.0125044
0.0017188,0.0019979,0.0116432,0.0017182,0.0019971,0.0116987
0.0018589,0.0015662,0.012496,0.0018582,0.0015654,0.0125547
0.0017354,0.0022903,0.0111055,0.0017346,0.0022892,0.0111587
0.0016561,0.0025029,0.0113493,0.0016553,0.0025016,0.0114035
0.0020686,0.0023796,0.0110634,0.0020675,0.0023783,0.0111164
0.0022137,0.0024541,0.0114088,0.0022125,0.0024527,0.0114631
0.0013415,0.0025538,0.0111628,0.0013409,0.0025526,0.0112164
0.0021594,0.0023735,0.0116956,0.0021583,0.0023721,0.011751
0.0017268,0.0023336,0.011731,0.0017261,0.0023324,0.0117868
0.0017034,0.0026558,0.0109491,0.0017025,0.0026544,0.0110016
0.002827,0.0017848,0.0129962,0.0028254,0.0017836,0.0130559
0.0025101,0.001636,0.0111437,0.002509,0.0016351,0.0111971
0.0026033,0.0016482,0.0114094,0.002602,0.0016472,0.0114638
0.0024893,0.0019726,0.0114197,0.0024881,0.0019716,0.0114741
0.0025489,0.0016283,0.0117556,0.0025476,0.0016274,0.0118114
0.0024959,0.0020134,0.0117315,0.0024946,0.0020123,0.0117871
0.002455,0.0020112,0.0111144,0.0024538,0.0020101,0.0111675
0.0032763,-0.0004547,0.0137542,0.0032745,-0.0004547,0.0138159
0.0027041,-0.0023415,0.013795,0.0027026,-0.0023405,0.0138567
0.0030326,-0.001087,0.0133676,0.0030309,-0.0010867,0.0134283
0.0033638,-0.001146,0.0134051,0.0033618,-0.0011457,0.0134659
0.0048958,-0.0011302,0.0018295,0.0048931,-0.0011294,0.0018388
0.0012218,0.0031314,0.0024054,0.0012211,0.0031298,0.0024222
0.0017065,0.0029304,0.0027792,0.0017057,0.0029292,0.0027971
-0.0040121,0.0014093,0.0016871,-0.004009,0.0014085,0.001699
-0.0035879,0.0014694,0.001565,-0.0035847,0.0014683,0.0015778
-0.0040419,0.0013901,0.0018581,-0.0040391,0.0013894,0.0018704
-0.0011897,0.0012786,0.0013018,-0.0011882,0.0012774,0.0013184
-0.0007685,0.0016755,0.0013062,-0.0007675,0.0016738,0.0013227
-0.0015465,0.0008562,0.0013704,-0.0015447,0.0008554,0.0013871
-0.0018031,0.0005945,0.0015148,-0.0018012,0.0005941,0.0015318
-0.0041015,0.0009071,0.001736,-0.0040985,0.0009066,0.0017481
-0.0046353,0.0008769,0.0020294,-0.0046328,0.0008767,0.0020407
-0.002689,0.0015191,0.0113687,-0.0026878,0.0015184,0.011423
-0.0023391,0.0015682,0.0113555,-0.0023382,0.0015675,0.0114097
-0.0023672,0.001948,0.0112508,-0.0023661,0.001947,0.0113045
-0.0019075,0.0019821,0.0112119,-0.0019068,0.0019813,0.0112656
-0.0024744,0.0020507,0.0115871,-0.0024733,0.0020495,0.0116422
-0.0023545,0.0016889,0.0116643,-0.0023536,0.0016881,0.0117198
-0.0018071,0.0016597,0.0117448,-0.0018067,0.0016591,0.0118008
-0.0027859,0.0016489,0.0116278,-0.0027846,0.0016479,0.0116829
-0.0025252,0.0024527,0.0116977,-0.0025239,0.0024513,0.0117531
-0.0027255,0.0022455,0.0134397,-0.002724,0.002244,0.0135007
0.0034074,0.0007028,0.0137307,0.0034054,0.0007021,0.0137924
0.0011893,-0.0049249,0.0017702,0.0011887,-0.0049217,0.001779
0.0012303,-0.004432,0.0015855,0.0012295,-0.0044284,0.0015957
0.0043625,0.0010628,0.0016135,0.0043594,0.0010622,0.0016243
-0.0046034,0.0013826,0.0020473,-0.004601,0.0013822,0.0020582
-0.0034394,0.0020682,0.0018881,-0.003437,0.002067,0.0019014
-0.0034703,-0.0035095,0.0021832,-0.0034686,-0.0035078,0.0021939
-0.0030359,-0.0038495,0.0021321,-0.0030344,-0.0038475,0.0021428
0.0028076,-0.0007665,0.0023003,0.0028058,-0.0007658,0.0023176
0.0021022,-0.0009248,0.0021214,0.0021007,-0.0009239,0.0021394
0.0020892,-0.00075,0.0023764,0.0020878,-0.0007493,0.0023953
8.81e-05,-0.0042839,0.0016128,8.81e-05,-0.0042803,0.0016243
-0.0002249,-0.004005,0.0019146,-0.0002246,-0.004002,0.0019279
-0.0004902,-0.00291,0.0019014,-0.0004898,-0.0029075,0.0019175
-5.4e-05,-0.0026047,0.0021466,-5.39e-05,-0.0026025,0.0021641
-0.0005331,-0.0020445,0.001636,-0.0005325,-0.0020424,0.0016529
-0.0004964,-0.0023937,0.0021396,-0.000496,-0.0023917,0.0021574
-0.0006842,-0.0023641,0.0019752,-0.0006837,-0.002362,0.0019925
-0.000449,-0.0019017,0.0019861,-0.0004486,-0.0019,0.0020043
-0.0010706,-0.0028547,0.0043922,-0.0010701,-0.0028533,0.0044161
-0.000706,-0.0030167,0.0043801,-0.0007056,-0.0030153,0.004404
-0.0006669,-0.0024428,0.0043134,-0.0006666,-0.0024415,0.0043378
-0.0001286,-0.0025065,0.0043405,-0.0001285,-0.0025052,0.0043651
-0.0001355,-0.0024032,0.0046057,-0.0001354,-0.0024019,0.0046313
-0.0009899,-0.0025161,0.0045182,-0.0009894,-0.0025148,0.0045431
-0.0004812,-0.0020137,0.0042378,-0.0004809,-0.0020126,0.0042625
-0.0004479,-0.0024084,0.0044996,-0.0004477,-0.0024071,0.0045248
-0.0004881,-0.0029325,0.0046534,-0.0004878,-0.002931,0.0046784
-0.0001176,-0.0027995,0.0045689,-0.0001175,-0.002798,0.0045939
-0.0009296,-0.0029563,0.0046579,-0.0009292,-0.0029548,0.0046827
-0.0005808,-0.0019082,0.004456,-0.0005805,-0.0019071,0.0044816
-0.0005348,-0.0028419,0.0049901,-0.0005345,-0.0028403,0.0050165
-0.0010037,-0.0020365,0.0042944,-0.0010032,-0.0020354,0.0043192
-0.0008668,-0.0021491,0.004559,-0.0008664,-0.0021479,0.0045845
-0.0009754,-0.0024311,0.0050256,-0.0009749,-0.0024298,0.0050524
-0.0003185,-0.0004373,0.0052724,-0.0003184,-0.0004369,0.0053017
-0.0007132,-0.0027202,0.0045076,-0.0007128,-0.0027189,0.0045323
-0.0009957,-0.002738,0.0048912,-0.0009952,-0.0027365,0.0049171
0.0042241,0.0015508,0.0019138,0.0042217,0.0015501,0.0019256
0.0046485,0.001424,0.0020932,0.0046464,0.0014235,0.0021042
0.0038587,-0.0002577,0.0015441,0.0038554,-0.0002572,0.0015568
0.0019893,-0.0009128,0.0017603,0.0019875,-0.0009117,0.0017774
0.0011461,-0.0006632,0.0013202,0.0011449,-0.0006622,0.0013371
0.0009175,-0.0002013,0.0012829,0.0009165,-0.0002009,0.0013
0.0022916,0.002112,0.0129846,0.0022903,0.0021106,0.0130445
0.0027401,0.0021332,0.0129018,0.0027385,0.0021318,0.0129613
0.0005764,0.0035389,0.0130325,0.000576,0.0035367,0.0130924
-0.0010402,0.0002066,0.0013055,-0.001039,0.0002066,0.0013227
-0.0007323,0.0005866,0.0012218,-0.0007314,0.0005861,0.0012388
-0.0005197,0.0002798,0.0012722,-0.0005191,0.0002797,0.0012895
-0.001249,8.14e-05,0.0014588,-0.0012476,8.15e-05,0.0014763
-0.0007217,0.0001536,0.0014285,-0.0007208,0.0001537,0.0014462
-0.0013082,-0.000398,0.0014081,-0.0013067,-0.0003973,0.0014253
-0.0017406,-4.75e-05,0.001383,-0.0017386,-4.73e-05,0.0013997
-0.0017051,-0.0002459,0.0015177,-0.0017033,-0.0002454,0.0015348
-0.0019103,7.88e-05,0.0020717,-0.0019088,7.89e-05,0.0020902
-0.002017,0.0001231,0.0018736,-0.0020152,0.0001232,0.0018914
-0.0015934,0.0001971,0.0018643,-0.0015919,0.0001971,0.0018826
-0.0022777,0.0006596,0.0019353,-0.0022758,0.0006592,0.0019527
-0.0025139,-6.38e-05,0.0018616,-0.0025117,-6.36e-05,0.0018785
-0.0029609,-0.0001615,0.0024706,-0.0029591,-0.0001612,0.0024884
-0.0026003,0.0005749,0.0021635,-0.0025984,0.0005747,0.0021811
-0.0023838,-7.23e-05,0.0022934,-0.0023821,-7.21e-05,0.0023119
-0.0034901,0.0005341,0.0028172,-0.0034884,0.000534,0.0028348
-0.0032923,-0.0001782,0.0023594,-0.0032903,-0.0001779,0.0023761
-0.0034342,-0.0002634,0.0026557,-0.0034324,-0.000263,0.0026731
-0.001627,0.0004337,0.001706,-0.0016254,0.0004335,0.0017237
-0.0008247,0.0001106,0.001694,-0.0008239,0.0001107,0.0017124
-0.0011316,3.32e-05,0.0018582,-0.0011306,3.34e-05,0.0018769
-0.0006261,5.24e-05,0.0018178,-0.0006255,5.26e-05,0.0018368
-0.00113,-0.0002783,0.0019904,-0.001129,-0.0002779,0.0020095
-0.0014756,0.0008705,0.0020738,-0.0014744,0.0008699,0.0020926
-0.0017531,0.0006759,0.0018794,-0.0017515,0.0006755,0.0018974
-0.0015574,-6.38e-05,0.0017505,-0.0015559,-6.35e-05,0.0017684
-0.001607,-0.0003242,0.0020906,-0.0016057,-0.0003237,0.0021095
-0.0016502,-0.0002237,0.0019298,-0.0016488,-0.0002234,0.0019481
-0.0015862,0.0004335,0.0020647,-0.0015848,0.0004334,0.0020835
-0.000822,0.0001454,0.0020081,-0.0008213,0.0001455,0.0020275
-0.0006578,0.0006149,0.0019707,-0.0006572,0.0006146,0.00199
-0.0011267,0.0011077,0.0020184,-0.0011257,0.001107,0.0020372
-0.0003787,0.0003161,0.0019689,-0.0003783,0.000316,0.0019884
-0.0010782,0.0001563,0.0022198,-0.0010774,0.0001564,0.0022396
-0.001579,0.0001604,0.0022413,-0.0015778,0.0001605,0.0022607
-0.0011191,-0.0002962,0.0022604,-0.0011182,-0.0002958,0.0022803
-0.0017843,0.0011267,0.0020558,-0.0017829,0.001126,0.002074
-0.0014945,0.0005068,0.0022926,-0.0014934,0.0005066,0.0023122
-0.0015444,0.0010603,0.0022697,-0.0015432,0.0010597,0.0022888
-0.0014856,0.0004427,0.0025236,-0.0014845,0.0004426,0.0025439
-0.001443,-4.39e-05,0.0021269,-0.0014418,-4.37e-05,0.0021461
-0.0016257,-0.0007842,0.0020154,-0.0016243,-0.0007834,0.0020339
-0.0014782,-0.0002034,0.0022747,-0.0014771,-0.000203,0.0022942
-0.0017273,4.04e-05,0.0024577,-0.0017261,4.05e-05,0.0024776
-0.0018862,-0.000241,0.0022784,-0.0018848,-0.0002407,0.0022975
-0.003261,0.0003066,0.0028569,-0.0032594,0.0003066,0.0028753
-0.0027507,-1.53e-05,0.0028619,-0.0027492,-1.51e-05,0.0028814
-0.0023116,1.79e-05,0.0028786,-0.0023103,1.81e-05,0.0028988
-0.0032646,5.07e-05,0.0029844,-0.003263,5.08e-05,0.0030032
-0.0029843,-0.0004916,0.0029709,-0.0029827,-0.0004912,0.0029902
-0.0026605,5.67e-05,0.0030907,-0.0026591,5.68e-05,0.0031111
-0.0038836,0.0006538,0.0029515,-0.003882,0.0006537,0.0029686
-0.003359,0.0005416,0.0030339,-0.0033574,0.0005415,0.0030526
-0.003857,0.0006753,0.0031661,-0.0038555,0.0006752,0.0031839
-0.0034074,0.00116,0.0030796,-0.0034059,0.0011597,0.0030979
-0.0033943,0.0005846,0.0032406,-0.0033929,0.0005845,0.0032599
-0.0032214,-0.0009014,0.0028613,-0.0032198,-0.0009008,0.0028795
-0.0034644,-0.0004374,0.003039,-0.0034628,-0.000437,0.0030574
-0.003775,-3.68e-05,0.003077,-0.0037733,-3.66e-05,0.0030949
-0.003975,0.0011206,0.0029994,-0.0039735,0.0011203,0.0030161
-0.0041378,-8.23e-05,0.0030535,-0.0041362,-8.21e-05,0.0030704
-0.0049029,-0.0006519,0.0021302,-0.0049006,-0.0006515,0.0021408
-0.0042397,-0.0008713,0.0019825,-0.0042371,-0.0008706,0.001995
-0.0044548,0.0001032,0.0021269,-0.0044523,0.0001034,0.0021394
-0.0047751,-0.0012368,0.0021202,-0.0047728,-0.001236,0.0021308
-0.0044333,-0.0011752,0.0020067,-0.0044308,-0.0011744,0.0020183
-0.0046244,-0.0016606,0.0021243,-0.0046222,-0.0016596,0.0021349
-0.0036665,-0.0013584,0.0019036,-0.0036639,-0.0013573,0.0019172
-0.0044396,-0.0021001,0.0021157,-0.0044374,-0.0020989,0.0021263
-0.0033433,-0.001762,0.0018609,-0.0033408,-0.0017605,0.0018748
-0.0039501,-0.002894,0.002313,-0.0039485,-0.0028926,0.0023243
-0.0038489,-0.0028646,0.0024248,-0.0038473,-0.0028633,0.002437
-0.0032408,-0.0028408,0.0030758,-0.0032396,-0.0028396,0.0030923
-0.0030147,-0.0021696,0.0028647,-0.0030134,-0.0021684,0.0028821
-0.0029438,-0.0025905,0.0031019,-0.0029427,-0.0025893,0.0031195
-0.0028203,-0.0019145,0.0029864,-0.002819,-0.0019134,0.0030048
-0.0025359,-0.0026279,0.0031041,-0.0025348,-0.0026267,0.0031224
-0.0025758,-0.0024809,0.0033042,-0.0025746,-0.0024797,0.0033233
-0.0029249,-0.0025747,0.0033252,-0.0029238,-0.0025736,0.0033436
-0.0035572,-0.0017462,0.0031958,-0.0035558,-0.0017453,0.0032136
-0.0025314,0.0041485,0.0021003,-0.0025301,0.0041467,0.0021112
-0.0020539,0.0040409,0.0019799,-0.0020527,0.0040388,0.0019916
-0.0016528,0.0037729,0.0019065,-0.0016517,0.0037706,0.0019195
-0.0041701,0.002514,0.0021302,-0.004168,0.002513,0.0021412
-0.0028545,0.0027563,0.0018761,-0.0028524,0.0027546,0.0018895
-0.0011413,-0.0022843,0.0121361,-0.001141,-0.0022837,0.0121933
-0.0008047,-0.0017293,0.0123812,-0.0008046,-0.0017291,0.0124397
-0.0013186,-0.0015104,0.0119891,-0.0013185,-0.0015104,0.0120461
-0.0011781,-0.0015521,0.0123763,-0.001178,-0.001552,0.0124347
-0.000916,-0.001349,0.012294,-0.0009159,-0.0013491,0.0123524
-0.0006526,-0.0014301,0.0123099,-0.0006526,-0.0014302,0.0123684
-0.0008973,-0.0013546,0.0116334,-0.0008974,-0.0013548,0.0116892
-0.0011585,-0.0009818,0.0120215,-0.0011585,-0.0009819,0.0120789
-0.0013778,-0.0007624,0.0120285,-0.0013778,-0.0007626,0.0120859
-0.0011954,-0.0008625,0.0123258,-0.0011953,-0.0008626,0.0123844
-0.0011101,-0.0012038,0.0124707,-0.00111,-0.0012038,0.0125297
-0.0011256,-0.0012543,0.0117971,-0.0011256,-0.0012544,0.0118536
-0.0008579,-0.0031478,0.0112957,-0.0008575,-0.0031464,0.0113494
-0.0007017,-0.0027563,0.0114022,-0.0007015,-0.0027554,0.0114565
-0.0008742,-0.0024209,0.0112986,-0.000874,-0.0024203,0.0113526
-0.0005202,-0.0025208,0.0112584,-0.0005201,-0.0025202,0.0113123
-0.0007394,-0.0019841,0.0113575,-0.0007394,-0.001984,0.0114119
-0.0005488,-0.0028038,0.0116925,-0.0005487,-0.0028028,0.0117478
-0.0012407,-0.0025988,0.0114167,-0.0012403,-0.002598,0.011471
-0.0011897,-0.002861,0.0111623,-0.0011892,-0.0028599,0.0112155
-0.0012445,-0.0030559,0.0106616,-0.001244,-0.0030545,0.0107125
-0.0008662,-0.0030421,0.0106681,-0.0008658,-0.0030408,0.0107192
-0.0008173,-0.0028502,0.0110552,-0.000817,-0.0028491,0.011108
-0.0013048,-0.0025981,0.0105634,-0.0013043,-0.0025971,0.0106142
-0.001257,-0.0024918,0.0110305,-0.0012566,-0.002491,0.0110834
-0.0009668,-0.002575,0.0088665,-0.0009663,-0.0025736,0.0089095
-0.0006071,-0.0025793,0.0088707,-0.0006068,-0.0025779,0.0089139
-0.0002166,-0.0025303,0.0089309,-0.0002165,-0.002529,0.0089744
-0.000477,-0.0021814,0.0088583,-0.0004768,-0.0021804,0.0089016
-0.0008181,-0.002154,0.0089791,-0.0008177,-0.0021531,0.009023
-0.0012199,-0.0022116,0.0089871,-0.0012193,-0.0022105,0.0090308
-0.0005083,-0.0018175,0.0089026,-0.0005081,-0.0018168,0.0089463
-0.0004267,-0.0014458,0.0087986,-0.0004265,-0.0014452,0.008842
-0.0005895,-0.0021513,0.0091929,-0.0005893,-0.0021504,0.0092378
-0.0004424,-0.0025968,0.0092479,-0.0004422,-0.0025956,0.0092928
-4.21e-05,-0.0025401,0.0092329,-4.21e-05,-0.0025389,0.0092778
-0.0008359,-0.0025072,0.0092096,-0.0008356,-0.002506,0.0092543
-0.0006304,-0.0016574,0.0091643,-0.0006301,-0.0016568,0.0092093
-0.0004027,-0.0024861,0.0096845,-0.0004025,-0.0024852,0.0097315
-0.0009718,-0.0017802,0.0089197,-0.0009714,-0.0017795,0.0089634
-0.0008017,-0.0018947,0.0093239,-0.0008014,-0.0018941,0.0093695
-0.0009198,-0.0022159,0.0093105,-0.0009194,-0.002215,0.0093559
-0.0007659,-0.0020532,0.0098526,-0.0007657,-0.0020525,0.0099005
-0.0009981,-0.0025026,0.009614,-0.0009977,-0.0025016,0.0096605
-0.0021535,-0.0029086,0.0129793,-0.0021524,-0.0029072,0.0130387
-0.0018672,-0.0030416,0.013028,-0.0018662,-0.0030401,0.0130875
0.0014213,-0.0016987,0.0119742,0.0014209,-0.0016985,0.0120309
0.0013051,-0.0013231,0.0119583,0.0013049,-0.0013232,0.0120153
0.0013838,-0.0019235,0.0122727,0.0013833,-0.0019231,0.0123304
0.0014295,-0.0021554,0.0125106,0.0014289,-0.0021548,0.0125691
0.0009628,-0.0012674,0.0117434,0.0009628,-0.0012675,0.0117997
0.0012817,-0.0010245,0.0123852,0.0012814,-0.0010246,0.0124439
0.0014078,-0.0013258,0.0123497,0.0014074,-0.0013258,0.0124081
0.0009795,-0.001341,0.0122005,0.0009793,-0.0013411,0.0122585
0.0012926,-0.0012074,0.0116462,0.0012925,-0.0012075,0.0117019
0.0007874,-0.0011581,0.0119507,0.0007874,-0.0011583,0.0120079
0.000643,-0.0013141,0.0122421,0.0006429,-0.0013142,0.0123004
0.0010905,-0.002895,0.0112596,0.0010899,-0.0028938,0.0113131
0.0016333,-0.0025508,0.0113137,0.0016325,-0.0025498,0.0113675
0.0013063,-0.0025859,0.0111946,0.0013057,-0.0025849,0.011248
0.0007629,-0.0025137,0.0113096,0.0007626,-0.002513,0.0113636
0.0014882,-0.0021445,0.0111806,0.0014877,-0.0021439,0.0112341
0.0014112,-0.0025166,0.0117621,0.0014106,-0.0025156,0.0118177
0.0009973,-0.0029179,0.0116099,0.0009968,-0.0029167,0.0116649
0.0013267,-0.0030137,0.0110377,0.001326,-0.0030124,0.0110902
0.0010656,-0.0022814,0.0112779,0.0010652,-0.0022809,0.0113318
0.0011216,-0.0027699,0.0118323,0.0011211,-0.0027688,0.0118881
0.0007392,-0.0027753,0.0116383,0.0007389,-0.0027743,0.0116935
0.0008527,-0.0034799,0.0130163,0.0008522,-0.0034782,0.0130759
0.0013573,-0.0009993,0.0128396,0.0013569,-0.0009993,0.0128996
0.0010433,-0.0007482,0.0126164,0.0010432,-0.0007484,0.012676
0.0014606,-0.0007111,0.0126309,0.0014603,-0.0007112,0.0126904
0.001224,-0.0014175,0.0130045,0.0012236,-0.0014173,0.0130649
0.0006508,-0.0009184,0.0127279,0.0006508,-0.0009186,0.0127879
0.0005556,-0.0013777,0.0128301,0.0005555,-0.0013777,0.0128903
0.0003005,-0.0008864,0.0127485,0.0003004,-0.0008866,0.0128087
0.000675,-0.0005891,0.0125979,0.0006749,-0.0005894,0.0126576
-8e-05,-0.0010497,0.0126228,-8e-05,-0.0010498,0.0126825
0.0003795,-0.0005821,0.0128032,0.0003795,-0.0005823,0.0128636
0.0001302,-0.0010194,0.0130701,0.0001301,-0.0010196,0.0131312
0.0003483,-0.0013025,0.0132933,0.0003482,-0.0013024,0.0133547
0.0003176,-0.0012039,0.0124774,0.0003175,-0.001204,0.0125366
0.0004518,-0.0018549,0.0120161,0.0004517,-0.0018548,0.0120732
0.0001525,-0.0016136,0.0119657,0.0001524,-0.0016137,0.0120229
0.0006379,-0.0017314,0.0123294,0.0006377,-0.0017312,0.0123878
0.0003376,-0.0017124,0.0123043,0.0003375,-0.0017123,0.0123626
-0.000133,-0.0016122,0.0124957,-0.000133,-0.0016121,0.0125547
0.0004518,-0.0022104,0.0119699,0.0004517,-0.0022101,0.0120267
-9.19e-05,-0.0022046,0.0124317,-9.2e-05,-0.0022042,0.0124902
0.0002152,-0.0028812,0.0113233,0.0002151,-0.0028802,0.0113772
0.0007074,-0.0029542,0.0112898,0.0007071,-0.0029531,0.0113435
0.0003316,-0.0025348,0.0112112,0.0003315,-0.0025342,0.0112648
0.0007591,-0.0021403,0.0114566,0.0007589,-0.00214,0.0115114
0.0002009,-0.0030087,0.0116137,0.0002008,-0.0030076,0.0116687
-8.29e-05,-0.0025185,0.0112607,-8.3e-05,-0.0025179,0.0113146
0.0001398,-0.002082,0.0112102,0.0001397,-0.0020818,0.0112641
0.0003759,-0.0023897,0.0117216,0.0003758,-0.0023892,0.0117773
0.0003799,-0.0027565,0.0118138,0.0003797,-0.0027556,0.0118697
-0.0014919,-0.0032417,0.013024,-0.0014912,-0.0032401,0.0130836
-0.0011327,-0.0034069,0.0130052,-0.0011321,-0.0034052,0.0130646
-0.0010656,-0.0031276,0.0130754,-0.0010651,-0.0031261,0.0131352
-0.0006966,-0.0011756,0.0128178,-0.0006966,-0.0011757,0.012878
-0.0009018,-0.0009915,0.0127499,-0.0009018,-0.0009915,0.0128099
-0.0005365,-0.0009905,0.0126608,-0.0005366,-0.0009907,0.0127206
-0.000964,-0.0007032,0.0126809,-0.000964,-0.0007034,0.0127407
-0.0012689,-0.0010213,0.0131577,-0.0012686,-0.0010212,0.0132186
0.0019113,0.0039652,0.001935,0.0019102,0.003963,0.0019471
0.0023642,0.0036227,0.0019232,0.0023628,0.0036207,0.0019356
0.0018647,0.0044493,0.0021047,0.0018638,0.0044474,0.0021158
0.0017335,0.0010681,0.012067,0.0017331,0.0010678,0.0121243
0.0016779,0.0012758,0.0117939,0.0016776,0.0012755,0.0118502
0.0021145,0.001211,0.0123164,0.0021137,0.0012104,0.0123744
0.0018037,0.0006126,0.0119658,0.0018034,0.0006123,0.0120229
0.0016561,0.0004592,0.0123707,0.0016557,0.0004589,0.0124294
0.0013182,0.0012697,0.0118809,0.001318,0.0012694,0.0119377
0.0014565,0.0015852,0.011867,0.0014562,0.0015847,0.0119235
0.0013278,0.0011982,0.0121952,0.0013276,0.0011979,0.0122532
0.0010174,0.0007145,0.0124179,0.0010173,0.0007143,0.012477
0.0013554,0.0007784,0.0127449,0.0013551,0.000778,0.0128048
0.0008194,0.000862,0.0121594,0.0008193,0.0008618,0.0122175
0.0008542,0.0011571,0.0123773,0.000854,0.0011568,0.0124362
0.0010893,0.0014933,0.01239,0.0010891,0.0014928,0.0124487
0.000894,0.0008105,0.0127254,0.0008939,0.0008102,0.0127854
0.0005675,0.0003822,0.0102961,0.0005675,0.0003822,0.0103462
0.0012594,0.000917,0.0105261,0.0012593,0.0009169,0.0105772
0.0005737,0.0006974,0.0100165,0.0005736,0.0006973,0.0100654
0.000946,0.0012492,0.0101497,0.0009457,0.0012489,0.0101992
0.0009426,0.0007581,0.0104488,0.0009426,0.000758,0.0104996
0.0011311,0.0005592,0.0106815,0.0011311,0.0005592,0.0107334
0.0015035,0.0005118,0.0105478,0.0015033,0.0005116,0.010599
0.0007044,0.000506,0.0105779,0.0007044,0.000506,0.0106293
0.0010529,-0.0002421,0.0106053,0.001053,-0.0002422,0.0106568
0.0012528,0.0005283,0.011081,0.0012528,0.0005282,0.0111346
0.00069,0.000777,0.0102742,0.0006899,0.0007769,0.0103242
0.0007437,0.0010944,0.0100504,0.0007435,0.0010942,0.0100996
0.0005873,0.0008521,0.010547,0.0005873,0.000852,0.0105983
0.0001954,0.0009262,0.010509,0.0001953,0.0009262,0.0105601
0.0006643,0.001125,0.0106681,0.0006643,0.0011249,0.0107199
0.0006189,0.0007097,0.0110631,0.000619,0.0007097,0.0111167
0.0002765,0.0005833,0.0105664,0.0002765,0.0005833,0.0106178
0.0024389,0.0009149,0.0113037,0.0024381,0.0009144,0.0113579
0.0028342,0.000772,0.0112961,0.002833,0.0007716,0.01135
0.002873,0.0011637,0.0111899,0.0028716,0.001163,0.0112434
0.0025865,0.001318,0.0112938,0.0025854,0.0013173,0.0113478
0.0024214,0.0011725,0.0110325,0.0024205,0.001172,0.0110854
0.0027861,0.0009901,0.0106491,0.0027849,0.0009896,0.0107004
0.0030337,0.0011572,0.0108157,0.0030321,0.0011565,0.0108675
0.0026792,0.0012894,0.0105442,0.002678,0.0012887,0.0105949
0.0030342,0.0007575,0.0108936,0.0030327,0.0007571,0.0109458
0.0025514,0.001169,0.0107773,0.0025503,0.0011685,0.0108291
0.0025314,0.0015233,0.0106484,0.0025303,0.0015225,0.0106996
0.0027237,0.0006547,0.0107141,0.0027226,0.0006543,0.0107657
0.002094,0.0003777,0.0088503,0.0020929,0.0003774,0.0088937
0.0024821,0.0005182,0.0088854,0.0024808,0.0005179,0.0089288
0.002693,0.0008646,0.008871,0.0026915,0.0008642,0.0089141
0.0030825,0.0007948,0.0089365,0.0030806,0.0007943,0.0089797
0.002144,0.0007341,0.0089901,0.0021429,0.0007337,0.0090341
0.0018157,0.0008388,0.0088874,0.0018147,0.0008384,0.0089311
0.0027,0.0012313,0.0089995,0.0026984,0.0012306,0.0090431
0.0025359,0.0005038,0.0092532,0.0025347,0.0005036,0.0092983
0.0028894,0.0004776,0.00928,0.0028878,0.0004774,0.009325
0.0021284,0.0004798,0.0092636,0.0021274,0.0004795,0.009309
0.0017498,0.0004612,0.0090354,0.0017489,0.000461,0.0090798
0.002411,0.0001348,0.0092553,0.0024098,0.0001347,0.0093005
0.0025894,0.0005598,0.0097544,0.0025882,0.0005595,0.0098018
0.0023628,0.0011215,0.0090087,0.0023615,0.0011209,0.0090526
0.0020981,0.0015187,0.008974,0.0020969,0.0015179,0.0090178
0.002082,0.0008932,0.0092743,0.0020811,0.0008928,0.0093197
0.0017747,0.0006909,0.0093231,0.0017739,0.0006906,0.0093688
0.0021777,0.0012338,0.0092258,0.0021766,0.0012332,0.0092709
0.0021041,0.0009661,0.009688,0.0021033,0.0009657,0.0097352
0.0020979,-3.69e-05,0.0091833,0.002097,-3.69e-05,0.0092283
0.0021443,-0.0003788,0.0092017,0.0021433,-0.0003786,0.0092467
0.0019815,0.0006538,0.0096181,0.0019808,0.0006535,0.0096652
0.0034665,0.0007781,0.0130145,0.0034644,0.0007775,0.0130742
0.0005747,0.0011539,0.0126257,0.0005746,0.0011536,0.0126854
0.0010913,-0.0002386,0.0126921,0.0010912,-0.0002389,0.0127521
0.000906,0.0001367,0.0128856,0.0009059,0.0001365,0.0129462
0.0013185,9.57e-05,0.0127384,0.0013182,9.55e-05,0.0127984
0.0014532,7.86e-05,0.0130611,0.0014528,7.84e-05,0.013122
0.0011083,0.0004451,0.0127413,0.0011081,0.0004448,0.0128014
0.0007058,0.0004581,0.0128206,0.0007058,0.0004579,0.012881
0.0010299,0.0001506,0.0132722,0.0010296,0.0001504,0.0133338
0.0017117,-0.0001505,0.0119634,0.0017115,-0.0001506,0.0120205
0.0016805,0.0002631,0.0120613,0.0016803,0.0002629,0.0121188
0.0020685,-2.33e-05,0.0123443,0.0020679,-2.35e-05,0.0124027
0.0017824,4.18e-05,0.012237,0.0017821,4.16e-05,0.0122952
0.0017309,0.0001098,0.0125524,0.0017305,0.0001095,0.0126116
0.0016791,-0.0002576,0.0123546,0.0016788,-0.0002578,0.0124132
0.0025826,0.0001433,0.0113019,0.0025817,0.0001431,0.011356
0.0028728,-1.72e-05,0.0112268,0.0028716,-1.74e-05,0.0112805
0.0028114,0.0003933,0.0113273,0.0028103,0.000393,0.0113814
0.0024533,0.0005025,0.0112738,0.0024525,0.0005022,0.0113278
0.0029983,0.0005191,0.0116464,0.0029969,0.0005188,0.0117017
0.0028102,5.29e-05,0.0116022,0.002809,5.27e-05,0.0116574
0.0029918,-0.0003662,0.0115115,0.0029904,-0.0003662,0.0115663
0.0025436,0.0002191,0.0118422,0.0025427,0.0002189,0.0118984
-0.0022425,-0.0025802,0.0130307,-0.0022413,-0.0025791,0.0130903
-0.0031821,-0.0015627,0.0130161,-0.0031804,-0.001562,0.0130757
-0.0015696,-0.001429,0.0123575,-0.0015693,-0.0014288,0.0124158
-0.0018176,-0.0012442,0.0118471,-0.0018173,-0.0012441,0.0119034
-0.0026405,-0.0015381,0.0112584,-0.0026394,-0.0015376,0.0113121
-0.0021393,-0.0016003,0.011363,-0.0021387,-0.0015998,0.0114172
-0.0023209,-0.0014965,0.0116348,-0.0023201,-0.0014962,0.01169
-0.0020477,-0.0010899,0.0114187,-0.0020473,-0.0010898,0.0114733
-0.0027882,-0.0008203,0.0113162,-0.0027871,-0.0008201,0.0113702
-0.0023703,-0.0007082,0.0113941,-0.0023696,-0.0007081,0.0114486
-0.0019657,-0.0014351,0.011632,-0.0019652,-0.0014349,0.0116874
-0.0026662,-0.0011573,0.0113745,-0.0026652,-0.001157,0.0114287
-0.0025929,-0.0009215,0.0116261,-0.002592,-0.0009213,0.0116813
-0.0025925,-0.0013047,0.0118827,-0.0025914,-0.0013043,0.0119388
-0.0026447,-0.0012792,0.011145,-0.0026436,-0.0012788,0.0111982
-0.0033963,-0.0010954,0.0130062,-0.0033945,-0.001095,0.0130658
-0.0016001,-0.0002637,0.0120086,-0.0016001,-0.0002639,0.012066
-0.0015456,-0.0006952,0.0124888,-0.0015453,-0.0006953,0.0125478
-0.0012568,-0.0003269,0.0120133,-0.0012568,-0.000327,0.0120708
-0.002045,-0.0002207,0.0124874,-0.0020445,-0.0002208,0.0125462
-0.0018216,-0.0005071,0.0118674,-0.0018214,-0.0005072,0.011924
-0.0026629,-0.000611,0.0115031,-0.002662,-0.0006109,0.0115579
-0.0020838,-0.000744,0.0114073,-0.0020835,-0.000744,0.011462
-0.0022438,-0.0002127,0.0113144,-0.0022434,-0.0002128,0.0113687
-0.001867,-0.000366,0.0113822,-0.0018669,-0.0003661,0.0114368
-0.0023122,0.0002024,0.0112999,-0.0023117,0.0002022,0.0113541
-0.0024063,-0.0002788,0.0116768,-0.0024058,-0.0002789,0.0117324
-0.0027026,0.0001623,0.011268,-0.0027016,0.0001622,0.0113219
-0.0027896,-0.000336,0.0116116,-0.0027886,-0.0003361,0.0116668
-0.0026938,7.58e-05,0.0116356,-0.0026929,7.56e-05,0.011691
-0.0025703,-0.0005442,0.0118129,-0.0025696,-0.0005442,0.0118689
-0.0024782,-0.0005842,0.0111576,-0.0024775,-0.0005842,0.0112111
-0.0030782,-0.0006497,0.0106968,-0.0030768,-0.0006495,0.0107481
-0.0026264,-0.0001854,0.0107365,-0.0026256,-0.0001855,0.0107882
-0.0030525,-0.0005865,0.0110825,-0.0030511,-0.0005864,0.0111354
-0.0027223,-0.0006145,0.0110134,-0.0027213,-0.0006143,0.0110662
-0.0032605,-0.0004764,0.0104899,-0.0032589,-0.0004762,0.0105402
-0.0018101,0.0002529,0.0122685,-0.0018098,0.0002527,0.0123267
-0.00157,0.000256,0.0121234,-0.0015699,0.0002558,0.0121813
-0.0015417,7.6e-06,0.0124377,-0.0015415,7.4e-06,0.0124967
-0.0011694,0.0001267,0.0124673,-0.0011694,0.0001266,0.0125265
-0.0018573,-5.35e-05,0.0121287,-0.0018571,-5.36e-05,0.0121865
-0.000819,1.66e-05,0.0124469,-0.0008191,1.64e-05,0.0125062
-0.0004125,4.27e-05,0.0122958,-0.0004126,4.25e-05,0.0123546
-0.0006469,-0.0002928,0.0123489,-0.000647,-0.000293,0.0124079
-0.0007458,0.0001728,0.0128102,-0.0007459,0.0001725,0.0128707
-0.0011325,0.0009141,0.0119757,-0.0011326,0.0009139,0.0120331
-0.0013316,0.0004322,0.0123419,-0.0013315,0.0004319,0.0124006
-0.0011953,0.0007845,0.0124548,-0.0011952,0.0007843,0.0125139
-0.0010544,-0.0001496,0.0121527,-0.0010546,-0.0001498,0.0122109
-0.0010633,-0.0002527,0.0124442,-0.0010633,-0.0002529,0.0125033
-0.00123,0.0001951,0.0117529,-0.0012301,0.0001949,0.0118094
-0.0020199,0.0001303,0.0111514,-0.0020197,0.0001301,0.0112051
-0.0021534,0.0005221,0.0113363,-0.0021531,0.0005219,0.0113906
-0.0022639,3.58e-05,0.0116641,-0.0022636,3.56e-05,0.0117198
-0.0021875,0.0009015,0.011251,-0.002187,0.0009011,0.011305
-0.0027664,0.0007882,0.0114824,-0.0027653,0.0007877,0.0115372
-0.0028681,0.0004275,0.0117352,-0.002867,0.0004272,0.0117909
-0.0025382,-9.35e-05,0.0113599,-0.0025375,-9.37e-05,0.0114143
-0.00299,-7.4e-06,0.0117223,-0.0029888,-7.6e-06,0.0117779
-0.0032364,0.000689,0.0129012,-0.0032347,0.0006884,0.0129606
-0.0014987,0.0007105,0.0122674,-0.0014986,0.0007102,0.0123257
-0.0012408,0.0012446,0.0118215,-0.0012407,0.0012444,0.0118781
-0.0016608,0.0013471,0.0123181,-0.0016604,0.0013466,0.0123764
-0.0024672,0.0009686,0.0113891,-0.0024664,0.0009681,0.0114435
-0.0023975,0.0012527,0.0113729,-0.0023967,0.0012522,0.0114273
-0.0020844,0.0012608,0.0112559,-0.0020839,0.0012603,0.0113099
-0.0027358,0.0011685,0.0112889,-0.0027347,0.0011679,0.0113428
-0.0024961,0.0006845,0.0114944,-0.0024954,0.0006841,0.0115493
-0.0030941,0.0007552,0.0115882,-0.0030926,0.0007547,0.0116432
-0.0026555,0.000741,0.0111347,-0.0026545,0.0007407,0.0111881
-0.002818,0.0011082,0.0129686,-0.0028166,0.0011075,0.0130283
-0.0006377,0.0009166,0.0126781,-0.0006377,0.0009164,0.0127381
-0.0008098,0.0012449,0.0126357,-0.0008097,0.0012445,0.0126954
-0.0003944,0.0011408,0.0127192,-0.0003944,0.0011405,0.0127793
-0.0013786,0.001084,0.0122136,-0.0013785,0.0010837,0.0122718
-0.0011802,0.0006332,0.0127911,-0.00118,0.0006329,0.0128513
0.0024778,-0.0015616,0.0111912,0.0024767,-0.0015611,0.0112447
0.0028776,-0.0015052,0.0112438,0.0028762,-0.0015045,0.0112974
0.0028569,-0.000992,0.0111812,0.0028557,-0.0009917,0.0112346
0.0024071,-0.0010653,0.0111502,0.0024062,-0.0010651,0.0112037
0.0030135,-0.0006746,0.0113492,0.0030121,-0.0006745,0.0114032
0.0028575,-0.0013509,0.011665,0.0028561,-0.0013504,0.0117202
0.0024643,-0.0013018,0.0117308,0.0024633,-0.0013014,0.0117864
0.002536,-0.0010083,0.0114209,0.0025351,-0.001008,0.0114753
0.0024307,-0.0007779,0.0112651,0.0024299,-0.0007778,0.011319
0.0025461,-0.0013907,0.0106653,0.0025449,-0.0013903,0.0107166
0.0027825,-0.0011581,0.0106894,0.0027812,-0.0011578,0.0107407
0.0030112,-0.0006058,0.0105792,0.0030098,-0.0006056,0.01063
0.0029008,-0.0012628,0.0109621,0.0028994,-0.0012624,0.0110145
0.0024959,-0.0014088,0.0109292,0.0024949,-0.0014083,0.0109816
0.0025781,-0.001286,0.0111377,0.002577,-0.0012857,0.0111909
0.0024207,-0.0008135,0.0109226,0.0024199,-0.0008134,0.0109751
0.002285,-0.001017,0.0089912,0.0022838,-0.0010164,0.0090351
0.0025318,-0.0011051,0.0088101,0.0025304,-0.0011045,0.008853
0.0024757,-0.0006646,0.0088658,0.0024743,-0.0006642,0.008909
0.0020761,-0.00083,0.0087849,0.002075,-0.0008296,0.008828
0.0024038,-0.0002199,0.0089829,0.0024026,-0.0002197,0.0090268
0.0023897,-0.0006952,0.0092085,0.0023885,-0.0006949,0.0092534
0.0025077,-0.0011347,0.0091709,0.0025064,-0.0011342,0.0092155
0.0021584,-0.001173,0.0093012,0.0021573,-0.0011726,0.0093466
0.0017674,-0.0009777,0.0092766,0.0017666,-0.0009774,0.0093221
0.0025131,-0.0010777,0.0094886,0.0025119,-0.0010772,0.0095347
0.0021629,-0.0005135,0.0089409,0.0021618,-0.0005132,0.0089848
0.0019898,-0.0007661,0.0091389,0.0019889,-0.0007658,0.0091836
0.0016328,-0.0007144,0.0090841,0.0016321,-0.0007142,0.0091287
0.0021239,-0.0005978,0.0096556,0.0021231,-0.0005976,0.0097027
0.0019893,-0.0014762,0.0092008,0.0019883,-0.0014755,0.0092457
0.0021134,-0.0011693,0.0096623,0.0021125,-0.0011689,0.0097093
0.0030132,-0.0010621,0.0129474,0.0030115,-0.0010618,0.013007
0.0033745,-0.0011211,0.0130081,0.0033725,-0.0011207,0.0130677
0.002698,-0.000906,0.0129367,0.0026966,-0.0009058,0.0129964
0.0009031,-0.000546,0.0128008,0.000903,-0.0005462,0.0128611
0.0012523,-0.000547,0.0128082,0.0012521,-0.0005471,0.0128684
0.001482,-0.0006821,0.0122645,0.0014818,-0.0006823,0.0123228
0.0006268,-0.0003869,0.0127644,0.0006268,-0.0003871,0.0128246
0.0016596,-0.000508,0.0120262,0.0016593,-0.0005081,0.0120836
0.0018834,-0.0005421,0.0117524,0.0018831,-0.0005422,0.0118085
0.0024999,-0.0004463,0.0114289,0.0024991,-0.0004463,0.0114835
0.002722,-0.000634,0.0114184,0.0027209,-0.0006339,0.0114729
0.0027865,-0.0003606,0.0111531,0.0027854,-0.0003606,0.0112065
0.002439,-0.0001947,0.0112739,0.0024383,-0.0001948,0.0113279
0.0030139,-0.0007,0.0109642,0.0030125,-0.0006998,0.0110167
0.0026238,-0.000607,0.0111056,0.0026228,-0.0006068,0.0111588
-0.0031677,0.0030201,0.0019229,-0.0031656,0.0030184,0.0019351
-0.0022901,0.0032752,0.0018999,-0.0022885,0.0032731,0.0019133
-0.0020438,0.0037149,0.0016589,-0.0020421,0.0037122,0.0016708
-0.0015732,0.0037641,0.0016486,-0.0015719,0.0037613,0.0016609
-0.0012275,0.0037986,0.0019052,-0.0012265,0.0037963,0.0019187
0.0027019,-0.0015865,0.012998,0.0027004,-0.0015858,0.0130577
-0.0004577,0.0043459,0.002028,-0.0004574,0.0043435,0.0020406
5.14e-05,0.0044471,0.001997,5.15e-05,0.0044448,0.0020092
-0.0002471,0.0023229,0.0017654,-0.0002468,0.002321,0.0017825
-5.85e-05,0.0021863,0.0016102,-5.84e-05,0.0021843,0.001627
-0.0001051,0.0024777,0.0021496,-0.000105,0.002476,0.0021674
-8.95e-05,0.0021202,0.0019093,-8.94e-05,0.0021186,0.0019271
-0.0005635,0.0022316,0.0018973,-0.0005629,0.0022299,0.0019148
-0.000543,0.0025726,0.0022095,-0.0005425,0.0025709,0.0022272
-0.0006892,0.0019513,0.0021666,-0.0006887,0.00195,0.0021852
-0.000802,0.0035735,0.0028283,-0.0008015,0.0035721,0.0028458
-0.0004588,0.0037554,0.0029202,-0.0004586,0.003754,0.0029377
-0.0006058,0.0037099,0.0031577,-0.0006055,0.0037087,0.003176
4.9e-05,0.0037025,0.0032915,4.91e-05,0.0037012,0.0033105
-0.0011407,0.0038246,0.0031542,-0.0011402,0.0038234,0.003172
-0.0015315,0.0045922,0.002105,-0.0015306,0.0045902,0.002116
0.0042684,-0.0015429,0.0017894,0.0042657,-0.0015417,0.0018006
0.0047558,-0.0015807,0.001999,0.0047535,-0.0015798,0.0020088
0.0042332,-0.0019963,0.0020522,0.004231,-0.0019951,0.0020637
0.0019652,0.0028874,0.0130922,0.0019641,0.0028855,0.0131523
0.000103,-0.0046679,0.0020147,0.0001031,-0.004665,0.002026
0.0005033,-0.0045776,0.0019389,0.0005031,-0.0045746,0.0019502
0.0019311,-0.0038229,0.0016645,0.0019297,-0.0038198,0.0016762
0.0017372,-0.0041793,0.0019741,0.0017363,-0.0041766,0.0019858
0.0031759,0.0030299,0.0019324,0.003174,0.0030282,0.0019445
0.0037767,0.0030687,0.0021239,0.003775,0.0030675,0.002135
0.0035307,0.0027296,0.0019965,0.0035287,0.0027282,0.0020087
0.0038551,-0.0028954,0.0020713,0.0038531,-0.0028938,0.0020821
0.0037984,-0.0022115,0.0019202,0.003796,-0.00221,0.0019323
0.0021812,-0.0042693,0.002102,0.0021802,-0.004267,0.0021131
0.0027099,-0.0040208,0.00214,0.0027087,-0.0040186,0.002151
0.0031851,-0.0036828,0.00212,0.0031836,-0.0036808,0.0021308
0.0047643,0.000983,0.0021409,0.0047622,0.0009828,0.0021521
-0.0004113,-0.0019448,0.0121189,-0.0004113,-0.0019447,0.0121764
-0.000136,-0.0016865,0.0121554,-0.000136,-0.0016865,0.0122132
-0.0001069,-0.0013733,0.0120363,-0.000107,-0.0013735,0.0120938
-0.0003983,-0.0016003,0.0123051,-0.0003983,-0.0016003,0.0123634
-0.0003292,-0.002226,0.0122122,-0.0003291,-0.0022256,0.0122699
-0.0005073,-0.0029727,0.0113541,-0.0005071,-0.0029715,0.0114081
-0.0001261,-0.0028842,0.0113721,-0.0001262,-0.0028832,0.0114262
-0.0003756,-0.002689,0.0114486,-0.0003756,-0.0026882,0.0115031
-0.000604,-0.0021829,0.0109739,-0.000604,-0.0021826,0.0110268
-0.0003293,-0.0027116,0.0119238,-0.0003292,-0.0027107,0.0119801
-0.000158,-0.0033238,0.0129787,-0.000158,-0.0033222,0.0130382
-9.8e-05,-0.0013186,0.0131843,-9.81e-05,-0.0013185,0.0132455
4.42e-05,-0.0006742,0.0127292,4.41e-05,-0.0006745,0.0127894
-0.0003623,-0.0011366,0.0128077,-0.0003623,-0.0011367,0.0128679
-0.0006297,-0.0006853,0.0126287,-0.0006297,-0.0006855,0.0126884
-0.0004343,-0.0012175,0.0132731,-0.0004343,-0.0012174,0.0133345
-0.0004374,-0.0012899,0.0125483,-0.0004374,-0.00129,0.0126077
0.0012558,0.0016228,0.012088,0.0012555,0.0016223,0.0121454
0.0013156,0.0018587,0.012303,0.0013152,0.001858,0.0123611
0.0012256,0.0015288,0.0115654,0.0012255,0.0015285,0.0116209
0.0008744,0.001671,0.0120247,0.0008742,0.0016706,0.0120821
0.000764,0.0015786,0.0123149,0.0007639,0.0015781,0.0123734
0.0007796,0.0014293,0.0116671,0.0007796,0.0014291,0.0117231
0.0010202,0.0021691,0.0112884,0.0010199,0.0021685,0.0113426
0.0014279,0.0022199,0.0111945,0.0014274,0.0022189,0.0112482
0.0012825,0.0021965,0.011444,0.0012821,0.0021956,0.0114988
0.0010354,0.0025969,0.0114188,0.0010349,0.0025957,0.0114734
0.0006856,0.0027926,0.011386,0.0006853,0.0027913,0.0114404
0.0011631,0.0029206,0.0112262,0.0011625,0.0029191,0.0112799
0.0013746,0.0022651,0.0105368,0.001374,0.0022641,0.0105877
0.0017608,0.0023805,0.0106666,0.00176,0.0023794,0.0107179
0.0014404,0.0026932,0.0104812,0.0014397,0.0026918,0.0105317
0.0010721,0.0026635,0.010528,0.0010716,0.0026622,0.0105789
0.0015096,0.0021746,0.0108975,0.001509,0.0021737,0.01095
0.0010388,0.0025641,0.0108739,0.0010384,0.0025629,0.0109263
0.0007032,0.0018074,0.0089019,0.0007029,0.0018065,0.0089456
0.0007444,0.0022053,0.0089576,0.000744,0.0022042,0.0090016
0.0009428,0.001965,0.0089549,0.0009423,0.001964,0.0089989
0.0010954,0.0023262,0.0089449,0.0010948,0.0023249,0.0089886
0.0014331,0.0022317,0.0090127,0.0014323,0.0022305,0.0090567
0.0003153,0.0021533,0.0089206,0.0003152,0.0021523,0.0089644
0.0010641,0.0027536,0.0090556,0.0010635,0.002752,0.0090996
0.0010254,0.0018496,0.0092303,0.001025,0.0018488,0.0092755
0.0012943,0.0019338,0.0092584,0.0012937,0.0019328,0.0093037
0.0007786,0.001924,0.0092261,0.0007782,0.0019231,0.0092714
0.0001669,0.0018819,0.0091411,0.0001668,0.0018811,0.009186
0.0010697,0.0014639,0.0091723,0.0010693,0.0014632,0.0092173
0.0010387,0.001989,0.0094526,0.0010383,0.0019882,0.0094989
0.0007372,0.0026733,0.0089515,0.0007367,0.0026718,0.0089952
0.0006861,0.0022332,0.0093238,0.0006858,0.0022321,0.0093695
0.0002335,0.0022205,0.0093056,0.0002334,0.0022195,0.0093512
-5.38e-05,0.0023707,0.0090747,-5.37e-05,0.0023695,0.0091191
0.0007712,0.0026518,0.0093366,0.0007708,0.0026504,0.0093821
0.0007442,0.0020938,0.0096033,0.0007439,0.0020929,0.0096503
0.0006272,0.001498,0.0092541,0.000627,0.0014974,0.0092996
0.0035974,-0.0033344,0.0021452,0.0035958,-0.0033326,0.0021559
0.0006104,-0.0034864,0.0133085,0.00061,-0.0034847,0.0133688
0.0006184,-0.0031202,0.0133348,0.000618,-0.0031188,0.0133954
0.0015642,-0.0031256,0.0130193,0.0015632,-0.003124,0.0130789
0.0019225,-0.0030065,0.0130196,0.0019213,-0.003005,0.0130791
-0.0032706,0.0035698,0.0020937,-0.0032688,0.0035682,0.0021047
0.0012552,-0.0047225,0.0021441,0.0012547,-0.00472,0.002155
0.0012359,-0.0041784,0.0018861,0.0012352,-0.0041755,0.0018982
8.41e-05,0.0032129,0.0129148,8.4e-05,0.0032109,0.0129745
-0.0033517,-0.0013039,0.0030513,-0.0033503,-0.0013031,0.0030695
-0.0039495,0.0001927,0.003354,-0.003948,0.0001928,0.0033724
-0.0038095,0.0005395,0.0033273,-0.003808,0.0005394,0.0033459
-0.0037612,1.86e-05,0.0035144,-0.0037597,1.88e-05,0.0035339
-0.0038188,0.0010745,0.0033993,-0.0038173,0.0010742,0.0034179
-0.0037369,0.0005789,0.0036877,-0.0037354,0.0005788,0.0037079
-0.0033104,-3.3e-05,0.0034346,-0.003309,-3.28e-05,0.0034549
-0.0037787,0.0001865,0.0037837,-0.0037771,0.0001866,0.0038043
-0.0040632,-0.0001606,0.0034506,-0.0040617,-0.0001604,0.0034692
-0.0044817,-0.0018793,0.0022709,-0.0044797,-0.0018783,0.0022823
-0.0042041,-0.0022147,0.0022306,-0.0042021,-0.0022135,0.0022423
-0.0014806,-0.0019806,0.0018804,-0.0014793,-0.0019787,0.0018974
-0.0008659,-0.0017505,0.0017614,-0.0008651,-0.0017487,0.0017789
-0.0010764,-0.0018919,0.0019138,-0.0010754,-0.0018901,0.0019314
-0.0008214,-0.001893,0.0020263,-0.0008207,-0.0018913,0.0020444
-0.0015545,-0.0016533,0.0017187,-0.0015531,-0.0016515,0.0017356
-0.0014306,-0.0012493,0.0021021,-0.0014295,-0.0012481,0.0021207
-0.0014389,-0.001183,0.0018357,-0.0014376,-0.0011817,0.0018536
-0.0014014,-0.0018109,0.002098,-0.0014003,-0.0018093,0.002116
-0.0016595,-0.0015123,0.0022871,-0.0016583,-0.0015111,0.0023057
-0.0023836,-0.00189,0.0028243,-0.0023823,-0.0018889,0.002843
-0.0033142,-0.0014541,0.0028522,-0.0033127,-0.0014532,0.0028697
-0.0032819,-0.0013421,0.003255,-0.0032805,-0.0013414,0.0032742
-0.0034188,-0.003444,0.0023181,-0.0034173,-0.0034424,0.0023298
-0.0030678,-0.003671,0.0022825,-0.0030664,-0.0036692,0.0022942
0.0012668,0.0029084,0.0130925,0.0012661,0.0029066,0.0131527
0.001365,0.003277,0.0129408,0.0013642,0.0032749,0.0130005
0.001429,0.0026114,0.0129464,0.0014282,0.0026099,0.0130062
0.0013567,0.002549,0.0132406,0.001356,0.0025474,0.0133013
-0.0018175,-0.0030701,0.0123005,-0.0018166,-0.0030685,0.0123579
-0.0015461,-0.0016989,0.011286,-0.0015458,-0.0016987,0.01134
-0.0015466,-0.0021332,0.011733,-0.0015462,-0.0021327,0.0117887
-0.0011042,-0.0017553,0.0113708,-0.0011041,-0.0017552,0.0114253
-0.0013823,-0.0017815,0.0116229,-0.0013821,-0.0017813,0.0116784
-0.0019867,-0.0017629,0.0116837,-0.0019861,-0.0017625,0.0117392
-0.0017131,-0.0023372,0.0113241,-0.0017125,-0.0023364,0.011378
-0.0016393,-0.0025768,0.0105582,-0.0016387,-0.0025758,0.0106088
-0.0018954,-0.0023821,0.0106373,-0.0018947,-0.0023812,0.0106882
-0.0014731,-0.002076,0.0105615,-0.0014727,-0.0020754,0.0106124
-0.0018611,-0.0027924,0.0104511,-0.0018602,-0.0027911,0.010501
-0.0039636,0.001487,0.0020634,-0.0039612,0.0014863,0.0020765
-0.0006282,0.0014927,0.0016863,-0.0006275,0.0014915,0.0017041
-0.0010823,0.0017049,0.0020268,-0.0010814,0.0017037,0.002045
-0.0016103,0.0017257,0.0019517,-0.0016089,0.0017245,0.0019692
-0.0016333,0.0016084,0.0021017,-0.001632,0.0016074,0.0021198
-0.001323,0.0008945,0.0017685,-0.0013217,0.0008939,0.0017865
-0.0021868,0.0014378,0.0024418,-0.0021854,0.0014371,0.0024603
-0.0020379,0.0021843,0.0025088,-0.0020367,0.0021832,0.0025267
-0.0023711,0.0015215,0.0022795,-0.0023695,0.0015207,0.0022971
-0.0025544,0.0016006,0.0025859,-0.0025529,0.0015998,0.002604
-0.0022969,0.0007935,0.0022635,-0.0022953,0.0007931,0.0022818
-0.0030818,0.0015166,0.003058,-0.0030804,0.0015161,0.0030767
-0.0035124,0.001584,0.0031385,-0.0035109,0.0015836,0.0031564
-0.003308,0.0015262,0.0032901,-0.0033066,0.0015257,0.0033091
-0.0031861,0.0008049,0.0028803,-0.0031845,0.0008047,0.0028987
-0.0034099,0.0010299,0.0033168,-0.0034084,0.0010296,0.0033361
-0.0048073,0.0009106,0.002251,-0.0048052,0.0009104,0.0022622
-0.004451,0.0008906,0.0021557,-0.0044487,0.0008903,0.002168
-0.0028533,-0.0022145,0.0122352,-0.0028517,-0.0022134,0.0122923
-0.0025928,-0.002405,0.0122716,-0.0025914,-0.0024039,0.0123289
-0.0027392,-0.0019589,0.0105366,-0.0027378,-0.001958,0.010587
-0.0021984,-0.0022244,0.0106013,-0.0021975,-0.0022235,0.0106521
-0.0023834,-0.001879,0.0105728,-0.0023825,-0.0018783,0.0106236
-0.0030908,-0.0017992,0.0106221,-0.0030893,-0.0017983,0.0106728
-0.0022027,-0.0019163,0.0109695,-0.0022019,-0.0019156,0.0110221
-0.0026938,-0.0016647,0.0105869,-0.0026927,-0.001664,0.0106376
-0.0029682,-0.0015252,0.0107037,-0.0029668,-0.0015245,0.0107548
-0.0029195,-0.0018554,0.0109718,-0.002918,-0.0018545,0.011024
-0.0026528,-0.0023212,0.0106809,-0.0026515,-0.0023201,0.0107318
-0.0032782,0.0014539,0.012677,-0.0032764,0.0014529,0.0127357
-0.0010685,0.0015471,0.0118697,-0.0010684,0.0015467,0.0119265
-0.0011283,0.0017249,0.0121165,-0.0011281,0.0017244,0.0121741
-0.0006127,0.0017661,0.0120654,-0.0006126,0.0017657,0.0121229
-0.0006627,0.0015305,0.0123325,-0.0006627,0.0015301,0.0123911
-0.0011988,0.0018328,0.011753,-0.0011986,0.0018323,0.0118091
-0.0011241,0.0016513,0.0124477,-0.0011239,0.0016508,0.0125066
-0.0019974,0.0015768,0.011178,-0.0019968,0.0015761,0.0112316
-0.0016369,0.0016282,0.0111843,-0.0016366,0.0016277,0.0112382
-0.0015477,0.0019351,0.0112982,-0.0015474,0.0019345,0.0113523
-0.0012092,0.0020208,0.0113026,-0.001209,0.0020202,0.0113569
-0.0017666,0.002062,0.0115484,-0.001766,0.0020611,0.0116035
-0.0014858,0.0014247,0.0115115,-0.0014857,0.0014244,0.0115667
-0.0012461,0.0015716,0.0116329,-0.001246,0.0015713,0.0116886
-0.0029743,0.0015095,0.0104709,-0.0029728,0.0015087,0.0105212
-0.0025121,0.0014081,0.0108015,-0.0025112,0.0014074,0.0108535
-0.0023923,0.0020246,0.0104771,-0.0023913,0.0020236,0.0105275
-0.0020633,0.0021377,0.0106142,-0.0020625,0.0021367,0.0106653
-0.0024834,0.0024954,0.0105633,-0.0024822,0.002494,0.0106138
-0.0025684,0.0019971,0.0109516,-0.0025672,0.001996,0.011004
-0.0022859,0.0017614,0.0109302,-0.0022849,0.0017605,0.0109827
-0.0026165,0.001591,0.0110945,-0.0026154,0.0015901,0.0111475
-0.0022886,0.0022381,0.0129681,-0.0022875,0.0022366,0.0130279
0.0033147,0.0035801,0.0021208,0.0033131,0.0035787,0.0021318
0.0020855,0.0027388,0.0027583,0.0020845,0.0027377,0.0027759
0.002615,0.0026095,0.0028567,0.0026139,0.0026085,0.0028741
0.002732,0.0030742,0.0029722,0.002731,0.0030732,0.002989
0.0021246,0.0035293,0.0030547,0.0021238,0.0035282,0.0030717
0.0026873,0.0029377,0.0031447,0.0026863,0.0029368,0.0031624
0.0019312,0.0027759,0.0030026,0.0019303,0.0027748,0.0030213
0.0023187,0.0031819,0.0032034,0.0023178,0.0031809,0.0032216
0.0020805,0.0031843,0.003403,0.0020797,0.0031833,0.0034222
0.0023247,0.0028722,0.0029819,0.0023237,0.0028712,0.0029997
0.0021477,0.0028244,0.0032559,0.0021468,0.0028235,0.0032751
-0.0005024,-0.0049546,0.00174,-0.000502,-0.0049513,0.001749
-0.0009769,-0.0034232,0.012574,-0.0009764,-0.0034215,0.0126322
-0.0006495,-0.0034438,0.0126563,-0.0006492,-0.0034421,0.0127148
0.0002967,0.0015422,0.0118515,0.0002966,0.001542,0.0119083
0.0001794,0.0014566,0.0122316,0.0001793,0.0014563,0.0122899
-8.2e-05,0.0019119,0.0123141,-8.2e-05,0.0019113,0.0123725
0.0002827,0.0018471,0.0116547,0.0002827,0.0018468,0.0117105
0.0004115,0.0015894,0.0124894,0.0004114,0.0015889,0.0125485
0.0003702,0.0022788,0.0113761,0.0003701,0.0022781,0.0114307
0.0007223,0.0023034,0.0113294,0.0007221,0.0023027,0.0113837
0.0002872,0.0026283,0.0113293,0.0002871,0.0026273,0.0113836
-0.0001013,0.0026965,0.0112815,-0.0001013,0.0026953,0.0113355
0.0001882,0.0025394,0.0109282,0.0001881,0.0025385,0.0109809
0.0002236,0.0029836,0.0106082,0.0002235,0.0029821,0.0106594
0.000275,0.0032121,0.0107975,0.0002748,0.0032104,0.0108493
0.0007341,0.002954,0.0105528,0.0007337,0.0029526,0.0106037
0.0005808,0.0030948,0.0107588,0.0005805,0.0030932,0.0108105
0.0006482,0.0029537,0.0110654,0.0006478,0.0029523,0.0111185
-8.3e-05,0.001577,0.0120221,-8.3e-05,0.0015767,0.0120796
-8.7e-05,0.0016387,0.0122887,-8.7e-05,0.0016383,0.0123472
-0.0002852,0.0017345,0.0124595,-0.0002852,0.001734,0.0125185
-0.0004405,0.0017235,0.0117889,-0.0004405,0.0017232,0.0118453
-0.0005482,0.0020943,0.0113194,-0.0005482,0.0020938,0.0113739
4.85e-05,0.0023164,0.0112077,4.85e-05,0.0023156,0.0112616
-0.0002323,0.0022573,0.0114322,-0.0002323,0.0022567,0.0114871
-0.0004301,0.0026032,0.0114488,-0.00043,0.0026022,0.0115036
-0.0008315,0.002685,0.0117722,-0.0008312,0.0026838,0.0118281
-0.0008336,0.0026578,0.0113611,-0.0008333,0.0026567,0.0114155
-0.000462,0.0026954,0.0111094,-0.0004619,0.0026943,0.0111628
-0.0002663,0.0024509,0.010725,-0.0002663,0.0024501,0.0107769
-3.2e-05,0.0026928,0.0105488,-3.2e-05,0.0026917,0.0105998
0.0003577,0.0027,0.0105105,0.0003575,0.0026989,0.0105614
-0.0001219,0.0031222,0.0106931,-0.0001218,0.0031206,0.0107446
-0.0001514,0.0026113,0.0109775,-0.0001515,0.0026103,0.0110303
-0.0001342,0.0022526,0.0108983,-0.0001342,0.002252,0.0109509
0.0004028,0.0022594,0.0110729,0.0004027,0.0022587,0.0111262
-0.0003336,0.003034,0.0109815,-0.0003336,0.0030325,0.0110342
-0.0003373,0.0027623,0.0107294,-0.0003372,0.0027611,0.0107812
-0.0004853,0.0031185,0.010474,-0.0004851,0.0031169,0.0105244
-0.0003541,0.0023595,0.0111569,-0.0003541,0.0023588,0.0112106
-0.0003266,0.002471,0.0104777,-0.0003265,0.0024701,0.0105285
-0.0009398,0.0022857,0.00896,-0.0009394,0.0022845,0.0090038
-0.0006554,0.0019635,0.0088943,-0.0006551,0.0019625,0.008938
-0.0003675,0.0020462,0.0090976,-0.0003673,0.0020453,0.0091423
-0.0005141,0.0023555,0.008958,-0.0005139,0.0023543,0.0090019
-7.84e-05,0.0020051,0.0089413,-7.83e-05,0.0020042,0.0089853
-0.000554,0.0027223,0.0089914,-0.0005537,0.0027208,0.0090352
-0.0004855,0.002069,0.0094158,-0.0004853,0.0020681,0.009462
-0.0001287,0.0019882,0.0093124,-0.0001287,0.0019873,0.0093581
-0.0008417,0.0019679,0.0092238,-0.0008414,0.001967,0.009269
-0.0012756,0.0019388,0.0093357,-0.001275,0.0019379,0.0093814
-0.0005364,0.0017567,0.0093079,-0.0005362,0.001756,0.0093536
-0.0003969,0.0020927,0.0096788,-0.0003968,0.0020919,0.0097261
-0.0009047,0.0031799,0.0090034,-0.0009042,0.003178,0.0090468
-0.0009152,0.0028052,0.0093085,-0.0009147,0.0028038,0.0093536
-0.0007605,0.0022982,0.0095831,-0.0007602,0.0022972,0.0096299
-0.0008946,0.0012079,0.009236,-0.0008943,0.0012074,0.0092814
-0.0007195,0.0019181,0.0096466,-0.0007193,0.0019174,0.0096938
0.0028275,-0.0020795,0.0123154,0.0028259,-0.0020785,0.0123729
0.0027123,-0.0016731,0.012374,0.0027108,-0.0016725,0.0124318
0.0018217,-0.0022269,0.0113807,0.0018209,-0.0022261,0.0114349
0.0022906,-0.0019842,0.0114616,0.0022895,-0.0019834,0.011516
0.0025548,-0.0018163,0.0113295,0.0025535,-0.0018156,0.0113833
0.0020971,-0.0017153,0.0112841,0.0020963,-0.0017148,0.011338
0.0016731,-0.0017792,0.0113338,0.0016726,-0.0017789,0.011388
0.002125,-0.0014106,0.0113212,0.0021243,-0.0014103,0.0113753
0.0021042,-0.0017965,0.0116576,0.0021034,-0.0017959,0.0117129
0.0021188,-0.0025371,0.0115868,0.0021177,-0.002536,0.0116415
0.0018658,-0.0015139,0.0114833,0.0018653,-0.0015136,0.0115382
0.0024832,-0.001827,0.0116686,0.002482,-0.0018264,0.0117237
0.0015743,-0.0013748,0.0116121,0.001574,-0.0013748,0.0116675
0.0018552,-0.0021375,0.0117757,0.0018544,-0.0021368,0.0118314
0.0016482,-0.0024081,0.011567,0.0016475,-0.0024072,0.0116219
0.0023324,-0.001242,0.0113742,0.0023316,-0.0012417,0.0114285
0.001635,-0.0009188,0.0111422,0.0016349,-0.0009188,0.0111959
0.002001,-0.0007132,0.011205,0.0020006,-0.0007132,0.0112589
0.0021257,-0.0014392,0.0116422,0.002125,-0.0014389,0.0116976
0.0022116,-0.0014208,0.011043,0.0022108,-0.0014204,0.0110959
0.0017165,-0.001153,0.0113446,0.0017163,-0.001153,0.011399
0.0015972,-0.0006096,0.0112529,0.0015972,-0.0006098,0.011307
0.0017194,-0.0009889,0.0116497,0.0017192,-0.000989,0.0117054
0.0018481,-0.0012111,0.0118266,0.0018477,-0.0012111,0.0118829
0.0018479,-0.001398,0.0111362,0.0018475,-0.0013978,0.0111896
0.0030673,-0.0003656,0.0129414,0.0030656,-0.0003657,0.013001
-0.0019521,0.0039719,0.0021201,-0.001951,0.00397,0.0021328
-0.0014861,0.0028351,0.0025974,-0.0014853,0.0028338,0.0026152
-0.0015087,0.0029905,0.0027705,-0.0015079,0.0029893,0.0027884
-0.0017364,0.0032476,0.0029058,-0.0017356,0.0032464,0.0029235
-0.0011368,0.0038813,0.002962,-0.0011363,0.00388,0.0029789
-0.0011207,0.0033323,0.0030347,-0.0011201,0.0033311,0.0030532
-0.0015841,0.003371,0.00307,-0.0015834,0.0033698,0.0030881
-0.0006177,0.0027513,0.0028852,-0.0006173,0.0027501,0.0029047
-0.0010207,0.0027225,0.0031735,-0.0010202,0.0027213,0.0031937
-0.0015603,0.0028428,0.0032256,-0.0015596,0.0028417,0.0032453
-0.0010668,0.0032599,0.0032228,-0.0010662,0.0032587,0.0032421
-0.0006606,0.003361,0.0032369,-0.0006603,0.0033598,0.0032563
-0.0011242,0.0037286,0.003308,-0.0011238,0.0037274,0.0033265
-0.0011425,0.0032985,0.0034749,-0.0011419,0.0032974,0.0034949
-0.0015729,0.0033795,0.0035054,-0.0015723,0.0033785,0.0035251
-0.0020271,0.0033392,0.0035646,-0.0020263,0.0033381,0.0035841
-0.0016506,0.0027199,0.0034282,-0.0016498,0.0027189,0.0034487
-0.0015734,0.003371,0.0037377,-0.0015727,0.0033699,0.0037583
-0.0021113,0.0027388,0.0034932,-0.0021104,0.0027379,0.0035133
-0.0016163,0.002661,0.0039069,-0.0016155,0.00266,0.0039291
-0.0005588,0.00217,0.0043578,-0.0005585,0.0021691,0.0043829
-0.000604,0.0027205,0.00435,-0.0006037,0.0027194,0.0043744
-0.0001089,0.0027591,0.0043552,-0.0001088,0.002758,0.0043797
-0.0010254,0.0025569,0.0043445,-0.0010249,0.0025559,0.0043689
-0.0007102,0.0032947,0.0043918,-0.0007098,0.0032935,0.0044155
-0.0007499,0.0025468,0.0045941,-0.0007495,0.0025458,0.0046195
-0.0005951,0.0021534,0.0045929,-0.0005948,0.0021525,0.0046188
0.0005452,0.0022889,0.0045853,0.000545,0.0022879,0.0046111
-0.0013991,0.0025499,0.0046302,-0.0013984,0.0025489,0.0046555
-0.0004869,0.0016985,0.004516,-0.0004866,0.0016978,0.0045422
-0.0005968,0.0023575,0.0048047,-0.0005965,0.0023565,0.0048311
-0.0010446,0.0027391,0.0046141,-0.001044,0.002738,0.0046392
-0.0010352,0.0031726,0.0046822,-0.0010347,0.0031714,0.004707
-0.0010258,0.0025896,0.0048177,-0.0010253,0.0025885,0.0048437
-0.0011741,0.0017987,0.0044949,-0.0011734,0.001798,0.0045205
-0.0009848,0.0013514,0.0044288,-0.0009842,0.0013509,0.0044548
0.0004043,0.0011656,0.0052858,0.0004041,0.0011651,0.0053149
-0.000214,0.000983,0.0057416,-0.0002139,0.0009826,0.0057724
-0.0009007,0.0021725,0.0047833,-0.0009002,0.0021716,0.0048097
0.000534,-0.0023209,0.0022076,0.0005337,-0.002319,0.0022257
0.0008702,-0.002527,0.0022611,0.0008697,-0.002525,0.0022788
0.0009039,-0.0017483,0.0021201,0.0009032,-0.0017468,0.0021386
0.0005312,-0.0019132,0.0020503,0.0005308,-0.0019114,0.0020686
0.0001325,-0.0019484,0.0021975,0.0001324,-0.0019467,0.0022163
0.0005272,-0.0017114,0.0022683,0.0005269,-0.0017099,0.0022875
0.0005219,-0.0022058,0.0025853,0.0005216,-0.0022043,0.0026047
0.0006821,-0.0028502,0.0023499,0.0006818,-0.0028481,0.0023673
0.0003946,-0.0030432,0.0025333,0.0003945,-0.0030413,0.002551
0.0011943,-0.0019771,0.0020537,0.0011934,-0.0019753,0.0020714
0.0009976,-0.0017823,0.0023408,0.0009969,-0.0017809,0.0023598
0.0014117,-0.0013735,0.0021095,0.0014106,-0.0013723,0.0021279
0.0003878,-0.0009051,0.0020193,0.0003875,-0.0009041,0.0020386
0.0008481,-0.0009608,0.0019713,0.0008474,-0.0009598,0.0019902
0.0014548,-0.0017578,0.0023166,0.0014538,-0.0017563,0.0023352
0.0011299,-0.0016378,0.0025038,0.0011292,-0.0016365,0.0025234
-8.27e-05,-0.0011953,0.0020902,-8.26e-05,-0.0011941,0.0021096
0.0003805,-0.0011528,0.0022523,0.0003803,-0.0011517,0.0022721
7e-07,-0.0015032,0.002277,8e-07,-0.0015018,0.0022966
0.0002545,-0.0017677,0.002526,0.0002544,-0.0017662,0.002546
0.0007789,-0.0012008,0.0032354,0.0007785,-0.0011999,0.0032578
0.0008635,-0.0008358,0.0032381,0.000863,-0.0008352,0.0032608
0.0012379,-0.0011683,0.0032515,0.0012372,-0.0011675,0.0032737
0.0012877,-0.000717,0.0032167,0.001287,-0.0007165,0.0032391
0.0016124,-0.0007549,0.0036796,0.0016116,-0.0007543,0.003703
0.0009468,-0.000827,0.0037218,0.0009464,-0.0008264,0.0037459
0.0013113,2.06e-05,0.0031825,0.0013106,2.08e-05,0.0032049
0.0013111,-0.0007219,0.0037334,0.0013104,-0.0007213,0.0037573
0.0013048,-0.001179,0.0035064,0.0013042,-0.0011782,0.0035293
0.0017517,-0.0013542,0.0035899,0.0017509,-0.0013534,0.0036125
0.0009306,-0.0010866,0.0034818,0.0009301,-0.0010859,0.003505
0.0011842,-0.0011881,0.0037399,0.0011836,-0.0011873,0.0037636
0.0013309,-0.0012089,0.0039769,0.0013303,-0.0012081,0.0040012
0.0009819,-0.0005377,0.0032642,0.0009813,-0.0005372,0.0032871
0.0003985,-0.0008422,0.0032109,0.0003983,-0.0008416,0.0032338
0.0008353,-0.0002208,0.0032129,0.0008349,-0.0002205,0.0032358
0.0008557,-0.0007026,0.0034634,0.0008552,-0.0007021,0.0034869
0.0003585,-0.0006289,0.0034818,0.0003583,-0.0006284,0.0035056
0.0008792,-0.0003419,0.0034363,0.0008787,-0.0003416,0.0034598
0.0001681,-0.0013373,0.0034798,0.000168,-0.0013364,0.003503
0.0003251,-0.001102,0.0036811,0.0003249,-0.0011013,0.0037051
0.0009346,-0.0012025,0.0039096,0.0009341,-0.0012017,0.003934
0.0010765,-0.0035181,0.0028544,0.001076,-0.0035163,0.0028716
0.0009391,-0.0035543,0.0030957,0.0009387,-0.0035526,0.0031139
0.0013321,-0.0035713,0.0030662,0.0013316,-0.0035696,0.0030839
0.0001647,-0.0035758,0.0030096,0.0001647,-0.003574,0.0030277
0.0012416,-0.0037522,0.0032747,0.0012412,-0.0037506,0.0032929
0.0006102,-0.0030884,0.0027668,0.00061,-0.0030866,0.002785
0.0004254,-0.0028719,0.0028878,0.0004252,-0.0028702,0.002907
-1.76e-05,-0.0027189,0.0028715,-1.76e-05,-0.0027172,0.002891
0.0002989,-0.0030466,0.0031041,0.0002988,-0.0030449,0.0031237
0.0005352,-0.0033145,0.003018,0.000535,-0.0033128,0.0030367
-0.0003112,-0.0034615,0.0030888,-0.0003109,-0.0034598,0.0031075
0.0004479,-0.0036033,0.0032494,0.0004478,-0.0036015,0.0032682
0.0008727,-0.0034838,0.0033131,0.0008723,-0.0034822,0.0033322
0.0010072,-0.0029069,0.0031971,0.0010068,-0.0029054,0.003217
0.0008596,-0.0035803,0.0035478,0.0008593,-0.0035786,0.0035676
0.001471,-0.0028769,0.0031991,0.0014704,-0.0028754,0.0032186
0.001315,-0.0034032,0.003437,0.0013145,-0.0034016,0.0034564
0.0008339,-0.0033403,0.0037186,0.0008336,-0.0033387,0.0037395
-9.42e-05,-0.002888,0.0031502,-9.42e-05,-0.0028864,0.0031702
0.0001941,-0.0025025,0.0030087,0.000194,-0.002501,0.003029
0.0004078,-0.002946,0.0033814,0.0004076,-0.0029445,0.0034021
0.0005499,-0.0033912,0.0034681,0.0005497,-0.0033896,0.0034881
0.0007367,-0.0029909,0.0043542,0.0007364,-0.0029895,0.004378
0.001013,-0.0027892,0.0043989,0.0010125,-0.0027878,0.0044231
0.0012039,-0.0030469,0.0043381,0.0012034,-0.0030455,0.0043616
0.0012752,-0.0024299,0.0042577,0.0012746,-0.0024287,0.0042816
0.0017292,-0.0025595,0.0043633,0.0017285,-0.0025583,0.0043872
0.0016624,-0.0029251,0.0045908,0.0016618,-0.0029237,0.004615
0.0007923,-0.0024375,0.0043153,0.0007919,-0.0024362,0.0043398
0.0013868,-0.001973,0.0042662,0.0013862,-0.0019719,0.0042906
0.0011965,-0.0025817,0.0044779,0.001196,-0.0025803,0.0045025
0.001262,-0.0029547,0.0046033,0.0012614,-0.0029533,0.0046278
0.0008815,-0.0028819,0.0046199,0.0008811,-0.0028804,0.0046447
0.0012634,-0.0020672,0.0044718,0.0012629,-0.0020661,0.004497
0.0010763,-0.0026735,0.0047518,0.0010758,-0.002672,0.0047774
0.0007975,-0.0019694,0.0041726,0.0007971,-0.0019683,0.0041971
0.0004989,-0.0022242,0.0043718,0.0004987,-0.002223,0.0043967
0.0007686,-0.001988,0.0044929,0.0007683,-0.0019869,0.0045185
0.000193,-0.002492,0.0044802,0.0001929,-0.0024907,0.0045052
0.000775,-0.0022717,0.0048194,0.0007746,-0.0022705,0.0048458
0.0008727,-0.0024592,0.0051634,0.0008723,-0.0024578,0.0051907
0.0006007,-0.0005159,0.0051417,0.0006004,-0.0005155,0.0051705
0.0002801,-0.0029753,0.0045589,0.00028,-0.0029738,0.0045836
0.0007412,-0.0029914,0.0049407,0.0007408,-0.0029898,0.0049667
5.23e-05,-0.0045296,0.002168,5.23e-05,-0.004527,0.0021803
0.0007025,-0.00404,0.0020336,0.0007021,-0.0040373,0.002047
0.000479,-0.0017618,0.0017042,0.0004786,-0.0017598,0.0017217
0.0008736,-0.0017229,0.0017304,0.0008729,-0.001721,0.0017478
0.0009669,-0.0018676,0.0019216,0.0009662,-0.0018658,0.0019393
0.0013567,-0.0018466,0.0019027,0.0013556,-0.0018448,0.00192
0.0005168,-0.0012516,0.0018863,0.0005164,-0.0012502,0.0019049
-9.15e-05,-0.0013644,0.0018511,-9.14e-05,-0.001363,0.0018695
0.0005001,-0.0007885,0.0018338,0.0004997,-0.0007875,0.0018526
-0.0001502,-0.0017134,0.0020775,-0.00015,-0.0017118,0.0020962
-0.0003169,-0.0017124,0.001684,-0.0003165,-0.0017105,0.0017016
-0.0001422,-0.0007806,0.0016979,-0.000142,-0.0007796,0.0017164
-0.0001598,-0.0017534,0.001877,-0.0001596,-0.0017516,0.0018951
-0.0004343,-0.0007458,0.0018659,-0.0004339,-0.0007449,0.0018849
-0.0005629,-0.0013355,0.0020981,-0.0005624,-0.0013342,0.0021172
-0.0005849,-0.001656,0.002092,-0.0005844,-0.0016545,0.0021107
-0.0006247,-0.0016258,0.0023207,-0.0006242,-0.0016244,0.0023401
-3.49e-05,-0.0030202,0.002438,-3.48e-05,-0.0030182,0.0024555
-0.0005164,-0.0035524,0.002688,-0.000516,-0.0035504,0.002705
-0.0002763,-0.0033884,0.002853,-0.0002761,-0.0033866,0.002871
0.0001024,-0.0035802,0.002731,0.0001024,-0.0035782,0.0027482
-0.0005725,-0.0037433,0.003035,-0.0005721,-0.0037416,0.0030527
-0.0004209,-0.0024822,0.0028311,-0.0004206,-0.0024806,0.0028509
-0.000477,-0.0030675,0.0031889,-0.0004767,-0.0030658,0.0032087
-0.0010723,-0.0036624,0.0030698,-0.0010718,-0.0036606,0.0030876
-0.0005238,-0.0035978,0.0032432,-0.0005235,-0.0035961,0.003262
0.003892,0.0019856,0.0018924,0.0038896,0.0019846,0.0019047
0.0017938,0.0016953,0.0017937,0.0017923,0.001694,0.0018105
0.0013247,0.0014704,0.0016401,0.0013235,0.0014692,0.0016573
0.0018427,0.0015424,0.0020708,0.0018414,0.0015414,0.0020886
0.0018714,0.000873,0.0020433,0.0018699,0.0008725,0.0020614
0.0018908,0.0011231,0.001935,0.0018893,0.0011224,0.0019526
0.0013847,0.0009951,0.0019354,0.0013836,0.0009945,0.0019538
0.0011428,0.0011119,0.0017529,0.0011418,0.0011111,0.0017709
0.0013893,0.0016676,0.0021284,0.0013883,0.0016665,0.0021466
0.0016162,0.0011469,0.0021288,0.001615,0.0011462,0.0021474
0.0017186,0.0014417,0.0022936,0.0017174,0.0014409,0.0023123
0.0017711,0.000594,0.0020998,0.0017697,0.0005937,0.0021185
0.0017725,0.0020842,0.0024511,0.0017714,0.0020831,0.0024694
0.001147,0.001196,0.0020917,0.0011462,0.0011952,0.0021105
0.000864,0.001535,0.002069,0.0008634,0.001534,0.0020877
0.0008067,0.0011223,0.0020338,0.0008061,0.0011216,0.0020528
0.0008042,0.0005839,0.0032656,0.0008038,0.0005838,0.0032886
0.0012173,0.0005641,0.0032362,0.0012166,0.000564,0.0032588
0.0013607,0.0010334,0.0032304,0.00136,0.001033,0.0032525
0.0018152,0.0008927,0.0032223,0.0018142,0.0008924,0.003244
0.0016445,0.0008595,0.003742,0.0016437,0.0008593,0.0037655
0.0008046,0.0010796,0.0032305,0.0008042,0.0010791,0.003253
0.0013127,0.0015201,0.0032692,0.001312,0.0015195,0.0032911
0.0011292,0.0007963,0.0037249,0.0011286,0.000796,0.0037489
0.0012989,0.0005796,0.0034985,0.0012982,0.0005795,0.0035217
0.0017599,0.0005866,0.003505,0.001759,0.0005865,0.0035278
0.0008156,0.0006941,0.003537,0.0008152,0.0006939,0.0035607
0.0012629,0.0001454,0.0034246,0.0012622,0.0001455,0.0034478
0.0012741,0.0004637,0.0039016,0.0012735,0.0004636,0.0039262
0.0007258,0.0002086,0.0051003,0.0007254,0.0002087,0.005129
0.0009633,0.0014534,0.0032408,0.0009629,0.0014528,0.0032629
0.0007167,0.0010093,0.0038156,0.0007164,0.0010089,0.0038401
0.0010029,0.0009656,0.00402,0.0010024,0.0009653,0.0040449
0.000774,0.00105,0.0034368,0.0007737,0.0010496,0.00346
0.0004405,0.0011619,0.003429,0.0004403,0.0011614,0.0034522
0.0008641,0.0014593,0.003544,0.0008637,0.0014587,0.0035672
0.0009777,-5.86e-05,0.0033961,0.0009772,-5.84e-05,0.0034195
0.0007522,0.0004678,0.0037414,0.0007519,0.0004678,0.0037658
0.0003572,0.0006401,0.0038532,0.0003571,0.0006399,0.0038782
0.0009138,-1.88e-05,0.0036939,0.0009133,-1.86e-05,0.0037182
0.0007983,0.0006561,0.0039706,0.0007979,0.0006559,0.0039957
0.0035405,0.0015144,0.0029054,0.0035391,0.0015139,0.0029226
0.0037484,0.0014482,0.0030771,0.003747,0.0014478,0.0030945
0.0035434,0.0010507,0.0030611,0.0035419,0.0010504,0.0030793
0.0031766,0.0010116,0.0030783,0.0031752,0.0010113,0.0030973
0.0035996,0.0010462,0.0032822,0.0035982,0.001046,0.003301
0.0032161,0.0015556,0.0030494,0.0032148,0.0015551,0.0030679
0.0031281,0.0013704,0.0032153,0.0031267,0.00137,0.0032346
0.003266,0.0008395,0.0029023,0.0032646,0.0008393,0.0029206
0.0029058,0.0009585,0.0032394,0.0029045,0.0009582,0.0032595
0.0036258,0.0010017,0.0037254,0.0036244,0.0010015,0.0037458
0.0031685,0.0019034,0.0035518,0.0031672,0.0019029,0.0035719
0.0031216,0.0015172,0.0036786,0.0031203,0.0015167,0.0036995
0.0032801,0.000807,0.0032707,0.0032787,0.0008068,0.0032903
0.002436,0.0005454,0.0043345,0.0024348,0.0005452,0.0043592
0.0028792,0.0005079,0.0043762,0.0028778,0.0005078,0.0044004
0.0029908,0.0010087,0.0043838,0.0029895,0.0010084,0.0044078
0.0034501,0.0009395,0.0044793,0.0034486,0.0009393,0.004503
0.0023281,0.0008998,0.0042515,0.002327,0.0008995,0.0042759
0.0024396,0.001154,0.0045464,0.0024385,0.0011536,0.0045715
0.0030401,0.0014771,0.0044135,0.0030388,0.0014766,0.0044373
0.0028606,0.0009256,0.0045602,0.0028593,0.0009253,0.0045849
0.0029425,0.0005285,0.004673,0.0029411,0.0005284,0.0046982
0.0034176,0.0006052,0.0046771,0.0034161,0.0006051,0.0047016
0.0023736,0.0004746,0.0046257,0.0023725,0.0004745,0.0046514
0.002984,-1.52e-05,0.0044565,0.0029826,-1.51e-05,0.0044809
0.0029587,0.0006746,0.0049929,0.0029572,0.0006744,0.0050192
0.0019528,0.0010451,0.004296,0.0019519,0.0010448,0.004321
0.0024653,0.0015339,0.0043628,0.0024642,0.0015334,0.004387
0.0025381,0.0019213,0.0043489,0.002537,0.0019205,0.0043727
0.0018256,0.0008464,0.0044772,0.0018247,0.0008462,0.004503
0.0025254,0.0010923,0.0048948,0.0025241,0.0010919,0.004921
0.0023524,0.0010382,0.0050639,0.0023512,0.0010378,0.005091
0.0025924,0.0007087,0.0045347,0.0025912,0.0007084,0.0045599
0.0020506,0.000533,0.00439,0.0020496,0.0005329,0.0044153
0.0023293,0.0001391,0.0045856,0.0023282,0.0001391,0.0046113
0.0024673,-0.0002319,0.0045462,0.0024661,-0.0002317,0.0045716
0.0041536,0.0014509,0.0020794,0.0041515,0.0014503,0.0020921
0.0018336,0.0021337,0.0023045,0.0018324,0.0021325,0.0023221
0.0013963,0.0024591,0.0022007,0.0013954,0.0024576,0.002218
0.0017646,0.0024363,0.002447,0.0017636,0.002435,0.0024647
0.001362,0.0019849,0.0023301,0.0013611,0.0019838,0.0023486
0.0016759,0.002067,0.0026757,0.001675,0.002066,0.0026948
0.0011296,0.0021829,0.0021945,0.0011289,0.0021816,0.0022125
0.0009471,0.0021078,0.0023352,0.0009465,0.0021066,0.0023538
0.0021222,0.0018614,0.0026465,0.002121,0.0018605,0.0026652
0.0026583,0.0020734,0.0026754,0.002657,0.0020725,0.0026929
0.0029126,0.0020964,0.0028681,0.0029113,0.0020957,0.0028858
0.0027366,0.0024109,0.0030739,0.0027354,0.0024101,0.0030922
0.0025795,0.0019904,0.0029469,0.0025783,0.0019896,0.0029656
0.0021746,0.0019798,0.0029191,0.0021736,0.001979,0.0029384
0.0026462,0.0019555,0.0032346,0.002645,0.0019548,0.0032542
0.0020229,0.002399,0.0028262,0.002022,0.002398,0.0028448
0.0019583,0.002346,0.0030449,0.0019574,0.0023451,0.0030644
0.0021403,0.0024436,0.0032491,0.0021394,0.0024428,0.0032689
0.0019576,0.00179,0.0030793,0.0019567,0.0017893,0.0030996
0.0007613,0.0043619,0.0020477,0.0007609,0.0043596,0.0020601
0.0008441,0.0047899,0.0021157,0.0008437,0.0047877,0.0021266
-0.000124,0.0029332,0.0029179,-0.0001239,0.002932,0.0029372
-0.000368,0.0032657,0.0026729,-0.0003677,0.0032641,0.0026908
0.0004921,0.0034682,0.0027841,0.0004919,0.0034667,0.0028017
-0.0001268,0.0032345,0.0029867,-0.0001267,0.0032332,0.0030056
0.0003132,0.0027578,0.0028833,0.0003131,0.0027565,0.0029028
-8.75e-05,0.0027403,0.0030434,-8.74e-05,0.0027391,0.0030635
-0.000606,0.003257,0.0028005,-0.0006056,0.0032556,0.0028187
-0.0006568,0.0033268,0.002982,-0.0006564,0.0033255,0.0030006
-0.000355,0.0037211,0.0033284,-0.0003547,0.0037198,0.0033474
-0.0001412,0.003527,0.0034249,-0.0001411,0.0035258,0.0034448
0.0003367,0.0034483,0.0034903,0.0003366,0.0034472,0.0035105
-0.0005577,0.0035485,0.0035282,-0.0005574,0.0035473,0.0035482
-0.0001088,0.0034659,0.0036711,-0.0001087,0.0034647,0.0036919
-0.0006478,0.0037325,0.00407,-0.0006474,0.0037312,0.0040917
0.0047944,-0.0011126,0.0021582,0.0047923,-0.0011119,0.0021691
0.0027668,0.0018094,0.0126163,0.0027652,0.0018082,0.0126749
0.0027771,0.0018379,0.0121164,0.0027756,0.0018368,0.0121734
0.0017964,0.0014099,0.0112739,0.0017959,0.0014095,0.0113281
0.0017321,0.0017247,0.0113424,0.0017316,0.0017241,0.0113967
0.0020924,0.0015633,0.0112637,0.0020917,0.0015627,0.0113178
0.0022895,0.0017603,0.0113535,0.0022886,0.0017594,0.0114077
0.0020774,0.0019938,0.0111992,0.0020765,0.0019928,0.0112529
0.0016765,0.0020132,0.0112017,0.0016758,0.0020124,0.0112555
0.002149,0.0019381,0.0116934,0.002148,0.0019371,0.011749
0.0017382,0.0018683,0.0109099,0.0017376,0.0018675,0.0109626
-0.0018673,0.0030156,0.013018,-0.0018663,0.0030137,0.0130779
-0.001506,0.0029014,0.0130473,-0.0015052,0.0028996,0.0131074
-0.004101,0.0024796,0.0022624,-0.0040991,0.0024786,0.0022742
-0.0036788,0.0024954,0.0021128,-0.0036767,0.0024942,0.0021253
-0.0040527,0.0025432,0.002413,-0.004051,0.0025424,0.0024254
0.0009531,0.0031337,0.0125693,0.0009525,0.0031318,0.0126278
0.003087,0.0010896,0.012618,0.0030853,0.0010889,0.0126766
0.0022586,0.0003242,0.0021707,0.0022569,0.0003241,0.0021889
0.0026415,0.0010929,0.0022247,0.0026398,0.0010924,0.002242
0.0028116,-0.0004241,0.0021767,0.0028098,-0.0004236,0.0021939
0.0022104,0.0001505,0.002395,0.0022089,0.0001506,0.002414
0.0024795,-0.0003867,0.0024778,0.002478,-0.0003863,0.0024965
0.0023775,-0.0001068,0.0022126,0.0023759,-0.0001065,0.0022308
0.002111,-0.0003363,0.002309,0.0021095,-0.0003359,0.0023278
0.0020943,0.0002729,0.0025992,0.0020931,0.000273,0.0026189
0.0035633,0.0005826,0.0031042,0.0035619,0.0005826,0.0031227
0.0036615,-0.0003515,0.0027866,0.0036599,-0.0003512,0.0028038
0.0035959,-6.78e-05,0.0030297,0.0035943,-6.76e-05,0.0030479
0.0030211,4.8e-05,0.0029786,0.0030196,4.81e-05,0.0029979
0.0033087,-9.47e-05,0.0028108,0.0033071,-9.45e-05,0.0028289
0.0031076,-0.0004022,0.0027151,0.003106,-0.0004018,0.0027334
0.0031812,-0.0003498,0.0029618,0.0031797,-0.0003494,0.0029808
0.0039483,-0.0001757,0.0034399,0.0039469,-0.0001755,0.0034589
0.0016851,0.0003623,0.0017498,0.0016836,0.0003622,0.0017675
0.0019358,-0.0004938,0.0016696,0.001934,-0.0004931,0.0016868
0.0018123,0.000104,0.0018777,0.0018107,0.0001042,0.0018957
0.0013532,0.0001704,0.0018338,0.001352,0.0001705,0.0018522
0.0017305,-0.0004116,0.0018927,0.001729,-0.000411,0.0019108
0.0014738,7.85e-05,0.0020807,0.0014726,7.87e-05,0.0020997
0.0008774,4.76e-05,0.0018203,0.0008767,4.77e-05,0.0018391
0.0013423,-0.0001894,0.0019111,0.0013411,-0.0001891,0.0019298
0.0016114,-0.0007235,0.00175,0.00161,-0.0007226,0.0017677
0.0019193,-0.000478,0.0020717,0.0019178,-0.0004774,0.00209
0.0017729,-0.0008994,0.001932,0.0017714,-0.0008984,0.0019499
0.0013142,-0.0007455,0.0019046,0.0013131,-0.0007446,0.0019231
0.001904,-0.0013291,0.0019919,0.0019025,-0.0013279,0.0020094
0.0012168,-0.0006321,0.0017106,0.0012157,-0.0006313,0.0017286
0.0014311,-0.0003946,0.0020613,0.00143,-0.0003941,0.0020802
0.0032405,-0.0007437,0.0028331,0.0032389,-0.0007431,0.0028513
0.0039008,-0.0009032,0.0028903,0.0038992,-0.0009028,0.0029069
0.0035667,-0.000818,0.0028269,0.0035651,-0.0008175,0.0028442
0.0036184,-0.0009154,0.0030294,0.0036169,-0.0009149,0.0030473
0.0030484,-0.0007275,0.0029894,0.003047,-0.000727,0.0030085
0.0036461,-0.0012438,0.0031421,0.0036447,-0.0012432,0.0031601
0.0035726,-0.0008171,0.0033718,0.0035712,-0.0008167,0.0033911
0.0030909,-0.0002996,0.0031962,0.0030895,-0.0002993,0.003216
0.0029818,-0.0007682,0.0031939,0.0029804,-0.0007676,0.0032138
0.0035563,-0.0004929,0.0034652,0.0035549,-0.0004926,0.003485
0.0036064,-0.0013617,0.0035558,0.0036051,-0.001361,0.0035753
0.0036384,-0.0007725,0.0037682,0.003637,-0.0007721,0.0037888
0.0029189,5.61e-05,0.0033728,0.0029176,5.63e-05,0.0033936
0.0029099,-0.0003273,0.0035929,0.0029086,-0.000327,0.0036145
0.0023644,-0.0012573,0.0043259,0.0023633,-0.0012565,0.0043503
0.002877,-0.001154,0.0044582,0.0028757,-0.0011533,0.0044824
0.0029327,-0.0007298,0.0044196,0.0029313,-0.0007293,0.0044439
0.0035428,-0.0006424,0.0044929,0.0035413,-0.0006419,0.0045164
0.0024482,-0.0008543,0.0043694,0.0024471,-0.0008537,0.004394
0.0026972,-0.0003782,0.0042998,0.0026959,-0.0003778,0.0043241
0.0028123,-0.0008264,0.0046985,0.0028109,-0.0008259,0.0047238
0.0033862,-0.0011594,0.0048364,0.0033847,-0.0011588,0.0048613
0.0019155,-0.0013328,0.0045032,0.0019145,-0.001332,0.0045287
0.0029314,-0.0011507,0.0049523,0.0029299,-0.00115,0.0049782
0.0026148,-0.0005728,0.0045093,0.0026136,-0.0005723,0.0045343
0.0023763,-0.0007266,0.0046333,0.0023752,-0.0007261,0.004659
0.0019398,-0.0008489,0.0044941,0.0019389,-0.0008483,0.0045197
0.0024612,-0.0006913,0.0049094,0.0024599,-0.0006908,0.0049359
0.002633,-0.0006377,0.0051708,0.0026317,-0.0006372,0.0051981
0.002523,-0.0010826,0.0045798,0.0025219,-0.0010819,0.004605
0.002594,-0.0014226,0.0046396,0.0025929,-0.0014218,0.0046645
0.0024938,-0.0011628,0.0048859,0.0024926,-0.001162,0.0049121
-0.0014921,-0.0047562,0.0019754,-0.0014912,-0.0047536,0.0019852
-0.001066,-0.0048817,0.0019811,-0.0010653,-0.004879,0.0019908
-0.0014588,0.004529,0.002272,-0.001458,0.0045272,0.002284
0.0001363,-0.0032818,0.0125301,0.0001361,-0.0032803,0.0125883
0.0018898,-0.0026326,0.0126778,0.0018888,-0.0026315,0.0127364
0.0023002,-0.0026597,0.0127194,0.0022989,-0.0026584,0.0127782
0.0008949,-0.0019637,0.0112468,0.0008947,-0.0019635,0.0113007
0.0012427,-0.0019665,0.0113221,0.0012424,-0.0019662,0.0113763
0.0013613,-0.0016579,0.0112108,0.0013611,-0.0016578,0.0112647
0.0010429,-0.0016576,0.0110232,0.0010427,-0.0016576,0.0110763
0.0015157,-0.001353,0.0111826,0.0015155,-0.001353,0.0112363
0.0007273,-0.0016717,0.0111664,0.0007272,-0.0016717,0.0112201
0.0010602,-0.0012677,0.0111431,0.0010602,-0.0012678,0.0111968
0.0018617,-0.0023005,0.0105208,0.0018609,-0.0022996,0.0105713
0.0021655,-0.0022041,0.0105487,0.0021644,-0.0022031,0.0105994
0.0023223,-0.0019817,0.0107464,0.0023212,-0.0019809,0.0107979
0.0026267,-0.0017864,0.0105403,0.0026254,-0.0017856,0.0105908
0.0021119,-0.0017703,0.0105946,0.002111,-0.0017697,0.0106456
0.0016107,-0.0017552,0.0106147,0.0016102,-0.0017547,0.0106659
0.0021193,-0.0017758,0.010902,0.0021185,-0.0017752,0.0109543
0.0016343,-0.0021242,0.0107859,0.0016336,-0.0021236,0.0108378
0.0017394,-0.0013712,0.0105769,0.0017389,-0.0013709,0.0106281
0.0018854,-0.0016055,0.0108698,0.0018848,-0.0016051,0.0109221
0.0026348,-0.0019016,0.0109759,0.0026334,-0.0019008,0.0110283
0.0015518,-0.001307,0.0107958,0.0015515,-0.0013069,0.010848
0.0018713,-0.0019821,0.0110904,0.0018706,-0.0019815,0.0111436
0.0017108,-0.0023661,0.0110453,0.00171,-0.0023652,0.0110981
-0.0042063,-0.0020598,0.0024364,-0.0042045,-0.0020588,0.0024491
-0.003779,-0.0027987,0.0027552,-0.0037777,-0.0027976,0.0027691
-0.0011633,-0.0026834,0.0022225,-0.0011625,-0.0026814,0.0022396
-0.0008395,-0.0025657,0.0022264,-0.0008389,-0.0025637,0.002244
-0.0014555,-0.0023694,0.0024531,-0.0014545,-0.0023678,0.0024711
-0.0015113,-0.0021885,0.002631,-0.0015103,-0.002187,0.0026499
-0.0015619,-0.0031375,0.002587,-0.001561,-0.0031357,0.0026039
-0.0016265,-0.0025625,0.0027505,-0.0016256,-0.002561,0.002769
-0.0019946,-0.0022747,0.0026807,-0.0019935,-0.0022733,0.002699
-0.0020247,-0.0030797,0.0028207,-0.0020237,-0.0030781,0.0028379
-0.0020081,-0.0028565,0.0030089,-0.0020071,-0.002855,0.0030272
-0.001893,-0.0018318,0.0026752,-0.0018918,-0.0018305,0.0026943
-0.0021401,-0.0023024,0.0029561,-0.002139,-0.0023011,0.0029749
-0.0015725,-0.0026377,0.0029153,-0.0015716,-0.0026362,0.0029342
-0.0019833,-0.0024912,0.003238,-0.0019824,-0.0024899,0.0032577
-0.002498,-0.0021576,0.0030271,-0.0024967,-0.0021564,0.0030458
-0.0023291,-0.0021821,0.0032053,-0.002328,-0.0021809,0.0032249
-0.002358,-0.0029516,0.0029504,-0.0023569,-0.0029502,0.0029678
-0.0024424,-0.0033123,0.0029502,-0.0024413,-0.0033109,0.0029667
-0.0024123,-0.0031575,0.0031431,-0.0024113,-0.0031561,0.0031607
-0.0027947,-0.0022326,0.0031773,-0.0027936,-0.0022315,0.003196
-0.0028203,-0.0026062,0.0035449,-0.0028192,-0.0026051,0.0035644
-0.0027776,-0.0021512,0.0036295,-0.0027765,-0.0021502,0.00365
-0.0023399,-0.0022525,0.0036751,-0.0023389,-0.0022515,0.0036962
-0.0028071,-0.0024783,0.0037561,-0.0028059,-0.0024772,0.0037766
-0.0032782,-0.0017252,0.0035194,-0.0032769,-0.0017243,0.0035391
-0.001997,0.0035256,0.0019918,-0.0019957,0.0035236,0.0020053
-0.0014529,0.0034081,0.0019234,-0.0014518,0.0034058,0.0019377
-0.0018146,0.003364,0.002049,-0.0018134,0.0033621,0.0020634
0.0018492,0.0043473,0.0022525,0.0018484,0.0043455,0.0022645
0.0013578,0.0029601,0.0027687,0.0013572,0.0029588,0.0027868
0.0014246,0.0033549,0.0028148,0.001424,0.0033535,0.0028322
0.0016552,0.003501,0.003037,0.0016545,0.0034998,0.0030547
0.0014037,0.0028414,0.0029386,0.001403,0.0028402,0.0029575
0.0017886,0.0027569,0.0032234,0.0017878,0.0027559,0.003243
0.0011276,0.0030963,0.002837,0.0011271,0.003095,0.0028553
0.0013623,0.0033018,0.0030334,0.0013617,0.0033006,0.0030517
0.0022684,0.0029057,0.0035299,0.0022675,0.0029048,0.0035498
0.0013324,0.0032375,0.0032338,0.0013319,0.0032363,0.003253
0.0016978,0.0032437,0.0035487,0.0016971,0.0032426,0.0035688
0.0017033,0.0028448,0.0037024,0.0017026,0.0028438,0.0037237
0.0010514,0.0029757,0.003254,0.0010509,0.0029745,0.0032741
0.0008866,0.0032953,0.0031893,0.0008863,0.0032941,0.0032086
0.0007859,0.0022442,0.0042475,0.0007855,0.0022433,0.0042721
0.0009247,0.002275,0.0045092,0.0009243,0.002274,0.0045346
0.0012512,0.0022369,0.0043332,0.0012506,0.002236,0.0043578
0.0012132,0.002718,0.0043865,0.0012127,0.0027169,0.0044107
0.0018092,0.0026153,0.0044116,0.0018084,0.0026143,0.0044357
0.0008755,0.0028521,0.0044075,0.0008751,0.0028509,0.0044319
0.0013106,0.0031542,0.0043945,0.0013101,0.0031529,0.0044181
0.0012309,0.0022129,0.004544,0.0012303,0.002212,0.0045694
0.0017629,0.0021141,0.0046943,0.0017621,0.0021133,0.0047199
0.0012746,0.0018045,0.0044479,0.001274,0.0018037,0.0044734
0.0012222,0.0022473,0.0049089,0.0012216,0.0022463,0.0049355
0.0012288,0.0022233,0.005131,0.0012282,0.0022222,0.0051584
0.0007636,0.0025405,0.004425,0.0007633,0.0025394,0.0044498
0.0003763,0.0026758,0.0042904,0.0003762,0.0026747,0.0043147
0.0009185,0.0031957,0.0044242,0.0009181,0.0031945,0.0044481
0.0008242,0.0027029,0.0046311,0.0008238,0.0027017,0.0046564
0.0003188,0.0026114,0.0045263,0.0003188,0.0026104,0.0045516
0.0009259,0.0030555,0.0046173,0.0009255,0.0030542,0.0046421
0.0008851,0.0026908,0.004872,0.0008847,0.0026896,0.0048982
0.0007703,0.0026339,0.0051025,0.00077,0.0026327,0.0051296
0.000786,0.0018506,0.0045553,0.0007857,0.0018498,0.0045814
0.0025434,0.0034995,0.0021184,0.002542,0.0034978,0.0021314
0.0020766,0.0038648,0.0023987,0.0020757,0.0038633,0.0024125
0.0026523,0.0037966,0.0024765,0.0026513,0.0037954,0.0024897
-0.0044935,-0.0011073,0.0024034,-0.0044916,-0.0011067,0.0024162
-0.0043428,0.0008839,0.0023118,-0.0043406,0.0008837,0.0023251
0.0016584,-0.0025526,0.0022985,0.0016574,-0.0025507,0.0023155
0.001731,-0.0016881,0.0021384,0.0017297,-0.0016866,0.0021562
0.0016895,-0.0021436,0.0023445,0.0016884,-0.0021419,0.0023623
0.0012006,-0.0027356,0.0023428,0.0011999,-0.0027336,0.0023602
0.0021581,-0.0023428,0.0028251,0.002157,-0.0023415,0.0028434
0.0027712,-0.0023354,0.0029261,0.00277,-0.0023342,0.0029438
0.0031118,-0.0021521,0.0028886,0.0031105,-0.002151,0.0029057
0.0025997,-0.0021139,0.0028002,0.0025984,-0.0021126,0.0028182
0.0024259,-0.002109,0.0030062,0.0024248,-0.0021078,0.0030252
0.0026147,-0.0024981,0.0030622,0.0026136,-0.0024968,0.0030804
0.002229,-0.0025979,0.003115,0.002228,-0.0025965,0.0031338
0.0026755,-0.0029047,0.0031585,0.0026746,-0.0029034,0.0031762
0.0018214,-0.001571,0.002605,0.0018203,-0.0015698,0.0026242
0.0019367,-0.0021384,0.0029452,0.0019358,-0.0021371,0.0029646
0.0031589,-0.0020759,0.0031182,0.0031576,-0.0020749,0.0031362
0.0020462,-0.0016748,0.0028632,0.0020451,-0.0016736,0.0028828
0.0020233,-0.0021461,0.003175,0.0020224,-0.0021448,0.003195
0.002243,-0.0028067,0.0029284,0.0022421,-0.0028052,0.0029462
0.0021937,-0.0032239,0.0028469,0.0021929,-0.0032223,0.0028637
0.0021579,-0.0030437,0.0031132,0.0021571,-0.0030422,0.0031313
0.00192,-0.0026369,0.003257,0.0019191,-0.0026355,0.0032766
0.0032335,-0.001752,0.0028157,0.0032321,-0.001751,0.0028329
0.0035915,-0.0016045,0.0031161,0.0035901,-0.0016037,0.0031338
0.0031761,-0.0016633,0.0029876,0.0031748,-0.0016623,0.0030056
0.0030208,-0.0012631,0.0032344,0.0030194,-0.0012624,0.003254
0.0031513,-0.0017066,0.0032493,0.00315,-0.0017056,0.0032682
0.00163,-0.0011311,0.0020652,0.0016287,-0.00113,0.0020835
0.0016888,-0.0017089,0.0019585,0.0016874,-0.0017073,0.0019758
0.0012064,-0.0015702,0.0017939,0.0012053,-0.0015686,0.0018114
0.0017517,-0.0031391,0.0030078,0.001751,-0.0031375,0.0030259
0.001649,-0.0035581,0.0031475,0.0016485,-0.0035565,0.0031652
0.0011649,-0.0046614,0.0022773,0.0011644,-0.0046591,0.002289
0.0011304,-0.0042137,0.0021152,0.0011299,-0.0042111,0.0021279
0.0012455,-0.0033844,0.0122545,0.0012448,-0.0033827,0.0123116
0.0011359,-0.0031167,0.012273,0.0011352,-0.0031153,0.0123302
0.0010307,-0.0030404,0.0105321,0.0010302,-0.003039,0.0105825
0.0013436,-0.0029725,0.0106795,0.0013429,-0.0029711,0.0107306
0.0017355,-0.0025968,0.0106988,0.0017347,-0.0025956,0.01075
0.0006839,-0.0028574,0.0108154,0.0006835,-0.0028563,0.0108672
0.0010553,-0.002159,0.0109512,0.001055,-0.0021585,0.0110038
0.0007983,-0.0031563,0.0123221,0.0007978,-0.0031549,0.0123796
-0.0009113,0.0022263,0.0113318,-0.0009112,0.0022256,0.0113862
-0.0006215,0.0024006,0.0113684,-0.0006214,0.0023998,0.0114228
-0.0010346,0.0026682,0.0115696,-0.0010343,0.0026669,0.0116247
-0.0011858,0.0028514,0.011096,-0.0011853,0.00285,0.0111492
-0.0016282,0.0022816,0.0107232,-0.0016276,0.0022806,0.0107749
-0.0016394,0.0027463,0.0105966,-0.0016387,0.0027449,0.0106475
-0.0012368,0.0028578,0.0106741,-0.0012363,0.0028565,0.0107255
-0.0011618,0.0021965,0.0108977,-0.0011615,0.0021958,0.0109502
-0.0018406,0.0022231,0.0109736,-0.0018398,0.002222,0.0110263
-0.002011,0.0025396,0.0107315,-0.0020101,0.0025383,0.0107829
-0.000117,-0.00132,0.0123896,-0.000117,-0.0013201,0.0124484
-0.0004786,-0.0005873,0.0122582,-0.0004787,-0.0005875,0.0123168
-0.0003714,-0.0012684,0.0117997,-0.0003714,-0.0012686,0.0118564
-0.000129,-0.0016885,0.0111656,-0.0001291,-0.0016887,0.0112194
0.0002439,-0.0017194,0.0112536,0.0002439,-0.0017196,0.0113077
-0.0004788,-0.0015658,0.01128,-0.0004789,-0.001566,0.0113343
-0.000135,-0.0013551,0.0113511,-0.0001351,-0.0013554,0.0114058
-0.00017,-0.0017271,0.0117274,-0.00017,-0.0017272,0.0117835
-0.0007854,-0.0016118,0.0113291,-0.0007855,-0.001612,0.0113836
-0.0003755,-0.002276,0.0114001,-0.0003755,-0.0022757,0.0114546
-0.0004943,-0.0030572,0.0106032,-0.0004941,-0.003056,0.010654
-0.0005629,-0.002834,0.0108305,-0.0005628,-0.002833,0.0108824
1.73e-05,-0.0027977,0.0110585,1.73e-05,-0.0027968,0.0111114
0.0002098,-0.0029992,0.0109117,0.0002097,-0.002998,0.0109639
-0.0003965,-0.0027993,0.0111241,-0.0003964,-0.0027984,0.0111773
-0.0007524,-0.001248,0.0112924,-0.0007525,-0.0012482,0.0113468
-0.0013423,-0.0014619,0.0112363,-0.0013422,-0.001462,0.0112903
-0.0011247,-0.0016209,0.0117309,-0.0011246,-0.0016209,0.0117869
-0.0012922,-0.0013528,0.0115472,-0.0012922,-0.0013529,0.0116026
-0.0008754,-0.000956,0.0088288,-0.0008751,-0.0009556,0.0088724
-0.000467,-0.0009863,0.0088652,-0.0004668,-0.0009859,0.008909
-0.0005206,-0.0006163,0.0087776,-0.0005204,-0.000616,0.0088209
-8.37e-05,-0.0008123,0.0088284,-8.37e-05,-0.000812,0.008872
0.0002723,-0.0006574,0.0088598,0.0002723,-0.0006571,0.0089035
2.38e-05,-9.58e-05,0.008877,2.38e-05,-9.58e-05,0.0089209
-0.0008767,-0.0005614,0.0088705,-0.0008764,-0.0005612,0.0089143
-0.0011999,-0.000596,0.008847,-0.0011994,-0.0005958,0.0088906
-0.0006727,-0.0001814,0.0087287,-0.0006725,-0.0001813,0.0087719
-0.000498,-0.0003391,0.0090574,-0.0004979,-0.000339,0.0091021
-0.0005842,-0.0009315,0.0092049,-0.000584,-0.0009312,0.0092502
-0.0002053,-0.0009998,0.0091459,-0.0002052,-0.0009995,0.0091909
-0.0008785,-0.0010639,0.0091791,-0.0008781,-0.0010635,0.0092242
-0.0012253,-0.0011402,0.0091377,-0.0012248,-0.0011397,0.0091826
-0.0006485,-0.0010878,0.0095505,-0.0006484,-0.0010876,0.0095973
-0.0008563,-0.0002588,0.0090693,-0.000856,-0.0002587,0.009114
-0.0008935,1.33e-05,0.0092074,-0.0008933,1.33e-05,0.0092526
-0.0009253,-0.0008314,0.0094791,-0.0009251,-0.0008313,0.0095256
-0.0009971,-0.0015186,0.0091987,-0.0009968,-0.001518,0.0092437
-0.0009956,-0.0027518,0.0075965,-0.000995,-0.0027498,0.0076334
-0.0007839,-0.0025292,0.007783,-0.0007834,-0.0025275,0.0078209
-0.0006955,-0.0028809,0.0076697,-0.000695,-0.0028789,0.0077068
-0.0004067,-0.0026466,0.0076985,-0.0004064,-0.0026449,0.0077361
-0.0005206,-0.002248,0.0075765,-0.0005202,-0.0022466,0.0076137
-0.0001419,-0.0022895,0.0076154,-0.0001419,-0.002288,0.0076529
0.0002493,-0.0022741,0.0077305,0.0002491,-0.0022727,0.0077685
0.0003569,-0.0006556,0.0075297,0.0003567,-0.0006551,0.0075676
0.0005685,-0.0004913,0.0079961,0.0005682,-0.000491,0.008036
-0.0001041,-0.0016053,0.0076157,-0.000104,-0.0016042,0.0076536
-0.0013414,-0.0022437,0.007611,-0.0013405,-0.0022422,0.0076483
-0.0007392,-0.0018237,0.0075718,-0.0007388,-0.0018225,0.0076092
-0.0005228,-0.0026531,0.0080029,-0.0005225,-0.0026514,0.0080418
-6.69e-05,-0.0025886,0.0079872,-6.68e-05,-0.0025869,0.0080262
-0.0010701,-0.002699,0.008001,-0.0010695,-0.0026973,0.0080398
-0.000437,-0.0018498,0.0079272,-0.0004368,-0.0018487,0.0079663
-0.0004253,-0.0025043,0.0083095,-0.000425,-0.0025028,0.00835
-0.0008346,-0.0019696,0.0079083,-0.0008341,-0.0019684,0.0079473
-0.0009567,-0.002298,0.0079402,-0.0009561,-0.0022965,0.007979
-0.0009018,-0.0022175,0.0083136,-0.0009013,-0.0022163,0.0083542
-0.0009131,-0.0024731,0.0084538,-0.0009126,-0.0024717,0.008495
0.0015341,0.002572,0.0122215,0.0015334,0.0025706,0.012279
0.0009887,0.0013862,0.011255,0.0009887,0.0013861,0.0113092
0.001385,0.0014588,0.0112292,0.0013848,0.0014585,0.0112832
0.0013546,0.0019379,0.0112217,0.0013542,0.0019373,0.0112757
0.0006551,0.0019171,0.0112464,0.000655,0.0019167,0.0113006
0.0010829,0.0016003,0.0118105,0.0010828,0.0016,0.0118669
0.0008745,0.0031603,0.0122052,0.000874,0.0031584,0.0122625
0.0007796,0.0034909,0.0122333,0.0007791,0.0034887,0.0122906
0.001345,0.0028416,0.0121964,0.0013443,0.00284,0.0122537
0.003387,-0.0011282,0.0122486,0.003385,-0.0011277,0.0123059
0.0005205,-0.003484,0.0129444,0.0005202,-0.0034823,0.0130037
0.0004955,-0.0030906,0.0129425,0.0004952,-0.0030893,0.013002
0.0037992,-0.0027756,0.0022283,0.0037974,-0.0027741,0.0022402
0.0038513,-0.0021133,0.0021182,0.0038493,-0.002112,0.0021309
-0.0029977,0.0036251,0.0022374,-0.0029963,0.0036236,0.0022495
-0.0025053,0.0035289,0.0020975,-0.0025038,0.0035271,0.0021105
0.0001458,-0.0044414,0.0023787,0.0001459,-0.0044391,0.0023921
0.0006211,-0.0045147,0.0023925,0.0006209,-0.0045125,0.0024055
8.92e-05,0.0043265,0.0022341,8.92e-05,0.0043244,0.0022476
0.0009917,0.0028844,0.0130573,0.0009911,0.0028827,0.0131174
0.0010028,0.0031618,0.0129661,0.0010021,0.0031598,0.0130259
0.0010074,0.0028369,0.0134335,0.0010069,0.0028352,0.0134947
0.0041003,0.0014379,0.0023479,0.0040985,0.0014374,0.0023617
0.0045308,0.0014942,0.002484,0.0045292,0.0014938,0.0024968
0.0030434,-0.0031156,0.0023674,0.003042,-0.0031139,0.0023809
0.0034524,-0.0032063,0.0024863,0.0034511,-0.0032048,0.002499
0.0036224,-0.0020924,0.0022504,0.0036205,-0.0020911,0.0022643
-0.004455,-0.0015131,0.0024691,-0.0044532,-0.0015123,0.0024818
-0.0039504,-0.0015347,0.0022688,-0.0039482,-0.0015337,0.0022826
-0.0030561,-0.0013913,0.0023749,-0.0030543,-0.0013902,0.0023915
-0.004564,-0.001423,0.00225,-0.0045619,-0.0014222,0.0022617
-0.0014891,-0.0008993,0.011308,-0.0014892,-0.0008994,0.0113624
-0.0016076,-0.0014928,0.0116796,-0.0016073,-0.0014928,0.0117353
-0.0011793,-0.0008331,0.0112944,-0.0011795,-0.0008333,0.0113489
-0.0013848,-0.0005976,0.0112856,-0.001385,-0.0005977,0.01134
-0.0017823,-0.0011538,0.0111499,-0.0017821,-0.0011538,0.0112035
-0.0011171,-0.0023046,0.0106805,-0.0011168,-0.0023039,0.010732
-0.0014271,-0.00171,0.0106736,-0.0014268,-0.0017097,0.0107252
-0.0015366,-0.0022795,0.0109112,-0.001536,-0.0022788,0.0109636
-0.0011183,-0.0017981,0.0105003,-0.0011182,-0.0017977,0.0105511
-0.0015956,-0.0014327,0.0106767,-0.0015954,-0.0014324,0.0107282
-0.0015521,-0.0015858,0.0109829,-0.0015518,-0.0015856,0.0110357
-0.0019246,-0.0013842,0.0108498,-0.0019241,-0.001384,0.0109021
-0.0019573,-0.0017348,0.0110694,-0.0019567,-0.0017343,0.0111224
-0.0019554,-0.0021296,0.0102436,-0.0019546,-0.0021288,0.010293
-0.001605,-0.0026898,0.0099008,-0.0016043,-0.0026885,0.0099484
-0.0012577,-0.0026193,0.0099294,-0.0012573,-0.0026182,0.0099774
-0.0021034,-0.0025964,0.0098188,-0.0021023,-0.0025951,0.0098659
-0.0015133,-0.0023697,0.0099902,-0.0015127,-0.0023688,0.0100385
-0.0017051,-0.0025781,0.0102322,-0.0017043,-0.002577,0.0102813
-0.0017749,-0.0025158,0.0096675,-0.0017741,-0.0025146,0.0097141
-0.0021177,-0.0022095,0.0098738,-0.0021167,-0.0022085,0.0099214
-0.0019772,-0.0025141,0.0103343,-0.0019763,-0.0025129,0.0103839
-0.0021051,-0.0024692,0.0095804,-0.002104,-0.002468,0.0096264
0.0016827,0.0007859,0.0112208,0.0016826,0.0007858,0.0112748
0.0017872,0.0011153,0.0114356,0.0017869,0.001115,0.0114904
0.0021773,0.0012488,0.0112606,0.0021766,0.0012483,0.0113146
0.0017358,0.0012244,0.0110341,0.0017354,0.001224,0.0110873
0.0017963,0.0008933,0.0116949,0.001796,0.0008931,0.0117509
0.0018399,0.0005519,0.0115274,0.0018397,0.0005517,0.0115826
0.0034533,0.0007048,0.0122979,0.0034513,0.0007042,0.0123554
0.0013823,9.49e-05,0.0119849,0.0013822,9.47e-05,0.0120423
0.0012808,0.0003972,0.0123851,0.0012806,0.0003969,0.012444
0.001456,-7.3e-06,0.0123353,0.0014558,-7.5e-06,0.012394
0.0010246,8.88e-05,0.0123736,0.0010245,8.86e-05,0.0124326
0.0008016,0.0002001,0.0120092,0.0008017,0.0001999,0.0120669
0.001096,-0.0003298,0.0119536,0.001096,-0.00033,0.012011
0.0006542,5.7e-06,0.0122922,0.0006542,5.5e-06,0.012351
0.0011618,-0.0002046,0.012275,0.0011617,-0.0002048,0.0123336
0.0015047,8.6e-05,0.0112912,0.0015048,8.59e-05,0.0113457
0.0017791,0.0001672,0.0114054,0.001779,0.0001671,0.0114602
0.0020367,-3.1e-06,0.0112544,0.0020364,-3.2e-06,0.0113085
0.0022854,0.0001874,0.0113234,0.0022849,0.0001872,0.0113777
0.0017538,0.000443,0.0112645,0.0017537,0.0004429,0.0113187
0.0020691,9.19e-05,0.0116104,0.0020688,9.18e-05,0.0116659
0.0016643,-5.33e-05,0.0116043,0.0016642,-5.34e-05,0.0116599
0.0020236,-0.0001615,0.0117497,0.0020233,-0.0001616,0.0118057
0.0017902,0.0002392,0.0117412,0.00179,0.000239,0.0117974
0.0016632,-0.0003298,0.0116342,0.0016632,-0.0003299,0.01169
0.0025829,0.0001255,0.0108104,0.002582,0.0001254,0.0108625
0.0028879,0.0001403,0.0106383,0.0028867,0.0001401,0.0106895
0.0029611,0.0003831,0.0110319,0.0029598,0.0003829,0.0110848
0.0028537,-0.0001115,0.0108914,0.0028525,-0.0001116,0.0109437
0.0024535,-2.71e-05,0.0110239,0.0024528,-2.72e-05,0.0110769
0.0026237,-0.0001181,0.0106209,0.0026227,-0.0001181,0.0106721
0.0024246,-0.0003519,0.0105218,0.0024238,-0.0003519,0.0105727
0.0023721,-0.0003428,0.0108837,0.0023714,-0.0003428,0.0109362
0.0025098,0.0001244,0.0102561,0.0025088,0.0001243,0.0103057
0.0025371,-0.0034968,0.0021712,0.0025359,-0.0034947,0.0021843
0.0030509,-0.0035578,0.0022568,0.0030495,-0.003556,0.0022689
0.0025844,-0.0039237,0.0024666,0.0025834,-0.0039218,0.0024794
0.0030249,-0.0035868,0.0024689,0.0030238,-0.0035852,0.0024817
-0.0025878,-0.0015972,0.0123678,-0.0025866,-0.0015966,0.0124256
-0.0023194,-0.0014563,0.0110321,-0.0023187,-0.001456,0.0110849
-0.0028057,-0.0009777,0.0104936,-0.0028045,-0.0009773,0.0105441
-0.0027052,-0.0011271,0.0107448,-0.0027042,-0.0011267,0.0107964
-0.0027427,-0.0010057,0.0110451,-0.0027417,-0.0010054,0.011098
-0.0026782,-0.0013501,0.0105436,-0.002677,-0.0013496,0.0105943
-0.0023729,-0.0007425,0.0076474,-0.0023715,-0.000742,0.0076848
-0.0021619,-0.0010871,0.0076194,-0.0021605,-0.0010864,0.0076569
-0.0017988,-0.000841,0.0076503,-0.0017978,-0.0008405,0.0076882
-0.0016171,-0.0011441,0.0075667,-0.0016161,-0.0011434,0.0076041
-0.00163,-0.0010138,0.0079383,-0.0016291,-0.0010132,0.0079775
-0.0016461,-0.0007377,0.0082139,-0.0016452,-0.0007374,0.0082544
-0.0020733,-0.0006534,0.0076232,-0.002072,-0.0006529,0.0076608
-0.0020784,-0.000277,0.0077999,-0.0020771,-0.0002767,0.0078384
-0.0020322,-0.0010248,0.0079287,-0.0020309,-0.0010242,0.0079676
-0.0024426,-0.0010226,0.0078908,-0.002441,-0.001022,0.0079293
-0.0020626,-0.0008485,0.008239,-0.0020614,-0.0008481,0.0082794
-0.002316,-0.0004847,0.0077869,-0.0023146,-0.0004844,0.0078252
-0.0025781,-0.0006428,0.0079262,-0.0025765,-0.0006424,0.0079649
-0.0014627,-0.0006958,0.007868,-0.0014619,-0.0006954,0.0079071
-0.0024979,-0.0001929,0.007893,-0.0024963,-0.0001927,0.0079317
-0.0023741,-0.0006637,0.0082271,-0.0023728,-0.0006633,0.0082673
-0.0025524,-0.001495,0.0080232,-0.0025509,-0.001494,0.0080621
-0.0033326,-0.0011895,0.0122284,-0.0033308,-0.001189,0.0122855
-0.0029011,-0.0008704,0.0123768,-0.0028998,-0.0008702,0.0124347
-0.0025356,-0.0008214,0.0123129,-0.0025347,-0.0008212,0.0123708
-0.0011973,-0.0005481,0.0125323,-0.0011972,-0.0005482,0.0125916
-0.0011478,-0.0005352,0.0117957,-0.0011479,-0.0005354,0.0118524
-0.0018825,-0.0005634,0.0115426,-0.0018823,-0.0005635,0.0115978
-0.001619,-0.0006295,0.0114822,-0.001619,-0.0006296,0.0115373
-0.0015575,-0.0003149,0.0112351,-0.0015576,-0.0003151,0.0112892
-0.0011813,-0.0003299,0.0113559,-0.0011815,-0.0003301,0.0114108
-0.0014039,5.99e-05,0.0112835,-0.0014041,5.98e-05,0.011338
-0.0013372,-0.0007186,0.0116104,-0.0013373,-0.0007187,0.0116662
-0.0018129,-0.0005608,0.0111736,-0.0018128,-0.0005608,0.0112274
-0.0027484,-0.0006267,0.0106524,-0.0027473,-0.0006265,0.0107037
-0.0018518,-0.0001148,0.0106204,-0.0018516,-0.0001149,0.0106719
-0.0022952,-0.0001487,0.0110012,-0.0022947,-0.0001488,0.0110542
-0.0026308,0.0001394,0.010468,-0.0026298,0.0001393,0.0105187
-0.0026083,-0.0002765,0.0110853,-0.0026074,-0.0002766,0.0111385
-0.0007357,-0.000532,0.0129191,-0.0007357,-0.0005322,0.0129798
-0.0008489,-0.0003328,0.0126975,-0.000849,-0.0003331,0.0127576
-0.0004695,-0.0003529,0.0127839,-0.0004695,-0.0003531,0.0128444
-0.0007367,-0.0001917,0.0130597,-0.0007367,-0.0001919,0.0131209
-0.001181,-0.0002367,0.0132141,-0.0011808,-0.0002369,0.0132755
-0.0010288,-0.000529,0.01325,-0.0010287,-0.0005291,0.0133115
-0.0033286,-0.0008213,0.0119507,-0.0033269,-0.000821,0.0120069
-0.0035665,-0.0005529,0.0119681,-0.0035645,-0.0005527,0.0120243
-0.0032457,-0.000783,0.0115873,-0.0032441,-0.0007827,0.0116421
-0.0034659,-0.0004787,0.0100948,-0.0034641,-0.0004785,0.0101431
-0.0031279,-0.0006127,0.010044,-0.0031265,-0.0006125,0.0100923
-0.0030979,-0.0003205,0.0098946,-0.0030965,-0.0003204,0.0099424
-0.0027111,-0.0005093,0.0097228,-0.00271,-0.0005092,0.00977
-0.0031023,0.0001058,0.0097496,-0.0031009,0.0001056,0.0097967
-0.0030937,-5.2e-05,0.0102863,-0.0030923,-5.21e-05,0.0103358
-0.0031782,-0.0002693,0.0095679,-0.0031766,-0.0002692,0.0096141
-0.0029683,-0.0004639,0.0103543,-0.002967,-0.0004638,0.0104041
-0.0027754,-0.0006187,0.0102554,-0.0027743,-0.0006185,0.0103048
-0.0033481,-0.0005286,0.0097585,-0.0033464,-0.0005284,0.0098054
-0.0031075,-0.0007151,0.0096204,-0.003106,-0.0007148,0.0096667
-0.0028703,-0.0003028,0.0122579,-0.0028691,-0.0003029,0.0123154
-0.0016929,0.0001963,0.0112254,-0.001693,0.0001961,0.0112796
-0.0014722,0.0004628,0.0113009,-0.0014723,0.0004627,0.0113554
-0.0012259,0.000496,0.0111253,-0.0012261,0.000496,0.011179
-0.0014515,0.0008348,0.0112147,-0.0014515,0.0008347,0.0112687
-0.0018609,-7.44e-05,0.0113701,-0.0018609,-7.45e-05,0.0114247
-0.001895,7.8e-06,0.010911,-0.0018949,7.7e-06,0.0109637
-0.0025045,0.0002689,0.0107673,-0.0025037,0.0002687,0.0108192
-0.002606,0.0010144,0.0106236,-0.0026049,0.0010139,0.0106748
-0.0025598,0.0004148,0.0110182,-0.002559,0.0004145,0.0110712
-0.0027667,-1.73e-05,0.0100806,-0.0027656,-1.74e-05,0.0101293
-0.0032163,0.0003876,0.009973,-0.0032148,0.0003872,0.010021
-0.0024535,-0.0002164,0.0099246,-0.0024526,-0.0002164,0.0099728
-0.0027543,0.0005069,0.009746,-0.0027531,0.0005066,0.0097933
-0.0031735,0.0003955,0.0103147,-0.0031721,0.0003952,0.0103642
-0.003129,0.0005204,0.0096414,-0.0031274,0.0005201,0.0096879
-0.0033726,-7.58e-05,0.0100348,-0.0033709,-7.59e-05,0.010083
-0.0034245,0.0001606,0.0091873,-0.0034225,0.0001605,0.0092314
-0.0029987,8.27e-05,0.0092366,-0.0029972,8.26e-05,0.0092813
-0.0031692,0.0005286,0.0091972,-0.0031675,0.0005283,0.0092416
-0.002807,0.0004039,0.0091169,-0.0028056,0.0004037,0.0091612
-0.0027332,-5.9e-06,0.0096895,-0.0027321,-5.9e-06,0.0097365
-0.0033547,-0.0001007,0.0093398,-0.0033529,-0.0001007,0.0093847
-0.0031387,-0.0003042,0.0091857,-0.0031371,-0.000304,0.00923
-0.0009185,0.0004653,0.0088624,-0.0009181,0.0004651,0.0089062
-0.0005705,0.0004425,0.0087833,-0.0005703,0.0004423,0.0088268
-0.000242,0.0005168,0.0088655,-0.0002419,0.0005166,0.0089093
-0.0004964,0.0009108,0.0088034,-0.0004962,0.0009104,0.0088469
-0.0001612,0.0008753,0.0087896,-0.0001612,0.0008749,0.0088331
0.0002732,0.0009289,0.0089095,0.000273,0.0009285,0.0089536
-0.000174,0.0012261,0.0088786,-0.0001739,0.0012255,0.0089224
-0.0008928,0.0008523,0.0088355,-0.0008924,0.000852,0.0088791
-0.0004375,0.0012543,0.0090357,-0.0004373,0.0012538,0.0090803
-0.0005563,0.0009561,0.0092144,-0.0005561,0.0009557,0.0092598
-0.0005767,0.0005232,0.0091803,-0.0005766,0.000523,0.0092255
-9.77e-05,0.0003388,0.0091579,-9.77e-05,0.0003387,0.009203
0.000288,0.000598,0.0092952,0.0002879,0.0005978,0.009341
-0.0009047,0.0004364,0.0092638,-0.0009045,0.0004363,0.0093094
-0.0006413,0.0001012,0.0090439,-0.0006411,0.0001012,0.0090885
-0.0004697,0.0005351,0.0096488,-0.0004697,0.000535,0.0096961
-0.0008382,0.000865,0.0092065,-0.000838,0.0008646,0.0092518
-0.0008588,0.00074,0.0096791,-0.0008587,0.0007398,0.0097266
-0.0010559,0.0004501,0.0095748,-0.0010557,0.00045,0.0096218
-0.0016206,0.0012715,0.0111938,-0.0016204,0.0012712,0.0112476
-0.0012481,0.0011799,0.0111711,-0.0012481,0.0011798,0.0112251
-0.001228,0.0008483,0.0115937,-0.0012281,0.0008482,0.0116495
-0.0019192,0.0011493,0.0110297,-0.0019189,0.0011489,0.0110829
-0.0017639,0.0006682,0.0113417,-0.0017639,0.0006681,0.0113962
-0.0019586,0.0007563,0.011065,-0.0019584,0.0007561,0.0111183
-0.0027304,0.0013151,0.0106043,-0.0027292,0.0013144,0.0106553
-0.0023532,0.0013242,0.0110578,-0.0023524,0.0013236,0.0111109
-0.0025469,0.0007178,0.0107644,-0.002546,0.0007175,0.0108162
-0.0028437,0.0008527,0.0108895,-0.0028425,0.0008523,0.0109417
-0.0027307,0.0009213,0.0102834,-0.0027296,0.0009208,0.0103331
-0.0033146,0.0010473,0.0122017,-0.0033129,0.0010466,0.0122589
-0.0028919,0.001059,0.0121732,-0.0028906,0.0010583,0.0122304
-0.0004305,0.0011475,0.0120005,-0.0004306,0.0011474,0.0120581
-0.0010494,0.0006266,0.0121421,-0.0010495,0.0006264,0.0122002
-0.0032408,0.0006686,0.0122293,-0.0032391,0.0006681,0.0122866
-0.0028335,0.0007405,0.0122174,-0.0028323,0.00074,0.0122748
-0.0032246,0.0006211,0.0118665,-0.003223,0.0006206,0.0119225
-0.0022356,0.0022493,0.0123241,-0.0022346,0.002248,0.0123819
-0.0006845,-0.0047454,0.0020805,-0.000684,-0.0047428,0.0020915
-0.0010966,-0.0045839,0.00204,-0.0010959,-0.0045812,0.0020512
0.0023401,0.0021624,0.0122781,0.0023389,0.0021611,0.0123357
0.0027778,0.0021425,0.0124004,0.0027762,0.0021411,0.0124582
0.00047,0.0035526,0.012287,0.0004697,0.0035504,0.0123445
0.000374,0.0015901,0.0114469,0.000374,0.00159,0.0115019
0.0007119,0.0015153,0.0113375,0.0007119,0.0015151,0.0113921
0.0002279,0.0019078,0.0112489,0.0002279,0.0019075,0.0113031
-0.000139,0.0019725,0.0111904,-0.0001391,0.0019721,0.0112444
0.0003507,0.0018858,0.0109665,0.0003506,0.0018854,0.0110195
0.0006681,0.0025364,0.0109059,0.0006678,0.0025354,0.0109584
0.0004339,0.0027737,0.0101699,0.0004337,0.0027725,0.0102191
0.0004538,0.0023934,0.0103762,0.0004536,0.0023925,0.0104266
0.0003032,0.0030288,0.0098164,0.000303,0.0030272,0.009864
0.0007154,0.0030571,0.0099244,0.000715,0.0030555,0.0099724
0.0006508,0.0029671,0.0102716,0.0006505,0.0029656,0.0103211
0.0001495,0.0029277,0.0102472,0.0001494,0.0029264,0.0102967
0.0003762,0.0031496,0.0104274,0.000376,0.003148,0.0104776
-0.002896,-0.0037265,0.0024484,-0.0028947,-0.0037249,0.0024611
-0.0010816,-0.0021684,0.0028531,-0.001081,-0.0021669,0.0028731
-0.001526,-0.0021821,0.0028999,-0.0015251,-0.0021807,0.0029196
-0.001875,-0.0018551,0.0028985,-0.001874,-0.0018539,0.0029183
-0.0014583,-0.002225,0.0031569,-0.0014575,-0.0022237,0.0031774
-0.00141,-0.0028095,0.0028065,-0.0014093,-0.0028078,0.0028249
-0.0015019,-0.0030758,0.0027807,-0.001501,-0.0030741,0.0027984
-0.0015131,-0.0029647,0.0030079,-0.0015123,-0.0029631,0.0030266
-0.0013987,-0.001227,0.0026154,-0.0013978,-0.001226,0.0026355
-0.0018808,-0.0011678,0.0030065,-0.0018798,-0.001167,0.0030273
-0.0018546,-0.0021242,0.0030565,-0.0018536,-0.0021229,0.0030765
-0.0019917,-0.002955,0.0032504,-0.0019908,-0.0029536,0.0032693
-0.0019486,-0.0028289,0.0034537,-0.0019477,-0.0028276,0.0034737
-0.0019114,-0.0022064,0.0033652,-0.0019105,-0.0022052,0.0033859
-0.0014236,-0.0024009,0.00338,-0.0014228,-0.0023996,0.003401
-0.0018806,-0.0024307,0.0036709,-0.0018797,-0.0024295,0.0036923
-0.0024086,-0.0020552,0.0034635,-0.0024075,-0.0020542,0.0034841
-0.0025455,-0.0017726,0.0035861,-0.0025444,-0.0017716,0.0036072
-0.0022311,-0.0028327,0.0033676,-0.0022302,-0.0028314,0.0033869
-0.0024405,-0.0031574,0.0033515,-0.0024395,-0.0031561,0.0033698
-0.0024354,-0.002978,0.0035609,-0.0024344,-0.0029767,0.0035804
-0.0019804,-0.0044992,0.002159,-0.0019794,-0.0044969,0.0021697
-0.0015089,-0.0044587,0.0020222,-0.001508,-0.0044561,0.0020334
-0.0025197,-0.0041302,0.0021105,-0.0025184,-0.004128,0.0021213
-0.0020991,-0.0040517,0.0019863,-0.0020978,-0.0040492,0.0019979
-0.0012533,-0.0036764,0.0018704,-0.0012524,-0.0036736,0.0018839
-0.0022041,-0.0037049,0.0022147,-0.0022029,-0.0037028,0.0022279
0.0040122,0.0009663,0.0022922,0.0040102,0.000966,0.0023066
-0.0037945,-0.0014984,0.0024465,-0.0037926,-0.0014975,0.0024614
-0.0033747,-0.0015722,0.0023475,-0.0033727,-0.0015711,0.0023631
-0.0034847,-0.0013878,0.002693,-0.003483,-0.0013869,0.0027097
-0.0028049,-0.0011716,0.0030933,-0.0028035,-0.0011709,0.0031129
-0.0028371,-0.0017496,0.0034855,-0.0028359,-0.0017487,0.0035058
-0.0031378,-0.0013052,0.0034819,-0.0031365,-0.0013045,0.003502
-0.0031804,-0.0009921,0.0036236,-0.0031791,-0.0009916,0.0036444
-0.0034854,-0.0018317,0.0040637,-0.0034841,-0.0018308,0.004085
-0.0006429,-0.0004623,0.0020031,-0.0006424,-0.0004617,0.0020225
-0.0014908,-0.0007074,0.0022418,-0.0014896,-0.0007067,0.0022611
-0.0014991,-0.0003896,0.0024247,-0.0014981,-0.0003892,0.0024447
-0.0016258,-0.0011243,0.0023989,-0.0016246,-0.0011233,0.0024182
-0.0013591,-0.0008725,0.0024711,-0.0013582,-0.0008717,0.0024911
-0.0022548,-0.0006577,0.0025489,-0.0022534,-0.0006571,0.0025681
-0.0020022,-0.000354,0.0025254,-0.0020009,-0.0003536,0.002545
-0.0019272,-0.0009595,0.0027715,-0.001926,-0.0009588,0.0027917
-0.0019737,-0.000368,0.0028264,-0.0019725,-0.0003676,0.002847
-0.0016328,-0.0009708,0.002643,-0.0016318,-0.00097,0.0026631
-0.0016716,-0.0007759,0.0029083,-0.0016706,-0.0007753,0.0029293
-0.0025477,-0.0004675,0.0028179,-0.0025463,-0.0004671,0.0028375
-0.002215,-0.0002935,0.0030848,-0.0022137,-0.0002932,0.0031058
-0.0029851,-0.0008424,0.0031752,-0.0029837,-0.0008418,0.003195
-0.0027068,-0.0004347,0.0031796,-0.0027054,-0.0004343,0.0032
-0.0028268,-0.000134,0.0033928,-0.0028254,-0.0001338,0.0034138
-0.0032328,-0.0004431,0.0034907,-0.0032314,-0.0004428,0.0035112
-0.0030831,-0.0004412,0.0036651,-0.0030818,-0.0004408,0.0036865
-0.0031334,-0.0007568,0.0038527,-0.003132,-0.0007563,0.0038746
-0.0010209,-0.0010944,0.0041864,-0.0010204,-0.0010937,0.0042117
-0.0006674,-0.0012512,0.0042197,-0.000667,-0.0012503,0.0042451
-0.0003162,-0.0011493,0.0041907,-0.000316,-0.0011486,0.0042162
-0.0005613,-0.0007365,0.0041468,-0.0005609,-0.000736,0.0041724
-1.5e-05,-0.0008638,0.0041439,-1.51e-05,-0.0008631,0.0041695
0.0002356,-0.0008016,0.0043759,0.0002355,-0.0008011,0.0044023
0.0006173,-0.000483,0.0057313,0.0006169,-0.0004826,0.0057621
-0.0002212,-0.0005741,0.0058208,-0.000221,-0.0005736,0.0058519
-0.0009674,-0.000649,0.0041595,-0.0009669,-0.0006485,0.004185
-0.0011282,-0.0008153,0.0044422,-0.0011276,-0.0008147,0.0044684
-0.0005256,-0.000247,0.0041809,-0.0005253,-0.0002467,0.0042068
-0.0004719,-0.0013047,0.0044546,-0.0004716,-0.0013039,0.0044808
-4.81e-05,-0.0011456,0.0044051,-4.8e-05,-0.0011448,0.0044314
-0.000449,-0.0008268,0.0046974,-0.0004487,-0.0008262,0.0047248
-0.0005018,-0.001247,0.0049386,-0.0005015,-0.0012462,0.0049664
-0.000282,0.0003019,0.0057212,-0.0002818,0.0003018,0.005752
-0.0002843,-0.0005756,0.0061373,-0.0002842,-0.0005752,0.0061694
-0.0008122,-0.0004618,0.0043003,-0.0008118,-0.0004614,0.0043265
-0.0011101,5.2e-06,0.0043873,-0.0011095,5.3e-06,0.0044136
-0.0009213,-0.0008106,0.0047249,-0.0009208,-0.00081,0.0047522
-0.0011248,-0.0007564,0.0049911,-0.0011242,-0.0007559,0.0050191
-0.0009073,-0.001575,0.004476,-0.0009068,-0.001574,0.0045019
-0.0026375,-0.0008219,0.0053455,-0.0026361,-0.0008214,0.0053734
-0.0023659,-0.0011546,0.0053673,-0.0023646,-0.0011539,0.0053954
-0.0020519,-0.0010485,0.0053666,-0.0020508,-0.0010479,0.005395
-0.0018219,-0.0007352,0.0053065,-0.001821,-0.0007347,0.005335
-0.0019754,-0.0001336,0.0053506,-0.0019743,-0.0001333,0.0053793
-0.0018272,-0.0010358,0.0055933,-0.0018262,-0.0010352,0.0056227
-0.0016527,-0.0011978,0.0060391,-0.0016518,-0.0011971,0.0060701
-0.0010982,0.0002566,0.006216,-0.0010975,0.0002566,0.0062483
-0.0010048,-0.0005608,0.0068097,-0.0010041,-0.0005603,0.0068443
-0.0022638,-0.0006682,0.005326,-0.0022626,-0.0006677,0.0053542
-0.002293,-0.0002158,0.0053881,-0.0022918,-0.0002155,0.0054166
-0.0021556,-0.0007386,0.0055722,-0.0021544,-0.0007381,0.0056013
-0.0022391,-0.0011305,0.0056181,-0.0022379,-0.0011298,0.0056472
-0.0026084,-0.0011426,0.0056117,-0.002607,-0.0011419,0.0056403
-0.0022839,-0.001177,0.0058919,-0.0022826,-0.0011762,0.0059219
-0.002475,-0.0005124,0.0054949,-0.0024736,-0.000512,0.0055236
-0.0026408,-0.0007458,0.0056415,-0.0026394,-0.0007453,0.0056704
-0.0015154,-0.0006704,0.0054888,-0.0015145,-0.0006699,0.0055183
-0.0027152,-0.0003138,0.0056481,-0.0027137,-0.0003135,0.0056772
-0.0026325,-0.0007713,0.0058733,-0.002631,-0.0007708,0.0059031
-0.0024478,-0.0016008,0.0055563,-0.0024465,-0.0015998,0.0055847
-0.0026324,-0.0011355,0.0059299,-0.0026309,-0.0011348,0.0059598
0.0016253,0.0037989,0.002321,0.0016245,0.0037972,0.0023354
-0.0044539,0.0013718,0.002459,-0.004452,0.0013715,0.002472
-0.0038621,0.0014182,0.0022409,-0.0038599,0.0014176,0.0022551
-0.0026636,0.0018688,0.0027558,-0.0026622,0.0018681,0.0027739
-0.0023946,0.0021768,0.0028336,-0.0023933,0.0021759,0.002852
-0.0020849,0.0018709,0.0026313,-0.0020837,0.0018701,0.0026501
-0.0020677,0.0023861,0.0029759,-0.0020667,0.0023851,0.0029949
-0.0020828,0.0019225,0.0028936,-0.0020817,0.0019217,0.002913
-0.0016046,0.0018676,0.0028306,-0.0016037,0.0018667,0.0028505
-0.001995,0.0017509,0.0030967,-0.001994,0.0017501,0.0031171
-0.0024791,0.0025911,0.0030238,-0.0024779,0.0025901,0.003042
-0.0025979,0.0025724,0.0032768,-0.0025968,0.0025716,0.0032957
-0.0025853,0.0017585,0.0032187,-0.0025841,0.0017578,0.0032386
-0.0034037,0.0019595,0.0033606,-0.0034023,0.0019589,0.0033792
-0.0030673,0.002511,0.0033848,-0.0030661,0.0025102,0.0034035
-0.0030294,0.0025379,0.00358,-0.0030281,0.0025372,0.0035995
-0.0034223,0.0019392,0.0036112,-0.003421,0.0019387,0.0036307
-0.0029739,0.0018615,0.0036986,-0.0029727,0.0018609,0.0037194
-0.0033247,0.0024364,0.0034957,-0.0033235,0.0024356,0.0035144
-0.0033567,0.0017837,0.0040292,-0.0033553,0.0017832,0.0040507
-0.0008601,0.0013005,0.0020819,-0.0008594,0.0012996,0.0021009
-0.0005991,0.001552,0.0019469,-0.0005986,0.0015509,0.0019655
-0.0015231,0.0016171,0.0023391,-0.001522,0.0016162,0.0023579
-0.0014461,0.0016434,0.0026047,-0.0014452,0.0016425,0.0026243
-0.0017006,0.0008596,0.0024465,-0.0016995,0.0008592,0.0024662
-0.0024856,0.0011814,0.0028508,-0.0024842,0.001181,0.0028703
-0.0020469,0.0011019,0.0028264,-0.0020457,0.0011015,0.0028465
-0.0020289,0.0014526,0.0026113,-0.0020277,0.0014519,0.0026305
-0.0018013,0.0014133,0.0027729,-0.0018002,0.0014127,0.0027929
-0.0014884,0.0010195,0.0027296,-0.0014875,0.001019,0.0027502
-0.0020075,0.0011794,0.0030719,-0.0020064,0.0011789,0.0030928
-0.0023137,0.0015193,0.0027454,-0.0023124,0.0015187,0.0027645
-0.0022511,0.0007979,0.0027568,-0.0022498,0.0007976,0.0027766
-0.0024428,0.0011491,0.0031166,-0.0024416,0.0011487,0.003137
-0.0028708,0.0011092,0.0031844,-0.0028695,0.0011088,0.0032043
-0.0029235,0.0014999,0.0032798,-0.0029222,0.0014994,0.0032995
-0.0031873,0.0015009,0.003512,-0.003186,0.0015005,0.003532
-0.0032079,0.0009474,0.0035543,-0.0032065,0.0009472,0.0035749
-0.003091,0.0007484,0.0033269,-0.0030895,0.0007483,0.003347
-0.0032685,0.0004348,0.0035093,-0.0032671,0.0004348,0.0035299
-0.0032861,0.0009412,0.0037867,-0.0032847,0.000941,0.003808
0.0016148,-0.0031243,0.0122743,0.0016139,-0.0031227,0.0123316
0.0019731,-0.0029467,0.0123321,0.001972,-0.0029452,0.0123895
0.0004818,-0.0030452,0.0122427,0.0004815,-0.0030439,0.0123
0.0001814,-0.0012591,0.012165,0.0001814,-0.0012593,0.0122231
0.0002505,-0.0008596,0.0123352,0.0002505,-0.0008599,0.0123941
0.0002877,-0.0013034,0.0118477,0.0002876,-0.0013036,0.0119046
0.0006907,-0.0012237,0.0113762,0.0006908,-0.001224,0.011431
0.0001637,-0.0014455,0.0112407,0.0001637,-0.0014458,0.0112949
0.0003742,-0.0022777,0.0114436,0.0003741,-0.0022773,0.0114983
0.0002314,-0.0021404,0.0107776,0.0002314,-0.00214,0.0108296
0.000352,-0.0028988,0.0105325,0.0003518,-0.0028976,0.0105831
0.0007863,-0.0028876,0.0104988,0.0007859,-0.0028864,0.0105492
0.0002133,-0.0025388,0.0108979,0.0002132,-0.0025381,0.0109502
0.0004455,-0.0028517,0.0110941,0.0004453,-0.0028507,0.0111471
0.0015246,-0.0004271,0.0113989,0.0015246,-0.0004272,0.0114537
0.0022366,-0.0005086,0.0112863,0.0022361,-0.0005086,0.0113404
0.0020356,-0.0002948,0.0111235,0.0020353,-0.000295,0.011177
0.0016784,-0.0002067,0.0112499,0.0016783,-0.0002068,0.011304
0.0028488,-0.0002981,0.0104784,0.0028476,-0.000298,0.0105289
0.0026619,-0.0005509,0.0104951,0.0026607,-0.0005508,0.0105457
0.0027586,0.0019253,0.0118122,0.0027572,0.0019241,0.011868
0.0017998,0.001633,0.0104672,0.0017992,0.0016324,0.010518
0.0018269,0.001742,0.0107045,0.0018263,0.0017413,0.0107563
0.0021271,0.0015649,0.0106706,0.0021263,0.0015642,0.0107221
0.0023202,0.0017351,0.0106598,0.0023192,0.0017342,0.0107111
0.0021174,0.0019187,0.0105988,0.0021165,0.0019178,0.0106499
0.0025487,0.0019934,0.010608,0.0025475,0.0019923,0.010659
0.0021177,0.0023215,0.0105938,0.0021166,0.0023202,0.0106448
0.00209,0.0019804,0.0109106,0.0020891,0.0019795,0.010963
0.0021491,0.0016729,0.0109842,0.0021482,0.0016721,0.011037
0.0018432,0.0016478,0.0110452,0.0018426,0.0016472,0.0110984
0.0016662,0.0018332,0.0102248,0.0016656,0.0018324,0.0102745
0.0026155,0.0014335,0.0098913,0.0026143,0.0014327,0.0099392
0.0026277,0.0016758,0.0100736,0.0026264,0.0016749,0.0101223
0.002932,0.0017692,0.0101048,0.0029305,0.0017682,0.0101534
0.0025213,0.0019761,0.0098804,0.00252,0.001975,0.0099281
0.0026734,0.0016723,0.0104142,0.0026721,0.0016714,0.0104644
0.0031756,0.0016074,0.0096608,0.0031738,0.0016064,0.0097071
0.0027603,0.0019089,0.0100888,0.0027588,0.0019078,0.0101373
0.0026012,0.0019603,0.0102777,0.0025999,0.0019592,0.0103272
0.0026703,0.0019045,0.0095893,0.0026689,0.0019034,0.0096356
0.0022992,-0.0027149,0.0122602,0.0022979,-0.0027135,0.0123174
0.0022517,-0.0025592,0.0119353,0.0022504,-0.0025581,0.0119913
-0.0004788,0.0013349,0.011251,-0.0004789,0.0013349,0.0113054
-0.0005659,0.0016924,0.0114242,-0.0005659,0.0016922,0.0114791
-7.8e-06,0.0015746,0.0112536,-7.8e-06,0.0015745,0.0113079
-0.0002453,0.0016896,0.0113813,-0.0002453,0.0016894,0.0114361
-0.000122,0.0015975,0.0116829,-0.0001221,0.0015973,0.011739
-0.0003596,0.0019213,0.011406,-0.0003596,0.0019209,0.0114608
-0.0008428,0.0019145,0.0114036,-0.0008427,0.0019141,0.0114583
-0.0005266,0.0031107,0.0100236,-0.0005264,0.0031091,0.010072
-0.0001495,0.0030331,0.0099008,-0.0001494,0.0030315,0.0099487
-0.0001508,0.0030167,0.0103722,-0.0001507,0.0030152,0.0104222
-0.0028137,0.0033193,0.0024626,-0.0028124,0.003318,0.0024767
-0.0023874,0.0034229,0.002421,-0.0023862,0.0034214,0.0024356
-0.0021002,0.0034915,0.0027131,-0.0020993,0.0034902,0.002729
-0.003105,0.0035318,0.0026324,-0.0031038,0.0035306,0.0026459
-0.0024987,0.0029415,0.0034432,-0.0024978,0.0029407,0.0034623
-0.002068,0.0034741,0.0033809,-0.0020672,0.0034731,0.0033993
-0.0025725,0.0026524,0.0035462,-0.0025715,0.0026516,0.0035661
-0.0019611,0.0027437,0.0036902,-0.0019603,0.0027427,0.0037113
-0.0023964,0.0029616,0.0041173,-0.0023955,0.0029608,0.0041391
-0.0035557,0.0030063,0.0024489,-0.0035541,0.0030053,0.0024618
-0.0029779,0.0029415,0.0023005,-0.0029763,0.0029402,0.0023145
-0.0032685,0.0031788,0.0028356,-0.0032673,0.0031779,0.0028504
-0.0006555,0.0032668,0.0129728,-0.0006551,0.0032648,0.0130327
-0.002776,-0.0019741,0.0099547,-0.0027746,-0.0019732,0.0100023
-0.0024885,-0.0021231,0.0099478,-0.0024874,-0.0021221,0.0099955
-0.0023926,-0.0018259,0.0098809,-0.0023915,-0.0018251,0.0099285
-0.0021669,-0.001584,0.0099128,-0.0021661,-0.0015834,0.0099608
-0.0031452,-0.001822,0.0099873,-0.0031435,-0.001821,0.0100349
-0.0022121,-0.0012576,0.0098648,-0.0022112,-0.0012572,0.0099128
-0.0024809,-0.0015348,0.0096429,-0.0024798,-0.0015341,0.0096895
-0.002398,-0.0022796,0.0102757,-0.0023969,-0.0022786,0.010325
-0.0030294,-0.0015348,0.0100884,-0.0030279,-0.0015341,0.0101367
-0.0027456,-0.0023735,0.009984,-0.0027442,-0.0023722,0.0100317
0.0033675,0.0004642,0.0100446,0.0033657,0.0004639,0.0100928
-0.0008296,-0.0046362,0.0022336,-0.000829,-0.0046338,0.0022455
-0.0004223,-0.0043369,0.0020943,-0.0004219,-0.0043343,0.002107
-0.0014782,-0.0037963,0.002806,-0.0014775,-0.0037945,0.0028221
-0.0014161,-0.0034676,0.0028466,-0.0014154,-0.0034659,0.0028637
-0.0007574,-0.0034407,0.0028401,-0.0007569,-0.0034389,0.0028577
-0.0015513,-0.0028926,0.0032008,-0.0015505,-0.0028911,0.0032202
-0.0031653,-0.0027959,0.0038294,-0.0031641,-0.0027948,0.0038491
-0.0029488,-0.0022563,0.0040717,-0.0029477,-0.0022553,0.0040934
-0.0024954,-0.0025707,0.0038763,-0.0024943,-0.0025696,0.0038976
-0.0025888,-0.0026079,0.0041438,-0.0025877,-0.0026068,0.0041659
-0.0031685,-0.0023482,0.0038572,-0.0031673,-0.0023471,0.0038777
-0.0005662,-0.003452,0.0119451,-0.000566,-0.0034503,0.0120012
0.0030713,0.0010859,0.011962,0.0030697,0.0010852,0.0120184
0.0034173,0.0010583,0.0119866,0.0034154,0.0010575,0.0120431
0.0012652,-0.0020951,0.0028421,0.0012645,-0.0020937,0.002862
-6.89e-05,-0.0020789,0.0024633,-6.89e-05,-0.0020773,0.0024827
0.0004329,-0.0020537,0.0028122,0.0004327,-0.0020522,0.0028326
-0.0002,-0.0022028,0.0027865,-0.0001998,-0.0022013,0.0028067
0.0004317,-0.0017044,0.0027894,0.0004315,-0.0017032,0.0028101
0.000566,-0.0021221,0.0030386,0.0005657,-0.0021208,0.0030595
0.000566,-0.002762,0.0027372,0.0005657,-0.0027602,0.0027561
0.0013015,-0.0044847,0.0025965,0.0013011,-0.0044827,0.0026099
0.0007603,-0.0040104,0.0024216,0.00076,-0.0040082,0.0024362
0.0013421,-0.0017212,0.0021413,0.0013411,-0.0017196,0.0021595
0.0018359,-0.0012711,0.0022636,0.0018347,-0.00127,0.0022822
0.0017569,-0.0016632,0.0023252,0.0017557,-0.0016619,0.0023436
0.0011818,-0.001549,0.0022105,0.001181,-0.0015476,0.0022293
0.0014845,-0.0017565,0.0025136,0.0014836,-0.0017551,0.0025327
0.0018461,-0.0026184,0.0030319,0.0018453,-0.0026169,0.0030509
0.0014008,-0.0025457,0.0029319,0.0014001,-0.0025441,0.0029512
0.0012346,-0.00244,0.0027011,0.0012339,-0.0024384,0.00272
0.0019673,-0.0030733,0.003274,0.0019665,-0.0030719,0.0032929
0.0020362,-0.003083,0.0035716,0.0020354,-0.0030817,0.0035914
0.0018075,-0.0035265,0.0035536,0.001807,-0.003525,0.0035728
0.0012166,-0.0033503,0.0036819,0.0012161,-0.0033488,0.0037024
-0.0032799,0.0014421,0.0120262,-0.0032781,0.0014412,0.0120827
-0.0029046,0.0015954,0.0118997,-0.0029032,0.0015944,0.0119559
0.0021842,4.3e-05,0.0028853,0.002183,4.32e-05,0.0029058
0.0023889,-0.0003404,0.0029042,0.0023876,-0.0003401,0.0029243
0.0026165,0.000135,0.0031213,0.0026152,0.0001351,0.0031418
0.0020106,0.0005443,0.0027733,0.0020095,0.0005442,0.0027936
0.0018468,0.0010297,0.0027936,0.0018457,0.0010293,0.0028139
0.0020369,0.0003934,0.0030634,0.0020358,0.0003933,0.0030846
0.0022635,-0.000161,0.0026249,0.0022622,-0.0001607,0.0026445
0.0021912,-0.000498,0.0025438,0.0021898,-0.0004976,0.0025631
0.0020298,-0.0004073,0.0027431,0.0020286,-0.0004069,0.0027633
0.0032255,0.0002477,0.0031877,0.003224,0.0002478,0.0032073
0.0028289,0.0006449,0.0030773,0.0028275,0.0006447,0.0030972
0.0035398,0.0007711,0.0035074,0.0035384,0.000771,0.0035274
0.0034293,-6.11e-05,0.0034225,0.0034279,-6.1e-05,0.0034425
0.0033453,-4.33e-05,0.0036209,0.003344,-4.31e-05,0.0036418
0.0038691,-6.76e-05,0.0038639,0.0038677,-6.74e-05,0.0038847
0.0039196,0.0004814,0.0023823,0.0039177,0.0004814,0.0023975
0.0043193,0.0004255,0.002484,0.0043175,0.0004255,0.0024983
0.0017834,-4.8e-06,0.0023068,0.0017822,-4.6e-06,0.0023261
0.0017293,-0.0004322,0.0022378,0.001728,-0.0004317,0.002257
0.0016204,3.58e-05,0.0025624,0.0016193,3.59e-05,0.0025827
0.0010676,0.000265,0.0020236,0.0010667,0.0002649,0.0020428
0.0009384,0.0007089,0.0020215,0.0009377,0.0007085,0.0020407
0.0009373,-0.0001837,0.0020076,0.0009365,-0.0001833,0.0020269
0.0020795,0.0012612,0.0026215,0.0020783,0.0012607,0.0026408
0.0026429,0.0015487,0.0029017,0.0026416,0.0015481,0.0029207
0.0020916,0.0015268,0.0028757,0.0020905,0.0015263,0.0028956
0.0021976,0.0014782,0.0031364,0.0021966,0.0014777,0.0031569
0.0021735,0.0007974,0.0025413,0.0021721,0.0007971,0.0025605
0.0020603,0.0010243,0.0030848,0.0020592,0.0010239,0.0031057
0.0001981,0.0042469,0.0024671,0.000198,0.0042452,0.0024816
0.0006541,0.0042121,0.0024458,0.0006538,0.0042104,0.0024601
0.0005111,0.0029541,0.0027473,0.0005109,0.0029528,0.002766
0.0010045,0.0032991,0.0029973,0.0010041,0.0032978,0.0030157
0.0005339,0.0032968,0.0032656,0.0005337,0.0032956,0.0032852
0.0003604,0.0028096,0.003167,0.0003603,0.0028084,0.0031873
0.0008578,0.0036825,0.0035743,0.0008575,0.0036813,0.0035941
0.0003728,0.0034881,0.0039216,0.0003727,0.0034869,0.0039433
0.000383,0.001954,0.002494,0.0003828,0.0019529,0.0025136
0.0006916,0.0020414,0.0026503,0.0006912,0.0020403,0.0026702
0.0008961,0.002001,0.0028004,0.0008956,0.002,0.0028207
0.0013379,0.0019882,0.0027944,0.0013372,0.0019872,0.0028143
0.0003699,0.0018948,0.0027643,0.0003697,0.0018938,0.0027849
0.0007239,0.0019198,0.0030008,0.0007236,0.0019189,0.0030219
0.0004694,0.0024086,0.0027569,0.0004692,0.0024074,0.0027766
-0.0001461,0.0024605,0.0027925,-0.000146,0.0024593,0.0028123
0.0003526,0.0025026,0.0030166,0.0003525,0.0025015,0.0030369
-0.0001143,0.0019262,0.0028344,-0.0001142,0.0019253,0.0028552
0.0001996,0.0017988,0.0030159,0.0001995,0.001798,0.0030374
0.0004346,0.0031044,0.0033689,0.0004345,0.0031033,0.0033893
-0.0001894,0.00317,0.0034233,-0.0001893,0.0031688,0.0034439
0.0003601,0.0033451,0.0036686,0.00036,0.0033439,0.0036896
0.0003218,0.002672,0.0038711,0.0003218,0.002671,0.003894
0.0002038,0.0037886,0.0037391,0.0002038,0.0037874,0.0037596
0.0006251,0.0036863,0.0037749,0.0006249,0.003685,0.0037956
0.0008435,0.0033261,0.0039417,0.0008431,0.0033249,0.0039636
0.0007445,0.0034941,0.0042191,0.0007442,0.0034928,0.0042417
0.0003199,0.003837,0.0042273,0.0003198,0.0038357,0.0042495
0.0015726,0.0029108,0.0119652,0.0015717,0.0029091,0.0120217
0.0019486,0.0029409,0.011892,0.0019474,0.0029391,0.0119481
0.0019874,0.0025483,0.0118657,0.0019864,0.0025468,0.0119218
0.0024249,0.0025507,0.0119747,0.0024235,0.0025491,0.0120311
0.00173,0.0020921,0.0097134,0.0017292,0.0020911,0.0097606
0.0017356,0.0025288,0.0098782,0.0017347,0.0025275,0.009926
0.0021973,0.0023717,0.0097567,0.0021961,0.0023704,0.0098038
0.0018317,0.0025293,0.0103211,0.0018308,0.002528,0.0103709
-0.0036033,0.0030142,0.0022572,-0.0036015,0.003013,0.0022693
-0.0031185,0.0030354,0.0020939,-0.0031166,0.0030339,0.0021067
0.0041058,-0.0021376,0.0024386,0.004104,-0.0021365,0.0024516
0.0044461,-0.0018205,0.0024943,0.0044444,-0.0018196,0.0025069
0.0013765,0.0021497,0.0026089,0.0013756,0.0021486,0.002628
0.0016139,0.002404,0.0028893,0.001613,0.0024029,0.0029086
0.0017663,0.0019187,0.0028627,0.0017654,0.0019178,0.0028824
0.0016804,0.0019885,0.0031109,0.0016795,0.0019876,0.0031314
0.0010959,0.0022116,0.0026833,0.0010954,0.0022105,0.0027028
0.0011597,0.0017901,0.0029559,0.0011591,0.0017893,0.0029767
0.0008566,-0.0005933,0.0120562,0.0008566,-0.0005935,0.012114
0.0012932,-0.0006222,0.0119599,0.0012931,-0.0006224,0.0120171
0.0013515,-0.0002346,0.0117743,0.0013515,-0.0002348,0.0118308
0.0045604,-0.0010721,0.002459,0.0045586,-0.0010715,0.0024719
0.0016785,-0.0041213,0.0023281,0.0016778,-0.0041191,0.0023413
0.0026217,-0.0024524,0.0122654,0.0026202,-0.0024513,0.0123226
0.0011269,-0.004645,0.0024689,0.0011265,-0.0046429,0.0024815
0.0012387,-0.0042009,0.0023095,0.0012382,-0.0041987,0.0023229
0.0027496,0.0016297,0.0123152,0.0027482,0.0016287,0.0123729
-0.0008726,-0.0009513,0.011349,-0.0008727,-0.0009515,0.0114037
-0.0004768,-0.0010505,0.011297,-0.0004769,-0.0010509,0.0113516
-0.0009559,-0.0006336,0.0112811,-0.0009561,-0.0006339,0.0113356
-0.0012432,-0.0010253,0.011477,-0.0012433,-0.0010255,0.0115321
-0.0011165,-0.0011361,0.0112042,-0.0011166,-0.0011362,0.0112582
-0.0012247,-0.0013252,0.0104527,-0.0012247,-0.0013251,0.0105034
-0.0011216,-0.0012075,0.0107275,-0.0011216,-0.0012076,0.0107794
-0.0006685,-0.0012144,0.0106716,-0.0006686,-0.0012146,0.0107233
-0.0006377,-0.0014439,0.0109468,-0.0006378,-0.001444,0.0109997
-0.0012298,-0.0012242,0.0109902,-0.0012298,-0.0012243,0.0110432
-0.0008938,-0.0017427,0.0109589,-0.0008938,-0.0017427,0.0110118
-0.0004705,-0.0014054,0.0104539,-0.0004705,-0.0014054,0.0105046
-0.0010503,-0.0010118,0.0108602,-0.0010504,-0.0010119,0.0109128
-0.0012595,-0.0008507,0.0109903,-0.0012596,-0.0008509,0.0110434
-0.0012639,-0.001849,0.0109541,-0.0012637,-0.0018487,0.0110069
-0.0015652,-0.0013117,0.0110413,-0.0015651,-0.0013116,0.0110945
-0.0018443,-0.0012502,0.0105072,-0.0018438,-0.00125,0.0105581
-0.0019567,-0.0019199,0.0098799,-0.001956,-0.0019192,0.0099277
-0.0013032,-0.0021078,0.0097718,-0.0013028,-0.002107,0.0098193
-0.0015983,-0.0018244,0.0097936,-0.0015977,-0.0018237,0.0098412
-0.0016312,-0.0022743,0.0102967,-0.0016305,-0.0022736,0.0103464
-0.0017002,-0.0021641,0.0096951,-0.0016995,-0.0021632,0.009742
-0.0013294,-0.0016499,0.0098681,-0.0013291,-0.0016494,0.0099162
-0.0015858,-0.0014324,0.0100177,-0.0015853,-0.001432,0.0100664
-0.0015628,-0.0016498,0.0103673,-0.0015624,-0.0016494,0.0104175
-0.0015977,-0.0014831,0.0096027,-0.0015972,-0.0014827,0.0096496
-0.002009,-0.0017223,0.0102702,-0.0020083,-0.0017218,0.0103198
-0.0021826,-0.0018821,0.0095001,-0.0021816,-0.0018813,0.009546
-0.0019316,-0.0014123,0.0101971,-0.001931,-0.0014119,0.0102466
-0.0019234,-0.0024201,0.0100455,-0.0019225,-0.002419,0.0100937
-0.0019941,-0.0021681,0.0095772,-0.0019932,-0.0021671,0.0096235
-0.0028473,-0.0019716,0.0120124,-0.0028459,-0.0019707,0.0120687
-0.0025592,-0.0018292,0.0118707,-0.002558,-0.0018285,0.0119266
-0.0030806,-0.0017893,0.011888,-0.003079,-0.0017885,0.0119439
0.0041929,-0.0015779,0.0021223,0.0041908,-0.0015769,0.0021348
0.0045751,-0.0014971,0.002306,0.0045731,-0.0014963,0.0023179
0.0022983,-0.0018022,0.002659,0.0022971,-0.001801,0.0026774
0.0025676,-0.0017154,0.0029194,0.0025663,-0.0017143,0.0029383
0.0020957,-0.001369,0.0026726,0.0020945,-0.001368,0.0026919
0.0020498,-0.0011073,0.0028457,0.0020487,-0.0011065,0.0028657
0.002096,-0.0007,0.0028571,0.0020949,-0.0006994,0.0028774
0.0019822,-0.0012536,0.0030873,0.0019812,-0.0012527,0.0031082
0.0018617,-0.0016778,0.0031065,0.0018608,-0.0016767,0.0031271
0.0022257,-0.0025074,0.0033185,0.0022248,-0.0025061,0.0033382
0.00276,-0.0023998,0.0033724,0.0027589,-0.0023987,0.0033917
0.0030822,-0.0021471,0.0033571,0.003081,-0.0021461,0.0033761
0.0025988,-0.0020482,0.0032381,0.0025977,-0.0020471,0.0032576
0.0025802,-0.0020558,0.0035532,0.0025791,-0.0020547,0.0035738
0.0024595,-0.0024765,0.0035297,0.0024585,-0.0024753,0.0035498
0.0020492,-0.0025542,0.0034823,0.0020484,-0.002553,0.0035027
0.0020411,-0.0020848,0.0034774,0.0020402,-0.0020836,0.0034984
0.0030766,-0.00218,0.0036175,0.0030755,-0.002179,0.0036374
0.0017295,-0.0017864,0.0032984,0.0017287,-0.0017853,0.0033196
0.0018699,-0.0019491,0.0036531,0.001869,-0.001948,0.0036752
0.002264,-0.0028562,0.0033886,0.0022632,-0.0028549,0.0034079
0.0036592,-0.0020877,0.0024443,0.0036575,-0.0020866,0.0024587
0.0035148,-0.0015623,0.0023506,0.0035129,-0.0015613,0.0023658
0.0035178,-0.0014364,0.0027245,0.0035163,-0.0014355,0.002741
0.0034796,-0.0012419,0.0033714,0.0034782,-0.0012413,0.0033906
0.0034496,-0.0016942,0.0036132,0.0034484,-0.0016934,0.0036329
0.0030124,-0.0017978,0.0035051,0.0030111,-0.0017969,0.003525
0.0034444,-0.0016201,0.003807,0.0034432,-0.0016193,0.0038275
0.0032132,-0.0014903,0.0034138,0.0032119,-0.0014896,0.0034334
0.0030198,-0.0015642,0.0039069,0.0030186,-0.0015634,0.0039286
0.0001287,-0.0032875,0.0118467,0.0001286,-0.0032859,0.0119025
-0.0020032,4e-07,0.0026756,-0.002002,6e-07,0.0026957
-0.0019444,0.0006442,0.0029004,-0.0019433,0.0006441,0.0029211
-0.001653,0.0001227,0.0027064,-0.0016519,0.0001228,0.0027271
-0.0018349,0.0001086,0.0029432,-0.0018339,0.0001087,0.0029644
-0.0022984,-0.0002039,0.0026736,-0.002297,-0.0002036,0.0026933
-0.0028102,0.0005456,0.0031502,-0.0028088,0.0005455,0.0031703
-0.0023398,1.08e-05,0.0032771,-0.0023385,1.1e-05,0.0032986
-0.0033904,0.0005224,0.0037313,-0.003389,0.0005223,0.0037524
-0.0031062,-0.0002092,0.0032878,-0.0031048,-0.0002089,0.003308
-0.0032714,0.0002042,0.0037721,-0.00327,0.0002042,0.0037937
-0.0042931,-2.06e-05,0.002453,-0.0042911,-2.04e-05,0.0024672
-0.0046208,0.0004845,0.0028534,-0.0046191,0.0004846,0.002868
-0.0037557,-0.000246,0.003786,-0.0037542,-0.0002458,0.0038067
-0.0036977,-3.2e-06,0.0039728,-0.0036961,-3e-06,0.0039943
-0.0036917,0.0011732,0.0037677,-0.0036902,0.0011729,0.003788
-0.0038636,0.0004515,0.0040136,-0.003862,0.0004515,0.0040349
-0.0031621,0.000177,0.0039382,-0.0031608,0.0001771,0.0039605
-0.0034183,3.54e-05,0.0041743,-0.0034169,3.56e-05,0.004197
-0.0040481,-0.0001215,0.0038939,-0.0040466,-0.0001213,0.0039144
0.00366,0.0022091,0.0024327,0.0036584,0.0022083,0.0024471
-0.0018911,0.0033034,0.0023125,-0.0018899,0.0033018,0.0023278
-0.0011286,0.0034642,0.0026098,-0.001128,0.0034627,0.0026264
-0.0015535,0.0035275,0.0026053,-0.0015526,0.003526,0.0026214
-0.0016503,0.001993,0.0025489,-0.0016492,0.001992,0.0025677
-0.0008129,0.0020239,0.0026023,-0.0008124,0.0020229,0.002622
-0.0011094,0.001925,0.0027798,-0.0011087,0.0019241,0.0028
-0.0006594,0.0018423,0.0027908,-0.000659,0.0018413,0.0028114
-0.001,0.0018656,0.0030328,-0.0009994,0.0018647,0.0030538
-0.0015949,0.002381,0.0029399,-0.0015941,0.00238,0.0029594
-0.001534,0.002257,0.0031164,-0.0015332,0.0022561,0.0031368
-0.0015293,0.0018819,0.0030821,-0.0015285,0.001881,0.0031028
-0.000354,-0.0027312,0.0027319,-0.0003537,-0.0027295,0.0027509
-0.0001929,-0.0016492,0.0025564,-0.0001927,-0.0016479,0.0025766
-0.0004185,-0.0022726,0.0026173,-0.0004182,-0.002271,0.0026367
-0.0005681,-0.0017953,0.0025353,-0.0005677,-0.0017939,0.0025551
-0.0006712,-0.0021148,0.0027234,-0.0006707,-0.0021133,0.0027433
-0.0004484,-0.0017597,0.0027323,-0.0004481,-0.0017585,0.0027529
-0.0005174,-0.0020567,0.0029663,-0.0005171,-0.0020554,0.0029871
-0.0007311,-0.0025159,0.002995,-0.0007306,-0.0025144,0.0030151
-0.0002453,-0.0034432,0.0033179,-0.0002451,-0.0034416,0.0033374
0.000133,-0.0034815,0.0036761,0.000133,-0.0034799,0.0036966
-0.000985,-0.0032905,0.0035497,-0.0009845,-0.0032889,0.0035701
-0.0005922,-0.0034312,0.0039378,-0.0005919,-0.0034296,0.0039594
-0.0003371,-0.0039166,0.0024044,-0.0003368,-0.0039144,0.0024195
0.0001248,-0.0038612,0.0023392,0.0001249,-0.0038589,0.0023543
-0.000175,-0.0033949,0.002554,-0.0001748,-0.0033929,0.002571
-0.0012032,0.0016024,0.0111945,-0.0012031,0.0016021,0.0112484
-0.0010862,0.0017367,0.0114759,-0.0010861,0.0017363,0.011531
-0.0008117,0.0015496,0.0112928,-0.0008117,0.0015494,0.0113472
-0.0012049,0.0024329,0.0104964,-0.0012045,0.0024319,0.0105472
-0.0011169,0.0024757,0.0111583,-0.0011165,0.0024747,0.0112119
-0.0021874,-0.0027078,0.0116176,-0.0021862,-0.0027065,0.0116724
-0.0025418,-0.0013836,0.0099825,-0.0025408,-0.001383,0.0100307
-0.0025456,-0.0009712,0.0098739,-0.0025446,-0.0009708,0.0099217
-0.0023619,-0.0014817,0.0102958,-0.002361,-0.0014812,0.0103456
-0.0027946,-0.0010648,0.0100817,-0.0027934,-0.0010644,0.0101303
-0.0024046,-0.0006768,0.009952,-0.0024038,-0.0006765,0.0100003
-0.0028273,-0.0007206,0.0099628,-0.0028261,-0.0007203,0.0100109
-0.0028056,-0.000905,0.0096653,-0.0028043,-0.0009046,0.009712
-0.0028901,-0.0012952,0.0098519,-0.0028888,-0.0012946,0.0098993
-0.0030015,-0.0014387,0.0092563,-0.0029999,-0.0014379,0.0093008
-0.0027394,-0.0020756,0.0092987,-0.0027379,-0.0020745,0.0093433
-0.0024301,-0.0021404,0.0092912,-0.0024288,-0.0021393,0.0093358
-0.0025068,-0.0017662,0.0093078,-0.0025056,-0.0017653,0.0093527
-0.002256,-0.0019581,0.0091139,-0.0022548,-0.0019571,0.0091579
-0.0023961,-0.0022514,0.0096543,-0.0023949,-0.0022502,0.0097007
-0.002662,-0.0024118,0.0093876,-0.0026605,-0.0024105,0.0094324
-0.0032575,-0.0015683,0.0115455,-0.0032558,-0.0015676,0.0116
-0.0030336,-0.0014736,0.0116131,-0.0030321,-0.001473,0.011668
-0.0033563,-0.0010953,0.0116616,-0.0033546,-0.0010949,0.0117166
-0.0036016,-6.56e-05,0.0115319,-0.0035996,-6.57e-05,0.0115864
-0.0033195,-4.85e-05,0.0115879,-0.0033179,-4.87e-05,0.0116428
-0.0017081,-0.0004044,0.0104964,-0.0017079,-0.0004045,0.0105474
-0.0015115,1.18e-05,0.0109456,-0.0015116,1.18e-05,0.0109986
-0.0012091,0.0004719,0.0103781,-0.0012091,0.0004718,0.0104286
-0.0015063,0.0004211,0.0110015,-0.0015064,0.000421,0.0110547
-0.0011026,0.0001071,0.0110799,-0.0011028,0.000107,0.0111336
-0.0017199,-0.0002642,0.010915,-0.0017199,-0.0002643,0.0109678
-0.001978,-0.0002981,0.0111076,-0.0019779,-0.0002982,0.0111611
-0.0011351,0.0002338,0.0106964,-0.0011353,0.0002337,0.0107484
-0.0004068,0.0001061,0.0110674,-0.0004069,0.000106,0.0111211
-0.0008541,-0.0002449,0.0109064,-0.0008543,-0.000245,0.0109592
-0.0007434,0.000107,0.0113426,-0.0007436,0.0001069,0.0113975
-0.0012679,0.0008125,0.0109521,-0.001268,0.0008124,0.011005
-0.001149,-0.0001296,0.0107183,-0.0011492,-0.0001297,0.0107702
-0.0013665,-0.0003388,0.0104523,-0.0013666,-0.000339,0.0105031
-0.0011999,-0.0001967,0.0110591,-0.0012001,-0.0001968,0.0111126
-0.001225,8.9e-06,0.0103862,-0.001225,8.8e-06,0.0104367
-0.0021007,0.0001634,0.0098606,-0.0021,0.0001632,0.0099087
-0.0023642,-1.98e-05,0.00955,-0.0023632,-1.98e-05,0.0095966
-0.0020761,0.0009785,0.0097493,-0.0020753,0.0009781,0.0097968
-0.0023922,0.0009385,0.0099253,-0.0023912,0.0009381,0.0099735
-0.0023374,-0.0003223,0.0102841,-0.0023367,-0.0003223,0.010334
-0.0026491,-0.0002381,0.0103095,-0.0026481,-0.0002381,0.0103593
-0.0017333,0.0008948,0.0106641,-0.0017331,0.0008946,0.0107158
-0.0017232,0.0016147,0.0105426,-0.0017227,0.001614,0.0105937
-0.0016259,0.0007305,0.0109165,-0.0016259,0.0007304,0.0109693
-0.0016458,0.0011859,0.0105511,-0.0016455,0.0011855,0.0106023
-0.0012699,0.0012116,0.0104713,-0.0012697,0.0012114,0.0105222
-0.0014177,0.0010804,0.0108355,-0.0014176,0.0010802,0.0108879
-0.0017667,0.0014272,0.010837,-0.0017663,0.0014267,0.0108894
-0.0019288,0.0011493,0.0107383,-0.0019284,0.0011489,0.0107902
-0.002147,0.0016595,0.0105995,-0.0021462,0.0016587,0.0106507
-0.0025222,0.0015361,0.0099729,-0.0025211,0.0015354,0.0100211
-0.002275,0.0012133,0.0100276,-0.0022741,0.0012127,0.0100763
-0.001964,0.0012701,0.0099955,-0.0019633,0.0012695,0.0100441
-0.0028982,0.001314,0.0099112,-0.0028967,0.0013133,0.0099589
-0.0024855,0.0012541,0.0097082,-0.0024844,0.0012536,0.0097553
-0.0028666,0.0017075,0.0099399,-0.0028652,0.0017065,0.0099877
-0.0027678,0.0015736,0.0102164,-0.0027665,0.0015728,0.0102656
-0.0028019,0.0015594,0.0096364,-0.0028005,0.0015586,0.0096828
-0.0026343,0.0007009,0.0100393,-0.0026332,0.0007005,0.0100879
-0.0030119,0.0006982,0.0102619,-0.0030106,0.0006978,0.0103113
-0.0027523,0.0009447,0.0097021,-0.0027511,0.0009442,0.0097491
-0.0028892,0.0010479,0.0116236,-0.002888,0.0010472,0.0116788
-0.0011475,0.0008818,0.0112441,-0.0011477,0.0008818,0.0112983
-0.0009527,0.0007884,0.011393,-0.0009529,0.0007883,0.011448
-0.0006501,0.0008405,0.011364,-0.0006503,0.0008406,0.0114189
-0.0008647,0.0011625,0.0112471,-0.0008649,0.0011625,0.0113013
-0.001089,0.0013282,0.0108223,-0.001089,0.001328,0.0108747
-0.0011752,0.000604,0.0114339,-0.0011753,0.0006039,0.0114891
-0.0011918,0.0005466,0.011755,-0.0011919,0.0005465,0.0118115
-0.001343,-0.0038864,0.0020768,-0.0013422,-0.0038838,0.0020903
-0.0009402,-0.0038718,0.0019705,-0.0009395,-0.003869,0.0019841
-0.0010692,-0.0045336,0.0026166,-0.0010687,-0.0045317,0.0026302
-0.0009218,-0.0045569,0.0024012,-0.0009213,-0.0045548,0.0024139
-0.0004342,-0.0045099,0.0023573,-0.0004339,-0.0045077,0.0023703
-0.0018073,-0.0031099,0.0115261,-0.0018064,-0.0031084,0.0115805
0.0012026,-0.0033879,0.0115561,0.0012019,-0.0033862,0.0116106
0.0012639,-0.0030752,0.01158,0.0012632,-0.0030738,0.0116347
0.0013495,-0.0011519,0.0113266,0.0013494,-0.001152,0.011381
0.0010816,-0.0009273,0.0113186,0.0010817,-0.0009274,0.0113731
0.0013677,-0.0007791,0.0112305,0.0013677,-0.0007792,0.0112847
0.0013859,-0.0009521,0.0115134,0.0013859,-0.0009522,0.0115687
0.0012839,-0.0014652,0.0108501,0.0012836,-0.0014651,0.0109025
0.0006909,-0.0007579,0.0112642,0.000691,-0.0007582,0.0113186
0.0009745,-0.0006145,0.0113093,0.0009746,-0.0006148,0.0113639
0.0009,-0.0011936,0.0107971,0.0008999,-0.0011938,0.0108494
0.001007,-0.0014461,0.0105993,0.0010068,-0.001446,0.0106506
0.0014264,-0.0014712,0.0104384,0.001426,-0.0014709,0.010489
0.0012526,-0.0012159,0.0105674,0.0012524,-0.0012158,0.0106187
0.0015835,-0.0017206,0.0109686,0.001583,-0.0017203,0.0110213
0.0006946,-0.0014027,0.0109321,0.0006946,-0.0014028,0.0109848
0.0017357,-0.0011402,0.0110167,0.0017354,-0.0011402,0.0110697
0.0008445,-0.0010029,0.0089095,0.0008441,-0.0010025,0.0089535
0.0011783,-0.0010125,0.0088531,0.0011777,-0.001012,0.0088967
0.0010161,-0.0009289,0.0090719,0.0010157,-0.0009285,0.0091165
0.0010643,-0.0006919,0.0088978,0.0010639,-0.0006916,0.0089416
0.0014589,-0.0006706,0.0088929,0.0014582,-0.0006703,0.0089366
0.0016598,-0.0002531,0.008874,0.0016591,-0.000253,0.0089178
0.0010076,-0.0003465,0.0088402,0.0010071,-0.0003464,0.0088838
0.0011066,-0.0006824,0.0092387,0.0011062,-0.0006822,0.0092841
0.0010394,-0.0010503,0.0092544,0.0010389,-0.00105,0.0092998
0.0015596,-0.0011317,0.0091086,0.001559,-0.0011312,0.0091533
0.0007523,-0.0011,0.0091671,0.0007521,-0.0010997,0.0092122
0.0010099,-0.0010994,0.0096212,0.0010096,-0.0010992,0.0096684
0.0008067,-0.0005351,0.0089207,0.0008064,-0.0005349,0.0089647
0.0006706,-0.0003736,0.0087992,0.0006704,-0.0003735,0.0088427
0.0001419,-0.0007046,0.0092074,0.0001418,-0.0007044,0.0092526
0.0007217,-0.0002844,0.0090909,0.0007214,-0.0002843,0.0091356
0.0007224,-0.0006441,0.0095131,0.0007222,-0.000644,0.0095597
0.0001245,-0.0010155,0.0090885,0.0001245,-0.0010152,0.0091332
0.0007233,-0.0010476,0.0095166,0.000723,-0.0010474,0.0095633
0.0012774,-0.0020503,0.0106203,0.001277,-0.0020498,0.0106715
0.0008811,-0.0019878,0.010736,0.0008809,-0.0019874,0.0107878
0.0009463,-0.0030867,0.0101755,0.0009458,-0.0030853,0.0102243
0.0010521,-0.0027026,0.0100038,0.0010516,-0.0027014,0.010052
0.001886,-0.0024302,0.0099256,0.0018851,-0.002429,0.0099734
0.0014924,-0.0025791,0.0098744,0.0014916,-0.002578,0.009922
0.0011095,-0.0023915,0.0098604,0.0011089,-0.0023905,0.0099081
0.0013819,-0.0020984,0.0099795,0.0013813,-0.0020977,0.0100279
0.0012949,-0.0026832,0.0097103,0.0012942,-0.002682,0.0097572
0.0014869,-0.0028913,0.0103935,0.0014861,-0.0028899,0.0104433
0.000738,-0.0024912,0.0099373,0.0007376,-0.0024903,0.0099854
0.0010468,-0.0027486,0.0104021,0.0010463,-0.0027475,0.0104521
0.0010203,-0.002908,0.0093066,0.0010197,-0.0029064,0.0093515
0.0017111,-0.0024913,0.0092845,0.0017102,-0.00249,0.0093294
0.0014737,-0.0022979,0.0091695,0.0014729,-0.0022968,0.0092141
0.0010686,-0.002889,0.0096977,0.001068,-0.0028876,0.0097445
0.0017518,-0.0024855,0.0096354,0.0017509,-0.0024843,0.0096819
0.001148,-0.0021271,0.0096442,0.0011475,-0.0021263,0.0096911
0.0007777,-0.0026373,0.0076391,0.0007772,-0.0026354,0.0076764
0.0012314,-0.0022017,0.0076765,0.0012306,-0.0022001,0.0077142
0.0017304,-0.0025096,0.0077968,0.0017292,-0.0025079,0.0078345
0.0015487,-0.0020151,0.0077211,0.0015477,-0.0020137,0.0077589
0.0011316,-0.0017885,0.0078028,0.001131,-0.0017873,0.0078413
0.0011715,-0.0023214,0.0079991,0.0011707,-0.0023199,0.0080382
0.0010689,-0.0025489,0.0081587,0.0010682,-0.0025472,0.0081984
0.0014887,-0.0026518,0.0080024,0.0014877,-0.00265,0.0080411
0.0008474,-0.0024943,0.0079397,0.0008468,-0.0024927,0.0079785
0.0007839,-0.0027116,0.0082534,0.0007834,-0.0027099,0.0082935
0.000939,-0.0021692,0.0077881,0.0009384,-0.0021678,0.0078263
0.0007175,-0.0018192,0.0076681,0.0007171,-0.0018179,0.007706
0.000872,-0.0015099,0.0077301,0.0008715,-0.0015089,0.0077684
0.0005079,0.0002891,0.0073335,0.0005075,0.0002889,0.0073705
0.0005214,0.0003473,0.0080669,0.0005211,0.0003471,0.0081072
0.0007044,-0.0021056,0.0079325,0.000704,-0.0021043,0.0079714
0.0002807,-0.0017874,0.0076034,0.0002806,-0.0017862,0.0076411
0.00078,-0.0017591,0.0079887,0.0007796,-0.001758,0.0080282
0.0009063,-0.0020462,0.0083664,0.0009058,-0.002045,0.0084074
0.0003946,-0.0026937,0.0079236,0.0003944,-0.0026919,0.0079622
0.0008547,-0.0034908,0.0116318,0.0008543,-0.003489,0.0116866
0.000702,0.0042904,0.0023219,0.0007017,0.0042886,0.0023355
0.0011137,0.0042143,0.002356,0.0011132,0.0042125,0.0023697
-0.0041366,-0.0020234,0.0028521,-0.0041352,-0.0020225,0.0028667
0.004255,0.0005076,0.0028013,0.0042534,0.0005076,0.002817
-0.0042214,0.0018432,0.0028205,-0.0042199,0.0018427,0.0028351
-0.0038193,0.0017235,0.0026927,-0.0038176,0.001723,0.0027081
0.0017564,0.0008107,0.0105933,0.0017561,0.0008104,0.0106446
0.0016983,0.0012311,0.0105607,0.0016979,0.0012307,0.0106119
0.0020672,0.0013534,0.0109676,0.0020665,0.0013529,0.0110205
0.001688,0.0009416,0.0109102,0.0016878,0.0009414,0.0109629
0.0016669,0.0005387,0.0109811,0.0016668,0.0005385,0.0110341
0.0013585,0.0013272,0.0104695,0.0013582,0.0013268,0.0105204
0.0014839,0.0016075,0.0106259,0.0014835,0.001607,0.0106774
0.0013886,0.0012144,0.0107858,0.0013884,0.0012142,0.010838
0.0013984,0.0007667,0.0108673,0.0013984,0.0007666,0.0109199
0.0010202,0.0007881,0.01104,0.0010203,0.0007881,0.0110935
0.0013585,0.0015407,0.0108578,0.0013582,0.0015404,0.0109103
0.0012622,0.0008108,0.0112893,0.0012622,0.0008107,0.0113438
0.0008526,0.000865,0.0107397,0.0008527,0.000865,0.0107919
0.00106,0.0011839,0.01091,0.00106,0.0011838,0.0109628
0.0011043,0.0015193,0.0109679,0.0011041,0.001519,0.011021
0.0006456,0.0003585,0.0088342,0.0006453,0.0003583,0.0088778
0.001176,0.0008382,0.0088974,0.0011755,0.0008378,0.0089413
0.0014916,0.0009458,0.0088579,0.0014909,0.0009453,0.0089015
0.0015017,0.0007628,0.0091012,0.001501,0.0007624,0.0091459
0.0007561,0.0008569,0.0088849,0.0007558,0.0008565,0.0089288
0.0010674,0.0013725,0.0089727,0.0010669,0.0013719,0.0090169
0.0010647,0.0006763,0.0091271,0.0010643,0.000676,0.0091721
0.0010879,0.0004166,0.0093188,0.0010875,0.0004164,0.0093646
0.0014689,0.0004687,0.009291,0.0014683,0.0004684,0.0093367
0.0006793,0.0004896,0.009205,0.0006791,0.0004894,0.0092503
0.0011073,-0.0001945,0.0092421,0.0011069,-0.0001945,0.0092875
0.0009313,0.0006047,0.0095965,0.0009311,0.0006045,0.0096435
0.0006391,0.0012416,0.0088602,0.0006389,0.001241,0.0089039
0.0006614,0.0008429,0.009213,0.0006612,0.0008426,0.0092583
0.0007923,0.0011566,0.0093046,0.0007921,0.0011562,0.0093503
0.0006743,0.0008218,0.0095771,0.0006741,0.0008216,0.0096241
0.0008139,0.0001204,0.0091756,0.0008137,0.0001203,0.0092208
0.0006159,0.000397,0.0096185,0.0006158,0.0003969,0.0096656
0.002396,0.0008276,0.0099086,0.0023951,0.0008272,0.0099568
0.0026715,0.0010831,0.0100082,0.0026703,0.0010826,0.0100566
0.0029721,0.00078,0.0098774,0.0029706,0.0007795,0.0099252
0.0029049,0.0013055,0.0099451,0.0029033,0.0013047,0.009993
0.0030909,0.0013304,0.0101319,0.0030892,0.0013296,0.0101806
0.0024897,0.0011255,0.0097059,0.0024885,0.0011249,0.009753
0.0029941,0.0008242,0.0093241,0.0029925,0.0008237,0.0093691
0.0029685,0.0011479,0.0093498,0.0029668,0.0011472,0.009395
0.0025601,0.0012487,0.0093229,0.0025587,0.0012479,0.0093682
0.0029746,0.0009293,0.0096069,0.0029731,0.0009288,0.0096533
0.0026824,0.0008505,0.0097272,0.0026811,0.00085,0.0097744
0.0026186,0.0016504,0.0093572,0.0026172,0.0016495,0.0094025
0.0026932,0.0016333,0.0096593,0.0026918,0.0016324,0.009706
0.0026968,0.0006714,0.0094433,0.0026955,0.000671,0.0094892
0.0022375,0.0004272,0.0076529,0.0022359,0.0004269,0.0076907
0.002617,0.0004584,0.0076135,0.0026152,0.0004582,0.0076508
0.0027214,0.0009062,0.0076429,0.0027196,0.0009057,0.0076802
0.0030899,0.0011158,0.0076477,0.0030877,0.0011151,0.0076847
0.0022261,0.0008103,0.0076285,0.0022246,0.0008099,0.0076661
0.0019004,0.0009793,0.0075778,0.0018991,0.0009787,0.0076154
0.0004073,0.0009751,0.0075575,0.000407,0.0009745,0.0075954
-0.0003112,0.0011239,0.007452,-0.000311,0.0011231,0.0074894
0.000495,0.0010726,0.0080175,0.0004947,0.001072,0.0080574
0.0028135,0.0012842,0.0076433,0.0028115,0.0012833,0.0076804
0.0025252,0.000841,0.0079239,0.0025235,0.0008405,0.0079626
0.0026708,0.0003902,0.0080374,0.0026691,0.00039,0.0080766
0.0030224,0.0005774,0.0080006,0.0030204,0.000577,0.0080394
0.0016916,0.0003567,0.0077983,0.0016905,0.0003565,0.007837
0.0027304,0.000601,0.0083521,0.0027287,0.0006006,0.0083928
0.0022217,0.0012664,0.0076108,0.0022202,0.0012656,0.0076482
0.0022564,0.001692,0.0077043,0.0022548,0.0016909,0.0077419
0.0021875,0.0007978,0.0079852,0.0021862,0.0007974,0.0080245
0.0018742,0.0010232,0.0078924,0.001873,0.0010226,0.0079314
0.0023168,0.0012783,0.0079091,0.0023152,0.0012775,0.0079478
0.0021461,-0.0002647,0.0079272,0.0021447,-0.0002645,0.0079663
0.0020848,0.0004093,0.0083958,0.0020836,0.000409,0.0084371
0.0034455,0.0011117,0.0115021,0.0034435,0.0011109,0.0115566
0.0027022,0.001133,0.0118306,0.002701,0.0011323,0.0118866
0.0014998,0.0011196,0.0113113,0.0014997,0.0011194,0.0113657
0.0013527,0.0010948,0.0116125,0.0013526,0.0010946,0.0116682
0.0014975,0.0004258,0.011355,0.0014976,0.0004256,0.0114097
0.000785,0.0007865,0.0113373,0.0007851,0.0007865,0.0113921
0.0005697,0.0011645,0.0112381,0.0005697,0.0011646,0.0112924
-0.0020332,0.0022656,0.0098977,-0.0020323,0.0022645,0.0099456
-0.0016919,0.0024533,0.0099081,-0.0016911,0.002452,0.0099561
-0.0013646,0.0028712,0.009807,-0.0013639,0.0028697,0.0098543
-0.0016107,0.0026597,0.0101915,-0.00161,0.0026584,0.0102407
-0.001632,0.0023019,0.0103236,-0.0016313,0.0023009,0.0103736
-0.0013784,0.0022831,0.0101566,-0.0013779,0.0022821,0.0102059
-0.0022548,0.0023681,0.010228,-0.0022537,0.0023669,0.0102772
-0.0019716,0.0026576,0.0099801,-0.0019706,0.0026562,0.0100282
-0.0019182,0.0024307,0.0104445,-0.0019174,0.0024295,0.0104948
-0.0011618,-0.0034596,0.0116338,-0.0011612,-0.0034578,0.0116886
-0.0011031,-0.0031219,0.0114963,-0.0011026,-0.0031205,0.0115507
-0.0008475,-0.0030054,0.0098936,-0.0008472,-0.003004,0.0099412
-0.000648,-0.0028147,0.0099955,-0.0006478,-0.0028135,0.0100438
-0.0008093,-0.0025273,0.0099083,-0.0008089,-0.0025263,0.0099562
-0.0007779,-0.0029869,0.0103252,-0.0007776,-0.0029856,0.0103748
-0.0004501,-0.0028732,0.0101624,-0.00045,-0.002872,0.0102114
-0.0011442,-0.0025881,0.0102746,-0.0011438,-0.0025871,0.0103242
-0.0013809,-0.0024469,0.0097188,-0.0013803,-0.0024458,0.0097658
-0.0012259,-0.002817,0.0097319,-0.0012254,-0.0028156,0.0097788
-0.0014675,-0.0029495,0.009235,-0.0014667,-0.0029479,0.0092793
-0.0018426,-0.0028703,0.0092372,-0.0018416,-0.0028687,0.0092814
-0.0016726,-0.0025905,0.0093336,-0.0016718,-0.0025892,0.0093786
-0.0013184,-0.0025569,0.0091735,-0.0013178,-0.0025556,0.0092179
-0.0020482,-0.0026096,0.0092885,-0.0020472,-0.0026082,0.0093331
-0.0015168,-0.0021769,0.009199,-0.0015162,-0.0021759,0.0092437
-0.0020836,-0.0021477,0.0092673,-0.0020825,-0.0021467,0.009312
-0.0039318,0.0025121,0.0026275,-0.0039303,0.0025114,0.0026411
-0.0034886,0.0024823,0.0024725,-0.0034869,0.0024814,0.0024869
-0.0032282,0.0026372,0.0027522,-0.0032269,0.0026363,0.0027679
-0.0037552,0.0025345,0.00276,-0.0037537,0.0025337,0.0027747
-0.0027108,0.0026285,0.0026594,-0.0027095,0.0026274,0.0026759
-0.0037597,0.0025072,0.0029431,-0.0037584,0.0025066,0.0029585
-0.0033707,0.0024278,0.0029111,-0.0033693,0.002427,0.0029275
-0.0037578,0.0023204,0.0031252,-0.0037565,0.0023198,0.0031417
-0.0023012,0.0020055,0.003256,-0.0023001,0.0020047,0.0032762
-0.002091,0.0019286,0.0034055,-0.00209,0.0019279,0.0034265
-0.0020506,0.0022221,0.0031253,-0.0020496,0.0022212,0.0031451
-0.0018877,0.0022731,0.0035091,-0.0018868,0.0022723,0.0035303
-0.0016264,0.0017654,0.0033183,-0.0016255,0.0017647,0.0033398
-0.0018739,0.001711,0.0035791,-0.001873,0.0017104,0.0036012
-0.0026076,0.0024924,0.0037288,-0.0026066,0.0024917,0.0037496
-0.0024231,0.0018886,0.0039389,-0.002422,0.001888,0.0039614
-0.0025121,0.0017952,0.0036434,-0.002511,0.0017946,0.0036649
-0.0031243,0.0028821,0.0038257,-0.0031231,0.0028813,0.0038455
-0.0028588,0.001954,0.0039647,-0.0028577,0.0019534,0.0039865
-0.0029375,0.0023992,0.0037753,-0.0029363,0.0023985,0.0037959
-0.0029714,0.0024083,0.0040082,-0.0029702,0.0024075,0.0040295
-0.0032275,0.002479,0.0038986,-0.0032263,0.0024782,0.0039191
-0.0033299,0.0019706,0.0042876,-0.0033285,0.00197,0.0043099
0.00258,-0.0014323,0.0097313,0.0025787,-0.0014316,0.0097783
0.0029999,-0.0013693,0.0098446,0.0029983,-0.0013686,0.0098919
0.0027991,-0.0009986,0.0097649,0.0027977,-0.0009981,0.0098121
0.0023522,-0.0011324,0.0099329,0.0023512,-0.001132,0.009981
0.0031013,-0.0006896,0.0099333,0.0030997,-0.0006893,0.0099812
0.0030911,-0.0008565,0.0103688,0.0030896,-0.0008563,0.0104185
0.0024188,-0.0014523,0.0100888,0.0024177,-0.0014517,0.0101376
0.0025959,-0.0008799,0.0099937,0.0025947,-0.0008796,0.0100421
0.0023753,-0.0008617,0.0097609,0.0023742,-0.0008614,0.0098084
0.0026539,-0.0013372,0.0103558,0.0026526,-0.0013367,0.0104057
0.0026439,-0.0014255,0.0093112,0.0026424,-0.0014247,0.0093562
0.0030233,-0.0013864,0.0092713,0.0030216,-0.0013856,0.0093159
0.0029935,-0.0005944,0.0092534,0.0029918,-0.0005942,0.0092981
0.0025649,-0.0007482,0.0095139,0.0025637,-0.0007479,0.0095601
0.0026266,-0.0018347,0.009392,0.0026251,-0.0018337,0.0094373
0.0022544,-0.001059,0.0075661,0.0022528,-0.0010582,0.0076032
0.0026668,-0.0010814,0.0076445,0.002665,-0.0010806,0.0076817
0.0026205,-0.0006685,0.0076431,0.0026188,-0.000668,0.0076805
0.0030201,-0.0007366,0.0077024,0.0030181,-0.000736,0.0077397
0.0022855,-0.0005509,0.0076669,0.0022841,-0.0005505,0.0077046
0.0026774,-0.0001606,0.007631,0.0026755,-0.0001605,0.0076683
0.0025517,-0.0004439,0.0079202,0.00255,-0.0004436,0.007959
0.0030378,-0.001083,0.0079706,0.0030357,-0.0010822,0.0080091
0.0023068,-0.0011894,0.0079015,0.0023053,-0.0011887,0.0079401
0.0019582,-0.0011179,0.0081296,0.0019569,-0.0011172,0.0081695
0.0024881,-0.0011734,0.0082671,0.0024866,-0.0011726,0.0083073
0.0021212,-0.0007381,0.0079419,0.0021198,-0.0007375,0.0079809
0.0016403,-0.0007394,0.0078611,0.0016393,-0.000739,0.0079
0.0021589,-0.000862,0.0082683,0.0021576,-0.0008614,0.0083089
0.0030613,-0.0011363,0.0115381,0.0030597,-0.0011359,0.0115928
0.0027458,-0.0009777,0.0115896,0.0027446,-0.0009775,0.0116446
0.0012619,-0.0005874,0.0114243,0.0012619,-0.0005876,0.0114793
0.0013199,-0.0002196,0.0114611,0.00132,-0.0002198,0.0115163
0.0010398,-9.94e-05,0.0111837,0.0010399,-9.95e-05,0.0112378
0.0012131,0.0001852,0.0112239,0.0012132,0.0001852,0.0112781
0.0014724,-0.0006734,0.0109039,0.0014724,-0.0006735,0.0109566
0.0006618,-0.0001696,0.0112979,0.000662,-0.0001697,0.0113526
0.0016406,-0.0005134,0.0106493,0.0016404,-0.0005135,0.010701
0.0017854,-0.0002283,0.010575,0.0017852,-0.0002284,0.0106263
0.0016411,-0.0002851,0.0109093,0.001641,-0.0002852,0.010962
0.0018119,-3.81e-05,0.0109121,0.0018118,-3.83e-05,0.0109648
0.0017719,-0.0005218,0.0110429,0.0017718,-0.0005218,0.0110961
0.0018965,-0.0005794,0.010374,0.0018961,-0.0005794,0.0104244
0.0028092,-0.0005955,0.0099886,0.0028079,-0.0005953,0.0100369
0.0029613,-0.0002439,0.0099644,0.0029599,-0.0002439,0.0100124
0.0023094,-0.0004585,0.0098923,0.0023085,-0.0004584,0.0099405
0.0029846,0.0001263,0.0098678,0.0029832,0.0001262,0.0099155
0.0030541,-0.0001857,0.0095515,0.0030525,-0.0001856,0.0095977
0.0026269,-0.0003713,0.0100028,0.0026257,-0.0003712,0.0100513
0.0022366,-9.4e-06,0.0096495,0.0022357,-9.6e-06,0.0096966
0.0023591,-0.0003757,0.0095042,0.002358,-0.0003756,0.0095506
0.0025813,-0.0006253,0.0097815,0.0025801,-0.0006251,0.009829
0.0020485,-0.0003906,0.0029919,0.0020474,-0.0003903,0.0030128
0.0019512,-0.0007733,0.0030436,0.0019502,-0.0007727,0.0030647
0.0035308,-0.0002421,0.0022517,0.0035288,-0.0002418,0.0022674
0.0036732,-0.0007316,0.0026053,0.0036714,-0.0007311,0.0026217
0.0015119,-0.0007283,0.002038,0.0015107,-0.0007275,0.0020565
0.0018315,-0.0007433,0.0025198,0.0018303,-0.0007427,0.0025394
0.0010754,-0.0006252,0.0020733,0.0010745,-0.0006245,0.0020925
6.66e-05,-0.0042652,0.0026942,6.67e-05,-0.0042632,0.0027093
0.0004877,-0.004356,0.0026885,0.0004876,-0.0043541,0.0027032
-0.0010224,0.0033737,0.0123076,-0.0010219,0.0033717,0.0123653
-0.0008404,0.0041896,0.002419,-0.0008399,0.0041878,0.0024333
-0.0004331,0.0042017,0.0024177,-0.0004328,0.0041999,0.002432
0.0032821,-0.000503,0.012218,0.0032803,-0.000503,0.0122753
0.0009273,0.0032664,0.0114642,0.0009268,0.0032645,0.0115187
0.0005307,0.0035565,0.0115121,0.0005304,0.0035543,0.0115667
0.0002365,0.0015538,0.0106979,0.0002365,0.0015537,0.0107499
0.0002753,0.0015963,0.0109538,0.0002752,0.0015961,0.0110069
0.0005097,0.0015366,0.0107282,0.0005096,0.0015365,0.0107802
0.0007488,0.001546,0.0109841,0.0007488,0.0015458,0.0110372
0.0003992,0.0017339,0.0107442,0.0003991,0.0017336,0.0107962
0.0003971,0.0018397,0.0102456,0.000397,0.0018393,0.0102955
0.0004636,0.0015591,0.0111545,0.0004636,0.001559,0.0112083
0.0002199,0.0022963,0.009896,0.0002198,0.0022954,0.0099443
0.000625,0.0021239,0.0099314,0.0006247,0.0021231,0.0099799
0.0007066,0.002712,0.0099458,0.0007063,0.0027107,0.0099941
0.0010477,0.002807,0.0098892,0.0010471,0.0028056,0.0099371
0.0001705,0.0026863,0.0099242,0.0001704,0.0026851,0.0099724
-0.0001367,0.0025498,0.0099049,-0.0001367,0.0025487,0.0099531
0.0003256,0.0025967,0.0096323,0.0003255,0.0025955,0.0096792
0.0004573,0.0025027,0.0094052,0.0004571,0.0025015,0.0094511
0.0002471,0.0027061,0.0093157,0.0002471,0.0027048,0.0093611
0.0010834,0.0027029,0.0093847,0.0010828,0.0027015,0.0094304
0.0006967,0.0030797,0.0094062,0.0006963,0.003078,0.0094518
-2.25e-05,0.0031176,0.009274,-2.25e-05,0.0031159,0.0093189
-0.0001878,0.0026632,0.0096258,-0.0001878,0.0026619,0.0096727
0.000373,0.0021902,0.0096231,0.0003728,0.0021894,0.0096701
0.0011281,0.0021981,0.0096769,0.0011276,0.0021971,0.009724
0.0005548,0.0032634,0.0096732,0.0005544,0.0032616,0.0097199
-6.49e-05,0.0022385,0.0096527,-6.49e-05,0.0022376,0.0096999
0.0007686,0.0020291,0.0074843,0.000768,0.0020278,0.0075215
0.0008132,0.0024042,0.007676,0.0008126,0.0024026,0.0077138
0.0010696,0.0020833,0.0076676,0.0010688,0.0020819,0.0077054
0.0012701,0.0023272,0.0076537,0.0012692,0.0023257,0.0076913
0.0016015,0.0023075,0.0076919,0.0016004,0.0023059,0.0077295
0.0014258,0.001991,0.0075737,0.0014248,0.0019897,0.007611
0.0003487,0.002341,0.0076362,0.0003486,0.0023395,0.0076739
0.0011771,0.0028983,0.0077667,0.0011762,0.0028964,0.0078044
0.0011256,0.0019936,0.0079619,0.0011249,0.0019923,0.0080011
0.0014003,0.0020471,0.008081,0.0013994,0.0020458,0.0081207
0.0008319,0.0020458,0.0078802,0.0008313,0.0020445,0.0079191
0.0003443,0.0021723,0.0079194,0.0003442,0.0021709,0.0079585
0.0011472,0.0015419,0.0078489,0.0011465,0.001541,0.0078878
0.0008037,0.0028169,0.0076555,0.0008031,0.0028149,0.0076929
0.0007225,0.0023889,0.00801,0.000722,0.0023873,0.0080493
0.0004156,0.0024935,0.0078756,0.0004154,0.0024919,0.0079144
0.0008671,0.0028345,0.0079818,0.0008666,0.0028326,0.0080207
0.0007634,0.0023571,0.0084008,0.000763,0.0023557,0.008442
0.0006795,0.001669,0.007967,0.0006791,0.0016681,0.0080065
0.0007886,0.0020394,0.0082059,0.0007881,0.0020381,0.0082463
-0.0009678,0.0019801,0.0076207,-0.0009672,0.0019789,0.0076584
-0.0006197,0.0019681,0.0075658,-0.0006193,0.0019669,0.0076033
-0.0003493,0.002111,0.0076736,-0.000349,0.0021097,0.0077116
-0.0005503,0.0024318,0.007668,-0.0005499,0.0024302,0.0077058
7.4e-06,0.0023154,0.0076208,7.4e-06,0.0023139,0.0076584
-0.0008914,0.0022918,0.0077037,-0.0008908,0.0022903,0.0077417
-0.0005674,0.0027808,0.0077738,-0.000567,0.002779,0.0078118
-0.0006739,0.0022911,0.0079531,-0.0006735,0.0022896,0.0079922
-0.000471,0.0019601,0.0079078,-0.0004707,0.0019589,0.007947
-8.67e-05,0.0021117,0.0078905,-8.66e-05,0.0021103,0.0079295
-0.0007757,0.0018004,0.0078757,-0.0007753,0.0017994,0.0079147
-0.001376,0.0019993,0.0080772,-0.0013751,0.001998,0.0081169
-0.0004343,0.0015861,0.0078027,-0.000434,0.0015851,0.0078416
-0.0004666,0.0022763,0.008211,-0.0004663,0.0022749,0.0082514
-0.0008797,0.0031766,0.007719,-0.000879,0.0031745,0.0077564
-0.0010109,0.0022928,0.0079993,-0.0010103,0.0022913,0.0080386
-0.0010751,0.0026927,0.0079849,-0.0010743,0.002691,0.0080238
-0.0008723,0.0023389,0.0082648,-0.0008718,0.0023375,0.0083054
-0.0008551,0.0020704,0.0079072,-0.0008545,0.0020691,0.0079462
-0.0010788,0.0017353,0.0079838,-0.0010782,0.0017343,0.0080233
-0.0008725,0.0010885,0.007898,-0.000872,0.0010879,0.0079373
0.0020168,0.0037209,0.0027117,0.002016,0.0037196,0.0027271
0.0025293,0.0037996,0.0028603,0.0025285,0.0037985,0.0028754
0.0016498,0.0037589,0.0026216,0.0016491,0.0037575,0.0026371
-0.0003576,0.0041025,0.0027301,-0.0003574,0.004101,0.0027459
0.0001243,0.0041609,0.0026968,0.0001243,0.0041594,0.0027123
-0.0001032,0.0020579,0.0025288,-0.0001032,0.0020567,0.0025485
-0.0005821,0.0018869,0.0030059,-0.0005818,0.001886,0.0030271
-0.0003372,0.0028279,0.0032074,-0.000337,0.0028268,0.0032278
-0.0001775,0.0032782,0.0031813,-0.0001773,0.0032769,0.0032008
-7.5e-06,0.0026288,0.0035786,-7.6e-06,0.0026277,0.0036006
-0.0004265,0.0032292,0.0033042,-0.0004263,0.0032281,0.0033241
-0.000652,0.0032811,0.0036837,-0.0006517,0.00328,0.0037048
-0.0005268,0.0036026,0.003783,-0.0005264,0.0036013,0.0038039
-0.0002458,0.0036235,0.0041433,-0.0002456,0.0036223,0.0041656
-0.0003082,0.0040326,0.0037989,-0.000308,0.0040313,0.0038191
-0.0003511,0.0037857,0.0039516,-0.0003509,0.0037844,0.0039728
-0.0011535,0.0036298,0.0040922,-0.001153,0.0036286,0.004114
0.0033199,-0.0013951,0.011614,0.003318,-0.0013945,0.0116689
-0.0018724,0.003743,0.0026266,-0.0018715,0.0037415,0.0026418
0.0035884,0.0018646,0.0026322,0.0035869,0.001864,0.002648
0.0034842,0.0023272,0.0027025,0.0034828,0.0023265,0.0027181
0.0036327,0.0017534,0.0028123,0.0036312,0.0017529,0.0028287
0.0035963,0.0021979,0.0028808,0.003595,0.0021973,0.002897
0.0035314,0.0018897,0.0029877,0.00353,0.0018892,0.0030049
0.0022386,0.0018883,0.0033014,0.0022376,0.0018876,0.003322
0.0028966,0.0021324,0.003402,0.0028954,0.0021317,0.0034216
0.0026704,0.0024395,0.0033206,0.0026693,0.0024387,0.0033398
0.002624,0.0023251,0.0035056,0.0026229,0.0023244,0.0035258
0.0026153,0.0019521,0.0034645,0.0026143,0.0019514,0.003485
0.0018904,0.0019165,0.0033701,0.0018895,0.0019157,0.0033913
0.0028235,0.0027693,0.0035515,0.0028224,0.0027685,0.0035709
0.0020861,0.0022983,0.003397,0.0020852,0.0022974,0.0034176
0.0030642,0.0024262,0.0035461,0.0030631,0.0024255,0.0035656
0.0018029,0.0019139,0.0038202,0.001802,0.0019132,0.003843
0.0031435,0.0019221,0.0037526,0.0031422,0.0019215,0.0037733
0.0035074,0.0020316,0.0038139,0.0035061,0.002031,0.0038341
0.0030498,0.0025143,0.0037956,0.0030487,0.0025136,0.003816
0.0031212,0.0019708,0.0039695,0.00312,0.0019702,0.003991
0.0030347,0.0024147,0.0040033,0.0030335,0.002414,0.0040246
0.0030567,0.0024517,0.0042198,0.0030554,0.002451,0.004242
0.0030469,0.001963,0.0041928,0.0030456,0.0019624,0.0042153
0.0015529,0.0010391,0.002589,0.001552,0.0010386,0.002609
0.0016966,0.001407,0.002477,0.0016955,0.0014063,0.0024962
0.0013106,0.0014747,0.0025431,0.0013098,0.001474,0.0025629
0.0017217,0.0015078,0.0028631,0.0017208,0.0015071,0.0028834
0.0013004,0.001055,0.0027741,0.0012997,0.0010545,0.002795
0.0015411,0.0009778,0.0030042,0.0015403,0.0009775,0.0030255
0.0010826,0.0011922,0.0026059,0.001082,0.0011917,0.0026263
0.0013062,0.00152,0.0027935,0.0013055,0.0015193,0.0028139
0.001196,0.0009118,0.0029255,0.0011953,0.0009115,0.002947
0.0017998,0.0013516,0.0030419,0.0017989,0.0013511,0.0030628
0.001615,0.0013607,0.0032871,0.0016142,0.0013602,0.0033089
0.00176,0.0006421,0.0029298,0.0017591,0.0006419,0.0029509
0.0015125,0.0020071,0.0033461,0.0015118,0.0020062,0.0033675
0.0015643,0.0009533,0.0034537,0.0015635,0.000953,0.0034764
0.0010787,0.0009668,0.0030899,0.0010782,0.0009665,0.0031119
0.0009148,0.0014457,0.0029654,0.0009143,0.001445,0.0029867
0.0005124,0.0005624,0.0042023,0.0005122,0.0005623,0.0042283
0.0008528,0.0006456,0.0042022,0.0008523,0.0006455,0.0042279
0.0012908,0.0010403,0.0042261,0.0012901,0.0010399,0.0042514
0.00155,0.0008211,0.0043399,0.0015492,0.0008208,0.0043654
0.0007861,0.001041,0.0041956,0.0007857,0.0010406,0.0042212
0.0008467,0.0010167,0.0044564,0.0008463,0.0010163,0.0044827
0.0005628,0.0011729,0.0057068,0.0005625,0.0011724,0.0057373
0.0003991,0.0003234,0.0055922,0.0003988,0.0003234,0.0056226
0.0012733,0.0014562,0.0042394,0.0012726,0.0014556,0.0042645
0.0011908,0.000842,0.0044138,0.0011902,0.0008417,0.0044399
0.0012932,0.0005617,0.0045417,0.0012925,0.0005616,0.0045682
0.0016947,0.0005915,0.0045401,0.0016939,0.0005913,0.0045663
0.0008781,0.0006201,0.004426,0.0008776,0.0006199,0.0044524
0.0010927,0.0002224,0.0044535,0.0010921,0.0002224,0.00448
0.0011968,-0.0002344,0.0044055,0.0011961,-0.0002342,0.0044318
0.0011347,0.0004198,0.0048562,0.0011341,0.0004197,0.0048839
0.0012018,0.0007362,0.0050633,0.0012012,0.000736,0.0050916
0.0005014,0.0003046,0.0061266,0.0005011,0.0003046,0.0061589
0.0009954,0.0008626,0.0042885,0.0009949,0.0008623,0.0043144
0.0003989,0.0010925,0.0042094,0.0003987,0.0010921,0.0042352
0.0009593,0.0013553,0.0041812,0.0009589,0.0013548,0.0042064
0.000893,0.0013893,0.0045582,0.0008925,0.0013888,0.0045847
0.0008136,0.001115,0.0047088,0.0008132,0.0011145,0.004736
0.0009147,0.0010147,0.0050206,0.0009142,0.0010143,0.0050488
0.0005333,0.0011556,0.0062491,0.0005329,0.001155,0.0062815
0.0004908,0.0007341,0.0044831,0.0004905,0.0007338,0.0045099
0.0008126,-2.32e-05,0.00445,0.0008122,-2.3e-05,0.0044766
0.0007859,0.0007599,0.0048238,0.0007855,0.0007596,0.0048515
0.0030966,0.0012303,0.0037626,0.0030953,0.0012299,0.0037841
0.0037245,0.0013189,0.0039461,0.0037231,0.0013185,0.003967
0.0036425,0.0009325,0.0039695,0.0036411,0.0009323,0.003991
0.003436,0.0010156,0.0041925,0.0034346,0.0010153,0.004215
0.0029614,0.0015483,0.0038546,0.0029602,0.0015477,0.0038763
0.0030426,0.0015711,0.0041316,0.0030413,0.0015705,0.0041543
0.0032024,0.0008992,0.0038128,0.003201,0.000899,0.0038344
0.0030283,0.0010184,0.004143,0.003027,0.0010181,0.004166
0.0035321,0.0013386,0.0043916,0.0035306,0.0013382,0.0044146
0.0035172,0.0006525,0.0041622,0.0035158,0.0006524,0.0041847
0.0032396,0.0013355,0.0042023,0.0032383,0.001335,0.004225
0.0029978,0.0019274,0.0044369,0.0029965,0.0019267,0.0044605
0.0029128,0.0013461,0.0046092,0.0029115,0.0013456,0.0046338
0.0032195,0.0007805,0.0042783,0.0032181,0.0007803,0.0043016
0.0024932,0.0007438,0.0054045,0.0024919,0.0007435,0.0054328
0.0028169,0.0004888,0.0053121,0.0028154,0.0004887,0.0053398
0.0028884,0.0009727,0.0053714,0.0028869,0.0009723,0.0053991
0.0032648,0.0010407,0.0054384,0.0032631,0.0010403,0.0054659
0.0023422,0.0010099,0.0052675,0.002341,0.0010094,0.0052954
0.0024029,0.0010432,0.0055537,0.0024016,0.0010427,0.0055825
0.0028432,0.0014917,0.0054231,0.0028417,0.001491,0.0054508
0.0028002,0.0005726,0.0056237,0.0027987,0.0005724,0.0056524
0.0033319,0.0006214,0.0056634,0.00333,0.0006212,0.0056918
0.0023764,0.0006201,0.0056569,0.002375,0.0006199,0.0056863
0.0028711,6.25e-05,0.0055785,0.0028695,6.26e-05,0.0056071
0.0028835,0.0006486,0.0060768,0.0028817,0.0006483,0.0061072
0.0020649,0.0010077,0.0053588,0.0020638,0.0010073,0.0053872
0.0023998,0.0014312,0.0054081,0.0023985,0.0014306,0.0054362
0.0024566,0.0017269,0.0052927,0.0024553,0.0017261,0.0053202
0.0020516,0.000896,0.005596,0.0020504,0.0008956,0.0056253
0.0025586,0.0013955,0.005663,0.0025572,0.0013949,0.0056919
0.0025972,0.000971,0.00588,0.0025957,0.0009705,0.0059098
0.0019383,0.0005457,0.0054838,0.0019372,0.0005455,0.0055129
0.0025849,-0.0004685,0.0058532,0.0025835,-0.0004681,0.005883
0.0022633,0.0003522,0.0058974,0.002262,0.0003521,0.0059278
0.0024716,0.0005815,0.0061355,0.0024701,0.0005812,0.0061665
0.0039672,0.0014001,0.0026051,0.0039656,0.0013996,0.0026203
0.0043948,0.0014011,0.0027751,0.0043933,0.0014008,0.0027897
-0.0001443,-0.0017327,0.0104534,-0.0001444,-0.0017325,0.0105041
-0.0001214,-0.002195,0.0109568,-0.0001214,-0.0021947,0.0110095
0.0002932,-0.0017716,0.0105744,0.0002932,-0.0017715,0.0106256
-0.0001342,-0.0014017,0.0106145,-0.0001343,-0.0014018,0.0106659
-0.000329,-0.001566,0.0108408,-0.000329,-0.0015661,0.0108932
-0.0005494,-0.0017829,0.0110466,-0.0005494,-0.001783,0.0110998
-0.0003309,-0.0022563,0.0107133,-0.0003309,-0.0022558,0.010765
-0.0004868,-0.0031123,0.0099649,-0.0004866,-0.0031108,0.0100127
-0.0003052,-0.0028,0.0098829,-0.0003051,-0.0027988,0.0099307
8.6e-06,-0.0025601,0.0098412,8.5e-06,-0.0025592,0.0098888
0.0003645,-0.0024048,0.0096254,0.0003643,-0.0024039,0.0096722
0.0001752,-0.0021148,0.0098754,0.0001752,-0.0021142,0.0099235
1.5e-05,-0.0024298,0.0095258,1.5e-05,-0.0024288,0.0095721
0.0001457,-0.0030652,0.0102094,0.0001457,-0.0030639,0.0102584
-0.0003615,-0.0020874,0.009623,-0.0003614,-0.0020867,0.0096699
-0.0004432,-0.00277,0.0104555,-0.0004431,-0.0027689,0.0105058
-0.0042537,0.0009728,0.0024871,-0.0042518,0.0009725,0.0025013
-0.0037654,0.0009217,0.0023881,-0.0037633,0.0009214,0.0024034
-0.0007847,-0.0031951,0.0033098,-0.0007842,-0.0031934,0.0033296
-0.0013762,-0.0031999,0.0032622,-0.0013755,-0.0031983,0.0032813
-0.0014117,-0.0029497,0.0034502,-0.001411,-0.0029483,0.0034706
-0.0014824,-0.0028943,0.0036892,-0.0014817,-0.0028929,0.0037104
-0.0015676,-0.0035091,0.0040072,-0.0015669,-0.0035075,0.0040283
0.0022868,0.0021797,0.0114855,0.0022856,0.0021785,0.0115402
-0.0002699,0.0034118,0.0115202,-0.0002698,0.0034099,0.011575
-1.08e-05,0.0015635,0.010546,-1.08e-05,0.0015633,0.0105972
-0.0002568,0.0017107,0.0106666,-0.0002569,0.0017104,0.0107184
-0.0001621,0.0016276,0.0109302,-0.0001622,0.0016275,0.0109831
-0.0007373,0.0014388,0.010932,-0.0007373,0.0014387,0.0109848
-0.000413,0.0017,0.0111051,-0.000413,0.0016998,0.0111587
-0.0003595,0.0016434,0.0103178,-0.0003594,0.0016431,0.0103681
-0.0004524,0.0022348,0.009948,-0.0004522,0.002234,0.0099965
-0.0005178,0.0027358,0.0099255,-0.0005175,0.0027346,0.0099737
-7.57e-05,0.0022672,0.0100239,-7.57e-05,0.0022664,0.0100727
-0.0008107,0.0026074,0.0102805,-0.0008104,0.0026063,0.0103304
-0.0009599,0.0027577,0.0099722,-0.0009595,0.0027564,0.0100205
-0.0005515,0.0027607,0.0095912,-0.0005512,0.0027593,0.0096378
-0.0005493,0.0028807,0.0092572,-0.000549,0.0028792,0.0093021
-0.0006406,0.00331,0.0092507,-0.0006402,0.003308,0.0092953
-0.000329,0.0031352,0.0093072,-0.0003289,0.0031336,0.0093523
-0.0002313,0.0029587,0.0095643,-0.0002312,0.0029571,0.0096107
-0.0005379,0.00309,0.009602,-0.0005376,0.0030884,0.0096484
-0.0046087,-0.0005876,0.0028764,-0.0046071,-0.0005872,0.002891
-9.28e-05,-0.0032859,0.0116595,-9.28e-05,-0.0032845,0.0117146
0.0001841,-0.0033073,0.0115342,0.000184,-0.0033058,0.0115888
-0.0003859,-0.0035064,0.0116277,-0.0003858,-0.0035047,0.0116825
0.000349,-0.0012649,0.0113401,0.000349,-0.0012652,0.0113948
0.0003761,-0.0009623,0.0113239,0.0003762,-0.0009626,0.0113786
-4.88e-05,-0.0009312,0.0113028,-4.89e-05,-0.0009316,0.0113574
0.000273,-0.0006116,0.0112619,0.000273,-0.0006119,0.0113164
0.0003179,-0.0009801,0.0116839,0.0003178,-0.0009804,0.0117402
-4.58e-05,-0.0009971,0.0116888,-4.59e-05,-0.0009975,0.0117451
0.0004225,-0.0012042,0.0111011,0.0004225,-0.0012046,0.0111548
0.00077,-0.0013701,0.0104893,0.00077,-0.0013701,0.0105402
0.0001461,-0.0015016,0.0105803,0.0001461,-0.0015017,0.0106316
0.0003758,-0.0017082,0.010903,0.0003757,-0.0017083,0.0109557
0.0002975,-0.0013147,0.0108171,0.0002974,-0.0013149,0.0108694
0.0002769,-0.0030179,0.0098144,0.0002768,-0.0030165,0.0098617
0.0004174,-0.0026819,0.009887,0.0004171,-0.0026808,0.0099348
0.000696,-0.0029608,0.0098479,0.0006957,-0.0029594,0.0098954
0.0008339,-0.00212,0.0100072,0.0008336,-0.0021194,0.0100558
0.0003358,-0.0025472,0.0103004,0.0003357,-0.0025464,0.0103501
-0.0004677,-0.0012968,0.0114408,-0.0004678,-0.0012971,0.0114959
-2.08e-05,-0.0013576,0.011701,-2.08e-05,-0.0013578,0.0117572
-0.000106,-0.0004653,0.0113176,-0.000106,-0.0004656,0.0113724
-0.0007112,-0.0007928,0.0115072,-0.0007113,-0.0007931,0.0115628
-0.0003416,-0.0012815,0.011105,-0.0003416,-0.0012818,0.0111587
0.0030135,0.0028086,0.0026714,0.0030122,0.0028076,0.0026871
0.0035357,0.0028492,0.002847,0.0035344,0.0028484,0.0028622
0.0025752,0.0028811,0.0026786,0.0025741,0.00288,0.002695
0.0023008,0.0029367,0.0037528,0.0023,0.0029358,0.0037734
0.0025694,0.0026867,0.0036705,0.0025684,0.0026859,0.0036908
0.0026917,0.0030128,0.003814,0.0026907,0.003012,0.0038343
0.0020443,0.0032196,0.0036649,0.0020435,0.0032186,0.003685
0.0024333,0.0027552,0.0039114,0.0024323,0.0027543,0.0039327
0.0020072,0.0027353,0.0039055,0.0020064,0.0027343,0.0039273
0.0026213,0.0028911,0.0042225,0.0026203,0.0028901,0.0042446
0.0022277,0.0030737,0.0040685,0.0022268,0.0030727,0.0040902
0.0018967,0.0026133,0.0041478,0.0018959,0.0026123,0.0041708
0.0036653,-0.0026939,0.0028089,0.003664,-0.0026928,0.0028236
0.0036779,-0.0020755,0.0026549,0.0036764,-0.0020745,0.00267
0.0039524,-8.88e-05,0.002623,0.0039507,-8.86e-05,0.0026389
0.0043017,-0.0001219,0.0027489,0.0043001,-0.0001217,0.0027642
-0.0017757,-0.0045136,0.0023238,-0.0017748,-0.0045115,0.0023354
-0.001367,-0.0045413,0.0022304,-0.0013662,-0.004539,0.0022421
-0.0021429,-0.0043229,0.0023324,-0.0021419,-0.0043209,0.0023441
-0.0026515,0.0034237,0.0026054,-0.0026503,0.0034224,0.0026201
-0.0021533,0.0029514,0.0026221,-0.0021522,0.0029501,0.0026389
-0.0029985,0.0034568,0.0027587,-0.0029974,0.0034557,0.0027732
-0.0029533,0.0034225,0.0029657,-0.0029522,0.0034215,0.0029812
-0.0023409,0.0032938,0.0028075,-0.0023398,0.0032926,0.0028238
-0.002909,0.0032855,0.0031312,-0.0029079,0.0032846,0.0031478
-0.0025276,0.002849,0.0037734,-0.0025266,0.0028482,0.0037939
-0.0022475,0.0029556,0.0039034,-0.0022466,0.0029547,0.0039246
-0.0020483,0.0026148,0.0039448,-0.0020474,0.0026139,0.0039669
-0.0020175,0.0033078,0.0037916,-0.0020168,0.0033068,0.0038121
-0.0019302,0.0027146,0.0041264,-0.0019293,0.0027137,0.0041491
-0.0023507,0.0032636,0.0038642,-0.0023498,0.0032626,0.0038847
-0.0024264,0.0025038,0.0041612,-0.0024254,0.0025029,0.0041838
-0.0007672,-0.0044907,0.0027683,-0.0007668,-0.0044889,0.0027828
-0.0012063,-0.0044734,0.0028229,-0.0012058,-0.0044717,0.0028372
0.0013615,0.0028328,0.0115645,0.0013608,0.0028314,0.0116196
0.0013192,0.0032801,0.0115034,0.0013184,0.0032782,0.0115581
0.0011735,0.0014667,0.0106796,0.0011733,0.0014664,0.0107315
0.0014396,0.0017905,0.0109799,0.0014392,0.0017899,0.011033
0.0013806,0.0016217,0.0103095,0.0013801,0.0016211,0.0103597
0.0008837,0.0015794,0.0107045,0.0008835,0.0015792,0.0107565
0.0010228,0.0014668,0.0103678,0.0010226,0.0014665,0.0104183
0.0009281,0.0022936,0.0099062,0.0009277,0.0022926,0.0099545
0.0013384,0.0022376,0.0099471,0.0013378,0.0022366,0.0099955
0.0014167,0.0028105,0.0099108,0.0014159,0.002809,0.0099586
0.0009589,0.0025318,0.0096929,0.0009584,0.0025305,0.00974
0.0029333,0.0022538,0.0025461,0.0029318,0.0022529,0.0025625
0.0024751,0.0018761,0.0024445,0.0024737,0.0018752,0.002462
0.0016983,0.002383,0.0031492,0.0016975,0.002382,0.0031693
0.0016709,0.0023649,0.003352,0.0016702,0.002364,0.0033728
0.0011958,0.0018478,0.0032814,0.0011953,0.001847,0.0033031
0.0010379,0.0020809,0.0031388,0.0010375,0.00208,0.0031599
0.0008969,0.002355,0.0030421,0.0008965,0.002354,0.0030625
0.0007603,0.0018583,0.0032735,0.00076,0.0018575,0.0032955
0.0019152,0.0018053,0.0036081,0.0019143,0.0018046,0.0036302
0.0021405,0.0020645,0.0036213,0.0021396,0.0020638,0.0036429
0.0028431,0.0020088,0.0037787,0.0028419,0.0020081,0.0037999
0.0026348,0.0023641,0.0037477,0.0026337,0.0023633,0.0037687
0.0024799,0.0023082,0.0039366,0.0024788,0.0023074,0.0039585
0.0026077,0.001893,0.0038774,0.0026066,0.0018923,0.0038994
0.0026215,0.0019904,0.0041169,0.0026204,0.0019897,0.0041396
0.0022463,0.0023781,0.0037367,0.0022453,0.0023772,0.0037582
0.0020205,0.0023793,0.0039362,0.0020196,0.0023784,0.0039586
0.0021291,0.0023329,0.0042012,0.0021281,0.002332,0.0042244
0.0022072,0.0019671,0.0037974,0.0022062,0.0019664,0.0038196
0.0018483,0.0017955,0.0040488,0.0018474,0.0017948,0.0040724
0.0016397,-0.0030647,0.0116337,0.0016388,-0.0030633,0.0116886
0.0020214,-0.0029306,0.0116529,0.0020203,-0.0029291,0.0117079
-0.0032709,-0.0007737,0.0109314,-0.0032693,-0.0007734,0.0109835
-0.0016449,-0.0007499,0.0106743,-0.0016448,-0.0007499,0.010726
-0.0015066,-0.0006422,0.0109681,-0.0015067,-0.0006423,0.011021
-0.0020498,-0.0005763,0.0099286,-0.0020492,-0.0005762,0.009977
-0.0020488,-0.0002552,0.0097332,-0.0020481,-0.0002551,0.0097808
-0.002528,-0.0005231,0.0104474,-0.0025272,-0.000523,0.0104979
-0.0028637,-0.0006657,0.0092549,-0.0028623,-0.0006654,0.0092998
-0.0028902,-0.0002011,0.0090398,-0.0028887,-0.000201,0.0090837
-0.001916,0.0029483,0.0122759,-0.001915,0.0029465,0.0123334
-0.0014796,0.0028709,0.0124082,-0.0014789,0.0028692,0.0124663
-0.0010131,0.0032312,0.0117041,-0.0010126,0.0032294,0.0117595
-0.0011231,0.0015532,0.0105068,-0.0011229,0.0015529,0.0105578
-0.0015209,0.0018962,0.0109205,-0.0015205,0.0018956,0.0109732
-0.0013499,0.0018758,0.0100987,-0.0013495,0.0018751,0.0101479
-0.0012965,0.0024445,0.0098577,-0.001296,0.0024434,0.0099056
-0.0009507,0.0022979,0.0098553,-0.0009503,0.0022969,0.0099032
-0.0007284,0.0024912,0.0099516,-0.0007281,0.0024902,0.01
-0.0009096,0.0031781,0.010054,-0.0009092,0.0031764,0.0101025
-0.000894,0.0027441,0.0096585,-0.0008936,0.0027428,0.0097054
0.000512,-0.003066,0.0115535,0.0005118,-0.0030647,0.0116082
-0.0014309,-0.0038305,0.0026136,-0.0014301,-0.0038286,0.0026289
-0.0008401,-0.0038263,0.0026079,-0.0008397,-0.0038243,0.0026237
-0.0015173,-0.0015577,0.0025491,-0.0015163,-0.0015565,0.0025686
-0.0008648,-0.001759,0.0026742,-0.0008642,-0.0017577,0.0026944
-0.0010576,-0.0016975,0.0028346,-0.0010569,-0.0016964,0.0028552
-0.0008211,-0.0015768,0.0030304,-0.0008206,-0.0015757,0.0030519
-0.0015497,-0.0011646,0.0028337,-0.0015487,-0.0011637,0.0028544
-0.0014534,-0.0016531,0.0027839,-0.0014525,-0.0016519,0.0028041
-0.0017148,-0.0016246,0.0030441,-0.0017139,-0.0016236,0.0030648
-0.0012155,-0.0015052,0.0031127,-0.0012148,-0.0015042,0.0031342
-0.0010167,-0.0012599,0.0029596,-0.0010161,-0.001259,0.002981
-0.0009359,-0.0016638,0.0032571,-0.0009353,-0.0016627,0.003279
-0.0004883,-0.0016247,0.0031779,-0.000488,-0.0016236,0.0031998
-0.0015062,-0.0016774,0.0032802,-0.0015054,-0.0016764,0.0033017
-0.0014598,-0.0012956,0.0030412,-0.0014589,-0.0012947,0.0030624
-0.0016336,-0.0011434,0.0033073,-0.0016327,-0.0011426,0.0033293
-0.001519,-0.0008224,0.0031479,-0.0015182,-0.0008218,0.0031698
-0.0015617,-0.0010949,0.0035066,-0.0015608,-0.0010942,0.0035294
-0.0019532,-0.0017283,0.0034418,-0.0019522,-0.0017273,0.0034633
-0.0015808,-0.0017186,0.0037672,-0.0015799,-0.0017176,0.0037902
-0.0012988,-0.0026966,0.0032482,-0.0012982,-0.0026952,0.0032684
-0.0008049,-0.0023455,0.0032039,-0.0008045,-0.0023442,0.0032248
-0.0009586,-0.0020494,0.003068,-0.000958,-0.0020481,0.0030889
-0.0015427,-0.0020093,0.0035449,-0.0015419,-0.0020082,0.0035669
-0.0013596,-0.0024414,0.0036561,-0.0013588,-0.0024401,0.003678
-0.0010439,-0.0034644,0.0040257,-0.0010433,-0.0034628,0.0040474
-0.001209,-0.0033476,0.0042205,-0.0012084,-0.003346,0.004243
-0.0019012,-0.0028868,0.0037098,-0.0019003,-0.0028855,0.0037307
-0.0014129,-0.0028087,0.0039061,-0.0014122,-0.0028073,0.0039283
-0.001887,-0.0027352,0.0039244,-0.0018861,-0.002734,0.0039463
-0.0013471,-0.0024132,0.0038799,-0.0013464,-0.002412,0.0039026
-0.0013587,-0.0029791,0.0041684,-0.001358,-0.0029777,0.0041912
-0.0013303,-0.0031598,0.0039364,-0.0013297,-0.0031583,0.0039581
-0.0014962,-0.0033699,0.004148,-0.0014955,-0.0033684,0.0041699
-0.000845,-0.0033059,0.0042669,-0.0008446,-0.0033043,0.0042898
-0.0010319,-0.0033798,0.0044984,-0.0010314,-0.0033782,0.004522
-0.0018645,-0.0028834,0.004151,-0.0018636,-0.002882,0.0041735
-0.0015405,-0.0025384,0.0040356,-0.0015397,-0.0025372,0.0040585
-0.0015737,-0.0030515,0.004492,-0.0015729,-0.0030501,0.0045157
-0.0018814,-0.0028367,0.0044073,-0.0018805,-0.0028354,0.0044308
-0.0014275,-0.0025375,0.0044482,-0.0014267,-0.0025362,0.0044726
-0.0013101,-0.0029552,0.0046362,-0.0013094,-0.0029537,0.0046607
-0.001336,-0.0032685,0.0044103,-0.0013354,-0.003267,0.0044336
-0.0014532,-0.003419,0.0047082,-0.0014524,-0.0034174,0.0047322
-0.0009904,-0.0028457,0.0053431,-0.0009898,-0.0028441,0.0053705
-0.000588,-0.002941,0.0053443,-0.0005876,-0.0029394,0.0053718
-0.0003112,-0.0027339,0.0054541,-0.000311,-0.0027324,0.0054823
-0.0005092,-0.0024259,0.0053425,-0.0005088,-0.0024245,0.0053706
-0.0001162,-0.0024595,0.0053547,-0.0001161,-0.0024581,0.0053828
9.21e-05,-0.002487,0.0055481,9.2e-05,-0.0024855,0.0055769
-0.0008829,-0.0023767,0.0053817,-0.0008824,-0.0023753,0.0054098
-0.0006111,-0.0019942,0.0052949,-0.0006107,-0.001993,0.0053232
-0.000691,-0.002367,0.0055346,-0.0006906,-0.0023656,0.0055634
-0.0005382,-0.0028416,0.0056754,-0.0005379,-0.0028399,0.0057042
-0.0001023,-0.0028162,0.0056412,-0.0001022,-0.0028146,0.00567
-0.0010166,-0.0028362,0.0056583,-0.0010159,-0.0028345,0.0056869
-0.0004103,-0.0018443,0.0054769,-0.00041,-0.0018432,0.005506
-0.0005021,-0.0027439,0.0059345,-0.0005018,-0.0027422,0.0059645
-0.0010302,-0.002053,0.0053329,-0.0010296,-0.0020517,0.0053612
-0.0008202,-0.0020416,0.0056155,-0.0008197,-0.0020403,0.0056448
-0.0009491,-0.0024598,0.0059285,-0.0009485,-0.0024583,0.0059585
-0.0009664,-0.0027562,0.0062217,-0.0009657,-0.0027545,0.0062527
-0.0008582,0.0043031,0.0027013,-0.0008577,0.0043017,0.0027161
0.002313,-0.0023017,0.0114321,0.0023118,-0.0023007,0.0114863
0.0016188,-0.0023316,0.01,0.001618,-0.0023307,0.0100483
0.0017855,-0.0020866,0.0099498,0.0017847,-0.0020857,0.0099979
0.002209,-0.0022058,0.0099153,0.0022078,-0.0022047,0.009963
0.0022788,-0.0019125,0.0100485,0.0022777,-0.0019117,0.0100969
0.0024895,-0.0018409,0.0097787,0.0024882,-0.0018399,0.0098258
0.0019994,-0.0017874,0.0098129,0.0019986,-0.0017867,0.0098604
0.0016866,-0.0018111,0.0099216,0.0016859,-0.0018104,0.0099697
0.0021005,-0.0014612,0.0098627,0.0020996,-0.0014606,0.0099106
0.0021105,-0.0017182,0.0102216,0.0021096,-0.0017175,0.010271
0.0021018,-0.0018531,0.0095613,0.0021008,-0.0018522,0.0096077
0.0017274,-0.0021935,0.0102192,0.0017266,-0.0021927,0.0102685
0.0017216,-0.0015371,0.0098069,0.001721,-0.0015366,0.0098546
0.0017281,-0.0017292,0.0102472,0.0017275,-0.0017286,0.0102968
0.0016209,-0.0017194,0.0096499,0.0016202,-0.0017187,0.0096969
0.0025106,-0.0018072,0.0102159,0.0025094,-0.0018064,0.0102649
0.001767,-0.0012886,0.0102819,0.0017664,-0.0012883,0.0103317
0.0018539,-0.0019649,0.010432,0.0018532,-0.0019642,0.0104823
0.0016594,-0.002638,0.0102253,0.0016585,-0.0026368,0.0102745
0.0028075,-0.0019756,0.0117006,0.002806,-0.0019747,0.0117558
0.0027099,-0.0016062,0.0115651,0.0027086,-0.0016055,0.0116199
0.0034252,-0.00305,0.0028899,0.003424,-0.0030487,0.0029047
0.0024534,0.0026048,0.0109136,0.002452,0.0026033,0.0109657
0.001779,0.0014487,0.0099401,0.0017784,0.0014481,0.0099885
0.0021919,0.0016041,0.0099097,0.0021909,0.0016034,0.0099578
0.0019974,0.0020664,0.0100089,0.0019965,0.0020654,0.0100574
0.0017138,0.0017742,0.0099115,0.001713,0.0017735,0.0099597
0.0019734,0.0020641,0.0103607,0.0019725,0.0020632,0.0104108
0.0021545,0.0020205,0.0096303,0.0021535,0.0020195,0.009677
0.0021898,0.0015886,0.0103848,0.0021889,0.0015878,0.0104351
0.0016511,0.0014798,0.0102589,0.0016505,0.0014792,0.0103089
0.0017371,0.0022041,0.0092733,0.0017362,0.0022029,0.0093184
0.0019122,0.0023726,0.009509,0.0019112,0.0023713,0.009555
0.0022277,0.0024058,0.0093475,0.0022265,0.0024044,0.0093926
0.0016246,0.0025963,0.0092386,0.0016237,0.0025948,0.0092834
-0.0042735,0.0014317,0.002793,-0.0042718,0.0014314,0.0028079
0.0021438,-0.0040398,0.0028559,0.0021431,-0.0040382,0.0028707
0.0025636,-0.0038441,0.002879,0.0025628,-0.0038426,0.0028936
0.0016117,-1.83e-05,0.0106844,0.0016117,-1.83e-05,0.0107361
0.0017281,0.0003164,0.0107247,0.0017279,0.0003162,0.0107766
0.0021258,4.22e-05,0.0109419,0.0021254,4.2e-05,0.0109947
0.0017464,0.0002005,0.0110962,0.0017463,0.0002004,0.0111497
0.0026478,0.0002467,0.0097468,0.0026466,0.0002465,0.0097941
0.0031287,0.0004949,0.009888,0.0031271,0.0004946,0.0099357
0.0029846,0.0004332,0.0101567,0.0029832,0.0004329,0.0102056
0.0028692,2.9e-06,0.0102035,0.0028679,2.8e-06,0.0102528
0.0028282,0.0004551,0.0098982,0.0028269,0.0004549,0.0099461
0.0026083,-7.32e-05,0.0099018,0.0026071,-7.32e-05,0.0099498
0.0026166,-5.16e-05,0.0095111,0.0026154,-5.16e-05,0.0095574
0.0033627,0.0003159,0.0094155,0.0033607,0.0003158,0.0094607
-0.0027784,-0.0036338,0.0027994,-0.0027773,-0.0036324,0.002814
0.0008035,0.0042116,0.0028017,0.0008032,0.0042102,0.0028173
-0.004107,0.0008911,0.0028992,-0.0041054,0.0008909,0.0029153
-0.0016673,0.0009875,0.0029243,-0.0016663,0.0009871,0.0029453
-0.001505,0.0014279,0.0030105,-0.0015042,0.0014272,0.0030316
-0.0020819,0.0014476,0.0033909,-0.0020809,0.0014471,0.0034125
-0.0014766,0.0010052,0.0032543,-0.0014757,0.0010049,0.0032764
-0.0023065,0.0015124,0.0032354,-0.0023053,0.0015118,0.003256
-0.0022112,0.0007896,0.0031186,-0.00221,0.0007894,0.0031396
-0.0014181,0.0010688,0.0030713,-0.0014173,0.0010684,0.0030929
-0.0008756,0.0011676,0.0030389,-0.0008751,0.0011671,0.0030608
-0.0010998,0.0014415,0.0029734,-0.0010992,0.0014408,0.0029947
-0.0005563,0.001149,0.0029736,-0.000556,0.0011485,0.0029955
-0.0010777,0.0005812,0.002873,-0.001077,0.000581,0.0028946
-0.0014174,0.0014251,0.0032873,-0.0014166,0.0014245,0.0033093
-0.0015129,0.0014867,0.0035104,-0.0015121,0.0014861,0.0035328
-0.0013094,0.0007853,0.0030661,-0.0013086,0.000785,0.003088
-0.0014571,0.0004421,0.0032201,-0.0014562,0.000442,0.0032425
-0.0016361,0.0007595,0.0033901,-0.0016352,0.0007593,0.0034127
-0.0010386,0.0005644,0.0041851,-0.001038,0.0005642,0.0042107
-0.0006677,0.0005905,0.0041509,-0.0006673,0.0005903,0.0041767
-0.0003012,0.0005658,0.0042062,-0.000301,0.0005656,0.0042323
-0.0005161,0.0010196,0.0041865,-0.0005158,0.0010192,0.0042122
-6.62e-05,0.0009673,0.0041809,-6.61e-05,0.0009669,0.0042067
-0.0009498,0.0009672,0.0042371,-0.0009493,0.0009669,0.0042627
-0.0007263,0.0013075,0.0042233,-0.000726,0.0013071,0.0042488
-0.0005039,0.0005853,0.0044633,-0.0005036,0.0005851,0.00449
-1.46e-05,0.0006535,0.0044203,-1.46e-05,0.0006533,0.004447
-0.0009245,0.0005918,0.0044457,-0.000924,0.0005916,0.0044722
-0.000647,0.0002518,0.0043959,-0.0006466,0.0002518,0.0044225
-0.0004958,0.0006534,0.0047375,-0.0004955,0.0006532,0.0047651
-0.0006449,0.0005938,0.0049285,-0.0006445,0.0005936,0.0049567
-0.0002649,0.0002942,0.0061929,-0.0002648,0.0002942,0.0062254
-0.0002958,0.0012216,0.0063677,-0.0002956,0.001221,0.0064006
-0.0010108,0.0009776,0.0044907,-0.0010102,0.0009772,0.0045171
-0.001005,0.0009852,0.0047345,-0.0010044,0.0009849,0.0047617
-0.0010942,0.0009975,0.0049558,-0.0010936,0.0009971,0.0049836
-0.0009741,0.0005309,0.0047786,-0.0009736,0.0005307,0.0048062
-0.0032151,0.0013979,0.0037749,-0.0032138,0.0013975,0.0037959
-0.002862,0.0015802,0.0038653,-0.0028608,0.0015798,0.0038872
-0.0031111,0.0014135,0.0040202,-0.0031098,0.0014131,0.0040423
-0.0033138,0.0011013,0.0039793,-0.0033124,0.001101,0.0040011
-0.0038062,0.0011572,0.0040509,-0.0038047,0.0011569,0.0040721
-0.0032963,0.0005961,0.0039934,-0.0032949,0.000596,0.0040155
-0.0032091,0.0010963,0.0041512,-0.0032077,0.001096,0.0041738
-0.002762,0.0011741,0.0041705,-0.0027608,0.0011738,0.004194
-0.0027204,0.0016004,0.004137,-0.0027192,0.0015998,0.0041601
-0.0023109,0.0016032,0.0040402,-0.0023098,0.0016026,0.0040634
-0.003218,0.0019912,0.0045329,-0.0032166,0.0019906,0.0045564
-0.0032781,0.0015164,0.0045578,-0.0032766,0.0015159,0.0045817
-0.0033093,0.0010605,0.0043912,-0.0033079,0.0010602,0.0044146
-0.0037276,0.0010803,0.0044797,-0.003726,0.00108,0.0045028
-0.0031072,0.0005673,0.0044857,-0.0031058,0.0005672,0.0045099
-0.0033857,0.0008752,0.0046356,-0.0033841,0.000875,0.0046599
-0.0027058,0.0004797,0.0053645,-0.0027044,0.0004796,0.0053924
-0.0025427,0.0006167,0.0055497,-0.0025413,0.0006165,0.0055785
-0.0023157,0.0006571,0.0053772,-0.0023145,0.0006569,0.0054056
-0.0019379,0.0005871,0.0053379,-0.0019368,0.000587,0.0053666
-0.0018349,0.0009578,0.005287,-0.0018339,0.0009574,0.0053154
-0.0018306,0.0009343,0.0055967,-0.0018295,0.0009339,0.0056262
-0.001792,0.0001145,0.0053264,-0.001791,0.0001145,0.0053552
-0.0017295,0.0004784,0.0055597,-0.0017286,0.0004783,0.0055893
-0.0017583,0.0005918,0.0061451,-0.0017572,0.0005915,0.0061768
-0.0022385,0.0010041,0.0053745,-0.0022373,0.0010037,0.0054028
-0.0028333,0.0009119,0.0053775,-0.0028317,0.0009115,0.0054053
-0.0022515,0.0014102,0.0055502,-0.0022502,0.0014096,0.005579
-0.0024351,0.0017518,0.0053973,-0.0024338,0.001751,0.0054252
-0.00224,0.0004466,0.0056463,-0.0022388,0.0004465,0.0056757
-0.0027727,0.0005094,0.0057037,-0.0027711,0.0005092,0.0057328
-0.002374,-0.0001128,0.0056073,-0.0023727,-0.0001127,0.0056366
-0.0021793,0.0006352,0.0059376,-0.0021781,0.000635,0.0059681
-0.0025781,0.0008449,0.0054412,-0.0025767,0.0008445,0.0054695
-0.0028286,0.001786,0.005497,-0.0028271,0.0017852,0.0055249
-0.0027163,0.0010201,0.0056365,-0.0027147,0.0010197,0.0056652
-0.0026475,0.0014544,0.0056893,-0.002646,0.0014536,0.0057182
-0.0026562,0.0009883,0.0060205,-0.0026546,0.0009879,0.0060508
-0.0026131,0.0001404,0.0056261,-0.0026117,0.0001404,0.0056552
-0.0026561,0.0005631,0.0060259,-0.0026545,0.0005629,0.0060564
0.0039081,0.001331,0.0028334,0.0039066,0.0013306,0.0028497
0.0043659,0.0014385,0.0030013,0.0043644,0.0014382,0.003017
0.0026122,0.0019398,0.0109236,0.0026109,0.0019387,0.0109758
0.0027093,0.0019323,0.0111956,0.0027079,0.0019312,0.011249
0.0027756,0.0018379,0.010702,0.0027742,0.0018368,0.0107532
0.0025277,0.0006106,0.0031796,0.0025265,0.0006104,0.0032003
0.0026202,-0.000434,0.0031899,0.0026189,-0.0004335,0.0032105
0.002344,0.0001107,0.0034149,0.0023428,0.0001108,0.0034368
0.0020307,7.14e-05,0.0032963,0.0020297,7.15e-05,0.0033182
0.0025471,-0.0002197,0.0033658,0.0025459,-0.0002194,0.0033872
0.0021967,-7.98e-05,0.0031454,0.0021956,-7.96e-05,0.0031666
0.0021467,-0.0002636,0.003387,0.0021457,-0.0002633,0.0034091
0.0019062,0.0001265,0.0034654,0.0019052,0.0001266,0.003488
0.0031706,0.0001635,0.0037746,0.0031693,0.0001637,0.0037963
0.0034867,4.06e-05,0.0039292,0.0034853,4.08e-05,0.0039509
0.002948,-0.0001538,0.0038916,0.0029467,-0.0001536,0.0039141
0.0033539,-0.0002241,0.0040278,0.0033525,-0.0002238,0.0040502
0.0035031,0.0001672,0.0041745,0.0035017,0.0001673,0.0041971
0.0026466,7.93e-05,0.0041145,0.0026454,7.94e-05,0.0041382
0.0038668,0.000443,0.0043189,0.0038653,0.000443,0.0043415
0.0039074,-4.08e-05,0.0043112,0.0039058,-4.06e-05,0.0043337
0.0018387,-0.0003345,0.0024769,0.0018376,-0.000334,0.0024966
0.0017935,7.5e-06,0.0027735,0.0017925,7.7e-06,0.0027941
0.0017211,-0.0001229,0.0030262,0.0017201,-0.0001227,0.0030477
0.0009299,9.99e-05,0.0027168,0.0009293,0.0001,0.0027382
0.0014031,-0.0002356,0.0027255,0.0014022,-0.0002353,0.0027464
0.0012783,-3.21e-05,0.0028954,0.0012776,-3.19e-05,0.002917
0.0015281,-0.0007012,0.0025323,0.0015271,-0.0007005,0.0025523
0.0017908,-0.0008106,0.0027164,0.0017897,-0.0008099,0.0027366
0.0016625,-0.0012133,0.0026983,0.0016616,-0.0012124,0.0027184
0.0011425,-0.0006097,0.0025438,0.0011417,-0.0006091,0.0025643
0.0012339,-0.0008721,0.0028768,0.0012332,-0.0008714,0.0028981
0.0017711,-0.0005067,0.0030893,0.0017702,-0.0005062,0.0031108
0.0019027,-0.0002748,0.003211,0.0019018,-0.0002745,0.0032328
0.0016576,-0.0011047,0.0032558,0.0016568,-0.0011039,0.0032776
0.001803,-0.0008888,0.0035554,0.0018022,-0.0008881,0.0035781
0.0010074,-0.0006011,0.0030393,0.0010068,-0.0006006,0.0030614
0.0008037,-0.0002683,0.0029313,0.0008033,-0.0002679,0.0029534
0.0007751,-0.0012192,0.0041894,0.0007747,-0.0012184,0.0042149
0.00109,-0.0009768,0.0040966,0.0010894,-0.0009761,0.0041217
0.0013032,-0.0011851,0.0042422,0.0013025,-0.0011843,0.0042674
0.0012855,-0.0006775,0.0042095,0.0012849,-0.000677,0.004235
0.0016714,-0.0006318,0.0042672,0.0016705,-0.0006313,0.0042925
0.0008569,-0.0007845,0.0042067,0.0008565,-0.0007839,0.0042324
0.0015769,-0.0012905,0.0046306,0.0015761,-0.0012897,0.0046568
0.0008718,-0.0011516,0.0044839,0.0008714,-0.0011508,0.0045102
0.0012082,-0.0011114,0.004771,0.0012075,-0.0011107,0.0047981
0.0012252,-0.0011632,0.0050282,0.0012245,-0.0011625,0.005056
0.0009862,-0.0005181,0.0042829,0.0009857,-0.0005177,0.0043089
0.0004094,-0.000911,0.004115,0.0004091,-0.0009104,0.0041405
0.0007597,-0.0002125,0.0042405,0.0007593,-0.0002123,0.0042665
0.0009126,-0.0006658,0.0044621,0.0009122,-0.0006653,0.0044886
0.0007328,-0.0003163,0.0044327,0.0007324,-0.000316,0.0044593
0.0008026,-0.0008024,0.0046839,0.0008022,-0.0008018,0.0047112
0.0007123,-0.0008022,0.0050166,0.0007119,-0.0008017,0.0050449
0.000621,-0.0004306,0.0062479,0.0006207,-0.0004302,0.0062804
0.0008206,-0.0011487,0.0047856,0.0008202,-0.0011479,0.0048129
0.0030305,-0.0006229,0.0036641,0.0030292,-0.0006225,0.0036856
0.0033286,-0.0007302,0.0037675,0.0033272,-0.0007298,0.0037887
0.0033681,-0.0007786,0.0039689,0.0033668,-0.0007781,0.0039908
0.0035607,-0.0010723,0.0039952,0.0035592,-0.0010717,0.0040167
0.0027739,-0.0004644,0.0040124,0.0027727,-0.000464,0.0040356
0.002992,-0.000847,0.0040594,0.0029908,-0.0008465,0.0040821
0.0029437,-0.0006402,0.0042012,0.0029424,-0.0006397,0.0042247
0.0034569,-0.0001201,0.0044105,0.0034554,-0.0001198,0.0044341
0.0034875,-0.0011304,0.0044512,0.003486,-0.0011298,0.0044745
0.003501,-0.0008443,0.0047019,0.0034995,-0.0008438,0.0047263
0.0028843,-0.0004231,0.0045328,0.0028829,-0.0004228,0.0045575
0.0022981,-0.0011471,0.0054368,0.0022969,-0.0011464,0.0054652
0.002773,-0.0011762,0.0054267,0.0027716,-0.0011755,0.0054545
0.0029127,-0.0007268,0.0053936,0.0029112,-0.0007263,0.0054213
0.003325,-0.0009143,0.0055246,0.0033232,-0.0009136,0.0055523
0.0024559,-0.0008113,0.0053432,0.0024546,-0.0008108,0.0053712
0.0029345,-0.0003125,0.0054666,0.0029329,-0.0003122,0.0054946
0.002816,-0.000672,0.0056768,0.0028144,-0.0006715,0.0057057
0.0028165,-0.0011464,0.0056949,0.0028149,-0.0011457,0.0057238
0.0032478,-0.0011227,0.0057339,0.003246,-0.001122,0.0057625
0.0024514,-0.0011107,0.0056806,0.00245,-0.0011099,0.0057097
0.002039,-0.0012008,0.0056352,0.0020379,-0.0012,0.0056645
0.0028341,-0.0011699,0.0059552,0.0028324,-0.0011691,0.005985
0.0026035,-0.0005308,0.0054383,0.0026021,-0.0005304,0.0054665
0.0023831,-0.0007589,0.0056178,0.0023817,-0.0007583,0.0056469
0.001873,-0.0007681,0.0055921,0.001872,-0.0007676,0.0056216
0.0023611,-0.0007267,0.0058972,0.0023598,-0.0007262,0.0059273
0.0023723,-0.0006561,0.0061675,0.0023709,-0.0006556,0.0061987
0.0024871,-0.0014648,0.0056952,0.0024857,-0.0014639,0.0057242
0.0024007,-0.0010947,0.0059406,0.0023993,-0.0010939,0.0059708
-0.0032252,0.000382,0.0111669,-0.0032237,0.0003816,0.0112202
-0.002878,0.0003846,0.0111145,-0.0028769,0.0003844,0.0111677
-0.0011752,0.0002934,0.0114148,-0.0011754,0.0002933,0.0114699
-0.0008275,0.0005058,0.0114177,-0.0008277,0.0005058,0.0114728
-0.0004027,0.000511,0.0112719,-0.0004028,0.000511,0.0113265
-0.0008617,-0.0002779,0.0113038,-0.0008619,-0.000278,0.0113585
-0.0009055,1.17e-05,0.0118174,-0.0009057,1.16e-05,0.0118743
-0.0009466,-0.0002858,0.0116299,-0.0009468,-0.000286,0.011686
-0.001137,-2.03e-05,0.0114735,-0.0011372,-2.04e-05,0.0115289
-0.001234,-0.0002187,0.0117608,-0.0012341,-0.0002189,0.0118174
-0.0014802,5.05e-05,0.0098561,-0.00148,5.05e-05,0.0099043
-0.0016355,0.0004848,0.0098282,-0.0016351,0.0004846,0.0098763
-0.0012545,0.0003347,0.0099664,-0.0012544,0.0003345,0.0100151
-0.0014555,0.0008482,0.009909,-0.0014552,0.0008479,0.0099575
-0.0014427,0.0004103,0.0095874,-0.0014423,0.0004101,0.0096344
-0.0019156,0.0004521,0.0099269,-0.001915,0.000452,0.0099754
-0.0018131,-0.0001055,0.0099897,-0.0018127,-0.0001055,0.0100385
-0.0015307,-0.0003228,0.0099741,-0.0015304,-0.0003228,0.0100228
-0.0019494,1.88e-05,0.0094445,-0.0019487,1.88e-05,0.0094908
-0.0028217,0.0009454,0.009281,-0.0028203,0.0009449,0.009326
-0.0002557,0.0020092,0.003094,-0.0002555,0.0020083,0.0031154
-5.88e-05,0.0017849,0.0032421,-5.87e-05,0.0017841,0.0032643
-0.0001993,0.0023754,0.0030635,-0.0001992,0.0023743,0.0030843
0.0001355,0.0022741,0.0033965,0.0001355,0.0022731,0.0034184
0.0004159,0.0020184,0.0032013,0.0004157,0.0020175,0.0032229
-0.0005764,0.0018968,0.0032756,-0.0005761,0.001896,0.0032976
-6.6e-05,0.0017799,0.003491,-6.59e-05,0.0017791,0.003514
-0.0010166,0.0018862,0.0033391,-0.001016,0.0018854,0.0033611
-0.0006412,0.0019193,0.0037613,-0.0006409,0.0019185,0.0037847
-0.0002916,0.0027865,0.0036965,-0.0002915,0.0027854,0.0037186
-7.24e-05,0.0026049,0.0038191,-7.24e-05,0.0026039,0.0038419
-9.97e-05,0.0030174,0.0035949,-9.97e-05,0.0030163,0.0036162
-9.06e-05,0.0033653,0.0039181,-9.05e-05,0.0033641,0.0039401
-4.85e-05,0.0025562,0.0040504,-4.85e-05,0.0025552,0.0040742
-0.0005359,0.0032876,0.003929,-0.0005357,0.0032865,0.0039511
-0.0006823,0.0033719,0.004131,-0.0006819,0.0033707,0.0041537
-0.0004018,0.0026576,0.004136,-0.0004016,0.0026565,0.0041598
0.0003495,0.0025975,0.004061,0.0003495,0.0025965,0.0040847
-0.0002852,0.0030487,0.0040375,-0.000285,0.0030475,0.0040604
-6.08e-05,0.0036288,0.0044502,-6.07e-05,0.0036274,0.0044737
-0.0005299,0.0036358,0.0046046,-0.0005296,0.0036343,0.0046286
-0.0010661,0.003212,0.0044496,-0.0010656,0.0032108,0.0044735
-0.0005203,0.0031937,0.0047097,-0.0005201,0.0031924,0.0047348
0.0008355,0.0022234,0.0052738,0.0008351,0.0022224,0.0053019
0.0009984,0.0023593,0.005482,0.0009979,0.0023581,0.0055107
0.0012103,0.0021895,0.0053437,0.0012097,0.0021885,0.005372
0.0012006,0.0026458,0.005427,0.0011999,0.0026444,0.0054552
0.0016804,0.002547,0.0054442,0.0016794,0.0025458,0.0054722
0.0007963,0.0026116,0.0054206,0.0007959,0.0026104,0.0054488
0.000725,0.0025379,0.0056843,0.0007246,0.0025365,0.0057136
0.0011793,0.0030523,0.0053922,0.0011787,0.0030508,0.0054198
0.001183,0.0021227,0.0055799,0.0011824,0.0021217,0.0056091
0.0016731,0.0021519,0.0056746,0.0016722,0.0021508,0.0057038
0.0006821,0.0021397,0.0055438,0.0006817,0.0021387,0.005573
0.0011554,0.0018024,0.0055394,0.0011547,0.0018015,0.0055687
0.0011771,0.0022609,0.0059659,0.0011764,0.0022596,0.0059963
0.0002968,0.0025648,0.0053673,0.0002967,0.0025636,0.0053955
0.0007466,0.0030802,0.0053752,0.0007462,0.0030787,0.0054027
0.0003179,0.0024927,0.0055867,0.0003177,0.0024915,0.0056158
-7.86e-05,0.0026532,0.0056681,-7.85e-05,0.0026518,0.0056974
0.0007621,0.0030429,0.0057206,0.0007617,0.0030413,0.0057496
0.0008279,0.0025702,0.0059254,0.0008275,0.0025688,0.0059556
0.0003475,0.0021398,0.005676,0.0003473,0.0021387,0.0057058
0.0007501,0.0016783,0.0055582,0.0007496,0.0016775,0.0055878
0.0008512,0.0021918,0.0058794,0.0008507,0.0021907,0.0059097
0.0008136,0.002156,0.0061566,0.0008131,0.0021548,0.006188
-0.0011031,0.0021197,0.0054643,-0.0011025,0.0021188,0.0054931
-0.0006274,0.0021474,0.0053119,-0.0006271,0.0021464,0.0053403
-0.0003546,0.0023304,0.0053799,-0.0003544,0.0023294,0.0054084
-0.0005315,0.0026799,0.005384,-0.0005312,0.0026786,0.0054121
-5.58e-05,0.0025328,0.0053993,-5.58e-05,0.0025316,0.0054277
-0.000986,0.0025528,0.0053604,-0.0009855,0.0025516,0.0053884
-0.0005987,0.0031874,0.0054594,-0.0005984,0.0031858,0.0054872
-0.0005363,0.0026435,0.0056818,-0.0005359,0.0026421,0.0057111
-0.0005675,0.0026623,0.0061616,-0.0005671,0.0026608,0.0061927
-0.0005394,0.0022123,0.0056618,-0.0005391,0.0022112,0.0056914
-9.39e-05,0.0022414,0.0056048,-9.38e-05,0.0022402,0.0056343
-0.0010056,0.0022563,0.0057134,-0.001005,0.0022552,0.005743
-0.0015086,0.0024279,0.0056513,-0.0015078,0.0024266,0.0056803
-0.0005294,0.001653,0.0055274,-0.0005291,0.0016522,0.0055569
-0.0004692,0.0021535,0.0059132,-0.0004688,0.0021524,0.0059438
-0.0009811,0.0033727,0.005461,-0.0009805,0.0033711,0.0054886
-0.0010314,0.0025658,0.0056488,-0.0010308,0.0025645,0.0056778
-0.0010267,0.0029716,0.0057092,-0.0010261,0.00297,0.0057381
-0.0010232,0.0025833,0.0059148,-0.0010226,0.0025819,0.0059449
-0.0010941,0.0016718,0.0055712,-0.0010935,0.001671,0.0056007
-0.0009475,0.0012591,0.0055385,-0.0009469,0.0012585,0.0055683
-0.0010266,0.002293,0.0059554,-0.001026,0.0022917,0.0059858
-0.0009522,0.0020296,0.0061453,-0.0009516,0.0020285,0.0061768
-0.0035692,0.0006783,0.0109541,-0.0035673,0.0006778,0.0110063
-0.0032559,0.0006877,0.0108608,-0.0032543,0.0006873,0.0109127
-0.0032747,0.0014373,0.0113056,-0.0032731,0.0014364,0.0113594
-0.0029516,0.0014864,0.0111604,-0.0029502,0.0014855,0.0112136
-0.0019001,0.0015334,0.0098734,-0.0018994,0.0015327,0.0099215
-0.0018139,0.0018599,0.0099319,-0.0018133,0.0018591,0.0099802
-0.0015215,0.0016431,0.0098643,-0.0015211,0.0016424,0.0099124
-0.001591,0.0021199,0.0099371,-0.0015904,0.002119,0.0099854
-0.0012887,0.0020609,0.0098437,-0.0012882,0.00206,0.0098917
-0.0016533,0.0022187,0.0096222,-0.0016526,0.0022176,0.0096691
-0.0015996,0.0017191,0.0102637,-0.0015991,0.0017185,0.0103137
-0.0013387,0.0015186,0.0101678,-0.0013384,0.0015181,0.0102174
-0.0019528,0.0018105,0.0103006,-0.0019521,0.0018097,0.0103505
-0.0019234,0.0021398,0.0101981,-0.0019227,0.0021388,0.0102475
-0.0022347,0.0019046,0.0099295,-0.0022337,0.0019036,0.0099776
-0.0020416,0.0020353,0.0097056,-0.0020407,0.0020343,0.0097527
-0.0029072,0.0015292,0.0092867,-0.0029057,0.0015283,0.0093315
-0.0028207,0.0018799,0.0094564,-0.0028192,0.0018789,0.0095019
-0.0025274,0.0016721,0.0090653,-0.002526,0.0016711,0.0091092
-0.0025692,0.0016373,0.0093984,-0.0025679,0.0016365,0.0094438
-0.0025722,0.0020249,0.0093751,-0.0025708,0.0020238,0.0094203
-0.0020954,0.002043,0.0094109,-0.0020944,0.002042,0.0094566
-0.00258,0.0025241,0.0095298,-0.0025786,0.0025226,0.0095754
-0.0023493,0.001567,0.0096269,-0.0023482,0.0015663,0.0096736
-0.0020221,0.0016753,0.0096138,-0.0020213,0.0016745,0.0096607
-0.0023278,0.0038704,0.0029859,-0.002327,0.0038692,0.0030015
-0.0033349,-6.15e-05,0.0112154,-0.0033333,-6.17e-05,0.0112688
-0.0028678,-0.0001117,0.0112883,-0.0028667,-0.0001118,0.0113422
-0.0042334,0.0018028,0.0030142,-0.0042319,0.0018024,0.0030296
-0.0010783,-0.0034568,0.011162,-0.0010778,-0.0034551,0.0112149
-0.0007142,-0.0035057,0.0112613,-0.0007138,-0.003504,0.0113147
-0.0021527,-0.0008123,0.0030229,-0.0021515,-0.0008116,0.0030436
-0.0015061,-0.0002758,0.0028296,-0.0015052,-0.0002754,0.0028508
-0.0022156,-0.0003716,0.0035654,-0.0022145,-0.0003712,0.0035879
-0.0028549,-0.000429,0.0039048,-0.0028537,-0.0004287,0.0039274
-0.0033461,-0.0003004,0.0039075,-0.0033447,-0.0003,0.0039294
-0.0031271,-0.0004609,0.0041256,-0.0031258,-0.0004606,0.0041485
-0.0036178,-0.0007935,0.0039478,-0.0036163,-0.000793,0.0039691
-0.0032292,-0.0012355,0.0039714,-0.0032278,-0.0012348,0.0039932
-0.0034114,-0.000886,0.004151,-0.0034099,-0.0008854,0.0041734
-0.0040026,-0.0004568,0.0042908,-0.004001,-0.0004565,0.0043128
-0.0037597,-0.0007643,0.0042839,-0.0037581,-0.0007639,0.0043062
-0.0036217,-0.000339,0.0041591,-0.0036202,-0.0003387,0.0041814
-0.0035274,-0.0007973,0.0044176,-0.0035259,-0.0007968,0.0044408
-0.0030474,-0.0007923,0.0043682,-0.0030461,-0.0007918,0.004392
-0.0037308,-0.0010315,0.0045443,-0.0037292,-0.0010309,0.0045676
-0.0036588,-0.0006343,0.0046378,-0.0036572,-0.0006338,0.0046617
-0.0014327,-0.0044609,0.0024517,-0.001432,-0.0044589,0.0024644
-0.0024589,-0.0040174,0.0024484,-0.0024579,-0.0040156,0.0024611
-0.0033194,-0.002857,0.0029169,-0.0033181,-0.0028558,0.0029325
-0.003645,-0.0027976,0.003162,-0.0036437,-0.0027965,0.003178
-0.0005057,-0.0023972,0.0031595,-0.0005054,-0.0023958,0.0031804
3.02e-05,-0.0020911,0.0029792,3.03e-05,-0.0020898,0.0030001
0.0003031,-0.0017002,0.0030126,0.0003029,-0.001699,0.0030341
-0.0001622,-0.0022845,0.0033489,-0.0001621,-0.0022831,0.0033706
-8.35e-05,-0.0024005,0.0035858,-8.34e-05,-0.0023991,0.0036081
-0.000264,-0.0020863,0.0031193,-0.0002638,-0.0020849,0.0031406
-0.0005244,-0.0015857,0.0029041,-0.0005241,-0.0015845,0.0029254
-0.0003245,-0.0027643,0.0032871,-0.0003243,-0.0027628,0.0033078
-0.000271,-0.0032906,0.0036743,-0.0002708,-0.003289,0.0036953
-9.57e-05,-0.0034236,0.0039692,-9.56e-05,-0.0034219,0.0039911
-6.9e-06,-0.0028285,0.0038319,-6.8e-06,-0.0028271,0.0038543
0.0001039,-0.0035736,0.0042099,0.0001039,-0.0035719,0.0042324
-0.0013449,-0.0043495,0.002981,-0.0013443,-0.0043479,0.0029963
-0.0008629,-0.0043515,0.0029281,-0.0008625,-0.0043498,0.0029436
-0.0035429,-0.0021351,0.0028417,-0.0035415,-0.0021341,0.0028578
-0.0032238,-0.0018848,0.0027875,-0.0032224,-0.0018838,0.0028045
-0.003894,-0.002092,0.0029591,-0.0038926,-0.0020911,0.0029748
-0.0019157,-0.0017012,0.0036837,-0.0019148,-0.0017002,0.0037061
-0.0023587,-0.0016643,0.0033427,-0.0023576,-0.0016633,0.0033634
-0.0023733,-0.0017108,0.0038271,-0.0023722,-0.0017098,0.0038494
-0.0027218,-0.0018478,0.0039467,-0.0027206,-0.0018469,0.0039687
-0.002649,-0.001769,0.0041844,-0.0026479,-0.0017681,0.0042075
-0.0033059,-0.0012051,0.0041774,-0.0033045,-0.0012045,0.0041999
-0.0030874,-0.0017708,0.0039661,-0.0030861,-0.0017699,0.0039877
0.0004624,-0.0024174,0.0031697,0.0004622,-0.002416,0.0031905
0.0009739,-0.00203,0.0030229,0.0009734,-0.0020286,0.0030437
0.0013,-0.0020504,0.0030921,0.0012994,-0.0020492,0.0031128
0.0009574,-0.0016232,0.0029638,0.0009569,-0.0016221,0.0029849
0.000225,-0.0016752,0.0033182,0.0002249,-0.0016741,0.0033407
0.0005872,-0.0027714,0.0032108,0.000587,-0.0027699,0.0032311
0.0008233,-0.003565,0.0039895,0.000823,-0.0035634,0.004011
0.0013301,-0.0035237,0.0039829,0.0013296,-0.0035221,0.0040041
0.0008408,-0.003289,0.0042069,0.0008405,-0.0032874,0.0042297
0.0003545,-0.0029694,0.0040425,0.0003544,-0.002968,0.0040653
0.0012511,-0.0034051,0.004133,0.0012506,-0.0034035,0.004155
0.0008518,-0.0032917,0.0045336,0.0008515,-0.0032901,0.0045575
0.0011285,-0.0028946,0.0041282,0.0011279,-0.0028931,0.0041511
0.0011935,-0.0033365,0.0044871,0.001193,-0.0033349,0.0045106
0.0010045,-0.0033145,0.0047217,0.0010041,-0.0033129,0.0047463
-0.0001091,-0.0029354,0.0040583,-0.000109,-0.0029339,0.0040813
0.0002635,-0.0023748,0.0040918,0.0002633,-0.0023736,0.0041157
0.0003459,-0.0028551,0.0043274,0.0003458,-0.0028536,0.0043514
-1.02e-05,-0.0028328,0.0043601,-1.01e-05,-0.0028313,0.0043843
0.0005071,-0.0033129,0.0044302,0.0005069,-0.0033113,0.0044539
1.9e-06,-0.0033064,0.0044839,1.9e-06,-0.0033049,0.0045078
0.0006825,-0.0028023,0.0054074,0.0006822,-0.0028007,0.0054352
0.0011382,-0.0028678,0.0054372,0.0011376,-0.0028662,0.0054649
0.0012807,-0.0023927,0.0053157,0.00128,-0.0023913,0.0053434
0.001685,-0.0024128,0.0053403,0.0016841,-0.0024114,0.0053678
0.0014826,-0.0023628,0.0056425,0.0014818,-0.0023614,0.0056714
0.0006168,-0.0023113,0.0053985,0.0006165,-0.0023099,0.0054269
0.0012432,-0.0019293,0.0053151,0.0012425,-0.0019282,0.0053433
0.0012694,-0.0028247,0.0057225,0.0012687,-0.0028229,0.0057513
0.0016524,-0.0027852,0.0056508,0.0016515,-0.0027835,0.0056792
0.000818,-0.002784,0.0056436,0.0008176,-0.0027824,0.0056723
0.0012133,-0.0020275,0.0055213,0.0012126,-0.0020263,0.0055501
0.0011729,-0.0028866,0.0059536,0.0011722,-0.0028848,0.0059834
0.0008861,-0.0024827,0.0054516,0.0008856,-0.0024813,0.0054799
0.000324,-0.0024556,0.005365,0.0003238,-0.0024542,0.0053931
0.0007644,-0.0018614,0.0053353,0.000764,-0.0018603,0.0053638
0.0007791,-0.0024225,0.0056713,0.0007787,-0.0024211,0.0057005
0.0007384,-0.0022558,0.0061991,0.0007379,-0.0022544,0.0062305
0.0003022,-0.0019482,0.005373,0.0003021,-0.0019471,0.0054017
0.0007577,-0.0020167,0.0055689,0.0007573,-0.0020154,0.0055981
0.0009159,-0.0023494,0.0059605,0.0009154,-0.002348,0.0059908
0.0003373,-0.002925,0.0056085,0.0003371,-0.0029233,0.005637
0.0007641,-0.0028048,0.0059354,0.0007637,-0.002803,0.0059653
0.0004916,-0.0042559,0.0029061,0.0004915,-0.0042541,0.002922
4.51e-05,-0.0041454,0.0028493,4.52e-05,-0.0041435,0.0028654
0.0006654,-0.0036947,0.0027765,0.0006651,-0.0036928,0.0027933
0.000617,-0.0017164,0.0026243,0.0006166,-0.001715,0.0026445
0.0008276,-0.0015851,0.0024957,0.000827,-0.0015838,0.0025156
0.0009322,-0.0017467,0.0027594,0.0009317,-0.0017455,0.0027798
0.0013706,-0.0016144,0.0027801,0.0013698,-0.0016132,0.0028003
0.0002818,-0.0013246,0.0027188,0.0002816,-0.0013236,0.0027398
0.000493,-0.0008422,0.0025933,0.0004927,-0.0008415,0.0026143
0.0004791,-0.0012309,0.0030268,0.0004789,-0.00123,0.0030487
2.67e-05,-0.0017874,0.0027747,2.68e-05,-0.0017861,0.0027954
0.0019503,-0.0026029,0.0111837,0.0019493,-0.0026018,0.0112369
0.0023398,-0.0026174,0.0112559,0.0023385,-0.0026162,0.0113093
0.0023267,-0.0027047,0.0109321,0.0023254,-0.0027034,0.0109841
0.0011094,-0.0020479,0.0100047,0.001109,-0.0020473,0.0100533
0.0014212,-0.001732,0.0098716,0.0014207,-0.0017314,0.0099195
0.0011033,-0.0017864,0.0098706,0.0011029,-0.0017858,0.0099187
0.0014367,-0.0014051,0.009761,0.0014362,-0.0014046,0.0098085
0.0013081,-0.001633,0.0095162,0.0013076,-0.0016324,0.0095627
0.0015777,-0.0021832,0.0096781,0.001577,-0.0021823,0.009725
0.0007784,-0.0016586,0.0098891,0.0007781,-0.0016582,0.0099373
0.0011273,-0.0014587,0.0098753,0.0011269,-0.0014584,0.0099234
0.0009842,-0.0018353,0.0096002,0.0009838,-0.0018346,0.009647
0.0016547,-0.0012833,0.0099601,0.0016542,-0.001283,0.0100086
0.002074,-0.0008442,0.0098564,0.0020732,-0.000844,0.0099045
0.0016571,-0.0009918,0.0097754,0.0016566,-0.0009916,0.0098231
0.0020846,-0.0013796,0.0101935,0.0020837,-0.0013791,0.0102428
0.0022542,-0.0015377,0.0094998,0.0022531,-0.001537,0.0095459
0.0017103,-0.0005739,0.009817,0.0017099,-0.0005738,0.009865
0.0017684,-0.0009291,0.0102737,0.001768,-0.000929,0.0103236
0.0019111,-0.0009199,0.0095214,0.0019104,-0.0009196,0.0095679
0.0017312,-0.0012669,0.0096499,0.0017305,-0.0012665,0.0096969
0.001611,-0.0014637,0.0094821,0.0016103,-0.0014631,0.0095284
0.0017142,-0.0013572,0.0092377,0.0017134,-0.0013567,0.0092828
0.0018257,-0.0021668,0.0093494,0.0018248,-0.0021657,0.0093948
0.0021453,-0.0022953,0.0092575,0.0021442,-0.0022941,0.0093022
0.0023192,-0.0019957,0.0094217,0.002318,-0.0019947,0.0094672
0.0020478,-0.0018487,0.009279,0.0020468,-0.0018478,0.0093241
0.0016849,-0.0018,0.0092343,0.0016841,-0.0017991,0.0092793
0.0018024,-0.0019449,0.0095423,0.0018015,-0.001944,0.0095887
0.001099,-0.0039373,0.0026093,0.0010987,-0.0039353,0.0026247
-0.0029272,0.0028901,0.0028486,-0.002926,0.0028892,0.0028648
0.0044897,-0.0013308,0.0026191,0.004488,-0.0013301,0.0026326
0.0016931,0.0037194,0.0027962,0.0016924,0.0037181,0.0028123
0.0016664,0.0041745,0.0029989,0.0016659,0.0041733,0.0030147
0.0013687,0.0027113,0.0037176,0.0013681,0.0027103,0.0037394
0.0013658,0.0031639,0.0036748,0.0013653,0.0031628,0.0036957
0.0017509,0.0030512,0.0039359,0.0017502,0.0030502,0.0039576
0.0016781,0.0027127,0.0039261,0.0016774,0.0027117,0.0039484
0.0016202,0.0027776,0.004183,0.0016195,0.0027765,0.0042061
0.0010701,0.0029723,0.0037726,0.0010696,0.0029712,0.0037944
0.0013146,0.0031774,0.0039429,0.0013141,0.0031762,0.0039648
0.0012885,0.0026488,0.0040963,0.0012879,0.0026477,0.0041195
0.0001201,0.0039903,0.0030983,0.0001201,0.003989,0.0031157
-0.0013022,0.0027351,0.0037851,-0.0013016,0.0027341,0.0038071
-0.0014797,0.0032173,0.0039333,-0.001479,0.0032162,0.003955
-0.0014779,0.0032425,0.0041913,-0.0014773,0.0032414,0.0042139
-0.0010956,0.0027378,0.0041082,-0.0010951,0.0027368,0.0041314
-0.0016471,0.0025328,0.0041754,-0.0016463,0.0025319,0.0041988
0.0036588,-0.0026642,0.0030378,0.0036575,-0.0026631,0.0030534
0.0035594,-0.0021105,0.002873,0.003558,-0.0021095,0.0028891
0.0016671,-0.0016044,0.0027659,0.0016662,-0.0016033,0.0027858
0.0012735,-0.0017263,0.0029717,0.0012728,-0.0017252,0.0029925
0.0027688,-0.0016233,0.0032995,0.0027676,-0.0016224,0.0033195
0.0025122,-0.0013045,0.0030524,0.0025109,-0.0013036,0.0030722
0.0025187,-0.0017372,0.0034359,0.0025176,-0.0017362,0.0034566
0.0019005,-0.0014262,0.0033017,0.0018995,-0.0014253,0.0033231
0.0021103,-0.0017413,0.0033101,0.0021093,-0.0017403,0.003331
0.0019139,-0.0016167,0.0037938,0.001913,-0.0016157,0.0038166
0.0031031,-0.0017683,0.0037317,0.0031018,-0.0017675,0.0037524
0.0035016,-0.001602,0.0040319,0.0035003,-0.0016012,0.0040533
0.0035077,-0.0015,0.004272,0.0035063,-0.0014992,0.0042943
0.0029947,-0.0011303,0.0041927,0.0029934,-0.0011296,0.0042158
0.0031926,-0.0020707,0.0040378,0.0031913,-0.0020698,0.0040592
0.0031369,-0.0016282,0.0041544,0.0031357,-0.0016273,0.0041768
0.0010888,0.0040928,0.0026768,0.0010884,0.0040913,0.0026921
0.000912,0.0037819,0.0026817,0.0009116,0.0037803,0.002698
0.0011973,0.0036621,0.0027905,0.0011968,0.0036607,0.0028073
0.0011369,0.0040649,0.0028839,0.0011365,0.0040635,0.0029001
-0.0045791,-7e-07,0.0030269,-0.0045775,-5e-07,0.0030424
-0.0041547,1.69e-05,0.0028875,-0.004153,1.71e-05,0.0029038
-0.0038128,-0.0015418,0.0026466,-0.0038111,-0.0015408,0.002662
-0.0043465,-0.001434,0.0030221,-0.004345,-0.0014333,0.0030375
-0.0037677,-0.0015356,0.0028542,-0.0037661,-0.0015347,0.0028705
0.0012455,-0.0024038,0.0031094,0.0012449,-0.0024024,0.0031297
0.0015968,-0.0025055,0.0031739,0.001596,-0.0025041,0.0031938
0.0016363,-0.0021802,0.0030783,0.0016355,-0.0021789,0.0030985
0.0017167,-0.0022531,0.0033417,0.0017159,-0.0022518,0.0033624
0.002038,-0.003191,0.0037636,0.0020373,-0.0031896,0.003784
0.0018244,-0.0037239,0.0040325,0.0018238,-0.0037223,0.0040532
0.0020865,-0.0022963,0.003702,0.0020856,-0.0022951,0.0037236
0.002787,-0.0025149,0.0038696,0.0027859,-0.0025138,0.0038905
0.003111,-0.002262,0.0038338,0.0031099,-0.002261,0.0038543
0.0025216,-0.002186,0.0037314,0.0025205,-0.0021849,0.0037526
0.0022509,-0.0020759,0.0038996,0.0022499,-0.0020748,0.0039219
0.0027054,-0.0028882,0.0039205,0.0027044,-0.0028871,0.0039411
0.0025078,-0.0026327,0.0041117,0.0025068,-0.0026315,0.0041337
0.0020721,-0.0025139,0.0039095,0.0020713,-0.0025126,0.0039314
0.0024608,-0.0030927,0.0040127,0.0024599,-0.0030914,0.0040336
0.0018213,-0.0016793,0.0034897,0.0018204,-0.0016782,0.0035116
0.0017453,-0.0022125,0.003864,0.0017445,-0.0022113,0.0038865
0.0018891,-0.0019166,0.0040282,0.0018883,-0.0019156,0.0040515
0.0022112,-0.0028187,0.0037785,0.0022104,-0.0028174,0.0037993
0.0020941,-0.0029683,0.0040603,0.0020932,-0.0029669,0.004082
0.0018847,-0.0025753,0.0041045,0.0018839,-0.002574,0.0041272
0.0017134,-0.0038247,0.0028589,0.0017128,-0.003823,0.0028748
0.0017194,-0.0034569,0.0027358,0.0017186,-0.0034551,0.0027523
0.0016008,-0.0038249,0.0030686,0.0016003,-0.0038233,0.0030854
0.0026476,-0.0034803,0.0029405,0.0026467,-0.0034788,0.0029562
0.0030351,-0.0032439,0.0029732,0.0030341,-0.0032425,0.0029888
-0.0043224,0.0013598,0.0029967,-0.0043209,0.0013595,0.0030123
-0.0037662,0.0013591,0.0028944,-0.0037646,0.0013587,0.0029111
-0.0005213,0.0015737,0.0025017,-0.0005209,0.0015728,0.0025218
-0.0010145,0.0015943,0.0028329,-0.0010139,0.0015935,0.0028538
-0.0013194,0.0013905,0.0027606,-0.0013186,0.0013898,0.0027811
-0.0013118,0.0008057,0.0025945,-0.0013109,0.0008053,0.002615
-0.0014955,0.0005274,0.0027626,-0.0014945,0.0005273,0.0027835
-0.0018554,0.00368,0.0030329,-0.0018547,0.0036788,0.0030499
0.0042645,0.0014098,0.003252,0.0042631,0.0014095,0.0032689
-0.0004104,-0.0041239,0.0031056,-0.0004102,-0.0041222,0.0031226
7.17e-05,-0.0041201,0.0030652,7.18e-05,-0.0041183,0.0030822
-0.0013729,0.0042822,0.0029883,-0.0013723,0.004281,0.0030039
-0.0008834,0.0040553,0.0028574,-0.0008829,0.0040539,0.0028736
-0.0013529,0.0041977,0.0031674,-0.0013524,0.0041964,0.0031841
-0.0008249,0.0040176,0.0030724,-0.0008245,0.0040163,0.0030896
0.0043578,-0.0014376,0.0027553,0.0043563,-0.0014369,0.0027697
-0.0011284,0.0009165,0.0105817,-0.0011284,0.0009164,0.0106331
-0.0004058,0.0011499,0.0104993,-0.0004058,0.0011499,0.0105504
-0.0011674,0.0005932,0.0107331,-0.0011675,0.0005932,0.0107852
-0.0012714,0.0008166,0.0102543,-0.0012714,0.0008164,0.0103043
-0.0017677,0.0010138,0.0099735,-0.0017672,0.0010134,0.0100222
-0.001204,0.0008036,0.0096622,-0.0012038,0.0008034,0.0097096
-0.0016696,0.0007795,0.0096368,-0.0016692,0.0007792,0.009684
-0.001606,0.0012993,0.0099859,-0.0016056,0.0012989,0.0100346
-0.0012643,0.0012668,0.0098214,-0.001264,0.0012663,0.0098695
-0.0021069,0.0013173,0.0096837,-0.002106,0.0013167,0.0097308
-0.0018479,0.0007182,0.0099894,-0.0018474,0.0007179,0.0100381
-0.0021474,0.0015114,0.0092731,-0.0021464,0.0015107,0.0093183
-0.0026597,0.0006612,0.0093456,-0.0026585,0.0006609,0.0093911
-0.0030024,0.000752,0.0095111,-0.0030009,0.0007516,0.0095571
-0.0009384,0.0004881,0.0075171,-0.0009377,0.0004879,0.0075548
-0.0007368,0.0005218,0.0076717,-0.0007363,0.0005216,0.0077101
-0.0004806,0.0005347,0.0074508,-0.0004803,0.0005344,0.0074883
-0.0002524,0.0005437,0.007649,-0.0002523,0.0005434,0.0076874
-0.0004259,0.0009651,0.0076159,-0.0004256,0.0009645,0.007654
-2.24e-05,0.0009036,0.0074902,-2.24e-05,0.000903,0.0075278
-1.55e-05,0.0013699,0.0077573,-1.55e-05,0.0013691,0.007796
-2.44e-05,0.0004192,0.007467,-2.44e-05,0.000419,0.0075047
-0.0008672,0.0009139,0.0075957,-0.0008666,0.0009134,0.0076337
-0.0003674,0.0013643,0.0076165,-0.0003672,0.0013635,0.0076545
-0.0004416,0.0010541,0.0079387,-0.0004413,0.0010536,0.0079783
-0.0004986,0.000545,0.0078403,-0.0004982,0.0005447,0.0078795
1.64e-05,0.0005343,0.0078636,1.64e-05,0.0005341,0.0079029
0.0003529,0.0006038,0.0079012,0.0003527,0.0006035,0.0079407
-0.0009177,0.0005027,0.0078975,-0.0009171,0.0005025,0.0079369
-0.0013858,0.0005198,0.0078541,-0.0013849,0.0005195,0.0078932
-0.000136,0.0002512,0.0066387,-0.0001358,0.0002511,0.0066728
-0.0004069,0.0002305,0.0078652,-0.0004066,0.0002304,0.0079045
-0.0004738,-0.0002239,0.0077231,-0.0004735,-0.0002238,0.0077617
-0.0001428,-0.0005472,0.0067573,-0.0001427,-0.0005467,0.0067919
0.0007243,-0.0004515,0.0068669,0.0007238,-0.000451,0.0069018
-0.0004781,0.0006674,0.0081728,-0.0004779,0.0006671,0.0082135
-0.0010591,0.0012715,0.0076924,-0.0010584,0.0012707,0.0077307
-0.0009233,0.000966,0.0082354,-0.0009227,0.0009655,0.0082762
-0.0008111,0.0007604,0.0078274,-0.0008106,0.0007599,0.0078665
-0.0008757,-0.0001455,0.0078614,-0.0008752,-0.0001454,0.0079006
-0.0009214,0.0005126,0.0083232,-0.0009209,0.0005124,0.0083646
-0.0025821,0.0004176,0.0065044,-0.0025806,0.0004174,0.0065368
-0.0022311,0.0004639,0.0064579,-0.0022296,0.0004637,0.0064904
-0.0019008,0.0003997,0.0064859,-0.0018997,0.0003996,0.0065188
-0.001765,0.0008005,0.0064592,-0.0017639,0.0008001,0.0064921
-0.0015591,0.0008069,0.0068087,-0.0015581,0.0008065,0.006843
-0.0016641,2.84e-05,0.0064095,-0.0016632,2.85e-05,0.0064422
-0.0017559,0.0002928,0.0067684,-0.0017548,0.0002928,0.0068026
-0.0025484,0.0005511,0.0067439,-0.0025468,0.0005508,0.0067773
-0.0026277,0.0008445,0.0064758,-0.002626,0.0008441,0.006508
-0.0019514,0.0011291,0.0064956,-0.0019502,0.0011285,0.0065283
-0.0022337,0.0018886,0.0065152,-0.0022323,0.0018874,0.0065475
-0.0022716,0.0009875,0.0068109,-0.0022701,0.0009869,0.0068448
-0.0021687,0.0005022,0.0067572,-0.0021673,0.0005021,0.006791
-0.0023478,6.53e-05,0.0067158,-0.0023464,6.53e-05,0.0067493
-0.0021455,0.000629,0.0071042,-0.0021441,0.0006287,0.0071395
-0.0027634,0.001279,0.0065247,-0.0027616,0.0012783,0.0065569
-0.0026443,0.0009879,0.006785,-0.0026426,0.0009874,0.0068186
-0.0025853,0.0014267,0.0067599,-0.0025836,0.0014259,0.0067932
-0.0026574,0.0009861,0.0071205,-0.0026556,0.0009855,0.0071555
-0.002727,3.62e-05,0.0067421,-0.0027253,3.62e-05,0.0067755
-0.0026407,0.0005889,0.0070664,-0.0026389,0.0005885,0.0071012
-0.0024232,0.0005026,0.0073119,-0.0024216,0.0005024,0.007348
-0.0032019,0.0005318,0.0085468,-0.0032,0.0005315,0.008588
-0.0027274,0.0004893,0.0086959,-0.0027259,0.000489,0.0087383
-0.0032284,0.0009203,0.0086745,-0.0032265,0.0009198,0.0087162
-0.0032038,-7.88e-05,0.0089438,-0.0032021,-7.88e-05,0.0089869
-0.002754,8.75e-05,0.0088975,-0.0027526,8.74e-05,0.0089408
-0.0034867,-9.94e-05,0.0087376,-0.0034846,-9.94e-05,0.0087795
-0.0015983,-0.0010118,0.0099114,-0.0015979,-0.0010116,0.0099597
-0.0012004,-0.0008911,0.0097943,-0.0012002,-0.000891,0.0098421
-0.0014604,-0.0006024,0.0097647,-0.0014601,-0.0006023,0.0098124
-0.0012465,-0.0015277,0.0101326,-0.0012463,-0.0015274,0.0101819
-0.0018331,-0.0012639,0.0098009,-0.0018325,-0.0012635,0.0098486
-0.002029,-0.001457,0.0095567,-0.0020282,-0.0014564,0.0096032
-0.0018359,-0.0013695,0.0092033,-0.0018351,-0.0013689,0.0092483
-0.0026636,-0.001449,0.0093549,-0.0026624,-0.0014484,0.0094001
-0.0027183,-0.0010892,0.0092232,-0.002717,-0.0010888,0.009268
0.0024711,0.0037021,0.0032425,0.0024704,0.003701,0.0032594
0.0029835,0.0027967,0.0030876,0.0029824,0.0027959,0.0031048
0.0034872,0.0027826,0.0031868,0.003486,0.002782,0.0032034
0.0034003,0.0023351,0.0032676,0.0033991,0.0023345,0.0032855
-0.0041523,0.0018482,0.0032144,-0.004151,0.0018477,0.0032308
-0.0037363,0.0018381,0.0030897,-0.0037349,0.0018376,0.0031066
0.002367,0.0021992,0.0108539,0.0023658,0.0021979,0.0109059
0.0027591,0.0022278,0.0109084,0.0027576,0.0022265,0.0109605
0.0004057,0.0021383,0.003004,0.0004056,0.0021373,0.0030249
0.0004414,0.0024354,0.0032684,0.0004413,0.0024344,0.0032896
0.0003971,0.0018525,0.003724,0.000397,0.0018517,0.0037475
0.0003817,0.003047,0.0038889,0.0003816,0.0030459,0.0039113
0.0007644,0.0025839,0.0040361,0.0007641,0.0025829,0.0040595
0.0012939,0.0036035,0.0042489,0.0012934,0.0036022,0.0042713
0.0007722,0.0034878,0.0044663,0.0007719,0.0034864,0.00449
0.0003358,0.0034116,0.0043614,0.0003357,0.0034103,0.0043849
0.0008421,0.0033975,0.0046475,0.0008418,0.0033961,0.004672
0.0003768,0.0034027,0.0046348,0.0003767,0.0034013,0.0046593
0.0008531,0.0001512,0.0113778,0.0008533,0.0001511,0.0114329
0.0014019,0.0001581,0.0115899,0.0014019,0.0001579,0.0116457
0.0006508,0.0004518,0.0113559,0.0006509,0.0004518,0.0114109
0.0005697,0.0001592,0.0112819,0.0005698,0.0001591,0.0113366
0.0006867,3.08e-05,0.011634,0.0006868,3.07e-05,0.0116902
0.0009902,0.0001759,0.010493,0.0009903,0.0001758,0.010544
0.0013374,0.0001557,0.0106283,0.0013374,0.0001555,0.0106799
0.0014309,0.00034,0.0109293,0.001431,0.0003399,0.0109821
0.0014094,-2.92e-05,0.0109885,0.0014095,-2.93e-05,0.0110417
0.0010095,-1.11e-05,0.0108482,0.0010097,-1.12e-05,0.0109008
0.0007133,-1.62e-05,0.010988,0.0007134,-1.63e-05,0.0110413
0.0017293,-0.0001006,0.0098033,0.0017288,-0.0001006,0.0098512
0.0023252,0.0002297,0.009908,0.0023243,0.0002295,0.0099562
0.002209,0.0005751,0.009884,0.0022082,0.0005748,0.0099322
0.0016115,0.0005169,0.0097182,0.001611,0.0005167,0.0097658
0.0020426,0.0008808,0.0099504,0.0020419,0.0008804,0.0099989
0.0017271,-0.000111,0.0102064,0.0017268,-0.0001111,0.0102561
0.0021,-0.000112,0.0103238,0.0020994,-0.0001121,0.0103739
0.0018711,0.0003802,0.0099141,0.0018705,0.00038,0.0099625
0.0017582,0.0010887,0.0099309,0.0017576,0.0010884,0.0099793
0.0017454,0.0001551,0.0104165,0.0017452,0.0001549,0.0104671
0.0026982,0.0003021,0.0094234,0.0026968,0.0003019,0.0094692
0.0030229,0.0001701,0.0092605,0.0030212,0.00017,0.0093054
0.0027242,-4.45e-05,0.0092191,0.0027228,-4.45e-05,0.0092639
0.0024961,-0.0003332,0.0092228,0.0024949,-0.0003331,0.0092678
-0.0011336,-0.0034809,0.0109043,-0.0011331,-0.0034791,0.010956
-0.0010567,-0.0031762,0.0109759,-0.0010563,-0.0031747,0.0110282
-0.00078,-0.0016674,0.0098182,-0.0007799,-0.001667,0.009866
-0.0004993,-0.0016395,0.0099251,-0.0004993,-0.0016392,0.0099735
-0.0007011,-0.0013646,0.0098508,-0.000701,-0.0013644,0.0098989
-0.0009077,-0.0017704,0.0095931,-0.0009074,-0.0017699,0.00964
-0.0012118,-0.0018227,0.0096505,-0.0012114,-0.0018221,0.0096976
-0.0010754,-0.0023576,0.0100263,-0.001075,-0.0023568,0.0100749
-0.0010067,-0.003211,0.0092913,-0.0010061,-0.0032093,0.0093358
-0.000509,-0.0030774,0.009704,-0.0005088,-0.003076,0.0097506
-0.0011632,-0.0019613,0.0093271,-0.0011628,-0.0019605,0.0093726
-0.0010894,-0.0011168,0.0075441,-0.0010887,-0.0011161,0.0075816
-0.0006776,-0.0011076,0.0075686,-0.0006772,-0.0011069,0.0076063
-0.0002729,-0.0011396,0.0075148,-0.0002726,-0.0011388,0.0075524
-0.0005137,-0.0007263,0.0074688,-0.0005133,-0.0007258,0.0075063
-0.0001151,-0.0006834,0.0073709,-0.000115,-0.0006829,0.007408
-0.0008871,-0.0008103,0.0075699,-0.0008865,-0.0008097,0.0076077
-0.0012842,-0.0007292,0.0075604,-0.0012835,-0.0007287,0.0075981
-0.0005782,-0.0002037,0.0074466,-0.0005778,-0.0002035,0.0074841
-0.0004834,-0.0011056,0.0078521,-0.0004832,-0.0011049,0.0078913
-8.05e-05,-0.0010867,0.0077562,-8.04e-05,-0.001086,0.0077949
-0.0008916,-0.0011476,0.007843,-0.000891,-0.001147,0.0078819
-0.0004619,-0.0009993,0.0082887,-0.0004616,-0.0009988,0.0083299
-0.0006463,-0.0004823,0.007697,-0.0006458,-0.000482,0.0077356
-0.0008536,-0.0007641,0.0081741,-0.000853,-0.0007636,0.0082148
-0.0008586,-0.0010071,0.0084228,-0.0008581,-0.0010066,0.0084646
-0.0007656,-0.0026708,0.0064635,-0.0007651,-0.002669,0.0064955
-0.0003301,-0.0025181,0.0065431,-0.0003299,-0.0025165,0.0065757
-0.0004964,-0.0022996,0.0063957,-0.000496,-0.0022981,0.0064278
-0.0001187,-0.00232,0.0064091,-0.0001186,-0.0023184,0.0064413
9.2e-06,-0.0023168,0.0066408,9.2e-06,-0.0023152,0.006674
-0.0009343,-0.0022602,0.0067469,-0.0009337,-0.0022587,0.0067804
-0.0005947,-0.0019732,0.0064069,-0.0005943,-0.0019719,0.0064393
-0.0005197,-0.0012786,0.0064032,-0.0005194,-0.0012777,0.006436
-0.000537,-0.0026553,0.0067061,-0.0005367,-0.0026535,0.0067392
-0.0001206,-0.002717,0.0067229,-0.0001205,-0.0027151,0.006756
-0.0009388,-0.0026466,0.0067899,-0.0009382,-0.0026447,0.0068233
-0.0004781,-0.0019514,0.0067092,-0.0004778,-0.0019502,0.0067428
-0.0004932,-0.0025519,0.0070139,-0.0004929,-0.0025502,0.0070484
-0.0009665,-0.0019324,0.0065429,-0.0009659,-0.0019312,0.0065757
-0.0007982,-0.0019798,0.0068355,-0.0007977,-0.0019785,0.0068697
-0.0007892,-0.0023066,0.0069959,-0.0007887,-0.002305,0.0070305
-0.0008256,-0.0024584,0.0066425,-0.000825,-0.0024567,0.0066754
-0.0008484,-0.0025988,0.007148,-0.0008478,-0.002597,0.007183
0.0033336,-0.000452,0.0114677,0.0033318,-0.0004519,0.0115221
0.0031232,-0.0010964,0.0108569,0.0031216,-0.001096,0.0109087
0.0034397,-0.0011526,0.0109412,0.0034378,-0.0011521,0.0109932
0.0012648,-0.0005258,0.0105332,0.0012648,-0.0005259,0.0105843
0.0014327,-0.0001943,0.0103711,0.0014326,-0.0001944,0.0104215
0.0016589,-0.000447,0.0101391,0.0016586,-0.000447,0.0101885
0.0019766,-0.0002586,0.0097741,0.0019759,-0.0002586,0.0098219
0.0016158,-0.0002772,0.009952,0.0016155,-0.0002772,0.0100006
0.0016019,-0.0002408,0.0096242,0.0016015,-0.0002407,0.0096713
0.0016745,-0.0006585,0.0094685,0.0016739,-0.0006583,0.0095149
0.0026964,-0.0005882,0.0093019,0.0026951,-0.0005879,0.0093471
0.0029505,-0.0002916,0.0092503,0.0029489,-0.0002915,0.0092951
0.0005346,0.0032866,0.0109633,0.0005343,0.0032848,0.0110157
0.0004707,0.0035929,0.0108018,0.0004704,0.0035908,0.0108534
0.0001888,0.0015825,0.0099128,0.0001887,0.0015821,0.0099612
0.0006243,0.0015145,0.0098841,0.0006241,0.0015141,0.0099324
0.0007017,0.0018291,0.0100568,0.0007014,0.0018285,0.0101059
0.0010395,0.0020044,0.0099986,0.0010391,0.0020036,0.0100473
0.0003247,0.0019309,0.0099688,0.0003246,0.0019302,0.0100175
0.0007203,0.0014265,0.0101963,0.0007202,0.0014262,0.0102461
0.0004099,0.0015408,0.010423,0.0004099,0.0015406,0.0104737
-1.9e-05,0.0019691,0.0098731,-1.9e-05,0.0019685,0.0099213
0.0002873,0.0031249,0.0084335,0.0002871,0.0031228,0.0084744
0.0004199,0.0033745,0.0086968,0.0004196,0.0033724,0.0087388
0.0007311,0.0030243,0.0084517,0.0007306,0.0030224,0.0084926
0.0005963,0.0030651,0.0087231,0.000596,0.0030632,0.0087654
0.0007653,0.0030605,0.0089899,0.0007649,0.0030587,0.0090335
0.0002811,0.0030332,0.0089517,0.0002809,0.0030314,0.0089951
-0.000163,0.0030226,0.0090212,-0.000163,0.0030209,0.009065
-0.0017064,-0.0017573,0.00911,-0.0017056,-0.0017565,0.0091544
-0.0013312,-0.0017646,0.009116,-0.0013307,-0.0017639,0.0091606
-0.0014586,-0.0014786,0.0092317,-0.0014581,-0.001478,0.0092768
-0.0019468,-0.0019628,0.0091302,-0.0019458,-0.0019618,0.0091745
-0.0018556,-0.0023608,0.0094182,-0.0018547,-0.0023597,0.0094637
-0.0024676,-0.0022118,0.008612,-0.0024662,-0.0022105,0.0086534
-0.0023163,-0.0018946,0.0084624,-0.002315,-0.0018935,0.0085033
-0.0031181,-0.0018849,0.0087408,-0.0031162,-0.0018837,0.0087825
-0.0024654,-0.0014199,0.0086237,-0.0024641,-0.0014192,0.0086656
-0.002524,-0.0017853,0.0089906,-0.0025227,-0.0017844,0.0090339
-0.0027129,-0.0017754,0.0086245,-0.0027113,-0.0017743,0.0086661
-0.0029447,-0.0014689,0.008655,-0.002943,-0.0014679,0.0086966
-0.0027009,-0.002368,0.0088175,-0.0026993,-0.0023666,0.0088595
-0.0025249,-0.0021164,0.0080424,-0.0025232,-0.002115,0.008081
-0.0024103,-0.0018496,0.0079017,-0.0024088,-0.0018484,0.0079399
-0.0021091,-0.0020526,0.0079686,-0.0021078,-0.0020513,0.0080073
-0.0023684,-0.0015739,0.0083305,-0.0023671,-0.001573,0.0083709
-0.0021519,-0.002272,0.0083699,-0.0021506,-0.0022707,0.0084103
-0.0027648,-0.0024652,0.0081627,-0.002763,-0.0024636,0.0082015
-0.00269,-0.0014082,0.0064897,-0.0026883,-0.0014072,0.0065217
-0.0024662,-0.001097,0.0065148,-0.0024647,-0.0010962,0.0065471
-0.0022246,-0.0013054,0.0063882,-0.0022233,-0.0013045,0.0064201
-0.0019042,-0.0011348,0.0064695,-0.0019031,-0.001134,0.0065021
-0.0015944,-0.0012659,0.0063373,-0.0015935,-0.0012651,0.0063695
-0.0016464,-0.0008068,0.0063132,-0.0016454,-0.0008062,0.0063454
-0.0016657,-0.0010701,0.0066664,-0.0016646,-0.0010693,0.0066999
-0.0018254,-0.000724,0.0069608,-0.0018242,-0.0007235,0.0069955
-0.0021184,-0.0007685,0.0064255,-0.0021171,-0.000768,0.0064579
-0.0024933,-0.0006236,0.0065063,-0.0024918,-0.0006231,0.0065388
-0.0022577,-0.0002896,0.0065093,-0.0022563,-0.0002894,0.0065421
-0.0022489,-0.0011565,0.0069498,-0.0022474,-0.0011557,0.0069842
-0.0025904,-0.000743,0.006745,-0.0025888,-0.0007424,0.0067783
-0.0014716,-0.0007202,0.0066438,-0.0014707,-0.0007197,0.0066775
-0.0025795,-0.0003025,0.0066834,-0.0025779,-0.0003023,0.0067165
-0.0025075,-0.0006006,0.007053,-0.0025059,-0.0006001,0.0070878
-0.0025513,-0.0011261,0.0067369,-0.0025497,-0.0011253,0.00677
-0.0024292,-0.0015527,0.0066545,-0.0024277,-0.0015517,0.0066872
-0.0025733,-0.001059,0.0071065,-0.0025716,-0.0010583,0.0071414
-0.0018154,-0.0030894,0.0109098,-0.0018145,-0.0030879,0.0109617
0.0005129,0.0044272,0.0032107,0.0005127,0.004426,0.0032275
0.0025409,-0.0036969,0.0032182,0.0025401,-0.0036954,0.0032347
0.0021611,0.0012138,0.0098998,0.0021602,0.0012132,0.0099479
0.0021165,0.0012458,0.0095069,0.0021155,0.0012452,0.0095533
0.0015247,0.0012328,0.0101335,0.0015242,0.0012325,0.0101829
0.0017985,0.0012629,0.0096426,0.0017978,0.0012624,0.0096898
0.0018365,0.0006955,0.0100136,0.001836,0.0006952,0.0100625
0.0017048,0.0008874,0.0096719,0.0017042,0.0008871,0.0097192
0.0034275,0.0011561,0.0109566,0.0034255,0.0011553,0.0110088
0.0033139,-0.0029618,0.0032055,0.0033128,-0.0029606,0.0032221
0.0034824,-0.0019902,0.0030389,0.003481,-0.0019892,0.003056
0.0005702,-0.0012898,0.0106669,0.0005701,-0.0012899,0.0107186
0.0002481,-0.0008896,0.0109025,0.0002481,-0.0008899,0.0109553
-0.0001992,-0.0009697,0.0109961,-0.0001993,-0.00097,0.0110493
0.000434,-0.0012644,0.0104298,0.0004339,-0.0012645,0.0104804
0.0002028,-0.0017157,0.0097571,0.0002027,-0.0017154,0.0098047
0.0008388,-0.0012359,0.0098946,0.0008386,-0.0012357,0.0099429
0.0006581,-0.0017387,0.0094922,0.0006578,-0.0017381,0.0095386
-0.0001402,-0.0017241,0.0098496,-0.0001402,-0.0017237,0.0098977
0.0004487,-0.0014441,0.0099288,0.0004485,-0.0014439,0.0099772
0.0003202,-0.001477,0.0094575,0.0003201,-0.0014765,0.0095038
0.0002866,-0.0014198,0.0102615,0.0002866,-0.0014198,0.0103114
0.0004106,-0.0023435,0.010028,0.0004105,-0.0023428,0.0100766
0.0003801,-0.0020152,0.0095431,0.0003799,-0.0020145,0.0095897
0.0002663,-0.0029486,0.0092682,0.0002661,-0.002947,0.009313
0.0004918,-0.00281,0.0095644,0.0004916,-0.0028087,0.0096107
0.0006932,-0.0028963,0.0092771,0.0006928,-0.0028949,0.009322
-6.01e-05,-0.0029845,0.009625,-6.01e-05,-0.0029832,0.0096715
0.0010638,-0.0044825,0.002996,0.0010635,-0.0044808,0.0030112
0.0011535,-0.0039834,0.0028397,0.0011532,-0.0039816,0.0028557
-0.0041084,-9.62e-05,0.0032641,-0.0041068,-9.59e-05,0.0032819
-0.0022619,0.0003288,0.0030648,-0.0022607,0.0003289,0.0030857
-0.0015976,0.0002166,0.0030567,-0.0015967,0.0002167,0.0030784
-0.0015192,0.0005287,0.0029848,-0.0015183,0.0005286,0.0030064
-0.0017586,7.16e-05,0.0034199,-0.0017576,7.18e-05,0.0034427
-0.0023461,0.0001324,0.0038381,-0.0023449,0.0001324,0.0038613
-0.0025639,0.0001316,0.0040915,-0.0025626,0.0001317,0.0041153
-0.0033861,0.0004642,0.0043197,-0.0033847,0.0004642,0.004343
-0.0030048,-7.27e-05,0.0037624,-0.0030035,-7.25e-05,0.0037844
-0.0030595,0.0003,0.0041784,-0.0030582,0.0003001,0.0042017
-0.0040664,0.0003934,0.0043032,-0.0040648,0.0003934,0.0043252
-0.0036982,0.0003872,0.004214,-0.0036967,0.0003872,0.0042363
-0.003604,0.0001347,0.0044216,-0.0036024,0.0001349,0.0044449
-0.003654,0.0006803,0.0044625,-0.0036523,0.0006801,0.0044858
-0.0032263,0.0001084,0.0044228,-0.0032249,0.0001085,0.0044467
-0.0034258,-4.5e-06,0.0046402,-0.0034242,-4.3e-06,0.0046645
-0.0039295,-6.8e-06,0.0043599,-0.0039278,-6.7e-06,0.0043824
-0.001809,0.0032321,0.0027063,-0.0018081,0.0032308,0.0027231
-0.0013888,0.0032406,0.0026646,-0.001388,0.0032392,0.0026817
-0.0041654,-0.0018995,0.0032059,-0.004164,-0.0018987,0.0032222
-0.0038033,-0.0020907,0.0031656,-0.003802,-0.0020898,0.0031823
-0.0011825,0.0016991,0.0097495,-0.0011821,0.0016984,0.0097972
-0.0008724,0.0015068,0.0097825,-0.0008722,0.0015063,0.0098304
-0.0005084,0.0015421,0.0099037,-0.0005082,0.0015417,0.0099521
-0.0008736,0.0019556,0.0099365,-0.0008734,0.0019549,0.009985
-0.0004265,0.0018734,0.0099342,-0.0004264,0.0018728,0.0099827
-0.0011532,0.0021264,0.0095586,-0.0011527,0.0021254,0.0096052
-0.001246,0.0023556,0.0092026,-0.0012454,0.0023545,0.0092474
-0.0012911,0.0027283,0.0093422,-0.0012904,0.0027268,0.0093875
-0.0009395,0.0031365,0.0092994,-0.000939,0.0031346,0.0093443
-0.0014066,0.0023813,0.0094796,-0.0014059,0.0023801,0.0095258
-0.0011546,0.0024985,0.0095626,-0.001154,0.0024974,0.0096091
-0.0004777,0.0024527,0.0096264,-0.0004775,0.0024516,0.0096733
5.59e-05,-0.0032494,0.0111513,5.58e-05,-0.003248,0.0112043
0.0004803,-0.003338,0.0111782,0.00048,-0.0033364,0.0112313
-0.0032981,0.0014618,0.0106405,-0.0032964,0.0014609,0.0106913
0.0026967,-0.0023654,0.0109612,0.0026952,-0.0023643,0.0110133
0.0029327,-0.0020295,0.0107834,0.0029311,-0.0020285,0.0108347
0.0027595,-0.0015311,0.0108765,0.0027581,-0.0015305,0.0109285
-0.0032046,-0.0015786,0.0109489,-0.0032029,-0.0015779,0.0110009
-0.0004081,-0.0019282,0.0099003,-0.000408,-0.0019277,0.0099486
-0.0001718,-0.0020271,0.0098824,-0.0001717,-0.0020266,0.0099305
-4.7e-06,-0.0021159,0.0096311,-4.7e-06,-0.0021152,0.0096781
6.35e-05,-0.0014997,0.0099716,6.35e-05,-0.0014995,0.0100202
-8.88e-05,-0.0014538,0.0096015,-8.88e-05,-0.0014535,0.0096485
-0.0005088,-0.0017125,0.009592,-0.0005087,-0.001712,0.0096389
-0.0002923,-0.0023064,0.0099363,-0.0002923,-0.0023057,0.0099845
-0.0001328,-0.0029805,0.0092266,-0.0001328,-0.002979,0.0092712
-0.0003721,-0.0028763,0.0095026,-0.0003719,-0.002875,0.0095485
-3.78e-05,-0.0014045,0.0109314,-3.78e-05,-0.0014047,0.0109843
-0.00046,-0.000657,0.0108525,-0.0004601,-0.0006573,0.010905
0.0043585,0.0009166,0.0032505,0.004357,0.0009164,0.0032675
0.0034673,0.0006581,0.0109184,0.0034654,0.0006576,0.0109704
0.0038799,-0.0020631,0.0032209,0.0038786,-0.0020622,0.0032376
0.0041932,-0.0018908,0.0032452,0.0041917,-0.00189,0.0032616
-0.0029006,0.003391,0.0033529,-0.0028996,0.0033901,0.0033702
-0.0023683,0.003235,0.0032637,-0.0023673,0.003234,0.0032817
-0.0027836,0.0032731,0.0034569,-0.0027827,0.0032722,0.003475
-0.0021921,0.0019969,0.00374,-0.0021911,0.0019962,0.003762
-0.0014571,0.0020345,0.0035024,-0.0014563,0.0020337,0.0035243
-0.0019234,0.0019744,0.0038782,-0.0019225,0.0019736,0.0039009
-0.0020468,0.0022744,0.0038781,-0.002046,0.0022736,0.0039004
-0.0014561,0.0017727,0.0037484,-0.0014553,0.001772,0.0037715
-0.0020269,0.0018798,0.0040716,-0.0020259,0.0018791,0.004095
-0.0024498,0.0024555,0.0039222,-0.0024488,0.0024547,0.0039439
-0.0024279,0.0018665,0.0041626,-0.0024268,0.0018659,0.0041859
-0.0022502,0.0027258,0.0042983,-0.0022493,0.0027249,0.0043213
-0.001941,0.0026385,0.0044046,-0.0019401,0.0026375,0.0044284
-0.0019956,0.0032254,0.0042328,-0.0019948,0.0032243,0.0042552
-0.0019894,0.0032257,0.0045056,-0.0019885,0.0032246,0.004529
-0.0015468,0.0025848,0.0044098,-0.0015461,0.0025839,0.004434
-0.0022679,0.0028591,0.0045997,-0.0022669,0.002858,0.0046237
-0.0018697,0.0025187,0.0046199,-0.0018688,0.0025177,0.0046448
-0.0021754,-0.0008087,0.0035165,-0.0021743,-0.0008081,0.0035388
-0.0017741,-0.0003058,0.0035228,-0.0017732,-0.0003055,0.0035458
-0.0021385,-0.0006244,0.0037915,-0.0021375,-0.0006239,0.0038148
-0.0013456,-0.0007846,0.0036594,-0.0013449,-0.0007841,0.003683
-0.0015988,-0.0007958,0.0039906,-0.001598,-0.0007952,0.004015
-0.0023636,-0.0002534,0.0039525,-0.0023625,-0.0002532,0.003976
-0.002783,-0.0007584,0.0041708,-0.0027817,-0.0007579,0.0041943
-0.0027358,-0.0002952,0.0041031,-0.0027346,-0.000295,0.0041266
-0.0027092,-0.000109,0.0043712,-0.0027079,-0.0001088,0.0043957
-0.0032001,-0.0003063,0.0045312,-0.0031987,-0.0003061,0.0045555
-0.0032752,-0.0011246,0.0044083,-0.0032738,-0.0011239,0.0044317
-0.0033313,-0.0008626,0.0046307,-0.0033298,-0.000862,0.004655
-0.003648,-0.0002898,0.0047029,-0.0036464,-0.0002896,0.0047271
-0.0037304,-0.0011164,0.0047571,-0.0037287,-0.0011157,0.0047813
-0.0036217,-0.0003001,0.0049704,-0.00362,-0.0002998,0.0049958
-0.0032353,-0.0009632,0.0049007,-0.0032337,-0.0009626,0.0049261
-0.0009094,-0.0011562,0.0052549,-0.0009089,-0.0011555,0.0052837
-0.0003807,-0.0011175,0.0052492,-0.0003805,-0.0011167,0.0052782
-0.0005476,-0.0006922,0.0052377,-0.0005473,-0.0006917,0.0052668
-0.0001897,-0.0008162,0.0053598,-0.0001896,-0.0008157,0.0053893
0.0001543,-0.0007868,0.0055222,0.0001542,-0.0007863,0.0055522
-0.0009273,-0.0006642,0.0052876,-0.0009268,-0.0006637,0.0053167
-0.0008838,-0.0006894,0.0055846,-0.0008833,-0.0006889,0.0056147
-0.0006734,-0.0002477,0.005202,-0.000673,-0.0002474,0.005231
-0.000451,-0.0006705,0.0055349,-0.0004508,-0.0006701,0.0055649
-0.0005011,-0.0011821,0.0055206,-0.0005008,-0.0011813,0.0055504
-2.4e-05,-0.0011477,0.0055074,-2.4e-05,-0.001147,0.0055372
0.0003909,-0.0012108,0.0055061,0.0003907,-0.00121,0.0055358
-0.000945,-0.0011633,0.0055612,-0.0009444,-0.0011625,0.005591
-0.0004801,-0.0011896,0.0058386,-0.0004798,-0.0011889,0.0058695
-0.0007332,-0.0004611,0.0054501,-0.0007328,-0.0004607,0.0054799
-0.0010521,-0.0001761,0.0055914,-0.0010515,-0.0001759,0.0056216
-0.0009443,-0.0006629,0.0057939,-0.0009437,-0.0006624,0.0058247
-0.0008484,-0.0015182,0.0055527,-0.0008479,-0.0015173,0.0055823
-0.0007077,-0.0009619,0.0057533,-0.0007073,-0.0009612,0.0057839
-0.0044193,0.0008553,0.0034541,-0.0044177,0.0008552,0.0034717
-0.0040779,0.0008579,0.0033143,-0.0040764,0.0008577,0.0033321
-0.0023405,0.001372,0.0036719,-0.0023394,0.0013715,0.003694
-0.0019786,0.0012638,0.0035933,-0.0019777,0.0012634,0.0036157
-0.0019583,0.00157,0.0038256,-0.0019574,0.0015694,0.0038485
-0.0014074,0.0010011,0.0036995,-0.0014066,0.0010007,0.0037231
-0.0018796,0.0010174,0.0040426,-0.0018787,0.001017,0.0040668
-0.0024086,0.0014991,0.0038746,-0.0024075,0.0014986,0.0038972
-0.0021634,0.0009818,0.0036768,-0.0021624,0.0009815,0.0036996
-0.0023382,0.0010742,0.004109,-0.0023371,0.0010738,0.0041328
-0.0027766,-0.0036164,0.0030138,-0.0027755,-0.0036151,0.0030292
-0.0032358,-0.0031535,0.0032632,-0.0032347,-0.0031524,0.0032798
-0.0027941,-0.0034633,0.0032027,-0.0027931,-0.003462,0.0032193
-0.0036836,-0.0026639,0.0033971,-0.0036823,-0.0026629,0.0034142
-0.0033146,-0.0027386,0.0033819,-0.0033134,-0.0027375,0.0033996
-0.0019667,-0.0020534,0.0035932,-0.0019657,-0.0020524,0.0036148
-0.0019033,-0.0019516,0.003926,-0.0019023,-0.0019506,0.0039489
-0.0018402,-0.0022957,0.0040983,-0.0018393,-0.0022946,0.0041214
-0.0024758,-0.0021568,0.0039879,-0.0024748,-0.0021558,0.0040101
-0.0022438,-0.0022511,0.004187,-0.0022428,-0.00225,0.0042101
-0.0023515,-0.0030579,0.0037993,-0.0023505,-0.0030566,0.0038196
-0.0023074,-0.0029791,0.0040111,-0.0023063,-0.0029778,0.0040325
-0.0031683,-0.0023949,0.004306,-0.003167,-0.0023939,0.0043281
-0.0028286,-0.0024706,0.0042919,-0.0028274,-0.0024695,0.0043144
-0.0027466,-0.0021951,0.0042178,-0.0027455,-0.002194,0.0042405
-0.0027144,-0.0025597,0.0044804,-0.0027132,-0.0025586,0.0045037
-0.0029596,-0.0022271,0.0044742,-0.0029583,-0.0022261,0.0044975
-0.0027479,-0.0024515,0.0047356,-0.0027467,-0.0024503,0.00476
-0.0032309,-0.0017001,0.0044647,-0.0032295,-0.0016993,0.0044881
-0.002977,-0.0027695,0.0043869,-0.0029758,-0.0027683,0.0044093
-0.002736,0.0022057,0.011288,-0.0027346,0.0022044,0.0113417
0.0025066,0.0027975,0.0044184,0.0025056,0.0027964,0.0044415
0.002161,0.0026649,0.0043621,0.0021601,0.0026639,0.0043855
0.0020635,0.0026209,0.0046021,0.0020626,0.0026199,0.0046266
0.0029125,0.002743,0.0032807,0.0029114,0.0027422,0.003299
0.0034213,0.0028213,0.0033866,0.0034201,0.0028206,0.0034042
0.0024014,0.0026587,0.0031817,0.0024005,0.0026578,0.0032005
0.0015347,0.0023294,0.0037961,0.001534,0.0023285,0.0038187
0.0013561,0.0018578,0.0037585,0.0013555,0.0018571,0.0037815
0.0011822,0.0017263,0.0039606,0.0011816,0.0017256,0.0039846
0.0020595,0.001307,0.0035466,0.0020585,0.0013066,0.0035688
0.002529,0.0014579,0.0038313,0.0025279,0.0014574,0.0038537
0.0020366,0.0015083,0.0038243,0.0020356,0.0015078,0.0038472
0.0020647,0.0010415,0.0038054,0.0020637,0.0010411,0.0038285
0.001971,0.0014818,0.0041313,0.0019701,0.0014813,0.0041554
0.0020593,0.0010105,0.0040476,0.0020583,0.0010102,0.0040716
0.0021465,0.001913,0.0042463,0.0021456,0.0019123,0.0042702
0.0027949,0.0021692,0.004295,0.0027938,0.0021685,0.004318
0.0025782,0.0023809,0.0041824,0.0025771,0.0023801,0.0042051
0.0024656,0.0023413,0.0043835,0.0024645,0.0023405,0.004407
0.0017545,0.0018775,0.0043048,0.0017537,0.0018768,0.0043294
0.0026452,0.001778,0.0046101,0.002644,0.0017774,0.0046349
0.002064,0.0022988,0.0044032,0.0020631,0.0022979,0.0044273
0.0029662,0.0023859,0.0044666,0.002965,0.002385,0.0044898
0.0021183,0.0022932,0.0046568,0.0021174,0.0022923,0.0046818
0.0018131,0.0017449,0.0045584,0.0018123,0.0017443,0.0045839
-0.0031752,-0.0018314,0.0031885,-0.0031739,-0.0018305,0.0032071
-0.0039295,-0.0020073,0.0033577,-0.0039282,-0.0020064,0.003375
-0.0016028,-0.0015189,0.003511,-0.001602,-0.0015179,0.0035333
-0.0019324,-0.0015619,0.0038861,-0.0019314,-0.001561,0.0039093
-0.0016234,-0.0017399,0.0040254,-0.0016226,-0.0017389,0.0040492
-0.0020782,-0.0017617,0.0041097,-0.0020772,-0.0017607,0.0041334
-0.0026945,-0.0017624,0.0044544,-0.0026933,-0.0017614,0.0044785
-0.0022006,-0.0016091,0.0043335,-0.0021996,-0.0016082,0.0043579
-0.0030231,-0.0013572,0.0042146,-0.0030217,-0.0013564,0.0042377
-0.0031462,-0.0013279,0.00467,-0.0031448,-0.0013272,0.0046945
-0.0010882,-0.0020455,0.0035989,-0.0010876,-0.0020443,0.0036214
-0.0013866,-0.0020488,0.0037982,-0.0013859,-0.0020477,0.0038211
-0.0014786,-0.0021569,0.0039875,-0.0014778,-0.0021558,0.0040108
-0.0018145,-0.0018971,0.0043059,-0.0018136,-0.001896,0.0043302
-0.0017974,-0.0024226,0.0046711,-0.0017964,-0.0024214,0.0046961
-0.0022518,-0.0020284,0.0044322,-0.0022507,-0.0020273,0.0044564
-0.0021131,-0.0026666,0.0042645,-0.0021122,-0.0026654,0.0042875
-0.0023285,-0.0030473,0.0042436,-0.0023275,-0.003046,0.0042657
-0.0026738,-0.0021021,0.0046213,-0.0026725,-0.002101,0.0046457
-0.0027251,-0.0018318,0.0049015,-0.0027238,-0.0018308,0.0049271
-0.0022374,-0.0025259,0.0049775,-0.0022363,-0.0025245,0.0050032
-0.0031251,-0.0017364,0.0049302,-0.0031236,-0.0017354,0.0049554
-0.0030186,-0.0028361,0.0049122,-0.0030171,-0.0028347,0.0049366
-0.0041089,0.001801,0.0033922,-0.0041075,0.0018006,0.0034096
0.0005332,-0.0035598,0.010945,0.0005329,-0.003558,0.0109969
0.00059,-0.0031295,0.0108841,0.0005897,-0.0031281,0.0109361
-0.0034089,-0.0011024,0.0109517,-0.0034071,-0.001102,0.0110038
-0.0030214,-0.0011976,0.0108086,-0.00302,-0.0011971,0.0108603
-0.003582,-0.0007726,0.0102429,-0.00358,-0.0007723,0.0102917
-0.0033102,-0.0007075,0.0102452,-0.0033086,-0.0007072,0.0102942
-0.0017569,-0.0007293,0.009938,-0.0017565,-0.0007291,0.0099865
-0.0012801,-0.0005368,0.0099499,-0.0012799,-0.0005368,0.0099985
-0.0012555,-0.0002884,0.0097894,-0.0012553,-0.0002884,0.0098373
-0.0016197,-0.0001987,0.0096238,-0.0016193,-0.0001987,0.009671
-0.0017801,-0.0004614,0.0097784,-0.0017795,-0.0004613,0.0098262
-0.0020004,-0.0006487,0.0096249,-0.0019997,-0.0006485,0.0096719
-0.0027656,-0.0002454,0.0093717,-0.0027643,-0.0002453,0.0094172
-0.0020296,-0.0002815,0.0091542,-0.0020288,-0.0002815,0.009199
-0.0030377,-0.0007668,0.0085827,-0.0030359,-0.0007664,0.0086242
-0.0028739,-0.0009576,0.0089453,-0.0028724,-0.0009572,0.0089885
0.0012128,0.0035534,0.0029621,0.0012123,0.003552,0.0029797
0.0011324,0.0039579,0.0030551,0.001132,0.0039566,0.0030722
0.0021934,-0.001722,0.0035828,0.0021924,-0.0017211,0.0036044
0.002683,-0.0013379,0.0036653,0.0026818,-0.0013372,0.0036869
0.0024888,-0.0016387,0.0038539,0.0024877,-0.0016378,0.0038762
0.0024479,-0.001562,0.0041278,0.0024468,-0.0015611,0.0041511
0.0020124,-0.0006823,0.0037928,0.0020114,-0.0006818,0.0038162
0.0019693,-0.0010746,0.004042,0.0019684,-0.0010739,0.004066
0.0018222,-0.0015643,0.0040684,0.0018213,-0.0015634,0.0040922
0.0029065,-0.0015909,0.0043382,0.0029052,-0.0015901,0.0043617
0.0034455,-0.0015435,0.0048044,0.003444,-0.0015427,0.0048289
0.0030984,-0.0019437,0.0044907,0.0030972,-0.0019428,0.0045142
0.0030394,-0.0016173,0.0046351,0.0030381,-0.0016164,0.0046594
0.0013347,-0.0016256,0.003291,0.001334,-0.0016245,0.0033128
0.0011074,-0.0014187,0.0031009,0.0011068,-0.0014177,0.0031225
0.0008925,-0.0011598,0.0029423,0.000892,-0.0011589,0.0029639
0.0009318,-0.001595,0.0032995,0.0009313,-0.001594,0.0033217
0.0013013,-0.0016482,0.0034879,0.0013007,-0.0016472,0.0035103
-0.004223,0.0013976,0.0032137,-0.0042216,0.0013974,0.0032304
-0.0037119,0.0013328,0.003054,-0.0037104,0.0013324,0.0030714
-0.0041164,0.0008432,0.0031063,-0.0041149,0.0008431,0.0031231
-0.0036433,0.0008688,0.0030048,-0.0036417,0.0008686,0.0030226
-0.0036472,0.0013448,0.0032682,-0.0036457,0.0013444,0.0032865
-3.16e-05,-0.0020338,0.0034559,-3.16e-05,-0.0020325,0.0034783
-0.0001782,-0.0015421,0.0034205,-0.0001781,-0.0015411,0.0034434
-6.96e-05,-0.0021224,0.0039597,-6.96e-05,-0.0021212,0.0039836
-9.16e-05,-0.0024607,0.004078,-9.16e-05,-0.0024594,0.0041018
-0.0006054,-0.0018434,0.0034925,-0.000605,-0.0018423,0.0035151
-0.0005324,-0.0020904,0.0038298,-0.0005321,-0.0020892,0.0038532
-0.0004246,-0.0016295,0.003724,-0.0004244,-0.0016285,0.0037477
-0.00081,-0.002206,0.0040711,-0.0008096,-0.0022048,0.004095
-0.000308,-0.0027145,0.0036906,-0.0003078,-0.0027131,0.0037127
-0.000673,-0.0025754,0.0039702,-0.0006726,-0.002574,0.0039933
-0.0002173,-0.0033774,0.0042669,-0.0002172,-0.0033758,0.0042898
-0.0003296,-0.0039752,0.003244,-0.0003294,-0.0039736,0.0032619
5.23e-05,-0.0041119,0.0032746,5.23e-05,-0.0041102,0.0032923
0.0007377,-0.0016411,0.0030923,0.0007373,-0.00164,0.0031139
-4.8e-05,-0.0012104,0.0029404,-4.79e-05,-0.0012095,0.0029622
0.0002467,-0.00077,0.0029402,0.0002466,-0.0007693,0.0029623
0.000382,-0.0012293,0.0033101,0.0003818,-0.0012284,0.0033328
3.08e-05,-0.0011199,0.0033113,3.08e-05,-0.0011191,0.0033343
-0.0001039,-0.0018247,0.0032203,-0.0001039,-0.0018235,0.0032423
0.0004676,-0.0015356,0.0036773,0.0004674,-0.0015346,0.0037009
0.0002531,-0.0018115,0.0035334,0.0002529,-0.0018104,0.0035562
0.0005507,-0.0020175,0.0037246,0.0005504,-0.0020163,0.0037478
0.0002979,-0.0020592,0.0039634,0.0002977,-0.0020581,0.0039873
0.0005187,-0.002617,0.0036035,0.0005185,-0.0026156,0.0036254
-0.0001805,-0.0016665,0.0029838,-0.0001804,-0.0016653,0.0030053
-0.0004314,-0.001326,0.0030155,-0.0004312,-0.001325,0.0030373
-0.0005296,-0.0007662,0.0026931,-0.0005292,-0.0007655,0.0027144
0.0029967,0.0032869,0.0031882,0.0029957,0.003286,0.0032049
-0.0006408,0.0032639,0.0108263,-0.0006405,0.0032622,0.0108782
-0.0021746,-0.0027093,0.0105486,-0.0021735,-0.002708,0.0105989
0.0012561,0.0031554,0.0041924,0.0012556,0.0031542,0.0042153
0.001639,0.0030545,0.0044901,0.0016384,0.0030533,0.004514
0.0017613,0.0024892,0.0046417,0.0017605,0.0024882,0.0046667
0.0010279,0.0027756,0.004186,0.0010274,0.0027744,0.0042096
0.0008843,0.0031044,0.0041809,0.0008839,0.0031032,0.004204
0.0015343,0.0035371,0.0032245,0.0015337,0.003536,0.0032429
0.0019579,0.0035249,0.0032534,0.0019573,0.0035238,0.0032715
0.003216,-0.0015157,0.0109309,0.0032142,-0.001515,0.010983
-0.0041122,-0.0008332,0.0032796,-0.0041107,-0.0008327,0.0032972
0.0034538,-0.0001224,0.0086937,0.0034516,-0.0001224,0.0087354
0.0003807,0.0018886,0.0034303,0.0003805,0.0018878,0.0034528
-0.000138,0.0018738,0.0037772,-0.0001379,0.001873,0.0038009
-0.0001144,0.0022568,0.0038416,-0.0001143,0.0022559,0.003865
-4.83e-05,0.0017641,0.0040486,-4.82e-05,0.0017634,0.0040733
-0.0004829,0.0018207,0.0039668,-0.0004826,0.0018199,0.0039911
-0.0005386,0.0036306,0.0049366,-0.0005383,0.0036291,0.004962
-3.76e-05,0.0033214,0.0046677,-3.75e-05,0.0033201,0.0046924
-0.0001958,0.00369,0.0047637,-0.0001956,0.0036884,0.0047883
-0.0001519,0.0032129,0.0049058,-0.0001518,0.0032116,0.0049316
0.0003613,0.0032475,0.0049156,0.0003611,0.0032461,0.0049414
2.2e-06,0.0030618,0.0051807,2.2e-06,0.0030604,0.0052077
-0.0004014,0.0039786,0.0048425,-0.0004012,0.003977,0.0048669
-0.0003058,0.0034242,0.005199,-0.0003056,0.0034226,0.0052256
0.0038963,-0.0005547,0.0030249,0.0038948,-0.0005544,0.0030423
0.0021065,-0.0006812,0.0034883,0.0021055,-0.0006807,0.0035106
0.0020533,-0.0003826,0.0036112,0.0020523,-0.0003822,0.003634
0.0023447,-0.0003512,0.0038747,0.0023436,-0.0003508,0.0038981
0.0020378,-0.0001626,0.0037973,0.0020368,-0.0001623,0.0038208
0.0019975,0.0001955,0.0037091,0.0019965,0.0001955,0.0037324
0.0018308,-0.000312,0.0039382,0.0018299,-0.0003117,0.0039623
0.0025312,-0.0008268,0.0040943,0.00253,-0.0008262,0.0041179
0.0017432,-0.0006883,0.0040382,0.0017423,-0.0006877,0.0040626
0.0015347,0.0002787,0.0029561,0.0015338,0.0002787,0.0029775
0.0016288,0.0005796,0.0031308,0.0016279,0.0005794,0.0031526
0.0017131,0.000117,0.0032153,0.0017122,0.0001171,0.0032374
0.0011115,0.000334,0.0030406,0.0011109,0.000334,0.0030628
0.0008719,0.0007057,0.0029827,0.0008714,0.0007055,0.0030048
0.0008734,0.0001908,0.0029217,0.0008729,0.0001908,0.0029437
0.0008934,0.0001374,0.0031737,0.0008928,0.0001375,0.0031964
0.0020746,0.0003944,0.0035742,0.0020736,0.0003944,0.003597
0.0020243,0.000623,0.0041308,0.0020234,0.0006229,0.0041553
0.0021245,-6.48e-05,0.0036055,0.0021235,-6.46e-05,0.0036284
0.0019756,0.0001426,0.0038838,0.0019746,0.0001427,0.0039077
0.0031195,0.00014,0.004022,0.0031182,0.0001401,0.0040447
0.0030073,0.0005311,0.0041058,0.003006,0.0005311,0.0041289
0.0034187,0.0004879,0.0043719,0.0034172,0.0004878,0.0043954
0.0030885,-0.0001913,0.004174,0.0030871,-0.000191,0.0041973
0.0039033,-9.22e-05,0.0048071,0.0039016,-9.2e-05,0.0048314
0.0038083,-0.0002306,0.0053619,0.0038064,-0.0002303,0.0053886
0.0007051,0.0004033,0.0052719,0.0007047,0.0004032,0.0053012
0.001261,0.0009569,0.0052982,0.0012603,0.0009565,0.0053271
0.0016944,0.0009844,0.0053523,0.0016935,0.000984,0.0053811
0.0016285,0.0007675,0.0055673,0.0016276,0.0007672,0.0055969
0.0006572,0.0010992,0.0067884,0.0006568,0.0010985,0.006823
0.0008487,0.0009074,0.0053031,0.0008482,0.000907,0.0053323
0.0007627,0.0009729,0.005561,0.0007623,0.0009725,0.0055911
0.0006305,0.0003682,0.0068169,0.0006301,0.000368,0.0068517
0.0011983,0.0014016,0.0053066,0.0011976,0.001401,0.0053354
0.0010609,0.0007983,0.0055625,0.0010603,0.0007979,0.0055924
0.0012789,0.0005191,0.0056096,0.0012781,0.0005189,0.0056397
0.0007503,0.0005426,0.0055126,0.0007498,0.0005425,0.0055426
0.0012666,0.0001586,0.0055512,0.0012659,0.0001587,0.0055812
0.0012644,-0.0002016,0.0055526,0.0012636,-0.0002014,0.0055826
0.0012734,0.0006003,0.0059383,0.0012727,0.0006,0.0059695
0.0012049,0.0005608,0.0063428,0.0012041,0.0005605,0.0063755
0.0008107,0.0013972,0.005327,0.0008102,0.0013966,0.005356
0.0003789,0.0010179,0.0055384,0.0003787,0.0010174,0.0055684
0.0008198,0.0013398,0.0056248,0.0008193,0.0013391,0.0056548
0.0009217,0.0009778,0.0058481,0.0009212,0.0009773,0.005879
0.000247,0.0006644,0.0055588,0.0002468,0.0006642,0.0055891
0.0008776,0.0001031,0.0055409,0.0008771,0.0001032,0.0055711
0.0008645,0.0005677,0.0060435,0.000864,0.0005675,0.0060753
0.0022754,0.0004391,0.0064138,0.0022739,0.0004389,0.0064461
0.0026998,0.0005271,0.0064138,0.0026981,0.0005268,0.0064457
0.0028674,0.0009271,0.0064645,0.0028655,0.0009266,0.0064965
0.0033371,0.0008826,0.0065176,0.0033349,0.0008821,0.0065494
0.0024622,0.000991,0.0064362,0.0024606,0.0009904,0.0064684
0.0022725,0.0010552,0.006723,0.0022709,0.0010546,0.0067565
0.002908,0.0013472,0.0065126,0.002906,0.0013464,0.0065446
0.0027648,0.0004907,0.0067971,0.0027629,0.0004905,0.0068305
0.0032472,0.0004622,0.006735,0.0032451,0.000462,0.0067678
0.0022769,0.0006409,0.0067055,0.0022754,0.0006406,0.0067389
0.0028764,0.0002754,0.0066126,0.0028745,0.0002752,0.0066452
0.0028386,0.000645,0.0071035,0.0028367,0.0006446,0.0071383
0.0020243,0.0009189,0.0064367,0.002023,0.0009185,0.0064693
0.0023223,0.0013972,0.0065647,0.0023208,0.0013964,0.0065974
0.002338,0.0017843,0.0065094,0.0023364,0.0017832,0.0065417
0.0018204,0.000924,0.0067603,0.0018192,0.0009235,0.0067943
0.0022534,0.0014229,0.0068047,0.0022519,0.0014221,0.0068385
0.0021362,0.000883,0.0069909,0.0021348,0.0008825,0.0070257
0.0018603,0.0004193,0.0067396,0.001859,0.0004191,0.0067736
0.0022101,-9.41e-05,0.0066918,0.0022087,-9.4e-05,0.0067253
0.0022284,-0.0003476,0.0065243,0.002227,-0.0003474,0.006557
0.0022049,0.0004209,0.0069596,0.0022034,0.0004207,0.0069943
-0.0009209,0.0039943,0.0033061,-0.0009205,0.0039931,0.0033241
-0.0008588,0.0020393,0.003577,-0.0008584,0.0020384,0.0035996
-0.0011231,0.0017439,0.0040216,-0.0011225,0.0017432,0.0040458
-0.0014223,0.0022775,0.0037622,-0.0014216,0.0022767,0.0037847
-0.0016563,0.0016949,0.0040538,-0.0016555,0.0016942,0.0040778
-0.0015009,0.002821,0.0041228,-0.0015002,0.00282,0.0041457
-0.0008439,0.0028241,0.0041912,-0.0008434,0.002823,0.0042148
-0.0014952,0.0031528,0.0044453,-0.0014945,0.0031516,0.004469
-0.0013624,0.0026756,0.004257,-0.0013617,0.0026745,0.0042808
-0.0014681,0.002885,0.0117124,-0.0014674,0.0028834,0.011768
-0.001044,0.0029378,0.0115911,-0.0010435,0.0029363,0.0116462
-0.0028222,0.002838,0.0030281,-0.002821,0.0028371,0.0030454
-0.0023181,0.0037829,0.003377,-0.0023173,0.0037818,0.0033945
0.0038274,0.0013666,0.003278,0.003826,0.0013662,0.0032961
-0.0009504,0.0029893,0.0112779,-0.0009499,0.0029878,0.0113318
0.001355,0.0028768,0.0108373,0.0013543,0.0028753,0.0108893
0.001337,0.0033199,0.0109177,0.0013362,0.0033179,0.0109699
0.0009636,0.0013843,0.0098098,0.0009633,0.0013839,0.0098578
0.0010171,0.0016056,0.0100305,0.0010167,0.0016051,0.0100795
0.0014676,0.0014141,0.009808,0.0014671,0.0014136,0.009856
0.0013568,0.001555,0.0100314,0.0013564,0.0015545,0.0100803
0.0013609,0.0019191,0.0100591,0.0013603,0.0019184,0.010108
0.0013264,0.0018914,0.0097017,0.0013259,0.0018906,0.009749
0.0011353,0.0016967,0.0105014,0.001135,0.0016962,0.0105524
0.0009901,0.0023514,0.0094236,0.0009896,0.0023503,0.0094695
0.001367,0.002234,0.0093675,0.0013663,0.0022329,0.0094132
0.0013984,0.0026448,0.0094185,0.0013977,0.0026434,0.0094642
0.0014567,0.0022589,0.0096515,0.001456,0.0022578,0.0096985
0.0011069,0.0031277,0.0094331,0.0011062,0.0031259,0.0094786
0.0017445,0.0014685,0.0092683,0.0017436,0.0014678,0.0093136
0.001957,0.0016797,0.009557,0.0019561,0.0016788,0.0096035
0.0022284,0.0015592,0.0093138,0.0022272,0.0015584,0.0093592
0.0023849,0.0017888,0.0095452,0.0023836,0.0017879,0.0095914
0.0023345,0.0019409,0.0092241,0.0023332,0.0019398,0.0092688
0.0027059,0.0019966,0.0093417,0.0027043,0.0019955,0.0093867
0.0016087,0.0015922,0.0096087,0.001608,0.0015916,0.0096556
0.0019809,0.0020435,0.0093905,0.0019798,0.0020424,0.0094361
0.0018091,0.0021839,0.0085993,0.001808,0.0021826,0.0086412
0.0018858,0.0024807,0.0085954,0.0018846,0.0024792,0.008637
0.0022133,0.0022775,0.008565,0.002212,0.0022761,0.0086064
0.0023295,0.0025577,0.0086863,0.0023281,0.002556,0.008728
0.0017562,0.0027885,0.0086139,0.0017551,0.0027868,0.0086554
0.0021484,0.002244,0.0090004,0.0021472,0.0022427,0.009044
0.001707,0.00232,0.0089516,0.001706,0.0023187,0.0089951
0.0017635,0.002672,0.0089394,0.0017625,0.0026704,0.0089827
0.0019331,0.0023351,0.0088089,0.001932,0.0023338,0.0088516
-0.0012195,-0.0043225,0.0034305,-0.001219,-0.0043209,0.0034479
-0.0008408,-0.004377,0.0034223,-0.0008404,-0.0043753,0.0034397
-0.0012865,-0.003712,0.0032768,-0.0012859,-0.0037104,0.0032951
0.0010954,-0.0038823,0.0030353,0.0010951,-0.0038806,0.0030524
-0.0010299,-0.0033581,0.0104749,-0.0010294,-0.0033565,0.0105248
-0.0006691,-0.0034727,0.0104823,-0.0006687,-0.003471,0.0105322
0.0001885,-0.0033118,0.0104368,0.0001885,-0.0033102,0.0104867
0.002438,-0.0032358,0.0033058,0.0024372,-0.0032345,0.0033238
0.0028951,-0.003346,0.0034257,0.0028942,-0.0033447,0.0034433
0.0012089,-0.0023808,0.0035764,0.0012083,-0.0023795,0.0035982
0.0015184,-0.0025745,0.0040927,0.0015178,-0.0025732,0.0041157
0.0012754,-0.0020556,0.0037785,0.0012748,-0.0020544,0.0038014
0.0011759,-0.0024959,0.0039782,0.0011754,-0.0024946,0.0040012
0.0020788,-0.0022494,0.0041609,0.0020779,-0.0022483,0.004184
0.0027281,-0.002366,0.0042381,0.002727,-0.0023649,0.0042606
0.0031447,-0.0025573,0.0042748,0.0031435,-0.0025562,0.0042966
0.0030354,-0.0020456,0.0042108,0.0030342,-0.0020447,0.0042332
0.0030907,-0.0023967,0.0045095,0.0030894,-0.0023957,0.0045326
0.0024775,-0.0020746,0.0041614,0.0024765,-0.0020736,0.0041843
0.0023505,-0.0020911,0.004418,0.0023495,-0.0020901,0.004442
0.0025613,-0.0028933,0.0043215,0.0025603,-0.002892,0.0043438
0.0021322,-0.0025195,0.0044523,0.0021313,-0.0025182,0.0044761
0.001858,-0.0020035,0.0043207,0.0018571,-0.0020025,0.004345
0.0019791,-0.0015633,0.0043329,0.0019781,-0.0015624,0.0043574
0.0017754,-0.0017193,0.0045339,0.0017745,-0.0017183,0.0045592
0.0021753,-0.0027639,0.0042849,0.0021745,-0.0027625,0.0043077
0.0017667,-0.002994,0.0042171,0.001766,-0.0029925,0.0042397
0.001938,-0.0028655,0.0044674,0.0019372,-0.002864,0.004491
0.0018486,-0.002502,0.0045578,0.0018478,-0.0025007,0.0045823
0.0029018,0.0032979,0.0033795,0.0029008,0.003297,0.0033971
0.0012762,-0.0011734,0.0099495,0.0012759,-0.0011732,0.009998
0.0011038,-0.0008007,0.0098705,0.0011035,-0.0008007,0.0099187
0.0014427,-0.0007803,0.0098001,0.0014423,-0.0007802,0.009848
0.0014328,-0.0008775,0.0095137,0.0014323,-0.0008773,0.0095602
0.0014061,-0.0012494,0.0102447,0.0014058,-0.0012492,0.0102945
0.0010589,-0.0012568,0.0102594,0.0010588,-0.0012567,0.0103092
0.001374,-0.0013232,0.0094951,0.0013735,-0.0013227,0.0095415
0.000694,-0.000826,0.0098104,0.0006938,-0.000826,0.0098583
0.0010253,-0.0014751,0.0095923,0.0010249,-0.0014746,0.0096391
0.0010508,-0.0013131,0.0090025,0.0010503,-0.0013125,0.0090468
0.0010519,-0.0013028,0.0093506,0.0010515,-0.0013023,0.0093964
0.0013681,-0.0008572,0.009163,0.0013675,-0.0008568,0.009208
0.0007196,-0.0013806,0.0095743,0.0007194,-0.0013802,0.0096212
0.00107,-0.0007467,0.0095727,0.0010697,-0.0007466,0.0096196
0.0007541,-0.0011207,0.0075985,0.0007537,-0.0011199,0.0076364
0.0008041,-0.0006017,0.0075962,0.0008036,-0.0006012,0.0076343
0.0011884,-0.0010228,0.0075885,0.0011877,-0.0010221,0.0076263
0.0011242,-0.0006458,0.0075467,0.0011234,-0.0006453,0.0075844
0.001475,-0.0006456,0.0076091,0.001474,-0.0006451,0.0076469
0.0014661,-0.0002178,0.0074945,0.0014652,-0.0002177,0.0075319
0.0011106,-0.0003247,0.0075942,0.0011099,-0.0003244,0.0076322
0.0010175,-0.0005677,0.0077708,0.0010168,-0.0005673,0.0078096
0.0011369,-0.001062,0.0078992,0.0011363,-0.0010613,0.0079384
0.0015735,-0.0011532,0.0079016,0.0015725,-0.0011525,0.0079407
0.0008271,-0.001001,0.00791,0.0008266,-0.0010004,0.0079493
0.0011414,-0.0009561,0.0082306,0.0011407,-0.0009556,0.0082714
0.0007878,-0.0002222,0.0076122,0.0007872,-0.000222,0.0076503
0.0007678,-0.0006757,0.0078686,0.0007673,-0.0006752,0.0079078
0.0003482,-0.0006194,0.0078224,0.000348,-0.0006189,0.0078615
0.0007509,-0.0002894,0.0078605,0.0007504,-0.0002892,0.0078997
0.0007863,-0.0006433,0.0081821,0.0007859,-0.0006429,0.0082227
0.0002265,-0.0009544,0.0077421,0.0002264,-0.0009538,0.0077808
0.0007674,-0.0009546,0.0082723,0.000767,-0.0009541,0.0083134
0.0026675,-0.0016351,0.0086471,0.0026659,-0.0016341,0.0086889
0.0030505,-0.0014493,0.0086746,0.0030486,-0.0014484,0.0087163
0.0029496,-0.0011549,0.0086386,0.0029477,-0.0011541,0.0086803
0.0026656,-0.0012155,0.008558,0.0026639,-0.0012148,0.0085996
0.0029433,-0.0005987,0.0086623,0.0029415,-0.0005984,0.0087042
0.0030386,-0.0010902,0.0089385,0.0030368,-0.0010896,0.0089816
0.0025474,-0.001457,0.0089505,0.002546,-0.0014562,0.0089939
0.0026391,-0.0007656,0.0085524,0.0026376,-0.0007652,0.0085941
0.0026141,-0.0018315,0.0090059,0.0026125,-0.0018305,0.0090493
0.0025615,-0.0015772,0.0079557,0.0025599,-0.0015762,0.0079943
0.003049,-0.0014258,0.008072,0.0030468,-0.0014248,0.0081108
0.0031995,-0.0007501,0.0079797,0.0031973,-0.0007495,0.0080181
0.0029313,-0.0013626,0.0083832,0.0029294,-0.0013617,0.0084235
0.0025795,-0.0016313,0.0083337,0.0025779,-0.0016302,0.008374
0.0027567,-0.0013959,0.0081749,0.0027549,-0.0013949,0.0082143
0.0025932,-0.0007253,0.0082135,0.0025916,-0.0007248,0.0082535
0.0027106,-0.0020176,0.0084156,0.0027088,-0.0020163,0.0084559
0.0023093,-0.0013001,0.0064522,0.0023079,-0.0012992,0.0064844
0.0025119,-0.0010573,0.0065608,0.0025103,-0.0010565,0.0065933
0.0027428,-0.0011851,0.0064184,0.0027411,-0.0011842,0.0064502
0.0027464,-0.0007349,0.0064812,0.0027446,-0.0007343,0.0065134
0.0031564,-0.0006536,0.0065587,0.0031543,-0.0006531,0.0065909
0.0023746,-0.0006755,0.0064787,0.0023731,-0.000675,0.0065112
0.0026861,-0.0003338,0.0065941,0.0026843,-0.0003335,0.0066268
0.0025861,-0.0005947,0.0067157,0.0025844,-0.0005942,0.006749
0.0027974,-0.0011828,0.0067965,0.0027955,-0.0011819,0.0068297
0.0033174,-0.0010963,0.0067554,0.0033151,-0.0010954,0.0067881
0.0023023,-0.0011481,0.0067212,0.0023007,-0.0011472,0.0067546
0.0018969,-0.0012067,0.0066899,0.0018957,-0.0012058,0.0067234
0.0028053,-0.0011355,0.007103,0.0028034,-0.0011346,0.0071377
0.0022235,-0.0007905,0.0067275,0.0022221,-0.0007899,0.0067611
0.0017804,-0.000835,0.0065889,0.0017793,-0.0008344,0.0066221
0.0022024,-0.0007269,0.0069865,0.0022009,-0.0007264,0.0070212
0.0024745,-0.0011278,0.007033,0.0024728,-0.001127,0.0070676
0.0032854,-0.0015317,0.0102015,0.0032835,-0.001531,0.0102502
0.0016065,-0.0039238,0.0032819,0.0016061,-0.0039223,0.0032993
0.0015357,-0.0031227,0.0044256,0.0015351,-0.0031212,0.0044491
0.0012147,-0.0034763,0.0046923,0.0012142,-0.0034746,0.0047164
0.0031125,-0.0004236,0.0108443,0.003111,-0.0004234,0.0108963
-0.0018653,0.0030806,0.0031597,-0.0018645,0.0030796,0.0031784
-0.0013983,0.0030929,0.0031275,-0.0013976,0.0030918,0.0031466
-0.0017978,0.0031276,0.0033742,-0.0017971,0.0031266,0.0033936
-0.0030701,0.0018459,0.0102593,-0.0030685,0.0018448,0.0103083
-0.0026651,0.0024498,0.0102249,-0.0026637,0.0024484,0.0102738
-0.0024952,0.0015212,0.0104285,-0.0024942,0.0015205,0.0104788
-0.0020264,0.0017876,0.009374,-0.0020255,0.0017867,0.0094196
-0.0017825,0.0016255,0.009345,-0.0017818,0.0016248,0.0093907
-0.0017634,0.001941,0.0092966,-0.0017626,0.00194,0.0093419
-0.0016905,0.0024763,0.0093252,-0.0016896,0.0024751,0.0093705
-0.0017253,0.0016512,0.0096521,-0.0017247,0.0016505,0.0096993
-0.0021545,0.0024708,0.0093793,-0.0021534,0.0024694,0.0094246
-0.0019809,0.0023397,0.009584,-0.00198,0.0023384,0.0096304
-0.0029123,0.0017215,0.0086806,-0.0029105,0.0017204,0.0087223
-0.0029394,0.0015038,0.0088973,-0.0029377,0.0015029,0.0089401
-0.0025487,0.0016264,0.0086663,-0.0025472,0.0016255,0.0087083
-0.0024786,0.0021294,0.0087299,-0.0024771,0.0021281,0.008772
-0.0020972,0.0021111,0.0087135,-0.0020959,0.0021098,0.0087558
-0.0025608,0.0020982,0.0090361,-0.0025593,0.002097,0.0090796
-0.002058,0.0017034,0.0090029,-0.002057,0.0017026,0.0090468
-0.0026416,0.0025228,0.0089591,-0.0026399,0.0025213,0.0090019
-0.0028532,0.0016697,0.0079507,-0.0028513,0.0016686,0.0079891
-0.002893,0.0019509,0.0081439,-0.0028911,0.0019497,0.008183
-0.0024582,0.0018971,0.007909,-0.0024565,0.0018959,0.0079474
-0.002606,0.0017338,0.0081401,-0.0026043,0.0017327,0.0081795
-0.0026512,0.0021369,0.0080744,-0.0026494,0.0021355,0.0081133
-0.0020601,0.0020703,0.0079559,-0.0020587,0.002069,0.0079947
-0.002552,0.0021805,0.0084079,-0.0025504,0.0021792,0.0084485
-0.002498,0.0017721,0.008392,-0.0024965,0.001771,0.0084326
-0.0020477,0.0016843,0.0083498,-0.0020465,0.0016834,0.0083905
0.001636,-0.0031612,0.010944,0.0016351,-0.0031596,0.010996
0.002019,-0.0029519,0.0109461,0.0020179,-0.0029504,0.010998
-0.0030576,0.0014469,0.0101564,-0.003056,0.0014461,0.0102051
-0.0019208,0.0008312,0.0094364,-0.0019201,0.0008308,0.0094826
-0.0013392,0.0008128,0.0091622,-0.0013387,0.0008124,0.0092073
-0.0016527,0.0013577,0.0092169,-0.001652,0.001357,0.0092621
-0.0013201,0.001186,0.0092273,-0.0013196,0.0011855,0.0092727
-0.0019113,0.0011918,0.0093548,-0.0019105,0.0011913,0.0094006
-0.0011322,0.0009772,0.0093337,-0.0011319,0.0009768,0.0093796
-0.0004967,0.0013323,0.0093556,-0.0004965,0.0013319,0.0094016
-0.0009817,0.0011364,0.009624,-0.0009815,0.0011361,0.0096712
-0.0013838,0.0015923,0.0092915,-0.0013833,0.0015915,0.009337
-0.0013967,0.0010701,0.0095092,-0.0013963,0.0010696,0.0095558
-0.0010566,0.0006984,0.0093777,-0.0010564,0.0006982,0.0094238
-0.0029495,0.000789,0.0086046,-0.0029478,0.0007886,0.0086462
-0.002652,0.0009475,0.0086126,-0.0026505,0.0009469,0.0086545
-0.0023271,0.000885,0.0086134,-0.0023258,0.0008846,0.0086555
-0.0024874,0.0012322,0.0086638,-0.002486,0.0012315,0.0087059
-0.0021918,0.0012698,0.0085836,-0.0021906,0.0012691,0.0086256
-0.0016213,0.0013474,0.00863,-0.0016204,0.0013467,0.0086724
-0.0028427,0.0013507,0.0085927,-0.002841,0.0013498,0.0086342
-0.0028623,0.0007087,0.0089897,-0.0028608,0.0007083,0.0090333
-0.0010264,0.0030767,0.0108731,-0.0010259,0.0030751,0.0109252
-0.0006486,0.0028935,0.0108105,-0.0006483,0.0028922,0.0108626
-0.0006169,0.0025306,0.010908,-0.0006167,0.0025296,0.0109606
-0.0001482,0.0008629,0.0105057,-0.0001483,0.0008629,0.0105568
0.0002939,0.0012848,0.0106017,0.0002938,0.0012848,0.0106532
-0.0001219,0.0012669,0.0111463,-0.000122,0.001267,0.0112002
-6.09e-05,0.0007633,0.0107982,-6.09e-05,0.0007634,0.0108506
0.0002391,0.0007209,0.0109106,0.0002391,0.000721,0.0109635
-0.0004178,0.0007328,0.0109693,-0.000418,0.0007329,0.0110225
-1.07e-05,0.0007967,0.0111874,-1.08e-05,0.0007967,0.0112416
-0.0003801,0.0006,0.0106926,-0.0003802,0.0006001,0.0107445
-0.000188,0.0016834,0.0099461,-0.000188,0.0016829,0.0099946
-0.0002525,0.0023246,0.0093741,-0.0002525,0.0023236,0.00942
-0.0001006,0.0027703,0.0092481,-0.0001006,0.0027688,0.0092932
-0.0010888,0.0034571,0.0106201,-0.0010883,0.0034552,0.0106709
-0.0018453,-0.003115,0.0102504,-0.0018444,-0.0031135,0.0102992
-0.00228,-0.0027314,0.0101824,-0.0022788,-0.0027301,0.010231
-0.0012012,-0.001493,0.0094909,-0.0012009,-0.0014926,0.0095373
-0.001197,-0.0023514,0.0093902,-0.0011965,-0.0023504,0.0094358
-0.0005801,-0.0012579,0.0091616,-0.0005799,-0.0012575,0.0092067
-0.0007694,-0.0014639,0.0095158,-0.0007692,-0.0014635,0.0095624
-0.0004559,-0.0013861,0.0094288,-0.0004558,-0.0013858,0.0094751
-0.0012177,-0.001094,0.0095276,-0.0012173,-0.0010938,0.0095743
-0.0013087,-0.0007951,0.0093917,-0.0013083,-0.0007949,0.0094378
-0.0007629,-0.0029229,0.0086124,-0.0007624,-0.0029212,0.008654
-0.0005947,-0.0025556,0.0085488,-0.0005943,-0.0025541,0.0085904
-0.0013248,-0.0025079,0.0085205,-0.001324,-0.0025065,0.0085618
-0.0009261,-0.0021475,0.0085283,-0.0009257,-0.0021463,0.0085701
-0.0008378,-0.0029088,0.0089773,-0.0008373,-0.0029071,0.0090207
-0.0013867,-0.0022186,0.0086931,-0.001386,-0.0022174,0.0087354
-0.0014022,-0.0026261,0.0088205,-0.0014015,-0.0026246,0.0088631
-0.0016826,-0.0025275,0.009009,-0.0016817,-0.0025262,0.0090525
-0.0020522,-0.0019914,0.0086049,-0.002051,-0.0019904,0.0086467
-0.0016878,-0.0018102,0.0084501,-0.0016869,-0.0018092,0.0084914
-0.0013647,-0.0018612,0.0085088,-0.001364,-0.0018603,0.0085504
-0.0017035,-0.0021372,0.0089567,-0.0017026,-0.0021362,0.0090002
-0.0020358,-0.0016563,0.0085457,-0.0020346,-0.0016554,0.0085874
-0.0020938,-0.0017883,0.0089345,-0.0020928,-0.0017875,0.008978
-0.0020722,-0.0014168,0.0088625,-0.0020712,-0.0014161,0.0089057
-0.0018577,-0.0029948,0.007879,-0.0018565,-0.0029929,0.0079166
-0.0012942,-0.0029421,0.0079549,-0.0012934,-0.0029402,0.0079932
-0.0017508,-0.0026155,0.0077708,-0.0017496,-0.0026137,0.0078083
-0.0014254,-0.0026136,0.0079622,-0.0014246,-0.0026119,0.0080008
-0.001782,-0.0021407,0.0079019,-0.0017809,-0.0021394,0.0079403
-0.0016604,-0.0026162,0.0082922,-0.0016594,-0.0026146,0.0083322
-0.0012912,-0.003137,0.0082255,-0.0012904,-0.003135,0.0082649
-0.0020101,-0.0027554,0.0079145,-0.0020088,-0.0027536,0.0079524
-0.0021425,-0.002688,0.0082182,-0.0021411,-0.0026863,0.0082575
-0.0019812,-0.003007,0.0081399,-0.00198,-0.0030051,0.0081787
0.0039532,-0.0013799,0.0028878,0.0039517,-0.0013793,0.0029039
0.004356,-0.0014122,0.0029813,0.0043545,-0.0014115,0.0029966
0.003866,-0.001305,0.0030432,0.0038645,-0.0013044,0.0030603
0.0043001,-0.0013726,0.0032,0.0042988,-0.001372,0.0032164
0.0016159,0.0028804,0.0102067,0.0016151,0.0028788,0.0102559
0.0020248,0.0029434,0.0101796,0.0020236,0.0029417,0.0102284
0.0031375,-0.0010605,0.010057,0.0031358,-0.0010601,0.0101053
0.0028884,0.0019067,0.0102871,0.0028868,0.0019055,0.0103364
0.00268,0.0013832,0.0086713,0.0026784,0.0013823,0.0087134
0.0026471,0.002038,0.0085708,0.0026454,0.0020367,0.0086121
0.0025039,0.0014952,0.0090513,0.0025025,0.0014943,0.0090953
0.0026212,0.0019137,0.0090634,0.0026197,0.0019126,0.0091071
-0.0015605,0.000159,0.0092314,-0.00156,0.0001589,0.0092768
-0.0012892,0.0005039,0.0092704,-0.0012889,0.0005037,0.009316
-0.0016964,0.0001163,0.009665,-0.0016959,0.0001162,0.0097122
-0.0012592,3.8e-05,0.009592,-0.001259,3.79e-05,0.009639
-0.0016451,-0.0002832,0.0091682,-0.0016446,-0.0002831,0.0092132
-0.0029433,0.0002416,0.0085415,-0.0029415,0.0002415,0.008583
-0.0024415,0.0001308,0.0086202,-0.0024402,0.0001307,0.0086624
-0.002386,0.0005726,0.0086875,-0.0023848,0.0005723,0.00873
-0.0035305,0.0002063,0.0080148,-0.0035283,0.0002062,0.0080532
-0.0032154,0.0001103,0.0079383,-0.0032134,0.0001103,0.0079766
-0.0033339,0.0004574,0.0079377,-0.0033317,0.0004571,0.0079759
-0.0029598,0.0005435,0.0077955,-0.0029579,0.0005433,0.0078333
-0.0032321,0.0008604,0.0080021,-0.00323,0.0008598,0.0080407
-0.0029984,-4.8e-05,0.0083236,-0.0029966,-4.8e-05,0.008364
-0.0034257,-0.0001869,0.0081361,-0.0034235,-0.0001867,0.0081752
0.0006541,-0.0037314,0.0030261,0.0006539,-0.0037296,0.0030437
0.0007101,-0.0043904,0.0033645,0.0007099,-0.0043886,0.0033818
0.0008157,-0.0038726,0.0033036,0.0008155,-0.003871,0.0033219
-0.0018951,0.0030171,0.0109752,-0.0018942,0.0030154,0.0110276
-0.0013929,0.0025944,0.0109461,-0.0013923,0.0025932,0.0109987
-0.0040656,-1.72e-05,0.0036977,-0.0040642,-1.7e-05,0.0037173
-0.002021,-7.5e-05,0.003706,-0.00202,-7.48e-05,0.0037292
-0.0014767,-5.6e-06,0.0036046,-0.0014759,-5.4e-06,0.0036282
-0.0017166,0.0001338,0.0039385,-0.0017157,0.0001339,0.0039629
-0.0023982,0.0005457,0.0040436,-0.002397,0.0005455,0.0040674
-0.0022826,2.69e-05,0.0042895,-0.0022814,2.7e-05,0.0043143
-0.00349,4.77e-05,0.0048938,-0.0034884,4.79e-05,0.0049191
-0.0035117,0.0004686,0.0049744,-0.00351,0.0004685,0.0049999
-0.003059,-4.44e-05,0.0047748,-0.0030575,-4.42e-05,0.0048002
-0.0032768,3.87e-05,0.0051147,-0.0032751,3.89e-05,0.0051411
-0.003833,-2.02e-05,0.0048005,-0.0038313,-2.01e-05,0.004825
0.0033934,0.0027519,0.0036162,0.0033922,0.0027511,0.003635
0.0033089,0.0022898,0.0036925,0.0033078,0.0022892,0.0037124
0.0030405,0.0018345,0.0046881,0.0030391,0.0018339,0.0047126
0.0029881,0.0024579,0.0046865,0.0029868,0.002457,0.0047105
0.0029204,0.001806,0.0049471,0.002919,0.0018052,0.0049727
0.0031137,0.002204,0.0047701,0.0031123,0.0022032,0.0047945
0.0029506,0.0023036,0.0049641,0.0029492,0.0023027,0.0049894
0.0029934,0.0022968,0.0052687,0.0029918,0.0022958,0.0052951
0.0031734,0.0019854,0.0048993,0.003172,0.0019847,0.0049244
0.0028289,0.0017438,0.0052085,0.0028274,0.0017431,0.0052352
-0.0008236,-0.0042717,0.0036154,-0.0008232,-0.00427,0.003634
0.0015689,-0.0038027,0.0034752,0.0015684,-0.0038011,0.0034936
0.0020898,-0.0038153,0.0035655,0.0020891,-0.0038137,0.0035838
0.0024852,-0.0036209,0.0036062,0.0024844,-0.0036194,0.0036247
0.0037786,-0.0014699,0.0033551,0.0037772,-0.0014692,0.0033734
0.0042559,-0.0013112,0.0034222,0.0042545,-0.0013106,0.0034398
0.0038007,-0.0019575,0.0035638,0.0037994,-0.0019567,0.0035824
0.0041535,-0.0017102,0.0035852,0.0041521,-0.0017095,0.0036034
0.0017217,0.0010519,0.0092941,0.0017209,0.0010514,0.0093397
0.0012161,0.0008665,0.0093022,0.0012156,0.0008661,0.0093479
0.0013556,0.0011059,0.0091272,0.0013551,0.0011054,0.009172
0.0010838,0.0011815,0.0092556,0.0010834,0.0011811,0.009301
0.0014523,0.001619,0.0092945,0.0014516,0.0016182,0.00934
0.0013895,0.0012638,0.0094418,0.001389,0.0012633,0.0094881
0.0013981,0.0007657,0.0095316,0.0013977,0.0007654,0.0095783
0.0011935,0.001566,0.0096206,0.0011931,0.0015654,0.0096677
0.0014315,0.0008282,0.009975,0.0014312,0.0008279,0.0100238
0.0008869,0.0008038,0.0093593,0.0008866,0.0008035,0.0094053
0.0011454,0.0007029,0.0098182,0.0011452,0.0007027,0.0098662
0.0006274,0.0003422,0.007587,0.000627,0.000342,0.0076251
0.0009664,0.0002829,0.0074551,0.0009658,0.0002827,0.0074926
0.0012523,0.0008418,0.0075549,0.0012514,0.0008413,0.0075927
0.0015884,0.0008753,0.0076548,0.0015873,0.0008748,0.0076929
0.001578,0.0006254,0.0078914,0.001577,0.000625,0.0079306
0.0008245,0.0007922,0.0075745,0.000824,0.0007918,0.0076125
0.0010039,0.0012489,0.0076526,0.0010032,0.0012481,0.0076907
0.0011773,0.0008208,0.0078323,0.0011765,0.0008203,0.0078713
0.0007242,0.0005218,0.0078029,0.0007238,0.0005215,0.007842
0.001175,-7.4e-05,0.0078669,0.0011743,-7.4e-05,0.0079061
0.0010152,0.0004331,0.0083083,0.0010146,0.0004329,0.0083496
0.0006741,0.0012114,0.0075199,0.0006737,0.0012107,0.0075576
0.0008508,0.0009149,0.0079642,0.0008503,0.0009144,0.0080038
0.0002088,0.0011112,0.0077519,0.0002087,0.0011106,0.0077907
0.0008149,0.0013061,0.0079886,0.0008144,0.0013054,0.0080283
0.0007188,0.0007929,0.0083141,0.0007184,0.0007925,0.0083553
0.0008605,0.0001132,0.0078118,0.0008599,0.0001132,0.0078509
0.000714,0.0004643,0.0082242,0.0007136,0.0004641,0.0082652
0.0025912,0.0007992,0.0085433,0.0025897,0.0007987,0.0085849
0.0026524,0.0010256,0.008664,0.0026509,0.001025,0.0087061
0.0029659,0.0008329,0.0086373,0.0029641,0.0008324,0.0086791
0.0030121,0.0012807,0.0086479,0.0030103,0.0012799,0.0086896
0.0030466,0.0013621,0.0089197,0.0030447,0.0013613,0.0089626
0.0027849,0.000763,0.0080921,0.0027831,0.0007625,0.0081314
0.0031222,0.0008856,0.0079511,0.00312,0.0008851,0.0079896
0.003204,0.0012068,0.0079928,0.0032018,0.001206,0.0080313
0.0027669,0.0013525,0.007899,0.002765,0.0013516,0.0079373
0.0027429,0.0011176,0.0080439,0.0027411,0.0011169,0.008083
0.0027198,0.0016312,0.0080222,0.0027179,0.0016301,0.0080611
0.002744,0.0016688,0.0083966,0.0027422,0.0016677,0.0084372
0.0026001,0.0013709,0.0082385,0.0025984,0.0013701,0.0082785
0.0031931,0.000765,0.0101605,0.0031914,0.0007645,0.0102094
0.0035294,0.0007184,0.0102084,0.0035274,0.0007179,0.0102572
0.0011335,0.0011292,0.0099528,0.0011332,0.0011289,0.0100015
0.0012494,0.0004075,0.0099904,0.0012491,0.0004074,0.0100392
0.0008427,0.0008083,0.0098779,0.0008426,0.0008081,0.0099262
0.0006806,0.0012026,0.009722,0.0006805,0.0012023,0.0097696
0.0007027,-7.24e-05,0.0098779,0.0007027,-7.24e-05,0.0099261
0.0014564,3.45e-05,0.0098975,0.0014561,3.44e-05,0.0099459
0.0015755,0.0003976,0.0101272,0.0015752,0.0003974,0.0101766
0.0013093,0.0003389,0.0096211,0.0013089,0.0003387,0.0096683
0.0008243,0.0003461,0.0098419,0.0008242,0.000346,0.00989
0.000615,-1.1e-05,0.0102987,0.000615,-1.11e-05,0.0103488
0.0017894,-0.0001037,0.0090498,0.0017886,-0.0001037,0.0090943
0.0017913,0.0001464,0.0092271,0.0017905,0.0001463,0.0092724
0.0017915,6.66e-05,0.0095956,0.0017909,6.65e-05,0.0096426
0.0017705,0.0003673,0.0094305,0.0017699,0.0003671,0.0094767
0.0025781,-6.79e-05,0.0085227,0.0025765,-6.8e-05,0.0085644
0.0026965,0.0002508,0.0084144,0.0026948,0.0002506,0.0084554
0.0029248,0.000167,0.0086025,0.002923,0.0001669,0.0086442
0.0031215,0.0005073,0.0085041,0.0031196,0.000507,0.0085453
0.0024372,0.0004794,0.0085318,0.0024357,0.0004791,0.0085735
0.0029862,3.1e-05,0.0089584,0.0029845,3.09e-05,0.0090018
0.0024707,9e-05,0.008907,0.0024694,8.99e-05,0.0089506
0.0027692,0.0004854,0.008595,0.0027675,0.0004851,0.0086369
2.74e-05,0.0039516,0.0035528,2.74e-05,0.0039504,0.0035722
-0.0017933,-0.0007192,0.0092227,-0.0017926,-0.000719,0.0092679
-0.0012445,-0.000172,0.0090327,-0.001244,-0.000172,0.0090773
-0.0021578,-0.0006634,0.008566,-0.0021567,-0.000663,0.008608
-0.0023296,-0.0003069,0.0084259,-0.0023283,-0.0003066,0.0084672
-0.0020066,-0.0002301,0.0085538,-0.0020056,-0.0002299,0.0085958
-0.0016221,-0.0002031,0.0085589,-0.0016213,-0.000203,0.0086011
-0.0027216,-0.0006941,0.008856,-0.0027202,-0.0006938,0.008899
-0.0033943,0.0028662,0.0033961,-0.0033932,0.0028654,0.0034137
-0.0025928,0.003125,0.0036927,-0.0025918,0.0031241,0.0037123
-0.0022688,0.0030953,0.0036507,-0.0022679,0.0030944,0.0036707
-0.0029148,0.0032568,0.0038034,-0.0029138,0.0032559,0.0038229
-0.0027169,0.0032391,0.003947,-0.0027158,0.0032382,0.0039674
-0.0019358,0.0018183,0.004334,-0.0019348,0.0018176,0.0043585
-0.0020043,0.0023438,0.0041263,-0.0020034,0.002343,0.0041495
-0.0020126,0.0022578,0.0043648,-0.0020117,0.002257,0.0043889
-0.0015665,0.0018872,0.0043671,-0.0015657,0.0018864,0.004392
-0.0018717,0.0017312,0.004586,-0.0018708,0.0017305,0.0046115
-0.0024526,0.0024809,0.0044442,-0.0024515,0.00248,0.0044679
-0.0029574,0.0023946,0.0044882,-0.0029561,0.0023938,0.0045116
-0.0024659,0.0018036,0.0046417,-0.0024647,0.001803,0.0046668
-0.0020413,0.0028315,0.0047713,-0.0020404,0.0028303,0.0047962
-0.0019894,0.0025265,0.0049096,-0.0019885,0.0025254,0.0049353
-0.0019367,0.0031722,0.0047359,-0.0019357,0.003171,0.0047604
-0.0015153,0.0024722,0.0049017,-0.0015145,0.0024712,0.0049279
-0.0023833,0.0028559,0.0049288,-0.0023821,0.0028548,0.004954
-0.0017642,0.0025725,0.0051466,-0.0017633,0.0025714,0.0051733
-0.0022538,0.0031501,0.0048254,-0.0022527,0.0031489,0.00485
-0.0022905,0.0026803,0.0051639,-0.0022893,0.0026792,0.0051903
-0.0033196,0.0028221,0.0036064,-0.0033185,0.0028213,0.003625
-0.002852,0.0027906,0.0034322,-0.0028509,0.0027898,0.003451
0.0011648,0.0034757,0.0031611,0.0011644,0.0034744,0.0031797
0.0006472,0.0044293,0.0035801,0.000647,0.004428,0.0035984
0.0007816,0.0018912,0.0040306,0.0007813,0.0018905,0.0040548
0.000564,0.002212,0.0035904,0.0005638,0.002211,0.0036129
0.0003558,0.0017692,0.0039821,0.0003557,0.0017685,0.0040065
0.000716,0.0027335,0.004217,0.0007157,0.0027324,0.0042409
0.0003523,0.0030348,0.0043181,0.0003522,0.0030336,0.0043419
0.0006506,0.0036647,0.0047231,0.0006503,0.0036632,0.0047476
0.0012384,0.003569,0.0047106,0.0012379,0.0035675,0.0047348
0.0008188,0.0034275,0.004919,0.0008184,0.0034259,0.0049445
0.0007084,0.0034953,0.0051602,0.0007081,0.0034937,0.0051865
0.0004559,0.0036541,0.0049212,0.0004557,0.0036525,0.0049465
0.0001918,0.0034528,0.0051664,0.0001917,0.0034512,0.0051929
0.0011377,0.0034849,0.003357,0.0011372,0.0034837,0.0033763
0.0015485,0.0036024,0.0034273,0.0015479,0.0036012,0.0034463
0.0008859,0.0028535,0.0108629,0.0008854,0.0028521,0.0109152
0.0008659,0.0032166,0.0108816,0.0008654,0.0032148,0.0109337
-0.0017964,0.0036224,0.0034755,-0.0017956,0.0036213,0.0034943
0.0008805,0.0017351,0.0094191,0.0008801,0.0017344,0.0094652
0.0007182,0.0016006,0.0096013,0.000718,0.0016,0.0096484
0.0010013,0.0022407,0.0086131,0.0010007,0.0022394,0.0086554
0.0009257,0.0025122,0.0087163,0.0009252,0.0025108,0.0087588
0.0014886,0.002193,0.0086135,0.0014877,0.0021918,0.0086557
0.0012793,0.0023272,0.0087758,0.0012786,0.0023259,0.0088186
0.001464,0.0027323,0.0087618,0.0014631,0.0027306,0.0088043
0.0010067,0.0026869,0.0084751,0.001006,0.0026852,0.0085164
0.0011609,0.0026669,0.0087926,0.0011602,0.0026654,0.0088354
0.0007069,0.0027205,0.0086075,0.0007065,0.0027188,0.0086495
0.001052,0.0025653,0.0081384,0.0010513,0.0025637,0.0081782
0.0015261,0.0022578,0.007951,0.0015251,0.0022563,0.0079899
0.0018554,0.0024082,0.0079817,0.0018542,0.0024066,0.0080204
0.0018767,0.0024944,0.0083288,0.0018755,0.0024928,0.0083691
0.0014589,0.0026112,0.0078951,0.0014579,0.0026095,0.0079335
0.0018318,0.0027375,0.0080967,0.0018305,0.0027357,0.0081358
0.0012681,0.0028836,0.00805,0.0012673,0.0028816,0.0080891
0.0015785,0.0024106,0.0084445,0.0015775,0.0024091,0.0084857
0.0011635,0.0022528,0.0083601,0.0011627,0.0022515,0.0084011
0.0012456,0.002754,0.0083189,0.0012448,0.0027522,0.0083593
0.0008387,0.0020855,0.0064154,0.0008382,0.0020842,0.0064478
0.0011495,0.0021661,0.006397,0.0011488,0.0021648,0.0064292
0.0011668,0.0025147,0.0064428,0.0011661,0.0025132,0.006475
0.0014944,0.0026211,0.006563,0.0014934,0.0026194,0.0065954
0.0007983,0.0025986,0.0064375,0.0007979,0.0025969,0.0064697
0.0007481,0.0025033,0.0066847,0.0007477,0.0025017,0.006718
0.0011081,0.0031557,0.0064412,0.0011074,0.0031537,0.0064728
0.0012349,0.0023822,0.0066421,0.0012341,0.0023806,0.0066751
0.0010617,0.0022074,0.0068317,0.001061,0.0022059,0.0068657
0.00148,0.0021157,0.0067619,0.001479,0.0021143,0.0067955
0.0007234,0.0021206,0.0067004,0.0007229,0.0021193,0.006734
0.0011726,0.0017994,0.0066172,0.0011719,0.0017983,0.0066505
0.0009334,0.0020705,0.0071156,0.0009328,0.0020691,0.0071509
0.0003912,0.0025407,0.0064684,0.000391,0.0025391,0.0065009
0.0008282,0.0030323,0.0064841,0.0008277,0.0030303,0.0065161
0.0002561,0.0023721,0.0066772,0.0002559,0.0023706,0.0067106
0.0007923,0.0029592,0.0067273,0.0007919,0.0029572,0.0067604
0.0007759,0.0024262,0.0069944,0.0007754,0.0024246,0.007029
0.0001188,0.0020505,0.0065479,0.0001187,0.0020493,0.0065811
-6.43e-05,0.0021805,0.0067052,-6.42e-05,0.0021792,0.0067389
0.0006382,0.0017123,0.0066601,0.0006378,0.0017113,0.0066938
0.0006641,0.0020887,0.0069322,0.0006637,0.0020873,0.0069668
0.0004519,-0.0022684,0.0093603,0.0004516,-0.0022674,0.0094059
0.000106,-0.0017803,0.0090482,0.000106,-0.0017796,0.0090926
0.0008452,-0.0015309,0.0092137,0.0008449,-0.0015303,0.0092589
0.000205,-0.0031251,0.0086307,0.0002048,-0.0031233,0.0086722
0.0004709,-0.0029505,0.0087211,0.0004707,-0.0029488,0.0087633
0.000733,-0.0029547,0.0085638,0.0007326,-0.0029529,0.0086052
0.0007567,-0.0025691,0.0086183,0.0007563,-0.0025676,0.0086602
0.0010915,-0.0026215,0.008491,0.0010908,-0.0026199,0.0085323
0.0003681,-0.0026402,0.0085422,0.0003679,-0.0026387,0.0085838
0.0009015,-0.0022767,0.0086827,0.000901,-0.0022754,0.0087252
0.0010933,-0.0029862,0.0089667,0.0010927,-0.0029845,0.0090099
-0.0001182,-0.0025256,0.0085528,-0.0001181,-0.0025242,0.0085945
0.0001567,-0.0021973,0.0084707,0.0001566,-0.0021962,0.0085123
0.000267,-0.0024759,0.0089938,0.0002669,-0.0024747,0.0090376
0.0004665,-0.0028676,0.0090449,0.0004663,-0.0028661,0.0090887
6.4e-06,-0.0031438,0.0089159,6.4e-06,-0.003142,0.0089588
0.0004055,-0.0030612,0.0080121,0.0004052,-0.0030592,0.0080508
0.000746,-0.0030226,0.0079615,0.0007455,-0.0030206,0.0079999
0.0010358,-0.0030606,0.0085043,0.0010351,-0.0030587,0.0085452
0.0003396,-0.0031238,0.0083348,0.0003395,-0.0031218,0.008375
0.0003956,-0.0025099,0.0082589,0.0003953,-0.0025084,0.0082992
2.31e-05,-0.0024752,0.0082837,2.31e-05,-0.0024737,0.0083242
0.0003546,-0.0022136,0.008232,0.0003543,-0.0022123,0.0082724
0.0007089,-0.002785,0.0065186,0.0007085,-0.0027831,0.0065508
0.0011681,-0.00267,0.0064903,0.0011673,-0.0026681,0.0065223
0.00133,-0.0022731,0.0064699,0.0013291,-0.0022715,0.0065021
0.0016061,-0.0025826,0.0064145,0.0016051,-0.0025808,0.0064462
0.0019229,-0.002293,0.0064601,0.0019217,-0.0022915,0.0064919
0.0015027,-0.0024375,0.0066174,0.0015017,-0.0024358,0.0066501
0.0008484,-0.0023343,0.006499,0.0008479,-0.0023328,0.0065314
0.0012971,-0.0018882,0.0065298,0.0012964,-0.0018869,0.0065625
0.0011743,-0.0014477,0.0064157,0.0011736,-0.0014467,0.0064484
0.0011399,-0.002375,0.0066826,0.0011392,-0.0023734,0.0067157
0.0011254,-0.0027316,0.0068606,0.0011247,-0.0027297,0.0068942
0.0015152,-0.0027438,0.0067472,0.0015142,-0.0027419,0.0067802
0.0007239,-0.0027491,0.0067972,0.0007234,-0.0027472,0.0068306
0.0011657,-0.0018452,0.0067527,0.001165,-0.0018439,0.0067864
0.0011706,-0.0027107,0.00719,0.0011699,-0.0027088,0.0072251
0.0004152,-0.0023534,0.0065414,0.0004149,-0.0023518,0.006574
0.0006821,-0.0019284,0.0064521,0.0006817,-0.0019271,0.0064847
0.0007243,-0.0023249,0.0068185,0.0007239,-0.0023233,0.0068523
0.0002985,-0.0019263,0.0065153,0.0002983,-0.0019251,0.0065483
0.0008229,-0.0019155,0.0067212,0.0008223,-0.0019142,0.0067549
0.0002584,-0.0022006,0.0067396,0.0002582,-0.0021991,0.0067733
0.0008271,-0.0022954,0.007116,0.0008265,-0.0022938,0.0071511
0.0002538,-0.0027468,0.0068338,0.0002536,-0.0027449,0.0068675
0.0008708,-0.0027607,0.0071035,0.0008703,-0.0027587,0.0071382
0.0005163,-0.0035657,0.0102751,0.000516,-0.0035639,0.010324
0.0008582,-0.0035008,0.0101883,0.0008577,-0.0034989,0.0102368
0.0005358,-0.0031616,0.0102036,0.0005356,-0.0031602,0.0102525
0.001342,-0.002095,0.0093679,0.0013413,-0.0020941,0.0094134
0.0013773,-0.0018405,0.0092253,0.0013766,-0.0018397,0.0092703
0.0009517,-0.0020931,0.0093417,0.0009512,-0.0020922,0.0093873
0.0010967,-0.0028641,0.008725,0.0010961,-0.0028624,0.0087672
0.0018396,-0.0025983,0.008668,0.0018384,-0.0025968,0.0087098
0.0014891,-0.0026039,0.0085678,0.0014882,-0.0026023,0.0086093
0.0014275,-0.0021502,0.0086383,0.0014267,-0.002149,0.0086805
0.0014782,-0.0026163,0.0090293,0.0014774,-0.0026149,0.0090729
0.0012221,-0.0023382,0.0086033,0.0012214,-0.0023368,0.0086452
0.0003226,-0.0008835,0.0097464,0.0003225,-0.0008834,0.009794
0.0003479,-0.0010783,0.0099634,0.0003479,-0.0010782,0.010012
-3.93e-05,-0.0010851,0.0098692,-3.93e-05,-0.001085,0.0099173
0.0002164,-0.0005924,0.0099597,0.0002164,-0.0005924,0.0100083
0.0003114,-0.0010601,0.0102812,0.0003114,-0.0010602,0.0103312
0.0003107,-0.0010355,0.0094791,0.0003105,-0.0010353,0.0095256
9.6e-06,-0.0010065,0.0102755,9.5e-06,-0.0010066,0.0103255
0.000514,-0.0011818,0.0097233,0.0005139,-0.0011816,0.0097709
0.0001622,-0.0014332,0.0090154,0.0001621,-0.0014327,0.0090597
0.0033668,-0.0019487,0.0034719,0.0033656,-0.0019478,0.003491
0.0034294,-0.0025566,0.0038011,0.0034282,-0.0025555,0.0038205
0.003424,-0.0020228,0.0037044,0.0034229,-0.0020219,0.0037242
0.0015526,-0.0011895,0.0037217,0.0015518,-0.0011887,0.003745
0.0015742,-0.0015451,0.0037264,0.0015735,-0.0015442,0.0037495
0.0013008,-0.0015943,0.0037463,0.0013002,-0.0015933,0.0037696
0.0010793,-0.0014365,0.0035858,0.0010787,-0.0014356,0.003609
0.0009035,-0.0016705,0.0037324,0.0009031,-0.0016694,0.0037558
0.0012495,-0.00179,0.003922,0.0012489,-0.001789,0.0039457
0.00163,-0.0012547,0.0040033,0.0016292,-0.0012539,0.0040274
0.001798,-0.0012411,0.0042514,0.0017971,-0.0012403,0.0042761
0.0016327,-0.0016543,0.004254,0.0016319,-0.0016534,0.0042786
0.001304,-0.0016155,0.0042399,0.0013034,-0.0016145,0.0042648
0.0011064,-0.0014109,0.0040976,0.0011059,-0.00141,0.0041224
0.0012525,-0.0008224,0.0039359,0.0012519,-0.0008218,0.0039605
0.0008868,-0.0016311,0.0042084,0.0008863,-0.0016302,0.0042334
0.0012412,-0.0016383,0.004444,0.0012406,-0.0016374,0.0044695
0.0007531,-0.0011297,0.0052936,0.0007526,-0.001129,0.0053226
0.0011927,-0.0011364,0.0052906,0.001192,-0.0011356,0.0053194
0.0012039,-0.0007054,0.005283,0.0012033,-0.0007049,0.0053119
0.0016406,-0.0007229,0.0052858,0.0016397,-0.0007224,0.0053144
0.0008038,-0.000687,0.0052764,0.0008034,-0.0006866,0.0053055
0.0012021,4.9e-06,0.0052907,0.0012014,5e-06,0.0053198
0.0010312,-0.0008496,0.0060004,0.0010306,-0.0008489,0.0060318
0.0012185,-0.0011596,0.0055701,0.0012178,-0.0011588,0.0055997
0.0016605,-0.0012166,0.0055375,0.0016596,-0.0012157,0.0055667
0.0008263,-0.0011105,0.005557,0.0008258,-0.0011097,0.0055869
0.0012391,-0.0011581,0.0058416,0.0012384,-0.0011573,0.0058722
0.0003795,-0.0008247,0.0052302,0.0003794,-0.0008241,0.0052592
0.0007014,-0.0002657,0.0052623,0.000701,-0.0002654,0.0052916
0.0007798,-0.0007143,0.0055627,0.0007794,-0.0007138,0.0055927
0.0007376,-0.0003079,0.0055554,0.0007372,-0.0003076,0.0055856
0.0008337,-0.0006826,0.005834,0.0008332,-0.0006821,0.005865
0.0009188,-0.0011076,0.0058213,0.0009182,-0.0011069,0.005852
0.003192,-0.0014355,0.0050001,0.0031905,-0.0014347,0.0050258
0.0028296,-0.001672,0.0048516,0.0028283,-0.0016711,0.0048769
0.0028446,-0.0007743,0.0049561,0.0028432,-0.0007738,0.0049824
0.0028937,-0.0012972,0.0051907,0.0028922,-0.0012964,0.0052174
0.0030288,-0.002098,0.0051157,0.0030273,-0.0020968,0.0051415
0.002701,-0.0016145,0.0050726,0.0026997,-0.0016136,0.005099
0.0032348,-0.0014342,0.0052524,0.0032332,-0.0014334,0.0052789
0.0033485,-0.0007212,0.0052591,0.0033468,-0.0007207,0.0052858
0.0029284,-0.0016687,0.0053578,0.0029269,-0.0016677,0.0053849
0.0029811,-0.0008562,0.005168,0.0029796,-0.0008556,0.0051949
0.003014,-0.0020041,0.0054687,0.0030124,-0.0020029,0.005496
0.0029346,-0.0015803,0.005677,0.002933,-0.0015792,0.0057055
-0.0040894,0.0017852,0.0036157,-0.004088,0.0017847,0.0036342
-0.0042475,-0.0013363,0.0031699,-0.004246,-0.0013357,0.0031863
-0.0037044,-0.0014861,0.0030352,-0.0037029,-0.0014852,0.0030524
-0.0042383,-0.0013584,0.003355,-0.0042369,-0.0013577,0.0033723
-0.0037297,-0.0014683,0.0032821,-0.0037283,-0.0014676,0.0033001
-0.0016937,-0.0040921,0.0036192,-0.0016931,-0.0040906,0.0036376
-0.0012875,-0.004146,0.003593,-0.0012869,-0.0041444,0.0036114
0.0038609,0.0010677,0.0035025,0.0038595,0.0010674,0.0035216
0.0042659,0.0009467,0.003622,0.0042644,0.0009465,0.0036407
-0.0005777,0.0031837,0.0087178,-0.0005774,0.0031818,0.0087599
-0.0001587,0.0030655,0.0086341,-0.0001587,0.0030637,0.008676
-0.0005297,0.003021,0.0089515,-0.0005295,0.0030192,0.0089949
-0.0007114,0.0033666,0.0101743,-0.0007111,0.0033648,0.0102232
-0.0014072,0.0022655,0.0086047,-0.0014064,0.0022642,0.0086468
-0.0011139,0.0023586,0.0087081,-0.0011132,0.0023573,0.0087506
-0.000991,0.0022687,0.0084917,-0.0009904,0.0022674,0.0085333
-0.0007744,0.0023444,0.0087172,-0.000774,0.0023432,0.0087599
-0.000433,0.0027774,0.008687,-0.0004328,0.0027757,0.0087294
-0.0013644,0.0028449,0.00864,-0.0013636,0.0028431,0.0086818
-0.0010093,0.0032015,0.008742,-0.0010086,0.0031995,0.0087841
-0.0009489,0.0027672,0.0089907,-0.0009484,0.0027657,0.0090344
-0.0016348,0.0027502,0.0090515,-0.0016339,0.0027487,0.0090952
-0.0016709,0.0023907,0.0089587,-0.00167,0.0023893,0.0090023
-0.0012771,0.0024188,0.0089052,-0.0012764,0.0024175,0.0089486
-0.001453,0.0024298,0.0079025,-0.0014521,0.0024283,0.0079411
-0.0013746,0.0029204,0.0079933,-0.0013737,0.0029184,0.008032
-0.0006111,0.002782,0.0080112,-0.0006107,0.0027802,0.0080503
-0.001338,0.0028058,0.0083046,-0.0013371,0.002804,0.0083449
-0.0017542,0.0028743,0.0083517,-0.001753,0.0028724,0.0083919
-0.0012962,0.0023557,0.0082573,-0.0012954,0.0023543,0.0082977
-0.0017668,0.0024322,0.0083634,-0.0017658,0.0024307,0.0084039
-0.0009172,0.0019352,0.0064466,-0.0009166,0.0019341,0.0064792
-0.0005808,0.0021554,0.00651,-0.0005804,0.0021541,0.0065429
-0.0002292,0.0021275,0.0064513,-0.0002291,0.0021263,0.006484
-0.0004132,0.0024996,0.0064509,-0.0004129,0.0024981,0.0064833
-5.1e-05,0.002512,0.0065595,-5.1e-05,0.0025104,0.0065924
-0.0010196,0.0027114,0.0065332,-0.001019,0.0027098,0.0065656
-0.0006647,0.0027992,0.0066073,-0.0006642,0.0027975,0.00664
-0.0004975,0.0026391,0.006774,-0.0004972,0.0026374,0.0068076
-0.0008772,0.0022006,0.0066557,-0.0008767,0.0021992,0.0066891
-0.0012454,0.0020937,0.0066269,-0.0012445,0.0020924,0.0066601
-0.0003867,0.0015342,0.0065469,-0.0003865,0.0015333,0.0065803
-0.0004781,0.0020394,0.0069565,-0.0004777,0.0020381,0.0069913
-0.0007764,0.0024202,0.0064331,-0.0007759,0.0024187,0.0064654
-0.000918,0.0034752,0.0064946,-0.0009174,0.003473,0.0065262
-0.0009345,0.0025723,0.006756,-0.0009338,0.0025706,0.0067896
-0.0009528,0.0029674,0.0067611,-0.0009522,0.0029655,0.0067943
-0.0009273,0.0023656,0.0070285,-0.0009267,0.0023641,0.0070634
-0.0008232,0.0012233,0.0067226,-0.0008227,0.0012226,0.0067568
-0.0011014,0.0009858,0.0099408,-0.0011012,0.0009856,0.0099895
-0.0007292,0.0008684,0.009927,-0.0007292,0.0008682,0.0099756
-0.0007626,0.0011872,0.0099057,-0.0007625,0.0011869,0.0099543
-0.0004497,0.0011107,0.0099497,-0.0004497,0.0011105,0.0099984
-0.0010668,0.0006587,0.0100272,-0.0010668,0.0006586,0.0100762
-0.002291,0.0024056,0.0085766,-0.0022896,0.0024042,0.008618
-0.0020017,0.0024678,0.0087813,-0.0020006,0.0024663,0.0088237
-0.0017799,0.0023056,0.0086328,-0.0017789,0.0023042,0.0086747
-0.0017118,0.0027127,0.0086513,-0.0017108,0.0027111,0.0086931
-0.0022099,0.0023405,0.0089847,-0.0022087,0.0023392,0.0090281
-0.0020314,0.0027217,0.0085124,-0.0020301,0.00272,0.0085533
-0.00232,-0.0037472,0.0033584,-0.0023191,-0.0037458,0.0033757
-0.0018304,-0.0036864,0.0032448,-0.0018297,-0.0036849,0.0032624
-0.0015218,-0.00331,0.0101769,-0.0015211,-0.0033083,0.0102254
-0.0011715,-0.0034247,0.0101635,-0.0011709,-0.003423,0.0102119
-0.0013165,-0.0030454,0.0102108,-0.001316,-0.003044,0.0102598
-0.001042,-0.0031359,0.0102186,-0.0010415,-0.0031345,0.0102676
-0.0008511,-0.0010318,0.0099217,-0.000851,-0.0010317,0.0099701
-0.0004832,-0.0010899,0.0099139,-0.0004832,-0.0010898,0.0099623
-0.0009342,-0.0006847,0.0098846,-0.0009341,-0.0006847,0.0099329
-0.0012228,-0.0011286,0.0100922,-0.0012227,-0.0011284,0.0101413
-0.0009994,-0.0012049,0.0097119,-0.0009992,-0.0012046,0.0097595
-0.0032514,-0.0016062,0.0102951,-0.0032497,-0.0016054,0.0103442
-0.002411,-0.0009355,0.0084854,-0.0024096,-0.000935,0.0085268
-0.0024128,-0.0013094,0.0090116,-0.0024116,-0.0013088,0.0090554
-0.0020585,-0.0011884,0.0085289,-0.0020574,-0.0011878,0.0085706
-0.0027695,-0.0011113,0.008627,-0.0027679,-0.0011108,0.0086688
-0.0041264,0.0013973,0.0035914,-0.004125,0.001397,0.0036099
-0.0035505,0.0012348,0.0034906,-0.003549,0.0012345,0.0035101
-0.0040343,0.0008214,0.0035101,-0.0040328,0.0008212,0.0035289
-0.003584,0.0007572,0.0034447,-0.0035826,0.000757,0.0034642
-0.004371,0.0008137,0.0038481,-0.0043695,0.0008136,0.0038675
-0.0040622,0.0008224,0.0037369,-0.0040607,0.0008223,0.0037565
-0.0002363,0.0033319,0.0104518,-0.0002362,0.0033302,0.0105021
7.05e-05,0.0032942,0.0105119,7.04e-05,0.0032925,0.0105624
-0.0013977,-0.0005247,0.0029812,-0.0013969,-0.0005243,0.0030028
-0.0007586,-0.0007158,0.0029762,-0.0007581,-0.0007152,0.0029983
-0.0010536,-0.0003181,0.0029309,-0.0010529,-0.0003177,0.0029528
-0.0007092,-0.0003176,0.0028018,-0.0007087,-0.0003172,0.0028236
-0.000875,0.0001845,0.0029255,-0.0008744,0.0001845,0.0029476
-0.0015918,-0.0004193,0.0032635,-0.0015909,-0.0004189,0.0032859
-0.0013766,-0.0004449,0.0034876,-0.0013758,-0.0004445,0.0035108
-0.0010803,-0.0003329,0.0037516,-0.0010796,-0.0003326,0.003776
-0.0016255,-0.0003917,0.0037315,-0.0016246,-0.0003914,0.0037553
-0.001414,-0.0003782,0.0039187,-0.0014132,-0.0003779,0.0039432
-0.0012012,-0.0008254,0.0039233,-0.0012005,-0.0008248,0.0039479
-0.0015831,-0.001248,0.0037499,-0.0015822,-0.0012472,0.0037733
-0.0005116,-0.0002467,0.0037335,-0.0005113,-0.0002464,0.0037582
-0.0010587,3.31e-05,0.0039225,-0.0010581,3.32e-05,0.0039474
-0.0010088,-0.0001977,0.0041824,-0.0010082,-0.0001975,0.0042081
-0.0013474,-0.0006764,0.0041744,-0.0013467,-0.0006759,0.0041997
-0.0018899,-0.0003485,0.0039551,-0.001889,-0.0003482,0.0039793
-0.0014758,-0.000327,0.0042917,-0.001475,-0.0003267,0.0043174
-0.0019785,-0.00037,0.0042801,-0.0019776,-0.0003697,0.0043051
-0.001464,0.0004485,0.0042091,-0.0014632,0.0004484,0.0042345
-0.0014321,-0.0010174,0.0042303,-0.0014313,-0.0010168,0.0042555
-0.0010593,0.0005239,0.0052899,-0.0010587,0.0005238,0.005319
-0.0007451,0.0003754,0.0053701,-0.0007447,0.0003753,0.0053997
-0.0006955,0.0005072,0.0051586,-0.0006951,0.000507,0.0051875
-0.0003428,0.0005162,0.0052577,-0.0003426,0.0005161,0.005287
-0.0005496,0.0009826,0.0052202,-0.0005492,0.0009823,0.0052492
-0.0001648,0.0008501,0.0052042,-0.0001647,0.0008498,0.0052333
-0.0009827,0.0009805,0.0052308,-0.0009821,0.0009801,0.0052597
-0.0004193,0.0013418,0.0053644,-0.000419,0.0013412,0.0053937
-0.0004971,0.000951,0.0054659,-0.0004968,0.0009507,0.0054957
-0.0003606,0.0008456,0.0062131,-0.0003604,0.0008452,0.0062455
-0.0004865,0.0003955,0.0055147,-0.0004863,0.0003953,0.0055448
-0.0001306,0.0005573,0.0055201,-0.0001305,0.0005572,0.0055503
-0.0009165,0.0005581,0.0055762,-0.000916,0.0005579,0.0056064
-0.0004943,0.0005703,0.0058095,-0.000494,0.0005701,0.0058405
-0.0008339,0.0015518,0.005448,-0.0008334,0.0015511,0.0054772
-0.0008924,0.0008148,0.0058562,-0.0008919,0.0008145,0.0058873
-0.0008438,0.0004639,0.0058407,-0.0008433,0.0004637,0.0058718
-0.0010211,0.0004939,0.0060625,-0.0010204,0.0004937,0.0060943
-0.001963,-0.0007324,0.0040808,-0.001962,-0.000732,0.0041051
-0.0029871,-0.0005142,0.0046356,-0.0029858,-0.0005139,0.0046605
-0.0027635,-0.0003941,0.0048299,-0.0027622,-0.0003938,0.0048559
-0.003102,-0.0003549,0.0049496,-0.0031006,-0.0003546,0.0049755
-0.0029686,-0.000681,0.0048117,-0.0029672,-0.0006806,0.0048373
-0.0021716,-0.000713,0.0047991,-0.0021705,-0.0007125,0.0048256
-0.0024345,-0.0006244,0.0050164,-0.0024332,-0.000624,0.0050434
-0.0030221,-0.0008926,0.0050657,-0.0030206,-0.0008921,0.0050921
0.0019222,0.0035731,0.0035255,0.0019215,0.003572,0.0035446
0.0023919,0.0036005,0.0036528,0.0023911,0.0035995,0.0036718
0.0001485,-0.0040331,0.0034412,0.0001485,-0.0040314,0.0034597
0.0005627,-0.0039934,0.0034464,0.0005626,-0.0039917,0.0034651
0.0032979,0.0012642,0.0035978,0.0032966,0.0012639,0.0036182
0.0015876,0.0013189,0.0034835,0.0015869,0.0013183,0.003506
0.0011818,0.0012693,0.0034449,0.0011812,0.0012688,0.0034678
0.0016018,0.0013716,0.0036907,0.001601,0.001371,0.0037138
0.0016744,0.0008597,0.0040482,0.0016737,0.0008594,0.0040727
0.0008918,0.0010903,0.0036132,0.0008914,0.0010899,0.0036368
0.0011172,0.0013256,0.0037737,0.0011167,0.0013251,0.0037975
0.0013094,0.0008893,0.0039724,0.0013088,0.000889,0.0039969
0.0017572,0.001276,0.0039676,0.0017563,0.0012755,0.0039915
0.0016124,0.0013172,0.0042314,0.0016116,0.0013167,0.0042562
0.0008406,0.0014858,0.0039357,0.0008403,0.0014853,0.0039601
0.0030809,0.001079,0.0047163,0.0030795,0.0010786,0.0047413
0.0034283,0.0012829,0.0047985,0.0034268,0.0012824,0.0048232
0.0033644,0.0013691,0.004976,0.0033628,0.0013686,0.0050015
0.0033943,0.0009909,0.0049888,0.0033927,0.0009906,0.0050144
0.002979,0.0010239,0.0049426,0.0029776,0.0010236,0.0049685
0.0034976,0.000945,0.005238,0.0034959,0.0009447,0.0052644
0.0029749,0.0013987,0.0048705,0.0029735,0.0013982,0.004896
0.0030072,0.0014638,0.0051733,0.0030057,0.0014632,0.0051999
0.0031413,0.0007924,0.0047921,0.0031398,0.0007922,0.0048175
0.0027324,0.0009486,0.0051188,0.0027311,0.0009482,0.0051457
0.003714,0.0013338,0.0037492,0.0037126,0.0013334,0.0037693
0.0005204,0.0036061,0.0102671,0.0005201,0.0036039,0.0103163
0.0002841,0.0015068,0.0092039,0.000284,0.0015062,0.0092492
0.0003338,0.0014401,0.0095838,0.0003336,0.0014396,0.0096308
-9.02e-05,0.0015397,0.0096695,-9.01e-05,0.0015392,0.0097169
0.0003398,0.002325,0.0085427,0.0003396,0.0023237,0.0085847
0.0005792,0.0023831,0.0087532,0.0005789,0.0023817,0.008796
0.0002794,0.0028315,0.0086234,0.0002793,0.0028298,0.0086655
0.0002877,0.0025897,0.0090178,0.0002876,0.0025883,0.0090618
-0.0001372,0.0027514,0.0088922,-0.0001371,0.0027499,0.0089355
0.0002463,0.0031124,0.0080318,0.0002461,0.0031103,0.0080708
0.0003829,0.0034247,0.0082139,0.0003826,0.0034224,0.0082534
0.0006754,0.0031471,0.008081,0.0006749,0.003145,0.0081201
-7.85e-05,0.0029871,0.0082466,-7.84e-05,0.0029852,0.0082867
0.0035718,0.0017047,0.0032295,0.0035705,0.0017043,0.0032477
0.003529,0.0020224,0.0033231,0.0035278,0.0020219,0.0033414
-0.0023789,-0.003905,0.0027552,-0.002378,-0.0039035,0.0027695
-0.001895,-0.0038413,0.0026603,-0.0018941,-0.0038395,0.0026752
-0.0023556,-0.0038684,0.0029809,-0.0023548,-0.0038669,0.0029963
-0.0018544,-0.0038319,0.0028325,-0.0018536,-0.0038302,0.0028482
-0.003078,-0.0033246,0.003444,-0.0030769,-0.0033233,0.0034614
-0.0027145,-0.0034863,0.0034182,-0.0027135,-0.003485,0.0034357
-0.0037699,0.0024001,0.0033674,-0.0037686,0.0023995,0.0033847
-0.0033196,0.0023124,0.0033005,-0.0033183,0.0023117,0.0033186
-0.0036348,0.0022583,0.0034998,-0.0036336,0.0022576,0.0035181
-0.0036259,0.0022897,0.0038326,-0.0036246,0.0022891,0.0038523
-0.0032106,0.0022836,0.0036991,-0.0032093,0.0022829,0.0037191
-0.0030396,0.0018436,0.0047422,-0.0030382,0.0018429,0.0047669
-0.0031552,0.0022396,0.0046781,-0.0031537,0.0022388,0.004702
-0.0028881,0.0024458,0.00504,-0.0028867,0.0024448,0.0050655
-0.0028299,0.0018871,0.0049955,-0.0028285,0.0018864,0.0050214
-0.0024063,0.0018621,0.0049619,-0.0024051,0.0018614,0.0049881
-0.0032629,0.0019548,0.0050311,-0.0032614,0.0019541,0.0050565
-0.0028459,0.0019463,0.0052577,-0.0028445,0.0019455,0.0052844
-0.0032931,0.0019877,0.0052976,-0.0032914,0.0019869,0.005324
-0.002989,0.0010814,0.0101592,-0.0029875,0.0010808,0.0102081
-0.0033187,0.000673,0.0101104,-0.003317,0.0006726,0.0101589
0.0018266,0.0015264,0.0086542,0.0018255,0.0015255,0.0086966
0.0023082,0.0015891,0.0084377,0.0023068,0.0015881,0.0084788
0.0024939,0.0017242,0.008796,0.0024925,0.0017232,0.0088387
0.0022811,0.0019581,0.0086611,0.0022797,0.0019569,0.0087031
0.0022165,0.0018898,0.0089226,0.0022152,0.0018888,0.008966
0.0017954,0.0016607,0.0089489,0.0017944,0.0016598,0.0089927
0.0019615,0.0019141,0.0087713,0.0019604,0.001913,0.0088141
0.0017454,0.0019963,0.0089701,0.0017444,0.0019953,0.0090138
0.0014008,0.0032875,0.0101956,0.0014,0.0032856,0.0102446
0.0028786,-0.0020569,0.0102255,0.0028771,-0.0020559,0.0102743
0.0028228,-0.0016189,0.0101706,0.0028213,-0.0016181,0.0102194
0.0011052,-0.0005148,0.0099393,0.0011051,-0.0005148,0.0099878
0.0013397,-0.0005876,0.0099951,0.0013395,-0.0005876,0.0100439
0.00131,-0.000432,0.0097394,0.0013097,-0.0004319,0.009787
0.0013377,-0.0005908,0.0093655,0.0013373,-0.0005907,0.0094114
0.0008447,-0.0005837,0.009969,0.0008446,-0.0005838,0.0100177
0.0006444,-0.0004023,0.0097601,0.0006443,-0.0004024,0.0098078
0.0017646,-0.0003338,0.0092107,0.0017639,-0.0003337,0.0092559
0.0027246,-0.0001404,0.0088152,0.002723,-0.0001404,0.0088582
-0.0018116,0.0035674,0.003685,-0.0018108,0.0035663,0.0037048
-0.001316,0.0018239,0.0042085,-0.0013153,0.0018232,0.0042331
-0.0007705,0.001916,0.0041377,-0.0007702,0.0019152,0.0041624
-0.000947,0.0016995,0.0042895,-0.0009465,0.0016988,0.0043148
-0.0005493,0.0016355,0.0042901,-0.000549,0.0016349,0.0043156
-0.0013903,0.0022748,0.0042341,-0.0013896,0.0022739,0.0042582
-0.001504,0.0018375,0.0045484,-0.0015032,0.0018368,0.004574
-0.0009945,0.0035824,0.0047225,-0.000994,0.003581,0.0047469
-0.0010166,0.0031065,0.0049315,-0.0010161,0.0031052,0.0049574
-0.001456,0.0031604,0.0049493,-0.0014553,0.0031591,0.0049748
-0.0014213,0.0031221,0.0052013,-0.0014205,0.0031207,0.0052279
-0.001409,0.0027763,0.0048635,-0.0014083,0.0027752,0.0048892
-0.0004574,0.0027187,0.0048034,-0.0004571,0.0027176,0.0048294
-0.0010396,0.0026141,0.0051092,-0.0010391,0.002613,0.0051363
-0.001358,0.0025579,0.0051568,-0.0013572,0.0025567,0.0051838
-0.0007728,0.0026769,0.0052018,-0.0007724,0.0026757,0.0052292
-0.0003133,0.0029084,0.0050605,-0.0003131,0.0029071,0.0050872
-0.001037,0.0030376,0.0054779,-0.0010364,0.003036,0.0055058
-0.0014214,0.0030915,0.0054769,-0.0014206,0.0030899,0.0055047
-0.0018998,0.003042,0.0054751,-0.0018988,0.0030406,0.0055027
-0.0014306,0.0024397,0.0053835,-0.0014298,0.0024385,0.0054115
-0.0018218,0.002594,0.0054305,-0.0018208,0.0025928,0.0054583
-0.0015546,0.0010093,0.0039197,-0.0015538,0.001009,0.0039438
-0.0020849,0.0013289,0.0040036,-0.0020839,0.0013284,0.0040272
-0.0017301,0.0013008,0.0039386,-0.0017293,0.0013003,0.0039624
-0.001453,0.00107,0.0042623,-0.0014522,0.0010696,0.0042876
-0.0021243,0.0016064,0.0042012,-0.0021233,0.0016058,0.0042253
-0.002422,0.0012121,0.0046032,-0.0024208,0.0012116,0.0046284
-0.0021598,0.0007737,0.0041597,-0.0021587,0.0007736,0.004184
-0.002424,0.0021328,0.0046837,-0.0024228,0.002132,0.0047087
-0.0021543,0.0020062,0.0047756,-0.0021533,0.0020054,0.0048013
-0.001926,0.0016528,0.0048413,-0.001925,0.0016522,0.0048677
-0.0019494,0.0021738,0.0046116,-0.0019485,0.002173,0.0046368
-0.0014724,0.0017623,0.004789,-0.0014717,0.0017615,0.0048156
-0.0019088,0.0017401,0.0050897,-0.0019078,0.0017394,0.0051169
-0.0024282,0.0023904,0.0049646,-0.002427,0.0023894,0.0049904
-0.0024257,0.0019045,0.0051787,-0.0024244,0.0019037,0.0052056
-0.0022274,0.0030393,0.0053339,-0.0022262,0.0030379,0.0053607
-0.0018434,0.0030714,0.0052342,-0.0018425,0.00307,0.0052607
-0.002299,0.0026791,0.005499,-0.0022977,0.0026778,0.0055267
-0.0019911,0.002597,0.0057261,-0.0019899,0.0025956,0.0057549
-0.0024156,0.0026791,0.0058105,-0.0024141,0.0026777,0.0058393
0.0009328,0.002877,0.0102051,0.0009323,0.0028756,0.0102545
0.00089,0.0032062,0.0102382,0.0008895,0.0032045,0.0102875
0.0034654,0.000229,0.0080731,0.003463,0.0002289,0.0081119
0.0034897,-0.0001208,0.0081438,0.0034873,-0.0001207,0.0081828
0.0016335,0.0019919,0.0041177,0.0016328,0.0019911,0.0041416
0.0015517,0.0022382,0.0040787,0.0015511,0.0022373,0.0041022
0.0012641,0.0022765,0.0040986,0.0012635,0.0022756,0.0041224
0.0016577,0.002262,0.0043677,0.0016569,0.0022611,0.0043921
0.0012642,0.0018076,0.0042879,0.0012636,0.0018068,0.0043128
0.0010522,0.0020271,0.0041611,0.0010517,0.0020263,0.0041855
0.0008111,0.001777,0.0042833,0.0008108,0.0017763,0.0043085
0.0014534,0.0027562,0.0045869,0.0014527,0.0027551,0.0046116
0.0019192,0.0025926,0.0048568,0.0019183,0.0025914,0.0048824
0.0015981,0.0031144,0.0046603,0.0015975,0.0031131,0.0046848
0.0012553,0.0030647,0.0045752,0.0012547,0.0030634,0.0045996
0.0015201,0.0026074,0.0047593,0.0015194,0.0026063,0.0047849
0.0012749,0.0026219,0.0048787,0.0012743,0.0026208,0.0049048
0.0015673,0.0024848,0.0050301,0.0015666,0.0024837,0.0050567
0.001151,0.0028243,0.0047306,0.0011505,0.0028231,0.0047559
0.0012988,0.0030887,0.0048985,0.0012982,0.0030874,0.0049241
0.0011521,0.0025407,0.0050519,0.0011516,0.0025395,0.0050788
0.0016671,0.0027461,0.0052354,0.0016662,0.0027448,0.0052624
0.0019604,0.0026719,0.0051369,0.0019595,0.0026707,0.0051635
0.0020105,0.0027755,0.0054,0.0020095,0.0027741,0.0054274
0.0013495,0.0030722,0.0051774,0.0013489,0.0030707,0.005204
0.0015202,0.0028778,0.0054455,0.0015194,0.0028763,0.0054732
0.0016445,0.0025869,0.0056761,0.0016435,0.0025856,0.0057049
0.0010325,0.002805,0.0052276,0.001032,0.0028037,0.0052549
0.0009047,0.0030935,0.0051352,0.0009042,0.003092,0.0051619
0.0016191,0.0035776,0.0036676,0.0016185,0.0035764,0.0036875
0.001563,0.0040494,0.0038207,0.0015625,0.0040482,0.0038404
0.0023909,0.0021826,0.0100916,0.0023897,0.0021813,0.0101403
0.0028542,0.0022213,0.0102325,0.0028526,0.0022199,0.0102816
-0.0004113,-0.0019278,0.0093149,-0.0004112,-0.0019271,0.0093605
-0.0001493,-0.0018648,0.0090904,-0.0001493,-0.001864,0.0091349
-0.000174,-0.0014684,0.0092216,-0.000174,-0.0014679,0.0092669
-0.0002461,-0.0022959,0.0093816,-0.0002461,-0.002295,0.0094273
-0.0003904,-0.0027811,0.0086279,-0.0003901,-0.0027795,0.0086697
-0.0001179,-0.0029749,0.0085785,-0.0001178,-0.0029732,0.00862
-0.0001316,-0.002152,0.0085623,-0.0001316,-0.0021509,0.0086043
-0.0006475,-0.0021982,0.0084406,-0.0006471,-0.002197,0.0084819
0.0033229,-0.0028862,0.0036189,0.0033218,-0.002885,0.0036374
0.0012624,-0.0034272,0.0102369,0.0012616,-0.0034253,0.0102857
0.001281,-0.0030968,0.0102811,0.0012803,-0.0030953,0.0103303
-0.0039742,-0.0019628,0.0036033,-0.0039728,-0.0019619,0.0036217
0.0011563,0.0034362,0.0035886,0.0011559,0.003435,0.0036088
0.0010925,0.0038279,0.0037356,0.0010921,0.0038267,0.0037557
-0.0004651,-0.0023117,0.0040734,-0.0004648,-0.0023105,0.0040973
-0.0001256,-0.0015368,0.0039738,-0.0001256,-0.0015359,0.0039983
-3.33e-05,-0.001839,0.0041741,-3.32e-05,-0.001838,0.004199
-0.0007568,-0.0017079,0.0039573,-0.0007564,-0.0017069,0.0039814
-0.0004955,-0.001602,0.0042038,-0.0004953,-0.001601,0.0042289
-0.0003636,-0.0026981,0.0041787,-0.0003633,-0.0026968,0.0042024
-0.0001179,-0.0031629,0.0046891,-0.0001177,-0.0031613,0.004714
-5.8e-05,-0.003445,0.0049093,-5.8e-05,-0.0034432,0.0049346
-0.0001247,-0.0029032,0.0048849,-0.0001246,-0.0029017,0.0049109
0.0004603,-0.003288,0.0049201,0.0004601,-0.0032863,0.0049456
-0.0006734,-0.0024065,0.0049246,-0.0006731,-0.0024052,0.0049512
-0.0003963,-0.0032492,0.0050564,-0.0003961,-0.0032475,0.0050824
0.000267,-0.0034317,0.0051408,0.0002669,-0.0034298,0.005167
-0.0001079,-0.0028894,0.0051293,-0.0001078,-0.0028878,0.0051562
0.0003187,-0.0029067,0.0050778,0.0003185,-0.0029051,0.0051044
7e-05,-0.0024786,0.0049787,7e-05,-0.0024773,0.0050055
2.21e-05,-0.0027771,0.0053988,2.21e-05,-0.0027755,0.0054267
0.000285,-0.0033978,0.0053739,0.0002849,-0.0033959,0.0054009
-0.0004572,-0.003332,0.0053602,-0.000457,-0.0033301,0.0053873
-3e-05,-0.0032129,0.0056565,-2.99e-05,-0.0032111,0.0056849
-0.0009267,-0.0028242,0.0050928,-0.0009263,-0.0028226,0.0051194
-0.0007247,-0.0025615,0.0051828,-0.0007243,-0.0025601,0.00521
-0.0010097,-0.0032801,0.0054857,-0.0010091,-0.0032783,0.0055132
-0.0009495,-0.0042101,0.003802,-0.0009492,-0.0042084,0.0038213
-0.0004414,-0.0041865,0.003807,-0.0004412,-0.0041848,0.0038266
-0.0003578,-0.0036797,0.0037944,-0.0003577,-0.003678,0.0038151
-0.0006261,-0.0014124,0.0034765,-0.0006257,-0.0014115,0.0034996
-1.6e-06,-0.0017828,0.003737,-1.7e-06,-0.0017817,0.0037606
-0.0001583,-0.0006506,0.0034425,-0.0001582,-0.0006501,0.0034662
-0.0006124,-0.0010626,0.0040065,-0.0006121,-0.0010619,0.0040315
-0.0008617,-0.0016391,0.0037127,-0.0008612,-0.0016381,0.0037361
-0.0011856,-0.0015154,0.0039318,-0.0011849,-0.0015145,0.0039559
-0.0012917,-0.0012493,0.0034899,-0.0012909,-0.0012485,0.0035127
-0.0014183,-0.0012222,0.004019,-0.0014175,-0.0012214,0.0040434
-0.001251,-0.0016468,0.0036829,-0.0012502,-0.0016458,0.0037059
-0.001236,-0.0023169,0.0041176,-0.0012353,-0.0023157,0.0041413
-0.0015007,-0.0021335,0.0042451,-0.0014999,-0.0021324,0.0042692
-0.0013649,-0.0015464,0.0042347,-0.0013641,-0.0015455,0.0042595
-0.0017772,-0.0020747,0.0045518,-0.0017763,-0.0020736,0.0045769
-0.0012436,-0.002683,0.0042204,-0.001243,-0.0026817,0.0042439
-0.0013113,-0.0022557,0.0045915,-0.0013106,-0.0022545,0.0046168
-0.0015391,-0.0034679,0.0049449,-0.0015383,-0.0034662,0.0049698
-0.0018345,-0.0028177,0.004625,-0.0018336,-0.0028163,0.0046494
-0.0014346,-0.0028218,0.0049213,-0.0014339,-0.0028203,0.004947
-0.0018241,-0.0027825,0.0049134,-0.0018232,-0.0027811,0.0049389
-0.0015151,-0.0025792,0.0047671,-0.0015143,-0.0025778,0.0047925
-0.0013553,-0.002858,0.0051136,-0.0013546,-0.0028565,0.00514
-0.0016293,-0.0033702,0.0052716,-0.0016284,-0.0033683,0.0052978
0.0029507,0.003243,0.0036335,0.0029497,0.0032421,0.0036522
-1.71e-05,0.00176,0.0042854,-1.71e-05,0.0017593,0.0043108
-0.000222,0.0021847,0.0040632,-0.0002219,0.0021839,0.0040875
-0.0001053,0.0023437,0.0043325,-0.0001053,0.0023428,0.0043575
0.0003642,0.0016416,0.0042369,0.0003641,0.0016409,0.0042623
-0.0001744,0.0018815,0.0044944,-0.0001743,0.0018807,0.0045204
-0.0005457,0.0028277,0.0046099,-0.0005454,0.0028265,0.0046351
-6.88e-05,0.0027434,0.0049062,-6.88e-05,0.0027422,0.0049327
0.0003618,0.002502,0.0048465,0.0003617,0.0025008,0.0048729
2.96e-05,0.0025586,0.0050901,2.96e-05,0.0025574,0.0051173
-0.0006049,0.0031399,0.0049744,-0.0006046,0.0031385,0.0050005
-0.0004453,0.0025006,0.005074,-0.000445,0.0024995,0.0051013
-0.0001638,0.0032803,0.0054496,-0.0001636,0.0032786,0.0054774
0.0003031,0.0032976,0.0054286,0.0003029,0.0032959,0.0054562
-0.0001005,0.0035083,0.0057068,-0.0001003,0.0035065,0.0057353
-0.0004797,0.0034036,0.0056859,-0.0004794,0.0034018,0.0057144
-0.0040176,0.0017995,0.003849,-0.0040161,0.0017991,0.0038686
-0.003111,0.0012272,0.0046617,-0.0031095,0.0012267,0.0046863
-0.0028981,0.0013827,0.0049461,-0.0028967,0.0013822,0.0049721
-0.0032645,0.0015128,0.0049457,-0.0032629,0.0015123,0.0049712
-0.0031753,0.0010188,0.0048958,-0.0031738,0.0010184,0.0049214
-0.0029662,0.0007745,0.0047241,-0.0029648,0.0007743,0.0047494
-0.0036629,0.0009651,0.0050262,-0.0036611,0.0009647,0.0050516
-0.0031354,0.0004863,0.0049808,-0.0031339,0.0004862,0.0050069
-0.0031672,0.0010361,0.0051413,-0.0031656,0.0010358,0.0051678
-0.002737,0.0011082,0.0051658,-0.0027357,0.0011078,0.0051928
-0.0027031,0.0015487,0.0051743,-0.0027017,0.0015481,0.0052012
-0.0023596,0.0015352,0.0051103,-0.0023584,0.0015346,0.0051373
-0.0032017,0.0018672,0.0054821,-0.0032,0.0018663,0.0055094
-0.0032205,0.0014672,0.0054494,-0.0032187,0.0014666,0.0054768
-0.0031878,0.0009508,0.0053996,-0.0031861,0.0009505,0.005427
-0.0029815,0.0007207,0.0052263,-0.0029799,0.0007205,0.0052534
-0.0035388,0.0009939,0.0054692,-0.0035369,0.0009935,0.0054964
-0.003301,0.0011946,0.0056179,-0.0032992,0.0011941,0.005646
-0.0023462,-0.0036895,0.0031484,-0.0023454,-0.0036881,0.0031649
0.002718,-0.002421,0.0102367,0.0027165,-0.0024197,0.0102855
0.0017946,-0.0022572,0.0085925,0.0017935,-0.0022558,0.0086343
0.0023707,-0.0020803,0.0087639,0.0023693,-0.0020791,0.0088061
0.0026634,-0.0019916,0.0087054,0.0026617,-0.0019903,0.0087472
0.0020921,-0.0020338,0.0085806,0.0020909,-0.0020325,0.0086223
0.001734,-0.0018479,0.0087816,0.0017331,-0.0018469,0.0088245
0.0020294,-0.0016174,0.0085977,0.0020282,-0.0016165,0.0086397
0.0021093,-0.0016807,0.0089867,0.0021081,-0.0016799,0.0090304
0.0017852,-0.0023363,0.0089602,0.0017842,-0.0023351,0.0090036
0.0021631,-0.0024663,0.0090028,0.0021617,-0.0024649,0.0090461
0.0016338,-0.0015329,0.0085321,0.0016329,-0.0015321,0.0085739
0.0017055,-0.0014081,0.0089081,0.0017047,-0.0014074,0.0089517
0.0017068,-0.0027971,0.0089514,0.0017058,-0.0027955,0.0089944
-0.0034088,-0.0011707,0.0102433,-0.003407,-0.0011701,0.0102921
0.0021345,-0.0007079,0.004094,0.0021335,-0.0007074,0.0041181
0.0023565,-0.0003919,0.0041077,0.0023554,-0.0003915,0.0041318
0.0023189,-0.0002362,0.0042613,0.0023178,-0.0002359,0.004286
0.0019472,-0.000828,0.004251,0.0019463,-0.0008274,0.0042759
0.0019865,-0.0004428,0.0041641,0.0019856,-0.0004424,0.0041887
0.0020094,-0.0003079,0.0043509,0.0020084,-0.0003076,0.0043762
0.0018475,0.0001775,0.0042683,0.0018466,0.0001775,0.0042935
0.0020692,-0.0004677,0.0045858,0.0020682,-0.0004672,0.0046117
0.0031034,-0.0006079,0.0046779,0.003102,-0.0006074,0.0047029
0.0035123,-0.0005085,0.004737,0.0035108,-0.0005082,0.0047617
0.0034803,-0.0002981,0.0049159,0.0034786,-0.0002979,0.0049413
0.0031561,-0.0008608,0.0048412,0.0031546,-0.0008603,0.0048666
0.0030146,-0.0004991,0.0048626,0.0030132,-0.0004987,0.0048884
0.0029289,-7.78e-05,0.0049357,0.0029274,-7.76e-05,0.0049618
0.0028242,-0.000441,0.0050537,0.0028228,-0.0004406,0.0050804
0.0012525,-0.0005959,0.0034133,0.0012519,-0.0005954,0.0034364
0.0016663,-0.0005398,0.003483,0.0016654,-0.0005394,0.0035059
0.0017388,-0.0002106,0.0033958,0.0017379,-0.0002103,0.0034184
0.0013639,-0.0002668,0.0035012,0.0013632,-0.0002665,0.0035246
0.0017442,-1.28e-05,0.0037461,0.0017433,-1.27e-05,0.0037698
0.0010973,-0.0005629,0.003578,0.0010968,-0.0005624,0.0036017
0.0014958,-0.0003639,0.0037438,0.001495,-0.0003635,0.0037677
0.0015952,0.0001929,0.0035413,0.0015943,0.0001929,0.0035645
0.0016689,0.0005669,0.0038745,0.0016681,0.0005668,0.0038986
0.0013925,3.85e-05,0.0036944,0.0013918,3.86e-05,0.0037183
0.0017012,0.0002397,0.0039883,0.0017003,0.0002397,0.0040128
0.0013253,-0.0001525,0.0039194,0.0013247,-0.0001522,0.003944
0.0025562,0.0010682,0.0041149,0.002555,0.0010679,0.0041385
0.0023568,0.0001176,0.0043668,0.0023557,0.0001177,0.0043918
0.0021058,-6.54e-05,0.0040822,0.0021048,-6.52e-05,0.0041066
0.0019363,0.0002645,0.0045635,0.0019354,0.0002645,0.0045896
0.0031293,0.0001906,0.0047417,0.0031278,0.0001907,0.0047669
0.0034899,0.0003088,0.0048142,0.0034883,0.0003088,0.0048392
0.0034052,7.85e-05,0.0049707,0.0034035,7.87e-05,0.0049965
0.003229,0.0001327,0.0051443,0.0032274,0.0001328,0.0051708
0.0030987,-0.0002241,0.0047104,0.0030972,-0.0002239,0.0047355
0.0029034,0.000266,0.0051036,0.0029019,0.000266,0.0051304
-0.0035349,-0.0025991,0.0038146,-0.0035336,-0.0025981,0.0038338
-0.0023225,-0.0036334,0.0035861,-0.0023217,-0.003632,0.0036046
-0.0018597,-0.0036937,0.0035031,-0.001859,-0.0036923,0.0035218
-0.0022626,-0.0036588,0.0038153,-0.0022617,-0.0036574,0.0038348
-0.0018138,-0.0035535,0.0036876,-0.001813,-0.003552,0.0037073
0.0015475,-0.0037145,0.0036668,0.001547,-0.0037129,0.0036863
0.0016367,-0.0032834,0.0036304,0.0016362,-0.0032819,0.0036505
0.0014531,-0.0036271,0.0038251,0.0014526,-0.0036255,0.0038454
0.0013358,-0.0021605,0.0040421,0.0013352,-0.0021594,0.0040656
0.0016893,-0.0021531,0.0040753,0.0016885,-0.002152,0.0040986
0.0009477,-0.0020699,0.0039473,0.0009472,-0.0020687,0.0039709
0.0014247,-0.0032691,0.0047163,0.0014241,-0.0032675,0.0047406
0.0019515,-0.0030788,0.0047683,0.0019507,-0.0030772,0.0047928
0.0016229,-0.0026665,0.00482,0.0016221,-0.0026651,0.0048454
0.0012946,-0.0033376,0.0049982,0.001294,-0.0033359,0.0050236
0.0008962,-0.0033621,0.0049442,0.0008958,-0.0033604,0.0049696
0.0011546,-0.0036324,0.0051946,0.0011541,-0.0036304,0.0052206
0.0037519,-0.0009916,0.0035738,0.0037505,-0.000991,0.0035933
0.0041942,-0.0009927,0.0036085,0.0041928,-0.0009923,0.0036272
-0.0041054,0.001383,0.0037815,-0.004104,0.0013827,0.0038009
-0.00146,0.0010268,0.0034875,-0.0014592,0.0010264,0.0035104
-0.000441,0.0012874,0.0034979,-0.0004408,0.0012869,0.0035213
-0.001043,0.0013492,0.0037708,-0.0010425,0.0013487,0.0037946
-0.0014345,0.0013825,0.0038358,-0.0014337,0.001382,0.0038595
-0.0012477,0.0007362,0.0035606,-0.001247,0.000736,0.0035841
-0.0014766,0.000566,0.0037645,-0.0014758,0.0005658,0.0037885
-0.0040822,0.0014533,0.0039795,-0.0040806,0.001453,0.0039998
-0.0035501,0.0013752,0.0039306,-0.0035487,0.0013749,0.0039516
-0.0043284,0.0008072,0.0040669,-0.0043267,0.0008071,0.0040874
-0.0039956,0.0007989,0.0039352,-0.003994,0.0007988,0.0039558
5.87e-05,0.0032714,0.0101712,5.86e-05,0.0032696,0.0102203
-0.0011558,-0.0034034,0.0098396,-0.0011552,-0.0034016,0.0098866
-0.0007062,-0.0034703,0.0098124,-0.0007059,-0.0034685,0.0098593
-0.003297,0.0008064,0.009711,-0.0032953,0.0008059,0.0097577
-0.0033751,0.0006778,0.0094466,-0.0033733,0.0006774,0.0094919
0.0010908,-0.0042686,0.0038009,0.0010905,-0.0042669,0.00382
0.0011137,-0.0037806,0.0036975,0.0011133,-0.003779,0.0037173
0.0014516,-0.0038284,0.0039777,0.0014511,-0.0038268,0.0039983
0.0025542,-0.0032045,0.003512,0.0025533,-0.0032032,0.0035307
0.0029121,-0.0032649,0.0036455,0.0029111,-0.0032636,0.0036642
0.0020203,-0.0021657,0.0046291,0.0020194,-0.0021646,0.004654
0.0028489,-0.0022998,0.0047818,0.0028476,-0.0022987,0.0048063
0.0030097,-0.0019861,0.004754,0.0030084,-0.0019851,0.0047785
0.0025244,-0.0020514,0.0046859,0.0025233,-0.0020504,0.0047107
0.0023957,-0.0016763,0.0048318,0.0023946,-0.0016753,0.0048576
0.002418,-0.002894,0.0048699,0.0024169,-0.0028925,0.0048946
0.0019365,-0.0024026,0.0048068,0.0019356,-0.0024013,0.0048322
0.0018077,-0.0019359,0.0048391,0.0018068,-0.0019348,0.0048652
0.0017117,-0.0015362,0.0048387,0.0017108,-0.0015353,0.0048652
0.0016645,-0.001977,0.0050891,0.0016637,-0.0019759,0.0051161
0.0020975,-0.0026789,0.0047096,0.0020965,-0.0026775,0.0047343
0.002012,-0.0028654,0.0049584,0.002011,-0.0028639,0.0049837
0.0018605,-0.0024001,0.0049942,0.0018596,-0.0023988,0.0050204
6.12e-05,-0.0033609,0.0098153,6.11e-05,-0.0033592,0.0098623
0.0024224,-0.0036064,0.0040511,0.0024215,-0.0036048,0.0040714
0.0037618,-0.0013719,0.0037918,0.0037604,-0.0013713,0.003812
0.004166,-0.0013222,0.0038596,0.0041645,-0.0013216,0.0038792
-0.0011779,-0.0041903,0.004049,-0.0011773,-0.0041886,0.0040693
-0.0007503,-0.004249,0.0040207,-0.0007499,-0.0042473,0.004041
0.0004209,0.0023111,0.0043399,0.0004208,0.0023102,0.0043649
0.0005113,0.0019813,0.004197,0.0005111,0.0019805,0.0042218
0.0003389,0.0017667,0.0045077,0.0003388,0.0017659,0.0045339
0.0005475,0.0027896,0.00475,0.0005473,0.0027884,0.0047758
0.0009123,0.0030267,0.0048545,0.0009119,0.0030254,0.0048801
0.0003654,0.0025105,0.0050877,0.0003653,0.0025093,0.005115
0.0008014,0.0034445,0.0054934,0.0008009,0.0034428,0.005521
0.0012474,0.0035073,0.0054999,0.0012468,0.0035055,0.0055274
0.0006923,0.0035289,0.0057196,0.0006919,0.003527,0.005748
0.0002796,0.003477,0.0056853,0.0002794,0.0034752,0.0057137
-0.0002007,-0.0013617,0.0099758,-0.0002007,-0.0013615,0.0100245
-8e-05,-0.0014122,0.0102865,-8e-05,-0.0014122,0.0103365
3.3e-05,-0.0007374,0.009729,3.29e-05,-0.0007374,0.0097765
-1e-06,-0.0010676,0.009494,-1.1e-06,-0.0010674,0.0095405
-0.0006232,-0.0007846,0.0097915,-0.0006231,-0.0007845,0.0098393
-0.0003867,-0.0013108,0.0097226,-0.0003867,-0.0013106,0.0097701
-0.0013164,0.0040811,0.0039708,-0.0013159,0.0040799,0.0039911
-0.0008225,0.0038922,0.0039245,-0.0008221,0.0038909,0.0039453
0.003158,0.0011491,0.0098683,0.0031563,0.0011484,0.0099157
0.0035007,0.0010538,0.0099271,0.0034986,0.0010531,0.0099746
0.0005407,-0.002217,0.0041321,0.0005404,-0.0022157,0.0041564
0.0009898,-0.0016804,0.0039843,0.0009893,-0.0016794,0.0040085
0.0002422,-0.0016079,0.0039184,0.0002421,-0.0016069,0.0039427
0.0004638,-0.0017359,0.0041898,0.0004636,-0.0017348,0.0042149
0.0002717,-0.0018884,0.0044622,0.0002716,-0.0018873,0.0044879
0.0005128,-0.0026354,0.0041648,0.0005126,-0.0026341,0.0041885
0.0009689,-0.0032279,0.005221,0.0009685,-0.0032261,0.0052476
0.000345,-0.0027943,0.0048545,0.0003448,-0.0027928,0.0048805
0.0003636,-0.002445,0.0048072,0.0003635,-0.0024436,0.0048334
0.0032594,0.0022713,0.0041158,0.0032582,0.0022706,0.0041375
0.0021517,0.0018494,0.0047165,0.0021506,0.0018486,0.0047421
0.0025419,0.0023219,0.0046629,0.0025407,0.0023209,0.0046874
0.0025172,0.0022899,0.0049259,0.002516,0.0022889,0.0049516
0.0025191,0.0018721,0.0048858,0.0025179,0.0018714,0.0049117
0.0018261,0.0017517,0.0048337,0.0018253,0.001751,0.0048601
0.0024538,0.0027791,0.0049455,0.0024527,0.0027779,0.0049708
0.002481,0.0019356,0.0051079,0.0024798,0.0019348,0.0051346
0.0020935,0.0022192,0.0048483,0.0020925,0.0022182,0.0048741
0.0020028,0.0022854,0.0050935,0.0020018,0.0022844,0.0051202
0.0018389,0.0016505,0.0050567,0.001838,0.0016498,0.005084
0.0030251,0.0019592,0.0052058,0.0030236,0.0019584,0.0052322
0.0033019,0.0020695,0.0052859,0.0033002,0.0020686,0.0053123
0.0028781,0.0018417,0.0054243,0.0028765,0.0018409,0.0054518
0.0029484,0.0022236,0.0054659,0.0029468,0.0022225,0.0054932
0.0028664,0.0023758,0.0057004,0.0028647,0.0023745,0.0057286
0.0031082,0.0019989,0.0053905,0.0031066,0.001998,0.0054175
0.0028682,0.0017694,0.0056688,0.0028665,0.0017685,0.0056972
-0.0030672,-0.0028058,0.0042027,-0.003066,-0.0028047,0.004224
-0.0033936,-0.0026688,0.004458,-0.0033922,-0.0026677,0.0044803
-0.0023084,-0.0014237,0.0040318,-0.0023073,-0.0014229,0.0040551
-0.0018038,-0.0015328,0.0042222,-0.0018029,-0.0015318,0.0042467
-0.0016293,-0.0015587,0.0044934,-0.0016285,-0.0015578,0.0045188
-0.0024428,-0.0017075,0.0046199,-0.0024416,-0.0017066,0.0046448
-0.0018643,-0.0024093,0.0049079,-0.0018634,-0.0024081,0.0049337
-0.0019809,-0.0020582,0.0048594,-0.0019799,-0.002057,0.0048854
-0.0018569,-0.0025575,0.0051332,-0.001856,-0.0025561,0.0051597
-0.0023525,-0.0020691,0.0050355,-0.0023513,-0.002068,0.0050617
-0.0022667,-0.001674,0.0048399,-0.0022655,-0.0016731,0.0048658
-0.0021086,-0.0026476,0.004766,-0.0021076,-0.0026462,0.0047908
-0.0022781,-0.0029484,0.004988,-0.002277,-0.0029469,0.0050132
-0.0027367,-0.0021636,0.0051111,-0.0027354,-0.0021625,0.0051371
-0.0032123,-0.001408,0.0051104,-0.0032107,-0.0014072,0.0051364
-0.0010598,-0.003488,0.0095347,-0.0010592,-0.003486,0.0095801
-0.0007011,-0.0035275,0.0095188,-0.0007007,-0.0035256,0.0095641
-0.0004129,-0.0020524,0.0085686,-0.0004127,-0.0020514,0.0086106
-7.55e-05,-0.0018631,0.0084649,-7.55e-05,-0.0018621,0.0085066
0.0001872,-0.0018167,0.0085492,0.0001871,-0.0018158,0.0085912
-0.000493,-0.0017886,0.008497,-0.0004928,-0.0017877,0.0085389
5e-05,-0.0015643,0.008531,4.99e-05,-0.0015636,0.0085732
-7.3e-05,-0.001577,0.0088709,-7.3e-05,-0.0015763,0.0089146
-0.0007575,-0.0019421,0.0086535,-0.0007572,-0.0019411,0.0086959
-0.0006208,-0.0012317,0.0085574,-0.0006206,-0.0012311,0.0085997
-0.0003913,-0.0023688,0.0086871,-0.0003911,-0.0023675,0.0087295
-0.0005552,-0.0031479,0.0079344,-0.0005548,-0.0031458,0.0079726
-0.0002463,-0.0029421,0.008014,-0.0002462,-0.0029402,0.0080528
-6.32e-05,-0.0021452,0.0079138,-6.32e-05,-0.002144,0.0079527
-0.0004934,-0.0029643,0.0082917,-0.0004931,-0.0029625,0.0083318
-0.0004225,-0.0021981,0.0082734,-0.0004222,-0.0021969,0.008314
-0.0011296,-0.0019426,0.008649,-0.001129,-0.0019416,0.0086914
-0.0010205,-0.0015012,0.008468,-0.0010201,-0.0015004,0.0085097
-0.001369,-0.0014246,0.0083685,-0.0013683,-0.0014238,0.0084096
-0.0014705,-0.0018596,0.0088277,-0.0014698,-0.0018587,0.0088708
-0.0012389,-0.001436,0.0088092,-0.0012384,-0.0014354,0.0088525
-0.0010977,-0.0023397,0.008694,-0.0010972,-0.0023384,0.0087363
-0.0008092,-0.0029253,0.007943,-0.0008087,-0.0029234,0.0079814
-0.0014654,-0.0022351,0.0078547,-0.0014645,-0.0022337,0.007893
-0.0013047,-0.00255,0.0082593,-0.0013039,-0.0025484,0.0082993
-0.0011826,-0.0021836,0.0083509,-0.001182,-0.0021823,0.0083917
-0.0008857,-0.0010506,0.0063869,-0.0008851,-0.0010499,0.0064197
-0.0001899,-0.0010303,0.0064332,-0.0001898,-0.0010296,0.0064663
-0.0005254,-0.000728,0.0063102,-0.0005251,-0.0007275,0.0063429
-0.0001527,-0.0006618,0.0063825,-0.0001526,-0.0006612,0.0064155
0.0001035,-0.0007222,0.006582,0.0001035,-0.0007217,0.0066158
-0.0008945,-0.0007112,0.0063882,-0.0008939,-0.0007107,0.0064211
-0.0007828,-0.0007429,0.0066812,-0.0007823,-0.0007423,0.0067152
-0.0005297,-0.0001405,0.0064343,-0.0005294,-0.0001403,0.0064676
-0.0005514,-0.0005711,0.0066169,-0.0005511,-0.0005706,0.0066508
-0.0005203,-0.0010826,0.00671,-0.00052,-0.0010818,0.0067441
-2.53e-05,-0.0011116,0.0066332,-2.53e-05,-0.0011108,0.0066671
0.0003006,-0.0010814,0.0066099,0.0003004,-0.0010806,0.0066437
-0.000927,-0.001089,0.0067087,-0.0009264,-0.0010882,0.0067427
-0.0006753,-0.0011738,0.0069953,-0.0006749,-0.0011729,0.0070306
-0.0007479,-0.0004679,0.0064653,-0.0007475,-0.0004675,0.0064986
-0.0008644,-0.0003127,0.0066754,-0.0008638,-0.0003124,0.0067095
-0.0011131,7.64e-05,0.0066451,-0.0011124,7.64e-05,0.006679
-0.0008796,-0.0008104,0.0069401,-0.000879,-0.0008098,0.0069751
-0.0010289,-0.0016465,0.006764,-0.0010282,-0.0016455,0.006798
-0.0009135,-0.0011147,0.0072482,-0.0009129,-0.001114,0.0072845
0.0009817,0.001468,0.0085456,0.0009812,0.0014673,0.0085878
0.0012645,0.001648,0.0086292,0.0012638,0.0016472,0.0086717
0.0015419,0.0016536,0.0085038,0.001541,0.0016526,0.0085455
0.0013049,0.0019672,0.008606,0.0013041,0.0019661,0.0086482
0.0014769,0.0015901,0.0089087,0.0014761,0.0015893,0.0089524
0.0010591,0.0019089,0.0087128,0.0010586,0.0019079,0.0087556
0.0007432,0.0020543,0.0086388,0.0007427,0.0020532,0.0086813
0.0011025,0.0016305,0.0088258,0.0011019,0.0016297,0.0088692
0.000805,0.0014792,0.0088781,0.0008046,0.0014785,0.0089218
0.0012508,0.0028393,0.0096275,0.0012501,0.0028378,0.0096741
0.0016146,0.0028587,0.0095853,0.0016136,0.0028571,0.0096315
0.0012689,0.0025121,0.0098264,0.0012683,0.0025109,0.0098741
0.0034829,-0.002532,0.0040419,0.0034817,-0.002531,0.0040623
0.0034792,-0.001966,0.0039247,0.0034779,-0.0019652,0.0039452
0.0035116,-0.0023835,0.0042624,0.0035103,-0.0023825,0.0042839
0.0034982,-0.0019177,0.0041815,0.0034969,-0.0019169,0.0042031
0.00201,-0.0016012,0.0047298,0.002009,-0.0016003,0.0047556
0.0022954,-0.0015923,0.0050876,0.0022943,-0.0015914,0.0051145
0.001887,-0.0011337,0.0048069,0.0018861,-0.0011329,0.0048335
0.0020093,-0.0007332,0.0047798,0.0020083,-0.0007327,0.0048064
0.001945,-0.001177,0.0051062,0.0019441,-0.0011762,0.0051337
0.0018405,-0.0015932,0.0050834,0.0018396,-0.0015923,0.0051106
0.0039091,-0.0018124,0.0040393,0.0039076,-0.0018117,0.0040599
0.0034638,0.0016282,0.0038838,0.0034625,0.0016278,0.0039047
-0.003141,-0.003169,0.0036521,-0.0031399,-0.0031678,0.0036704
-0.0027624,-0.0033745,0.0036063,-0.0027614,-0.0033733,0.0036248
-0.0021194,0.0002955,0.0040829,-0.0021184,0.0002955,0.0041072
-0.0014059,0.0006168,0.0039924,-0.0014052,0.0006167,0.0040171
-0.0016147,-2.33e-05,0.0044427,-0.0016138,-2.32e-05,0.0044687
-0.0021362,-0.0001128,0.0041041,-0.0021352,-0.0001126,0.0041285
-0.0025745,-2.82e-05,0.004787,-0.0025732,-2.8e-05,0.0048131
-0.0022478,0.0001222,0.00483,-0.0022466,0.0001223,0.0048566
-0.0024315,5.1e-05,0.0050543,-0.0024302,5.11e-05,0.0050815
-0.0029733,0.0003392,0.0051701,-0.0029718,0.0003392,0.0051971
-0.0038874,0.0002757,0.005275,-0.0038854,0.0002757,0.0053012
-0.0036123,0.0001463,0.0052297,-0.0036104,0.0001463,0.0052561
-0.0035674,0.0004926,0.0052132,-0.0035656,0.0004926,0.0052395
-0.0035106,-0.0003183,0.0055934,-0.0035086,-0.000318,0.0056213
-0.0032811,4.01e-05,0.0056375,-0.0032792,4.02e-05,0.0056659
-0.0038381,-0.0001375,0.0053659,-0.0038361,-0.0001373,0.0053925
-0.0043169,-0.0009039,0.0040718,-0.0043153,-0.0009034,0.0040922
-0.0040212,-0.0010327,0.0039704,-0.0040197,-0.0010322,0.003991
-0.0043188,-0.0004366,0.0040167,-0.0043172,-0.0004363,0.0040371
-0.0038403,-0.000438,0.0040263,-0.0038388,-0.0004377,0.0040476
0.0036205,-0.0004754,0.0039506,0.0036191,-0.0004751,0.0039721
-0.0030518,0.0011709,0.0095557,-0.0030503,0.0011702,0.0096018
-0.0020871,0.000817,0.0087755,-0.0020861,0.0008165,0.0088186
-0.0016835,0.0008305,0.0086693,-0.0016827,0.0008301,0.0087121
-0.0013364,0.0012224,0.0084886,-0.0013357,0.0012217,0.0085305
-0.001301,0.0008622,0.0088563,-0.0013004,0.0008618,0.0089
-0.0017074,0.0016841,0.0090202,-0.0017066,0.0016833,0.0090643
-0.0021722,0.001683,0.0086336,-0.002171,0.001682,0.0086757
-0.002793,0.0009158,0.0079356,-0.0027912,0.0009153,0.0079742
-0.0028438,0.0013085,0.0080358,-0.0028419,0.0013077,0.0080748
-0.002169,0.0013404,0.0080499,-0.0021677,0.0013396,0.0080894
-0.0026011,0.0013353,0.0083473,-0.0025995,0.0013345,0.0083878
-0.0027794,0.0009896,0.0083075,-0.0027778,0.000989,0.0083478
-0.0030373,0.0007754,0.0082679,-0.0030354,0.000775,0.0083078
-0.0020705,0.0009024,0.0084012,-0.0020693,0.0009019,0.0084425
-0.0032929,0.0009301,0.0083594,-0.0032908,0.0009295,0.0083996
-0.0028376,0.0005905,0.0083944,-0.0028359,0.0005902,0.0084352
-0.0010041,0.0004446,0.0063935,-0.0010034,0.0004445,0.0064265
-0.0007296,0.0006202,0.0062546,-0.0007292,0.00062,0.0062871
-0.000308,0.0004977,0.006354,-0.0003078,0.0004976,0.006387
-1.48e-05,0.0011029,0.0063541,-1.47e-05,0.0011023,0.0063871
-0.0009316,0.0008611,0.0063635,-0.0009311,0.0008607,0.0063964
-0.0005907,0.0013691,0.0064307,-0.0005903,0.0013683,0.0064637
-0.0005325,0.0004897,0.0065875,-0.0005321,0.0004896,0.0066214
-5.16e-05,0.0006061,0.006601,-5.16e-05,0.0006059,0.0066351
0.0002634,0.0005984,0.0065412,0.0002632,0.0005981,0.0065749
-0.0009528,0.0005226,0.0066706,-0.0009522,0.0005223,0.0067047
-0.0003163,0.000507,0.006921,-0.000316,0.0005068,0.0069563
-0.0009386,0.0012496,0.006391,-0.000938,0.0012489,0.0064238
-0.0009508,0.0009381,0.0066035,-0.0009501,0.0009377,0.0066373
-0.0008227,0.0006992,0.00651,-0.0008222,0.0006989,0.0065435
-0.0010211,0.0005483,0.0070162,-0.0010204,0.000548,0.0070517
-0.0013128,0.0036051,0.0034161,-0.0013123,0.0036039,0.0034352
-0.0008424,0.0036129,0.0033635,-0.000842,0.0036117,0.0033827
-0.0020027,5.15e-05,0.0083529,-0.0020017,5.14e-05,0.0083941
-0.0017294,0.0001075,0.0086592,-0.0017286,0.0001074,0.0087019
-0.0016821,0.0004253,0.0084415,-0.0016812,0.000425,0.0084832
-0.0013436,0.0005083,0.0086142,-0.0013429,0.0005081,0.0086568
-0.0013494,0.0001389,0.0088474,-0.0013489,0.0001389,0.008891
-0.0028771,0.0001038,0.0079268,-0.0028753,0.0001037,0.0079655
-0.0024388,4.48e-05,0.0083235,-0.0024374,4.48e-05,0.0083643
-0.0027492,0.0005476,0.0080671,-0.0027475,0.0005474,0.0081064
-0.0027397,0.0002416,0.0082402,-0.002738,0.0002415,0.0082804
-0.003624,6.83e-05,0.0073415,-0.0036215,6.84e-05,0.0073767
-0.0032635,8.12e-05,0.0073892,-0.0032614,8.12e-05,0.007425
-0.0033005,0.0005114,0.007423,-0.0032983,0.0005112,0.0074589
-0.0033575,0.0010535,0.0073294,-0.0033552,0.0010528,0.0073647
-0.0032939,0.0006307,0.0077247,-0.0032917,0.0006304,0.0077619
-0.0033202,-0.0001484,0.0077142,-0.003318,-0.0001483,0.0077513
-0.0029399,-6.4e-05,0.0077236,-0.002938,-6.39e-05,0.0077612
-0.003576,0.0003779,0.0074351,-0.0035736,0.0003777,0.0074708
-0.0035992,-9.38e-05,0.0075661,-0.0035968,-9.37e-05,0.0076023
-0.0034181,-0.0002374,0.0074193,-0.0034158,-0.0002372,0.0074549
-0.0015569,-0.000991,0.0084664,-0.0015561,-0.0009906,0.0085081
-0.0015945,-0.0014627,0.0089393,-0.0015938,-0.001462,0.0089831
-0.0012307,-0.0011143,0.0085485,-0.0012302,-0.0011138,0.0085907
-0.0013958,-0.0006231,0.0085088,-0.0013952,-0.0006227,0.0085508
-0.0021734,-0.0014935,0.0078844,-0.0021721,-0.0014926,0.0079229
-0.0020395,-0.0015142,0.0081779,-0.0020383,-0.0015133,0.0082179
-0.0029709,-0.0006881,0.0079816,-0.002969,-0.0006877,0.0080203
-0.0028699,-0.0009851,0.0083746,-0.0028682,-0.0009845,0.0084151
-0.002762,-0.0006647,0.0082407,-0.0027604,-0.0006643,0.0082808
0.0042276,-0.0008764,0.0040731,0.0042261,-0.0008759,0.0040938
-0.0031037,-0.0031444,0.0038586,-0.0031025,-0.0031432,0.0038779
-0.0027091,-0.0033598,0.0037912,-0.0027082,-0.0033585,0.0038106
-0.0030051,-0.0031607,0.0040412,-0.003004,-0.0031595,0.0040615
-0.0026838,-0.0033951,0.004037,-0.0026828,-0.0033938,0.0040574
0.0028637,-0.0016541,0.0095519,0.0028621,-0.0016532,0.0095978
0.0024046,-0.0014419,0.008622,0.0024032,-0.001441,0.0086639
0.0021929,-0.001164,0.008552,0.0021916,-0.0011634,0.0085938
0.0017925,-0.0011405,0.0085665,0.0017915,-0.00114,0.0086085
0.0019435,-0.0007242,0.0085118,0.0019424,-0.0007238,0.0085537
0.0015897,-0.0007364,0.0085413,0.0015889,-0.000736,0.0085834
0.0017326,-0.0009148,0.0088104,0.0017318,-0.0009144,0.0088537
0.0032147,-0.0016152,0.0095701,0.0032128,-0.0016142,0.0096158
-0.0022969,-0.0028029,0.0095254,-0.0022956,-0.0028013,0.0095708
0.0015009,-0.0018423,0.0085311,0.0015001,-0.0018412,0.0085729
0.0014865,-0.0013096,0.0086729,0.0014858,-0.0013089,0.0087156
0.000769,-0.0017035,0.0086335,0.0007687,-0.0017027,0.0086759
0.0010383,-0.0015094,0.0084955,0.0010378,-0.0015086,0.0085373
0.001104,-0.0028939,0.0079736,0.0011032,-0.002892,0.0080121
0.0014929,-0.0030885,0.0080635,0.0014918,-0.0030864,0.0081021
0.0019733,-0.0027833,0.0081919,0.001972,-0.0027814,0.0082312
0.0014848,-0.002235,0.0079993,0.0014839,-0.0022336,0.0080382
0.00116,-0.002989,0.0082671,0.0011593,-0.0029871,0.0083069
0.0017065,-0.0026953,0.0083565,0.0017054,-0.0026937,0.0083968
0.001154,-0.0022155,0.0083116,0.0011533,-0.0022142,0.0083522
0.0009561,-0.0035448,0.0095343,0.0009555,-0.0035428,0.0095796
0.001717,0.0008887,0.0085735,0.0017161,0.0008883,0.0086158
0.0021447,0.0007421,0.0085673,0.0021435,0.0007417,0.0086094
0.0023676,0.0009176,0.0087878,0.0023662,0.0009171,0.0088307
0.0022533,0.0013185,0.008733,0.002252,0.0013178,0.0087757
0.0018952,0.0011924,0.0087305,0.0018941,0.0011918,0.0087734
0.0016995,0.0012518,0.0089861,0.0016986,0.0012512,0.0090302
0.0032074,0.0010764,0.0094894,0.0032055,0.0010757,0.009535
0.0035382,0.0011443,0.0095238,0.003536,0.0011436,0.0095693
0.0028287,0.0010987,0.0097849,0.0028272,0.0010981,0.0098322
-0.0022476,0.0036698,0.0040076,-0.0022467,0.0036687,0.0040281
-0.0017692,0.0035557,0.0039094,-0.0017685,0.0035546,0.0039301
-0.0005935,-0.0035958,0.010167,-0.0005932,-0.003594,0.0102153
-0.003586,-0.0018572,0.0036704,-0.0035847,-0.0018564,0.0036899
-0.003218,-0.002002,0.0037588,-0.0032167,-0.0020011,0.0037792
-0.0038351,-0.0020321,0.0040624,-0.0038337,-0.0020312,0.0040829
-0.0007928,-0.0013679,0.0040463,-0.0007924,-0.001367,0.004071
-0.0009601,-0.0015794,0.0041773,-0.0009596,-0.0015785,0.0042022
-0.0013654,-0.0012636,0.0044648,-0.0013647,-0.0012629,0.0044906
-0.0019917,-0.0016326,0.0045662,-0.0019907,-0.0016317,0.0045916
-0.0017287,-0.0017369,0.0047992,-0.0017279,-0.0017359,0.0048255
-0.0013322,-0.001574,0.0047391,-0.0013315,-0.0015731,0.0047656
-0.0016396,-0.0014668,0.0050254,-0.0016388,-0.001466,0.0050527
-0.002198,-0.0009008,0.005117,-0.0021969,-0.0009002,0.0051444
-0.0026044,-0.0016401,0.0051059,-0.0026031,-0.0016392,0.0051325
-0.0026823,-0.0010971,0.0051205,-0.0026809,-0.0010965,0.0051474
-0.0027514,-0.0018142,0.0053997,-0.0027499,-0.0018131,0.005427
-0.0021543,-0.0015648,0.0053069,-0.0021532,-0.0015639,0.0053346
-0.0032337,-0.0016729,0.0055127,-0.0032319,-0.0016719,0.0055401
-0.0024313,-0.0020618,0.0055768,-0.0024299,-0.0020606,0.005605
-0.0030909,-0.0011488,0.0053603,-0.0030893,-0.0011481,0.0053875
-0.0030257,-0.0007386,0.0053083,-0.0030241,-0.0007381,0.0053357
-0.003235,-0.0012613,0.0056315,-0.0032332,-0.0012605,0.0056597
-0.0030054,-0.001571,0.005302,-0.0030038,-0.0015701,0.0053289
-0.0042028,-0.0013708,0.0035889,-0.0042014,-0.0013702,0.0036073
-0.0036569,-0.0013518,0.00345,-0.0036555,-0.0013511,0.0034689
-0.0033992,-0.0014929,0.0095546,-0.0033973,-0.001492,0.0096001
-0.0031969,-0.0016643,0.0094835,-0.0031951,-0.0016633,0.0095288
0.0018924,0.0015883,0.0079293,0.0018912,0.0015873,0.0079683
0.0023667,0.0016688,0.0079895,0.0023651,0.0016677,0.0080285
0.0025505,0.0018502,0.0082196,0.0025488,0.001849,0.0082594
0.0023471,0.0020831,0.0080562,0.0023456,0.0020817,0.0080953
0.0027905,0.00208,0.0081035,0.0027885,0.0020786,0.0081425
0.0019033,0.0020565,0.0080546,0.0019021,0.0020551,0.0080939
0.0023733,0.0025196,0.008102,0.0023718,0.0025179,0.0081409
0.0023162,0.0019989,0.0083613,0.0023147,0.0019976,0.0084018
0.0017872,0.0015136,0.0083235,0.0017861,0.0015127,0.0083644
0.0022597,0.0025216,0.0083431,0.0022582,0.0025199,0.0083832
0.002,0.0018884,0.0084177,0.0019987,0.0018873,0.0084588
0.0028406,0.0020171,0.0083553,0.0028388,0.0020158,0.0083954
0.0020995,0.0014871,0.0081647,0.0020981,0.0014862,0.0082047
0.0018682,0.0023801,0.0073147,0.0018669,0.0023785,0.0073504
0.0019659,0.0026293,0.0074255,0.0019645,0.0026275,0.0074615
0.0022866,0.0024586,0.0073446,0.002285,0.0024569,0.0073801
0.0024735,0.0026508,0.0075423,0.0024718,0.0026489,0.0075784
0.0017162,0.0028352,0.0073351,0.001715,0.0028333,0.0073707
0.0023558,0.0024564,0.0076969,0.0023542,0.0024547,0.007734
0.0019279,0.0022238,0.0077072,0.0019266,0.0022223,0.0077447
0.0019658,0.0028291,0.0075093,0.0019645,0.0028271,0.0075455
0.0018152,0.0027446,0.0077985,0.001814,0.0027427,0.0078361
0.0020583,0.0025324,0.0076397,0.0020568,0.0025307,0.0076766
-0.0040414,0.0014682,0.0042417,-0.0040398,0.0014678,0.0042631
-0.0035436,0.0014188,0.0041388,-0.0035422,0.0014184,0.0041607
-0.0013207,0.0012967,0.0040277,-0.0013199,0.0012962,0.0040522
-0.0009716,0.000909,0.0039222,-0.000971,0.0009086,0.0039469
-0.0008098,0.0015774,0.0039969,-0.0008094,0.0015768,0.0040214
-0.000452,0.0013044,0.0039928,-0.0004517,0.0013039,0.0040176
-0.0014097,0.0015098,0.0043034,-0.0014089,0.0015093,0.0043285
-0.0013835,0.0014937,0.0045786,-0.0013828,0.0014931,0.0046047
-0.001244,0.0009011,0.0040891,-0.0012433,0.0009008,0.0041141
-0.0013106,0.0011557,0.0044269,-0.0013099,0.0011553,0.0044528
-0.0021595,0.0009512,0.0045724,-0.0021584,0.0009509,0.0045981
-0.0019085,0.0012201,0.0045394,-0.0019075,0.0012196,0.0045652
-0.0018815,0.0010664,0.0047743,-0.0018806,0.001066,0.0048009
-0.0014536,0.0009981,0.004816,-0.0014529,0.0009978,0.0048431
-0.002331,0.0011073,0.0048306,-0.0023299,0.0011069,0.0048568
-0.0018432,0.0011867,0.0050442,-0.0018423,0.0011862,0.0050717
-0.002491,0.0014948,0.0048397,-0.0024898,0.0014943,0.0048656
-0.0022724,0.0011423,0.0051084,-0.0022712,0.0011418,0.0051357
0.0024832,0.0021655,0.0095528,0.0024818,0.0021642,0.0095989
0.0028576,0.0022072,0.0096038,0.0028559,0.0022058,0.0096498
0.0019724,0.0033382,0.0039777,0.0019716,0.0033371,0.0039988
0.0006249,0.0043494,0.0039995,0.0006247,0.0043479,0.0040199
0.0011662,0.003403,0.0038074,0.0011658,0.0034018,0.0038285
0.0009952,0.0037279,0.0039008,0.0009948,0.0037266,0.0039217
0.0010503,0.0037614,0.0041307,0.0010499,0.0037601,0.0041525
0.0016863,-0.0031614,0.0102289,0.0016853,-0.0031597,0.0102777
0.002382,-0.0027161,0.0102334,0.0023806,-0.0027148,0.0102822
-0.003552,-0.0013892,0.0036559,-0.0035507,-0.0013884,0.0036758
0.0004359,-0.0018925,0.0086387,0.0004356,-0.0018916,0.0086812
0.0007416,-0.0020089,0.008583,0.0007412,-0.0020079,0.0086251
0.0007835,-0.0014114,0.0085079,0.0007831,-0.0014107,0.0085498
0.0004255,-0.001525,0.0084935,0.0004252,-0.0015242,0.0085355
0.0001837,-0.0014909,0.0087578,0.0001836,-0.0014903,0.008801
0.0005967,-0.0035644,0.0094844,0.0005963,-0.0035624,0.0095296
0.0005432,-0.003151,0.0095046,0.0005429,-0.0031493,0.0095503
0.0003484,-0.0012121,0.009189,0.0003483,-0.0012117,0.0092342
0.0006212,-0.0013614,0.0092665,0.000621,-0.0013609,0.0093119
0.0002045,-0.000723,0.0094923,0.0002044,-0.000723,0.0095388
2.7e-06,0.0033087,0.0095215,2.7e-06,0.0033068,0.0095674
-0.000137,0.0015583,0.0092594,-0.000137,0.0015577,0.009305
-0.0006609,0.0016079,0.009561,-0.0006607,0.0016074,0.0096078
-0.0004959,0.0022367,0.0085542,-0.0004956,0.0022354,0.0085962
-0.0005165,0.0024855,0.0086909,-0.0005162,0.0024841,0.0087335
1.6e-05,0.0022896,0.0086268,1.6e-05,0.0022884,0.0086692
-0.0002371,0.0023843,0.0087732,-0.000237,0.0023831,0.0088162
-8.78e-05,0.0026601,0.0086514,-8.77e-05,0.0026586,0.0086936
-0.0004659,0.0030323,0.0080075,-0.0004656,0.0030303,0.0080464
-0.0003947,0.0034257,0.0080693,-0.0003945,0.0034234,0.0081081
-7.33e-05,0.0031663,0.007867,-7.33e-05,0.0031641,0.0079052
-0.0004741,0.0031441,0.0083908,-0.0004738,0.0031421,0.0084315
0.0031825,-0.0011441,0.0095041,0.0031807,-0.0011435,0.0095497
0.00351,-0.0012002,0.0095269,0.0035079,-0.0011996,0.0095723
0.004234,0.0008215,0.0040417,0.0042324,0.0008214,0.0040623
5.72e-05,-0.0040202,0.0037057,5.73e-05,-0.0040186,0.0037253
0.0005796,-0.0042378,0.0037306,0.0005795,-0.0042361,0.0037498
0.0006397,-0.0036854,0.0037485,0.0006395,-0.0036838,0.0037688
0.0004274,-0.0015222,0.0034522,0.0004272,-0.0015212,0.0034752
0.0007825,-0.0014507,0.0034836,0.0007821,-0.0014497,0.0035065
0.0005718,-0.0012458,0.0034873,0.0005715,-0.001245,0.0035106
0.0003634,-0.0007175,0.0036726,0.0003632,-0.0007169,0.0036969
0.0001712,-0.0011464,0.0039319,0.0001712,-0.0011457,0.0039567
0.002344,-0.002396,0.0095506,0.0023428,-0.0023947,0.0095964
0.0027713,-0.0024295,0.0095519,0.0027697,-0.0024281,0.0095974
0.0018231,-0.0024001,0.0080231,0.001822,-0.0023984,0.008062
0.0022225,-0.0024146,0.0077699,0.002221,-0.0024129,0.0078074
0.0024824,-0.0020812,0.0081716,0.0024808,-0.0020799,0.008211
0.0027873,-0.0020845,0.008045,0.0027854,-0.0020831,0.0080835
0.0022546,-0.0017842,0.0080648,0.0022531,-0.001783,0.008104
0.0018349,-0.0018956,0.0080327,0.0018337,-0.0018943,0.008072
0.0021994,-0.0019173,0.0083177,0.0021981,-0.0019161,0.008358
0.0015757,-0.0022806,0.0083761,0.0015748,-0.0022793,0.0084169
0.0017919,-0.0014769,0.0079403,0.0017908,-0.0014759,0.0079793
0.0017838,-0.0018419,0.0083892,0.0017827,-0.0018407,0.0084301
0.0018606,-0.0013875,0.0083238,0.0018595,-0.0013867,0.0083646
0.001895,-0.0022117,0.0082527,0.0018938,-0.0022103,0.0082927
0.0032255,0.000693,0.0095779,0.0032237,0.0006926,0.0096241
0.0035658,0.0007126,0.0095462,0.0035637,0.0007122,0.0095919
0.00282,0.0026109,0.0038897,0.002819,0.0026101,0.0039106
0.0033404,0.0026935,0.0040561,0.0033391,0.0026927,0.0040769
-0.0022842,-0.0035941,0.0040466,-0.0022833,-0.0035927,0.0040671
-0.0019159,-0.0038154,0.0039712,-0.0019151,-0.0038138,0.0039914
-0.002238,-0.0036249,0.004269,-0.0022371,-0.0036234,0.0042905
-0.001868,-0.003689,0.0042034,-0.0018672,-0.0036874,0.0042248
-0.0013381,-0.0018432,0.0045164,-0.0013374,-0.0018422,0.0045419
-0.0010323,-0.0020547,0.0048328,-0.0010318,-0.0020536,0.0048593
-0.0014857,-0.0021578,0.0048498,-0.0014849,-0.0021566,0.004876
-0.0015682,-0.0022209,0.005239,-0.0015674,-0.0022196,0.0052664
-0.0011786,-0.0026847,0.0047272,-0.001178,-0.0026834,0.0047525
-0.0015511,-0.0025234,0.0050384,-0.0015503,-0.002522,0.0050648
-0.0007742,-0.0032243,0.005172,-0.0007737,-0.0032226,0.0051984
-0.0010776,-0.0032164,0.0057665,-0.001077,-0.0032145,0.0057951
-0.0017149,-0.0028491,0.005163,-0.0017141,-0.0028476,0.0051894
-0.0013374,-0.0029238,0.005442,-0.0013367,-0.0029222,0.0054697
-0.0018302,-0.0028041,0.0054111,-0.0018292,-0.0028025,0.0054384
-0.0012251,-0.0024666,0.0054235,-0.0012243,-0.0024652,0.0054516
-0.0013566,-0.0027439,0.0056821,-0.0013558,-0.0027423,0.0057107
-0.0013481,-0.0033652,0.0056924,-0.0013473,-0.0033633,0.0057205
0.0011309,-0.0042345,0.0040479,0.0011306,-0.0042328,0.0040683
0.001075,-0.0037463,0.0039005,0.0010747,-0.0037447,0.0039211
-0.0021135,-0.0004741,0.0045833,-0.0021124,-0.0004737,0.0046092
-0.0017763,-0.0004114,0.0045064,-0.0017754,-0.0004111,0.0045324
-0.0015638,-0.0003366,0.0047368,-0.001563,-0.0003363,0.0047638
-0.0013565,-0.0006714,0.0047639,-0.0013557,-0.000671,0.0047911
-0.0016611,-0.0005748,0.0049982,-0.0016602,-0.0005743,0.0050259
-0.0021913,-0.000251,0.0048719,-0.0021901,-0.0002508,0.0048988
-0.0022042,-0.000254,0.0050684,-0.0022031,-0.0002537,0.0050958
-0.0026024,-0.000257,0.005028,-0.0026011,-0.0002567,0.0050549
-0.0027396,-0.000296,0.0053885,-0.0027382,-0.0002957,0.0054165
-0.0031716,-0.0003236,0.0053808,-0.0031699,-0.0003233,0.0054083
-0.0031009,-0.000381,0.0056391,-0.0030992,-0.0003807,0.0056676
-0.0034866,-0.0007295,0.0054408,-0.0034847,-0.0007291,0.0054681
-0.0030283,-0.0007234,0.0056754,-0.0030266,-0.0007229,0.005704
-0.0034068,-0.0007304,0.0056899,-0.0034049,-0.0007299,0.0057182
-0.0036401,-0.0005969,0.0057324,-0.003638,-0.0005965,0.0057607
-0.0034979,-0.0003092,0.0062638,-0.0034957,-0.000309,0.0062944
-0.0035039,-0.0006839,0.0059287,-0.0035019,-0.0006834,0.0059579
-0.0032116,-0.0008357,0.006026,-0.0032097,-0.0008351,0.0060558
-0.0035056,-0.0002541,0.0060109,-0.0035035,-0.0002539,0.0060405
-0.0038359,-0.0004259,0.0057725,-0.0038337,-0.0004255,0.0058008
-0.003778,-0.0006115,0.0059184,-0.0037758,-0.0006111,0.0059472
-0.0039443,3.8e-05,0.0041759,-0.0039426,3.81e-05,0.0041976
-0.0025387,-0.0033778,0.0042358,-0.0025377,-0.0033765,0.0042572
-0.0017872,-0.0020886,0.0050768,-0.0017863,-0.0020873,0.0051037
-0.0017812,-0.002369,0.0056847,-0.0017802,-0.0023676,0.0057135
-0.0016654,-0.0020241,0.0055689,-0.0016645,-0.0020228,0.0055976
-0.0022691,-0.0025024,0.0054129,-0.0022679,-0.002501,0.0054402
-0.0023128,-0.0019528,0.0053274,-0.0023116,-0.0019516,0.0053548
-0.0021589,-0.0028052,0.0052372,-0.0021578,-0.0028036,0.0052636
-0.0026656,-0.0025609,0.0054215,-0.0026642,-0.0025595,0.0054484
-0.0024952,-0.0025059,0.0056497,-0.0024938,-0.0025044,0.0056778
-0.0029659,-0.0026906,0.0056913,-0.0029642,-0.002689,0.005719
-0.002874,-0.0019202,0.0056971,-0.0028724,-0.001919,0.0057255
-0.0025797,-0.0021849,0.0062223,-0.0025781,-0.0021835,0.0062528
-0.0027203,-0.0024803,0.0059625,-0.0027187,-0.0024787,0.0059917
-0.0020592,-0.0024229,0.0060523,-0.002058,-0.0024214,0.0060824
-0.0028509,-0.0020325,0.0060009,-0.0028492,-0.0020312,0.0060305
-0.003296,-0.0020789,0.0062213,-0.003294,-0.0020776,0.0062513
-0.0030742,-0.0016085,0.005957,-0.0030724,-0.0016075,0.0059864
-0.0034823,-0.00107,0.0094973,-0.0034803,-0.0010694,0.0095426
-0.0029977,-0.0011226,0.0094805,-0.0029962,-0.0011221,0.0095262
0.0014743,0.0022389,0.0047857,0.0014736,0.002238,0.0048117
0.001549,0.0018241,0.0047607,0.0015482,0.0018234,0.004787
0.0012344,0.0018235,0.0048012,0.0012337,0.0018227,0.0048279
0.001612,0.0018615,0.0050635,0.0016111,0.0018607,0.0050908
0.0010888,0.0020614,0.0046864,0.0010883,0.0020605,0.0047126
0.0008246,0.0017544,0.0048063,0.0008242,0.0017537,0.0048333
0.0011264,0.0016792,0.0049977,0.0011258,0.0016784,0.0050252
0.0016069,0.0039514,0.0041946,0.0016063,0.00395,0.004216
-0.0001275,-0.0021225,0.0044188,-0.0001274,-0.0021214,0.0044442
-3.8e-05,-0.0025119,0.0048127,-3.79e-05,-0.0025106,0.0048389
-0.0001293,-0.0016282,0.0044496,-0.0001292,-0.0016272,0.0044756
-0.0002724,-0.0021919,0.0048689,-0.0002722,-0.0021907,0.0048956
-0.0003822,-0.0021277,0.0046367,-0.0003819,-0.0021265,0.0046627
-0.0006723,-0.0019547,0.0047573,-0.0006719,-0.0019536,0.0047838
-0.0004727,-0.0016412,0.0047013,-0.0004724,-0.0016402,0.004728
-0.0006194,-0.002039,0.0049889,-0.000619,-0.0020378,0.0050162
-0.0009294,-0.0041665,0.0042326,-0.000929,-0.0041648,0.004254
-0.0008467,-0.0036831,0.0042377,-0.0008463,-0.0036814,0.0042598
-0.0004171,-0.0035933,0.0041685,-0.0004169,-0.0035917,0.0041907
-0.000383,-0.0018789,0.0039971,-0.0003828,-0.0018778,0.0040213
-0.000184,-0.0011323,0.0039565,-0.0001839,-0.0011316,0.0039815
0.0001158,-0.0007546,0.0038708,0.0001158,-0.000754,0.0038957
0.0001348,-0.0013477,0.0041737,0.0001348,-0.0013469,0.0041991
0.0005607,0.0036778,0.0095548,0.0005604,0.0036755,0.0096006
0.0008648,0.0028929,0.009612,0.0008644,0.0028914,0.0096586
0.0008633,0.0032727,0.0095939,0.0008628,0.0032708,0.0096401
0.0009075,0.0032763,0.0092048,0.0009069,0.0032743,0.0092492
-0.0007928,0.0041189,0.004229,-0.0007924,0.0041176,0.0042506
-0.0003932,0.004133,0.0041785,-0.000393,0.0041315,0.0042
-6.69e-05,0.0018015,0.0047672,-6.68e-05,0.0018007,0.0047942
-0.0001921,0.0022414,0.0048848,-0.0001919,0.0022405,0.0049118
0.0003257,0.0017529,0.0048108,0.0003256,0.0017521,0.004838
-0.0005174,0.0018707,0.0047345,-0.0005172,0.0018699,0.0047612
-1.38e-05,0.0017718,0.0050789,-1.38e-05,0.001771,0.0051069
-0.0009889,0.001812,0.0047728,-0.0009883,0.0018112,0.0047995
-0.0004624,0.0017331,0.0050151,-0.0004621,0.0017323,0.0050428
-0.0005644,0.0029553,0.0051968,-0.0005641,0.0029539,0.0052239
-0.0002315,0.0026713,0.0052221,-0.0002314,0.0026701,0.0052497
0.0001193,0.0029769,0.0054952,0.0001192,0.0029754,0.0055234
-0.0005117,0.0030106,0.0057173,-0.0005113,0.003009,0.0057463
-0.0002006,0.0033028,0.0062421,-0.0002004,0.0033008,0.0062729
-5.68e-05,0.0034134,0.0059838,-5.67e-05,0.0034115,0.0060135
0.0003319,0.0033636,0.0060465,0.0003317,0.0033617,0.0060765
-0.0004867,0.0035272,0.0059622,-0.0004864,0.0035252,0.0059917
-0.0005951,0.0033246,0.0062968,-0.0005947,0.0033226,0.0063279
-0.0008516,0.0035368,0.0061656,-0.0008511,0.0035347,0.0061959
-0.0004824,0.0031893,0.0065494,-0.0004821,0.0031873,0.0065817
0.0014755,-0.0024228,0.0046059,0.0014748,-0.0024215,0.004631
0.0016328,-0.0020843,0.0045071,0.0016321,-0.0020831,0.0045321
0.001553,-0.0021865,0.0048184,0.0015522,-0.0021853,0.0048444
0.001215,-0.0024006,0.0048561,0.0012144,-0.0023993,0.0048822
0.0015736,-0.0024164,0.0051211,0.0015728,-0.0024151,0.0051479
0.0010574,-0.0022923,0.004589,0.0010569,-0.0022911,0.0046145
0.0011284,-0.0019728,0.0047573,0.0011278,-0.0019717,0.0047837
0.0012486,-0.0028154,0.0050787,0.001248,-0.0028139,0.0051051
0.0013471,-0.0033192,0.0052293,0.0013464,-0.0033174,0.0052556
0.0017431,-0.0028704,0.0051065,0.0017422,-0.0028688,0.0051326
0.0016088,-0.0027543,0.005388,0.001608,-0.0027528,0.0054153
0.0016103,-0.0032463,0.0054361,0.0016095,-0.0032445,0.0054632
0.0012284,-0.0033543,0.0054469,0.0012278,-0.0033523,0.005474
0.0007755,-0.0028186,0.0051491,0.0007751,-0.002817,0.005176
0.0008718,-0.003232,0.0055154,0.0008714,-0.0032301,0.0055431
0.0012502,-0.0032286,0.005674,0.0012495,-0.0032267,0.0057022
0.001481,-0.0037323,0.0041533,0.0014805,-0.0037307,0.0041747
0.0017043,-0.003297,0.0040607,0.0017037,-0.0032956,0.0040823
0.001442,-0.0036662,0.0043522,0.0014415,-0.0036645,0.0043746
0.002304,-0.0001729,0.004864,0.0023029,-0.0001727,0.0048907
0.0019032,-0.0002749,0.0047915,0.0019022,-0.0002746,0.0048184
0.0020206,3.42e-05,0.0047806,0.0020196,3.43e-05,0.0048073
0.0020259,-0.0004635,0.004974,0.0020249,-0.0004631,0.0050013
0.0017498,-0.0008789,0.005008,0.001749,-0.0008783,0.0050355
0.003016,-0.0005179,0.005233,0.0030144,-0.0005175,0.0052601
0.0033237,-0.0008307,0.0058097,0.0033218,-0.0008301,0.0058385
0.0029256,6.6e-05,0.0053262,0.002924,6.61e-05,0.0053537
0.0029209,-0.0003365,0.0057333,0.0029192,-0.0003362,0.0057624
0.0015978,-0.0002635,0.0041827,0.0015969,-0.0002632,0.0042079
0.0013789,-0.0006474,0.004443,0.0013782,-0.0006469,0.0044691
0.0010574,-0.0005424,0.0040551,0.0010569,-0.000542,0.0040803
0.0008619,-0.0002178,0.0039706,0.0008615,-0.0002175,0.0039957
0.0017795,0.0006597,0.004285,0.0017786,0.0006595,0.0043103
0.0014955,0.0001112,0.0045157,0.0014947,0.0001113,0.004542
0.0009112,0.0002465,0.0040075,0.0009107,0.0002465,0.0040328
0.0008805,0.0001557,0.0042465,0.00088,0.0001558,0.0042725
0.0026836,0.0001899,0.0046076,0.0026823,0.00019,0.0046329
0.0025836,6.66e-05,0.0051084,0.0025823,6.67e-05,0.0051356
0.002028,0.0006735,0.0046116,0.002027,0.0006733,0.0046377
0.0019642,0.0004769,0.0047952,0.0019632,0.0004768,0.004822
0.001794,0.000931,0.0047758,0.001793,0.0009307,0.0048025
0.0019751,0.0009268,0.0050644,0.001974,0.0009264,0.0050918
0.0020863,-0.0001064,0.0045898,0.0020853,-0.0001062,0.0046158
0.0018467,0.0001395,0.0049536,0.0018457,0.0001396,0.004981
0.0032783,0.0006763,0.0053657,0.0032766,0.0006761,0.005393
0.003296,-9.69e-05,0.0054428,0.0032942,-9.67e-05,0.0054705
0.0031208,0.0004867,0.005161,0.0031193,0.0004866,0.0051877
0.0030101,-0.0001823,0.0051959,0.0030085,-0.0001821,0.0052229
-0.0013359,0.0035923,0.0036249,-0.0013353,0.0035912,0.0036448
0.0001312,0.0010151,0.0033991,0.0001312,0.0010147,0.0034224
-0.0001324,0.0011695,0.0034574,-0.0001323,0.001169,0.0034808
-3.16e-05,0.0014169,0.0033895,-3.16e-05,0.0014162,0.0034125
0.0003708,0.0015228,0.0034961,0.0003707,0.0015221,0.0035193
-0.0002192,0.0013426,0.0036706,-0.000219,0.0013421,0.0036945
-3.4e-05,0.0010413,0.0036699,-3.39e-05,0.0010409,0.003694
0.0004495,0.0009331,0.003597,0.0004493,0.0009328,0.0036209
-0.0001056,0.0011212,0.0039522,-0.0001055,0.0011208,0.0039772
-0.0005983,0.0014568,0.0037535,-0.000598,0.0014562,0.0037775
-0.0002792,0.0008657,0.003499,-0.0002791,0.0008654,0.0035228
0.0019662,0.0010707,0.0045939,0.0019652,0.0010703,0.0046198
0.0020937,0.0013752,0.0045217,0.0020927,0.0013747,0.004547
0.0024993,0.0014622,0.0047916,0.0024981,0.0014616,0.0048174
0.001992,0.0014437,0.0047741,0.001991,0.0014432,0.0048004
0.0020117,0.0014116,0.0050621,0.0020107,0.001411,0.0050893
0.0022434,0.0008145,0.0044853,0.0022423,0.0008143,0.0045106
0.0032731,0.0012115,0.0052656,0.0032714,0.001211,0.0052923
0.0033384,0.0014609,0.0052374,0.0033368,0.0014602,0.0052638
0.0035025,0.001371,0.0054257,0.0035006,0.0013704,0.0054528
0.0032658,0.0010198,0.0057495,0.003264,0.0010193,0.0057782
0.0031247,0.0008774,0.0051883,0.0031231,0.000877,0.005215
0.0036859,0.0012811,0.0041869,0.0036845,0.0012807,0.0042089
-0.0013319,0.0015574,0.0085271,-0.0013312,0.0015565,0.0085691
-0.0011679,0.0016632,0.008774,-0.0011674,0.0016623,0.0088171
-0.0009057,0.001641,0.0085152,-0.0009053,0.0016402,0.0085571
-0.0007655,0.001619,0.0087696,-0.0007651,0.0016182,0.0088128
-0.0008838,0.0020287,0.0086487,-0.0008834,0.0020276,0.0086911
-0.0009521,0.001561,0.0090253,-0.0009516,0.0015603,0.0090697
-0.0006072,0.0015336,0.0090225,-0.0006069,0.0015329,0.009067
-0.0014048,0.0016039,0.0089351,-0.0014042,0.001603,0.0089789
-0.0011975,0.0020827,0.0087276,-0.0011969,0.0020816,0.0087704
-0.0013523,0.002066,0.0089784,-0.0013516,0.002065,0.0090223
-0.0017979,0.0020527,0.0089746,-0.001797,0.0020516,0.0090183
-0.0019832,0.0030552,0.0095983,-0.0019821,0.0030535,0.0096443
-0.0015274,0.0030191,0.0095321,-0.0015267,0.0030174,0.009578
-0.0015378,0.0026253,0.0095981,-0.001537,0.002624,0.0096446
-0.0022389,0.0025043,0.0079775,-0.0022374,0.0025026,0.008016
-0.0018864,0.0024818,0.0080619,-0.0018851,0.0024802,0.008101
-0.0017194,0.0027769,0.0079693,-0.0017182,0.002775,0.0080078
-0.0021744,0.0025446,0.0082732,-0.002173,0.002543,0.0083131
-0.0020308,0.0028454,0.0081337,-0.0020294,0.0028435,0.0081727
0.0017191,-0.0004194,0.0085275,0.0017181,-0.0004192,0.0085695
0.002297,-0.0005779,0.0085255,0.0022956,-0.0005775,0.0085673
0.0021143,-0.0003001,0.0084319,0.0021131,-0.0002999,0.0084734
0.0015525,-9.32e-05,0.0085231,0.0015516,-9.31e-05,0.0085651
0.0021539,-8.14e-05,0.0085885,0.0021527,-8.14e-05,0.0086306
0.0020111,-0.0002352,0.0088991,0.0020101,-0.0002351,0.0089428
0.0017382,0.0001259,0.0083614,0.0017372,0.0001259,0.0084027
0.0017683,8.88e-05,0.0088845,0.0017675,8.87e-05,0.0089282
0.0017855,-0.0005707,0.0088009,0.0017846,-0.0005705,0.0088442
0.0029161,-0.0006446,0.0080583,0.0029142,-0.0006442,0.0080974
0.0030938,-0.000269,0.0080264,0.0030918,-0.0002688,0.0080652
0.0030136,0.0001791,0.0080355,0.0030115,0.000179,0.0080745
0.0032527,-0.0004697,0.0082252,0.0032505,-0.0004693,0.0082648
0.0030684,-0.0007508,0.0082935,0.0030664,-0.0007503,0.0083335
0.0025265,-0.0003655,0.0083974,0.002525,-0.0003653,0.0084385
0.002695,-3.42e-05,0.0081841,0.0026933,-3.42e-05,0.0082241
0.0013958,-0.0002813,0.0094058,0.0013953,-0.0002813,0.0094519
0.0014933,-2.83e-05,0.0090963,0.0014928,-2.83e-05,0.009141
0.0008879,-0.0005096,0.009336,0.0008876,-0.0005095,0.0093819
0.0003545,0.0017202,0.0085243,0.0003543,0.0017194,0.0085664
0.0004064,0.0016048,0.0088627,0.0004062,0.0016041,0.0089064
0.0006727,0.001616,0.0086168,0.0006724,0.0016152,0.0086594
5.69e-05,0.0015791,0.008959,5.69e-05,0.0015784,0.0090032
0.0002356,0.0027985,0.0078826,0.0002355,0.0027967,0.0079212
0.0007537,0.0026989,0.0082662,0.0007532,0.0026972,0.0083066
0.0001001,0.0026456,0.0084026,0.0001001,0.002644,0.0084437
0.0003864,0.0023426,0.0082063,0.0003862,0.0023411,0.0082466
-4.67e-05,0.0022855,0.0082762,-4.67e-05,0.0022841,0.008317
0.000273,0.0031009,0.0073279,0.0002728,0.0030988,0.0073637
0.0008688,0.0032902,0.0073256,0.0008683,0.003288,0.0073612
0.0005289,0.0033816,0.0074654,0.0005285,0.0033793,0.0075015
0.0007381,0.0031504,0.0076956,0.0007376,0.0031482,0.0077329
-7e-05,0.0032232,0.0074892,-6.99e-05,0.003221,0.0075256
-0.0018682,-0.0031863,0.0092655,-0.0018671,-0.0031845,0.0093096
-0.0017916,-0.0017119,0.0078914,-0.0017905,-0.0017108,0.0079299
-0.0014438,-0.0018225,0.0079409,-0.0014429,-0.0018214,0.0079798
-0.0015564,-0.0014153,0.0079241,-0.0015554,-0.0014144,0.0079631
-0.0019523,-0.0019129,0.0082815,-0.0019511,-0.0019119,0.0083218
-0.0019879,-0.0024533,0.0080429,-0.0019866,-0.0024517,0.0080817
-0.0017396,-0.0027633,0.0073765,-0.0017384,-0.0027614,0.0074121
-0.0013483,-0.0027373,0.0073525,-0.0013474,-0.0027354,0.0073881
-0.0021158,-0.0027994,0.0073712,-0.0021145,-0.0027975,0.0074065
-0.0017866,-0.0021935,0.0073277,-0.0017854,-0.002192,0.0073634
-0.0012505,-0.0030305,0.0076875,-0.0012497,-0.0030284,0.0077245
-0.0021344,-0.0020364,0.0073069,-0.0021329,-0.002035,0.0073424
-0.0021523,-0.0025927,0.0076764,-0.0021509,-0.002591,0.0077132
-0.0019568,-0.0028998,0.0075997,-0.0019555,-0.0028979,0.0076361
-0.0025697,-0.002723,0.0092744,-0.0025682,-0.0027215,0.0093185
-0.0023252,-0.0028393,0.0091678,-0.0023238,-0.0028376,0.0092114
-0.0027277,-0.002435,0.0090969,-0.0027261,-0.0024335,0.0091403
0.0023313,0.0001802,0.0086239,0.00233,0.0001801,0.0086661
0.0017258,0.0005197,0.008493,0.0017249,0.0005194,0.0085349
0.0021145,2.82e-05,0.0088255,0.0021134,2.82e-05,0.0088688
0.001866,-0.0001219,0.0085659,0.001865,-0.0001218,0.0086081
0.0035702,0.0003315,0.0074321,0.0035677,0.0003313,0.0074677
0.0035926,-6.14e-05,0.0074241,0.0035901,-6.13e-05,0.0074597
0.0014197,7.31e-05,0.0094172,0.0014192,7.3e-05,0.0094634
0.0011119,-6.54e-05,0.0096739,0.0011117,-6.55e-05,0.0097212
0.0006796,4.42e-05,0.0095717,0.0006795,4.41e-05,0.0096186
-0.0017704,-0.0005933,0.0085961,-0.0017696,-0.000593,0.0086385
-0.0012675,-0.0002389,0.0084236,-0.0012669,-0.0002388,0.0084653
-0.0031227,-0.0003344,0.0079034,-0.0031207,-0.0003342,0.0079416
-0.0028024,-0.0003094,0.0079844,-0.0028007,-0.0003092,0.0080233
-0.0034007,-0.0006292,0.0074096,-0.0033984,-0.0006288,0.0074452
-0.0031031,-0.0003363,0.0072943,-0.0031011,-0.000336,0.0073297
-0.0032393,-0.0006021,0.0076957,-0.0032372,-0.0006017,0.0077327
-0.002975,-0.0009132,0.0077691,-0.0029731,-0.0009126,0.0078066
-0.0036633,-0.0006097,0.007604,-0.0036608,-0.0006093,0.0076402
-0.0035447,-0.0009242,0.009154,-0.0035426,-0.0009237,0.0091977
-0.001583,-0.0033733,0.0092493,-0.001582,-0.0033713,0.0092932
-0.001188,-0.0035273,0.0092091,-0.0011874,-0.0035252,0.0092529
-0.0039538,0.0007511,0.0041501,-0.0039522,0.000751,0.0041717
-0.0035573,0.0008272,0.0041731,-0.0035558,0.0008269,0.0041954
-0.0039539,0.0007896,0.0043627,-0.0039523,0.0007894,0.004385
0.0009797,-0.003558,0.0091336,0.0009791,-0.0035559,0.009177
0.000939,-0.0031729,0.0091536,0.0009384,-0.0031711,0.0091975
0.0031833,-0.0011223,0.0091683,0.0031814,-0.0011217,0.0092123
-0.0016505,-0.0040422,0.0042107,-0.0016497,-0.0040405,0.0042317
-0.001263,-0.0038673,0.0042074,-0.0012624,-0.0038658,0.0042289
0.002885,-0.0021373,0.0092228,0.0028833,-0.0021361,0.0092669
0.0029266,-0.0016962,0.0091917,0.0029249,-0.0016952,0.0092358
0.000562,-0.0035712,0.0091479,0.0005616,-0.0035691,0.0091914
0.0005892,-0.0031635,0.0091546,0.0005888,-0.0031617,0.0091986
0.0013403,0.0033889,0.0092161,0.0013396,0.0033868,0.0092603
-0.0039591,-0.000873,0.004147,-0.0039576,-0.0008725,0.0041685
0.0035788,0.0010724,0.0091466,0.0035766,0.0010717,0.0091902
0.0037295,-0.0001313,0.0058679,0.0037273,-0.0001311,0.0058967
0.001069,-0.004226,0.0042849,0.0010687,-0.0042242,0.0043062
0.0010702,-0.0037645,0.0041684,0.0010699,-0.0037628,0.00419
-0.0011443,0.0030366,0.0094766,-0.0011437,0.0030349,0.0095224
-0.0007675,0.0029861,0.0094326,-0.0007671,0.0029845,0.0094783
0.0034009,0.0020301,0.0041982,0.0033995,0.0020295,0.0042202
-0.0016679,0.0035068,0.0041107,-0.0016672,0.0035056,0.0041324
-0.0027188,0.0031714,0.0043235,-0.0027177,0.0031704,0.0043455
-0.0033453,-0.0015778,0.0092309,-0.0033434,-0.0015768,0.0092748
0.001943,-0.0037378,0.0045273,0.0019423,-0.003736,0.0045498
0.0023534,-0.0035052,0.0045199,0.0023524,-0.0035036,0.0045424
0.0019921,-0.0021999,0.0051597,0.0019911,-0.0021987,0.0051866
0.0026132,-0.0023613,0.0051568,0.002612,-0.00236,0.0051829
0.0030376,-0.0027089,0.0054679,0.003036,-0.0027074,0.0054946
0.0023984,-0.0019957,0.0051176,0.0023972,-0.0019946,0.0051441
0.0024606,-0.0019442,0.0054413,0.0024593,-0.001943,0.005469
0.0024414,-0.0025711,0.0054754,0.0024401,-0.0025697,0.0055028
0.0019448,-0.0023975,0.0055055,0.0019438,-0.0023961,0.0055334
0.0020385,-0.0018499,0.0052788,0.0020375,-0.0018489,0.0053063
0.0018724,-0.0014643,0.0054018,0.0018715,-0.0014634,0.0054302
0.0019312,-0.0019655,0.0056072,0.0019301,-0.0019643,0.0056359
0.0020183,-0.0026646,0.0052482,0.0020173,-0.0026631,0.0052749
0.002031,-0.0027832,0.0054785,0.00203,-0.0027815,0.005506
0.0008046,-0.001537,0.0044545,0.0008041,-0.001536,0.0044805
0.000376,-0.0020391,0.0048634,0.0003758,-0.0020379,0.0048903
0.0003775,-0.001585,0.004699,0.0003773,-0.0015841,0.0047258
0.0002404,-0.0019704,0.0051226,0.0002403,-0.0019692,0.0051505
0.0005706,-0.0026792,0.0046958,0.0005703,-0.0026778,0.0047214
0.000206,-0.0022596,0.0050843,0.0002059,-0.0022583,0.0051116
0.0005501,-0.0031139,0.0052332,0.0005499,-0.0031122,0.00526
0.0007733,-0.0034963,0.005843,0.0007729,-0.0034941,0.0058717
0.0003543,-0.0028069,0.0053806,0.0003541,-0.0028053,0.0054084
0.0015585,-0.0009043,0.004723,0.0015577,-0.0009037,0.0047497
0.001249,-0.0015384,0.0047437,0.0012484,-0.0015374,0.0047703
0.0015498,-0.0015424,0.0050682,0.001549,-0.0015415,0.0050956
0.0008093,-0.0016597,0.004778,0.0008089,-0.0016587,0.0048049
0.0011372,-0.0017181,0.0049398,0.0011366,-0.0017171,0.004967
0.0016433,-0.0012115,0.0050027,0.0016424,-0.0012108,0.00503
0.0016244,-0.0005592,0.0050854,0.0016235,-0.0005588,0.0051134
0.0014544,-0.000984,0.005419,0.0014536,-0.0009834,0.0054481
0.0015879,-0.0016573,0.0052883,0.001587,-0.0016563,0.0053164
0.0012235,-0.0015546,0.0052867,0.0012228,-0.0015537,0.0053151
0.0016078,-0.0020784,0.0053563,0.0016069,-0.0020772,0.0053842
0.0017077,-0.0015674,0.0056263,0.0017068,-0.0015664,0.0056556
0.0010499,-0.0013465,0.0051511,0.0010493,-0.0013456,0.0051793
0.0008304,-0.001186,0.0050316,0.00083,-0.0011852,0.0050597
0.0010514,-0.000928,0.0049375,0.0010509,-0.0009274,0.0049653
0.001067,-0.0016789,0.0054606,0.0010664,-0.0016779,0.0054896
0.0005949,-0.0011151,0.0064216,0.0005946,-0.0011144,0.0064546
0.0008311,-0.0007761,0.0063835,0.0008306,-0.0007755,0.0064165
0.0010884,-0.001098,0.006404,0.0010878,-0.0010972,0.0064368
0.0012531,-0.0006583,0.006376,0.0012523,-0.0006578,0.0064088
0.0016674,-0.000693,0.0063639,0.0016663,-0.0006925,0.0063964
0.0016455,-0.0005754,0.0067336,0.0016444,-0.000575,0.0067676
0.0012457,-0.0002011,0.0064292,0.0012449,-0.0002009,0.0064623
0.0013012,-0.0007015,0.0066457,0.0013003,-0.000701,0.0066795
0.001267,-0.0010437,0.0066885,0.0012662,-0.001043,0.0067224
0.0016205,-0.0010355,0.0066981,0.0016194,-0.0010348,0.0067318
0.0008945,-0.0010739,0.006624,0.000894,-0.0010731,0.0066578
0.0011754,-0.0009684,0.0070035,0.0011747,-0.0009677,0.0070388
0.0009434,-0.0004609,0.0064165,0.0009428,-0.0004605,0.0064497
0.0004286,-0.0006998,0.0063464,0.0004283,-0.0006992,0.0063793
0.0007821,-0.0001553,0.0064142,0.0007816,-0.0001551,0.0064474
0.0008115,-0.0006625,0.0066676,0.000811,-0.000662,0.0067017
0.000358,-0.0005598,0.0065678,0.0003578,-0.0005594,0.0066016
0.0008519,-0.0002823,0.0066519,0.0008514,-0.0002821,0.006686
0.0008744,-0.0006919,0.006942,0.0008739,-0.0006914,0.0069772
0.0007514,-0.0010513,0.0069189,0.0007509,-0.0010505,0.0069539
0.0012126,-0.0021271,0.005056,0.0012119,-0.0021259,0.0050831
0.0008405,-0.0019474,0.0050435,0.0008401,-0.0019463,0.0050709
0.0017034,-0.0028619,0.0062157,0.0017023,-0.00286,0.0062462
0.0011478,-0.0032742,0.0059439,0.0011472,-0.0032722,0.0059731
0.001525,-0.0027609,0.0059235,0.0015241,-0.0027592,0.0059531
0.000972,-0.0030579,0.0057834,0.0009715,-0.003056,0.0058124
0.0007345,-0.0031971,0.0059595,0.0007341,-0.0031951,0.005989
0.0011594,-0.0032649,0.006242,0.0011587,-0.0032628,0.0062725
0.0020986,-0.0026294,0.0062217,0.0020973,-0.0026276,0.0062522
0.0012972,-0.0026516,0.0061684,0.0012964,-0.0026499,0.0061991
0.0017634,-0.0023719,0.0060898,0.0017624,-0.0023704,0.0061202
0.0014914,-0.0030425,0.006574,0.0014905,-0.0030404,0.006606
0.0011664,-0.0031998,0.0065118,0.0011656,-0.0031977,0.0065435
0.0013786,-0.0031084,0.0069136,0.0013777,-0.0031062,0.006947
0.0009712,-0.0029899,0.0063677,0.0009706,-0.0029879,0.006399
0.0008272,-0.0026956,0.0061807,0.0008267,-0.0026939,0.0062115
0.0011132,-0.0032067,0.0067444,0.0011124,-0.0032045,0.0067771
0.0032696,0.0021318,0.0045837,0.0032682,0.0021311,0.0046072
0.0021032,0.0018171,0.0051878,0.0021021,0.0018164,0.0052152
0.0024873,0.0023369,0.0051852,0.0024861,0.0023358,0.0052117
0.0024669,0.0022704,0.0053985,0.0024656,0.0022693,0.005426
0.0016996,0.0017686,0.0053117,0.0016987,0.0017678,0.0053399
0.0024184,0.0026939,0.005421,0.0024171,0.0026925,0.0054482
0.0024557,0.0018514,0.0057031,0.0024543,0.0018505,0.005732
0.0018598,0.0020768,0.0052304,0.0018589,0.0020758,0.0052578
0.0019773,0.0024557,0.0056061,0.0019762,0.0024544,0.0056346
0.0017722,0.0017348,0.0055943,0.0017712,0.0017339,0.0056234
0.0028516,0.0017634,0.0060423,0.0028499,0.0017624,0.0060722
0.0030187,0.0021488,0.0058102,0.003017,0.0021477,0.0058389
0.0027935,0.0022085,0.0059686,0.0027918,0.0022073,0.0059981
0.0028369,0.0022724,0.0062697,0.0028351,0.0022711,0.0063003
0.0029605,0.0019249,0.0058985,0.0029588,0.0019239,0.0059277
0.0028108,0.00182,0.0062719,0.002809,0.0018189,0.0063028
0.0028604,0.0018063,0.0065551,0.0028585,0.0018052,0.0065872
0.0015266,-0.001776,0.007965,0.0015256,-0.0017748,0.008004
0.0015083,-0.0014459,0.007936,0.0015073,-0.0014449,0.007975
0.0014491,-0.0017085,0.0082412,0.0014483,-0.0017074,0.0082816
0.0009433,-0.0020757,0.0080833,0.0009427,-0.0020744,0.008123
0.0011302,-0.0014739,0.0078527,0.0011295,-0.0014729,0.0078916
0.0011459,-0.0017916,0.0082382,0.0011452,-0.0017904,0.0082787
0.0013753,-0.0013368,0.008037,0.0013745,-0.0013359,0.0080767
0.0016241,-0.0009748,0.0082839,0.0016231,-0.0009743,0.0083247
0.0015762,-0.001435,0.0081733,0.0015753,-0.0014341,0.0082135
0.0011572,-0.0013891,0.0082175,0.0011566,-0.0013883,0.0082581
0.0009475,-0.0013149,0.0079689,0.000947,-0.001314,0.0080084
0.0007685,-0.0013959,0.0082148,0.0007681,-0.0013951,0.0082555
0.0010931,-0.0031524,0.00721,0.0010923,-0.0031501,0.0072448
0.0009921,-0.0031088,0.0076417,0.0009915,-0.0031067,0.0076785
0.0016671,-0.0030784,0.0074536,0.001666,-0.0030762,0.0074893
0.001853,-0.0026253,0.0075707,0.0018517,-0.0026235,0.0076072
0.001508,-0.0026523,0.007358,0.001507,-0.0026504,0.0073938
0.001079,-0.0025168,0.0073766,0.0010783,-0.0025151,0.0074127
0.001484,-0.0021864,0.0074014,0.001483,-0.0021849,0.0074377
0.0015642,-0.0028842,0.0077253,0.0015631,-0.0028823,0.0077625
0.0006966,-0.0025946,0.0072841,0.0006961,-0.0025928,0.0073198
0.0013282,-0.0035115,0.0089994,0.0013274,-0.0035094,0.0090421
0.001242,-0.0032086,0.0088082,0.0012412,-0.0032067,0.0088503
0.0014406,-0.0010164,0.0085979,0.0014398,-0.0010159,0.0086402
0.0011387,-0.0009914,0.008556,0.001138,-0.0009909,0.0085982
0.0014661,-0.0010542,0.0088648,0.0014654,-0.0010537,0.0089084
0.0013588,-0.0012916,0.0089247,0.0013581,-0.001291,0.0089685
0.0009293,-0.0012177,0.0087098,0.0009288,-0.0012171,0.0087527
0.0007594,-0.0010429,0.0085833,0.000759,-0.0010424,0.0086257
0.001121,-0.0006278,0.008575,0.0011204,-0.0006275,0.0086174
0.0009497,-0.0031761,0.0088054,0.0009491,-0.0031742,0.0088476
0.002842,0.0018426,0.0098218,0.0028404,0.0018415,0.009869
0.0009818,-0.0041658,0.0045051,0.0009815,-0.004164,0.0045275
0.0010639,-0.0036501,0.0043651,0.0010636,-0.0036484,0.0043877
0.0014876,-0.0040308,0.0047427,0.001487,-0.0040289,0.0047661
0.0014805,-0.0036577,0.004707,0.0014799,-0.0036559,0.0047308
-0.0022169,0.0035978,0.0044669,-0.002216,0.0035966,0.0044896
-0.0017404,0.0034342,0.0043695,-0.0017396,0.003433,0.0043923
-0.0027131,0.0031461,0.0047739,-0.0027119,0.0031449,0.0047979
-0.0008315,0.0019335,0.004535,-0.000831,0.0019327,0.0045609
-0.0010263,0.0019735,0.0050101,-0.0010258,0.0019726,0.0050374
-0.0014762,0.0022405,0.0051276,-0.0014755,0.0022396,0.0051549
-0.0014591,0.0017805,0.0051364,-0.0014583,0.0017797,0.0051641
-0.0021796,0.0020196,0.0052909,-0.0021784,0.0020187,0.0053184
-0.0018524,0.0017974,0.0054272,-0.0018513,0.0017966,0.0054556
-0.0019938,0.0023253,0.0051794,-0.0019928,0.0023243,0.0052064
-0.0018418,0.0023073,0.0055165,-0.0018407,0.0023062,0.0055449
-0.0013944,0.0019425,0.0053534,-0.0013937,0.0019416,0.0053818
-0.0018604,0.0017841,0.0056683,-0.0018593,0.0017832,0.0056977
-0.0024296,0.0022907,0.0054646,-0.0024282,0.0022897,0.0054924
-0.00286,0.0023482,0.0055175,-0.0028584,0.0023471,0.005545
-0.0024389,0.0023866,0.0057054,-0.0024374,0.0023854,0.005734
-0.0023482,0.0018269,0.0056522,-0.0023468,0.001826,0.0056811
-0.001849,0.0027323,0.0062651,-0.0018478,0.0027307,0.0062961
-0.0019257,0.0031446,0.0057823,-0.0019246,0.0031429,0.0058109
-0.0017345,0.0030647,0.0062753,-0.0017333,0.0030629,0.0063062
-0.0018931,0.0027043,0.0060082,-0.001892,0.0027028,0.0060381
-0.0014422,0.002531,0.0060451,-0.0014413,0.0025296,0.0060755
-0.00229,0.0027119,0.0060289,-0.0022886,0.0027104,0.0060587
-0.0018192,0.0030972,0.0060535,-0.001818,0.0030954,0.0060833
-0.0023321,0.0025848,0.0062869,-0.0023306,0.0025833,0.0063178
-0.0020496,0.0026002,0.0065573,-0.0020482,0.0025986,0.0065895
-0.0012653,-0.0023292,0.008078,-0.0012646,-0.0023278,0.0081173
-0.0011712,-0.002011,0.0079954,-0.0011705,-0.0020098,0.0080346
-0.0008788,-0.001878,0.0082578,-0.0008783,-0.001877,0.0082984
-0.0013357,-0.0017897,0.0082426,-0.001335,-0.0017887,0.0082831
-0.0012568,-0.0015535,0.0080975,-0.0012561,-0.0015526,0.0081374
-0.0012944,-0.0012237,0.0078192,-0.0012937,-0.001223,0.0078579
-0.0006994,-0.0015112,0.0079012,-0.000699,-0.0015103,0.0079403
-0.0008732,-0.0015327,0.0081872,-0.0008727,-0.0015319,0.0082276
-0.0004778,-0.0015441,0.0082176,-0.0004775,-0.0015433,0.0082582
-0.0012789,-0.0009293,0.0082054,-0.0012783,-0.0009288,0.008246
-0.0011682,-0.0005105,0.0081702,-0.0011676,-0.0005102,0.0082109
-0.0016693,-0.0015955,0.0081918,-0.0016683,-0.0015946,0.008232
-0.0008049,-0.0031129,0.0073574,-0.0008043,-0.0031108,0.007393
-0.0009902,-0.0026895,0.0073406,-0.0009895,-0.0026877,0.0073763
-0.0005192,-0.0027511,0.0073094,-0.0005188,-0.0027492,0.0073451
-0.0010302,-0.0023446,0.0072345,-0.0010295,-0.002343,0.00727
-0.0005701,-0.0033115,0.0077018,-0.0005696,-0.0033093,0.0077388
-0.001483,-0.0020515,0.0073452,-0.001482,-0.0020501,0.0073812
-0.0013761,-0.0026222,0.0077029,-0.0013753,-0.0026204,0.0077402
-0.0016967,-0.0018878,0.0072727,-0.0016956,-0.0018866,0.0073084
-0.0017443,-0.0022851,0.0076429,-0.0017432,-0.0022836,0.00768
-0.001385,-0.001783,0.0073752,-0.0013842,-0.0017819,0.0074116
-0.001564,-0.0019242,0.0075849,-0.001563,-0.001923,0.0076221
-0.002546,-0.0018737,0.0073445,-0.0025443,-0.0018724,0.00738
-0.0019752,-0.0016515,0.0072066,-0.0019739,-0.0016505,0.007242
-0.0019721,-0.0018396,0.0075852,-0.0019708,-0.0018384,0.0076222
-0.0026671,-0.001928,0.0077348,-0.0026654,-0.0019267,0.0077721
-0.0020057,-0.0014419,0.0075518,-0.0020045,-0.001441,0.0075888
-0.0019603,-0.0024829,0.0074175,-0.001959,-0.0024812,0.0074533
-0.0025163,-0.0023776,0.0076424,-0.0025146,-0.0023759,0.007679
-0.0021178,-0.0029203,0.0068358,-0.0021164,-0.0029183,0.0068686
-0.0014798,-0.0031507,0.0067936,-0.0014789,-0.0031486,0.0068264
-0.0017433,-0.0027824,0.0067799,-0.0017422,-0.0027805,0.0068129
-0.0013694,-0.0026877,0.006822,-0.0013685,-0.0026858,0.0068554
-0.0022044,-0.0026708,0.0066106,-0.002203,-0.002669,0.0066426
-0.0015546,-0.0023446,0.0067016,-0.0015535,-0.002343,0.0067346
-0.0017589,-0.0025609,0.0071587,-0.0017577,-0.0025591,0.0071934
-0.0022841,-0.0022841,0.0066686,-0.0022826,-0.0022826,0.0067011
-0.0030618,-0.003027,0.0045322,-0.0030605,-0.0030257,0.0045548
-0.0026813,-0.0032524,0.0044745,-0.0026802,-0.003251,0.004497
-0.0012,0.0038028,0.0047067,-0.0011994,0.0038013,0.0047306
-0.001694,0.0002853,0.0079529,-0.0016931,0.0002852,0.0079923
-0.0017111,-0.000344,0.0079071,-0.0017101,-0.0003438,0.0079463
-0.0016591,0.0001114,0.0082702,-0.0016583,0.0001114,0.0083111
-0.0015654,0.0004848,0.0081514,-0.0015645,0.0004846,0.0081918
-0.001307,0.0001909,0.0082615,-0.0013063,0.0001908,0.0083025
-0.0015677,-0.0002725,0.0082268,-0.0015669,-0.0002724,0.0082676
-0.001869,-5.49e-05,0.00806,-0.001868,-5.48e-05,0.0080999
-0.0011586,0.000256,0.0079521,-0.0011579,0.0002558,0.0079917
-0.0007099,0.0001784,0.0079277,-0.0007094,0.0001784,0.0079672
-0.0004136,0.000117,0.0081425,-0.0004133,0.0001169,0.0081831
-0.001146,-0.0001089,0.008122,-0.0011454,-0.0001088,0.0081624
-0.0009953,3.59e-05,0.0084557,-0.0009948,3.6e-05,0.0084977
-0.0012849,0.0006326,0.0082706,-0.0012842,0.0006323,0.0083116
-0.0012858,0.0010115,0.0082709,-0.0012851,0.001011,0.0083119
-0.0013354,-0.000328,0.0078589,-0.0013346,-0.0003278,0.007898
-0.0014091,3.6e-05,0.0085417,-0.0014084,3.61e-05,0.008584
-0.0029107,2.42e-05,0.0073727,-0.0029088,2.42e-05,0.0074086
-0.002309,-7.73e-05,0.0072819,-0.0023075,-7.73e-05,0.0073179
-0.0025069,0.0001146,0.0074633,-0.0025052,0.0001145,0.0075001
-0.0023209,0.0009307,0.0071881,-0.0023194,0.0009301,0.0072236
-0.0025523,0.0009116,0.0073502,-0.0025505,0.0009111,0.0073863
-0.0025109,-0.0002944,0.0076154,-0.0025093,-0.0002941,0.0076528
-0.0030032,0.0010958,0.0072834,-0.0030012,0.0010951,0.0073187
-0.0029542,0.0010114,0.0077009,-0.0029523,0.0010107,0.0077383
-0.0027295,0.0001974,0.0076521,-0.0027277,0.0001973,0.0076896
-0.0028504,-0.0002809,0.0075401,-0.0028486,-0.0002807,0.0075768
-0.0037305,0.0002986,0.006862,-0.003728,0.0002985,0.006895
-0.0031816,-4.6e-05,0.0068455,-0.0031795,-4.59e-05,0.0068789
-0.003359,0.0002444,0.006775,-0.0033568,0.0002443,0.0068079
-0.0033368,0.0006545,0.0067358,-0.0033346,0.0006543,0.0067685
-0.0029479,0.0004596,0.0067765,-0.002946,0.0004594,0.0068098
-0.0034775,0.000423,0.0071292,-0.0034752,0.0004228,0.0071636
-0.0030131,-0.000138,0.00712,-0.0030111,-0.0001379,0.0071547
-0.0034348,-0.0002148,0.0071469,-0.0034325,-0.0002145,0.0071814
-0.0036217,-9.98e-05,0.0069351,-0.0036193,-9.96e-05,0.0069685
-0.0034129,-0.0004,0.0067654,-0.0034107,-0.0003997,0.0067982
0.0015653,0.0033779,0.0043609,0.0015646,0.0033766,0.0043839
-0.0007708,-0.0041289,0.0044764,-0.0007705,-0.004127,0.0044988
0.0016063,0.00296,0.0089433,0.0016053,0.0029582,0.0089864
0.0020492,0.0030054,0.0089755,0.0020479,0.0030035,0.0090184
-0.0004423,0.00146,0.0085862,-0.0004421,0.0014593,0.0086287
-0.0005027,0.0017524,0.0087099,-0.0005024,0.0017516,0.0087529
1.81e-05,0.0015764,0.0086236,1.81e-05,0.0015756,0.0086662
-0.0001314,0.0020108,0.0086326,-0.0001314,0.0020097,0.0086751
-0.0003787,0.0020181,0.0087569,-0.0003785,0.002017,0.0088
-0.000503,0.0025225,0.0079482,-0.0005027,0.0025209,0.0079872
7.37e-05,0.0024104,0.007899,7.37e-05,0.0024088,0.0079379
-0.0002031,0.0024244,0.0080415,-0.000203,0.0024229,0.008081
-6.93e-05,0.0027987,0.0079804,-6.92e-05,0.0027969,0.0080194
-0.0005933,0.0027806,0.0083217,-0.000593,0.0027789,0.0083623
-0.0004508,0.0031472,0.0073913,-0.0004505,0.003145,0.0074273
-0.0004507,0.0030725,0.0076921,-0.0004504,0.0030703,0.0077295
0.0037123,0.0008712,0.0043681,0.0037108,0.000871,0.004391
0.0041263,0.0008059,0.0044638,0.0041246,0.0008057,0.0044863
0.0007791,0.0018455,0.0050788,0.0007787,0.0018447,0.0051066
0.0005126,0.0020257,0.0047233,0.0005124,0.0020248,0.0047499
0.0004074,0.0017788,0.005045,0.0004072,0.001778,0.0050729
0.0004332,0.0028044,0.0051327,0.000433,0.0028031,0.0051598
0.000423,0.0029485,0.0053948,0.0004228,0.0029471,0.0054227
0.0004424,0.0031463,0.0056246,0.0004421,0.0031446,0.0056531
0.0005521,0.0026785,0.0052706,0.0005519,0.0026773,0.0052983
0.0007819,0.0034103,0.0062801,0.0007815,0.0034082,0.006311
0.0006918,0.0034746,0.0059896,0.0006914,0.0034726,0.0060192
0.0003055,0.0034121,0.0063024,0.0003053,0.0034101,0.0063334
0.0002382,0.0034341,0.0066185,0.0002381,0.0034319,0.0066509
-0.0031926,0.0027963,0.0042296,-0.0031914,0.0027955,0.0042512
-0.0027935,0.0027227,0.0041309,-0.0027924,0.0027219,0.0041527
-0.0032742,0.0028365,0.004016,-0.003273,0.0028357,0.0040364
-0.0027962,0.0027113,0.0039169,-0.0027951,0.0027105,0.0039378
-0.0040106,0.0014618,0.0044894,-0.0040089,0.0014614,0.0045119
0.0004019,-0.0020398,0.0079408,0.0004016,-0.0020386,0.0079799
3.88e-05,-0.0018048,0.0078606,3.88e-05,-0.0018037,0.0078995
0.0008655,-0.0017144,0.0083333,0.0008651,-0.0017133,0.0083744
0.00021,-0.0018835,0.0082454,0.0002098,-0.0018825,0.0082861
0.0004015,-0.0023477,0.0080062,0.0004013,-0.0023462,0.0080454
-8.56e-05,-0.0022129,0.0082765,-8.56e-05,-0.0022117,0.0083171
0.0003433,-0.0031221,0.0073402,0.0003431,-0.0031199,0.0073757
0.0007955,-0.0029632,0.0073692,0.000795,-0.0029612,0.0074049
0.0004266,-0.0027237,0.0074017,0.0004263,-0.0027218,0.0074378
0.0008557,-0.0022874,0.0074563,0.0008552,-0.0022858,0.0074929
0.0002353,-0.003227,0.0077011,0.0002351,-0.0032248,0.0077382
-4.03e-05,-0.0027882,0.0072631,-4.02e-05,-0.0027862,0.0072986
8.53e-05,-0.0022494,0.0071794,8.52e-05,-0.0022479,0.007215
0.0003691,-0.0026111,0.0076393,0.0003688,-0.0026093,0.0076766
-3.09e-05,-0.0026166,0.0077136,-3.09e-05,-0.0026148,0.0077513
-0.0001898,-0.0030717,0.0077371,-0.0001897,-0.0030696,0.0077745
-0.0034567,-0.0011992,0.0091694,-0.0034546,-0.0011986,0.0092131
-0.0038778,7.8e-06,0.0045889,-0.0038761,7.9e-06,0.0046124
-0.0021774,0.0002857,0.0046167,-0.0021763,0.0002857,0.0046427
-0.0018594,0.0002663,0.0045547,-0.0018585,0.0002663,0.0045808
-0.0017781,8.64e-05,0.0047944,-0.0017771,8.65e-05,0.0048215
-0.001391,0.0004023,0.0045294,-0.0013903,0.0004022,0.0045559
-0.001649,0.000567,0.0047357,-0.0016482,0.0005668,0.0047626
-0.0012443,0.0001112,0.0048168,-0.0012436,0.0001113,0.0048444
-0.0018245,0.0003021,0.0051018,-0.0018236,0.0003021,0.0051298
-0.0020625,-7.41e-05,0.0046496,-0.0020615,-7.39e-05,0.0046759
-0.0026428,0.0002639,0.0051524,-0.0026414,0.0002639,0.0051797
-0.0025782,3.6e-06,0.0053134,-0.0025768,3.8e-06,0.0053414
-0.0022939,0.0002389,0.0053676,-0.0022927,0.0002389,0.005396
-0.0031829,0.0005229,0.0057119,-0.0031811,0.0005227,0.0057406
-0.0030243,0.0002268,0.0057469,-0.0030226,0.0002267,0.005776
-0.0037617,0.0001342,0.0056789,-0.0037596,0.0001343,0.0057069
-0.0035003,0.0003118,0.0056997,-0.0034983,0.0003117,0.005728
-0.0032159,1.37e-05,0.0061763,-0.0032139,1.38e-05,0.0062069
-0.0035353,0.0010264,0.0057849,-0.0035333,0.0010259,0.0058134
-0.003441,0.0005357,0.0061462,-0.0034389,0.0005355,0.0061764
-0.0033666,1.46e-05,0.0059046,-0.0033646,1.46e-05,0.005934
-0.0030323,8.69e-05,0.0059335,-0.0030305,8.7e-05,0.0059632
-0.0036953,-9.21e-05,0.0058283,-0.0036932,-9.2e-05,0.005857
-0.001503,-0.0033583,0.0088421,-0.0015021,-0.0033563,0.0088842
-0.0011556,-0.0035119,0.0088788,-0.0011549,-0.0035097,0.008921
-0.0005778,-0.0008889,0.0085769,-0.0005775,-0.0008885,0.0086193
-0.0010676,-0.0007435,0.0085208,-0.0010671,-0.0007431,0.008563
-0.0008103,-0.0013998,0.0088714,-0.00081,-0.0013992,0.008915
-0.0013097,-0.0009042,0.0088227,-0.0013091,-0.0009038,0.0088662
-0.0030261,0.0011449,0.0091107,-0.0030245,0.0011443,0.0091546
-0.0034217,0.0007001,0.0091452,-0.0034198,0.0006997,0.0091891
-0.0029728,0.0007269,0.009234,-0.0029712,0.0007264,0.0092786
0.0028399,-0.0015395,0.0073146,0.002838,-0.0015384,0.00735
0.0031865,-0.0014924,0.0073999,0.0031843,-0.0014913,0.0074355
0.003056,-0.0011456,0.0074006,0.0030539,-0.0011447,0.0074364
0.0027139,-0.0010923,0.007341,0.0027121,-0.0010915,0.0073768
0.0031897,-0.0006503,0.0074814,0.0031875,-0.0006498,0.0075176
0.003167,-0.0014727,0.0077273,0.0031648,-0.0014716,0.0077644
0.0027477,-0.0015369,0.0076323,0.0027459,-0.0015358,0.0076692
0.0027328,-0.000711,0.0073069,0.002731,-0.0007105,0.0073427
0.002731,-0.0018907,0.0077425,0.0027292,-0.0018893,0.0077798
0.0027705,-0.0016237,0.0068356,0.0027686,-0.0016226,0.0068689
0.0031089,-0.0014773,0.0068317,0.0031068,-0.0014762,0.0068648
0.0032898,-0.0007,0.0067877,0.0032876,-0.0006995,0.0068207
0.0031267,-0.0009326,0.0069994,0.0031246,-0.0009318,0.0070334
0.0031798,-0.0015528,0.0070812,0.0031775,-0.0015517,0.0071152
0.0027792,-0.001478,0.0070347,0.0027773,-0.0014769,0.007069
0.002675,-0.0007401,0.0069725,0.0026732,-0.0007395,0.0070067
0.0026571,-0.0018503,0.0070518,0.0026552,-0.001849,0.007086
0.0032131,-0.0017069,0.0089949,0.003211,-0.0017058,0.0090378
0.0034734,-0.0015726,0.0088998,0.0034711,-0.0015716,0.0089421
0.00351,-0.001154,0.0089193,0.0035077,-0.0011532,0.0089617
0.0029315,0.0004652,0.0088106,0.0029298,0.0004649,0.0088534
0.0027503,0.0002999,0.0090785,0.0027488,0.0002997,0.0091227
0.0010948,-0.0001902,0.0085407,0.0010942,-0.0001902,0.008583
0.0010566,0.0002208,0.0084678,0.001056,0.0002207,0.0085098
0.0013637,0.0002025,0.0085773,0.0013629,0.0002024,0.0086197
0.0013354,0.000548,0.0084481,0.0013347,0.0005478,0.00849
0.0011201,0.0007873,0.0085198,0.0011195,0.0007869,0.0085619
0.0013985,0.0009757,0.0086141,0.0013977,0.0009752,0.0086566
0.0014307,0.0005348,0.0087659,0.0014299,0.0005345,0.0088092
0.0014455,9.15e-05,0.0088032,0.0014448,9.14e-05,0.0088466
0.001103,-2.99e-05,0.0089407,0.0011025,-2.99e-05,0.0089848
0.0010644,0.0004186,0.0086312,0.0010639,0.0004184,0.0086739
0.000769,0.0005322,0.0085467,0.0007686,0.0005319,0.008589
0.001044,0.000123,0.0086943,0.0010435,0.000123,0.0087373
0.0007603,-4.25e-05,0.0088233,0.00076,-4.25e-05,0.0088668
0.0014291,0.0002286,0.0079599,0.0014282,0.0002285,0.0079995
0.0017515,0.0001081,0.0078983,0.0017504,0.0001081,0.0079375
0.0015919,-0.0001897,0.0078572,0.0015909,-0.0001896,0.0078963
0.0013523,0.0005178,0.0081419,0.0013514,0.0005175,0.0081824
0.001376,0.0001941,0.0083105,0.0013752,0.0001941,0.0083517
0.0010905,9.73e-05,0.0081579,0.0010898,9.73e-05,0.0081985
0.0015068,-1.99e-05,0.0081284,0.0015059,-1.99e-05,0.0081687
0.0010842,-0.0003552,0.0078561,0.0010835,-0.0003549,0.0078953
0.0007282,9.38e-05,0.0081316,0.0007277,9.38e-05,0.0081721
0.0012723,-0.0002431,0.0082601,0.0012716,-0.000243,0.0083011
0.0007387,0.0005092,0.0063484,0.0007382,0.000509,0.0063813
0.0009516,0.0007684,0.0063987,0.000951,0.0007681,0.0064317
0.0011621,0.0010499,0.0063855,0.0011614,0.0010493,0.0064183
0.0016121,0.0009178,0.0064485,0.0016111,0.0009173,0.0064814
0.0007428,0.0009888,0.0063771,0.0007423,0.0009883,0.0064101
0.0011948,0.0014939,0.0063976,0.001194,0.0014931,0.0064302
0.0012771,0.0008766,0.0066656,0.0012763,0.0008762,0.0066995
0.0012989,0.0004372,0.0067145,0.001298,0.000437,0.0067486
0.001582,0.0006239,0.0067493,0.001581,0.0006235,0.0067834
0.0011495,9.36e-05,0.0066557,0.0011488,9.36e-05,0.0066897
0.0012682,0.0006019,0.0069269,0.0012673,0.0006015,0.0069619
0.0003433,0.0009532,0.0063692,0.0003431,0.0009527,0.0064022
0.0008872,0.0013338,0.0063444,0.0008867,0.0013331,0.006377
0.0008671,0.0009547,0.0066442,0.0008665,0.0009542,0.0066781
0.00044,0.0010253,0.006647,0.0004398,0.0010247,0.006681
0.0008095,0.0014155,0.0066448,0.000809,0.0014147,0.0066786
0.000569,0.0009347,0.007089,0.0005686,0.0009342,0.0071248
0.0007666,0.0001224,0.0066892,0.0007661,0.0001224,0.0067235
0.0007084,0.0004877,0.0070402,0.0007079,0.0004874,0.007076
0.0027388,-4.01e-05,0.0072132,0.0027369,-4.01e-05,0.0072487
0.0030476,0.0001033,0.0072638,0.0030455,0.0001033,0.0072992
0.0032122,0.0005871,0.0073387,0.00321,0.0005868,0.0073743
0.0031349,0.0009614,0.0074046,0.0031327,0.0009608,0.0074405
0.0031131,-1.42e-05,0.0075439,0.003111,-1.42e-05,0.0075805
0.0031843,-0.00034,0.0076844,0.0031821,-0.0003397,0.0077216
0.0027033,0.0009162,0.007235,0.0027014,0.0009156,0.0072705
0.0028222,0.0001319,0.0074607,0.0028202,0.0001319,0.0074971
0.0027871,0.0001684,0.0068446,0.0027853,0.0001683,0.0068783
0.0031056,0.0001414,0.0067948,0.0031035,0.0001414,0.006828
0.0032606,0.0008591,0.0068323,0.0032584,0.0008586,0.0068655
0.0032652,0.0004462,0.0070318,0.003263,0.000446,0.0070659
0.00261,-3.29e-05,0.0069804,0.0026082,-3.28e-05,0.0070149
0.0028494,-9.96e-05,0.0067575,0.0028475,-9.95e-05,0.0067907
0.0027797,-0.0003453,0.0069374,0.0027778,-0.000345,0.0069715
0.0014119,0.0013526,0.0085579,0.0014111,0.0013519,0.0086
0.0011387,0.0012136,0.0086359,0.0011381,0.001213,0.0086785
0.0013122,0.0012194,0.0088507,0.0013116,0.0012188,0.0088943
0.0008705,0.0009077,0.0086095,0.00087,0.0009073,0.0086522
0.0007964,0.0012428,0.0086126,0.000796,0.0012422,0.0086551
0.0017302,0.0012482,0.0081547,0.0017292,0.0012475,0.008195
0.0019233,0.0007801,0.0082255,0.0019221,0.0007797,0.008266
0.0019706,0.0005881,0.0078681,0.0019694,0.0005877,0.0079071
0.0017461,0.0003575,0.0081342,0.001745,0.0003572,0.0081744
0.0032953,0.001271,0.0073866,0.0032929,0.0012701,0.0074222
0.0026738,0.0013309,0.0073139,0.0026719,0.0013301,0.0073496
0.0030671,0.0014892,0.007836,0.003065,0.0014881,0.0078737
0.0029861,0.0012615,0.0074271,0.002984,0.0012607,0.0074631
0.0027262,0.0017591,0.0074051,0.0027242,0.0017579,0.007441
0.0027711,0.0017091,0.0077446,0.0027691,0.001708,0.007782
0.0028871,0.0007395,0.0074327,0.002885,0.000739,0.007469
0.0012626,0.0017358,0.0080855,0.0012618,0.0017347,0.0081254
0.0015492,0.0016724,0.0079854,0.0015482,0.0016713,0.0080248
0.001381,0.0019445,0.0083488,0.0013802,0.0019433,0.0083898
0.0013792,0.0014836,0.008292,0.0013784,0.0014828,0.0083329
0.0010762,0.0016297,0.0083126,0.0010755,0.0016288,0.0083536
0.0009536,0.0018049,0.0080886,0.000953,0.0018038,0.0081285
0.0006761,0.001638,0.0082788,0.0006757,0.0016371,0.0083198
0.0011103,0.0023514,0.0073343,0.0011095,0.0023498,0.0073705
0.0010912,0.0026927,0.0074908,0.0010905,0.0026909,0.0075274
0.0014734,0.0023569,0.0074006,0.0014724,0.0023553,0.0074369
0.001481,0.0028141,0.0074861,0.0014799,0.0028122,0.0075225
0.0009777,0.0028333,0.0072015,0.0009771,0.0028314,0.0072367
0.0007412,0.0029318,0.007375,0.0007407,0.0029298,0.007411
0.0010285,0.0026857,0.0068731,0.0010279,0.0026838,0.006907
0.0017355,0.0024022,0.006695,0.0017344,0.0024006,0.006728
0.0014201,0.0025164,0.0068294,0.0014192,0.0025147,0.0068631
0.0018634,0.0026207,0.0069687,0.0018621,0.002619,0.0070026
0.0017005,0.0029694,0.0066867,0.0016993,0.0029675,0.0067193
0.0012614,0.0029544,0.0067567,0.0012606,0.0029524,0.0067898
0.0015382,0.0024642,0.007126,0.0015372,0.0024625,0.007161
0.001154,0.0024871,0.0070621,0.0011532,0.0024854,0.0070969
0.0012428,0.002941,0.0070721,0.001242,0.002939,0.0071065
0.0012759,0.0029728,0.0088476,0.0012752,0.002971,0.0088904
0.0012337,0.0024897,0.0092133,0.001233,0.0024884,0.0092582
-0.0032723,-0.0015587,0.0089211,-0.0032704,-0.0015577,0.0089636
-0.0030353,-0.0015875,0.0073963,-0.0030333,-0.0015864,0.0074319
-0.0022927,-0.0015992,0.0073032,-0.0022912,-0.0015981,0.0073389
-0.0025603,-0.0014034,0.0074606,-0.0025587,-0.0014024,0.0074969
-0.0024405,-0.0010222,0.0074024,-0.0024389,-0.0010215,0.0074386
-0.0020819,-0.0012538,0.0072895,-0.0020806,-0.0012529,0.0073254
-0.0030542,-0.0007287,0.0073655,-0.0030522,-0.0007281,0.0074012
-0.0022398,-0.000749,0.0072776,-0.0022384,-0.0007484,0.0073135
-0.0023871,-0.0015655,0.0076788,-0.0023856,-0.0015644,0.0077161
-0.002835,-0.001102,0.0074137,-0.0028331,-0.0011013,0.0074497
-0.0031978,-0.0018686,0.0078225,-0.0031957,-0.0018673,0.0078597
-0.0030049,-0.0015737,0.0067832,-0.0030029,-0.0015726,0.0068161
-0.0020577,-0.0016986,0.0066372,-0.0020564,-0.0016975,0.00667
-0.0024724,-0.0019504,0.0067466,-0.0024708,-0.0019491,0.0067796
-0.0026217,-0.001541,0.0071556,-0.00262,-0.0015399,0.0071904
-0.002171,-0.0015884,0.0069262,-0.0021696,-0.0015873,0.0069602
-0.0027206,-0.001848,0.0069818,-0.0027188,-0.0018467,0.0070156
-0.0029012,-0.0010632,0.006845,-0.0028994,-0.0010624,0.0068784
-0.0029888,-0.0010054,0.0071261,-0.0029869,-0.0010046,0.0071607
-0.0028761,-0.0006367,0.0070192,-0.0028743,-0.0006362,0.0070535
0.0033989,-0.0018197,0.0043721,0.0033976,-0.0018188,0.0043948
0.0034165,-0.0024961,0.0047197,0.0034151,-0.0024949,0.0047432
0.0033786,-0.0018684,0.0046376,0.0033772,-0.0018675,0.0046613
0.0032503,-0.0011683,0.0062275,0.0032483,-0.0011675,0.0062581
0.0032217,-0.0015812,0.0060057,0.0032198,-0.0015801,0.0060352
0.0028966,-0.0016004,0.0060483,0.0028949,-0.0015993,0.0060783
0.0034113,-0.0011686,0.0059926,0.0034092,-0.0011678,0.0060221
0.0030147,-0.0014945,0.0058925,0.0030129,-0.0014935,0.0059218
0.002879,-0.0007515,0.0059862,0.0028773,-0.0007509,0.0060162
0.0028311,-0.0010633,0.0062074,0.0028293,-0.0010625,0.0062383
0.0028853,-0.0015386,0.006265,0.0028836,-0.0015376,0.0062959
0.0028606,-0.0019965,0.006241,0.0028588,-0.0019952,0.0062716
0.0027836,-0.0015219,0.0065805,0.0027818,-0.0015208,0.0066127
-0.0020384,0.0009168,0.0080931,-0.0020371,0.0009162,0.0081329
-0.0017515,0.0009409,0.0080239,-0.0017505,0.0009404,0.0080636
-0.0016473,0.0008517,0.008335,-0.0016464,0.0008513,0.0083762
-0.0015949,0.0011985,0.0080852,-0.0015939,0.0011978,0.0081252
-0.001411,0.0013514,0.0077553,-0.0014101,0.0013506,0.0077938
-0.0017335,0.0012558,0.0083494,-0.0017325,0.0012551,0.0083905
-0.0016546,0.0015547,0.0083202,-0.0016537,0.0015538,0.0083611
-0.0019699,0.0011702,0.0080152,-0.0019687,0.0011695,0.0080546
-0.0022075,0.0016394,0.0080017,-0.0022061,0.0016384,0.0080408
-0.0020401,0.0012741,0.0083198,-0.0020389,0.0012734,0.0083606
-0.0018782,0.0006907,0.0081633,-0.0018771,0.0006903,0.0082036
-0.002536,0.0017192,0.0073693,-0.0025342,0.0017181,0.0074051
-0.0025116,0.0013319,0.0072455,-0.0025099,0.001331,0.007281
-0.0021438,0.0013262,0.0071091,-0.0021424,0.0013254,0.0071443
-0.0031874,0.001511,0.0073557,-0.0031852,0.00151,0.0073912
-0.0028442,0.0015027,0.0073705,-0.0028423,0.0015017,0.0074063
-0.0030128,0.0018033,0.0074609,-0.0030108,0.0018022,0.0074968
-0.0029501,0.0017535,0.0077171,-0.0029481,0.0017523,0.0077543
-0.0027211,0.0007399,0.0075552,-0.0027193,0.0007395,0.0075921
-0.0033501,0.0009849,0.00771,-0.0033478,0.0009843,0.007747
0.0016759,-0.0032319,0.0095605,0.0016749,-0.00323,0.0096061
0.0020661,-0.0029895,0.0095321,0.0020648,-0.0029878,0.0095776
0.0002545,0.0010589,0.0038314,0.0002543,0.0010585,0.0038561
7.5e-06,0.0014739,0.0038726,7.5e-06,0.0014733,0.003897
-0.0002453,0.0013405,0.0041927,-0.0002452,0.0013399,0.0042182
0.0002074,0.0010068,0.004366,0.0002073,0.0010064,0.0043924
-0.0005008,0.0012783,0.0044439,-0.0005005,0.0012778,0.0044702
-0.0003771,0.0008513,0.004017,-0.0003769,0.000851,0.0040423
0.003138,-0.000494,0.0095631,0.0031363,-0.0004938,0.0096092
0.0033571,0.0017497,0.004352,0.0033558,0.0017492,0.0043749
0.00195,-0.0027536,0.0092044,0.0019489,-0.002752,0.0092485
0.0023449,-0.0027372,0.0091983,0.0023435,-0.0027356,0.0092422
-0.0011154,0.0035088,0.008912,-0.0011147,0.0035065,0.0089546
-0.0006963,0.0033998,0.0088873,-0.0006958,0.0033977,0.00893
-0.0013829,0.0017257,0.0078925,-0.001382,0.0017247,0.0079315
-0.0009506,0.001586,0.0082084,-0.0009501,0.0015851,0.008249
-0.000485,0.0016242,0.0081699,-0.0004847,0.0016232,0.0082104
-0.0013483,0.0015939,0.008127,-0.0013475,0.001593,0.0081672
-0.0020306,0.0021092,0.0083669,-0.0020293,0.0021079,0.0084076
-0.0013377,0.0023248,0.0073169,-0.0013368,0.0023232,0.0073529
-0.0010085,0.0023311,0.0073515,-0.0010078,0.0023296,0.0073878
-0.0008102,0.002477,0.0075094,-0.0008097,0.0024754,0.0075463
-0.0009831,0.0028096,0.0074056,-0.0009824,0.0028077,0.0074418
-0.0013601,0.0029019,0.0073938,-0.0013591,0.0028999,0.0074298
-0.0008928,0.0029079,0.0077067,-0.0008922,0.002906,0.0077442
-0.0018095,0.0029391,0.0077253,-0.0018082,0.0029371,0.0077625
-0.0015148,0.0022526,0.0076164,-0.0015138,0.0022511,0.0076537
-0.0012089,0.0023782,0.0076379,-0.0012081,0.0023766,0.0076754
-0.0018612,0.0024192,0.0077757,-0.0018599,0.0024176,0.0078135
-0.0014176,0.0024829,0.0066991,-0.0014166,0.0024813,0.0067323
-0.0014878,0.0029615,0.0067685,-0.0014868,0.0029595,0.0068016
-0.0012282,0.0028262,0.0067982,-0.0012273,0.0028244,0.0068316
-0.0005465,0.0030519,0.006806,-0.0005461,0.0030499,0.0068394
-0.0009881,0.0033456,0.006808,-0.0009874,0.0033433,0.0068411
-0.0013529,0.002909,0.0070686,-0.0013519,0.0029071,0.0071031
-0.0014136,0.002468,0.0070924,-0.0014127,0.0024664,0.0071272
-0.0012071,0.0025631,0.0069217,-0.0012062,0.0025614,0.0069559
-0.0004955,0.0024122,0.0069808,-0.0004951,0.0024106,0.0070155
-0.0017164,0.0024412,0.007052,-0.0017152,0.0024397,0.0070866
0.0010966,0.0033749,0.0043245,0.0010962,0.0033736,0.0043477
0.001015,0.003791,0.0043783,0.0010147,0.0037895,0.004401
0.0009807,0.0037747,0.0045984,0.0009803,0.0037732,0.004622
0.0031967,0.0010978,0.0087976,0.0031947,0.0010971,0.0088399
0.0034715,0.0012617,0.0089163,0.0034693,0.0012609,0.0089588
0.0001282,-0.0040712,0.0041938,0.0001282,-0.0040694,0.0042153
0.0005209,-0.0040624,0.004206,0.0005208,-0.0040607,0.0042275
0.000634,-0.0037058,0.0042307,0.0006338,-0.0037041,0.0042529
0.0007062,-0.0015355,0.0039794,0.0007058,-0.0015346,0.0040039
0.0004261,-0.0006775,0.0039052,0.0004258,-0.000677,0.0039303
8.55e-05,0.0033756,0.0091071,8.54e-05,0.0033736,0.009151
0.0004541,0.0035517,0.0091256,0.0004538,0.0035496,0.0091694
0.0029109,-0.0021375,0.0088571,0.0029091,-0.0021361,0.0088994
0.0028921,-0.0017145,0.0088491,0.0028903,-0.0017134,0.0088916
0.0021227,0.0027648,0.0082099,0.0021213,0.002763,0.0082493
0.0018651,0.0027825,0.0083503,0.0018639,0.0027807,0.0083905
0.0019201,0.001623,0.0073949,0.0019188,0.0016219,0.0074314
0.0023405,0.0016836,0.0074278,0.0023389,0.0016825,0.0074641
0.0025398,0.0018817,0.0075936,0.002538,0.0018804,0.0076305
0.0024527,0.0020558,0.0073354,0.002451,0.0020543,0.007371
0.0026706,0.00226,0.007516,0.0026687,0.0022585,0.0075522
0.0023852,0.0021143,0.0077333,0.0023836,0.0021128,0.0077707
0.001915,0.0017988,0.007669,0.0019137,0.0017976,0.0077067
0.0027734,0.0020966,0.0077854,0.0027715,0.0020952,0.0078229
-0.003143,0.0021855,0.004123,-0.0031417,0.0021848,0.0041448
-0.0029799,0.0024265,0.0042719,-0.0029787,0.0024257,0.0042942
-0.0014252,0.0030252,0.0091631,-0.0014244,0.0030235,0.0092073
0.002783,-0.0024638,0.009017,0.0027813,-0.0024623,0.0090599
0.0017818,-0.0023508,0.0073279,0.0017805,-0.0023491,0.0073635
0.002407,-0.0021318,0.007538,0.0024053,-0.0021303,0.0075744
0.0028788,-0.0019931,0.0074021,0.0028769,-0.0019916,0.0074377
0.0026584,-0.002332,0.0076711,0.0026566,-0.0023303,0.0077079
0.0022562,-0.0018803,0.0074029,0.0022547,-0.0018789,0.007439
0.0019192,-0.0019434,0.0074125,0.0019179,-0.001942,0.0074487
0.0021362,-0.0015202,0.0072355,0.0021347,-0.0015191,0.007271
0.0022024,-0.0018755,0.0077212,0.0022009,-0.0018742,0.0077588
0.0018857,-0.0022003,0.007661,0.0018844,-0.0021987,0.0076983
0.0016846,-0.0014689,0.0073479,0.0016835,-0.0014679,0.0073842
0.0017755,-0.0017006,0.0076959,0.0017743,-0.0016994,0.0077337
0.0015684,-0.0013784,0.0076853,0.0015673,-0.0013774,0.0077232
-0.0015831,0.0029748,0.008822,-0.0015822,0.0029729,0.0088645
-0.0012347,0.0030152,0.0088648,-0.0012339,0.0030134,0.0089076
-0.0013216,0.000923,0.0085415,-0.001321,0.0009226,0.0085837
-0.0010342,0.0007994,0.008533,-0.0010336,0.000799,0.0085753
-0.0008015,0.0010216,0.0086028,-0.0008011,0.0010211,0.0086454
-0.0009559,0.0013417,0.0086949,-0.0009554,0.001341,0.0087378
-0.0013238,0.0012127,0.008724,-0.0013231,0.001212,0.008767
-0.0012646,0.0013218,0.0090069,-0.001264,0.0013212,0.0090512
-0.0012429,0.0004407,0.0089758,-0.0012424,0.0004405,0.00902
-0.0021938,0.0026885,0.0074347,-0.0021923,0.0026867,0.0074706
-0.0017029,0.0028474,0.0073839,-0.0017017,0.0028455,0.0074197
-0.002332,0.0024425,0.0076423,-0.0023304,0.0024408,0.0076792
-0.0019037,0.0027546,0.0075405,-0.0019023,0.0027528,0.007577
-0.0020377,0.0024289,0.007562,-0.0020362,0.0024273,0.0075987
-0.0034155,-0.0016472,0.0086063,-0.0034133,-0.0016461,0.0086471
-0.0029606,0.0010448,0.008804,-0.0029589,0.0010441,0.0088465
-0.0033753,0.000685,0.0088505,-0.0033733,0.0006845,0.008893
-0.0030973,0.0006528,0.0088329,-0.0030955,0.0006524,0.0088756
-0.0037516,0.0007476,0.008563,-0.0037492,0.0007471,0.0086036
-0.0034511,0.0007473,0.008549,-0.003449,0.0007468,0.0085899
-0.0023363,-0.0028922,0.0084969,-0.0023348,-0.0028903,0.0085372
-0.0016314,-0.0039532,0.0044523,-0.0016307,-0.0039515,0.0044744
0.002824,0.0026161,0.0043375,0.0028228,0.0026152,0.0043602
0.0032788,0.0026516,0.0045228,0.0032774,0.0026506,0.0045456
0.0024941,0.0021633,0.0088808,0.0024926,0.002162,0.0089236
0.0028672,0.0022509,0.0089947,0.0028654,0.0022494,0.0090377
-0.0034617,0.0012208,0.0085217,-0.0034595,0.00122,0.0085623
-0.0030333,0.0010733,0.0084875,-0.0030314,0.0010727,0.0085285
-0.0040895,-0.0015162,0.0040296,-0.004088,-0.0015155,0.0040499
-0.0035623,-0.001429,0.0038822,-0.0035609,-0.0014282,0.0039029
-0.0040951,-0.0012898,0.0042104,-0.0040935,-0.0012892,0.0042317
-0.0036059,-0.0013806,0.0041375,-0.0036045,-0.0013799,0.0041592
-0.001537,0.0001128,0.0049923,-0.0015362,0.0001129,0.0050201
-0.0017676,0.0006557,0.0049854,-0.0017667,0.0006556,0.0050129
-0.0018417,-0.0001756,0.0050414,-0.0018407,-0.0001754,0.0050691
-0.0013201,0.000648,0.0048657,-0.0013194,0.0006478,0.0048933
-0.0014203,0.0002163,0.0053003,-0.0014196,0.0002163,0.0053293
-0.0016133,7.19e-05,0.0056188,-0.0016125,7.19e-05,0.0056487
-0.0021472,-1.47e-05,0.0051881,-0.0021461,-1.46e-05,0.0052161
-0.0008825,0.0002267,0.0049971,-0.000882,0.0002267,0.0050255
-0.0009806,0.0006195,0.005011,-0.0009801,0.0006193,0.0050393
-0.0010064,7.32e-05,0.0052898,-0.0010058,7.32e-05,0.005319
-0.0005592,0.0001497,0.0052089,-0.0005589,0.0001497,0.0052381
-0.0009595,-0.0002758,0.0053596,-0.0009589,-0.0002755,0.005389
-0.0014969,0.0009198,0.0050791,-0.0014961,0.0009195,0.005107
-0.0015276,0.0006379,0.0052728,-0.0015268,0.0006377,0.0053015
-0.0013826,0.0010544,0.0052788,-0.0013819,0.001054,0.0053075
-0.0013512,0.0006239,0.0054855,-0.0013505,0.0006237,0.0055151
-0.0012486,-3.06e-05,0.0051014,-0.0012479,-3.04e-05,0.0051299
-0.0013562,-0.0003738,0.0049757,-0.0013555,-0.0003735,0.0050036
-0.0009338,-0.0002375,0.0049695,-0.0009333,-0.0002373,0.0049977
-0.0013655,-0.000224,0.0053795,-0.0013648,-0.0002237,0.0054088
-0.0024444,1.46e-05,0.0061437,-0.002443,1.47e-05,0.0061748
-0.0026378,-0.0001043,0.005862,-0.0026363,-0.0001042,0.0058919
-0.0022337,0.0001386,0.0058682,-0.0022325,0.0001386,0.0058985
-0.0031346,0.0005366,0.0062294,-0.0031327,0.0005363,0.0062602
-0.0030343,0.0005097,0.0059918,-0.0030325,0.0005095,0.0060217
-0.0030069,0.0009668,0.0059802,-0.0030051,0.0009664,0.0060101
-0.0029661,-8.55e-05,0.0057567,-0.0029644,-8.54e-05,0.0057859
-0.0030586,-0.0002819,0.0059645,-0.0030568,-0.0002817,0.0059943
-0.0037889,0.0003078,0.0062787,-0.0037866,0.0003078,0.0063091
-0.0035208,0.0001935,0.0062027,-0.0035187,0.0001934,0.0062331
-0.0033824,-3.19e-05,0.006512,-0.0033803,-3.18e-05,0.0065439
-0.0035265,0.0009856,0.0062837,-0.0035243,0.0009851,0.0063144
-0.0029767,7.55e-05,0.0065088,-0.0029749,7.55e-05,0.006541
-0.0035837,-0.0003035,0.0065428,-0.0035815,-0.0003033,0.0065745
-0.0036909,-7.91e-05,0.0063513,-0.0036886,-7.9e-05,0.0063821
0.0001103,-0.0034106,0.009143,0.0001102,-0.0034087,0.0091868
0.0005924,0.0036924,0.0088722,0.000592,0.00369,0.0089146
0.0009508,0.0029013,0.0087503,0.0009502,0.0028996,0.0087928
0.000945,0.0032517,0.0088177,0.0009444,0.0032497,0.0088602
0.002032,0.0004216,0.0050739,0.002031,0.0004215,0.0051016
0.0024503,0.0006302,0.0050492,0.0024491,0.00063,0.0050763
0.0024493,-0.0003561,0.0050279,0.002448,-0.0003558,0.005055
0.0024351,-7.76e-05,0.0053808,0.0024338,-7.75e-05,0.0054091
0.0019548,0.0002238,0.005295,0.0019538,0.0002238,0.0053235
0.0020733,0.0006647,0.0052513,0.0020721,0.0006644,0.0052795
0.0021166,-6.81e-05,0.0050693,0.0021155,-6.79e-05,0.0050969
0.0019364,-0.0003306,0.0052664,0.0019354,-0.0003302,0.0052948
0.0018094,0.0001871,0.0054636,0.0018084,0.0001871,0.0054929
0.001178,-2.44e-05,0.0049794,0.0011773,-2.42e-05,0.0050075
0.001656,-0.0002088,0.0050229,0.0016552,-0.0002085,0.0050508
0.0014971,0.0002009,0.0050352,0.0014963,0.0002009,0.0050632
0.0015871,0.0005944,0.0049572,0.0015863,0.0005943,0.0049848
0.0015482,0.0009941,0.0050647,0.0015473,0.0009938,0.0050926
0.0016097,0.0005823,0.0052205,0.0016089,0.0005821,0.0052491
0.0016148,8.3e-06,0.0052976,0.001614,8.4e-06,0.0053265
0.0016113,0.0001787,0.0056142,0.0016104,0.0001788,0.0056441
0.0008841,0.0005398,0.0050408,0.0008837,0.0005397,0.0050692
0.0008608,3.46e-05,0.0052435,0.0008603,3.48e-05,0.0052727
0.0029638,0.0003737,0.005761,0.0029621,0.0003736,0.0057901
0.0032872,-0.0004942,0.0056392,0.0032854,-0.0004938,0.0056675
0.0028372,-1.1e-05,0.0058525,0.0028355,-1.09e-05,0.0058822
0.0032888,0.0005735,0.0059217,0.0032869,0.0005732,0.0059512
0.0034677,-0.0005082,0.0059349,0.0034656,-0.0005078,0.0059641
0.0032032,-0.0001719,0.0057689,0.0032014,-0.0001717,0.0057979
0.0026661,-0.0003532,0.0060894,0.0026645,-0.0003529,0.0061201
0.0030503,-0.0003189,0.0060327,0.0030485,-0.0003185,0.0060628
0.0028304,0.0001062,0.0061724,0.0028287,0.0001063,0.0062033
0.003553,0.0002625,0.0062977,0.0035507,0.0002624,0.0063284
0.0036614,-0.0001248,0.0063545,0.0036591,-0.0001246,0.0063853
0.0015436,0.0004448,0.0047398,0.0015427,0.0004447,0.0047667
0.0017182,-0.0002363,0.004459,0.0017173,-0.000236,0.004485
0.0016531,-3.9e-06,0.004742,0.0016522,-3.8e-06,0.004769
0.0008574,0.0001028,0.0047073,0.0008569,0.0001029,0.0047347
0.0012829,-0.000208,0.0047106,0.0012822,-0.0002078,0.0047377
0.0021641,-0.0008157,0.005109,0.002163,-0.0008152,0.0051365
0.0020504,-0.0006703,0.0053839,0.0020493,-0.0006698,0.0054125
0.0019528,-0.0001866,0.0055523,0.0019518,-0.0001864,0.0055817
0.001927,-0.0010538,0.005329,0.001926,-0.0010531,0.0053573
0.0032772,-0.000817,0.0059968,0.0032753,-0.0008164,0.0060264
0.0032214,-0.0006065,0.0062102,0.0032193,-0.0006059,0.0062408
0.0028192,-0.000675,0.0062174,0.0028174,-0.0006745,0.0062484
-0.0032017,0.0028284,0.0044482,-0.0032004,0.0028274,0.0044706
-0.0027276,0.0027407,0.0043579,-0.0027265,0.0027398,0.0043806
-7.41e-05,0.001695,0.0054704,-7.4e-05,0.0016942,0.0054998
-0.0001339,0.0022724,0.0051577,-0.0001338,0.0022713,0.0051855
0.0003736,0.0016327,0.00534,0.0003734,0.0016319,0.005369
-0.0005978,0.0017622,0.0053456,-0.0005974,0.0017614,0.0053745
-0.0002996,0.0017125,0.0052202,-0.0002994,0.0017117,0.0052487
-0.0010563,0.0017278,0.0052643,-0.0010557,0.0017271,0.0052927
-6.98e-05,0.0030876,0.0057223,-6.98e-05,0.003086,0.0057513
-3.92e-05,0.0029574,0.0062364,-3.91e-05,0.0029557,0.0062676
-7.77e-05,0.0025901,0.0059473,-7.77e-05,0.0025887,0.0059776
0.0003476,0.0025597,0.0059913,0.0003474,0.0025583,0.0060218
-0.0006816,0.0024075,0.0060051,-0.0006811,0.0024062,0.0060358
-0.000868,0.0036188,0.0056843,-0.0008676,0.0036169,0.0057125
-0.0005493,0.0030929,0.0059887,-0.000549,0.0030911,0.0060188
-7.92e-05,0.0030152,0.0059952,-7.91e-05,0.0030134,0.0060253
-0.0010774,0.0029361,0.0059559,-0.0010768,0.0029344,0.0059858
-0.0003914,0.0029948,0.0062279,-0.0003912,0.002993,0.006259
-0.0004639,0.0026412,0.005935,-0.0004636,0.0026398,0.0059652
-0.0009277,0.0025889,0.0061781,-0.0009272,0.0025874,0.0062092
-0.0029019,-0.0031407,0.0047233,-0.0029006,-0.0031393,0.0047467
-0.0025495,-0.0033172,0.0046967,-0.0025483,-0.0033157,0.0047201
-0.0033581,-0.0026463,0.004754,-0.0033566,-0.002645,0.0047776
-0.0029395,-0.0027322,0.0046637,-0.0029382,-0.002731,0.0046872
-0.0032028,0.001876,0.005769,-0.003201,0.001875,0.0057975
-0.0027885,0.0018631,0.0057709,-0.0027869,0.0018622,0.0057998
-0.0027821,0.0022813,0.0057525,-0.0027805,0.0022802,0.0057811
-0.0027336,0.0023128,0.0063319,-0.0027318,0.0023115,0.0063629
-0.0026744,0.0017664,0.0059979,-0.0026728,0.0017654,0.0060278
-0.0022628,0.0018071,0.0059874,-0.0022614,0.0018061,0.0060175
-0.003062,0.0018235,0.0060203,-0.0030602,0.0018225,0.00605
-0.0026905,0.001876,0.0062991,-0.0026887,0.001875,0.0063302
-0.0030294,0.0022298,0.0058742,-0.0030276,0.0022286,0.005903
-0.0026677,0.0024713,0.0059776,-0.0026661,0.00247,0.0060071
-0.0031545,0.0018117,0.0062921,-0.0031525,0.0018107,0.0063228
-0.003028,0.0017094,0.0065316,-0.003026,0.0017084,0.0065635
-0.0027018,0.0026886,0.004617,-0.0027006,0.0026876,0.0046408
-0.0010747,0.0014148,0.0047552,-0.0010742,0.0014142,0.0047822
-0.0014749,0.0014037,0.0048667,-0.0014742,0.0014031,0.0048938
-0.0014332,0.0012993,0.0050889,-0.0014324,0.0012988,0.0051168
-0.0012384,0.0007922,0.0046012,-0.0012377,0.000792,0.0046279
-0.0007895,0.0019132,0.00514,-0.0007891,0.0019124,0.005168
-0.0008252,0.0023264,0.0050574,-0.0008248,0.0023254,0.0050846
-0.0014408,0.001818,0.0056133,-0.00144,0.0018171,0.0056426
-0.0019499,0.0012124,0.0054441,-0.0019488,0.0012119,0.0054728
-0.0020931,0.0015202,0.0052488,-0.002092,0.0015195,0.0052765
-0.0021184,0.0008558,0.0051675,-0.0021173,0.0008555,0.0051953
-0.0017655,0.0017593,0.006196,-0.0017644,0.0017583,0.0062273
-0.0018593,0.002194,0.0056944,-0.0018583,0.0021929,0.0057235
-0.0018357,0.002166,0.006226,-0.0018346,0.0021648,0.0062572
-0.0018725,0.0018028,0.0059331,-0.0018714,0.0018018,0.0059634
-0.0015791,0.0016442,0.0059965,-0.0015782,0.0016433,0.0060273
-0.0021842,0.0022696,0.0057911,-0.0021829,0.0022685,0.0058203
-0.0023248,0.002284,0.0059951,-0.0023233,0.0022828,0.006025
-0.0019033,0.002274,0.0059558,-0.0019022,0.0022728,0.0059859
-0.0022792,0.0022009,0.0062676,-0.0022778,0.0021996,0.0062987
-0.0022877,0.0018,0.0062507,-0.0022863,0.001799,0.0062819
0.0018789,-0.0005284,0.0078857,0.0018777,-0.0005281,0.0079247
0.0018531,-0.0002971,0.0079968,0.001852,-0.0002969,0.0080364
0.0016633,-0.0002745,0.0082489,0.0016624,-0.0002743,0.0082897
0.0017617,-0.0006359,0.0081889,0.0017607,-0.0006355,0.0082293
0.0025349,-0.0003831,0.0071508,0.0025332,-0.0003828,0.007186
0.002928,-0.0002904,0.0073946,0.002926,-0.0002902,0.0074307
-0.0004388,-0.0022643,0.0051132,-0.0004385,-0.002263,0.0051407
-0.0001095,-0.0023427,0.0051334,-0.0001094,-0.0023414,0.0051609
-3.65e-05,-0.002033,0.0050221,-3.64e-05,-0.0020319,0.0050496
-0.0003339,-0.0017805,0.0050221,-0.0003337,-0.0017795,0.0050498
-0.0001108,-0.0018042,0.0052617,-0.0001107,-0.0018031,0.0052901
-0.0008501,-0.0021458,0.0051275,-0.0008496,-0.0021445,0.005155
-0.0007566,-0.0016585,0.0049985,-0.0007562,-0.0016575,0.0050261
-0.000529,-0.0015354,0.0052882,-0.0005287,-0.0015345,0.005317
-0.0002873,-0.0026535,0.0052121,-0.0002871,-0.002652,0.0052395
-5.45e-05,-0.0032147,0.0062319,-5.44e-05,-0.0032126,0.0062626
-8.28e-05,-0.0027738,0.0062342,-8.28e-05,-0.002772,0.0062653
-0.0001093,-0.0031924,0.0059338,-0.0001092,-0.0031905,0.0059633
0.0002628,-0.0033051,0.0060523,0.0002626,-0.003303,0.0060821
-0.0003415,-0.0034067,0.0060624,-0.0003413,-0.0034046,0.0060922
-3.69e-05,-0.0026854,0.0059303,-3.69e-05,-0.0026837,0.0059603
-0.0005175,-0.0031273,0.0059267,-0.0005172,-0.0031253,0.0059562
-0.0009392,-0.0027158,0.0059879,-0.0009386,-0.0027141,0.0060179
-0.0005246,-0.0023016,0.0058976,-0.0005243,-0.0023003,0.0059279
-0.0004382,-0.0028064,0.0062375,-0.0004379,-0.0028046,0.0062686
-0.0004416,-0.0032495,0.0062324,-0.0004413,-0.0032475,0.0062631
-0.0005218,-0.0030595,0.0064903,-0.0005214,-0.0030575,0.0065221
-0.0005149,-0.0041078,0.0046938,-0.0005146,-0.0041058,0.0047172
-0.0009707,-0.0041008,0.0047532,-0.0009702,-0.0040988,0.0047767
-0.0003157,-0.0034415,0.0046765,-0.0003155,-0.0034398,0.0047009
-5.51e-05,-0.001707,0.0047602,-5.51e-05,-0.001706,0.0047871
3.39e-05,-0.0008687,0.0046943,3.39e-05,-0.0008681,0.0047217
-0.0009554,-0.0015544,0.0047711,-0.0009549,-0.0015535,0.0047979
-0.0013003,-0.0010911,0.0047783,-0.0012996,-0.0010905,0.0048053
-0.0013626,-0.0011104,0.005072,-0.0013618,-0.0011097,0.0050999
-0.0012508,-0.0022602,0.005132,-0.0012501,-0.0022589,0.0051591
-0.0013569,-0.002009,0.0053567,-0.0013562,-0.0020078,0.0053848
-0.0013368,-0.0014306,0.005257,-0.0013361,-0.0014298,0.0052853
-0.001151,-0.0026365,0.0052127,-0.0011504,-0.0026351,0.0052398
-0.0014124,-0.002326,0.0056232,-0.0014116,-0.0023246,0.005652
-0.0012987,-0.0030494,0.005729,-0.0012979,-0.0030477,0.0057575
-0.0007924,-0.0031474,0.0057522,-0.0007919,-0.0031456,0.005781
-0.0009133,-0.003257,0.0059774,-0.0009128,-0.003255,0.0060069
-0.0018192,-0.0028155,0.0057012,-0.0018181,-0.0028139,0.0057297
-0.0014115,-0.0028081,0.0062077,-0.0014107,-0.0028063,0.0062383
-0.0013747,-0.0028007,0.0059627,-0.0013739,-0.002799,0.0059923
-0.001824,-0.0027574,0.0059752,-0.0018229,-0.0027557,0.0060048
-0.0012179,-0.0024869,0.0060261,-0.0012171,-0.0024853,0.0060564
-0.0013788,-0.0031495,0.0062211,-0.0013779,-0.0031475,0.0062514
-0.0012737,-0.0032281,0.0064949,-0.0012729,-0.003226,0.0065264
-0.0002345,-0.0014038,0.0078649,-0.0002344,-0.0014029,0.007904
-0.0005275,-0.0019707,0.0082522,-0.0005273,-0.0019696,0.0082927
-0.0002845,-0.0023976,0.0080928,-0.0002844,-0.0023961,0.0081324
-0.0005428,-0.0032345,0.0072016,-0.0005424,-0.0032323,0.0072363
-0.0002514,-0.0030477,0.0073775,-0.0002513,-0.0030456,0.0074133
-0.0006048,-0.0023418,0.0071982,-0.0006044,-0.0023401,0.0072337
-0.0004591,-0.0030333,0.0075507,-0.0004588,-0.0030312,0.0075872
-0.001219,-0.0035386,0.0085501,-0.0012182,-0.0035363,0.0085906
-0.0039126,0.0017586,0.0047253,-0.0039109,0.0017581,0.0047488
-0.0035171,0.0016965,0.0047022,-0.0035155,0.001696,0.0047262
-0.0030505,0.0010924,0.0057589,-0.0030487,0.0010919,0.0057878
-0.0026229,0.0012896,0.0062442,-0.0026213,0.0012889,0.0062753
-0.0029733,0.0014333,0.0059559,-0.0029715,0.0014325,0.0059855
-0.0026137,0.0013737,0.00599,-0.0026121,0.001373,0.0060202
-0.0028696,0.0008021,0.0058177,-0.002868,0.0008018,0.0058472
-0.0033585,0.0008971,0.0060723,-0.0033565,0.0008967,0.0061022
-0.0030899,0.0009753,0.0062038,-0.0030881,0.0009748,0.0062345
0.0024621,0.0013275,0.0050516,0.0024608,0.001327,0.0050784
0.001961,0.0014626,0.0053492,0.00196,0.001462,0.0053775
0.0019988,0.0014417,0.005651,0.0019976,0.001441,0.0056803
0.0029353,0.0011726,0.0058003,0.0029336,0.001172,0.0058295
0.0032813,0.0015147,0.0057813,0.0032794,0.0015139,0.0058099
0.0032703,0.0010697,0.0062307,0.0032683,0.0010692,0.0062613
0.0031976,0.0009724,0.0060029,0.0031956,0.0009719,0.0060327
0.0029064,0.0010163,0.0060416,0.0029046,0.0010158,0.0060718
0.0028512,0.0014113,0.0059896,0.0028495,0.0014105,0.0060195
0.0028547,0.0014836,0.006229,0.0028529,0.0014827,0.0062598
0.0029668,0.000757,0.0058235,0.0029651,0.0007566,0.0058528
0.0014619,0.0009892,0.0045788,0.0014611,0.0009888,0.0046051
0.0016837,0.0012629,0.0044621,0.0016828,0.0012624,0.0044877
0.0011764,0.0012593,0.0044238,0.0011758,0.0012588,0.0044497
0.0012031,0.0008576,0.004805,0.0012025,0.0008572,0.0048324
0.0010771,0.0009448,0.0045843,0.0010766,0.0009444,0.004611
0.0010966,0.0013459,0.0047807,0.001096,0.0013454,0.0048077
0.0009332,-0.003659,0.0085832,0.0009326,-0.0036565,0.0086238
0.0018364,0.0033561,0.004623,0.0018357,0.0033547,0.0046468
0.0023249,0.0035061,0.0047332,0.0023239,0.0035046,0.0047569
0.0018197,0.0028681,0.0046588,0.0018189,0.002867,0.0046834
0.0021112,0.002799,0.0056625,0.0021101,0.0027975,0.0056908
0.0024232,0.0025827,0.0056217,0.0024218,0.0025814,0.0056498
0.0025862,0.0028679,0.0057829,0.0025847,0.0028663,0.0058113
0.002385,0.0024877,0.0059404,0.0023836,0.0024862,0.0059699
0.0019625,0.0027103,0.0060036,0.0019613,0.0027088,0.0060334
0.001852,0.0030055,0.0059573,0.0018509,0.0030038,0.0059868
0.0019253,0.0026012,0.0062077,0.0019241,0.0025996,0.0062385
0.0019666,0.0025909,0.0065081,0.0019653,0.0025892,0.0065402
0.0015588,0.0021884,0.0050909,0.001558,0.0021874,0.005118
0.0015417,0.0021573,0.0052967,0.0015409,0.0021563,0.0053246
0.0012204,0.0017676,0.0053323,0.0012197,0.0017668,0.0053609
0.0010378,0.0019533,0.0051886,0.0010373,0.0019524,0.0052166
0.0009204,0.0022481,0.0050602,0.00092,0.0022471,0.0050875
0.0008106,0.0017847,0.0053166,0.0008102,0.0017838,0.0053452
0.001294,0.0026767,0.0056987,0.0012933,0.0026753,0.0057278
0.0011433,0.0029961,0.005641,0.0011427,0.0029945,0.0056696
0.0015153,0.0025926,0.0059097,0.0015144,0.0025912,0.0059396
0.0011795,0.0025965,0.0059159,0.0011788,0.0025951,0.0059459
0.0015936,0.0026216,0.0061772,0.0015926,0.00262,0.006208
0.0009831,0.0027841,0.0058178,0.0009826,0.0027826,0.0058473
0.0011985,0.0030435,0.0062105,0.0011978,0.0030417,0.0062412
0.0010483,0.0024571,0.0061125,0.0010477,0.0024557,0.0061434
0.0014683,0.0033878,0.0045627,0.0014676,0.0033865,0.0045865
0.0013252,0.0028647,0.0085705,0.0013244,0.0028629,0.008612
0.0014864,0.0034186,0.0085794,0.0014855,0.0034164,0.0086203
-0.002338,-0.0034704,0.0044508,-0.002337,-0.0034689,0.0044732
-0.0019444,-0.0036813,0.00446,-0.0019435,-0.0036797,0.0044824
-0.0021759,-0.0013162,0.0051139,-0.0021748,-0.0013155,0.0051411
-0.001771,-0.0010283,0.0050503,-0.0017701,-0.0010277,0.0050778
-0.0017113,-0.001731,0.0053108,-0.0017105,-0.00173,0.0053387
-0.0016441,-0.0015347,0.0055423,-0.0016433,-0.0015338,0.0055712
-0.0021257,-0.0022345,0.005714,-0.0021245,-0.0022331,0.0057428
-0.0018359,-0.0023307,0.0062506,-0.0018348,-0.0023292,0.0062817
-0.0017054,-0.0019726,0.0061193,-0.0017044,-0.0019713,0.0061502
-0.0016685,-0.0024314,0.0059811,-0.0016675,-0.00243,0.006011
-0.0017983,-0.0018617,0.0058961,-0.0017973,-0.0018605,0.005926
-0.0022669,-0.0019212,0.0062552,-0.0022655,-0.00192,0.0062863
-0.0021741,-0.0019893,0.0060185,-0.0021728,-0.001988,0.0060486
-0.0021979,-0.0015805,0.0059558,-0.0021966,-0.0015795,0.0059859
-0.0019702,-0.0025843,0.0058415,-0.001969,-0.0025827,0.0058706
-0.0022155,-0.0029187,0.0057469,-0.0022143,-0.002917,0.0057752
-0.0021557,-0.0027815,0.0060964,-0.0021544,-0.0027798,0.0061263
-0.0022215,-0.0022814,0.0062384,-0.0022202,-0.00228,0.0062692
-0.0027946,0.0022699,0.0096462,-0.0027931,0.0022686,0.0096924
-0.0023299,0.0022292,0.0096243,-0.0023287,0.002228,0.0096708
-0.0024854,0.0024998,0.0099283,-0.0024842,0.0024984,0.0099759
-0.0007829,-0.000578,0.008584,-0.0007825,-0.0005778,0.0086266
-0.0008824,-0.0003178,0.008403,-0.0008819,-0.0003176,0.0084447
-0.0004571,-0.0003277,0.0084919,-0.0004568,-0.0003275,0.0085339
-0.002519,-0.0006698,0.0074581,-0.0025174,-0.0006693,0.0074946
-0.0024027,-0.0004382,0.0072767,-0.0024011,-0.0004379,0.0073125
-0.0020924,-0.0003225,0.0072932,-0.0020911,-0.0003222,0.0073293
-0.002719,-0.0003739,0.0073055,-0.0027172,-0.0003736,0.0073412
-0.0028111,-0.0006317,0.007628,-0.0028093,-0.0006313,0.0076651
-0.0007431,0.0002735,0.0085456,-0.0007428,0.0002734,0.0085881
-0.0004927,0.0004879,0.0083959,-0.0004924,0.0004877,0.0084377
-0.0005797,3.25e-05,0.008414,-0.0005794,3.24e-05,0.0084558
-0.0009418,7.59e-05,0.0088396,-0.0009415,7.59e-05,0.0088832
-0.0004686,0.0001528,0.0087584,-0.0004685,0.0001528,0.0088018
-0.0011338,-0.0001117,0.0086615,-0.0011334,-0.0001116,0.0087043
-0.0011582,0.0001918,0.0092171,-0.0011578,0.0001917,0.0092624
-0.0003554,-0.000708,0.008071,-0.0003551,-0.0007076,0.0081112
-0.0018856,-0.0005651,0.0073435,-0.0018844,-0.0005646,0.00738
-0.0015188,-0.0007518,0.0072351,-0.0015178,-0.0007513,0.0072712
-0.0017514,-0.0003351,0.0071651,-0.0017503,-0.0003348,0.0072009
-0.0013842,-0.0002931,0.0071553,-0.0013833,-0.0002928,0.0071912
-0.0015575,-4.87e-05,0.0073097,-0.0015565,-4.87e-05,0.0073462
-0.0021066,0.0002337,0.0073082,-0.0021052,0.0002337,0.0073445
-0.0030538,-0.0007417,0.0066807,-0.0030519,-0.0007412,0.0067134
-0.0028219,-0.0005039,0.0067156,-0.0028201,-0.0005034,0.0067487
-0.0030334,-0.0002924,0.0066541,-0.0030314,-0.0002921,0.0066868
-0.0028897,-0.000261,0.0068788,-0.0028879,-0.0002607,0.0069126
-0.0026349,-0.0002725,0.0070236,-0.0026333,-0.0002723,0.0070581
-0.0022695,-0.0007556,0.0069009,-0.002268,-0.000755,0.0069351
-0.0030757,-0.0004661,0.0082357,-0.0030738,-0.0004658,0.0082755
-0.0032285,-0.0008535,0.0068657,-0.0032264,-0.0008529,0.0068991
-0.00348,-2.73e-05,0.0084604,-0.0034778,-2.73e-05,0.008501
-0.0017014,-0.0032908,0.0085523,-0.0017003,-0.0032887,0.0085929
-0.0026376,-0.0022724,0.0067543,-0.0026359,-0.0022709,0.0067869
-0.0030497,-0.002016,0.0067892,-0.0030478,-0.0020146,0.0068219
-0.0028468,-0.0025876,0.0069636,-0.002845,-0.0025859,0.0069968
0.0034007,0.0016508,0.0046058,0.0033992,0.0016503,0.0046296
0.0033595,0.0016669,0.0048405,0.003358,0.0016663,0.0048653
0.003685,0.0012169,0.004675,0.0036834,0.0012164,0.0046989
0.0040829,0.0012104,0.0047332,0.0040811,0.00121,0.0047568
0.0003612,0.0017493,0.0077947,0.000361,0.0017483,0.0078334
0.0002296,0.0016781,0.0082,0.0002295,0.0016772,0.0082406
0.0003228,0.0023427,0.0073128,0.0003226,0.0023411,0.0073491
0.0004009,0.0026351,0.0073453,0.0004006,0.0026333,0.0073815
0.0007842,0.0024301,0.0072787,0.0007837,0.0024285,0.0073146
0.0005881,0.0025563,0.0074691,0.0005877,0.0025546,0.0075059
0.0004538,0.0026812,0.0076678,0.0004535,0.0026794,0.0077054
3.81e-05,0.0027403,0.0076591,3.8e-05,0.0027385,0.0076966
0.000121,0.0033596,0.0068645,0.000121,0.0033574,0.006898
0.0006519,0.0033619,0.0067625,0.0006516,0.0033597,0.0067954
0.0006752,0.0031441,0.0071374,0.0006747,0.003142,0.0071722
0.0003024,0.0030041,0.0070526,0.0003022,0.0030021,0.0070872
-0.0001169,0.0030792,0.0071323,-0.0001168,0.0030772,0.0071672
0.0001513,-0.0039969,0.0044214,0.0001513,-0.0039951,0.0044438
0.0005723,-0.0041012,0.0044312,0.0005722,-0.0040993,0.0044534
0.0028203,-0.0031902,0.0044656,0.0028192,-0.0031888,0.0044878
0.0026147,-0.0021645,0.0058371,0.0026132,-0.0021631,0.0058661
0.0029511,-0.0020184,0.0057605,0.0029495,-0.0020171,0.005789
0.0028746,-0.0024409,0.0062321,0.0028728,-0.0024392,0.0062623
0.0024398,-0.0018993,0.0056915,0.0024385,-0.0018981,0.0057203
0.0023805,-0.001904,0.0062006,0.0023791,-0.0019027,0.0062314
0.0024215,-0.0023835,0.0061886,0.00242,-0.0023819,0.006219
0.0023471,-0.00249,0.0059479,0.0023457,-0.0024884,0.0059772
0.0020316,-0.0023216,0.0059069,0.0020304,-0.0023201,0.0059365
0.0024569,-0.0018303,0.0059203,0.0024555,-0.0018291,0.00595
0.0018116,-0.0018071,0.0061043,0.0018105,-0.0018058,0.0061352
0.0019479,-0.0019354,0.0059394,0.0019468,-0.0019341,0.0059694
0.0028377,-0.0019569,0.0059918,0.002836,-0.0019557,0.0060214
0.0018898,-0.0015193,0.0059661,0.0018887,-0.0015183,0.0059966
0.0020846,-0.0026891,0.0057217,0.0020834,-0.0026875,0.0057502
0.0019269,-0.0027429,0.0059769,0.0019258,-0.0027412,0.0060064
-0.0017489,0.0034264,0.0046403,-0.0017481,0.0034251,0.0046642
0.002985,-0.0022185,0.0085926,0.002983,-0.0022171,0.0086335
0.0029311,-0.0018032,0.0085447,0.0029292,-0.001802,0.0085856
0.0008677,-0.0005502,0.0086603,0.0008673,-0.00055,0.0087032
0.0007145,-0.0002848,0.0085285,0.0007142,-0.0002847,0.0085707
0.0031987,-0.0010947,0.0084693,0.0031966,-0.001094,0.0085099
0.0035782,-0.0011481,0.008581,0.0035758,-0.0011473,0.0086218
-0.0008668,-9.3e-06,0.0046816,-0.0008663,-9.2e-06,0.0047089
-0.000415,-5.67e-05,0.0045658,-0.0004148,-5.66e-05,0.004593
-0.0010826,-0.000387,0.0047686,-0.001082,-0.0003867,0.0047961
-0.0012705,-5.53e-05,0.0046097,-0.0012698,-5.51e-05,0.0046366
-0.0013276,0.0002925,0.0039335,-0.0013268,0.0002925,0.0039582
-0.0007807,0.000277,0.0039519,-0.0007803,0.0002771,0.003977
-0.0005619,0.0005668,0.0038223,-0.0005615,0.0005667,0.0038471
-0.0004313,0.0002484,0.0038698,-0.0004311,0.0002484,0.0038949
-0.0009145,0.0001264,0.0041618,-0.000914,0.0001265,0.0041875
-0.0013612,-3.5e-06,0.0041054,-0.0013605,-3.4e-06,0.0041306
-0.0042008,0.0004176,0.0049753,-0.0041988,0.0004175,0.0049998
0.0018672,0.0030714,0.0043368,0.0018664,0.0030703,0.0043599
-0.0013803,0.0026954,0.0057466,-0.0013795,0.002694,0.0057758
-0.0013548,0.0030352,0.0057695,-0.001354,0.0030336,0.0057984
-0.0008954,0.0030524,0.0061865,-0.0008948,0.0030506,0.0062174
-0.0014043,0.0030757,0.0059888,-0.0014034,0.003074,0.0060186
-0.0013805,0.003013,0.0062604,-0.0013796,0.0030111,0.0062914
-0.0013402,0.00274,0.0059284,-0.0013394,0.0027384,0.0059583
-0.0009638,0.0033026,0.0058983,-0.0009632,0.0033007,0.0059278
-0.0014059,0.002596,0.0062475,-0.001405,0.0025945,0.0062788
-0.0013417,0.0026239,0.0064611,-0.0013408,0.0026223,0.0064932
-0.0039972,0.0013021,0.0047197,-0.0039954,0.0013017,0.0047432
-0.0035504,0.0012472,0.0046204,-0.0035489,0.0012468,0.0046442
-0.0026715,-0.0031438,0.0049365,-0.0026702,-0.0031423,0.004961
-0.0029039,-0.0014499,0.0056513,-0.0029024,-0.001449,0.0056797
-0.0028214,-0.0016584,0.0061947,-0.0028196,-0.0016573,0.0062252
-0.0026742,-0.0015798,0.0059078,-0.0026727,-0.0015787,0.0059374
-0.0030963,-0.0010722,0.0062119,-0.0030944,-0.0010714,0.0062425
-0.0030693,-0.0011779,0.0059203,-0.0030676,-0.0011771,0.0059497
-0.0031815,-0.0015511,0.0062264,-0.0031796,-0.00155,0.0062567
-0.002916,-0.0025101,0.0062766,-0.0029141,-0.0025084,0.0063069
-0.002719,-0.0019771,0.0065406,-0.0027173,-0.0019758,0.0065725
-0.00296,-0.0020768,0.0063535,-0.0029581,-0.0020755,0.0063843
-0.0032836,-0.0020753,0.0065722,-0.0032815,-0.0020739,0.0066037
0.0033222,0.0022289,0.0049183,0.0033207,0.002228,0.0049429
0.0032193,0.0021692,0.0050982,0.0032177,0.0021683,0.0051238
0.0020676,0.0020177,0.0057011,0.0020665,0.0020167,0.0057302
0.0024031,0.0022596,0.0057313,0.0024017,0.0022584,0.0057601
0.0024109,0.0022694,0.0062964,0.0024093,0.002268,0.0063275
0.0023917,0.0017858,0.0059716,0.0023902,0.0017849,0.0060016
0.0018158,0.0016023,0.005898,0.0018148,0.0016015,0.0059283
0.0023979,0.001798,0.0062375,0.0023964,0.0017969,0.0062686
0.0020156,0.0022612,0.0059154,0.0020145,0.0022599,0.0059451
0.0017178,0.0022342,0.0061985,0.0017167,0.0022329,0.0062296
0.0020914,0.00191,0.0059293,0.0020902,0.001909,0.0059593
0.0017069,0.0017382,0.0061529,0.0017059,0.0017372,0.0061842
0.0018482,0.0017938,0.0064508,0.001847,0.0017928,0.0064831
0.0033928,-0.0004368,0.00876,0.0033907,-0.0004366,0.008802
0.0028885,0.0018033,0.0091597,0.0028868,0.0018022,0.0092037
-0.000603,-0.00358,0.0091808,-0.0006027,-0.003578,0.0092244
-0.000653,-0.0036379,0.0088679,-0.0006526,-0.0036356,0.00891
-0.0002968,-0.0014695,0.0084473,-0.0002966,-0.0014688,0.0084891
-0.0001606,-0.0014016,0.0086647,-0.0001605,-0.001401,0.0087075
-8.62e-05,-0.0011253,0.0084133,-8.62e-05,-0.0011248,0.008455
0.0002342,-0.0011533,0.0084071,0.000234,-0.0011527,0.0084488
0.000151,-0.0007175,0.0084644,0.0001509,-0.0007171,0.0085063
-0.0001728,-0.0012249,0.0089162,-0.0001727,-0.0012245,0.0089602
-0.000554,-0.0006276,0.0083602,-0.0005537,-0.0006273,0.0084017
0.0006151,-0.0036011,0.0088492,0.0006147,-0.0035988,0.0088913
0.0005964,-0.0032181,0.0087564,0.000596,-0.0032162,0.0087984
0.0004652,-0.0011835,0.0086356,0.000465,-0.0011829,0.0086783
0.0006396,-0.0014152,0.0086994,0.0006393,-0.0014145,0.0087423
0.00073,-0.0006914,0.0085043,0.0007296,-0.000691,0.0085464
0.0004799,-0.0005079,0.0086454,0.0004797,-0.0005076,0.0086882
0.0003146,-0.0010135,0.0088083,0.0003145,-0.0010131,0.0088517
0.0004277,-0.0014246,0.0088621,0.0004274,-0.001424,0.0089057
0.0006264,-0.0036736,0.0085383,0.000626,-0.0036712,0.0085788
0.0005627,-0.0032525,0.0084918,0.0005624,-0.0032504,0.0085325
0.0033097,-0.0023652,0.0049325,0.0033083,-0.002364,0.0049571
0.0032476,-0.001815,0.0049061,0.0032461,-0.0018141,0.004931
-9.38e-05,0.0017087,0.0079097,-9.38e-05,0.0017077,0.007949
-0.0005134,0.0023023,0.0073229,-0.0005131,0.0023008,0.0073592
-0.0005304,0.0025552,0.0074451,-0.00053,0.0025535,0.0074818
-2.84e-05,0.0024959,0.0073325,-2.84e-05,0.0024942,0.0073687
-0.0002585,0.002427,0.0075155,-0.0002583,0.0024254,0.0075526
-7.99e-05,0.0028334,0.0073653,-7.99e-05,0.0028315,0.0074014
-8.16e-05,0.0030897,0.0067187,-8.16e-05,0.0030877,0.0067517
-0.00032,0.0034544,0.0068775,-0.0003198,0.0034521,0.006911
-0.0005745,0.0033199,0.0071148,-0.0005741,0.0033176,0.0071494
-0.0011554,0.0034833,0.0086194,-0.0011546,0.003481,0.0086606
-0.0007577,0.0033614,0.0085763,-0.0007573,0.0033593,0.0086175
-0.0038345,0.0008679,0.0046387,-0.0038328,0.0008676,0.0046623
-0.0034783,0.0012748,0.0048209,-0.0034767,0.0012743,0.0048456
0.0009038,-0.0015621,0.0050137,0.0009034,-0.0015611,0.0050414
0.0002151,-0.00157,0.0050381,0.000215,-0.001569,0.0050661
0.0001616,-0.0015399,0.0053081,0.0001616,-0.001539,0.0053369
0.0001571,-0.0017987,0.0056902,0.000157,-0.0017976,0.0057201
0.0005193,-0.0026255,0.0052237,0.000519,-0.0026241,0.0052511
0.0004432,-0.0033358,0.005822,0.000443,-0.0033338,0.005851
0.0006315,-0.0031613,0.0056668,0.0006312,-0.0031594,0.0056953
0.0007859,-0.0032234,0.0062465,0.0007854,-0.0032213,0.0062771
0.000361,-0.0027684,0.0062243,0.0003608,-0.0027666,0.0062554
0.0003705,-0.0027997,0.0059868,0.0003703,-0.002798,0.006017
0.0004466,-0.0024352,0.0060066,0.0004464,-0.0024337,0.0060371
0.0003854,-0.0031842,0.0062599,0.0003852,-0.0031822,0.0062907
0.0004266,-0.00316,0.0065193,0.0004263,-0.0031579,0.0065512
-0.0005226,-0.0040395,0.0049733,-0.0005223,-0.0040375,0.0049979
-0.0035046,-0.001088,0.0088938,-0.0035025,-0.0010874,0.0089361
-0.0030987,-0.0011508,0.008812,-0.0030969,-0.0011502,0.0088543
0.0036247,0.0007221,0.0049102,0.0036231,0.0007219,0.0049353
0.0035604,0.0011671,0.0085708,0.003558,0.0011663,0.0086116
0.0011569,-0.0021443,0.0074238,0.0011562,-0.0021428,0.0074603
0.0015486,-0.0018425,0.0074006,0.0015476,-0.0018412,0.0074371
0.0012347,-0.001884,0.0073298,0.0012339,-0.0018827,0.007366
0.0008713,-0.0019506,0.0073254,0.0008708,-0.0019492,0.0073617
0.0011466,-0.0015309,0.0072693,0.0011458,-0.0015298,0.0073055
0.0018923,-0.0028245,0.0067706,0.0018911,-0.0028225,0.0068034
0.0015916,-0.0024913,0.0071205,0.0015905,-0.0024895,0.0071552
0.0009226,-0.0030187,0.0069339,0.000922,-0.0030166,0.0069676
0.0010141,-0.00363,0.0082961,0.0010134,-0.0036275,0.0083354
0.0002018,-0.003909,0.0046367,0.0002018,-0.0039072,0.0046602
0.0005979,-0.0041051,0.0046328,0.0005977,-0.0041032,0.004656
0.0003807,-0.0011927,0.0047737,0.0003806,-0.0011919,0.0048011
0.0004173,-0.0008578,0.0046127,0.000417,-0.0008572,0.0046398
0.000302,-0.0012382,0.0049892,0.0003018,-0.0012374,0.0050173
0.0010859,-0.0041205,0.0047204,0.0010855,-0.0041186,0.0047437
0.0010201,-0.0036674,0.004658,0.0010197,-0.0036656,0.0046818
0.0010887,-0.0040345,0.004997,0.0010883,-0.0040324,0.0050216
0.001152,-0.0036191,0.0048803,0.0011515,-0.0036173,0.004905
0.0010334,0.0015876,0.0073814,0.0010326,0.0015865,0.0074181
0.0014494,0.0017386,0.0073026,0.0014484,0.0017374,0.0073388
0.0015704,0.0016323,0.0076618,0.0015694,0.0016313,0.0076996
0.0011861,0.0017015,0.0075896,0.0011853,0.0017003,0.0076273
0.0007781,0.0015921,0.0076681,0.0007776,0.001591,0.0077062
0.0014334,0.0034946,0.0082945,0.0014325,0.0034923,0.008334
0.0013316,0.0025415,0.0085451,0.0013308,0.00254,0.0085867
0.0014336,0.0009518,0.0079743,0.0014327,0.0009513,0.0080139
0.0014623,0.0013617,0.0079473,0.0014613,0.0013608,0.0079866
0.0011469,0.0011907,0.0079478,0.0011462,0.00119,0.0079872
0.001362,0.0012003,0.0081592,0.0013611,0.0011996,0.0081996
0.0015148,0.0008521,0.0082553,0.0015138,0.0008516,0.0082962
0.0010756,0.0007257,0.0081782,0.001075,0.0007254,0.0082188
0.0010127,0.0011469,0.0082962,0.0010122,0.0011463,0.0083373
-0.0031507,-0.0019846,0.004239,-0.0031494,-0.0019837,0.0042614
-0.0034483,0.0015935,0.0083384,-0.003446,0.0015925,0.008378
-0.0021706,0.0016592,0.0072944,-0.0021691,0.0016581,0.0073302
-0.0019673,0.0018095,0.0074721,-0.001966,0.0018083,0.0075088
-0.0017105,0.0016741,0.0073452,-0.0017094,0.001673,0.0073815
-0.001978,0.0020043,0.00729,-0.0019767,0.0020029,0.0073258
-0.0022053,0.0023075,0.0073482,-0.0022038,0.0023059,0.0073839
-0.0017906,0.0016448,0.0076698,-0.0017895,0.0016438,0.0077076
-0.0014701,0.001709,0.0076157,-0.0014691,0.0017079,0.0076534
-0.0021635,0.0017449,0.007655,-0.0021621,0.0017438,0.0076925
-0.0021037,0.0021352,0.0075105,-0.0021023,0.0021337,0.0075471
-0.0022113,0.0021468,0.0077291,-0.0022098,0.0021453,0.0077667
-0.0025952,0.0021873,0.0077182,-0.0025934,0.0021858,0.0077554
-0.002559,0.0017348,0.0076736,-0.0025573,0.0017336,0.0077109
-0.0030599,0.0018374,0.0068131,-0.0030579,0.0018363,0.0068461
-0.0026927,0.0018431,0.0066482,-0.0026909,0.0018419,0.0066808
-0.0027284,0.0022117,0.0068425,-0.0027265,0.0022103,0.0068757
-0.002306,0.0024862,0.0068202,-0.0023045,0.0024846,0.0068534
-0.0026946,0.0022246,0.0071236,-0.0026927,0.0022231,0.0071581
-0.0023935,0.0015873,0.0070116,-0.0023919,0.0015863,0.007046
-0.0030014,0.0021167,0.0069675,-0.0029994,0.0021154,0.0070011
-0.0012409,0.0011162,0.0079625,-0.0012402,0.0011155,0.008002
-0.0005817,0.0012634,0.0077887,-0.0005814,0.0012626,0.0078276
-0.0013777,0.0013336,0.0083017,-0.0013769,0.0013329,0.0083427
-0.0011112,0.0007578,0.0080266,-0.0011105,0.0007575,0.0080665
-0.0020585,0.0008736,0.0073816,-0.0020571,0.000873,0.0074182
-0.0016585,0.0010466,0.0073313,-0.0016574,0.001046,0.0073678
-0.0019124,0.0013588,0.0073897,-0.0019112,0.0013579,0.0074263
-0.0013475,0.0016465,0.0073019,-0.0013466,0.0016455,0.0073383
-0.0013225,0.0009261,0.0075438,-0.0013217,0.0009256,0.0075815
-0.0030727,0.001005,0.0067877,-0.0030707,0.0010044,0.0068208
-0.0029571,0.0013937,0.0068212,-0.0029552,0.0013929,0.0068545
-0.0022466,0.0013422,0.0066969,-0.0022451,0.0013414,0.0067302
-0.0030074,0.0009134,0.0070303,-0.0030054,0.0009128,0.0070646
-0.0021327,0.0009885,0.0069977,-0.0021313,0.0009879,0.0070325
-0.0033992,0.0008811,0.0070548,-0.0033969,0.0008806,0.0070889
-0.0031098,0.0003886,0.0070842,-0.0031078,0.0003884,0.0071187
0.0019437,8e-07,0.0072896,0.0019423,8e-07,0.0073258
0.0023426,0.0001055,0.0072772,0.002341,0.0001055,0.0073132
0.0023258,0.0005922,0.0072482,0.0023242,0.0005919,0.007284
0.0016269,0.0006392,0.0072126,0.0016257,0.0006388,0.0072487
0.0022433,0.000971,0.0072427,0.0022418,0.0009704,0.0072785
0.0022311,7.29e-05,0.0076052,0.0022297,7.3e-05,0.0076428
0.0017528,9.16e-05,0.0075403,0.0017516,9.16e-05,0.0075778
0.0023206,-0.0001961,0.0077171,0.0023191,-0.0001959,0.0077551
0.0018822,0.0003723,0.007211,0.0018808,0.0003721,0.007247
0.0018578,0.0010793,0.0073091,0.0018566,0.0010786,0.0073454
0.001864,0.000597,0.0076437,0.0018628,0.0005967,0.0076816
0.0017696,-0.0003246,0.0076685,0.0017684,-0.0003243,0.0077066
0.0011954,-0.000617,0.0079977,0.0011947,-0.0006166,0.0080374
0.0014318,-0.0006659,0.0081837,0.0014309,-0.0006655,0.0082242
0.0011087,-0.0005755,0.0082265,0.0011081,-0.0005751,0.0082674
0.0009239,-0.0005359,0.0079821,0.0009233,-0.0005355,0.0080219
0.0017582,-0.0007397,0.0072771,0.001757,-0.0007391,0.0073133
0.0022935,-0.0007399,0.0072942,0.0022919,-0.0007394,0.0073302
0.00179,-0.0003228,0.0073305,0.0017887,-0.0003226,0.0073671
0.0018792,-0.0007035,0.0075611,0.0018779,-0.000703,0.0075986
0.0015953,-0.0010548,0.0075649,0.0015942,-0.0010541,0.0076025
0.0029315,-0.0005715,0.0067823,0.0029296,-0.000571,0.0068156
0.0031785,-0.0002551,0.0067015,0.0031764,-0.0002549,0.0067342
-0.0006919,-0.0035245,0.0082037,-0.0006915,-0.0035221,0.0082428
0.0002066,-0.0013997,0.0078075,0.0002065,-0.0013988,0.0078462
-2.36e-05,-0.0015215,0.008158,-2.36e-05,-0.0015207,0.0081985
8.5e-06,-0.000648,0.0077686,8.5e-06,-0.0006475,0.0078075
-1.07e-05,-0.0008024,0.0081854,-1.07e-05,-0.000802,0.0082261
-0.0004637,-0.0020723,0.0073316,-0.0004635,-0.002071,0.0073678
-0.0001115,-0.0019049,0.0072036,-0.0001115,-0.0019036,0.0072394
0.0002237,-0.0018629,0.0072984,0.0002235,-0.0018616,0.0073347
-0.0002838,-0.0015726,0.0073171,-0.0002837,-0.0015716,0.0073536
-0.0008064,-0.0020593,0.0073134,-0.0008059,-0.0020579,0.0073496
-0.000284,-0.002464,0.007408,-0.0002838,-0.0024624,0.0074443
-0.0005715,-0.0033213,0.0066699,-0.0005711,-0.0033191,0.0067022
-0.0003086,-0.0030335,0.0067962,-0.0003084,-0.0030315,0.0068294
-4.35e-05,-0.0031535,0.0066105,-4.34e-05,-0.0031513,0.0066428
-0.000133,-0.0026943,0.0070027,-0.0001328,-0.0026924,0.0070371
0.0003301,-0.0032974,0.0070797,0.0003299,-0.0032951,0.0071139
-0.0003896,-0.0029653,0.0070528,-0.0003893,-0.0029633,0.0070872
-0.0009545,-0.0031952,0.0070897,-0.0009539,-0.003193,0.007124
-0.0011946,-0.0020586,0.0073904,-0.0011939,-0.0020572,0.0074268
-0.0010968,-0.001597,0.007278,-0.001096,-0.0015959,0.0073142
-0.0013367,-0.0014739,0.00752,-0.0013358,-0.001473,0.0075572
-0.0011859,-0.0018867,0.0076674,-0.0011852,-0.0018855,0.0077051
-0.0011741,-0.0024484,0.0074787,-0.0011734,-0.0024468,0.0075152
-0.0010882,-0.003366,0.0068444,-0.0010874,-0.0033637,0.0068774
-0.0006943,-0.0030392,0.0068177,-0.0006939,-0.0030372,0.006851
-0.0012858,-0.0026424,0.0071061,-0.0012849,-0.0026406,0.0071407
-0.0014194,-0.002244,0.0071545,-0.0014184,-0.0022425,0.0071896
-0.0012713,-0.0030562,0.0071194,-0.0012705,-0.0030541,0.0071538
-0.0017867,-0.0038934,0.0046983,-0.0017858,-0.0038916,0.0047215
-0.0012992,-0.0040321,0.004664,-0.0012986,-0.0040302,0.0046871
-0.0016835,-0.0011147,0.0072196,-0.0016824,-0.0011139,0.0072556
-0.0016355,-0.0015139,0.0076442,-0.0016345,-0.0015129,0.0076818
-0.0013275,-0.0012021,0.0072681,-0.0013267,-0.0012013,0.0073043
-0.0034684,-0.0015468,0.0083139,-0.0034662,-0.0015457,0.0083533
-0.0031982,-0.0018075,0.0081717,-0.0031962,-0.0018064,0.0082105
-0.0012232,0.0034628,0.0043486,-0.0012227,0.0034616,0.0043717
-0.0017108,0.0029121,0.0045796,-0.0017099,0.002911,0.004604
-0.0012432,0.0029256,0.0045088,-0.0012426,0.0029244,0.0045332
-0.0016829,0.0028852,0.0048041,-0.001682,0.0028841,0.0048293
3e-06,-0.0034217,0.0084846,3e-06,-0.0034195,0.0085252
0.0019783,-0.001475,0.0075325,0.0019769,-0.001474,0.0075696
0.0025408,-0.0013696,0.0073547,0.0025391,-0.0013686,0.0073906
0.0022472,-0.0010929,0.0072223,0.0022457,-0.0010921,0.0072579
0.0023494,-0.0015165,0.0075972,0.0023478,-0.0015154,0.0076342
0.0019397,-0.0011464,0.0073456,0.0019384,-0.0011456,0.007382
0.0032612,-0.0011079,0.0081789,0.003259,-0.0011071,0.0082181
0.0032281,-0.0016926,0.0083564,0.003226,-0.0016915,0.0083963
0.0035022,-0.0015956,0.0083458,0.0034998,-0.0015945,0.0083853
0.0021027,-0.0028946,0.0085206,0.0021013,-0.0028928,0.0085612
0.0024679,-0.002764,0.0086287,0.0024664,-0.0027622,0.0086698
9.77e-05,0.0036575,0.0049409,9.77e-05,0.0036559,0.0049662
0.0004795,-0.0020162,0.0073843,0.0004792,-0.0020148,0.0074209
0.0007945,-0.0015191,0.0073618,0.000794,-0.001518,0.0073985
0.0001714,-0.001533,0.007315,0.0001713,-0.0015319,0.0073516
0.0001825,-0.0015189,0.0075749,0.0001824,-0.0015179,0.0076126
0.0005143,-0.0024013,0.0075121,0.0005139,-0.0023996,0.0075489
0.0003209,-0.0032792,0.0067637,0.0003207,-0.0032769,0.0067966
0.0008012,-0.0032298,0.0068034,0.0008006,-0.0032276,0.0068365
0.0002809,-0.002603,0.0071103,0.0002808,-0.0026012,0.0071453
0.000542,-0.0028723,0.007073,0.0005416,-0.0028703,0.0071076
0.0006263,-0.003679,0.0082231,0.0006259,-0.0036764,0.0082621
0.000594,-0.0032458,0.0081733,0.0005936,-0.0032437,0.0082126
0.0006754,-0.0013396,0.0079159,0.0006751,-0.0013387,0.0079552
0.0004448,-0.0011179,0.0078557,0.0004445,-0.0011172,0.0078949
0.0003633,-0.0010076,0.0082255,0.0003631,-0.0010071,0.0082664
0.0003654,-0.0007303,0.0081084,0.0003652,-0.0007299,0.0081487
-0.0024694,0.0026991,0.0092468,-0.002468,0.0026975,0.0092911
-0.0019954,0.0026331,0.0091256,-0.0019943,0.0026316,0.0091696
-0.001731,0.0028421,0.009363,-0.0017301,0.0028405,0.0094081
0.0013867,-0.0031598,0.0085897,0.0013858,-0.0031578,0.0086307
0.0013555,-0.002876,0.0085116,0.0013547,-0.0028742,0.0085526
0.0001171,-0.0034586,0.0088103,0.0001171,-0.0034565,0.0088524
7.3e-05,0.0033488,0.0087664,7.29e-05,0.0033467,0.0088086
0.0029136,0.0014378,0.0092081,0.0029119,0.001437,0.0092525
0.0028112,0.0030318,0.0049318,0.0028099,0.0030305,0.0049564
0.0021738,0.0029937,0.0050366,0.0021728,0.0029924,0.0050622
0.0027689,0.0030475,0.005172,0.0027675,0.0030461,0.0051976
0.0018594,0.0032913,0.0054514,0.0018584,0.0032896,0.0054787
0.0014698,0.0033628,0.0047831,0.0014692,0.0033614,0.0048078
0.0015178,0.0038953,0.0049226,0.0015171,0.0038936,0.0049471
0.0030641,-0.0022293,0.0082623,0.003062,-0.0022277,0.0083014
0.0028795,-0.0017708,0.0082091,0.0028776,-0.0017696,0.0082485
0.0021019,0.0002272,0.0056087,0.0021007,0.0002272,0.0056382
0.0025516,0.0002766,0.0056326,0.0025502,0.0002765,0.0056617
0.0023738,0.0001109,0.0061609,0.0023724,0.000111,0.0061921
0.0024893,5.3e-06,0.0059358,0.0024878,5.4e-06,0.0059661
0.0019742,3.19e-05,0.0058856,0.0019731,3.2e-05,0.0059162
0.0021913,-0.0003341,0.0060625,0.00219,-0.0003338,0.0060935
0.0018809,0.0004473,0.0060067,0.0018797,0.0004472,0.0060377
0.0020287,0.0005781,0.0057838,0.0020275,0.0005778,0.005814
0.0019431,0.0008996,0.0059183,0.0019419,0.0008992,0.0059488
0.0016732,-0.0003258,0.0060276,0.0016722,-0.0003256,0.0060589
0.0018027,-0.0004711,0.0058179,0.0018017,-0.0004708,0.0058484
0.0032023,0.0002194,0.006281,0.0032003,0.0002193,0.006312
0.0031675,0.0004809,0.0064593,0.0031654,0.0004807,0.0064911
0.0030701,1.09e-05,0.0065021,0.0030681,1.09e-05,0.0065341
0.0026209,1.99e-05,0.006455,0.0026193,2e-05,0.0064873
0.0030235,0.0004525,0.0062505,0.0030216,0.0004523,0.0062815
0.0015359,0.0013302,0.005058,0.0015351,0.0013296,0.0050857
0.0014958,0.0012771,0.0053256,0.001495,0.0012765,0.0053542
0.0008918,0.0014124,0.0050428,0.0008913,0.0014118,0.0050708
0.0023978,0.001333,0.0062522,0.0023963,0.0013323,0.0062835
0.0019481,0.0013197,0.0058682,0.001947,0.001319,0.0058984
0.0018414,0.0012939,0.0060797,0.0018403,0.0012932,0.0061108
0.0029306,0.0010598,0.0062447,0.0029288,0.0010593,0.0062756
0.0030268,0.0012867,0.0062978,0.0030249,0.0012859,0.0063288
0.0026809,0.001274,0.0067634,0.0026791,0.0012731,0.0067966
0.0030407,0.0008004,0.0062709,0.0030388,0.0008,0.0063019
-0.0036142,-0.0019041,0.004686,-0.0036126,-0.0019031,0.0047095
-0.0031498,-0.0020021,0.0046794,-0.0031484,-0.002001,0.0047035
0.0018428,-0.002484,0.0067144,0.0018416,-0.0024823,0.0067472
0.0024138,-0.0024748,0.0067596,0.0024122,-0.0024731,0.0067923
0.0025511,-0.0022082,0.0069498,0.0025494,-0.0022066,0.0069834
0.0028144,-0.0019826,0.0068104,0.0028125,-0.0019812,0.0068433
0.0023634,-0.0019893,0.0068108,0.0023618,-0.0019879,0.0068441
0.0018675,-0.0019801,0.0068076,0.0018663,-0.0019787,0.0068412
0.0021813,-0.0019476,0.0070727,0.0021798,-0.0019461,0.0071072
0.0021523,-0.0024518,0.0071092,0.0021508,-0.0024501,0.0071437
0.0016216,-0.0016343,0.0066661,0.0016205,-0.0016332,0.0066994
0.0017519,-0.0018639,0.0071711,0.0017508,-0.0018626,0.0072064
0.0018302,-0.0014984,0.006998,0.001829,-0.0014973,0.0070327
0.0018802,-0.0022084,0.0070352,0.0018788,-0.0022069,0.0070696
0.0005688,0.0022123,0.0051352,0.0005685,0.0022112,0.0051629
0.0004937,0.0023084,0.0053426,0.0004935,0.0023073,0.005371
0.0003524,0.001801,0.0055745,0.0003522,0.0018001,0.0056041
0.0004416,0.0026867,0.0057162,0.0004414,0.0026853,0.0057456
0.0004333,0.0029671,0.0057672,0.000433,0.0029655,0.0057964
0.0008328,0.0030475,0.0062101,0.0008323,0.0030457,0.0062409
0.0003659,0.0029869,0.0059854,0.0003657,0.0029852,0.0060155
0.0007705,0.0029654,0.005974,0.00077,0.0029637,0.006004
0.0003527,0.0030011,0.0062406,0.0003525,0.0029993,0.0062717
0.000694,0.0024617,0.0061293,0.0006936,0.0024603,0.0061604
0.0003253,0.0025432,0.0062225,0.0003251,0.0025417,0.006254
-0.0003769,0.0019124,0.0055938,-0.0003767,0.0019115,0.0056235
-9.35e-05,0.0017258,0.0061638,-9.34e-05,0.0017249,0.0061957
-9.58e-05,0.0021046,0.0061696,-9.57e-05,0.0021035,0.0062012
-9.7e-05,0.0017682,0.0058192,-9.69e-05,0.0017674,0.0058498
0.0003056,0.0017652,0.0059144,0.0003054,0.0017643,0.0059454
-0.000529,0.0016616,0.0058919,-0.0005286,0.0016608,0.0059228
-0.000383,0.0018175,0.0058235,-0.0003827,0.0018166,0.005854
-0.0001021,0.0021839,0.0059076,-0.000102,0.0021828,0.0059382
-0.0005524,0.0021357,0.0062143,-0.000552,0.0021345,0.006246
-0.0004815,0.0016911,0.0061304,-0.0004812,0.0016902,0.0061621
-0.0004931,0.0018217,0.0064538,-0.0004928,0.0018206,0.0064867
-0.0021336,0.0011055,0.0056685,-0.0021324,0.001105,0.005698
-0.0015804,0.0009813,0.0054688,-0.0015796,0.0009809,0.005498
-0.0018385,0.0009779,0.0062206,-0.0018374,0.0009774,0.0062524
-0.0018082,0.0013481,0.0056095,-0.0018072,0.0013475,0.0056388
-0.0014747,0.0014535,0.005619,-0.0014739,0.0014529,0.0056486
-0.0017587,0.0013042,0.0061376,-0.0017576,0.0013035,0.006169
-0.0018288,0.0009152,0.0059271,-0.0018277,0.0009148,0.0059578
-0.0013612,0.0008941,0.0058265,-0.0013604,0.0008937,0.0058572
-0.0022232,0.0009721,0.0059173,-0.0022219,0.0009717,0.0059476
-0.0022296,0.0013584,0.0059304,-0.0022283,0.0013577,0.0059606
-0.0018312,0.0013906,0.0059114,-0.0018301,0.0013899,0.0059419
-0.0021758,0.0013404,0.0062458,-0.0021744,0.0013397,0.0062773
-0.0020193,0.0007123,0.005737,-0.0020181,0.0007121,0.0057669
-0.0023673,0.0011161,0.0061238,-0.0023659,0.0011155,0.0061547
-0.0026288,0.0009417,0.0062523,-0.0026271,0.0009413,0.0062836
-0.0031041,0.0012978,0.0065595,-0.0031022,0.001297,0.0065916
-0.002994,0.0008551,0.0065594,-0.0029922,0.0008547,0.0065917
-0.0028616,0.0006956,0.0062573,-0.0028598,0.0006952,0.0062885
-0.002992,0.000515,0.0064626,-0.0029901,0.0005147,0.0064945
0.0003991,-0.002216,0.0056552,0.0003989,-0.0022146,0.0056846
0.0007369,-0.0015469,0.0055515,0.0007365,-0.0015459,0.0055811
0.0008278,-0.0019477,0.0061441,0.0008272,-0.0019464,0.0061754
-7.56e-05,-0.0020973,0.0055604,-7.55e-05,-0.002096,0.0055897
0.0004066,-0.0016723,0.0055297,0.0004063,-0.0016712,0.0055591
0.0002707,-0.0018623,0.0061702,0.0002706,-0.0018611,0.0062018
0.0003804,-0.0020258,0.0059559,0.0003801,-0.0020245,0.0059866
0.0008126,-0.0019065,0.0058502,0.0008121,-0.0019053,0.0058805
-6.64e-05,-0.0018624,0.0058513,-6.63e-05,-0.0018612,0.0058817
0.0002142,-0.0016134,0.0059395,0.000214,-0.0016124,0.0059704
0.0005944,-0.0025939,0.0057923,0.0005941,-0.0025923,0.0058219
0.0004251,-0.0021244,0.0062568,0.0004248,-0.002123,0.0062885
0.0001209,-0.0038606,0.0051153,0.0001208,-0.0038586,0.0051408
-0.000468,-0.0040625,0.0051945,-0.0004678,-0.0040604,0.00522
0.0005253,-0.0014912,0.0051045,0.000525,-0.0014903,0.0051327
0.0005064,-0.0012058,0.0051216,0.0005061,-0.0012051,0.00515
-1.03e-05,-0.0012321,0.0048856,-1.03e-05,-0.0012313,0.0049134
0.0004027,-0.0009271,0.0049116,0.0004025,-0.0009265,0.0049396
0.0004373,-0.0011771,0.0052834,0.0004371,-0.0011764,0.0053124
0.0001262,-0.0011634,0.0052205,0.0001262,-0.0011627,0.0052494
0.0004708,-0.0015094,0.0052885,0.0004706,-0.0015085,0.0053173
-0.0001438,-0.000801,0.0050327,-0.0001437,-0.0008005,0.0050611
-8.59e-05,-0.001536,0.0054751,-8.58e-05,-0.001535,0.0055045
-0.0007225,-0.000721,0.0049935,-0.0007221,-0.0007205,0.0050217
-0.0009765,-0.0016626,0.0052402,-0.0009759,-0.0016615,0.0052684
-0.0004855,-0.0015555,0.0055724,-0.0004852,-0.0015545,0.0056021
-0.0004452,-0.0021544,0.0056097,-0.0004449,-0.0021532,0.0056391
4.97e-05,-0.0024063,0.0061379,4.97e-05,-0.0024047,0.006169
-6.08e-05,-0.0019246,0.0060805,-6.08e-05,-0.0019234,0.0061118
-0.0005345,-0.0018235,0.0061079,-0.0005342,-0.0018224,0.0061393
-0.0004573,-0.0019612,0.0058973,-0.000457,-0.0019599,0.0059278
-0.0009236,-0.0020937,0.0059372,-0.000923,-0.0020923,0.0059676
-0.0004066,-0.0015814,0.0058409,-0.0004063,-0.0015804,0.0058715
-0.0006553,-0.002202,0.0061488,-0.0006549,-0.0022006,0.00618
-0.0026219,0.0031066,0.0051689,-0.0026206,0.0031052,0.0051946
-0.0021392,0.0029886,0.0051169,-0.0021381,0.0029873,0.0051429
-0.0026327,0.0030318,0.0053988,-0.0026312,0.0030304,0.0054255
-0.0035099,0.0022042,0.0051921,-0.0035082,0.0022033,0.0052177
-0.0030684,0.0021532,0.0051479,-0.0030668,0.0021523,0.0051739
-0.0028482,0.0023895,0.0052603,-0.0028467,0.0023884,0.0052868
-0.0015208,0.0030374,0.0084723,-0.0015198,0.0030354,0.008513
-0.0012452,-0.0038771,0.0049459,-0.0012445,-0.0038752,0.0049705
-0.0008572,-0.003965,0.0049323,-0.0008568,-0.0039631,0.0049568
-0.0028255,0.0018641,0.0091354,-0.0028239,0.0018629,0.0091794
-0.0031785,0.0018483,0.0095274,-0.0031767,0.0018472,0.0095729
0.0036335,-0.0012624,0.0046686,0.0036319,-0.0012618,0.0046926
0.0040768,-0.0012322,0.0046867,0.0040751,-0.0012316,0.0047101
0.0040482,-0.0009425,0.005037,0.0040463,-0.0009419,0.005062
-0.0035572,-0.0009118,0.0082033,-0.003555,-0.0009112,0.0082423
-0.0030916,-0.0008187,0.0082172,-0.0030897,-0.0008182,0.0082569
0.0036885,0.0008087,0.0083439,0.0036859,0.0008081,0.0083835
0.0024874,0.0009458,0.0074495,0.0024857,0.0009452,0.0074861
0.0023046,0.0013313,0.0073569,0.002303,0.0013304,0.0073931
0.0019642,0.001319,0.0073934,0.0019629,0.0013182,0.0074299
0.0018708,0.0013457,0.0076753,0.0018695,0.0013448,0.0077132
0.0019185,0.0007497,0.0073445,0.0019172,0.0007492,0.0073811
0.00341,0.0011803,0.0067517,0.0034077,0.0011795,0.0067844
0.0031653,0.001298,0.0071175,0.0031631,0.0012972,0.0071519
0.0027888,0.0010275,0.0070195,0.0027869,0.0010269,0.0070539
0.0028273,0.0016764,0.0068145,0.0028254,0.0016754,0.0068477
0.0028273,0.0017349,0.0071302,0.0028253,0.0017338,0.0071648
0.0028208,0.001384,0.0070505,0.0028188,0.0013831,0.0070849
0.0029769,0.0007182,0.0069037,0.0029749,0.0007178,0.0069375
-0.0029813,-0.002944,0.0051827,-0.0029798,-0.0029425,0.005208
-0.0026031,-0.0031281,0.00517,-0.0026018,-0.0031265,0.0051955
-0.0011945,-0.0020673,0.0056008,-0.0011938,-0.002066,0.0056298
-0.0009103,-0.0019369,0.0062112,-0.0009097,-0.0019356,0.0062428
-0.0012096,-0.0016624,0.005478,-0.001209,-0.0016614,0.0055069
-0.0013827,-0.0018781,0.0061744,-0.0013818,-0.0018769,0.0062057
-0.0014119,-0.0021066,0.0058808,-0.0014111,-0.0021053,0.0059108
-0.0015278,-0.00165,0.0059634,-0.0015269,-0.001649,0.0059939
-0.001498,-0.002395,0.0061576,-0.0014971,-0.0023935,0.0061884
-0.002036,-0.0014343,0.0055619,-0.002035,-0.0014334,0.0055907
-0.0017101,-0.0015526,0.0061647,-0.0017091,-0.0015516,0.006196
-0.0013551,-0.0011621,0.005541,-0.0013543,-0.0011614,0.0055704
-0.001821,-0.0015292,0.0058559,-0.00182,-0.0015282,0.0058859
-0.0018195,-0.0011573,0.0058334,-0.0018184,-0.0011566,0.0058636
-0.0024033,-0.0008456,0.0060112,-0.0024019,-0.000845,0.0060416
-0.0021471,-0.0010797,0.006109,-0.0021459,-0.001079,0.0061399
-0.0022378,-0.0016405,0.0061868,-0.0022365,-0.0016395,0.0062177
-0.0017467,-0.0027348,0.0062015,-0.0017456,-0.0027331,0.006232
-0.0017658,-0.0023372,0.0064924,-0.0017646,-0.0023357,0.0065244
-0.0019486,-0.0017588,0.0063468,-0.0019474,-0.0017577,0.0063785
-0.0013907,-0.0023777,0.0064787,-0.0013898,-0.0023761,0.0065109
-0.0017303,-0.0026626,0.0065324,-0.0017293,-0.0026609,0.0065644
-0.0020159,-0.0020722,0.0062548,-0.0020147,-0.0020709,0.0062859
-0.0022478,-0.0019351,0.0065095,-0.0022464,-0.0019338,0.0065416
-0.0019862,-0.0025764,0.0063583,-0.001985,-0.0025748,0.0063894
-0.0028708,-0.0006219,0.0064878,-0.002869,-0.0006214,0.0065198
-0.002016,-0.0005644,0.0050658,-0.0020149,-0.000564,0.0050933
-0.0013709,-0.0007712,0.005235,-0.0013701,-0.0007706,0.0052636
-0.0035053,0.0012255,0.0082294,-0.003503,0.0012247,0.0082686
-0.0030716,0.0010836,0.0081631,-0.0030696,0.0010829,0.0082024
-0.0037896,0.0007084,0.0082713,-0.003787,0.000708,0.0083104
-0.0034295,0.0006174,0.0082238,-0.0034273,0.0006171,0.0082632
0.0016581,0.0030044,0.008023,0.001657,0.0030024,0.0080616
0.0021005,0.0030996,0.008036,0.0020991,0.0030975,0.0080744
0.0021603,0.0026838,0.0079187,0.0021588,0.0026819,0.0079568
0.0026104,0.0027603,0.0079529,0.0026086,0.0027583,0.0079908
0.0021353,0.0028649,0.0076838,0.0021338,0.0028629,0.0077207
0.0019382,0.0016353,0.0066653,0.0019369,0.0016343,0.0066985
0.0024305,0.0017143,0.006746,0.0024288,0.0017132,0.0067792
0.0025968,0.0019742,0.006988,0.002595,0.0019729,0.0070221
0.0023683,0.00215,0.0068044,0.0023667,0.0021486,0.0068376
0.002823,0.0022544,0.0068968,0.0028211,0.002253,0.0069301
0.0018999,0.0020926,0.0067643,0.0018987,0.0020913,0.0067978
0.0023242,0.0021894,0.0070778,0.0023226,0.0021879,0.0071122
0.0023747,0.0016238,0.0070947,0.002373,0.0016227,0.0071295
0.0018006,0.0016705,0.0070476,0.0017994,0.0016695,0.0070825
0.0022362,0.0026503,0.0071215,0.0022347,0.0026485,0.0071559
0.0017437,0.0021691,0.0069858,0.0017425,0.0021677,0.0070202
0.0028438,0.0021311,0.0072482,0.0028417,0.0021297,0.007283
0.0015393,-0.0019597,0.0056453,0.0015384,-0.0019585,0.0056744
0.0015603,-0.0019375,0.0061928,0.0015594,-0.0019362,0.0062241
0.0017372,-0.0024435,0.0058072,0.0017363,-0.002442,0.0058364
0.00134,-0.0023667,0.0059312,0.0013392,-0.0023653,0.0059612
0.0015653,-0.0020708,0.0059086,0.0015645,-0.0020694,0.0059386
0.0010349,-0.0022128,0.0056966,0.0010344,-0.0022114,0.005726
0.0011585,-0.0018806,0.0062147,0.0011578,-0.0018793,0.0062462
0.001168,-0.0019746,0.0059381,0.0011673,-0.0019734,0.0059685
0.0015861,-0.0035541,0.0051814,0.0015853,-0.0035522,0.0052071
0.0035914,0.0012812,0.0051675,0.0035896,0.0012807,0.0051934
0.0039647,0.0013709,0.0052073,0.0039627,0.0013704,0.0052329
0.0024333,-0.001493,0.0059361,0.0024319,-0.001492,0.0059661
0.002326,-0.0015306,0.0061952,0.0023246,-0.0015295,0.0062262
0.0018094,-0.001185,0.0060774,0.0018084,-0.0011842,0.0061085
0.0020469,-0.0011951,0.0058798,0.0020457,-0.0011943,0.00591
0.0021231,-0.000852,0.0060273,0.0021219,-0.0008514,0.0060581
0.0021119,-0.0015997,0.0057981,0.0021107,-0.0015987,0.0058277
0.0019698,-0.0015273,0.0061412,0.0019686,-0.0015263,0.0061723
0.0017971,-0.0015308,0.0063772,0.001796,-0.0015297,0.0064092
0.0032765,-0.0025257,0.0051712,0.003275,-0.0025244,0.0051966
-0.0025638,-0.0028123,0.0082998,-0.0025622,-0.0028104,0.0083391
-0.0020944,-0.0020986,0.0068177,-0.0020931,-0.0020972,0.0068511
-0.0018323,-0.0022016,0.0067325,-0.0018312,-0.0022001,0.0067656
-0.0017083,-0.0019206,0.0066153,-0.0017072,-0.0019193,0.0066481
-0.0013677,-0.0016942,0.0066932,-0.0013669,-0.0016931,0.0067267
-0.0016794,-0.0014465,0.0066827,-0.0016784,-0.0014456,0.0067161
-0.0017327,-0.0019202,0.0069589,-0.0017316,-0.0019189,0.0069931
-0.0022789,-0.0018984,0.007074,-0.0022774,-0.0018972,0.0071084
-0.0019753,-0.0025136,0.0068737,-0.001974,-0.0025119,0.0069071
-0.0037908,-0.0001039,0.0051388,-0.003789,-0.0001037,0.0051645
-0.0035637,-0.0011868,0.0085653,-0.0035615,-0.001186,0.008606
-0.0031133,-0.0011785,0.0085374,-0.0031115,-0.0011778,0.0085784
-0.0004899,0.0016587,0.0072554,-0.0004896,0.0016576,0.0072917
-6e-07,0.0017151,0.00718,-6e-07,0.001714,0.007216
-0.0001692,0.0017829,0.0073828,-0.000169,0.0017817,0.0074197
-6.87e-05,0.0021447,0.0073362,-6.87e-05,0.0021433,0.0073726
3.15e-05,0.001605,0.0075618,3.14e-05,0.0016041,0.0075995
-0.000594,0.0015664,0.0076017,-0.0005936,0.0015654,0.0076395
-0.0003475,0.0020044,0.0074081,-0.0003472,0.0020031,0.0074449
-0.0009206,0.0016232,0.0076919,-0.0009201,0.0016223,0.0077301
-0.0001756,0.0024998,0.0068207,-0.0001754,0.0024982,0.0068547
8.69e-05,0.0027852,0.0068688,8.68e-05,0.0027834,0.0069027
0.0003542,0.0030855,0.0067178,0.000354,0.0030836,0.0067508
-7.05e-05,0.0027241,0.0071323,-7.05e-05,0.0027223,0.0071675
-2.3e-05,0.0023895,0.0070357,-2.29e-05,0.0023879,0.0070707
0.0003641,0.0022386,0.0070268,0.0003639,0.0022371,0.0070618
-0.0005715,0.0029384,0.0071182,-0.0005711,0.0029364,0.0071531
0.0009068,-0.0036874,0.0079785,0.0009061,-0.0036849,0.0080164
0.0013023,-0.0035591,0.0079874,0.0013014,-0.0035566,0.0080252
0.0010481,-0.0032969,0.00791,0.0010474,-0.0032946,0.0079478
0.0027371,0.0025691,0.0048305,0.0027359,0.002568,0.0048552
-0.0019094,-0.0033223,0.0079362,-0.0019081,-0.0033202,0.0079738
0.003047,0.0018202,0.0084756,0.003045,0.001819,0.0085162
0.0032968,0.0017005,0.0050922,0.0032953,0.0016998,0.005118
0.0032381,0.0017121,0.0053238,0.0032364,0.0017114,0.0053507
0.0023111,-0.0033937,0.0049369,0.00231,-0.003392,0.0049613
-0.0038387,0.0017174,0.0052151,-0.0038368,0.0017167,0.0052408
-0.0034703,0.0016748,0.0051359,-0.0034686,0.0016742,0.0051617
-0.000852,-0.0036358,0.0079212,-0.0008514,-0.0036333,0.0079588
0.0033206,-0.0011652,0.0079337,0.0033183,-0.0011644,0.0079717
0.0030126,-0.0023005,0.0079166,0.0030106,-0.0022989,0.0079541
0.0029919,-0.001745,0.0078611,0.0029898,-0.0017438,0.0078988
-0.003148,0.0027075,0.0050018,-0.0031465,0.0027064,0.0050267
-0.0026903,0.0026742,0.0048548,-0.002689,0.0026731,0.0048796
-0.0021896,-0.0035941,0.0047009,-0.0021886,-0.0035924,0.0047242
-0.0017929,-0.0035384,0.0046689,-0.001792,-0.0035367,0.0046925
-0.0034878,0.0015872,0.0079973,-0.0034854,0.0015862,0.0080353
-0.0031428,0.0015812,0.0079011,-0.0031406,0.0015802,0.007939
-0.0035842,-9.76e-05,0.0078283,-0.0035819,-9.75e-05,0.0078658
-0.0017179,0.0002486,0.0073094,-0.0017168,0.0002485,0.0073459
-0.0013181,0.0003056,0.0072297,-0.0013172,0.0003054,0.007266
-0.0015728,0.0007074,0.0072896,-0.0015718,0.000707,0.007326
-0.001281,0.0009688,0.0072394,-0.0012802,0.0009682,0.0072757
-0.0014107,0.00012,0.0075612,-0.0014098,0.00012,0.0075989
-0.0019156,0.0005346,0.0073415,-0.0019143,0.0005344,0.0073781
-0.0019095,-0.0001331,0.0074371,-0.0019084,-0.000133,0.007474
-0.0025523,6.75e-05,0.0070944,-0.0025507,6.75e-05,0.0071295
-0.0021431,2.29e-05,0.0069944,-0.0021418,2.29e-05,0.0070293
-0.002855,0.000152,0.0069963,-0.0028531,0.000152,0.0070307
0.000466,0.0037887,0.0083277,0.0004657,0.0037861,0.0083674
0.0010011,0.0029675,0.0082323,0.0010005,0.0029656,0.0082722
0.0008816,0.003375,0.0082909,0.000881,0.0033727,0.0083308
0.0005657,0.0034378,0.0078014,0.0005653,0.0034355,0.007839
0.0005877,0.0038501,0.0076531,0.0005872,0.0038474,0.0076895
0.0003435,0.0016133,0.0072618,0.0003433,0.0016123,0.0072982
0.0007981,0.0017578,0.0072417,0.0007975,0.0017566,0.0072779
0.0002423,0.0019621,0.0074552,0.0002421,0.0019608,0.0074923
0.0004512,0.0025174,0.0068812,0.000451,0.0025158,0.0069154
0.0010122,0.0030999,0.0078858,0.0010116,0.0030977,0.007924
0.0009313,0.0034037,0.0079152,0.0009306,0.0034014,0.0079532
-0.0021189,0.0035633,0.0049226,-0.0021179,0.0035619,0.0049472
-0.0016941,0.0033977,0.0048717,-0.0016933,0.0033963,0.0048965
-0.0021396,0.0035042,0.0052471,-0.0021384,0.0035026,0.0052731
-0.0016838,0.003362,0.0051309,-0.0016829,0.0033605,0.0051568
-0.0008173,0.0019307,0.0056069,-0.0008168,0.0019298,0.0056365
-0.0009762,0.0017815,0.0058218,-0.0009756,0.0017806,0.0058522
-0.0013429,0.0021203,0.0057256,-0.0013422,0.0021192,0.0057552
-0.0014424,0.002247,0.0059352,-0.0014415,0.0022459,0.0059654
-0.0013703,0.0021745,0.0061441,-0.0013694,0.0021733,0.0061752
-0.0013764,0.0018762,0.0058793,-0.0013756,0.0018753,0.0059096
-0.0014125,0.0018037,0.0061974,-0.0014116,0.0018027,0.0062289
-0.0013813,0.0017925,0.0064963,-0.0013803,0.0017914,0.0065291
-0.0020206,0.0026253,0.006943,-0.0020192,0.0026236,0.0069768
-0.0018294,0.0023206,0.0067615,-0.0018282,0.0023192,0.0067948
-0.0018206,0.0029344,0.0068083,-0.0018193,0.0029324,0.0068414
-0.002076,0.0029864,0.0069527,-0.0020746,0.0029844,0.0069864
-0.0020677,0.0002023,0.006736,-0.0020664,0.0002023,0.0067698
-0.0015043,-5.73e-05,0.006647,-0.0015034,-5.72e-05,0.0066808
-0.0014029,0.0004548,0.0066661,-0.001402,0.0004546,0.0067
-0.0016779,0.0005142,0.0070417,-0.0016768,0.000514,0.0070769
-0.0017278,2.66e-05,0.0070231,-0.0017267,2.66e-05,0.0070583
-0.0013432,8.71e-05,0.006933,-0.0013423,8.71e-05,0.0069681
-0.0019094,-0.0001669,0.0068136,-0.0019082,-0.0001667,0.0068479
-0.0017437,-0.0003768,0.0065452,-0.0017426,-0.0003764,0.0065784
-0.0021433,-0.0003516,0.0070607,-0.002142,-0.0003513,0.0070958
-0.00075,0.0001201,0.0066138,-0.0007495,0.00012,0.0066478
-0.0008949,2.15e-05,0.0069593,-0.0008943,2.16e-05,0.0069946
-0.0004633,3.2e-05,0.0068403,-0.0004629,3.2e-05,0.0068752
-0.000896,-0.0002463,0.0072431,-0.0008954,-0.000246,0.0072796
-0.0008058,0.0001977,0.0072756,-0.0008052,0.0001976,0.0073123
-0.0014915,0.0009955,0.0065759,-0.0014906,0.000995,0.0066093
-0.0013584,0.000659,0.007021,-0.0013575,0.0006586,0.0070563
-0.0013678,0.0010228,0.007008,-0.0013669,0.0010222,0.0070432
-0.0025326,0.0005024,0.0062581,-0.002531,0.0005021,0.0062896
-0.0026317,-0.0003963,0.0060563,-0.0026302,-0.000396,0.0060869
-0.0025594,4.89e-05,0.0064223,-0.0025578,4.9e-05,0.0064544
-0.0022679,0.0005015,0.0061249,-0.0022665,0.0005013,0.006156
-0.0022112,6.85e-05,0.006448,-0.0022099,6.86e-05,0.0064805
-0.0027273,-0.0003201,0.0064204,-0.0027256,-0.0003198,0.0064524
-0.0028609,-0.000117,0.006244,-0.0028592,-0.0001169,0.0062751
0.0038398,-0.00051,0.0049506,0.003838,-0.0005096,0.0049756
0.0012119,-0.0003894,0.0050138,0.0012113,-0.0003891,0.005042
0.0009607,-0.0006305,0.0050859,0.0009602,-0.00063,0.0051144
0.0007856,-0.0003669,0.004971,0.0007852,-0.0003666,0.0049992
0.0017574,-0.0007449,0.0061056,0.0017564,-0.0007443,0.0061371
0.0019378,-0.0005842,0.0065609,0.0019366,-0.0005837,0.006594
-0.0026332,0.0026563,0.0051312,-0.0026318,0.0026552,0.0051572
0.0021321,-0.0031345,0.0082948,0.0021307,-0.0031325,0.0083342
-0.0038701,0.0013318,0.0052311,-0.0038681,0.0013313,0.005257
-0.003489,0.0012326,0.0051026,-0.0034873,0.0012321,0.0051285
-0.0008387,0.0011378,0.0050811,-0.0008382,0.0011373,0.0051095
-0.0010108,0.0013566,0.0050249,-0.0010103,0.0013561,0.0050528
-0.0005053,0.0011008,0.0049783,-0.000505,0.0011004,0.0050064
-0.0013907,0.0014663,0.0053932,-0.00139,0.0014657,0.005422
-0.0012028,0.0007864,0.0051434,-0.0012022,0.0007861,0.0051718
-0.0037845,0.0006826,0.0051326,-0.0037826,0.0006825,0.0051584
-0.0033857,0.0007578,0.0051469,-0.003384,0.0007576,0.0051732
-0.0041312,0.0007913,0.0054569,-0.004129,0.000791,0.0054834
-0.0038397,0.0007103,0.0053997,-0.0038376,0.0007101,0.0054264
0.0031766,-0.0027734,0.0049209,0.0031751,-0.002772,0.0049452
0.0020379,-0.0021101,0.0062332,0.0020367,-0.0021087,0.0062642
0.0025213,-0.0021511,0.0063535,0.0025197,-0.0021496,0.0063847
0.0027083,-0.0024372,0.0064952,0.0027066,-0.0024355,0.0065266
0.0022386,-0.0024095,0.0064946,0.0022372,-0.0024078,0.0065263
0.0023922,-0.0026835,0.006463,0.0023907,-0.0026816,0.0064942
0.0019405,-0.0018632,0.0064548,0.0019392,-0.0018619,0.0064869
0.0027737,-0.0019593,0.0065162,0.0027719,-0.0019579,0.0065479
0.0019163,-0.0028644,0.0064971,0.0019151,-0.0028624,0.0065287
-0.0012353,0.0034589,0.0048489,-0.0012348,0.0034575,0.0048739
-0.0008189,0.0034266,0.0048508,-0.0008185,0.003425,0.0048759
-0.0029103,-0.0025952,0.0051329,-0.0029089,-0.0025938,0.0051584
-0.0035135,-0.0022156,0.0052475,-0.0035118,-0.0022144,0.0052732
-0.0030728,-0.0022354,0.0050474,-0.0030713,-0.0022342,0.0050728
-0.0035544,-0.0018589,0.0051081,-0.0035527,-0.0018579,0.0051334
-0.0030147,-0.0027808,0.005413,-0.0030132,-0.0027792,0.0054394
0.0005724,-0.0037124,0.0079272,0.000572,-0.0037098,0.0079649
0.0005328,-0.0032854,0.0078756,0.0005325,-0.0032832,0.0079134
7.23e-05,-0.0034549,0.0081791,7.23e-05,-0.0034526,0.0082182
-0.0030764,0.0020373,0.0086748,-0.0030745,0.002036,0.0087161
-0.0027179,0.0019584,0.008559,-0.0027162,0.0019571,0.0086001
-0.0031138,0.0018949,0.0089087,-0.0031119,0.0018937,0.0089513
-0.0012542,-0.0020449,0.0068268,-0.0012535,-0.0020436,0.0068607
-0.0010033,-0.0019241,0.0070835,-0.0010026,-0.0019229,0.0071187
-0.0013753,-0.0018506,0.0071141,-0.0013744,-0.0018494,0.0071493
-0.0014817,-0.0015363,0.0069943,-0.0014807,-0.0015353,0.0070291
-0.0011466,-0.0024708,0.0069293,-0.0011459,-0.0024691,0.0069633
-0.0011835,-0.0036756,0.0076564,-0.0011827,-0.003673,0.0076927
-0.0006982,-0.0037177,0.0076734,-0.0006977,-0.0037151,0.0077098
3.45e-05,-0.0011475,0.0072007,3.45e-05,-0.0011467,0.0072369
-0.0004763,-0.0011878,0.0072613,-0.000476,-0.001187,0.0072977
0.0001846,-0.0006887,0.0071508,0.0001845,-0.0006881,0.007187
5.55e-05,-0.0009304,0.0075134,5.55e-05,-0.0009296,0.007551
-0.0007094,-0.0007017,0.0072061,-0.0007089,-0.0007011,0.0072424
-0.0009798,-0.0014713,0.0076245,-0.0009792,-0.0014704,0.0076623
-0.0002027,-0.0021335,0.0067469,-0.0002026,-0.0021321,0.0067806
-0.0001023,-0.0018402,0.0066299,-0.0001023,-0.0018391,0.0066633
1.06e-05,-0.0023439,0.0069029,1.06e-05,-0.0023423,0.0069371
0.0001398,-0.0015397,0.0066273,0.0001398,-0.0015386,0.0066609
-5.04e-05,-0.0015848,0.0069764,-5.03e-05,-0.0015838,0.0070115
-0.0004444,-0.0016461,0.0065373,-0.0004441,-0.0016451,0.0065705
-0.0005222,-0.0019301,0.0070653,-0.0005219,-0.0019288,0.0071005
-0.0004917,-0.0015509,0.0068982,-0.0004914,-0.0015499,0.0069329
-0.0002881,-0.0024671,0.0068162,-0.000288,-0.0024654,0.00685
-0.0007699,-0.0013983,0.0073767,-0.0007694,-0.0013974,0.0074135
-0.0010756,-0.0007699,0.0072475,-0.0010749,-0.0007693,0.0072838
-0.0012288,-0.0004843,0.0073125,-0.001228,-0.0004839,0.0073492
0.0024845,-0.0014223,0.0067501,0.0024829,-0.0014213,0.0067833
0.0023725,-0.0016034,0.0069547,0.0023709,-0.0016023,0.0069888
0.0017721,-0.0009886,0.0070429,0.0017709,-0.0009878,0.007078
0.0015442,-0.0005929,0.0069866,0.0015432,-0.0005925,0.0070217
0.0011852,-0.0014557,0.0066643,0.0011845,-0.0014546,0.0066979
0.0014514,-0.0009151,0.0070071,0.0014504,-0.0009144,0.0070423
0.0014033,-0.0012556,0.0071178,0.0014023,-0.0012547,0.0071534
0.0012018,-0.0014997,0.0069828,0.0012011,-0.0014986,0.0070177
0.0014895,-0.002029,0.0070944,0.0014885,-0.0020275,0.0071293
0.0010685,-0.0012203,0.0068615,0.0010679,-0.0012194,0.0068962
0.000877,-0.0015302,0.0069752,0.0008764,-0.0015291,0.0070102
0.0010541,-0.0018338,0.0070692,0.0010534,-0.0018325,0.0071044
0.0012138,-0.0006264,0.006992,0.001213,-0.0006259,0.0070273
0.0012058,-0.0010608,0.0073054,0.001205,-0.00106,0.007342
0.0036641,-0.0012357,0.0076262,0.0036615,-0.0012347,0.0076624
0.0029233,-0.0013039,0.0078112,0.0029213,-0.001303,0.0078489
0.0015686,-0.0010669,0.0073003,0.0015675,-0.0010661,0.0073366
0.001213,-0.0014264,0.0076524,0.0012122,-0.0014254,0.0076903
0.0010158,-0.0012838,0.0074656,0.0010152,-0.0012829,0.0075029
0.0007687,-0.0010932,0.0073021,0.0007683,-0.0010924,0.0073387
0.0011554,-0.0007024,0.0072471,0.0011546,-0.0007018,0.0072835
0.0015747,-0.0005318,0.0074091,0.0015737,-0.0005314,0.0074461
0.0015536,-9.73e-05,0.0072765,0.0015526,-9.71e-05,0.0073129
0.001183,-7.21e-05,0.0072621,0.0011822,-7.21e-05,0.0072987
0.0015311,0.000193,0.0071913,0.00153,0.0001929,0.0072274
0.0008735,-0.0005547,0.0073262,0.000873,-0.0005543,0.0073631
0.0007229,-0.0002158,0.0072313,0.0007224,-0.0002156,0.0072678
0.0018685,-0.0007913,0.0068253,0.0018673,-0.0007907,0.0068596
0.0017679,-0.0002359,0.006512,0.0017667,-0.0002356,0.0065452
0.0021517,-0.0002505,0.0070537,0.0021502,-0.0002503,0.0070888
0.0017266,-0.0001559,0.0070226,0.0017254,-0.0001558,0.0070578
0.0019268,0.0001454,0.0069539,0.0019255,0.0001454,0.0069887
0.0018722,-0.0005225,0.0070362,0.001871,-0.0005221,0.0070714
-0.0034646,-0.001646,0.0079935,-0.0034623,-0.0016448,0.0080313
0.0016054,0.0032738,0.0050493,0.0016046,0.0032723,0.0050751
0.0015726,0.0038703,0.0051386,0.0015718,0.0038684,0.0051641
0.0009566,0.0019521,0.0056883,0.000956,0.0019511,0.0057181
0.0013624,0.0018702,0.0056619,0.0013616,0.0018693,0.0056914
0.0014647,0.0016752,0.0058431,0.0014638,0.0016744,0.0058734
0.0011399,0.0018449,0.0058686,0.0011392,0.001844,0.005899
0.0007421,0.0017853,0.0058477,0.0007416,0.0017844,0.0058783
0.0012828,0.0016804,0.0060587,0.001282,0.0016795,0.0060899
0.000959,0.0027546,0.0063016,0.0009585,0.0027529,0.0063331
0.0012188,0.0034161,0.0062456,0.0012181,0.003414,0.0062762
-0.0024281,0.0028463,0.0084971,-0.0024266,0.0028444,0.0085376
-0.0023335,0.0027612,0.0088257,-0.0023321,0.0027594,0.008868
0.0015039,-0.0035577,0.0053902,0.0015032,-0.0035557,0.0054168
0.0018784,-0.0035302,0.0054749,0.0018774,-0.0035282,0.0055017
0.002287,-0.0033983,0.0055046,0.0022858,-0.0033964,0.0055313
0.0010604,-0.0014174,0.0056515,0.0010598,-0.0014164,0.0056814
0.0014512,-0.0011009,0.0062762,0.0014503,-0.0011001,0.0063084
0.0015277,-0.0014394,0.0058709,0.0015268,-0.0014384,0.0059012
0.0011741,-0.0015157,0.005864,0.0011734,-0.0015147,0.0058945
0.0015378,-0.0010374,0.0057508,0.0015369,-0.0010367,0.0057809
0.0015794,-0.001507,0.0061368,0.0015784,-0.001506,0.0061681
0.0008045,-0.00153,0.0058466,0.000804,-0.001529,0.0058772
0.0012171,-0.0015667,0.0061027,0.0012163,-0.0015656,0.0061341
0.0011484,-0.0022379,0.0061979,0.0011477,-0.0022365,0.0062291
0.0015237,-0.0022705,0.0062478,0.0015227,-0.002269,0.006279
0.0016251,-0.0020308,0.0064687,0.0016241,-0.0020294,0.006501
-0.0035445,0.0011971,0.0079446,-0.0035421,0.0011963,0.0079824
-0.0031446,0.0011811,0.0078741,-0.0031424,0.0011803,0.007912
-0.0038162,0.0007397,0.0079754,-0.0038136,0.0007392,0.0080131
-0.0035179,0.0007467,0.0078987,-0.0035155,0.0007463,0.0079365
0.0007037,-0.00356,0.0048442,0.0007034,-0.0035582,0.004869
0.0039604,-0.0013205,0.0052148,0.0039585,-0.0013197,0.0052404
0.0010801,-0.0040276,0.0052366,0.0010796,-0.0040254,0.0052622
-0.0035094,0.0022286,0.0049335,-0.0035078,0.0022278,0.004958
-0.0011681,0.0031035,0.0082035,-0.0011673,0.0031015,0.0082431
-0.0008023,0.0030437,0.008193,-0.0008018,0.0030417,0.0082327
-0.0007327,0.002568,0.0081233,-0.0007323,0.0025664,0.008163
5e-05,0.0007816,0.0077438,5e-05,0.0007812,0.0077826
-0.0001029,0.0010649,0.0078382,-0.0001029,0.0010643,0.0078774
0.0002765,0.0014403,0.0078912,0.0002763,0.0014394,0.0079305
-9.66e-05,0.0014261,0.0082885,-9.66e-05,0.0014254,0.0083296
-0.0001056,0.0008911,0.0081267,-0.0001056,0.0008907,0.0081672
0.0003393,0.0009903,0.0082515,0.0003391,0.0009897,0.0082925
2.94e-05,0.0009497,0.0084475,2.93e-05,0.0009492,0.0084894
-0.000322,0.0012942,0.0078584,-0.0003218,0.0012934,0.0078976
-0.0006274,0.0012633,0.0080703,-0.000627,0.0012626,0.0081104
-0.0003209,0.0007848,0.0079136,-0.0003208,0.0007843,0.0079531
-0.0005155,0.0010133,0.0085166,-0.0005152,0.0010128,0.0085588
-0.001178,0.0016145,0.0075684,-0.0011773,0.0016135,0.007606
-0.0009788,0.001704,0.007227,-0.0009781,0.0017029,0.007263
-0.0008095,0.001706,0.0074518,-0.0008089,0.0017049,0.0074889
-0.0008444,0.0020572,0.007407,-0.0008438,0.0020559,0.0074437
-0.0011954,0.001966,0.0077898,-0.0011946,0.0019648,0.0078282
-0.0010611,0.0033942,0.0076765,-0.0010603,0.0033918,0.0077133
-0.0006607,0.0034007,0.0077286,-0.0006603,0.0033983,0.0077659
0.0030019,-0.0017253,0.0075441,0.0029998,-0.001724,0.0075804
0.00336,-0.0017822,0.0076993,0.0033577,-0.0017809,0.0077359
0.003604,-0.0016332,0.0076344,0.0036014,-0.001632,0.0076705
-0.0003267,-0.0037634,0.0053669,-0.0003265,-0.0037613,0.0053936
8.14e-05,-0.0037664,0.0053366,8.14e-05,-0.0037643,0.0053631
0.0013317,0.0030686,0.0076027,0.0013308,0.0030665,0.0076394
0.0017718,0.0029648,0.0076121,0.0017706,0.0029627,0.0076488
0.0015363,0.0034715,0.0076229,0.0015353,0.0034691,0.0076593
0.0009295,0.00086,0.0072264,0.0009288,0.0008595,0.0072628
0.0011095,0.0010717,0.0073941,0.0011087,0.001071,0.0074311
0.0015397,0.0009776,0.00736,0.0015386,0.000977,0.0073967
0.00139,0.0013928,0.0074278,0.001389,0.0013919,0.0074648
0.0007918,0.0013381,0.0072345,0.0007912,0.0013373,0.0072708
0.001809,0.0009977,0.007096,0.0018078,0.0009971,0.0071313
0.0016521,0.0013547,0.0066632,0.001651,0.0013539,0.0066967
0.0011023,0.0012767,0.0065836,0.0011017,0.001276,0.0066171
0.0014245,0.0016589,0.0066022,0.0014236,0.0016579,0.0066355
0.00143,0.000898,0.0070557,0.0014291,0.0008975,0.0070912
0.0010057,0.0008569,0.0069602,0.001005,0.0008565,0.0069954
0.0009533,0.0012765,0.0068914,0.0009527,0.0012757,0.0069262
0.0010874,0.0016848,0.0070687,0.0010867,0.0016837,0.007104
0.0012403,0.0018606,0.0068068,0.0012394,0.0018594,0.0068409
0.0013619,0.0020473,0.0070598,0.001361,0.002046,0.0070948
0.0008782,0.0018871,0.0068465,0.0008777,0.0018859,0.0068808
0.0007179,0.0016636,0.007004,0.0007174,0.0016625,0.0070392
0.0018602,3.73e-05,0.00667,0.0018589,3.74e-05,0.0067037
0.0024956,0.0001783,0.006709,0.002494,0.0001782,0.0067423
0.0022983,7.48e-05,0.006922,0.0022968,7.48e-05,0.0069565
0.0018657,0.0006298,0.0069913,0.0018644,0.0006294,0.0070263
0.0030935,0.0003465,0.0074976,0.0030913,0.0003463,0.0075339
0.0029669,0.0002805,0.0077563,0.0029649,0.0002803,0.0077941
0.0012535,0.0006127,0.0072909,0.0012526,0.0006123,0.0073275
0.001586,0.0004999,0.0074828,0.0015849,0.0004996,0.0075202
0.0014479,9.03e-05,0.0076907,0.0014469,9.03e-05,0.0077291
0.0011396,-3.9e-06,0.0075889,0.0011388,-3.9e-06,0.0076268
0.0007746,0.0005342,0.0072965,0.0007741,0.0005339,0.0073333
0.0007992,0.0001413,0.0072381,0.0007987,0.0001413,0.0072746
0.0007221,5.2e-05,0.0074964,0.0007215,5.19e-05,0.0075341
0.0032634,0.0016741,0.0055676,0.0032616,0.0016733,0.0055953
0.0031196,0.0020775,0.0056014,0.0031179,0.0020765,0.0056292
0.001347,0.0009896,0.0056781,0.0013463,0.0009892,0.0057082
0.0015679,0.0013304,0.0056488,0.001567,0.0013298,0.0056786
0.0010953,0.001211,0.005505,0.0010947,0.0012105,0.0055346
0.0014999,0.0013937,0.0060895,0.001499,0.0013929,0.0061209
0.0017529,0.000822,0.006131,0.0017518,0.0008216,0.0061626
0.0015746,0.0010088,0.0059323,0.0015736,0.0010083,0.0059632
0.0013779,0.0009878,0.00615,0.0013771,0.0009873,0.0061818
0.0023722,0.0009852,0.0061085,0.0023707,0.0009847,0.0061395
0.0026842,0.0009193,0.0062167,0.0026826,0.0009189,0.0062478
0.0021021,0.0013186,0.0061653,0.0021008,0.0013179,0.0061966
0.0019796,0.0014043,0.0063717,0.0019783,0.0014035,0.0064038
0.0021072,0.0006712,0.0061504,0.0021059,0.0006709,0.0061819
0.0018948,0.0005897,0.0064668,0.0018936,0.0005894,0.0064996
0.0039287,0.0012248,0.0054192,0.0039267,0.0012243,0.0054458
0.0022171,0.0034629,0.00546,0.0022159,0.0034611,0.0054868
0.0022299,0.003042,0.0053684,0.0022288,0.0030405,0.0053952
0.0026981,0.0030248,0.005531,0.0026966,0.0030232,0.0055582
-0.0027419,-0.0023237,0.0078777,-0.0027401,-0.0023222,0.0079153
-0.0030927,-0.0022206,0.0082259,-0.0030907,-0.0022192,0.0082648
-0.0031808,-0.0022769,0.0076891,-0.0031786,-0.0022752,0.0077255
-0.0028806,-0.0025256,0.0076604,-0.0028787,-0.0025238,0.0076967
-0.001774,-0.0015201,0.0069826,-0.0017729,-0.0015191,0.0070172
-0.0012936,-0.0012495,0.0067467,-0.0012928,-0.0012486,0.0067806
-0.0023362,0.0017296,0.0067102,-0.0023346,0.0017285,0.0067433
-0.0020796,0.0016716,0.0068682,-0.0020782,0.0016706,0.0069022
-0.00185,0.0017816,0.0066653,-0.0018488,0.0017805,0.0066985
-0.0018956,0.0019696,0.0068834,-0.0018943,0.0019684,0.0069174
-0.0019114,0.0021984,0.007076,-0.0019101,0.002197,0.0071108
-0.0017584,0.0016698,0.0070397,-0.0017572,0.0016688,0.0070746
-0.0013471,0.001683,0.0070182,-0.0013462,0.0016819,0.0070532
-0.002268,0.0022459,0.0070829,-0.0022665,0.0022445,0.0071174
-0.0021248,0.0018713,0.007067,-0.0021234,0.0018701,0.0071017
-0.0032204,0.0020543,0.0076575,-0.0032181,0.0020529,0.0076941
-0.0026407,0.0022256,0.0074299,-0.0026388,0.0022241,0.0074657
-0.0035902,0.001523,0.0076945,-0.0035877,0.0015219,0.0077311
-0.0032513,0.0016182,0.0075919,-0.0032491,0.0016171,0.0076282
0.0006008,0.0018824,0.0056742,0.0006004,0.0018815,0.0057041
0.0007431,0.0017686,0.0061401,0.0007426,0.0017676,0.0061717
0.0002685,0.0021393,0.0058896,0.0002683,0.0021382,0.0059202
0.0003529,0.0021745,0.0061344,0.0003527,0.0021733,0.0061658
0.0004023,0.0018818,0.005773,0.0004021,0.0018809,0.0058033
0.0003362,0.0017256,0.0061702,0.000336,0.0017246,0.0062021
0.0003413,0.0018149,0.0064332,0.0003411,0.0018138,0.006466
9.27e-05,0.0037077,0.0054594,9.27e-05,0.0037058,0.0054867
0.0013897,-0.0022964,0.0068437,0.0013887,-0.0022948,0.0068775
0.001537,-0.0020033,0.0067154,0.001536,-0.0020019,0.0067488
0.0012006,-0.0022368,0.0071671,0.0011998,-0.0022353,0.0072024
0.0009958,-0.0021391,0.0068539,0.0009953,-0.0021376,0.006888
0.0006962,-0.0037256,0.0076681,0.0006957,-0.003723,0.0077044
0.0005942,-0.0033123,0.007567,0.0005938,-0.00331,0.0076034
0.0009082,-0.0008201,0.0071669,0.0009077,-0.0008195,0.007203
0.0003827,-0.0010812,0.0074649,0.0003825,-0.0010804,0.0075023
0.0005037,-0.0014815,0.0075792,0.0005034,-0.0014804,0.0076169
0.0005074,-0.0020702,0.0067323,0.0005071,-0.0020688,0.006766
0.0007658,-0.0014871,0.0067057,0.0007653,-0.001486,0.0067396
0.0002945,-0.0018306,0.0070186,0.0002943,-0.0018293,0.0070537
0.0003783,-0.0024421,0.0068014,0.000378,-0.0024404,0.0068351
-0.0036802,0.000334,0.0054478,-0.0036783,0.0003339,0.005475
-0.0032928,0.0004057,0.0052858,-0.0032911,0.0004057,0.0053128
-0.0020299,7.51e-05,0.0055389,-0.0020288,7.51e-05,0.0055681
-0.0017394,-0.0002861,0.0054826,-0.0017384,-0.0002858,0.005512
-0.0017805,-3.34e-05,0.0061583,-0.0017795,-3.33e-05,0.00619
-0.0017671,-1.27e-05,0.0059068,-0.0017661,-1.26e-05,0.0059376
-0.0013732,0.0001401,0.0058562,-0.0013724,0.0001401,0.0058871
-0.0017171,0.0004936,0.0058895,-0.0017161,0.0004935,0.0059202
-0.0019764,-0.0001755,0.0057091,-0.0019753,-0.0001753,0.005739
-0.00214,-0.0003698,0.0055425,-0.0021388,-0.0003695,0.0055717
-0.0022174,-0.000405,0.0060922,-0.0022161,-0.0004047,0.0061233
-0.0022111,-0.0001967,0.00591,-0.0022098,-0.0001965,0.0059405
-0.0012689,0.0002879,0.0055883,-0.0012682,0.0002879,0.0056184
-0.0009088,0.0001983,0.0055939,-0.0009083,0.0001983,0.0056241
-0.0008313,0.000155,0.0061323,-0.0008308,0.0001551,0.0061644
-0.0009842,7.64e-05,0.0058571,-0.0009836,7.65e-05,0.0058882
-0.0006233,0.000244,0.0057255,-0.000623,0.000244,0.0057563
-0.0009822,-0.0002217,0.0060107,-0.0009816,-0.0002214,0.0060423
-0.0013959,0.0006534,0.0061311,-0.0013951,0.0006531,0.006163
-0.0013405,0.0005215,0.0058827,-0.0013397,0.0005214,0.0059137
-0.0013244,-0.0001118,0.0057523,-0.0013236,-0.0001117,0.0057828
-0.0013816,-0.0003114,0.0055986,-0.0013808,-0.0003111,0.0056286
-0.0013666,-0.0001821,0.0059981,-0.0013658,-0.0001819,0.0060295
-0.0014935,0.0001104,0.0060899,-0.0014926,0.0001104,0.0061215
-0.0018422,-0.0006211,0.0056212,-0.0018412,-0.0006206,0.0056509
-0.0018039,-0.0008404,0.0059422,-0.0018029,-0.0008398,0.0059729
-0.001737,-0.0003621,0.0061195,-0.001736,-0.0003618,0.0061511
-0.0013677,-0.0007482,0.0059479,-0.0013669,-0.0007477,0.0059789
-0.0021676,0.0002611,0.0062512,-0.0021663,0.0002611,0.006283
-0.0017895,0.0002357,0.0062035,-0.0017884,0.0002356,0.0062353
-0.0013142,0.0001615,0.0063783,-0.0013134,0.0001615,0.0064111
-0.0020099,-0.0001256,0.0063026,-0.0020087,-0.0001254,0.0063346
0.0025289,0.002241,0.0082649,0.0025272,0.0022394,0.0083046
0.0029328,0.002346,0.008339,0.0029308,0.0023443,0.0083787
0.002584,0.0023075,0.0079114,0.0025822,0.0023058,0.0079494
0.0030008,0.002327,0.007989,0.0029987,0.0023254,0.008027
-0.0034027,0.0021588,0.0057044,-0.0034008,0.0021577,0.0057324
-0.003033,0.0021098,0.0056359,-0.0030313,0.0021088,0.0056639
-0.0038362,0.0015648,0.0054823,-0.0038341,0.0015641,0.0055091
-0.0022818,-0.0034117,0.0049483,-0.0022807,-0.00341,0.0049728
-0.0018976,-0.0036988,0.0049034,-0.0018967,-0.003697,0.0049276
-0.0038265,-0.0005413,0.0050989,-0.0038247,-0.0005409,0.0051244
-0.0033388,-0.000563,0.0051287,-0.0033371,-0.0005626,0.0051549
-0.0004409,-0.0004109,0.0049718,-0.0004406,-0.0004106,0.0050002
-0.0041479,-0.0003441,0.0055417,-0.0041456,-0.0003438,0.0055686
0.0030218,0.0014885,0.0081293,0.0030198,0.0014875,0.0081683
0.0007043,-0.0040976,0.0051436,0.000704,-0.0040954,0.0051689
0.0006666,-0.0034655,0.0050898,0.0006664,-0.0034636,0.0051156
-0.0035778,0.0011893,0.0076217,-0.0035753,0.0011885,0.007658
-0.0031737,0.0012144,0.0075393,-0.0031716,0.0012136,0.0075756
-0.0009809,0.0009337,0.0072801,-0.0009802,0.0009331,0.0073167
-0.000753,0.0010885,0.0073976,-0.0007525,0.0010878,0.0074346
-0.0009357,0.0014157,0.0073674,-0.0009351,0.0014148,0.0074042
-0.0012693,0.0004992,0.0075983,-0.0012685,0.0004989,0.0076363
-0.0020272,0.0011247,0.0068022,-0.0020259,0.0011241,0.0068361
-0.001755,0.0010256,0.006762,-0.0017538,0.0010251,0.006796
-0.0016659,0.0009317,0.0070136,-0.0016648,0.0009313,0.0070488
-0.0017786,0.0013717,0.0066671,-0.0017774,0.0013709,0.0067005
-0.001471,0.0015617,0.0067222,-0.00147,0.0015608,0.006756
-0.001833,0.0012317,0.0070058,-0.0018317,0.0012309,0.0070407
-0.0019615,0.0007563,0.0068825,-0.0019601,0.0007559,0.006917
-0.0035693,0.0007223,0.0075724,-0.0035669,0.0007219,0.0076086
0.0002395,0.0016439,0.0066499,0.0002394,0.0016429,0.0066837
0.0002376,0.0017966,0.0070224,0.0002374,0.0017955,0.0070577
0.0004036,0.0020398,0.0067275,0.0004033,0.0020386,0.0067613
-0.0001735,0.002055,0.0069229,-0.0001734,0.0020537,0.0069575
-0.0001082,0.0016795,0.006928,-0.0001081,0.0016785,0.0069629
-0.0034509,-0.0016077,0.0076415,-0.0034486,-0.0016065,0.0076777
-0.0002315,-0.0033762,0.0079163,-0.0002313,-0.0033739,0.0079542
6.59e-05,-0.0034824,0.0078592,6.59e-05,-0.00348,0.0078968
-0.0028392,-0.0030728,0.0054655,-0.0028376,-0.0030711,0.0054921
-0.002461,-0.0031348,0.005405,-0.0024598,-0.0031331,0.0054316
-0.0028012,0.0020224,0.007849,-0.0027993,0.0020211,0.0078867
0.0035626,-0.0005412,0.0054342,0.0035607,-0.0005408,0.0054614
0.0033559,-0.0023195,0.0054063,0.0033542,-0.0023182,0.0054328
0.0032945,-0.00187,0.0053487,0.0032928,-0.0018689,0.0053753
-0.0011264,0.0037003,0.0054186,-0.0011257,0.0036984,0.0054456
-0.0007086,0.0036372,0.0054196,-0.0007082,0.0036353,0.0054468
-0.000767,0.0030158,0.0079033,-0.0007664,0.0030138,0.0079417
-0.0015831,0.0030615,0.0075527,-0.001582,0.0030594,0.0075892
-0.0011549,0.0030228,0.007572,-0.0011541,0.0030207,0.0076087
-0.0012537,0.0018176,0.0067881,-0.0012529,0.0018164,0.0068221
-0.0007396,0.0019031,0.0066896,-0.0007391,0.0019019,0.0067234
-0.0009083,0.0016775,0.0069136,-0.0009077,0.0016765,0.0069484
-0.0004844,0.0016939,0.0068836,-0.0004841,0.0016929,0.0069183
-0.0010714,0.0021321,0.0068366,-0.0010707,0.0021307,0.0068707
-0.0013325,0.0021652,0.006962,-0.0013316,0.0021639,0.0069966
0.0010204,0.0030469,0.0075234,0.0010197,0.0030448,0.00756
0.001072,0.0032723,0.0047738,0.0010715,0.0032709,0.0047988
0.0009962,0.0037384,0.0048331,0.0009958,0.0037368,0.0048578
0.0011223,0.0033008,0.0050483,0.0011218,0.0032993,0.0050742
0.0010507,0.0036988,0.0051165,0.0010502,0.0036971,0.0051422
0.0010423,0.0037115,0.0053748,0.0010418,0.0037096,0.0054017
0.0010772,0.0040271,0.0055017,0.0010766,0.004025,0.0055287
-0.0037753,-0.0018515,0.0049263,-0.0037736,-0.0018505,0.0049506
-0.0019699,0.0032268,0.0082684,-0.0019686,0.0032247,0.0083078
-0.0015993,0.0030776,0.0081632,-0.0015983,0.0030755,0.0082024
0.0029694,0.0018843,0.0079227,0.0029673,0.001883,0.0079608
-0.0034773,0.0012688,0.0053564,-0.0034755,0.0012683,0.0053833
0.003615,0.0011593,0.0080733,0.0036125,0.0011585,0.0081118
-0.0020322,-0.0024065,0.0078254,-0.0020309,-0.0024049,0.0078631
-0.002335,-0.0023682,0.0081327,-0.0023335,-0.0023667,0.0081718
-0.0026791,-0.0028558,0.0076426,-0.0026773,-0.0028538,0.0076787
-0.0023777,-0.002899,0.0076566,-0.0023761,-0.002897,0.007693
0.0032464,-0.0017949,0.0056138,0.0032447,-0.0017938,0.0056416
0.0032281,-0.0017663,0.0058207,0.0032263,-0.0017652,0.0058494
0.0035944,-0.0012941,0.0053905,0.0035926,-0.0012933,0.0054174
0.0039965,-0.0011879,0.0054393,0.0039944,-0.0011871,0.0054659
0.00336,0.000874,0.0076399,0.0033577,0.0008734,0.0076766
0.0037406,0.0008268,0.0076722,0.003738,0.0008263,0.0077087
-0.003366,-0.0009667,0.0052094,-0.0033643,-0.0009661,0.0052358
-0.0041051,-0.0007757,0.0054475,-0.0041029,-0.0007751,0.0054741
-0.003896,-0.0010056,0.005487,-0.0038939,-0.001005,0.0055139
-0.0012031,-0.003711,0.0073176,-0.0012023,-0.0037085,0.0073522
0.0005857,-0.0038188,0.0073291,0.0005853,-0.0038161,0.0073639
0.0006379,-0.0033695,0.0072707,0.0006374,-0.0033671,0.0073057
0.0037279,-0.001104,0.0073754,0.0037253,-0.0011031,0.0074105
-0.0019259,-0.000838,0.0066607,-0.0019247,-0.0008374,0.0066941
-0.0013703,-0.0003073,0.0063279,-0.0013694,-0.0003071,0.0063605
-0.0012928,-0.0007019,0.0069436,-0.001292,-0.0007014,0.0069785
0.0020301,-0.0028598,0.0079072,0.0020287,-0.0028579,0.0079451
0.0024054,-0.0028901,0.0079785,0.0024038,-0.0028881,0.0080164
0.0013793,0.003014,0.0073059,0.0013784,0.003012,0.0073413
-0.0039591,-0.0012855,0.0049875,-0.0039573,-0.0012847,0.0050122
0.0031318,-0.0022562,0.0073285,0.0031296,-0.0022545,0.0073633
0.0030583,-0.0018101,0.0072417,0.0030562,-0.0018088,0.0072765
0.0030807,-0.0022696,0.0069777,0.0030786,-0.0022679,0.007011
0.0029943,-0.0018175,0.0069841,0.0029922,-0.0018162,0.0070177
-0.0037015,-0.001772,0.0056813,-0.0036994,-0.0017709,0.0057089
-0.0010804,-0.0017093,0.0057735,-0.0010798,-0.0017082,0.0058035
-0.0007702,-0.0015561,0.0062792,-0.0007697,-0.0015551,0.0063113
-0.0012282,-0.0010935,0.0061206,-0.0012274,-0.0010927,0.0061523
-0.0013472,-0.0013101,0.0058684,-0.0013464,-0.0013092,0.005899
-0.0013987,-0.0014883,0.0061818,-0.0013979,-0.0014873,0.0062134
-0.001351,-0.0014638,0.0064748,-0.0013503,-0.0014629,0.0065075
-0.0012113,-0.0021845,0.0062561,-0.0012105,-0.0021831,0.0062876
-0.0009411,-0.0024072,0.0061712,-0.0009405,-0.0024056,0.0062023
-0.0013339,-0.002048,0.0065139,-0.001333,-0.0020467,0.0065464
-0.0011729,-0.0025511,0.006329,-0.0011721,-0.0025494,0.0063605
-0.0013091,-0.0027588,0.0065854,-0.0013082,-0.0027569,0.0066177
-0.0040621,0.0007707,0.005688,-0.0040598,0.0007704,0.0057157
-0.003717,0.0008282,0.0056394,-0.0037149,0.0008279,0.0056672
-0.0015235,0.0009535,0.0060675,-0.0015226,0.0009531,0.0060989
-0.0014309,0.0014385,0.0061693,-0.00143,0.0014378,0.006201
-0.00202,0.0015503,0.006418,-0.0020187,0.0015494,0.0064502
-0.0012331,0.001003,0.0064108,-0.0012324,0.0010024,0.0064437
-0.0018739,0.0018669,0.0064642,-0.0018727,0.0018659,0.0064965
-0.0020391,0.0006658,0.0063155,-0.0020378,0.0006655,0.0063476
-0.0012924,-0.0039523,0.005228,-0.0012917,-0.0039502,0.0052536
-0.0008575,-0.0039717,0.0052344,-0.0008571,-0.0039696,0.0052601
-0.0013886,-0.0035337,0.0051542,-0.0013879,-0.0035319,0.0051799
-0.0035442,-0.0012166,0.00802,-0.0035419,-0.0012158,0.0080581
-0.0031818,-0.0010839,0.0079584,-0.0031798,-0.0010833,0.0079967
-0.0033095,0.0019658,0.0073264,-0.0033072,0.0019645,0.0073613
-0.002869,0.0019947,0.0072544,-0.002867,0.0019934,0.0072894
-0.0041115,-1.55e-05,0.0057449,-0.0041092,-1.53e-05,0.0057727
-1.3e-05,-0.0014249,0.0061225,-1.3e-05,-0.001424,0.0061543
3.49e-05,-0.001998,0.0063645,3.49e-05,-0.0019967,0.0063968
-1.74e-05,-0.0026228,0.0064615,-1.74e-05,-0.0026211,0.0064937
-0.0004762,-0.0014417,0.0060671,-0.0004759,-0.0014407,0.0060987
-0.0003094,-0.0025407,0.0063189,-0.0003092,-0.002539,0.0063506
-0.0004218,-0.0039252,0.005646,-0.0004215,-0.0039229,0.0056735
-0.0007852,-0.0039455,0.0057188,-0.0007848,-0.0039432,0.0057465
-0.0006957,-0.0033445,0.0055895,-0.0006953,-0.0033425,0.0056174
-0.000376,-0.003508,0.0056224,-0.0003757,-0.003506,0.0056503
-6.69e-05,-0.0010681,0.0061306,-6.69e-05,-0.0010674,0.0061626
-6.27e-05,-0.0014989,0.0058135,-6.26e-05,-0.0014979,0.0058441
-4.77e-05,-0.001115,0.0057293,-4.77e-05,-0.0011143,0.0057599
-0.0003855,-0.0008339,0.0059563,-0.0003853,-0.0008333,0.0059877
-0.0005383,-0.0010836,0.0061079,-0.0005379,-0.0010828,0.0061397
0.0006205,-0.0034622,0.0053315,0.0006202,-0.0034603,0.0053583
-0.0007033,-0.0013639,0.0066979,-0.0007029,-0.001363,0.0067319
-0.0008504,-0.0015414,0.0069924,-0.0008498,-0.0015404,0.0070274
-0.0015176,-0.001144,0.006977,-0.0015166,-0.0011432,0.0070118
-0.0011792,-0.0015183,0.0069659,-0.0011784,-0.0015173,0.0070007
-0.0023422,-0.0032333,0.0073655,-0.0023406,-0.0032311,0.0074002
-0.0019559,-0.0033568,0.0074547,-0.0019546,-0.0033545,0.0074899
-0.0019467,0.0031735,0.0079357,-0.0019453,0.0031714,0.0079736
-0.0016062,0.0030952,0.0078767,-0.0016051,0.003093,0.0079146
0.0035192,0.0012924,0.0056737,0.0035172,0.0012917,0.0057018
0.003877,0.0012945,0.0056601,0.0038749,0.0012939,0.0056878
0.0020992,0.0029419,0.0069747,0.0020978,0.0029399,0.0070084
0.0015009,0.0033099,0.0053473,0.0015001,0.0033083,0.0053743
0.0040241,0.0008182,0.0054856,0.004022,0.0008179,0.0055124
0.0014819,0.0037621,0.0057169,0.0014811,0.00376,0.0057449
0.0014767,0.0018929,0.0062085,0.0014758,0.0018918,0.00624
0.0011601,0.0021777,0.0061778,0.0011594,0.0021765,0.0062092
0.001505,0.0022392,0.0064829,0.001504,0.0022378,0.0065153
0.0014652,0.0018004,0.006394,0.0014642,0.0017994,0.0064263
0.0011524,0.0018379,0.0064154,0.0011516,0.0018368,0.0064479
0.0009568,0.0019663,0.006263,0.0009562,0.0019652,0.006295
0.000779,0.0017775,0.0064282,0.0007785,0.0017764,0.0064609
0.0018504,0.0029392,0.005585,0.0018494,0.0029376,0.0056131
0.0018579,0.0027709,0.0057922,0.0018568,0.0027694,0.0058213
0.0017786,0.0033431,0.0059624,0.0017776,0.0033411,0.0059917
0.001255,-0.0036766,0.0076592,0.0012541,-0.003674,0.0076954
0.0013903,-0.0032752,0.0077107,0.0013893,-0.003273,0.0077475
0.0021939,2.87e-05,0.006423,0.0021926,2.88e-05,0.0064555
0.0019038,0.0002233,0.0064511,0.0019026,0.0002233,0.0064839
0.0019016,-0.000105,0.006233,0.0019004,-0.0001048,0.006265
0.0016006,0.00047,0.0062244,0.0015996,0.0004698,0.0062565
0.0016329,-0.000352,0.0055077,0.001632,-0.0003517,0.0055372
0.0015683,0.0001102,0.0060638,0.0015674,0.0001102,0.0060953
0.0015929,-9.81e-05,0.0058092,0.001592,-9.8e-05,0.0058398
0.001246,6.52e-05,0.0058176,0.0012453,6.53e-05,0.0058485
0.0016313,0.0004618,0.0058272,0.0016304,0.0004617,0.0058578
0.0011939,-0.0001721,0.0060488,0.0011931,-0.0001719,0.0060805
0.0008502,0.0001049,0.0058789,0.0008498,0.0001049,0.0059102
0.0013774,-0.0006168,0.0055707,0.0013767,-0.0006164,0.0056005
0.0015465,-0.0006955,0.0058591,0.0015456,-0.000695,0.0058897
0.0012068,-0.0007355,0.0058262,0.0012061,-0.000735,0.005857
0.0010143,-0.0005601,0.0056101,0.0010138,-0.0005596,0.0056403
0.0001404,-0.0036057,0.0072593,0.0001403,-0.0036032,0.007294
7.18e-05,-0.0035624,0.0075381,7.18e-05,-0.00356,0.0075741
0.0022665,-0.0031687,0.0051771,0.0022653,-0.003167,0.0052028
0.0027249,-0.0030381,0.0051464,0.0027236,-0.0030365,0.0051717
0.0021896,-0.0030553,0.0054098,0.0021885,-0.0030536,0.0054365
0.002651,-0.0031503,0.0054373,0.0026496,-0.0031486,0.0054638
0.00189,-0.0031,0.0053327,0.0018891,-0.0030982,0.0053593
0.0005314,0.0041438,0.0054043,0.0005311,0.0041417,0.0054309
-0.0036277,-0.0018983,0.0054381,-0.0036258,-0.0018972,0.0054647
0.0036141,-0.0004003,0.0076537,0.0036115,-0.0004,0.0076903
-0.0031372,0.0026128,0.0054554,-0.0031355,0.0026116,0.0054823
-0.0026524,0.0025835,0.0053782,-0.002651,0.0025823,0.0054052
0.0013973,-0.0038275,0.0060127,0.0013965,-0.0038251,0.0060416
0.0014123,-0.0034975,0.0058445,0.0014115,-0.0034953,0.005873
0.0005509,-0.0025321,0.006331,0.0005506,-0.0025305,0.0063626
0.0007375,-0.0015145,0.0061329,0.000737,-0.0015135,0.0061646
0.0003659,-0.0014774,0.0061462,0.0003657,-0.0014764,0.006178
0.0003924,-0.0015085,0.0064192,0.0003921,-0.0015075,0.006452
0.0003198,-0.00277,0.0065663,0.0003196,-0.0027681,0.0065987
0.0011348,-0.0011287,0.0061054,0.0011341,-0.0011279,0.0061371
0.0014613,-0.0015197,0.0064338,0.0014604,-0.0015186,0.0064663
0.0009241,-0.0013221,0.0062581,0.0009236,-0.0013212,0.0062902
0.0008097,-0.0011032,0.0061398,0.0008092,-0.0011024,0.0061717
0.000773,-0.0014685,0.006435,0.0007725,-0.0014674,0.0064678
0.0022249,-0.0033761,0.0059886,0.0022236,-0.003374,0.0060175
-0.0022815,-0.0033731,0.0051974,-0.0022803,-0.0033713,0.0052229
-0.001913,-0.0036019,0.0052004,-0.0019121,-0.0036,0.0052259
-0.003756,0.0016514,0.0057101,-0.0037538,0.0016505,0.0057379
-0.0033931,0.0016753,0.0056137,-0.0033912,0.0016746,0.0056415
0.0001767,0.0034375,0.0076919,0.0001766,0.0034351,0.007729
-0.0004928,0.0017702,0.006661,-0.0004924,0.0017691,0.0066948
-0.0001641,0.0017366,0.006685,-0.000164,0.0017355,0.0067189
-0.0036735,0.0007667,0.0059291,-0.0036713,0.0007664,0.0059582
-0.0004152,-0.0039647,0.0059422,-0.0004149,-0.0039623,0.0059709
0.0032207,0.0024889,0.0055191,0.0032189,0.0024877,0.0055462
-0.0011835,0.0034089,0.0051036,-0.001183,0.0034074,0.0051296
-0.000102,0.001067,0.0049923,-0.0001019,0.0010666,0.0050206
-0.0002271,0.0013854,0.0050666,-0.000227,0.0013848,0.0050949
-8.07e-05,0.0012111,0.0052805,-8.06e-05,0.0012106,0.0053096
-2.16e-05,0.0008654,0.0054643,-2.16e-05,0.0008651,0.0054942
-0.000528,0.0013784,0.0055952,-0.0005277,0.0013778,0.0056252
-0.0004399,0.0007875,0.0050564,-0.0004396,0.0007872,0.005085
-0.0016048,0.0032518,0.005363,-0.0016039,0.0032502,0.00539
-0.0012429,0.0033025,0.0053419,-0.0012422,0.0033009,0.0053689
-0.0018713,0.0033752,0.005405,-0.0018703,0.0033735,0.0054319
7.39e-05,0.0036461,0.006167,7.38e-05,0.0036439,0.0061972
0.0005069,0.0036583,0.0061415,0.0005066,0.0036561,0.0061716
0.0001416,0.0036708,0.0059288,0.0001416,0.0036687,0.005958
0.0031981,0.0021394,0.0059852,0.0031962,0.0021382,0.0060143
0.0001811,-0.0038166,0.0056104,0.000181,-0.0038144,0.0056379
0.0005306,-0.0039377,0.0055915,0.0005304,-0.0039355,0.0056187
0.0006191,-0.0035238,0.0055912,0.0006188,-0.0035218,0.0056189
0.0003658,-0.00106,0.0061404,0.0003656,-0.0010592,0.0061724
0.0004157,-0.001165,0.0058187,0.0004154,-0.0011642,0.0058496
0.0004131,-0.0007203,0.0059803,0.0004129,-0.0007198,0.0060119
0.000465,-0.0014981,0.0057493,0.0004647,-0.0014971,0.0057797
-0.0016857,-0.0035756,0.0070846,-0.0016846,-0.0035732,0.0071182
-0.0013331,-0.0036863,0.0070696,-0.0013321,-0.0036838,0.0071031
0.0010631,-0.0035449,0.0057109,0.0010625,-0.0035428,0.005739
0.0014847,-0.0034572,0.0055943,0.001484,-0.0034552,0.0056219
0.001463,-0.0030732,0.0055574,0.0014623,-0.0030714,0.0055852
-0.0028049,-0.0030315,0.0057599,-0.0028033,-0.0030297,0.0057877
-0.0024874,-0.0031997,0.0057208,-0.002486,-0.0031978,0.0057485
0.0034465,-0.0018503,0.0060538,0.0034445,-0.001849,0.0060832
0.0037222,-0.0018167,0.0059843,0.0037199,-0.0018155,0.0060131
0.0027126,0.002906,0.0060403,0.002711,0.0029042,0.0060697
0.0012496,-0.0036922,0.0073674,0.0012487,-0.0036896,0.0074023
0.001413,-0.0032969,0.007346,0.001412,-0.0032945,0.0073811
0.0036762,-1.28e-05,0.0070649,0.0036736,-1.27e-05,0.0070988
0.0015643,0.0001113,0.0067052,0.0015633,0.0001113,0.0067392
0.0015484,0.0004201,0.0069791,0.0015474,0.0004199,0.0070142
0.0015385,8.1e-05,0.0069645,0.0015375,8.1e-05,0.0069996
0.0012854,-0.0002649,0.0066479,0.0012846,-0.0002646,0.0066818
0.0009318,7.44e-05,0.0069886,0.0009312,7.44e-05,0.0070241
0.001311,-0.0001987,0.0069944,0.0013101,-0.0001986,0.0070297
0.0010487,-0.0005447,0.0067521,0.0010481,-0.0005442,0.0067865
0.0033891,-0.0012162,0.0070179,0.0033868,-0.0012153,0.0070516
0.0037359,-0.0011746,0.007111,0.0037333,-0.0011737,0.0071449
0.0035084,-0.0016528,0.0071564,0.0035059,-0.0016516,0.0071905
0.0018195,-0.0033265,0.0077183,0.0018182,-0.0033242,0.007755
0.002254,-0.0031269,0.0076664,0.0022526,-0.0031248,0.0077028
-0.0029174,0.0024953,0.0073533,-0.0029153,0.0024936,0.0073885
-0.0025051,0.002461,0.007292,-0.0025033,0.0024593,0.0073272
0.0022564,-0.0030317,0.0056383,0.0022552,-0.0030299,0.005666
0.0026494,-0.0030248,0.0057085,0.0026479,-0.003023,0.0057363
-0.003772,0.001615,0.0059919,-0.0037697,0.0016141,0.0060208
-0.0038745,0.0007143,0.007399,-0.0038718,0.0007139,0.0074341
-0.0035969,0.0006919,0.0072833,-0.0035944,0.0006915,0.0073182
-0.0028648,0.0023829,0.0082663,-0.0028628,0.0023813,0.0083057
-0.0024242,0.0023408,0.0081916,-0.0024225,0.0023393,0.0082311
-0.0026642,0.002555,0.0056385,-0.0026626,0.0025537,0.0056666
-0.0031,0.0026213,0.0060239,-0.0030981,0.0026198,0.0060532
-0.002918,0.0021259,0.0061321,-0.0029162,0.0021247,0.0061622
-0.0027367,0.0022827,0.0065841,-0.0027348,0.0022813,0.0066161
-0.0036576,0.0012973,0.0072649,-0.003655,0.0012965,0.0072995
-0.0036664,-0.0008609,0.0073275,-0.003664,-0.0008603,0.0073624
0.0006225,-0.0038442,0.0070348,0.0006221,-0.0038415,0.0070682
0.0010335,-0.0037628,0.0071094,0.0010328,-0.0037602,0.0071432
0.0006134,-0.0034042,0.0069662,0.000613,-0.0034018,0.0069998
0.0004344,-0.0013765,0.0066166,0.0004341,-0.0013754,0.0066503
0.0005497,-0.0011428,0.0067196,0.0005493,-0.001142,0.0067538
0.0002198,-0.0011355,0.0068729,0.0002197,-0.0011347,0.0069077
-3.94e-05,-0.0008064,0.0068833,-3.93e-05,-0.0008057,0.0069183
0.0004338,-0.0007507,0.006847,0.0004335,-0.0007502,0.0068819
0.0039019,-0.0012781,0.0056584,0.0038997,-0.0012772,0.005686
0.0005778,0.0038863,0.0071282,0.0005774,0.0038837,0.0071623
-0.0034886,-0.0016735,0.0073404,-0.0034862,-0.0016723,0.0073752
-0.0015837,-0.0038481,0.0057732,-0.0015828,-0.0038459,0.005801
-0.0012422,-0.0038045,0.0057031,-0.0012415,-0.0038023,0.0057308
-0.0025479,0.0025095,0.0069979,-0.0025461,0.0025079,0.0070318
-0.001215,0.0011336,0.0066924,-0.0012142,0.0011329,0.0067264
-0.0004223,0.0012401,0.0066609,-0.000422,0.0012394,0.006695
-0.0011837,0.0007787,0.00677,-0.0011829,0.0007783,0.0068044
-0.002179,-0.0034564,0.0054885,-0.0021778,-0.0034544,0.0055153
-0.0018207,-0.0034879,0.0054578,-0.0018197,-0.0034859,0.0054846
-0.0027896,-0.0027932,0.0073908,-0.0027877,-0.0027912,0.0074257
-0.0024797,-0.0029185,0.0073841,-0.0024781,-0.0029165,0.0074191
-0.0028236,-0.0024602,0.0073106,-0.0028218,-0.0024584,0.0073453
-0.0032524,-0.0020185,0.0074504,-0.0032502,-0.0020171,0.0074858
-0.0028942,-0.0019599,0.007262,-0.0028923,-0.0019586,0.0072969
-0.0012734,0.0037938,0.0057172,-0.0012726,0.0037917,0.0057453
0.0038687,-0.0005215,0.0060027,0.0038665,-0.000521,0.0060319
0.002611,-0.0028177,0.0076988,0.0026092,-0.0028157,0.0077353
0.003164,-0.0019389,0.0059505,0.0031621,-0.0019376,0.0059796
-0.0011581,0.0031533,0.007259,-0.0011573,0.0031511,0.0072942
0.0034678,0.0012679,0.0059784,0.0034657,0.0012673,0.0060078
0.0038604,0.0012626,0.0059993,0.0038581,0.0012619,0.0060284
0.0030473,0.0018884,0.0073116,0.0030452,0.0018871,0.0073468
0.002594,0.0023957,0.0070996,0.0025922,0.0023941,0.0071338
0.0029981,0.0024686,0.0071509,0.002996,0.002467,0.007185
0.0038259,-0.001318,0.0059674,0.0038237,-0.0013171,0.0059962
0.0002344,-0.0037673,0.00702,0.0002343,-0.0037647,0.0070535
8.5e-06,-0.0035687,0.0069648,8.5e-06,-0.0035662,0.0069983
-0.0015643,0.0031051,0.0072668,-0.0015632,0.003103,0.0073019
-0.0037754,0.0013075,0.0056991,-0.0037732,0.0013069,0.005727
-0.0012975,0.0010795,0.0056007,-0.0012967,0.001079,0.0056305
-0.0009473,0.0012917,0.0060616,-0.0009468,0.0012911,0.0060932
-0.0013837,0.0013038,0.0059276,-0.0013829,0.0013032,0.0059585
-0.0009495,0.0014578,0.0058458,-0.000949,0.0014571,0.0058765
-0.0011759,0.0006775,0.0056837,-0.0011752,0.0006772,0.0057141
-0.0032952,0.0012346,0.0059002,-0.0032932,0.001234,0.0059294
-0.0016932,-0.0038114,0.0054917,-0.0016923,-0.0038093,0.0055184
-0.0012735,-0.0038213,0.0054296,-0.0012728,-0.0038192,0.0054562
0.0005885,-0.0039637,0.0059917,0.0005882,-0.0039613,0.0060206
-0.0036184,-0.00173,0.0060154,-0.0036162,-0.0017288,0.0060444
-0.0031931,-0.0024191,0.0064917,-0.003191,-0.0024175,0.0065227
0.0013407,-0.0006135,0.0060948,0.00134,-0.000613,0.0061265
0.0015379,-0.0003234,0.0062582,0.001537,-0.0003231,0.0062905
0.0009652,-0.0005276,0.006175,0.0009647,-0.0005272,0.0062072
0.0007475,-0.0001784,0.0061194,0.0007471,-0.0001782,0.0061515
0.0015921,7.78e-05,0.0063874,0.0015911,7.79e-05,0.0064201
0.0011259,0.0002652,0.0061016,0.0011253,0.0002652,0.0061336
0.0008029,0.0001573,0.0060996,0.0008025,0.0001573,0.0061316
0.0008495,0.0001327,0.0063411,0.000849,0.0001327,0.006374
-0.0024447,0.0022922,0.0078912,-0.002443,0.0022907,0.0079293
-0.00111,-0.0034832,0.0062344,-0.0011093,-0.003481,0.0062646
-0.0007147,-0.0034388,0.0061225,-0.0007143,-0.0034366,0.0061525
-0.0009156,-0.0031423,0.0065272,-0.000915,-0.0031403,0.0065591
0.0035578,0.0008479,0.005976,0.0035556,0.0008475,0.0060054
0.0039418,0.0008343,0.0060163,0.0039395,0.000834,0.0060454
0.0014932,0.0031913,0.0069594,0.0014922,0.0031891,0.006993
0.0014217,0.0036228,0.0070171,0.0014208,0.0036203,0.0070507
0.0013542,0.0027027,0.0072395,0.0013532,0.0027008,0.0072749
0.0010065,0.0031095,0.0069784,0.0010059,0.0031074,0.0070124
0.0009553,0.0034514,0.0070155,0.0009547,0.0034491,0.0070494
0.0031151,-0.0018374,0.0061334,0.0031132,-0.0018361,0.0061634
0.0030933,-0.0011538,0.0065653,0.0030913,-0.0011529,0.0065974
0.0032786,-0.0015027,0.0065662,0.0032764,-0.0015016,0.006598
-0.0021026,0.0034437,0.0057045,-0.0021014,0.0034419,0.0057325
0.0021205,0.0028517,0.0066973,0.0021192,0.0028498,0.0067299
0.0026267,0.0029087,0.0067698,0.0026249,0.0029068,0.0068023
0.0021044,0.0032473,0.0065464,0.002103,0.0032451,0.0065779
0.0026068,0.0024403,0.0067277,0.002605,0.0024387,0.0067603
0.0030871,0.0024571,0.0067602,0.003085,0.0024555,0.0067926
-0.0037052,0.001188,0.0070068,-0.0037026,0.0011872,0.0070403
-0.0033093,0.0012038,0.0069813,-0.003307,0.001203,0.007015
-0.0039053,0.0007511,0.0071436,-0.0039026,0.0007507,0.0071776
-0.0036533,0.0007164,0.0069992,-0.0036508,0.000716,0.0070327
0.0022536,-0.0030611,0.007312,0.0022521,-0.003059,0.0073468
0.0025881,-0.0027836,0.0073896,0.0025863,-0.0027816,0.0074247
0.0019143,-0.0027738,0.0073242,0.001913,-0.0027718,0.0073595
0.0006088,-0.0038543,0.0067282,0.0006084,-0.0038517,0.0067603
0.000933,-0.0038727,0.0068037,0.0009324,-0.00387,0.006836
0.0006212,-0.0034701,0.0066895,0.0006208,-0.0034678,0.0067219
0.0023256,-0.0029159,0.0059756,0.0023243,-0.002914,0.0060048
0.0026977,-0.0030692,0.0059939,0.0026961,-0.0030672,0.0060228
0.0019379,-0.0030567,0.0058279,0.0019368,-0.0030548,0.0058566
-0.003617,-0.0016252,0.0070671,-0.0036145,-0.001624,0.0071006
-0.0035075,-0.0016785,0.0067047,-0.0035051,-0.0016773,0.0067368
0.001388,0.0032134,0.0059297,0.0013872,0.0032115,0.0059591
-0.0036379,-5.57e-05,0.0067141,-0.0036356,-5.56e-05,0.0067465
-0.0037194,-0.0008739,0.0056299,-0.0037173,-0.0008733,0.0056576
-0.0006717,-0.0037382,0.0073032,-0.0006712,-0.0037357,0.0073379
-0.0002517,-0.0035841,0.0072623,-0.0002515,-0.0035816,0.0072971
-0.0036374,-0.0011122,0.0076296,-0.003635,-0.0011115,0.0076658
-0.0031965,-0.0010849,0.0075935,-0.0031944,-0.0010841,0.00763
-0.0036463,-0.0012611,0.007306,-0.0036438,-0.0012602,0.0073407
-0.0036731,0.0015347,0.0068233,-0.0036707,0.0015337,0.0068559
-0.0032866,0.0015238,0.0067942,-0.0032844,0.0015229,0.0068271
-0.0031663,-0.0024238,0.0067507,-0.0031642,-0.0024221,0.0067828
-0.0031761,-0.0023883,0.0069857,-0.003174,-0.0023867,0.0070188
-0.0025949,0.0030407,0.0057109,-0.0025934,0.0030391,0.0057389
-0.0021462,0.0029511,0.0056557,-0.002145,0.0029496,0.0056839
-0.00259,0.0030494,0.0059193,-0.0025885,0.0030478,0.0059482
0.0014065,0.0032419,0.0066665,0.0014057,0.0032398,0.0066989
0.0013952,0.0036789,0.0067394,0.0013944,0.0036764,0.0067717
-0.0033183,0.0021063,0.0067463,-0.003316,0.002105,0.0067787
-0.0029995,0.0021357,0.0066816,-0.0029975,0.0021344,0.0067139
-0.0033451,0.0020898,0.0070036,-0.0033428,0.0020885,0.0070371
-0.0016436,-0.0035973,0.0067987,-0.0016426,-0.0035949,0.0068311
-0.0012746,-0.003772,0.0068034,-0.0012737,-0.0037695,0.0068357
0.0026662,-0.0026288,0.0059453,0.0026646,-0.0026271,0.0059743
0.0030171,-0.0027053,0.0060219,0.0030153,-0.0027035,0.006051
0.0006543,0.0037408,0.0059291,0.0006539,0.0037387,0.0059583
0.0010168,0.0032235,0.0066934,0.0010161,0.0032214,0.006726
0.0009822,0.0035702,0.0067305,0.0009816,0.0035679,0.006763
0.0036825,0.0004007,0.0067143,0.0036801,0.0004005,0.0067467
0.0032968,-0.0022485,0.0067644,0.0032946,-0.0022468,0.0067966
0.0030894,-0.0017611,0.0066967,0.0030874,-0.0017599,0.0067291
-0.0002469,-0.001459,0.0066989,-0.0002468,-0.001458,0.0067329
-0.0004607,-0.0007048,0.0068746,-0.0004604,-0.0007042,0.0069096
0.0027057,0.0025465,0.0058737,0.0027041,0.002545,0.0059026
5.5e-05,0.0034806,0.0071311,5.5e-05,0.0034783,0.0071656
0.0034693,-0.0008719,0.0062113,0.0034672,-0.0008713,0.0062416
0.0039199,-0.0007741,0.0062607,0.0039175,-0.0007734,0.0062908
-0.0007622,0.0038231,0.0059219,-0.0007617,0.0038209,0.0059509
0.0031586,-0.0022807,0.0064837,0.0031566,-0.0022791,0.0065148
0.0030974,-0.0017925,0.0064298,0.0030954,-0.0017912,0.006461
-0.0029123,-0.0028517,0.0060165,-0.0029106,-0.0028499,0.0060454
-0.0025315,-0.0030974,0.005997,-0.00253,-0.0030954,0.0060259
-0.0020437,-0.0033633,0.0068144,-0.0020424,-0.003361,0.0068469
-0.0038605,-0.0014139,0.0054585,-0.0038585,-0.001413,0.0054851
-0.0034288,-0.0014199,0.0053578,-0.003427,-0.0014191,0.0053845
0.0001693,-0.0038707,0.0058628,0.0001692,-0.0038683,0.0058913
0.0014092,-0.0034336,0.0061008,0.0014084,-0.0034314,0.0061304
0.0013988,-0.0030813,0.0061133,0.001398,-0.0030793,0.0061434
0.0014038,-0.0033792,0.0064011,0.0014029,-0.003377,0.0064321
-0.0020958,0.0027536,0.0078242,-0.0020944,0.0027517,0.0078619
-0.0025462,0.002805,0.0078801,-0.0025444,0.0028031,0.0079177
-0.0024407,0.0027709,0.0081527,-0.002439,0.002769,0.0081916
0.0031414,0.0017023,0.0061926,0.0031394,0.0017013,0.0062229
0.0030266,0.0020022,0.0061423,0.0030247,0.002001,0.0061724
0.0014469,0.0013015,0.0064019,0.001446,0.0013007,0.0064345
0.0010264,0.0009846,0.0061687,0.0010257,0.0009841,0.0062007
0.0008047,0.0013361,0.006095,0.0008042,0.0013355,0.0061267
0.0007287,0.000928,0.0061382,0.0007282,0.0009276,0.0061702
-0.0012116,-0.0038513,0.0062575,-0.0012108,-0.003849,0.0062874
-0.0024867,0.0030498,0.006308,-0.0024851,0.003048,0.0063386
-0.0021057,0.0029893,0.0061688,-0.0021044,0.0029876,0.0061991
-0.0018112,0.0030888,0.0066037,-0.0018099,0.0030868,0.0066358
0.003492,-0.0004306,0.0067482,0.0034896,-0.0004302,0.0067809
-0.0036974,-5.99e-05,0.0061171,-0.0036952,-5.98e-05,0.006147
-0.002102,0.003435,0.0060117,-0.0021007,0.003433,0.0060409
-0.0016599,0.0032886,0.0059052,-0.0016589,0.0032868,0.0059344
-0.0025019,-0.0029254,0.0068816,-0.0025003,-0.0029235,0.0069143
-0.0012107,0.0036724,0.0068451,-0.0012099,0.0036699,0.006878
-0.0007039,0.0035133,0.0067964,-0.0007034,0.003511,0.0068294
-0.0038634,-0.0012427,0.0056941,-0.0038613,-0.0012419,0.0057218
0.0010242,0.0032958,0.0055875,0.0010237,0.0032941,0.0056156
0.0010211,0.0036925,0.0056265,0.0010206,0.0036905,0.0056544
0.0009637,0.0036862,0.0058881,0.0009632,0.0036841,0.0059171
0.0009567,0.0036871,0.0061256,0.0009561,0.0036849,0.0061555
-0.0029638,-0.0012259,0.0065894,-0.002962,-0.0012251,0.0066216
0.000591,-0.0039221,0.0064495,0.0005906,-0.0039195,0.0064803
0.0010392,-0.0038689,0.0064679,0.0010386,-0.0038662,0.0064988
0.0005985,-0.003432,0.0064024,0.0005982,-0.0034297,0.0064336
-0.0033987,-0.0007186,0.0066059,-0.0033965,-0.0007181,0.006638
0.003422,0.0011916,0.0070041,0.0034196,0.0011908,0.0070378
0.0037369,0.0013589,0.0071181,0.0037344,0.0013581,0.007152
-0.0028413,-0.0027759,0.006507,-0.0028395,-0.002774,0.006538
0.0029194,-0.0026325,0.0070817,0.0029174,-0.0026306,0.0071153
1.92e-05,0.0036316,0.0064436,1.92e-05,0.0036293,0.006475
0.0008369,0.0033986,0.0065445,0.0008364,0.0033965,0.0065764
-0.0001346,0.0033809,0.0065914,-0.0001345,0.0033787,0.0066236
-0.0015212,-0.0037436,0.0065668,-0.0015203,-0.0037412,0.006598
-0.0006283,-0.0039143,0.0065391,-0.0006279,-0.0039117,0.0065703
-0.0002862,-0.0037757,0.0064566,-0.000286,-0.0037732,0.0064876
0.0033594,-0.0003659,0.0064521,0.0033571,-0.0003656,0.0064836
-0.0003282,0.0036679,0.0062087,-0.000328,0.0036657,0.0062392
-0.0012199,0.0031809,0.0069262,-0.001219,0.0031787,0.00696
-0.0008043,0.003172,0.0069264,-0.0008037,0.0031699,0.0069603
-0.0007266,0.0027838,0.0069256,-0.000726,0.002782,0.0069597
0.0001179,0.0009738,0.0065555,0.0001179,0.0009733,0.0065892
-0.0001338,0.0011136,0.0066272,-0.0001337,0.001113,0.0066612
-4.56e-05,0.0013767,0.0065423,-4.55e-05,0.0013759,0.0065758
0.0003919,0.0013284,0.0067019,0.0003916,0.0013276,0.006736
-0.0001711,0.0012879,0.0068995,-0.0001709,0.0012871,0.0069345
-6.3e-05,0.000891,0.0068541,-6.3e-05,0.0008905,0.006889
0.0003542,0.0010249,0.0068855,0.000354,0.0010243,0.0069205
-0.0004961,0.0010307,0.0069206,-0.0004958,0.0010301,0.0069558
8.46e-05,0.0010086,0.0071249,8.45e-05,0.0010081,0.007161
-0.0005856,0.0013539,0.0068638,-0.0005852,0.0013531,0.0068986
-0.0003283,0.0008417,0.006686,-0.000328,0.0008413,0.0067202
-0.0004809,0.001071,0.0072707,-0.0004806,0.0010704,0.0073073
0.0030656,0.0020122,0.0067162,0.0030635,0.002011,0.0067486
0.0022879,0.0028582,0.0061023,0.0022866,0.0028565,0.0061323
-0.0033572,0.0020402,0.0064987,-0.003355,0.002039,0.00653
-0.0023264,0.0023008,0.0065394,-0.0023249,0.0022993,0.0065716
-0.0037181,0.0015392,0.0065347,-0.0037157,0.0015383,0.006566
-0.0033333,0.0015529,0.006435,-0.0033311,0.001552,0.0064663
0.0022109,0.002916,0.0064584,0.0022095,0.0029142,0.0064897
0.0026289,0.0028884,0.0063961,0.0026272,0.0028865,0.006427
0.002378,0.0026266,0.006554,0.0023765,0.0026249,0.0065859
0.0018385,0.0028309,0.006406,0.0018373,0.0028292,0.0064374
0.0018273,-0.0034547,0.0065867,0.0018262,-0.0034523,0.0066182
0.0030626,0.0015257,0.0072615,0.0030605,0.0015247,0.0072966
0.0030155,0.0015572,0.0075359,0.0030134,0.0015561,0.0075723
-0.0019211,0.0027259,0.0072526,-0.0019197,0.002724,0.0072878
-0.0025469,0.0028705,0.007334,-0.0025451,0.0028686,0.0073691
-0.0036946,0.0011842,0.0067306,-0.0036921,0.0011835,0.0067629
-0.0033154,0.0011399,0.0067005,-0.0033132,0.0011393,0.006733
0.0033885,-0.0012243,0.0064322,0.0033863,-0.0012234,0.0064633
0.0038699,-0.0010416,0.006574,0.0038674,-0.0010408,0.0066055
0.0001169,-0.0036763,0.0067276,0.0001168,-0.0036737,0.00676
-0.0005042,-0.0039162,0.0068536,-0.0005038,-0.0039136,0.0068862
-0.0036918,-0.0011212,0.0070607,-0.0036894,-0.0011204,0.0070944
-0.0032172,-0.0011837,0.0069621,-0.0032151,-0.0011829,0.0069957
-0.0002602,-0.0038534,0.0069918,-0.0002599,-0.0038507,0.0070251
-0.0002424,-0.0037585,0.006108,-0.0002422,-0.0037561,0.0061377
8.68e-05,-0.0037679,0.0061294,8.68e-05,-0.0037654,0.0061591
0.0026568,0.0024784,0.0064292,0.0026551,0.0024768,0.0064606
0.0030841,0.0025268,0.0064796,0.003082,0.0025252,0.0065107
0.0031204,0.0016083,0.0063935,0.0031184,0.0016073,0.0064248
-0.0038141,-0.0009101,0.0058607,-0.0038119,-0.0009095,0.0058892
-0.0040453,-0.0006297,0.0060089,-0.0040429,-0.0006293,0.0060379
-0.0029407,0.0025958,0.0068107,-0.0029387,0.0025941,0.0068433
-0.0025831,0.0025176,0.0066878,-0.0025813,0.002516,0.0067203
-0.0037242,0.0007213,0.0067403,-0.0037217,0.0007209,0.0067727
0.0013673,-0.0034027,0.0067177,0.0013664,-0.0034003,0.0067499
-0.0032938,0.0013508,0.0061571,-0.0032918,0.0013501,0.0061873
-0.0028684,0.0012114,0.0061174,-0.0028667,0.0012108,0.0061479
-0.0033046,0.0011557,0.0064132,-0.0033026,0.001155,0.0064445
-0.0012443,0.0011324,0.0061895,-0.0012436,0.0011318,0.0062215
-0.0009926,0.0008657,0.0061064,-0.0009921,0.0008653,0.0061383
-0.0007573,0.0010153,0.0061671,-0.0007569,0.0010148,0.0061992
-0.000505,0.0012511,0.0061226,-0.0005047,0.0012505,0.0061545
-0.001348,0.0013567,0.0064554,-0.0013471,0.0013559,0.0064882
-0.0011877,0.0007588,0.0062452,-0.001187,0.0007585,0.0062776
-0.0014674,0.0005735,0.0063854,-0.0014665,0.0005733,0.0064182
-0.0021581,-0.0034082,0.0057793,-0.0021569,-0.0034062,0.0058072
-0.0017035,-0.0035156,0.0057364,-0.0017026,-0.0035135,0.0057643
-0.0037916,-0.0012804,0.0059994,-0.0037894,-0.0012796,0.0060284
-0.0033497,-0.0013671,0.0058744,-0.0033478,-0.0013663,0.0059033
-0.0026204,-0.0011319,0.0062335,-0.0026188,-0.0011312,0.0062645
-0.0020339,0.0032905,0.0070666,-0.0020324,0.0032883,0.0071005
-0.001614,0.0031621,0.006976,-0.0016129,0.00316,0.0070097
-0.0039079,-0.0008481,0.0065857,-0.0039053,-0.0008475,0.0066171
0.0001261,-0.0037486,0.0064146,0.0001261,-0.0037461,0.0064454
0.0014382,0.0032603,0.0064147,0.0014373,0.0032582,0.006446
0.0014413,0.0037031,0.0064952,0.0014404,0.0037007,0.0065265
0.0009912,0.0036121,0.0064289,0.0009907,0.0036098,0.0064601
-0.0020017,-0.0034344,0.0064545,-0.0020004,-0.0034322,0.0064854
-0.0016435,-0.0033926,0.0065033,-0.0016425,-0.0033904,0.0065346
-0.0023561,-0.0032607,0.0064555,-0.0023547,-0.0032586,0.0064863
-0.0037693,-0.0011906,0.0067665,-0.0037668,-0.0011897,0.0067988
-0.0032961,-0.0011936,0.0066761,-0.003294,-0.0011927,0.0067085
-0.0033172,-0.0013142,0.0064133,-0.0033151,-0.0013133,0.0064445
0.0031802,0.0014994,0.0066889,0.0031781,0.0014984,0.0067214
0.0037759,0.0012216,0.0068476,0.0037733,0.0012208,0.0068803
-0.0016465,0.0028377,0.0055954,-0.0016456,0.0028363,0.0056238
-0.0012514,0.0028056,0.0055548,-0.0012507,0.0028041,0.0055832
-0.0016751,0.0028741,0.0058429,-0.0016741,0.0028725,0.0058721
-0.0016282,-0.0030577,0.0059235,-0.0016273,-0.0030559,0.0059527
-0.0024955,0.0029613,0.0065966,-0.0024938,0.0029595,0.0066284
-0.002543,0.0025085,0.0064657,-0.0025413,0.0025069,0.0064973
-0.0021825,0.00296,0.0067198,-0.002181,0.0029581,0.0067523
0.0017694,-0.00343,0.0071855,0.0017682,-0.0034276,0.0072197
0.0022049,-0.0032284,0.0070085,0.0022034,-0.0032262,0.0070417
0.0025374,-0.0029594,0.0071167,0.0025357,-0.0029574,0.0071505
0.0018683,-0.0027715,0.007008,0.001867,-0.0027695,0.0070419
-0.0037193,0.001164,0.0064838,-0.0037169,0.0011634,0.006515
-0.0037012,0.0007136,0.0064334,-0.0036988,0.0007133,0.0064645
-0.003272,0.0007477,0.0063855,-0.0032699,0.0007473,0.0064168
-0.0011883,-0.0006188,0.0061695,-0.0011876,-0.0006183,0.0062015
-0.0008157,-0.0006946,0.0060306,-0.0008153,-0.0006941,0.0060622
-0.0004682,-0.0003307,0.0059224,-0.000468,-0.0003304,0.0059539
-0.0009741,-0.0001519,0.0063926,-0.0009735,-0.0001517,0.0064256
-0.0012584,-0.0007846,0.0064003,-0.0012576,-0.000784,0.0064331
-0.0011017,-0.0004959,0.0064597,-0.001101,-0.0004955,0.0064929
-0.0013042,-0.0011107,0.0064846,-0.0013034,-0.00111,0.0065176
-0.00209,0.0033187,0.0067802,-0.0020886,0.0033165,0.0068128
-0.0016038,0.0032646,0.0067267,-0.0016027,0.0032625,0.0067593
0.0030829,0.0010993,0.0066418,0.0030808,0.0010986,0.0066742
-0.0015632,0.0032483,0.0064431,-0.0015621,0.0032463,0.0064746
-0.0012061,0.0032594,0.0063716,-0.0012053,0.0032574,0.0064029
-0.000918,0.0030592,0.0064867,-0.0009174,0.0030573,0.0065187
-0.0016139,0.0028083,0.0064496,-0.0016128,0.0028066,0.0064814
0.0031606,0.0015215,0.0069635,0.0031585,0.0015205,0.0069972
0.0022165,-0.0028686,0.0066722,0.002215,-0.0028666,0.0067043
0.0025871,-0.0029266,0.006797,0.0025854,-0.0029246,0.0068295
-0.0015335,0.0032784,0.0061667,-0.0015326,0.0032764,0.006197
-0.0011866,0.003273,0.0061125,-0.0011859,0.003271,0.0061427
0.0034812,0.0035186,0.0001716,0.0034757,0.0035132,0.0001768
0.0041741,0.0032948,0.0001709,0.0041679,0.00329,0.0001748
0.004345,0.0035381,0.0004719,0.0043395,0.0035337,0.0004754
0.0037894,0.0036569,0.0004199,0.0037843,0.0036521,0.0004245
0.0030103,0.0038029,0.0003591,0.0030059,0.0037976,0.0003652
0.0037342,0.0034707,0.0005436,0.0037293,0.0034664,0.0005492
0.0007052,0.0021468,0.0001611,0.000704,0.0021431,0.0001737
0.0010785,0.0017299,0.0001267,0.0010766,0.001727,0.0001396
0.0005535,0.001689,0.0002274,0.0005526,0.0016863,0.0002409
0.0005624,0.0023887,0.0002446,0.0005615,0.0023847,0.0002572
0.0015257,0.0024083,0.000253,0.0015231,0.0024044,0.0002649
-0.0003426,0.0022588,0.0002493,-0.0003419,0.002255,0.0002623
0.0005905,0.0022765,0.0003471,0.0005896,0.0022729,0.0003601
0.0006648,0.0013025,0.0001641,0.0006636,0.0013004,0.0001777
-0.0001067,0.0014726,0.0002033,-0.0001064,0.0014702,0.000217
0.0005657,0.000861,0.0002252,0.0005648,0.0008597,0.0002392
0.000537,0.0016395,0.0003177,0.0005361,0.0016369,0.0003315
-0.0008659,0.0021782,0.0001774,-0.0008643,0.0021745,0.0001902
0.0001484,0.0013377,0.0002838,0.0001482,0.0013356,0.0002978
-0.0002349,0.0023292,0.0003434,-0.0002345,0.0023255,0.0003565
-0.0008853,0.0014127,0.0001411,-0.0008836,0.0014104,0.0001545
-0.0007483,0.0010888,0.0002091,-0.0007469,0.0010871,0.000223
-0.0018189,0.0054541,0.00022,-0.0018163,0.0054465,0.0002223
-0.001291,0.005316,0.0002073,-0.001289,0.0053084,0.0002104
0.0037273,-0.0030109,0.0001502,0.0037213,-0.0030057,0.0001558
0.0042502,-0.0030368,0.000158,0.0042437,-0.0030319,0.0001618
0.0039728,-0.0026109,0.0003414,0.0039669,-0.0026068,0.0003476
0.0038338,-0.0025413,0.000448,0.0038283,-0.0025374,0.000455
0.0042394,-0.003594,0.0001967,0.0042333,-0.0035885,0.0001995
-0.0034927,-0.0030009,0.0001665,-0.0034869,-0.0029957,0.0001729
-0.0041069,-0.002417,0.0001616,-0.0041001,-0.0024129,0.0001673
-0.0024898,-0.0049178,0.0001735,-0.002486,-0.0049103,0.0001764
-0.0053487,-0.0015087,0.0002302,-0.005341,-0.0015063,0.0002332
-0.0004354,-0.0006493,0.0002833,-0.0004345,-0.0006479,0.0002977
-0.0001909,-0.0004366,0.0002078,-0.0001905,-0.0004355,0.0002221
-0.0008128,-0.0008883,0.0001583,-0.0008112,-0.0008864,0.0001721
-0.0010369,-0.0007241,0.0002828,-0.001035,-0.0007226,0.000297
-0.0008912,-0.0004683,0.0002235,-0.0008895,-0.0004672,0.0002377
-0.0007526,-0.0011917,0.0001079,-0.0007511,-0.0011892,0.0001215
0.001028,0.0002134,0.0001258,0.0010261,0.0002132,0.0001396
0.0012452,0.0005407,0.0002063,0.001243,0.00054,0.0002201
0.0006986,0.0006309,0.0001572,0.0006974,0.00063,0.0001711
0.0006642,0.0006614,0.0003009,0.0006631,0.0006605,0.0003152
-0.0003043,0.0007376,0.0002342,-0.0003037,0.0007365,0.0002484
0.0006299,-0.0005701,0.0002191,0.0006288,-0.0005688,0.0002332
0.0007958,2.75e-05,0.0002582,0.0007945,2.77e-05,0.0002725
0.00058,0.0019955,0.0004293,0.0005791,0.0019925,0.0004429
-0.0001104,0.0022034,0.0004932,-0.0001101,0.0022,0.0005069
0.0005358,0.0031232,0.0004752,0.000535,0.0031185,0.0004869
0.0005496,0.0022706,0.0005072,0.0005488,0.0022672,0.0005207
0.0009264,0.0012218,0.0003399,0.0009248,0.00122,0.0003539
0.0006995,0.0007767,0.0003927,0.0006983,0.0007756,0.0004072
0.0037138,0.0028098,0.0001653,0.0037078,0.0028054,0.0001716
0.0042349,0.0027083,0.0001776,0.0042283,0.0027043,0.0001827
0.0039526,0.0022893,0.0003477,0.0039466,0.0022861,0.0003549
5.44e-05,2.79e-05,0.000271,5.44e-05,2.81e-05,0.0002856
-0.000225,0.0009387,0.0003152,-0.0002245,0.0009373,0.0003296
-0.0007243,-0.0002295,0.0001548,-0.0007229,-0.0002289,0.0001688
0.0004934,-0.0012497,0.0002961,0.0004926,-0.0012472,0.0003102
0.0009982,-0.0011668,9.47e-05,0.0009963,-0.0011644,0.0001081
0.0036701,-0.0036559,0.0001579,0.0036644,-0.00365,0.000162
0.0031912,-0.0035563,0.0003245,0.0031864,-0.0035507,0.0003306
-0.0008628,0.0018941,0.0003266,-0.0008612,0.0018911,0.0003401
-0.0002605,0.0031009,0.0004697,-0.00026,0.0030962,0.0004815
-0.0010578,0.0030272,0.0004683,-0.001056,0.0030227,0.0004799
-0.0008944,0.002387,0.0005135,-0.0008929,0.0023834,0.0005267
-0.0007642,0.0011954,0.0003315,-0.0007628,0.0011936,0.0003456
-0.0022239,-0.0030897,0.0001478,-0.0022199,-0.0030841,0.0001567
-0.0026558,-0.0024918,0.0001575,-0.002651,-0.0024872,0.000167
-0.0036498,-0.0015616,0.0001411,-0.0036433,-0.0015586,0.0001496
-0.0040396,-0.0010292,0.0001548,-0.0040326,-0.0010271,0.0001628
0.0036606,-0.0021053,0.000147,0.0036543,-0.0021014,0.0001547
0.0044038,-0.0022483,0.0001655,0.0043968,-0.0022445,0.0001705
0.0033538,-0.0019214,0.0003031,0.0033484,-0.001918,0.0003124
0.0038583,-0.0019265,0.0004323,0.0038526,-0.0019233,0.0004404
0.0005792,-2.19e-05,0.0003528,0.0005782,-2.17e-05,0.0003675
-2.19e-05,0.0009087,0.0004086,-2.18e-05,0.0009075,0.0004233
0.0006814,-0.0007848,0.0004688,0.0006804,-0.0007832,0.0004835
-0.0003274,3.11e-05,0.0003865,-0.0003267,3.13e-05,0.0004014
0.0004424,-0.0006223,0.0003948,0.0004417,-0.000621,0.0004095
0.0007918,8.32e-05,0.0004522,0.0007905,8.33e-05,0.000467
-0.0006152,-0.0032604,0.0001115,-0.000614,-0.0032542,0.0001218
-0.0021075,-0.0017842,0.0001349,-0.0021036,-0.0017807,0.0001464
-0.0027973,-0.0012613,0.000133,-0.0027922,-0.0012588,0.0001439
0.0002703,-0.0031247,0.0001485,0.0002699,-0.0031188,0.0001593
0.0009572,-0.0031566,0.0001325,0.0009555,-0.0031507,0.0001429
0.0002579,-0.0025894,0.0001167,0.0002575,-0.0025844,0.0001286
8.32e-05,7.5e-06,0.0004642,8.31e-05,7.8e-06,0.0004793
-0.0007976,-0.0001706,0.0003305,-0.0007962,-0.0001701,0.0003451
0.0005495,0.0020891,0.0006191,0.0005487,0.0020861,0.0006331
0.001222,0.0020866,0.0006039,0.0012202,0.0020837,0.0006175
-0.0001302,0.002186,0.0006239,-0.0001299,0.0021829,0.000638
0.0005683,0.0014961,0.0006028,0.0005675,0.001494,0.0006175
0.0005761,0.0021257,0.0007509,0.0005753,0.0021228,0.0007653
0.0003416,0.0011492,0.0005287,0.0003411,0.0011476,0.0005435
-0.0001877,0.0014428,0.0005853,-0.0001873,0.0014408,0.0006001
0.0004809,0.0007499,0.0006212,0.0004802,0.000749,0.0006366
0.0004913,0.0014169,0.000711,0.0004906,0.001415,0.0007261
-0.0001406,0.0014937,0.0007235,-0.0001403,0.0014917,0.0007387
-0.0001301,0.0020759,0.0007565,-0.0001299,0.0020731,0.0007711
-0.0008797,0.0015579,0.0006015,-0.0008783,0.0015557,0.000616
-0.0008454,0.0022588,0.0006474,-0.000844,0.0022556,0.0006611
-0.0015681,0.00222,0.0006552,-0.0015657,0.0022169,0.0006685
-0.0006868,0.0012624,0.0005199,-0.0006856,0.0012606,0.0005345
-0.0002686,-0.0006167,0.0004402,-0.0002681,-0.0006155,0.0004551
0.0004431,-0.0005353,0.0006272,0.0004425,-0.0005342,0.0006426
0.0009777,-0.0002698,0.0005887,0.0009762,-0.0002691,0.0006038
-0.0002073,-0.0002598,0.0005903,-0.0002069,-0.0002592,0.0006057
0.0003868,9.26e-05,0.0005738,0.0003862,9.27e-05,0.0005891
0.0004313,-0.0011061,0.000691,0.0004307,-0.0011042,0.0007062
0.0004467,0.0005034,0.0005238,0.000446,0.0005028,0.0005389
0.0004108,0.0008886,0.0007062,0.0004102,0.0008875,0.0007217
-5.06e-05,0.0007541,0.0005913,-5.05e-05,0.0007532,0.0006066
0.0006378,-0.0002409,0.000518,0.0006368,-0.0002403,0.0005331
-0.0002699,0.0002704,0.0005507,-0.0002694,0.0002702,0.0005659
0.0001774,0.0002403,0.0006634,0.0001772,0.0002402,0.0006791
-0.0007037,-0.0017588,0.0001129,-0.0007023,-0.0017553,0.0001258
-0.0012897,-0.0010968,0.000128,-0.0012873,-0.0010945,0.0001413
-0.000478,-0.0013438,0.0004646,-0.0004771,-0.0013414,0.0004791
-0.0002013,-0.0002768,0.0006929,-0.0002009,-0.0002762,0.0007086
-0.0007683,-0.0007713,0.0004782,-0.000767,-0.0007698,0.000493
-0.0012854,-0.0006507,0.0005566,-0.0012833,-0.0006494,0.0005713
-0.0001806,0.0008293,0.000693,-0.0001803,0.0008283,0.0007086
-0.0006492,-0.0002751,0.0005183,-0.0006481,-0.0002744,0.0005334
0.0010845,-0.0017718,0.0001168,0.0010825,-0.0017683,0.0001296
0.000319,-0.0010828,0.000111,0.0003185,-0.0010805,0.0001247
-0.0006954,0.0001417,0.0170603,-0.0006954,0.0001413,0.0171275
0.0009023,0.0028086,0.0170051,0.0009021,0.0028079,0.0170718
0.0001733,0.0002447,0.0171797,0.0001733,0.0002442,0.0172469
0.0003123,-3.02e-05,0.0171877,0.0003122,-3.06e-05,0.0172549
0.0003722,-2.01e-05,0.0166814,0.0003721,-2.05e-05,0.0167483
0.0023171,-0.001511,0.0173074,0.0023169,-0.0015114,0.0173741
0.0026402,-0.001558,0.0172566,0.0026399,-0.0015584,0.0173231
0.0003753,-0.000489,0.0169474,0.0003752,-0.0004894,0.0170145
0.0015261,0.0021065,0.0172839,0.001526,0.002106,0.0173507
0.0017861,0.0020415,0.0174169,0.0017859,0.002041,0.0174838
-0.0010796,0.0029376,0.0170009,-0.0010795,0.0029368,0.0170675
-0.0007686,0.0028306,0.0170499,-0.0007686,0.0028298,0.0171165
0.0027372,0.0007138,0.017008,0.0027368,0.0007133,0.0170746
0.0022202,0.0013248,0.0169889,0.0022199,0.0013242,0.0170556
0.0026362,0.0013438,0.0169952,0.0026359,0.0013432,0.0170617
0.0024203,0.0015818,0.0168872,0.0024199,0.0015812,0.0169537
-0.0002615,-0.003059,0.016998,-0.0002616,-0.0030591,0.0170642
0.0018332,0.0017987,0.0169379,0.001833,0.0017981,0.0170046
0.0022352,0.0018967,0.0169752,0.0022349,0.0018961,0.0170418
0.0022704,0.0017769,0.0166132,0.0022699,0.0017761,0.0166797
0.0021085,0.001954,0.0163464,0.0021079,0.0019531,0.0164125
0.0014233,0.0018147,0.0168217,0.001423,0.001814,0.0168885
-0.0004154,0.0001587,0.0170545,-0.0004154,0.0001583,0.0171216
-0.0002565,0.0003356,0.0170875,-0.0002566,0.0003351,0.0171548
-0.0008763,2.69e-05,0.0167402,-0.0008762,2.64e-05,0.0168072
-0.0010612,-0.0001321,0.0164113,-0.0010611,-0.0001325,0.016478
-0.0024344,0.0014446,0.0169963,-0.0024342,0.001444,0.0170629
-0.0020754,0.0014397,0.0169332,-0.0020753,0.0014391,0.0169999
-0.0021634,0.0017596,0.0170004,-0.0021633,0.001759,0.017067
-0.0021925,0.0018488,0.0164916,-0.0021921,0.001848,0.0165579
0.0004194,0.0008536,0.0165266,0.0004192,0.0008531,0.0165935
0.0003684,0.0010857,0.0164807,0.0003682,0.0010851,0.0165475
0.0007993,0.0011007,0.0167489,0.0007991,0.0011001,0.0168159
0.0001765,0.0010278,0.0159127,0.0001764,0.0010271,0.015979
0.0003374,0.0006486,0.0164005,0.0003372,0.0006481,0.0164673
0.0002283,0.0003646,0.0166714,0.0002282,0.0003641,0.0167384
0.0018992,0.0013637,0.0170066,0.0018989,0.0013631,0.0170735
0.0020533,0.0015388,0.0167719,0.0020529,0.0015381,0.0168385
0.0026322,0.0010138,0.016984,0.0026318,0.0010132,0.0170506
-0.0010385,0.0021076,0.0169863,-0.0010385,0.0021069,0.0170532
-0.0016595,0.0020306,0.0169704,-0.0016594,0.00203,0.0170371
-0.0015065,0.0024926,0.0169577,-0.0015064,0.0024919,0.0170243
-0.0017884,-0.0014891,0.0169716,-0.0017882,-0.0014893,0.0170382
-0.0020574,-0.0012451,0.0169736,-0.0020572,-0.0012454,0.0170402
-0.0021544,-0.0015801,0.0165928,-0.0021541,-0.0015802,0.0166591
-0.0017664,-0.0015581,0.0165027,-0.0017661,-0.0015582,0.016569
0.0010533,0.0027058,0.0167342,0.0010531,0.0027049,0.0168007
-0.0013835,0.0017396,0.0169891,-0.0013833,0.001739,0.017056
-0.0015594,0.0014166,0.0169169,-0.0015593,0.001416,0.0169838
5e-07,-1.91e-05,0.0167012,4e-07,-1.95e-05,0.0167682
-0.0001345,-0.0003329,0.0167703,-0.0001345,-0.0003333,0.0168373
-0.0002713,-4.41e-05,0.0163808,-0.0002713,-4.45e-05,0.0164475
-6.94e-05,-0.0002819,0.0162506,-6.95e-05,-0.0002822,0.0163172
-0.0004923,-0.000354,0.0166693,-0.0004923,-0.0003544,0.0167362
0.0001924,-1.7e-05,0.0163126,0.0001922,-1.75e-05,0.0163793
0.0004882,0.0001259,0.0164163,0.000488,0.0001254,0.0164831
0.0006412,-0.00029,0.0166364,0.0006411,-0.0002904,0.0167034
0.0004403,0.0004257,0.0164625,0.0004401,0.0004252,0.0165293
0.0002523,-0.0003169,0.0167094,0.0002522,-0.0003173,0.0167763
0.0022193,0.0006679,0.0166346,0.0022189,0.0006673,0.0167012
0.0021103,0.0010749,0.0167167,0.0021099,0.0010742,0.0167834
0.0002084,-0.0003968,0.0162389,0.0002083,-0.0003971,0.0163055
-0.0001645,-0.0006769,0.0167692,-0.0001645,-0.0006772,0.0168362
0.0003842,-0.0003249,0.0164533,0.0003841,-0.0003253,0.0165201
0.0004024,-0.0005698,0.0161652,0.0004022,-0.00057,0.0162317
0.0018874,-0.000826,0.0165782,0.0018869,-0.0008263,0.0166447
0.0003945,0.0005628,0.0157883,0.0003943,0.0005623,0.0158545
0.0003224,0.0004098,0.016113,0.0003222,0.0004093,0.0161796
0.0003925,0.000428,0.015504,0.0003923,0.0004275,0.0155698
-0.0007352,-0.0004909,0.0158232,-0.0007351,-0.0004911,0.0158893
-0.0020453,-0.0005382,0.0168616,-0.0020451,-0.0005385,0.0169283
-0.0010674,-0.001548,0.0169224,-0.0010673,-0.0015482,0.0169892
-0.0014424,-0.001563,0.0165585,-0.0014421,-0.0015632,0.016625
-0.0011064,-0.001548,0.0164975,-0.0011062,-0.0015481,0.016564
-0.0007015,0.0015196,0.0169938,-0.0007015,0.001519,0.0170609
0.0003156,-0.0004258,0.0157398,0.0003154,-0.000426,0.0158059
0.0004426,-0.0006217,0.0157332,0.0004423,-0.000622,0.0157992
0.0001787,-0.0002519,0.0155322,0.0001785,-0.0002522,0.0155981
-0.0001023,-0.0003849,0.0155714,-0.0001024,-0.0003851,0.0156372
0.0003216,9.2e-05,0.0155183,0.0003214,9.17e-05,0.0155842
0.0003314,-0.0002598,0.0160388,0.0003313,-0.0002602,0.0161052
-0.0002653,-0.0002489,0.0159744,-0.0002652,-0.0002492,0.0160408
0.0003274,5.5e-05,0.0159476,0.0003273,5.46e-05,0.0160139
0.0003296,-0.0005988,0.015398,0.0003294,-0.0005989,0.0154636
-0.0002023,-0.0007007,0.015736,-0.0002023,-0.0007009,0.015802
-8.14e-05,4.41e-05,0.0155309,-8.14e-05,4.37e-05,0.0155967
-0.0003712,-0.0005528,0.0154459,-0.0003712,-0.000553,0.0155115
-0.0007034,0.0010597,0.0166086,-0.0007034,0.0010591,0.0166755
1.26e-05,0.000422,0.0155546,1.26e-05,0.0004215,0.0156204
-2.54e-05,-5.1e-05,0.0158918,-2.54e-05,-5.13e-05,0.0159581
6.34e-05,-0.0015139,0.0170003,6.34e-05,-0.0015142,0.0170673
0.0001464,-0.0012139,0.0169503,0.0001463,-0.0012142,0.0170173
0.0004005,-0.0001439,0.0157766,0.0004003,-0.0001442,0.0158427
0.0002347,-2.89e-05,0.0151912,0.0002346,-2.92e-05,0.0152566
0.0012592,0.0003958,0.0166908,0.001259,0.0003953,0.0167577
-0.0009524,-0.0004472,0.0174012,-0.0009525,-0.0004476,0.0174684
-0.0003105,-0.0015089,0.0169983,-0.0003105,-0.0015092,0.0170652
-0.0007524,-0.001145,0.0168442,-0.0007524,-0.0011452,0.0169111
-0.0013673,-0.0005141,0.0170623,-0.0013673,-0.0005145,0.0171293
0.0003934,-0.000789,0.0169723,0.0003932,-0.0007893,0.0170394
8.24e-05,-0.000461,0.0170655,8.23e-05,-0.0004614,0.0171326
6.75e-05,-0.0008038,0.0165292,6.74e-05,-0.0008041,0.016596
0.0004084,-0.0007959,0.0165693,0.0004082,-0.0007962,0.0166361
0.0003049,-0.0002759,0.0148595,0.0003046,-0.0002761,0.0149243
0.0003847,-0.0002749,0.0152525,0.0003845,-0.0002751,0.015318
-0.0001563,-0.0002099,0.0152532,-0.0001563,-0.0002102,0.0153186
-5.43e-05,-0.0003419,0.0148904,-5.43e-05,-0.0003421,0.0149553
0.0001048,-1.78e-05,0.0148823,0.0001047,-1.82e-05,0.0149472
-0.0005163,-0.0002579,0.0152327,-0.0005161,-0.0002581,0.015298
-0.0002473,-0.0004509,0.0147296,-0.0002473,-0.0004511,0.0147942
-0.0007074,-0.000555,0.0169002,-0.0007073,-0.0005554,0.0169672
0.0008612,0.0004098,0.0166926,0.000861,0.0004093,0.0167596
0.0001307,0.0004481,0.0152086,0.0001306,0.0004476,0.015274
-5.73e-05,0.0001542,0.0151922,-5.73e-05,0.0001538,0.0152575
-0.0004183,-0.0036463,0.0005088,-0.0004175,-0.0036406,0.0005192
0.0001852,-0.0036601,0.0004956,0.000185,-0.0036543,0.0005059
-0.0006048,-0.0040137,0.0006231,-0.0006039,-0.0040079,0.0006325
-0.0012384,-0.0039119,0.0007456,-0.0012367,-0.0039066,0.0007552
-0.0005012,-0.0038093,0.0008369,-0.0005005,-0.0038042,0.0008476
-0.0011023,-0.0036585,0.0009826,-0.0011009,-0.0036539,0.0009938
-0.0012789,-0.0042572,0.0003881,-0.0012769,-0.0042506,0.0003956
-0.0006388,-0.0042084,0.0003826,-0.0006377,-0.0042017,0.0003908
-0.0013187,-0.0042419,0.0004997,-0.0013167,-0.0042356,0.0005075
-0.0017001,-0.0040144,0.0008091,-0.0016979,-0.0040093,0.000818
-0.0017172,-0.0042661,0.0010254,-0.0017153,-0.0042613,0.0010339
-0.0012052,-0.0043268,0.0009855,-0.0012038,-0.0043218,0.0009944
0.0022775,-0.0033597,0.0005314,0.0022743,-0.0033546,0.0005406
0.0028074,-0.003373,0.0005301,0.0028035,-0.0033679,0.0005381
0.0022911,-0.0029066,0.0004372,0.0022876,-0.0029019,0.0004473
0.0015376,-0.0034497,0.0004673,0.0015353,-0.0034442,0.0004771
0.0016709,-0.0028583,0.0004052,0.0016683,-0.0028535,0.0004163
0.0021719,-0.0041899,0.0008957,0.0021695,-0.0041849,0.0009035
0.001632,-0.0038569,0.0007608,0.0016299,-0.0038517,0.0007702
0.000908,-0.0029535,0.0003986,0.0009066,-0.0029485,0.0004102
0.0002609,-0.0039996,0.0007288,0.0002607,-0.0039941,0.0007386
0.0010244,-0.0039835,0.000765,0.0010232,-0.0039781,0.0007746
0.0004811,-0.0005586,0.0009238,0.0004805,-0.0005576,0.00094
0.0004735,-0.000334,0.0011072,0.0004729,-0.0003333,0.001124
0.0011118,-0.0002233,0.0011185,0.0011105,-0.0002228,0.001135
-0.0001926,-0.0005293,0.0010793,-0.0001923,-0.0005284,0.0010961
0.0004944,-0.0003526,0.0012341,0.0004939,-0.0003519,0.0012514
0.0009269,-0.0009977,0.0012438,0.0009259,-0.0009962,0.0012606
0.0004039,-0.0007707,0.0012297,0.0004034,-0.0007695,0.0012467
-2.88e-05,-0.0008706,0.0013004,-2.88e-05,-0.0008693,0.0013177
0.0015412,-0.0025024,0.0008517,0.0015392,-0.0024988,0.0008648
0.0009893,0.001384,0.0007301,0.0009879,0.0013822,0.0007451
0.0005176,0.0001958,0.0007991,0.0005169,0.0001958,0.0008151
0.0004993,0.0008709,0.000836,0.0004986,0.0008699,0.0008519
0.0005593,-0.0001677,0.0007193,0.0005585,-0.0001672,0.000735
0.000477,-0.000352,0.0008112,0.0004763,-0.0003512,0.0008272
-0.000126,5.85e-05,0.0007836,-0.0001257,5.86e-05,0.0007996
0.000413,0.0004339,0.0009408,0.0004124,0.0004335,0.0009572
0.0013197,-0.0039072,0.0014471,0.0013186,-0.0039035,0.0014586
0.0014186,-0.0033715,0.0013688,0.0014173,-0.003368,0.0013815
0.0008115,-0.0032623,0.0010857,0.0008106,-0.0032583,0.0010985
0.0001929,-0.0034323,0.0012436,0.0001927,-0.0034284,0.0012565
-0.0007796,-0.0010477,0.0009943,-0.0007785,-0.001046,0.0010103
-0.000128,-0.000473,0.0008917,-0.0001278,-0.0004721,0.000908
-0.0007846,-0.0005628,0.0009422,-0.0007835,-0.0005618,0.0009584
0.0001321,-1.13e-05,0.0009005,0.000132,-1.1e-05,0.0009168
-6.2e-05,-0.0005202,0.0012181,-6.18e-05,-0.0005193,0.0012353
-0.0001316,-0.0010176,0.0010556,-0.0001313,-0.0010161,0.001072
-0.0006223,-0.0005566,0.0011918,-0.0006214,-0.0005557,0.0012088
-0.0005902,-0.0003861,0.0010747,-0.0005894,-0.0003854,0.0010914
0.0008651,-0.0034184,0.001324,0.0008643,-0.0034147,0.001337
0.0008474,-0.0027628,0.0012815,0.0008465,-0.0027595,0.001296
0.00011,-0.0015998,0.0003483,0.0001099,-0.0015968,0.0003623
0.000424,-0.0019012,0.0004073,0.0004233,-0.0018978,0.000421
-0.0007513,-0.0007668,0.0003821,-0.0007499,-0.0007653,0.0003967
-0.0004222,0.0002701,0.0006654,-0.0004215,0.0002699,0.000681
0.0002407,0.0022651,0.0008637,0.0002405,0.0022622,0.0008783
2.5e-06,0.0026962,0.0009508,2.5e-06,0.0026929,0.0009649
-0.0006541,0.0010912,0.000737,-0.0006531,0.0010898,0.0007524
-0.0025191,-0.0018702,0.0004288,-0.002515,-0.001867,0.0004403
-0.0020135,-0.0016071,0.0004064,-0.0020101,-0.0016042,0.000419
-0.00233,-0.0023653,0.0004811,-0.0023263,-0.0023614,0.0004923
-0.0030102,-0.0016046,0.0004537,-0.0030054,-0.0016019,0.0004646
-0.0013775,-0.0006178,0.000348,-0.0013751,-0.0006165,0.000362
-0.0013224,-0.0017158,0.0005197,-0.0013202,-0.0017128,0.0005334
-0.000469,-0.0023323,0.0004628,-0.0004682,-0.0023283,0.000476
0.0001646,-0.0023141,0.0004738,0.0001644,-0.0023101,0.0004872
-0.00119,-0.0021014,0.0006007,-0.0011881,-0.002098,0.0006142
-0.0001203,-0.0023615,0.0006348,-0.0001201,-0.0023577,0.0006485
-0.0020788,-0.0016552,0.0002937,-0.0020752,-0.0016522,0.0003058
-0.0013123,-0.002855,0.0005153,-0.0013102,-0.0028504,0.0005271
-0.002977,-0.0018816,0.0007938,-0.002973,-0.0018788,0.0008053
-0.0033657,-0.002357,0.0003465,-0.0033604,-0.002353,0.0003551
-0.004062,-0.0007596,0.0004726,-0.0040559,-0.0007582,0.0004815
-0.0042555,-0.0021442,0.0004101,-0.0042493,-0.0021409,0.0004165
-0.0036078,-0.0019405,0.0008833,-0.0036033,-0.0019379,0.0008934
-0.0036212,-0.0021727,0.0007541,-0.0036164,-0.0021696,0.0007633
-0.0020712,-0.0048582,0.0004558,-0.0020683,-0.0048514,0.0004602
-0.0027187,-0.0054073,0.0004098,-0.0027152,-0.0054003,0.0004111
-0.0019236,-0.0053866,0.0005163,-0.0019211,-0.0053797,0.0005191
-0.0012929,-0.0054525,0.0005281,-0.0012912,-0.0054455,0.0005314
-0.0005073,-0.0033167,0.0010898,-0.0005066,-0.0033127,0.0011026
-0.0009818,-0.0032234,0.0012679,-0.0009807,-0.0032198,0.0012812
-0.000437,-0.0032292,0.0014366,-0.0004365,-0.0032258,0.0014506
-0.0008944,-0.0032047,0.0015981,-0.0008936,-0.0032017,0.0016124
-0.0014468,-0.0037657,0.0015737,-0.0014455,-0.0037623,0.0015859
0.0049613,-0.0014839,0.0006117,0.0049551,-0.0014818,0.0006169
0.0035588,-0.0016366,0.0004956,0.0035536,-0.0016339,0.0005052
0.0043412,-0.0004847,0.0005039,0.0043351,-0.0004837,0.0005121
0.0046163,-0.0014725,0.0007155,0.0046107,-0.0014704,0.0007223
0.0033879,-0.0016152,0.0009059,0.0033838,-0.001613,0.0009171
0.0037161,-0.0015784,0.0003572,0.0037103,-0.0015756,0.0003661
0.0043647,-0.0015124,0.0004008,0.0043583,-0.0015099,0.0004078
0.0036397,-0.0025727,0.0006028,0.0036348,-0.0025689,0.0006108
0.0035287,-0.001938,0.0007395,0.0035241,-0.0019352,0.0007493
0.003883,-0.0019256,0.0007982,0.0038782,-0.001923,0.0008071
0.0024354,-0.001479,0.0004962,0.0024316,-0.0014765,0.0005086
0.0024212,-0.0008063,0.0004968,0.0024175,-0.0008048,0.0005098
0.0023101,-0.0012628,0.000598,0.0023066,-0.0012606,0.0006111
0.0017282,-0.0004293,0.0003644,0.0017253,-0.0004283,0.0003781
0.0007387,0.0017391,0.0007567,0.0007376,0.0017368,0.0007714
0.0005847,0.0018163,0.0008516,0.0005839,0.001814,0.0008666
0.0004659,0.0019564,0.0009759,0.0004653,0.0019541,0.0009912
0.0007498,0.0010359,0.0007594,0.0007487,0.0010346,0.0007748
0.0017841,-0.0008295,0.0004928,0.0017813,-0.0008279,0.0005066
0.0016715,-0.0012959,0.0005642,0.0016689,-0.0012936,0.0005781
0.0023631,-0.0016087,0.0003001,0.0023591,-0.0016057,0.0003119
0.0018831,-0.0009991,0.0002639,0.0018798,-0.0009971,0.000277
0.0017653,-0.0015901,0.0003672,0.0017624,-0.0015872,0.0003802
0.001613,-0.0019409,0.0006052,0.0016106,-0.0019377,0.0006185
0.0010433,-0.0008011,0.0003681,0.0010415,-0.0007995,0.0003823
0.000798,-0.0014752,0.0006599,0.0007968,-0.0014727,0.0006747
0.001522,-0.0013566,0.0006869,0.0015198,-0.0013544,0.0007012
0.0009235,-0.0016168,0.0002896,0.0009219,-0.0016138,0.0003031
0.0009777,-0.0009482,0.0002527,0.000976,-0.0009463,0.0002666
0.0008654,-0.0013596,0.000435,0.000864,-0.0013571,0.0004492
0.0010859,-0.0020543,0.0005813,0.0010843,-0.0020509,0.0005949
0.002308,-0.0042539,0.000348,0.0023047,-0.0042474,0.000354
0.0015731,-0.0044144,0.0003034,0.0015708,-0.0044074,0.0003099
0.0021401,-0.0042087,0.000595,0.0021374,-0.0042029,0.0006021
0.0008411,-0.0049611,0.000443,0.0008401,-0.004954,0.0004484
0.0011055,-0.0044538,0.0003827,0.001104,-0.0044469,0.0003897
-0.0005878,-0.0054084,0.0004766,-0.0005869,-0.0054012,0.0004805
0.0001343,-0.0054125,0.0005071,0.0001343,-0.0054052,0.0005111
-0.0005712,-0.0049035,0.0004129,-0.0005702,-0.0048963,0.0004186
8.85e-05,-0.0048633,0.000418,8.85e-05,-0.0048562,0.000424
0.0001755,-0.0048516,0.0002836,0.0001753,-0.0048439,0.0002892
0.0015743,-0.0035408,0.000256,0.0015718,-0.0035347,0.000265
0.0010364,-0.0031507,0.0002205,0.0010347,-0.003145,0.0002311
0.0010101,-0.0045162,0.0002881,0.0010087,-0.004509,0.0002947
7.94e-05,-0.0037556,0.0002272,7.93e-05,-0.003749,0.0002365
0.0007437,-0.0041304,0.0003602,0.0007426,-0.0041238,0.0003685
0.0003259,-0.0042198,0.0004847,0.0003255,-0.0042134,0.0004931
-0.0019997,-0.0035116,0.000251,-0.0019963,-0.0035056,0.0002595
0.0021246,-0.0013698,0.0009546,0.0021219,-0.0013678,0.0009689
0.0020742,-0.0007337,0.0009292,0.0020715,-0.0007325,0.0009439
0.0019176,-0.0012589,0.0010832,0.0019152,-0.0012571,0.0010982
0.0008658,0.0002921,0.0009671,0.0008647,0.0002919,0.0009834
0.0003924,0.0006303,0.0011901,0.000392,0.0006297,0.0012072
0.0001056,0.0006595,0.0010769,0.0001055,0.0006589,0.0010937
0.0003975,0.0012195,0.0011081,0.0003971,0.0012182,0.0011245
0.0006628,-0.0001482,0.0009961,0.0006619,-0.0001477,0.0010126
-5.18e-05,1.4e-06,0.0010422,-5.17e-05,1.6e-06,0.001059
0.0003751,0.0002489,0.0012864,0.0003747,0.0002489,0.0013038
0.0006764,6.93e-05,0.0011942,0.0006756,6.94e-05,0.0012113
0.0005122,0.0001782,0.0014411,0.0005117,0.0001783,0.0014589
0.0006725,0.0005769,0.0012851,0.0006717,0.0005764,0.0013023
-0.0001593,0.000642,0.0012505,-0.000159,0.0006415,0.0012678
0.000454,-9.66e-05,0.0013225,0.0004535,-9.63e-05,0.0013401
0.0003501,-0.0003215,0.0014475,0.0003497,-0.0003209,0.0014654
7.22e-05,0.0001514,0.0014198,7.22e-05,0.0001515,0.0014377
0.0001107,-2.76e-05,0.0015714,0.0001106,-2.73e-05,0.0015898
-6.26e-05,0.0001629,0.0012532,-6.25e-05,0.0001629,0.0012706
-0.0005021,-0.0001723,0.0009725,-0.0005014,-0.0001719,0.000989
0.0004146,0.0018267,0.001148,0.0004142,0.0018246,0.0011639
0.0010996,0.0017535,0.0011721,0.0010984,0.0017516,0.0011878
-0.0002494,0.0016437,0.0011529,-0.000249,0.0016419,0.0011691
-4.25e-05,0.0012033,0.0010987,-4.24e-05,0.001202,0.0011152
4.64e-05,0.0011046,0.00125,4.64e-05,0.0011035,0.001267
-0.000135,-0.000263,0.0014128,-0.0001348,-0.0002624,0.0014306
-0.0004836,-0.0001579,0.0013048,-0.000483,-0.0001575,0.0013222
0.0015988,-0.0008516,0.0009492,0.0015967,-0.0008502,0.0009646
0.0014582,-0.0011976,0.0010323,0.0014564,-0.0011958,0.0010478
0.0002399,-0.0004801,0.0015848,0.0002397,-0.0004794,0.0016031
0.0004086,-0.0003214,0.0019045,0.0004083,-0.0003209,0.0019238
0.0008758,-0.0004932,0.0019014,0.0008751,-0.0004925,0.0019203
-9.27e-05,-5.08e-05,0.0017797,-9.25e-05,-5.06e-05,0.0017987
0.0003934,0.000151,0.0018385,0.0003931,0.0001511,0.0018576
-3.54e-05,-0.0008629,0.0019195,-3.54e-05,-0.0008619,0.0019386
0.0006374,-0.0014705,0.0007716,0.0006365,-0.0014681,0.0007868
0.0004747,-0.0019084,0.0008635,0.0004741,-0.0019056,0.0008785
-0.0001286,-0.0013304,0.0007394,-0.0001283,-0.0013282,0.0007548
0.0008469,-0.0007603,0.0008753,0.0008458,-0.000759,0.0008911
0.0008335,-0.0013626,0.0009077,0.0008324,-0.0013605,0.0009233
-0.0007371,0.0012074,0.0010137,-0.0007361,0.001206,0.0010298
-0.0001456,0.0019231,0.0009769,-0.0001454,0.0019208,0.0009923
-0.0001072,0.0016683,0.0013236,-0.000107,0.0016666,0.0013404
-0.0007661,0.0011382,0.0011654,-0.0007651,0.001137,0.001182
-0.0007286,0.0018267,0.0011687,-0.0007276,0.0018247,0.0011846
-0.0003812,0.0009156,0.001026,-0.0003806,0.0009146,0.0010425
0.0008177,-0.0016727,0.0012335,0.0008168,-0.0016705,0.0012496
0.0022059,0.0028467,0.0010172,0.0022033,0.0028435,0.0010292
0.0018816,0.0017579,0.0009876,0.0018793,0.0017559,0.0010019
-0.0004881,0.0008287,0.0013225,-0.0004874,0.0008279,0.0013399
0.0012557,0.0007262,0.0010517,0.0012541,0.0007255,0.0010678
0.0020089,0.0005304,0.0011496,0.0020065,0.0005299,0.0011651
0.0011407,0.0016159,0.0008063,0.0011391,0.0016138,0.0008211
0.0009019,0.0016362,0.0009149,0.0009008,0.0016342,0.0009302
0.0007737,0.0012085,0.0009154,0.0007727,0.001207,0.0009311
0.0001005,0.0010888,0.0010063,0.0001004,0.0010875,0.0010226
-0.0002207,0.0002388,0.0016199,-0.0002204,0.0002388,0.0016384
-0.0001949,-0.0004115,0.0015776,-0.0001947,-0.0004109,0.0015959
0.0001025,0.0001305,0.0019658,0.0001025,0.0001306,0.0019853
-8.58e-05,0.0006121,0.0019333,-8.56e-05,0.0006117,0.0019526
-8.1e-05,0.0004106,0.0017787,-8.09e-05,0.0004104,0.0017976
-0.0004773,-9.49e-05,0.0016621,-0.0004768,-9.45e-05,0.0016806
-0.0006185,-0.0003068,0.0018417,-0.0006179,-0.0003063,0.0018607
0.0007741,0.0009432,0.0010992,0.0007732,0.0009422,0.0011157
0.000751,0.000534,0.0010936,0.00075,0.0005336,0.0011102
0.0003318,0.0002632,0.0016835,0.0003315,0.0002632,0.0017021
0.000775,0.0002522,0.0016307,0.0007742,0.0002522,0.001649
0.0003921,0.0005419,0.0020056,0.0003918,0.0005416,0.0020251
0.0002764,0.0006414,0.0017936,0.0002762,0.000641,0.0018125
0.0004119,0.0010836,0.0018109,0.0004116,0.0010828,0.0018295
0.0005468,-0.0001741,0.0017045,0.0005463,-0.0001737,0.0017232
0.000407,0.0015973,0.0018717,0.0004067,0.0015961,0.00189
0.0009833,0.0014987,0.0019028,0.0009826,0.0014976,0.0019211
-6.11e-05,0.0016829,0.0018793,-6.1e-05,0.0016816,0.0018976
0.000412,0.0016222,0.0020847,0.0004118,0.001621,0.0021036
0.0005686,0.0007505,0.0016606,0.0005681,0.00075,0.0016789
-5.61e-05,0.0009431,0.0018223,-5.6e-05,0.0009425,0.0018411
0.0002861,0.0009566,0.0019466,0.0002859,0.000956,0.0019657
0.0006279,0.0001784,0.0020065,0.0006274,0.0001785,0.002026
0.0002241,0.0006376,0.0022388,0.000224,0.0006373,0.002259
0.0004401,-0.0001359,0.0020882,0.0004398,-0.0001356,0.002108
-0.0001638,-0.0003797,0.0019487,-0.0001637,-0.0003792,0.0019681
0.0003504,-0.0002661,0.0022541,0.0003502,-0.0002657,0.0022744
-0.0001111,-8e-07,0.0021554,-0.000111,-5e-07,0.0021755
0.000577,4.94e-05,0.002354,0.0005766,4.96e-05,0.0023745
0.0012134,-0.0026031,0.0015976,0.0012124,-0.0026005,0.001613
0.0012747,-0.002205,0.0014707,0.0012735,-0.0022025,0.0014864
0.0017239,-0.0033297,0.0021352,0.0017229,-0.0033274,0.00215
0.0006415,-0.003,0.0018019,0.000641,-0.0029973,0.0018174
0.0002331,-0.0030276,0.0019416,0.000233,-0.0030251,0.0019576
-0.0005347,-0.0008903,0.0017183,-0.0005341,-0.0008892,0.0017367
0.0007706,-0.0025537,0.0020163,0.0007701,-0.0025515,0.0020333
0.002854,-0.0042811,0.0003571,0.0028499,-0.0042748,0.0003618
0.0034871,-0.0041979,0.0003607,0.0034824,-0.0041919,0.0003642
0.0024806,-0.0030549,0.0002455,0.0024765,-0.0030496,0.0002544
0.0041963,-0.0008532,0.0012445,0.0041922,-0.0008521,0.001255
0.0030053,-0.0014209,0.0009153,0.0030016,-0.0014188,0.0009277
0.0035467,-0.0012897,0.0010229,0.0035426,-0.0012879,0.0010344
0.0026655,-0.0015911,0.0009959,0.0026622,-0.0015889,0.001009
0.0036717,-0.0005988,0.0010174,0.0036675,-0.0005978,0.0010291
0.0039738,-0.0012424,0.0012695,0.0039699,-0.001241,0.0012804
0.0027989,-0.0011336,0.0013983,0.0027962,-0.0011323,0.0014128
0.0030034,-0.0014471,0.0015521,0.0030007,-0.0014456,0.0015663
0.0028623,-0.002309,0.0011538,0.0028592,-0.0023062,0.0011659
0.0033897,-0.0023098,0.0012306,0.0033863,-0.0023072,0.0012416
0.0033482,-0.0016582,0.0013633,0.003345,-0.0016564,0.0013758
0.0036517,-0.0030293,0.0002665,0.0036461,-0.0030244,0.0002725
0.0024713,-0.0029891,0.0003308,0.0024673,-0.002984,0.00034
0.0023184,-0.0023415,0.0003001,0.0023145,-0.0023373,0.0003109
0.0016161,-0.0023058,0.0002117,0.0016133,-0.0023015,0.0002234
0.0017075,-0.0023442,0.0003009,0.0017046,-0.00234,0.0003127
0.0035431,-0.0022799,0.0003656,0.0035377,-0.0022761,0.0003739
0.0030694,-0.0033311,0.0004098,0.0030648,-0.0033259,0.000417
0.0035067,-0.003545,0.0004434,0.0035019,-0.0035398,0.0004489
0.0028638,-0.0026823,0.0004824,0.0028595,-0.0026781,0.0004919
0.0023613,-0.0020871,0.0005152,0.0023577,-0.0020837,0.0005269
0.0021562,-0.0027291,0.0006423,0.0021532,-0.0027249,0.0006535
0.0015652,-0.002673,0.000508,0.0015629,-0.0026686,0.0005198
0.0017007,-0.0020979,0.0004934,0.0016981,-0.0020943,0.000506
0.0015606,-0.0027001,0.0006021,0.0015584,-0.0026958,0.0006141
0.0045438,0.0012149,0.0007337,0.0045383,0.0012136,0.0007413
0.0038279,0.0013635,0.0007888,0.0038231,0.0013619,0.0007989
0.0038888,0.0006061,0.0007888,0.0038839,0.0006056,0.0007993
0.003315,0.0012284,0.0007287,0.0033106,0.001227,0.0007401
0.0035102,0.0020669,0.0008518,0.0035059,0.0020646,0.000862
0.0016766,0.001949,0.0004297,0.001674,0.0019461,0.0004426
0.001088,0.0019637,0.0004161,0.0010863,0.0019607,0.0004295
0.0008575,0.0026294,0.000428,0.0008562,0.0026254,0.0004405
0.0008712,0.0012438,0.0004559,0.0008698,0.001242,0.0004702
0.0009239,0.0011133,0.0005567,0.0009225,0.0011118,0.0005714
0.0017398,0.002141,0.0006615,0.0017373,0.0021381,0.0006746
0.0019635,-0.0047436,0.0012039,0.0019618,-0.0047391,0.0012108
0.002094,-0.0043022,0.0010737,0.0020919,-0.0042975,0.0010817
0.0043222,-0.0028978,0.0003133,0.004316,-0.0028934,0.0003176
0.0048538,-0.0028752,0.0003502,0.0048472,-0.0028711,0.000353
0.0043614,-0.0022355,0.0002875,0.0043549,-0.0022319,0.000293
0.0043262,-0.0022511,0.0004538,0.0043202,-0.0022477,0.0004598
0.0044672,-0.0015396,0.0002856,0.0044603,-0.001537,0.0002919
0.0050075,-0.0015233,0.0003211,0.0050003,-0.0015209,0.0003255
0.0044918,-0.0009714,0.0002876,0.0044849,-0.0009696,0.0002944
0.0050882,-0.0006995,0.0003303,0.0050809,-0.0006982,0.0003351
0.0039723,0.0009783,0.0012196,0.0039684,0.0009775,0.0012308
0.0033374,0.0011353,0.0013307,0.0033341,0.0011344,0.0013438
0.0032815,0.0005463,0.0013281,0.0032782,0.0005459,0.0013417
0.0032354,0.0020292,0.0010303,0.0032318,0.0020271,0.0010417
0.0036921,0.0018796,0.0010964,0.0036882,0.0018778,0.001107
0.0028463,0.0009693,0.0012822,0.0028433,0.0009685,0.0012965
0.0031838,0.001768,0.0014106,0.0031808,0.0017665,0.0014236
0.0036689,-0.001128,0.0017732,0.0036662,-0.0011269,0.0017867
0.0038115,-0.0007246,0.0018647,0.0038088,-0.000724,0.0018784
0.0026179,-0.00115,0.0016023,0.0026156,-0.0011487,0.0016178
0.0031616,-0.0011014,0.0016543,0.0031589,-0.0011003,0.0016688
0.0036506,-0.0010945,0.0019296,0.0036481,-0.0010935,0.0019436
0.0025355,-0.0004605,0.0017012,0.0025333,-0.0004598,0.0017175
0.0030516,-0.0004282,0.0018395,0.0030492,-0.0004277,0.0018552
0.0031366,-0.002056,0.0019221,0.0031345,-0.0020543,0.0019363
0.0030988,-0.0015436,0.0020738,0.0030968,-0.0015423,0.0020892
0.0043197,-0.0006653,0.0003734,0.0043133,-0.000664,0.0003813
0.0030552,-0.0015672,0.0002522,0.00305,-0.0015642,0.0002626
0.0036588,-0.0017254,0.0002463,0.0036528,-0.0017223,0.0002549
0.0038645,-0.0006976,0.0002378,0.0038581,-0.0006962,0.0002468
0.0043565,-0.0004726,0.0002637,0.0043496,-0.0004716,0.0002713
0.0038777,-0.0026899,0.0008654,0.0038732,-0.0026866,0.0008731
0.0040516,-0.0022539,0.0008625,0.0040469,-0.002251,0.0008705
0.004557,-0.0018244,0.00093,0.0045521,-0.0018222,0.0009371
0.00401,-0.0014091,0.000762,0.004005,-0.0014071,0.0007713
0.0041331,-0.0009442,0.0007863,0.004128,-0.0009428,0.0007956
0.0037749,-0.0019964,0.000951,0.0037706,-0.0019939,0.0009606
0.0043158,-0.001824,0.0010293,0.0043112,-0.0018218,0.0010376
0.0037425,-0.0031222,0.0010904,0.0037387,-0.0031189,0.001098
0.0042582,-0.0029941,0.0012345,0.0042545,-0.0029913,0.0012411
0.0035633,-0.0024232,0.0011029,0.0035596,-0.0024204,0.0011128
0.0040477,-0.0023049,0.0012296,0.0040439,-0.0023025,0.0012385
0.0044534,0.0008396,0.0003258,0.0044466,0.0008385,0.0003331
0.004281,0.0026392,0.0003043,0.0042748,0.0026355,0.0003097
0.0048879,0.0026458,0.0003246,0.0048812,0.0026424,0.0003279
0.0043554,0.0018975,0.0004234,0.0043492,0.001895,0.00043
0.004793,0.0018426,0.0004432,0.0047865,0.0018403,0.0004484
0.0042803,0.0019259,0.0005406,0.0042745,0.0019235,0.0005477
0.0036392,0.0027435,0.000279,0.0036335,0.0027395,0.000286
0.0029073,0.0020923,0.0003181,0.0029026,0.0020891,0.0003284
0.0029541,0.0019808,0.0004275,0.0029496,0.0019779,0.0004381
0.0042026,0.0032215,0.000495,0.0041971,0.0032175,0.0004997
0.0041625,0.0031975,0.0006103,0.0041574,0.0031937,0.0006155
0.0045561,0.0024128,0.0006609,0.0045506,0.00241,0.0006666
0.00414,0.0028706,0.0006446,0.0041349,0.0028672,0.0006507
0.0038625,0.0032235,0.000783,0.003858,0.0032199,0.0007895
0.000427,0.0036987,0.0004941,0.0004265,0.0036932,0.0005043
0.0008703,0.0038848,0.0005033,0.0008691,0.0038792,0.0005128
0.0020764,0.0036968,0.000658,0.0020736,0.0036921,0.000667
0.0016621,0.0040498,0.0006767,0.00166,0.0040447,0.0006853
0.0016419,0.0036009,0.0007269,0.0016398,0.0035963,0.0007371
0.001641,0.0045411,0.0004537,0.0016387,0.0045349,0.0004601
0.0022043,0.0025715,0.0005266,0.0022011,0.0025679,0.0005379
0.0017685,0.0025312,0.0005952,0.0017659,0.0025276,0.0006074
0.0016175,0.0031391,0.0007958,0.0016154,0.0031351,0.0008075
0.0012418,0.0031929,0.0009042,0.0012403,0.003189,0.0009164
0.0008421,0.0045945,0.0006313,0.000841,0.0045886,0.0006387
0.0008749,0.0049868,0.0007011,0.0008738,0.0049809,0.000707
0.001046,0.0040247,0.0009271,0.0010448,0.0040201,0.0009371
0.0009157,0.0039578,0.0003746,0.0009144,0.0039518,0.0003835
0.0009122,0.0045879,0.0004342,0.0009109,0.0045814,0.000441
0.0007593,0.0034577,0.0005577,0.0007582,0.0034527,0.0005687
0.0002056,0.0032534,0.0006334,0.0002054,0.0032489,0.0006453
0.0009626,0.0030694,0.0007777,0.0009613,0.0030654,0.0007901
0.0034343,0.0041018,0.0003518,0.0034296,0.0040962,0.000356
0.0028349,0.0044801,0.0003131,0.0028309,0.0044739,0.0003173
0.0033912,0.0039421,0.0004914,0.0033867,0.0039371,0.0004965
0.0032572,0.0045679,0.0005482,0.0032532,0.0045624,0.0005517
0.0024236,0.0027043,0.0003566,0.0024197,0.0027002,0.0003668
0.0022107,0.003213,0.0003577,0.0022072,0.0032081,0.0003671
0.0021466,0.0025506,0.0004205,0.0021433,0.0025468,0.0004317
0.0016773,0.0033617,0.0003558,0.0016747,0.0033565,0.0003656
0.0015131,0.0025675,0.0004211,0.0015108,0.0025636,0.0004331
0.0034891,0.0033847,0.000641,0.0034847,0.0033806,0.0006477
0.0028672,0.0036853,0.0006188,0.0028635,0.0036807,0.0006262
0.0009211,0.0033964,0.0003417,0.0009197,0.003391,0.0003522
9.96e-05,0.0033667,0.0004309,9.95e-05,0.0033615,0.000442
-0.0012711,0.0046488,0.0006047,-0.0012694,0.0046429,0.0006114
-0.0010482,0.0050875,0.0007215,-0.0010469,0.0050817,0.0007269
-0.000522,0.0038674,0.0005834,-0.0005212,0.003862,0.0005933
-0.0025185,0.003405,0.0006175,-0.002515,0.0034005,0.0006265
-0.0019962,0.0032748,0.0006003,-0.0019933,0.0032703,0.0006105
-0.0024846,0.0031605,0.0007376,-0.0024813,0.0031565,0.0007476
-0.0019849,0.0040343,0.0004302,-0.0019819,0.0040285,0.0004377
-0.0013484,0.0040268,0.0004093,-0.0013463,0.0040208,0.0004175
-0.0021313,0.0026658,0.0005357,-0.002128,0.002662,0.0005471
-0.0014135,0.0026993,0.000505,-0.0014112,0.0026953,0.0005171
-0.0017797,0.0030251,0.0004952,-0.0017769,0.0030206,0.0005061
-0.0014651,0.0020124,0.0004682,-0.0014627,0.0020093,0.0004814
-0.0017147,0.0031179,0.0007481,-0.0017123,0.0031138,0.0007596
-0.0011853,0.0031351,0.0007086,-0.0011836,0.003131,0.0007205
0.0014661,0.0044284,0.0012478,0.0014647,0.0044245,0.0012569
0.0014454,0.0037192,0.0012599,0.001444,0.0037157,0.0012715
0.0018092,0.0032823,0.0011684,0.0018073,0.0032789,0.0011804
0.0013939,0.0031977,0.0012813,0.0013925,0.0031945,0.0012945
0.0014665,0.0021543,0.0011478,0.0014649,0.002152,0.0011626
0.0012358,0.0027628,0.001246,0.0012345,0.0027599,0.0012602
0.0018733,0.0029539,0.0013216,0.0018714,0.0029511,0.0013348
0.0007808,0.0033067,0.0009954,0.0007799,0.0033028,0.0010079
9.79e-05,0.0034786,0.0009622,9.78e-05,0.0034745,0.0009744
-0.0001507,0.0043265,0.0012055,-0.0001505,0.0043224,0.0012157
-8.57e-05,0.0031863,0.0010221,-8.55e-05,0.0031826,0.0010353
0.0007911,0.004066,0.0011102,0.0007903,0.0040618,0.0011207
0.0008141,0.0045193,0.0012212,0.0008134,0.0045152,0.0012305
0.0003117,0.0030136,0.0010504,0.0003114,0.0030101,0.001064
0.0007466,0.0030124,0.0010851,0.0007458,0.003009,0.0010987
0.0001533,0.0026405,0.0011576,0.0001532,0.0026376,0.0011724
0.000825,0.0027675,0.0012471,0.0008241,0.0027646,0.0012616
0.0006982,0.0026435,0.001352,0.0006975,0.0026409,0.0013671
-0.0005935,0.0012381,0.0004426,-0.0005925,0.0012363,0.000457
-0.001274,0.0012419,0.000547,-0.0012719,0.0012402,0.0005614
-0.0005055,0.0014263,0.000266,-0.0005046,0.001424,0.0002799
-0.0013695,0.0011483,0.0003434,-0.0013671,0.0011466,0.0003572
-0.0006824,0.0001935,0.0004581,-0.0006812,0.0001935,0.0004731
-0.0013258,0.0005132,0.0005803,-0.0013237,0.0005126,0.0005951
-0.0014683,0.0021455,0.0003781,-0.0014658,0.0021422,0.0003908
-0.0019034,0.0004804,0.0006196,-0.0019005,0.0004799,0.0006339
0.0038089,0.0029017,0.0010851,0.0038051,0.002899,0.0010933
0.0042608,0.0029182,0.0011881,0.004257,0.0029158,0.0011949
0.0036442,0.0027837,0.0011947,0.0036408,0.0027812,0.001204
0.0035509,0.002799,0.0013603,0.0035478,0.0027967,0.0013703
0.0033681,0.0025,0.001476,0.0033653,0.0024981,0.0014876
0.0005264,0.0009104,0.0021023,0.000526,0.0009099,0.0021218
0.0004432,0.0014699,0.0022421,0.000443,0.001469,0.0022616
5.37e-05,0.0013575,0.0022501,5.37e-05,0.0013567,0.0022699
0.0002969,0.0014474,0.002402,0.0002967,0.0014465,0.0024221
0.0035878,0.0009461,0.0019168,0.0035853,0.0009456,0.0019312
0.0030081,0.0010598,0.0020066,0.003006,0.0010592,0.0020226
0.003013,0.0003873,0.0020406,0.0030109,0.0003873,0.002057
0.0025214,0.000827,0.0019899,0.0025196,0.0008266,0.0020069
0.0028929,0.0015558,0.0020835,0.002891,0.001555,0.0020995
0.0035569,0.002659,0.0003923,0.0035516,0.0026552,0.0004
0.004188,0.0025427,0.0004464,0.0041822,0.0025394,0.0004526
0.0028826,0.0021297,0.0005494,0.0028784,0.0021268,0.0005602
0.0034471,0.0021117,0.0006016,0.0034423,0.002109,0.0006112
0.0027113,0.0017354,0.0006168,0.0027074,0.0017331,0.0006287
0.0037915,0.0018232,0.0009825,0.0037873,0.0018213,0.0009925
0.0042707,0.0017748,0.0010229,0.0042662,0.0017731,0.0010316
0.0008901,0.0050878,0.0005171,0.0008889,0.0050812,0.0005222
0.0001813,0.0052409,0.0003437,0.0001811,0.0052336,0.000348
-0.0004708,0.0051461,0.000489,-0.0004701,0.0051394,0.000494
0.0001898,0.0051511,0.0004984,0.0001897,0.0051444,0.0005034
0.0001071,0.004109,0.0002583,0.000107,0.0041024,0.0002666
0.0008323,0.0040223,0.0002601,0.000831,0.0040159,0.0002685
9.41e-05,0.004696,0.0002931,9.4e-05,0.004689,0.0002994
0.0001785,0.0046304,0.0004273,0.0001783,0.0046238,0.0004342
-0.0004566,0.0040424,0.0003902,-0.0004558,0.0040363,0.000399
0.0001382,0.0040457,0.0003715,0.0001381,0.0040395,0.0003804
0.0026213,0.0036434,0.0008583,0.0026182,0.0036393,0.000867
0.0030679,0.003467,0.0010567,0.0030648,0.0034636,0.0010654
0.0035308,0.0035712,0.0011166,0.0035274,0.003568,0.001124
0.0030276,0.0040826,0.0011673,0.0030249,0.004079,0.0011744
0.0023522,0.0033395,0.0011066,0.0023497,0.0033361,0.0011174
0.0028721,0.0033199,0.0011547,0.0028692,0.0033167,0.0011645
0.0032309,0.0030121,0.0012278,0.0032278,0.0030094,0.0012379
-0.0011829,0.0052549,0.0003505,-0.0011812,0.0052478,0.0003542
-0.0005173,0.0052095,0.0003341,-0.0005165,0.0052022,0.0003385
-0.0010807,0.0056914,0.0003901,-0.0010793,0.0056842,0.0003925
-0.0010028,0.0041384,0.0011084,-0.0010016,0.0041342,0.0011186
0.0004863,0.004242,0.0011967,0.0004858,0.0042379,0.0012071
-0.0004318,0.0034056,0.0011411,-0.0004312,0.0034019,0.0011539
-0.0021044,0.0029934,0.0011179,-0.0021019,0.0029902,0.0011301
-0.0016515,0.0028782,0.0010991,-0.0016495,0.0028751,0.0011121
-0.0021062,0.002654,0.0012496,-0.0021038,0.0026514,0.0012629
-0.0016326,0.0022272,0.0010081,-0.0016305,0.0022246,0.0010222
-0.0010971,0.0022612,0.0009871,-0.0010956,0.0022585,0.0010017
-0.0014306,0.002557,0.0009484,-0.0014287,0.0025539,0.000962
-0.0010112,0.0027773,0.001227,-0.00101,0.0027744,0.0012413
-0.000527,0.0010995,0.0017825,-0.0005265,0.0010987,0.001801
5.97e-05,0.0008773,0.0020764,5.97e-05,0.0008767,0.002096
-9.51e-05,0.0016655,0.0016266,-9.49e-05,0.001664,0.0016442
-0.0001445,0.0015832,0.0020754,-0.0001443,0.0015821,0.0020943
-0.0003426,0.0007098,0.0016839,-0.0003422,0.0007093,0.0017024
0.0017789,0.0035422,0.0018745,0.0017777,0.0035399,0.0018879
0.0013187,0.0033542,0.001872,0.0013178,0.0033519,0.0018866
0.0017561,0.0029695,0.0018559,0.0017548,0.0029674,0.0018708
0.0012595,0.0018915,0.0016334,0.0012584,0.0018899,0.0016501
0.0017112,0.0019342,0.0016893,0.0017097,0.0019326,0.0017057
0.0012939,0.0018719,0.0018031,0.0012928,0.0018704,0.0018203
0.0011105,0.0024005,0.0020116,0.0011098,0.0023989,0.0020287
0.0018803,0.0025428,0.0021166,0.0018791,0.0025412,0.002133
0.0003376,0.0030496,0.0016116,0.0003374,0.003047,0.0016267
0.0006837,0.0029092,0.0016107,0.0006831,0.0029067,0.001626
-0.0001324,0.0034861,0.0017883,-0.0001322,0.0034836,0.0018029
0.0005601,0.0035287,0.001751,0.0005597,0.0035261,0.0017653
0.000723,0.003908,0.0018379,0.0007226,0.0039055,0.0018512
0.0007342,0.003475,0.0018841,0.0007337,0.0034727,0.0018988
-9.52e-05,0.0011903,0.0020376,-9.51e-05,0.0011895,0.0020568
-0.0002126,0.0019257,0.0022858,-0.0002124,0.0019245,0.0023049
-0.0001051,0.0011781,0.0024539,-0.000105,0.0011775,0.0024744
-0.000373,0.000801,0.0020726,-0.0003727,0.0008006,0.0020922
0.0002504,0.0026284,0.0016407,0.0002502,0.0026262,0.0016568
0.0006174,0.0025345,0.001697,0.0006169,0.0025324,0.0017133
0.0002022,0.0023896,0.0018005,0.0002021,0.0023877,0.0018175
-0.0013405,0.004096,0.0002909,-0.0013383,0.0040896,0.0002987
-0.0006087,0.0040964,0.0002817,-0.0006077,0.0040899,0.00029
-0.0012757,0.0046981,0.0003249,-0.0012737,0.0046913,0.0003306
-0.0011837,0.004649,0.000457,-0.001182,0.0046426,0.0004633
-0.0005159,0.0046311,0.0004381,-0.000515,0.0046246,0.0004449
0.0009526,0.0027035,0.0003113,0.0009511,0.0026991,0.0003233
0.000136,0.0028143,0.000218,0.0001358,0.0028095,0.0002299
0.0008925,0.0027777,0.0002117,0.000891,0.002773,0.0002233
0.0001152,0.003451,0.0002355,0.000115,0.0034452,0.0002458
0.0009086,0.0035834,0.0002806,0.0009072,0.0035776,0.0002904
0.0001468,0.0034005,0.0003321,0.0001466,0.0033951,0.0003428
-0.000567,0.002816,0.0003231,-0.000566,0.0028114,0.0003351
0.0001657,0.0027013,0.0003071,0.0001654,0.0026969,0.0003194
0.0014974,0.0046152,0.0009201,0.0014958,0.0046103,0.0009275
0.0001819,0.0048722,0.0008794,0.0001818,0.0048669,0.0008866
0.0008513,0.0047929,0.0008687,0.0008504,0.0047876,0.0008759
0.0008352,0.0046451,0.0010379,0.0008344,0.0046404,0.0010461
-0.0003231,0.0046333,0.00105,-0.0003227,0.0046286,0.0010585
0.0002233,0.0047069,0.001032,0.0002232,0.0047021,0.0010402
0.0002444,0.0045438,0.0011628,0.0002442,0.0045395,0.0011721
-0.0027323,0.0040638,0.0003132,-0.0027282,0.0040578,0.000319
-0.0020824,0.0040845,0.0002921,-0.0020791,0.0040783,0.0002989
-0.0026881,0.0046254,0.0003379,-0.0026842,0.004619,0.000342
-0.0033261,0.0039207,0.0004926,-0.0033215,0.0039156,0.0004978
-0.0027962,0.0039289,0.0004396,-0.0027922,0.0039234,0.000446
-0.0014063,0.0028593,0.0002433,-0.0014038,0.0028545,0.0002544
-0.0007352,0.0027675,0.0002308,-0.0007339,0.0027628,0.0002426
-0.0013433,0.0034689,0.0002689,-0.001341,0.0034633,0.0002786
-0.0012908,0.003437,0.0003685,-0.0012887,0.0034317,0.0003786
-0.0005495,0.0034493,0.0003374,-0.0005485,0.0034438,0.0003479
-0.0021398,0.0027868,0.0003389,-0.0021362,0.0027824,0.0003495
-0.0014985,0.0029253,0.000323,-0.0014959,0.0029206,0.000334
-0.0010494,0.0047973,0.0009057,-0.0010481,0.0047922,0.0009128
-0.0004669,0.0048056,0.0008864,-0.0004663,0.0048004,0.0008938
-0.001658,0.0045911,0.0011003,-0.0016563,0.0045868,0.0011081
-0.0011328,0.0045654,0.0010813,-0.0011316,0.0045609,0.0010896
-0.0033707,0.0039743,0.0003524,-0.0033658,0.0039688,0.0003571
-0.0038474,0.0043345,0.0004818,-0.0038425,0.0043292,0.0004845
-0.0044706,0.0038545,0.0006711,-0.0044654,0.0038504,0.0006736
-0.0039276,0.0039215,0.0005541,-0.0039226,0.0039168,0.0005579
-0.002692,0.0019388,0.0004361,-0.0026876,0.001936,0.0004474
-0.0037764,0.0011583,0.0007616,-0.0037714,0.001157,0.0007719
-0.0034925,0.0013079,0.000347,-0.0034867,0.0013061,0.0003569
-0.0039817,0.0011909,0.0004923,-0.0039757,0.0011894,0.0005012
-0.0038496,-0.0002869,0.0006043,-0.003844,-0.0002863,0.0006145
-0.0037091,0.0004621,0.0007458,-0.003704,0.0004617,0.0007567
-0.0028002,0.0029071,0.0002642,-0.0027955,0.0029025,0.000273
-0.0021198,0.0028976,0.0002397,-0.002116,0.0028928,0.0002497
-0.0028331,0.0034521,0.0002733,-0.0028285,0.0034468,0.0002805
-0.0028021,0.0033776,0.000395,-0.0027978,0.0033727,0.0004029
-0.002176,0.0034526,0.0003819,-0.0021726,0.0034474,0.0003908
-0.00346,0.002664,0.0004028,-0.0034546,0.0026602,0.0004107
-0.0040663,0.0026049,0.0003064,-0.00406,0.0026012,0.0003123
-0.0034565,0.0027377,0.0002816,-0.0034509,0.0027336,0.000289
-0.004059,0.0032947,0.0003365,-0.004053,0.0032902,0.000341
-0.0040227,0.0032442,0.0004853,-0.0040171,0.00324,0.0004904
-0.0034166,0.0033048,0.0004339,-0.0034116,0.0033002,0.0004405
-0.0045864,0.0024963,0.0004921,-0.0045802,0.0024932,0.000497
-0.0040498,0.0025427,0.0004398,-0.0040439,0.0025393,0.0004462
-0.0034377,0.0023434,0.0010557,-0.0034338,0.002341,0.0010661
-0.0029159,0.0022944,0.0010275,-0.0029124,0.0022919,0.0010393
-0.0025227,0.0030814,0.0011355,-0.0025199,0.0030783,0.0011467
-0.0032756,0.0009296,0.0012469,-0.0032719,0.0009289,0.0012602
-0.0028531,2.27e-05,0.0010325,-0.0028495,2.29e-05,0.0010464
-0.0032062,0.000367,0.0013007,-0.0032027,0.0003668,0.0013145
-0.0046087,0.0013659,0.0004364,-0.004602,0.0013642,0.0004427
-0.004126,-0.0009816,0.0002706,-0.0041193,-0.0009797,0.0002787
-0.0052192,0.0008112,0.0003499,-0.0052117,0.0008103,0.0003541
-0.0047549,-3.19e-05,0.0004285,-0.0047479,-3.16e-05,0.000435
-0.0047769,0.0012138,0.0007705,-0.0047711,0.0012126,0.0007772
-0.0043978,0.0012669,0.0006845,-0.004392,0.0012655,0.0006924
-0.0047654,0.0011866,0.0009095,-0.0047601,0.0011856,0.0009166
-0.0037358,0.0032509,0.0007505,-0.0037312,0.0032471,0.0007571
-0.0036053,0.0030471,0.0008475,-0.0036009,0.0030437,0.0008553
-0.003661,0.0025171,0.000802,-0.0036564,0.0025142,0.0008106
-0.0031517,0.0026297,0.0007467,-0.0031475,0.0026265,0.0007564
-0.0041477,0.0036805,0.0011221,-0.0041439,0.0036774,0.001127
-0.0036034,0.0036854,0.001009,-0.0035996,0.0036818,0.0010154
-0.0039402,0.0023308,0.0010564,-0.0039359,0.0023285,0.0010652
-0.0035892,0.0023818,0.0009545,-0.003585,0.0023793,0.0009641
-0.0052516,-0.0009219,0.0005221,-0.0052447,-0.0009204,0.0005265
-0.0056925,-0.0007456,0.0003897,-0.0056849,-0.0007443,0.0003923
-0.0025807,-0.0016379,0.0014028,-0.002578,-0.001636,0.0014172
-0.0021131,-0.0015911,0.0013336,-0.0021108,-0.0015892,0.0013487
-0.0039809,-0.00136,0.0011161,-0.0039766,-0.0013584,0.0011265
-0.0035938,-0.001303,0.0010062,-0.0035896,-0.0013013,0.0010175
-0.0034559,-0.0006051,0.0009467,-0.0034516,-0.0006041,0.0009588
-0.0028595,-0.001018,0.0010564,-0.002856,-0.0010166,0.0010698
-0.0037889,-0.0007584,0.0012002,-0.0037849,-0.0007573,0.0012119
-0.0036144,-0.0011337,0.0015384,-0.0036111,-0.0011325,0.0015513
-0.0031512,-0.0011259,0.0014221,-0.0031481,-0.0011246,0.0014359
-0.0032206,-0.0017041,0.0013478,-0.0032173,-0.0017022,0.0013606
-0.0053493,0.0005166,0.0007439,-0.005343,0.0005162,0.0007486
-0.0050552,0.0004197,0.0006587,-0.0050488,0.0004194,0.0006644
-0.0005809,0.0012012,0.0009083,-0.00058,0.0011997,0.0009241
-0.0010622,0.0009347,0.0010579,-0.0010607,0.0009337,0.0010741
-0.0003235,0.0009964,0.0011756,-0.000323,0.0009953,0.0011924
-0.0009596,0.0009339,0.0013412,-0.0009585,0.0009331,0.0013582
-0.0005357,7.3e-06,0.0008602,-0.0005349,7.5e-06,0.0008764
-0.0009735,0.0004697,0.001105,-0.0009722,0.0004694,0.0011216
-0.0016608,-0.0006549,0.0009119,-0.0016585,-0.0006537,0.0009272
-0.0012307,-0.0004919,0.0009304,-0.0012289,-0.000491,0.0009462
7.33e-05,0.0001478,0.0023542,7.32e-05,0.0001479,0.0023748
-0.0004102,-8.02e-05,0.0019977,-0.0004098,-8e-05,0.0020173
-0.0011082,3.53e-05,0.0027158,-0.0011075,3.55e-05,0.002737
-0.0006719,7.64e-05,0.0027038,-0.0006714,7.65e-05,0.0027254
-0.0011601,-0.0004489,0.0027241,-0.0011594,-0.0004484,0.0027452
-0.0014145,-0.000132,0.0025772,-0.0014136,-0.0001317,0.0025977
-0.0030385,0.0018568,0.0017183,-0.0030359,0.0018555,0.0017325
-0.002309,0.0029238,0.0017278,-0.0023071,0.0029217,0.0017415
-0.0025548,0.0010356,0.0017311,-0.0025525,0.0010349,0.0017472
-0.0028942,0.0009133,0.0019839,-0.002892,0.0009128,0.0020002
-0.002827,-0.000152,0.0017335,-0.0028244,-0.0001517,0.0017494
-0.0024649,4.1e-05,0.0016749,-0.0024626,4.11e-05,0.0016913
-0.0029182,0.0004556,0.0020218,-0.002916,0.0004555,0.0020384
-0.0031298,0.0013782,0.0017187,-0.0031271,0.0013773,0.0017332
-0.0028346,-0.0010854,0.0002285,-0.0028296,-0.0010832,0.0002398
-0.0036101,-1.34e-05,0.0003558,-0.0036042,-1.31e-05,0.0003661
-0.0042148,-0.0022046,0.0002795,-0.0042082,-0.002201,0.0002856
-0.0044741,-4.3e-05,0.0006711,-0.0044681,-4.26e-05,0.0006793
-0.0047965,0.0004837,0.000904,-0.004791,0.0004834,0.0009114
-0.0051322,-0.0004604,0.0010226,-0.005127,-0.0004597,0.0010289
-0.0048772,-0.0004055,0.0009031,-0.0048717,-0.0004047,0.0009102
-0.002896,-0.0023957,0.0002506,-0.0028911,-0.0023914,0.00026
-0.0040478,-0.0027813,0.0004465,-0.004042,-0.0027772,0.0004524
-0.0050709,-0.0026315,0.0003722,-0.005064,-0.0026278,0.0003749
-0.0047083,-0.0029357,0.000316,-0.0047017,-0.0029314,0.0003192
-0.0051904,-0.0022076,0.0003554,-0.0051833,-0.0022043,0.0003583
-0.0043935,-0.0034831,0.0004859,-0.0043878,-0.0034784,0.0004892
-0.0042116,-0.0033366,0.0003215,-0.0042056,-0.0033317,0.0003254
-0.0046968,-0.0014057,0.0008822,-0.0046914,-0.0014039,0.0008892
-0.0042453,-0.00144,0.0008315,-0.0042401,-0.001438,0.00084
-0.0047619,-0.0008181,0.0009011,-0.0047565,-0.0008169,0.0009085
-0.0011254,-0.000477,0.0007367,-0.0011236,-0.000476,0.0007521
-0.0007281,-0.001099,0.0008953,-0.0007271,-0.0010972,0.0009111
-0.0010845,-0.0025513,0.0010055,-0.0010831,-0.0025479,0.0010194
-0.001917,-0.0025337,0.0010839,-0.0019147,-0.0025304,0.0010971
-0.0009331,-0.0018135,0.0011023,-0.0009319,-0.001811,0.0011178
-0.0024181,-0.0011361,0.0015189,-0.0024157,-0.0011348,0.0015345
-0.0020885,-0.0010055,0.001452,-0.0020862,-0.0010042,0.0014681
-0.0023186,-0.0014478,0.0020976,-0.0023169,-0.0014465,0.0021147
-0.0018318,-0.0014346,0.0020474,-0.0018304,-0.0014333,0.0020651
-0.001354,-0.0008097,0.0027364,-0.0013531,-0.0008089,0.0027573
-0.0035113,-0.0011193,0.0017207,-0.0035084,-0.0011182,0.0017344
-0.0030514,-0.0010272,0.0016331,-0.0030486,-0.001026,0.0016477
-0.0029406,-0.0006416,0.0015704,-0.0029377,-0.0006407,0.0015854
-0.0024349,-0.000954,0.0017289,-0.0024327,-0.0009529,0.0017452
-0.003388,-0.0006258,0.0018805,-0.0033853,-0.0006251,0.0018954
-0.0028315,-0.0016574,0.0020042,-0.0028294,-0.001656,0.0020199
-0.0022957,-0.0011008,0.0023106,-0.0022942,-0.0010999,0.0023287
-0.0018638,-0.0009309,0.0022456,-0.0018624,-0.00093,0.0022643
-0.0004767,-0.0004188,0.0024363,-0.0004764,-0.0004183,0.002457
-0.0002508,-0.0008191,0.0024715,-0.0002506,-0.0008183,0.0024922
-3.9e-05,-0.0003398,0.0023946,-3.9e-05,-0.0003394,0.0024153
-3.4e-05,-0.0008806,0.002729,-3.4e-05,-0.0008798,0.0027504
0.000415,-0.0003032,0.0024609,0.0004148,-0.0003027,0.0024817
9.9e-06,3.43e-05,0.0026289,9.9e-06,3.45e-05,0.0026504
-0.0032438,-0.0010698,0.0025022,-0.003242,-0.001069,0.002519
-0.0028071,-0.0010245,0.0023604,-0.0028053,-0.0010236,0.0023779
-0.0026657,-0.0005308,0.0023399,-0.0026639,-0.0005302,0.0023578
-0.0022133,-0.001043,0.0026184,-0.0022119,-0.0010422,0.0026376
-0.0003001,-0.0008278,0.002971,-0.0003,-0.0008271,0.0029932
-1.48e-05,-0.0003626,0.0028851,-1.48e-05,-0.0003622,0.0029073
0.0004318,-0.0003572,0.0029192,0.0004315,-0.0003568,0.0029414
0.0001855,9.87e-05,0.0028908,0.0001854,9.88e-05,0.002913
-9.68e-05,2.02e-05,0.003103,-9.67e-05,2.03e-05,0.0031259
-0.0004454,-0.0004733,0.0029319,-0.0004452,-0.0004728,0.0029541
-0.0005931,0.0001692,0.0031589,-0.0005927,0.0001693,0.0031818
-0.001013,0.0001106,0.0032003,-0.0010124,0.0001107,0.0032231
-0.0013972,-0.0001405,0.0030515,-0.0013964,-0.0001402,0.0030735
-0.0031297,-0.0005863,0.0026661,-0.003128,-0.0005858,0.002684
-0.0027991,-0.0004719,0.0026365,-0.0027975,-0.0004715,0.0026551
-0.0002062,0.000326,0.0025027,-0.000206,0.000326,0.0025237
-5.39e-05,0.0005542,0.0027117,-5.38e-05,0.0005541,0.0027333
0.000421,0.0001801,0.0026908,0.0004208,0.0001802,0.0027124
-0.0003766,-8.78e-05,0.0025643,-0.0003763,-8.76e-05,0.0025855
-0.0029948,-0.001446,0.002958,-0.0029934,-0.0014451,0.0029766
-0.0026038,-0.0014385,0.0029077,-0.0026024,-0.0014375,0.0029268
-0.0034484,-0.0028942,0.0003963,-0.0034431,-0.0028896,0.0004036
-0.002549,-0.0029619,0.0003713,-0.0025449,-0.002957,0.0003805
-0.0033278,-0.003438,0.0003471,-0.0033228,-0.0034327,0.0003533
-0.0027833,-0.003614,0.0003067,-0.0027789,-0.0036082,0.0003135
-0.0034247,-0.0040338,0.0004755,-0.0034201,-0.0040282,0.0004799
-0.0036452,-0.0040948,0.0006815,-0.0036409,-0.0040897,0.0006856
-0.0038751,-0.0034537,0.0006701,-0.0038703,-0.0034493,0.0006755
-0.0026778,-0.0042234,0.0004366,-0.002674,-0.0042173,0.0004421
-0.0021699,-0.0043242,0.0004132,-0.0021666,-0.0043177,0.0004192
-0.0026577,-0.0041722,0.0005686,-0.0026541,-0.0041665,0.0005746
-0.002646,-0.0048009,0.0004908,-0.0026425,-0.0047945,0.0004944
-0.0031517,-0.0034003,0.0005595,-0.0031473,-0.0033955,0.0005667
-0.0026453,-0.0035996,0.000539,-0.0026415,-0.0035943,0.0005467
-0.0033164,-0.0028786,0.0005206,-0.0033116,-0.0028743,0.0005286
-0.0039199,-0.0028427,0.0005851,-0.0039147,-0.0028387,0.0005916
-0.003598,-0.003244,0.0009368,-0.003594,-0.0032402,0.0009442
0.0004686,0.0021191,0.0158288,0.0004683,0.002118,0.0158948
3.45e-05,0.0024631,0.015879,3.45e-05,0.0024619,0.015945
-0.0001765,0.001889,0.0158784,-0.0001764,0.001888,0.0159445
0.0001095,0.0017549,0.0158633,0.0001095,0.001754,0.0159295
-0.0003495,0.0021249,0.0162715,-0.0003495,0.0021239,0.0163379
-0.0006745,0.0024489,0.0161938,-0.0006744,0.0024479,0.0162601
-0.0006565,0.0018117,0.0166531,-0.0006564,0.001811,0.01672
0.0012374,0.0010959,0.0161342,0.0012371,0.0010952,0.0162007
0.0012494,0.000405,0.0161619,0.001249,0.0004044,0.0162284
0.0008824,0.0010319,0.016202,0.0008821,0.0010312,0.0162685
0.0005055,0.0011058,0.0160828,0.0005052,0.0011051,0.0161493
0.0012034,-0.000293,0.0161748,0.001203,-0.0002933,0.0162412
0.0013215,-0.0010649,0.0161459,0.0013211,-0.0010651,0.0162122
5.66e-05,-0.0008217,0.0159162,5.65e-05,-0.0008219,0.0159825
0.0003875,-0.0007717,0.0159183,0.0003873,-0.0007719,0.0159845
0.0008304,-0.0003879,0.0158765,0.0008301,-0.0003881,0.0159427
0.0008823,-0.0003349,0.0161615,0.000882,-0.0003353,0.016228
0.0008923,-0.0008939,0.0166605,0.0008921,-0.0008942,0.0167273
0.0013581,0.0017777,0.014477,0.0013574,0.0017766,0.0145408
0.001345,0.0018216,0.0147727,0.0013443,0.0018204,0.0148371
0.000363,0.0007778,0.0141159,0.0003629,0.0007772,0.0141794
0.0006171,0.0007436,0.014267,0.0006168,0.0007431,0.0143307
0.000276,0.0010819,0.0140195,0.0002758,0.0010813,0.0140827
0.0002109,0.0010376,0.014465,0.0002107,0.0010369,0.0145291
-4.42e-05,0.0012699,0.0141316,-4.42e-05,0.0012691,0.014195
0.0004249,0.0008144,0.0147106,0.0004246,0.0008138,0.0147752
0.0003869,0.0004874,0.0146381,0.0003867,0.0004869,0.0147026
9.68e-05,0.0021498,0.0145027,9.67e-05,0.0021485,0.0145666
0.0004429,0.0020418,0.0144527,0.0004426,0.0020406,0.0145165
-2.72e-05,0.0007297,0.0141406,-2.72e-05,0.0007292,0.0142042
-0.0006015,0.00108,0.0137618,-0.0006013,0.0010794,0.0138245
0.000176,5.04e-05,0.014246,0.0001758,5e-05,0.0143098
0.0003741,0.0004095,0.0142253,0.0003739,0.0004091,0.0142891
0.0007953,-2.87e-05,0.0140907,0.000795,-2.89e-05,0.0141542
0.0005221,4.04e-05,0.0142412,0.0005219,4e-05,0.014305
0.000318,-7.88e-05,0.0145198,0.0003178,-7.9e-05,0.014584
3.79e-05,0.0003285,0.0141692,3.78e-05,0.0003281,0.0142328
0.0004289,0.0001293,0.0147038,0.0004288,0.0001289,0.0147684
2.8e-06,2.43e-05,0.0145706,2.7e-06,2.39e-05,0.0146349
0.0009027,0.0018652,0.015448,0.0009023,0.0018641,0.0155135
0.0005327,0.0017453,0.0151429,0.0005324,0.0017442,0.0152079
0.0005836,0.0018982,0.0153799,0.0005834,0.0018971,0.0154453
4.34e-05,0.0028628,0.01661,4.33e-05,0.0028619,0.0166765
8.54e-05,0.0021428,0.0165884,8.54e-05,0.0021419,0.0166552
-0.0007095,0.0029201,0.0161912,-0.0007094,0.0029188,0.0162573
4.54e-05,0.0025148,0.0165818,4.53e-05,0.0025139,0.0166484
-0.0006936,0.0028319,0.016458,-0.0006935,0.0028308,0.0165244
0.0001555,0.0002579,0.0158374,0.0001554,0.0002575,0.0159036
-0.0006663,0.0003378,0.0166213,-0.0006662,0.0003373,0.0166882
-0.0006714,-0.000701,0.0143355,-0.0006712,-0.0007011,0.0143993
-0.0003823,-0.0003129,0.014201,-0.0003823,-0.0003131,0.0142647
-0.0010697,-0.000655,0.0138783,-0.0010693,-0.0006551,0.0139411
8.68e-05,0.0018257,0.0144683,8.67e-05,0.0018246,0.0145322
-0.0002503,0.0002815,0.014274,-0.0002503,0.0002811,0.0143379
-7.12e-05,5.14e-05,0.0140522,-7.12e-05,5.11e-05,0.0141157
1.08e-05,-0.0002959,0.0145576,1.07e-05,-0.0002961,0.0146219
-0.0001973,-8.68e-05,0.0142849,-0.0001973,-8.7e-05,0.0143487
2.09e-05,-0.0003288,0.0140931,2.08e-05,-0.000329,0.0141566
-0.0006394,0.0024317,0.0147569,-0.0006392,0.0024302,0.0148211
-0.0010855,0.002868,0.0144687,-0.001085,0.0028663,0.0145323
-0.0007464,0.002912,0.0145316,-0.0007461,0.0029102,0.0145953
-7.21e-05,0.0007051,0.0133645,-7.22e-05,0.0007048,0.0134265
-0.0001011,0.0010772,0.013445,-0.0001012,0.0010768,0.0135071
0.0002281,0.0011474,0.0133673,0.000228,0.0011468,0.0134291
-0.0001142,0.001179,0.0138507,-0.0001142,0.0011784,0.0139136
-5.11e-05,0.0006469,0.0137139,-5.12e-05,0.0006465,0.0137767
0.0002821,0.0007269,0.0137981,0.000282,0.0007264,0.013861
-0.0004034,0.0005428,0.013619,-0.0004034,0.0005425,0.0136816
0.0001881,0.0021131,0.0129844,0.000188,0.0021121,0.0130448
0.0005054,0.002018,0.0130153,0.0005051,0.002017,0.0130758
0.0002504,0.0008786,0.0126699,0.0002503,0.0008785,0.01273
0.0002323,0.001269,0.0125976,0.0002323,0.0012687,0.0126573
0.0001101,0.0009805,0.0130374,0.0001101,0.0009801,0.0130985
-9e-05,0.0012049,0.0127003,-9.01e-05,0.0012046,0.0127603
0.0002133,0.0002778,0.0129936,0.0002132,0.0002776,0.0130548
-0.0005826,0.0005542,0.0127415,-0.0005827,0.000554,0.0128017
-0.0002262,0.0008135,0.0127316,-0.0002263,0.0008133,0.0127918
7.52e-05,0.0005352,0.0127702,7.51e-05,0.000535,0.0128305
-0.0004414,0.0012742,0.0124309,-0.0004415,0.0012739,0.01249
0.0002524,-4.35e-05,0.0127569,0.0002523,-4.37e-05,0.0128172
0.0005036,0.0001117,0.0129099,0.0005035,0.0001114,0.0129707
0.0006599,-3.94e-05,0.0126914,0.0006599,-3.97e-05,0.0127515
0.0003906,0.000279,0.0126453,0.0003905,0.0002788,0.0127052
0.0003183,-5.05e-05,0.0130465,0.0003182,-5.08e-05,0.0131078
0.0004095,0.0005471,0.0128612,0.0004094,0.0005469,0.0129219
0.0002932,1.5e-06,0.013333,0.0002931,1.2e-06,0.013395
8e-06,3.56e-05,0.0130803,8e-06,3.53e-05,0.0131416
0.0003343,-0.0002677,0.0131824,0.0003342,-0.000268,0.0132439
0.0003052,0.0005359,0.0135002,0.0003051,0.0005355,0.0135626
0.000216,0.0003636,0.0138855,0.0002159,0.0003632,0.0139487
0.0001381,0.0024703,0.0129831,0.000138,0.002469,0.0130433
9.31e-05,0.0017419,0.0130197,9.3e-05,0.0017412,0.0130804
-0.0004305,-3.95e-05,0.0126291,-0.0004305,-3.97e-05,0.012689
-0.0003914,0.0002408,0.0127729,-0.0003915,0.0002406,0.0128334
-6.3e-05,9.57e-05,0.0127488,-6.3e-05,9.54e-05,0.0128091
-0.0004004,-8.5e-06,0.0130424,-0.0004004,-8.7e-06,0.0131037
-2.9e-05,-0.0002227,0.013224,-2.91e-05,-0.0002229,0.0132858
-3.21e-05,-2.26e-05,0.0134937,-3.21e-05,-2.29e-05,0.013556
-0.0002362,0.0004791,0.012819,-0.0002363,0.0004789,0.0128796
-0.0009059,0.0005141,0.0129095,-0.0009059,0.0005138,0.0129702
-0.0003233,0.0001326,0.013319,-0.0003233,0.0001323,0.013381
-0.0002922,0.0001575,0.0136606,-0.0002923,0.0001572,0.0137233
-8e-06,-0.0003027,0.0134677,-8.1e-06,-0.000303,0.01353
-5.81e-05,1.84e-05,0.0137804,-5.81e-05,1.81e-05,0.0138433
0.000237,-6.26e-05,0.0139273,0.0002369,-6.29e-05,0.0139905
-0.0001071,-0.0002717,0.0138063,-0.0001072,-0.000272,0.0138693
-0.0003233,-0.0002057,0.0134968,-0.0003233,-0.000206,0.0135591
-0.0004043,-0.0002018,0.0139013,-0.0004043,-0.000202,0.0139645
-0.0002552,0.0021517,0.0133469,-0.0002552,0.0021506,0.0134082
-0.0005724,0.0024898,0.0133546,-0.0005722,0.0024884,0.0134157
-0.0006325,0.0028706,0.0129131,-0.0006322,0.002869,0.0129729
0.000144,0.0001706,0.0136196,0.000144,0.0001702,0.0136822
0.0004443,2.5e-06,0.0135489,0.0004442,2.2e-06,0.0136114
0.0002851,-0.0001297,0.0136157,0.000285,-0.0001299,0.0136782
0.0002922,-0.0003298,0.013455,0.0002921,-0.00033,0.0135172
0.0003421,-0.0003058,0.0138206,0.000342,-0.000306,0.0138835
9e-06,-0.0006771,0.0138296,8.9e-06,-0.0006772,0.0138926
-0.0002442,-0.0004989,0.0140053,-0.0002442,-0.0004991,0.0140686
-0.0002442,-0.000504,0.0133102,-0.0002442,-0.0005042,0.013372
-0.0011461,0.0003008,0.0128228,-0.001146,0.0003006,0.0128831
-0.001056,-7.95e-05,0.0128585,-0.001056,-7.98e-05,0.012919
-4.29e-05,0.0012647,0.0119468,-4.3e-05,0.0012646,0.0120041
0.0003337,0.0011746,0.0120207,0.0003337,0.0011744,0.0120783
-8.7e-05,0.0013814,0.0123821,-8.71e-05,0.001381,0.0124411
1.11e-05,0.0007698,0.0123493,1.11e-05,0.0007697,0.0124083
-0.0004195,0.0008288,0.0123934,-0.0004196,0.0008286,0.0124525
-0.0003925,0.0005777,0.0121446,-0.0003926,0.0005775,0.0122028
0.0022933,0.0003429,0.0166706,0.0022929,0.0003424,0.0167372
0.0025563,0.0003379,0.0166728,0.0025558,0.0003374,0.0167393
0.001267,0.0011094,0.014713,0.0012664,0.0011087,0.0147773
0.0013572,0.0003384,0.0144026,0.0013566,0.000338,0.0144665
0.001356,0.0003343,0.0146855,0.0013554,0.0003339,0.0147498
0.0001659,-0.000614,0.0143641,0.0001658,-0.0006141,0.014428
0.0004981,-0.000534,0.0142964,0.0004979,-0.000534,0.0143602
0.000329,-0.0002778,0.0142181,0.0003289,-0.000278,0.0142818
0.0003742,-0.000558,0.0139786,0.000374,-0.0005581,0.0140418
-0.0004244,-0.000552,0.0142842,-0.0004243,-0.0005521,0.0143479
0.0004424,-0.00052,0.0132665,0.0004423,-0.0005202,0.0133282
0.0008047,0.0005052,0.0151336,0.0008043,0.0005046,0.0151989
0.0005779,0.0011135,0.0146623,0.0005776,0.0011127,0.0147267
0.0004967,0.0010351,0.0152619,0.0004964,0.0010343,0.0153273
0.0008806,0.0028873,0.0158027,0.0008803,0.002886,0.0158684
0.0008236,0.0031343,0.0157669,0.0008233,0.0031329,0.0158324
0.0001476,0.0028542,0.0158784,0.0001474,0.0028529,0.0159442
0.0005406,0.0027932,0.0158635,0.0005403,0.0027919,0.0159293
-0.0002354,0.0027942,0.0158303,-0.0002355,0.0027929,0.0158961
-0.0012155,0.0021528,0.0165985,-0.0012153,0.0021519,0.0166651
-0.0014525,0.0024868,0.0165518,-0.0014523,0.0024859,0.0166182
-0.0014044,0.001115,0.0158091,-0.001404,0.0011142,0.0158751
-0.0020854,0.0003779,0.0165718,-0.0020851,0.0003773,0.0166384
-0.0021445,0.001159,0.0157745,-0.0021439,0.0011583,0.0158403
0.0001674,0.0014067,0.0165399,0.0001673,0.001406,0.0166067
0.0004994,0.0013587,0.0165369,0.0004992,0.001358,0.0166038
0.0001164,0.0017747,0.0165152,0.0001163,0.001774,0.0165819
5.05e-05,0.0010837,0.0165116,5.04e-05,0.001083,0.0165785
4.46e-05,-0.0011718,0.0158794,4.45e-05,-0.0011718,0.0159455
-0.0011033,-0.0008519,0.0157824,-0.001103,-0.000852,0.0158484
-0.0007283,-0.0008219,0.0158113,-0.0007281,-0.000822,0.0158774
-0.0002864,-0.0007868,0.0163382,-0.0002864,-0.000787,0.0164048
-0.0010503,-0.000997,0.0165573,-0.0010502,-0.0009972,0.016624
-0.0007493,-0.0010759,0.0165003,-0.0007493,-0.0010762,0.0165669
-8.4e-05,-0.0002968,0.012622,-8.41e-05,-0.000297,0.0126819
0.0002054,-0.0003578,0.0126321,0.0002053,-0.0003581,0.0126921
-0.0003463,-0.0005722,0.0125974,-0.0003464,-0.0005724,0.0126572
-0.0006163,0.0003691,0.015198,-0.0006161,0.0003686,0.0152633
-0.0006674,0.0010777,0.0143723,-0.0006672,0.0010769,0.0144362
-0.0007165,0.0025391,0.0158771,-0.0007163,0.0025379,0.0159429
-0.0002413,0.0029388,0.0148234,-0.0002413,0.0029371,0.0148876
4.07e-05,0.0029708,0.0147495,4.06e-05,0.0029691,0.0148136
9.87e-05,0.0025155,0.0150916,9.86e-05,0.0025141,0.0151565
0.0001037,0.0021224,0.0151531,0.0001036,0.0021211,0.0152182
0.0009682,0.001772,0.0140131,0.0009677,0.0017709,0.014076
0.0007455,0.0024642,0.0130283,0.0007451,0.0024629,0.0130886
0.0006993,0.0024569,0.0132988,0.000699,0.0024555,0.0133598
0.0005912,0.0017323,0.0137191,0.0005909,0.0017313,0.0137814
0.0010205,0.002838,0.0163584,0.0010202,0.0028369,0.0164246
0.0018844,-0.00035,0.0162293,0.0018839,-0.0003503,0.0162956
0.0015414,-0.000324,0.016154,0.0015409,-0.0003243,0.0162204
0.0019962,0.0011835,0.0146699,0.0019952,0.0011827,0.014734
0.0020129,0.0011843,0.0151935,0.002012,0.0011835,0.0152585
0.002271,0.0007183,0.0151535,0.00227,0.0007176,0.0152184
0.0019047,0.0020502,0.0157886,0.001904,0.0020491,0.0158543
0.00189,0.0020985,0.0150692,0.0018891,0.0020973,0.0151338
0.0018328,0.0021354,0.0154259,0.001832,0.0021342,0.0154911
0.0026444,0.0014309,0.0166013,0.0026438,0.0014302,0.0166676
0.0022037,0.0014362,0.0158403,0.0022029,0.0014353,0.0159062
0.0026338,0.0013392,0.0157837,0.0026328,0.0013384,0.0158492
0.0018924,-0.0007889,0.0143954,0.0018914,-0.0007888,0.014459
0.0022154,-0.0008249,0.0143549,0.0022143,-0.0008248,0.0144183
0.0026043,-0.0008119,0.014757,0.002603,-0.0008118,0.014821
0.0023262,-0.0004458,0.0147946,0.0023251,-0.0004459,0.0148588
0.0019211,-0.001478,0.0147225,0.0019202,-0.0014776,0.0147865
0.0022959,0.0002725,0.0138067,0.0022947,0.0002721,0.0138689
0.0022646,0.0010223,0.0129792,0.0022636,0.0010216,0.0130393
0.0018091,0.0011252,0.0132901,0.0018083,0.0011245,0.0133512
0.0021933,0.0011122,0.0132867,0.0021922,0.0011114,0.0133476
0.0022418,0.0006307,0.0137698,0.0022407,0.0006301,0.0138319
0.0018875,0.00141,0.0161079,0.0018869,0.0014092,0.0161742
0.0022205,0.001478,0.0161632,0.0022199,0.0014772,0.0162293
0.0027056,0.0011481,0.0161054,0.0027048,0.0011474,0.0161714
0.0016405,0.001478,0.0159968,0.00164,0.0014772,0.016063
0.0018377,0.0013121,0.015805,0.001837,0.0013113,0.0158709
0.002255,0.0013594,0.0151738,0.002254,0.0013584,0.0152387
0.002598,0.0013144,0.0151382,0.0025969,0.0013135,0.0152029
0.000441,-0.00074,0.0144484,0.0004408,-0.00074,0.0145124
0.0008842,-0.0002578,0.0144277,0.0008838,-0.000258,0.0144917
0.000977,-0.0004088,0.0147008,0.0009765,-0.000409,0.0147652
0.0005791,-0.0002968,0.0144322,0.0005788,-0.0002971,0.0144962
0.000519,-0.0002559,0.0146739,0.0005187,-0.0002561,0.0147384
0.0004619,-0.0008219,0.0147654,0.0004616,-0.0008219,0.0148299
0.0001328,-0.0005079,0.0148647,0.0001327,-0.0005081,0.0149294
0.0006837,-0.0009828,0.0151307,0.0006834,-0.0009828,0.0151958
0.0006686,-0.0009828,0.0154006,0.0006683,-0.0009828,0.0154661
0.0018075,-0.000779,0.01289,0.0018069,-0.000779,0.0129501
0.0021687,-0.000807,0.0129316,0.0021678,-0.0008069,0.0129916
0.0024773,-0.0008169,0.0134254,0.002476,-0.0008168,0.0134866
0.0018858,-0.0008999,0.0136932,0.0018849,-0.0008999,0.0137552
0.0012942,-0.0002371,0.0167227,0.001294,-0.0002375,0.0167896
0.0012066,-0.0015779,0.0159791,0.0012062,-0.0015779,0.0160451
0.0008006,-0.0018689,0.015954,0.0008003,-0.0018688,0.01602
0.0008476,-0.0015429,0.0159968,0.0008472,-0.0015428,0.0160629
0.0026585,-0.001516,0.0165508,0.0026579,-0.0015162,0.0166169
0.0027157,-0.001117,0.016142,0.0027148,-0.0011171,0.0162079
0.0015275,-0.002316,0.0165933,0.0015271,-0.002316,0.0166596
0.0019265,-0.002387,0.0165555,0.0019261,-0.002387,0.0166216
0.0015904,-0.001881,0.0166412,0.0015901,-0.0018811,0.0167076
0.0018454,-0.00161,0.0166672,0.001845,-0.0016101,0.0167337
0.0023195,-0.001981,0.0165887,0.002319,-0.0019811,0.0166548
0.0014825,-0.001995,0.0163382,0.0014821,-0.0019949,0.0164044
0.0019438,-0.0027401,0.0160559,0.0019431,-0.0027397,0.0161214
0.0021707,-0.0027111,0.0162839,0.0021701,-0.0027109,0.0163495
0.0012074,-0.00152,0.0165758,0.0012071,-0.0015201,0.0166424
0.0012095,-0.002342,0.0165971,0.0012092,-0.002342,0.0166635
-0.0006425,-0.002226,0.0166327,-0.0006424,-0.002226,0.0166991
0.0012271,-0.001493,0.014495,0.0012265,-0.0014927,0.0145588
0.0008261,-0.0018431,0.0145339,0.0008256,-0.0018426,0.0145977
0.0005198,-0.0022991,0.0151027,0.0005195,-0.0022985,0.0151674
0.0004688,-0.0018389,0.0152092,0.0004685,-0.0018386,0.0152742
-0.0006403,-0.0014981,0.0144473,-0.0006401,-0.0014978,0.0145111
-0.0002382,-0.0015332,0.0143953,-0.0002382,-0.0015328,0.014459
-0.0009943,-0.0023762,0.0151166,-0.000994,-0.0023755,0.0151812
-0.0006863,-0.0021851,0.0151184,-0.0006861,-0.0021845,0.0151832
-0.0006843,-0.0026302,0.0151697,-0.0006841,-0.0026295,0.0152344
0.0003975,-0.0002677,0.0128209,0.0003975,-0.0002679,0.0128815
0.0003997,-0.0005862,0.0125237,0.0003997,-0.0005864,0.0125832
0.0008337,-0.0018738,0.0129967,0.0008334,-0.0018734,0.0130569
0.0008548,-0.0015116,0.0129793,0.0008545,-0.0015115,0.0130397
0.0006133,-0.0023247,0.0135694,0.0006129,-0.0023238,0.0136309
0.0007503,-0.0026097,0.0136647,0.0007499,-0.0026087,0.0137263
0.0001616,-0.002557,0.0165559,0.0001614,-0.0025569,0.0166222
0.0012217,-0.002311,0.0158205,0.0012212,-0.0023107,0.0158861
0.002253,-0.001797,0.0153713,0.002252,-0.0017967,0.0154362
0.0019779,-0.0026191,0.0157571,0.0019771,-0.0026187,0.0158223
0.0023099,-0.0026902,0.0159052,0.0023091,-0.0026897,0.0159704
0.0018537,-0.001545,0.0158825,0.001853,-0.0015449,0.0159483
-0.0005884,-0.0030661,0.0164701,-0.0005884,-0.0030659,0.016536
-0.0002764,-0.002987,0.0165411,-0.0002764,-0.0029869,0.0166071
-0.0006594,-0.002553,0.0165768,-0.0006594,-0.002553,0.0166431
0.0001065,-0.0018629,0.0165296,0.0001064,-0.001863,0.0165961
7.95e-05,-0.0014789,0.0165484,7.95e-05,-0.001479,0.0166151
0.0004805,-0.0014909,0.0165635,0.0004803,-0.0014911,0.0166302
0.0001487,-0.0030082,0.0159045,0.0001485,-0.0030076,0.0159699
0.0001157,-0.0026391,0.0158993,0.0001156,-0.0026387,0.0159649
-0.0013474,-0.0029862,0.0162942,-0.0013472,-0.0029859,0.0163599
-0.0010904,-0.0030992,0.0162623,-0.0010902,-0.0030988,0.0163279
-0.0018354,-0.0007841,0.0162586,-0.001835,-0.0007843,0.016325
-0.0021414,-0.0011261,0.0165937,-0.002141,-0.0011263,0.0166601
-0.0002865,-0.0015149,0.0165534,-0.0002865,-0.001515,0.01662
8.25e-05,-0.0011529,0.0165353,8.24e-05,-0.0011531,0.016602
-0.0009825,-0.000772,0.0143919,-0.0009821,-0.000772,0.0144557
-0.0005074,-0.0005069,0.0147949,-0.0005072,-0.000507,0.0148595
-0.0006583,-0.0010069,0.0150645,-0.0006581,-0.0010068,0.0151294
-0.0002522,-0.0030363,0.015135,-0.0002522,-0.0030354,0.0151994
-0.0005913,-0.0022126,0.0137458,-0.0005911,-0.0022118,0.0138078
-0.0006603,-0.0025317,0.0137941,-0.00066,-0.0025307,0.0138561
-0.0014434,-0.001942,0.0165797,-0.0014432,-0.0019421,0.0166461
-0.0014124,-0.0025652,0.0157294,-0.001412,-0.0025647,0.0157947
-0.0014164,-0.00112,0.0164944,-0.0014161,-0.0011202,0.016561
-0.0017825,-0.0007709,0.0148164,-0.0017818,-0.0007709,0.0148808
-0.0020894,-0.0019351,0.0165379,-0.0020891,-0.0019351,0.016604
-0.0013975,-0.0030765,0.0147985,-0.0013969,-0.0030754,0.0148622
-0.0010934,-0.0030845,0.0147944,-0.001093,-0.0030834,0.0148582
-0.0014334,-0.0025803,0.0150969,-0.0014329,-0.0025795,0.0151613
-0.0029596,-0.0015862,0.0161473,-0.0029588,-0.0015862,0.0162129
-0.0026075,-0.0016162,0.0162142,-0.0026069,-0.0016161,0.01628
-0.0028885,-0.0012352,0.0162072,-0.0028879,-0.0012352,0.016273
-0.0029045,-0.0007892,0.016605,-0.002904,-0.0007894,0.0166712
-0.0025434,-0.0008441,0.0166149,-0.002543,-0.0008444,0.0166812
-0.0021705,-0.0018761,0.0158463,-0.0021699,-0.0018759,0.0159118
-0.0014394,-0.0018631,0.0158719,-0.001439,-0.0018628,0.0159377
-0.0018014,-0.0015551,0.0154992,-0.0018008,-0.0015549,0.0155645
-0.0020895,-0.0013261,0.0154393,-0.0020888,-0.0013259,0.0155045
-0.0028094,0.0002188,0.0164762,-0.0028089,0.0002184,0.0165424
-0.0028585,-0.0004242,0.016577,-0.002858,-0.0004245,0.0166433
-0.0013196,0.0010606,0.0143858,-0.0013191,0.0010598,0.0144496
-0.0013912,-0.0003618,0.0129887,-0.0013909,-0.000362,0.0130493
-0.0021675,-0.0004328,0.0129888,-0.0021668,-0.0004329,0.013049
-0.001839,-0.0008261,0.0134269,-0.0018384,-0.000826,0.0134883
-0.0020402,-0.0005959,0.0134141,-0.0020393,-0.0005959,0.0134754
-0.002141,-0.0011742,0.013725,-0.00214,-0.0011738,0.0137869
-0.0020433,-0.0004241,0.0165426,-0.002043,-0.0004245,0.0166092
-0.0025355,-0.0008801,0.0153956,-0.0025347,-0.00088,0.0154606
-0.0027956,-0.000556,0.0154686,-0.0027946,-0.0005562,0.0155338
-0.0025456,-0.0019362,0.0152749,-0.0025447,-0.0019358,0.0153395
-0.0028586,-0.000319,0.0157775,-0.0028577,-0.0003193,0.015843
-0.003219,0.0008654,0.0146671,-0.0032175,0.0008646,0.0147308
-0.0031978,-0.000408,0.0150603,-0.0031965,-0.0004082,0.0151246
-0.0013521,0.0011144,0.0129844,-0.0013517,0.0011138,0.013045
-0.002046,0.0003075,0.0137597,-0.0020452,0.0003071,0.0138219
-0.0017118,0.0001784,0.013958,-0.0017112,0.0001781,0.0140208
-0.0011233,-0.0008099,0.0161923,-0.0011231,-0.0008102,0.0162588
-0.0014283,-0.000526,0.0161814,-0.001428,-0.0005263,0.0162478
-0.0018224,-0.00078,0.0155739,-0.0018218,-0.0007801,0.0156395
-0.0020885,-0.000554,0.0154062,-0.0020877,-0.0005541,0.0154715
-0.0021264,-0.000419,0.01574,-0.0021258,-0.0004193,0.0158057
-0.0025366,-0.000879,0.0150299,-0.0025356,-0.000879,0.0150943
-0.0021485,0.001491,0.0161125,-0.002148,0.0014902,0.0161786
-0.0020874,0.0010408,0.0165501,-0.0020871,0.0010402,0.0166166
-0.0017965,0.0015139,0.0161094,-0.001796,0.0015131,0.0161755
-0.0014405,0.0015359,0.0161162,-0.0014401,0.0015351,0.0161825
-0.0020965,0.0014528,0.0164823,-0.0020961,0.0014521,0.0165487
-0.0017374,0.0014828,0.0164652,-0.0017372,0.0014821,0.0165317
-0.0025357,0.0014952,0.0154022,-0.0025347,0.0014943,0.0154673
-0.0022116,0.0014772,0.015381,-0.0022108,0.0014763,0.0154462
-0.0029477,0.0014501,0.015792,-0.0029468,0.0014492,0.0158575
-0.0025346,0.0014701,0.0157259,-0.0025338,0.0014692,0.0157914
-0.0022317,0.0017724,0.0150415,-0.0022308,0.0017713,0.0151061
-0.0022116,0.0014193,0.0150113,-0.0022107,0.0014184,0.0150759
-0.0018265,0.0013893,0.0150739,-0.0018258,0.0013884,0.0151388
-0.0029148,0.0014423,0.0150557,-0.0029136,0.0014414,0.0151201
-0.0026097,0.0014103,0.0150395,-0.0026087,0.0014094,0.015104
-0.0014426,0.0025002,0.0158112,-0.0014421,0.002499,0.0158769
-0.0013545,0.0021571,0.0158238,-0.0013541,0.002156,0.0158897
-0.0010915,0.0021811,0.0158198,-0.0010912,0.00218,0.0158857
-0.0021366,0.0022091,0.0158341,-0.002136,0.002208,0.0158998
-0.0018356,0.0021821,0.015838,-0.001835,0.002181,0.0159037
-0.0013735,0.0014958,0.0164371,-0.0013732,0.001495,0.0165037
-0.0010495,0.0014588,0.016496,-0.0010493,0.001458,0.0165627
-0.0011345,0.0029605,0.0154038,-0.0011342,0.0029589,0.0154689
-0.0023603,0.0037207,0.0008125,-0.0023573,0.0037163,0.0008214
-0.0018182,0.003677,0.0007707,-0.0018157,0.0036724,0.0007805
-0.0028954,0.0035961,0.0010604,-0.0028922,0.0035925,0.0010692
-0.0022748,0.0035986,0.0009541,-0.0022721,0.0035946,0.0009639
-0.0033993,0.0033414,0.0012888,-0.0033961,0.0033386,0.0012976
-0.002777,0.0034434,0.0011811,-0.0027741,0.0034401,0.0011909
0.0001156,-0.0048085,0.0005849,0.0001156,-0.0048019,0.0005915
-0.0005655,-0.0031388,0.0004212,-0.0005645,-0.0031336,0.0004326
-0.0013096,-0.0030642,0.0004319,-0.0013074,-0.0030592,0.0004429
-0.0004444,-0.0028991,0.0005118,-0.0004437,-0.0028944,0.000524
0.0001543,-0.0029036,0.0005067,0.0001542,-0.0028989,0.000519
0.000218,-0.0023317,0.000273,0.0002177,-0.0023274,0.0002858
0.0009676,-0.0023927,0.0002789,0.000966,-0.0023883,0.0002913
-0.00065,-0.0017181,0.0002889,-0.0006488,-0.0017148,0.0003024
0.0002793,-0.001667,0.0002722,0.0002789,-0.0016638,0.0002859
0.0002253,-0.0030593,0.0004153,0.000225,-0.0030542,0.000427
-0.0004637,-0.0043254,0.0009285,-0.0004631,-0.0043202,0.0009377
2.68e-05,-0.0043329,0.0009364,2.69e-05,-0.0043277,0.0009457
0.0001952,-0.0049312,0.0009161,0.0001951,-0.0049255,0.0009231
0.0001233,-0.0045441,0.000819,0.0001233,-0.0045385,0.0008273
-0.0011464,-0.0049553,0.0009947,-0.0011451,-0.00495,0.0010012
-0.001092,-0.0045721,0.0008968,-0.0010906,-0.0045666,0.0009046
-0.0003728,-0.0044018,0.0008121,-0.0003722,-0.0043962,0.0008207
-0.0013404,-0.0043165,0.0008308,-0.0013386,-0.004311,0.0008391
-0.0016337,-0.0046873,0.0011642,-0.001632,-0.0046827,0.0011717
-0.0011098,-0.0047788,0.0011363,-0.0011086,-0.004774,0.001144
-0.0009831,-0.0045772,0.0012658,-0.0009821,-0.0045728,0.0012747
-0.0004867,-0.0029171,0.0017617,-0.0004862,-0.0029145,0.0017774
-0.0008667,-0.0028637,0.0019485,-0.0008659,-0.0028613,0.0019647
-0.000375,-0.0027848,0.0021333,-0.0003746,-0.0027826,0.0021504
-0.0009107,-0.0028966,0.0023398,-0.0009101,-0.0028946,0.002357
-0.0013617,-0.0034321,0.0022751,-0.0013609,-0.0034299,0.0022905
-0.0008551,-0.0033397,0.0023015,-0.0008545,-0.0033375,0.0023176
-0.000358,-0.0022781,0.0002147,-0.0003573,-0.0022738,0.0002275
0.0002381,-0.0023304,0.0001901,0.0002377,-0.002326,0.0002028
-0.0019598,-0.0022652,0.0002658,-0.0019563,-0.0022611,0.0002771
-0.0013843,-0.002383,0.0002311,-0.0013818,-0.0023786,0.0002429
-0.0020173,-0.0028743,0.0003386,-0.0020139,-0.0028694,0.0003489
-0.0014651,-0.002897,0.0003195,-0.0014626,-0.0028919,0.0003305
-0.0026889,-0.003062,0.0004758,-0.0026848,-0.0030572,0.0004847
-0.0020539,-0.0030684,0.00044,-0.0020506,-0.0030635,0.00045
-0.0029684,-0.0045845,0.000834,-0.0029651,-0.0045794,0.0008384
-0.002496,-0.0046648,0.000824,-0.0024932,-0.0046595,0.0008292
-0.0025212,-0.0045038,0.0010216,-0.0025186,-0.0044991,0.0010278
-0.0019555,-0.0046388,0.001362,-0.0019538,-0.0046348,0.0013696
-0.001565,-0.0046251,0.0013136,-0.0015635,-0.0046208,0.0013219
0.0041758,-0.0034868,0.000335,0.00417,-0.0034817,0.0003385
0.0039753,-0.0033266,0.000791,0.0039708,-0.0033226,0.0007966
0.0044068,-0.003366,0.0008635,0.0044021,-0.0033622,0.0008677
0.0026563,-0.0027057,0.0007264,0.0026527,-0.0027018,0.000737
0.0032464,-0.0026482,0.0007396,0.0032422,-0.0026446,0.0007489
0.0028466,-0.0022011,0.0006807,0.0028426,-0.0021978,0.0006917
0.0025108,-0.0006548,0.0002439,0.0025064,-0.0006534,0.0002561
0.0017297,-0.0008199,0.0001793,0.0017266,-0.0008181,0.0001924
0.0044145,-0.0013796,0.0010177,0.0044098,-0.0013779,0.0010262
0.0044185,-0.0008632,0.0010151,0.0044138,-0.0008621,0.0010241
0.0028302,0.003175,0.0007637,0.0028266,0.0031712,0.000773
0.0032997,0.0030198,0.0009563,0.003296,0.0030166,0.0009653
0.0027781,0.0028241,0.0008807,0.0027748,0.0028208,0.0008913
0.0027145,0.0028765,0.001184,0.0027118,0.0028737,0.0011955
0.0032716,0.0023697,0.0007768,0.0032675,0.0023668,0.0007869
0.0026284,0.0028649,0.000763,0.002625,0.0028614,0.0007735
0.0031736,0.0024305,0.0009113,0.0031698,0.0024278,0.0009219
0.0037394,0.0031092,0.0009367,0.0037354,0.003106,0.0009442
0.001932,0.0038798,0.0009804,0.0019298,0.0038756,0.00099
0.0019305,0.0033756,0.0010422,0.0019283,0.003372,0.0010535
0.001562,0.0041159,0.000954,0.0015602,0.0041114,0.0009633
0.0001974,0.0043452,0.0007687,0.0001972,0.0043399,0.0007776
0.0002241,0.0041734,0.0008964,0.0002239,0.0041685,0.0009063
0.0007379,0.0042559,0.0009375,0.0007371,0.0042511,0.000947
0.0001842,0.0036643,0.0008321,0.000184,0.0036597,0.0008434
-0.0027025,0.0020648,0.0003269,-0.0026979,0.0020616,0.0003377
-0.0021996,0.0021615,0.0002991,-0.0021957,0.002158,0.0003107
-0.0027197,0.0025975,0.0004866,-0.0027155,0.0025937,0.0004968
-0.0021854,0.0026844,0.0004354,-0.0021819,0.0026804,0.0004463
-0.0018336,0.0049199,0.000834,-0.0018315,0.0049147,0.0008395
-0.0011695,0.0042899,0.0008134,-0.001168,0.0042849,0.000822
-0.0012032,0.0037777,0.0007271,-0.0012015,0.0037728,0.0007371
-0.0006321,0.0037592,0.0007145,-0.0006311,0.0037543,0.000725
-0.0017488,0.0036387,0.0009138,-0.0017466,0.0036345,0.0009242
-0.0022346,0.0034264,0.0010864,-0.002232,0.0034229,0.0010972
-0.0017017,0.0033631,0.0010146,-0.0016997,0.0033593,0.0010261
-0.000899,0.0034876,0.0017188,-0.0008982,0.003485,0.0017329
-0.0002034,0.0039003,0.0018449,-0.0002032,0.0038977,0.0018585
-0.0003922,0.0029897,0.0017732,-0.0003918,0.0029874,0.0017888
-0.0001305,0.0011227,0.0027156,-0.0001304,0.0011222,0.0027369
2.38e-05,0.0016435,0.002491,2.38e-05,0.0016425,0.0025111
8.46e-05,0.0014172,0.0028742,8.46e-05,0.0014165,0.0028956
0.0003729,0.0011241,0.0027158,0.0003727,0.0011236,0.0027371
-0.0005863,0.0011711,0.0027102,-0.0005859,0.0011705,0.0027313
-0.0001364,0.0011353,0.0029837,-0.0001363,0.0011348,0.0030057
-0.0005983,0.0015047,0.002724,-0.0005979,0.001504,0.0027448
-0.0003732,0.0008216,0.0025834,-0.0003729,0.0008212,0.0026045
-0.0018595,0.0026242,0.0017308,-0.0018579,0.0026222,0.001746
-0.001482,0.0024627,0.0017477,-0.0014806,0.0024608,0.0017637
-0.0018722,0.0024322,0.0019312,-0.0018707,0.0024305,0.0019473
-0.001412,0.0020094,0.0016723,-0.0014107,0.0020078,0.0016888
-0.0009299,0.0020139,0.0016434,-0.0009289,0.0020121,0.0016603
-0.0012312,0.002271,0.0015864,-0.0012299,0.002269,0.0016025
-0.0012416,0.002428,0.0020256,-0.0012407,0.0024264,0.0020427
-0.0008975,0.0024684,0.0019456,-0.0008967,0.0024667,0.0019627
-0.0014315,0.0022344,0.0002227,-0.0014289,0.0022307,0.000235
-0.0033299,0.0025537,0.000534,-0.003325,0.0025502,0.0005428
-0.0029721,0.0030131,0.0009486,-0.0029685,0.0030098,0.0009585
-0.0024292,0.0030351,0.0008688,-0.0024261,0.0030315,0.0008796
-0.0025761,0.0025856,0.0006953,-0.0025725,0.0025822,0.0007064
-0.0019909,0.0025547,0.0006413,-0.0019879,0.0025512,0.0006533
-0.0029702,0.0024016,0.0008692,-0.0029664,0.0023988,0.0008802
-0.0035365,0.0029461,0.0010254,-0.0035326,0.0029432,0.0010341
-0.0041981,0.001976,0.0008764,-0.0041931,0.0019739,0.0008846
-0.0037437,0.0018249,0.0007728,-0.0037388,0.0018228,0.0007824
-0.0018894,0.0005478,0.000233,-0.001886,0.0005471,0.0002462
-0.0013831,-0.0007804,0.0001926,-0.0013806,-0.0007788,0.0002062
-0.0022503,5.4e-05,0.0002778,-0.0022463,5.41e-05,0.0002907
-0.0038114,-0.0006268,0.0007171,-0.0038062,-0.0006257,0.0007275
-0.0048465,-0.0012168,0.0007443,-0.0048406,-0.0012151,0.0007507
-0.0043583,-0.0015104,0.0006883,-0.0043526,-0.0015082,0.0006959
-0.004121,0.0001009,0.0008983,-0.0041159,0.000101,0.0009084
-0.0031994,-0.0014934,0.0006713,-0.0031948,-0.001491,0.0006824
-0.0035136,-0.0010349,0.0007122,-0.0035087,-0.0010332,0.0007232
-0.0045094,-0.0019163,0.0011233,-0.0045049,-0.0019142,0.0011309
-0.004126,-0.0018058,0.0009871,-0.0041213,-0.0018035,0.000996
-0.0045123,-0.0012899,0.0012333,-0.004508,-0.0012885,0.0012422
-0.0044378,0.0005722,0.001233,-0.0044334,0.0005719,0.0012427
-0.0035475,-0.0024897,0.0009528,-0.0035433,-0.0024867,0.0009622
-0.0035833,-0.0027041,0.0008133,-0.0035788,-0.0027006,0.0008218
-0.0031537,-0.0027188,0.0007301,-0.0031495,-0.002715,0.0007394
-0.0026997,-0.0033832,0.001322,-0.0026971,-0.0033798,0.0013324
-0.0031842,-0.0033076,0.0015771,-0.0031816,-0.0033049,0.0015873
0.0018955,0.002154,0.0162384,0.001895,0.0021531,0.0163045
0.0022646,0.0022201,0.0161587,0.0022639,0.0022191,0.0162246
0.0027222,-0.0009989,0.0150049,0.002721,-0.0009988,0.0150692
0.002708,-0.0010429,0.0153666,0.0027069,-0.0010429,0.0154315
0.0023081,-0.001494,0.0151235,0.002307,-0.0014937,0.0151881
0.0025812,-0.001489,0.0150588,0.00258,-0.0014887,0.0151232
0.0023095,-0.0026161,0.0165708,0.002309,-0.002616,0.0166366
-0.0021065,-0.0003919,0.0150664,-0.0021057,-0.0003921,0.0151312
-0.0025066,0.00191,0.0161529,-0.002506,0.0019091,0.0162188
-0.0021895,0.001891,0.0161208,-0.002189,0.0018901,0.0161868
-0.0013674,0.001818,0.0157876,-0.0013671,0.0018171,0.0158535
-0.0013774,0.001494,0.0157754,-0.001377,0.0014931,0.0158413
-0.0010294,0.0013819,0.0158391,-0.0010291,0.0013811,0.0159052
-0.0021495,0.0015411,0.0157187,-0.0021489,0.0015402,0.0157844
-0.0017975,0.0015051,0.0157715,-0.0017969,0.0015042,0.0158374
-0.0021866,0.0018963,0.0154262,-0.0021858,0.0018952,0.0154914
-0.0014555,0.0025195,0.0151407,-0.001455,0.0025181,0.0152055
-0.0014025,0.0021334,0.0151353,-0.001402,0.0021322,0.0152002
0.0009188,-0.0030575,0.0003003,0.0009173,-0.0030521,0.0003113
0.0001406,-0.0046511,0.0012008,0.0001406,-0.0046465,0.0012097
0.0006765,-0.0045681,0.0011924,0.0006759,-0.0045635,0.0012014
-0.0010782,0.0041644,0.0009534,-0.0010769,0.0041598,0.0009629
-0.000423,0.0042085,0.0009076,-0.0004225,0.0042037,0.0009173
0.0001366,0.0013679,0.015882,0.0001365,0.0013671,0.0159482
0.0004945,0.0012969,0.015772,0.0004943,0.0012961,0.0158381
0.00093,0.0028601,0.0144111,0.0009295,0.0028583,0.0144745
0.0001228,0.0029211,0.0143629,0.0001227,0.0029193,0.0144263
0.0004439,0.0028851,0.014343,0.0004436,0.0028834,0.0144063
0.0022407,-0.0003569,0.0157488,0.0022399,-0.0003572,0.0158145
0.0027119,-0.0002889,0.0154195,0.0027108,-0.0002891,0.0154846
0.0013593,-0.0002747,0.0129461,0.001359,-0.0002749,0.0130067
0.0005706,-0.0002818,0.0130269,0.0005706,-0.000282,0.013088
0.0004224,-0.0008272,0.0133187,0.0004223,-0.0008274,0.0133804
0.0001421,-0.0004949,0.0133102,0.0001421,-0.0004951,0.013372
0.0006633,-0.0009892,0.0138945,0.000663,-0.0009891,0.0139573
0.0012027,-0.0014511,0.0114959,0.0012026,-0.0014512,0.011551
0.000323,-0.0005173,0.011566,0.000323,-0.0005176,0.0116218
0.0006147,-0.0004843,0.0113557,0.0006148,-0.0004845,0.0114107
0.0001788,-0.0002458,0.0112059,0.0001788,-0.000246,0.0112603
0.0003912,-0.000362,0.0113885,0.0003913,-0.0003623,0.0114436
0.0002178,0.0001071,0.0112887,0.0002179,0.000107,0.0113434
0.0002338,-0.0002688,0.0116825,0.0002338,-0.000269,0.0117389
0.0002498,4.68e-05,0.0117333,0.0002498,4.67e-05,0.01179
0.0003138,-0.0003179,0.0119707,0.0003138,-0.0003181,0.0120283
0.0004662,-0.0004752,0.0117854,0.0004662,-0.0004755,0.0118422
-0.0004788,-0.0004983,0.0114253,-0.000479,-0.0004986,0.0114805
-0.0004137,-0.0002017,0.0113734,-0.0004139,-0.0002019,0.0114285
1.63e-05,-7.14e-05,0.0113882,1.63e-05,-7.15e-05,0.0114434
-0.0003775,-0.0004171,0.0120584,-0.0003776,-0.0004173,0.0121164
-5.79e-05,-0.0002688,0.0119685,-5.8e-05,-0.0002691,0.0120261
0.0001464,-0.000421,0.0122908,0.0001464,-0.0004213,0.0123496
0.0002414,2.06e-05,0.0124354,0.0002414,2.04e-05,0.0124947
0.0008009,-0.0018218,0.0115449,0.0008007,-0.0018218,0.0116001
0.000889,-0.0014851,0.0114934,0.0008889,-0.0014852,0.0115485
0.0003051,0.0004149,0.0111364,0.0003051,0.0004149,0.0111904
-6.59e-05,0.0003607,0.0112549,-6.59e-05,0.0003607,0.0113094
0.0003301,0.0009089,0.0112285,0.0003301,0.000909,0.0112828
0.0002547,0.0004526,0.0117764,0.0002548,0.0004526,0.0118332
0.0003762,-0.0001004,0.0114183,0.0003762,-0.0001006,0.0114736
-0.0001381,-9.65e-05,0.0116484,-0.0001381,-9.66e-05,0.0117047
0.0003904,7.9e-06,0.0110346,0.0003904,7.8e-06,0.0110881
-0.000109,-0.0006964,0.0124108,-0.0001091,-0.0006966,0.01247
-0.0002503,-0.0005694,0.0118481,-0.0002504,-0.0005697,0.0119051
0.0004921,0.0001851,0.011945,0.0004922,0.0001849,0.0120025
0.0002936,0.0005305,0.0124079,0.0002935,0.0005303,0.0124672
0.0003428,-7.65e-05,0.0121193,0.0003428,-7.67e-05,0.0121775
-7.2e-05,-4.94e-05,0.0123076,-7.2e-05,-4.96e-05,0.0123664
0.0005859,-0.0023281,0.0121768,0.0005857,-0.0023277,0.0122342
0.0004347,-0.0014529,0.0154388,0.0004345,-0.0014527,0.0155043
0.0001947,-0.0011908,0.0155155,0.0001945,-0.0011907,0.0155811
-0.0002394,-0.0017559,0.0158277,-0.0002393,-0.0017558,0.0158936
9.37e-05,-0.0017659,0.0158277,9.35e-05,-0.0017657,0.0158936
-0.0003033,-0.0015419,0.0154217,-0.0003032,-0.0015417,0.0154872
-0.0006453,-0.0011499,0.0153765,-0.0006451,-0.0011498,0.0154419
-0.0013523,-0.001533,0.015361,-0.0013519,-0.0015328,0.0154263
-0.0021976,-0.0015281,0.0148499,-0.0021967,-0.0015278,0.0149141
-0.0019035,-0.0014771,0.0148278,-0.0019027,-0.0014768,0.014892
-0.0021446,-0.001218,0.0147579,-0.0021437,-0.0012178,0.014822
-0.0027749,-0.0003359,0.0143887,-0.0027736,-0.000336,0.014452
-0.0027969,-0.000786,0.0144097,-0.0027956,-0.0007859,0.014473
-0.0024858,-0.000849,0.0143685,-0.0024847,-0.0008489,0.0144318
-0.0032219,0.0007378,0.0132544,-0.0032202,0.0007372,0.0133148
-0.0027743,0.0003815,0.0136838,-0.0027729,0.0003811,0.0137455
-0.0028793,-0.0003118,0.0137177,-0.0028779,-0.0003119,0.0137795
-0.0003735,-0.0001185,0.0120394,-0.0003736,-0.0001188,0.0120972
-0.0005895,0.0003516,0.0138447,-0.0005894,0.0003512,0.0139077
-0.0005325,0.0010535,0.0129638,-0.0005325,0.0010532,0.0130245
-0.0009198,-0.0003248,0.0133406,-0.0009197,-0.000325,0.0134024
-0.0007864,-0.0005324,0.0114733,-0.0007866,-0.0005326,0.0115287
-0.0011437,-0.0005206,0.0110602,-0.0011439,-0.0005208,0.0111136
-0.001707,0.0010937,0.0116079,-0.0017068,0.0010935,0.0116635
-0.0014006,0.0010799,0.0114886,-0.0014006,0.0010797,0.0115438
-0.0014024,-0.000374,0.0115436,-0.0014025,-0.0003742,0.0115991
-0.0020642,0.000407,0.0123378,-0.0020637,0.0004067,0.0123962
-0.0021244,0.0011132,0.0115658,-0.0021239,0.0011127,0.011621
-0.0014241,0.0011146,0.010192,-0.0014238,0.0011143,0.0102417
-0.0006909,-0.0005328,0.0100152,-0.0006909,-0.0005328,0.010064
-0.0008778,-0.0002403,0.0099355,-0.0008777,-0.0002404,0.0099839
-0.0004528,-0.0002484,0.0099391,-0.0004528,-0.0002485,0.0099876
-0.0009226,0.0001511,0.0097833,-0.0009225,0.000151,0.0098311
-0.0010024,-0.0002648,0.0103595,-0.0010025,-0.0002648,0.0104099
-0.0008814,-0.0001558,0.0096194,-0.0008813,-0.0001559,0.0096665
-0.0012774,-0.0002847,0.0101743,-0.0012773,-0.0002847,0.0102239
-0.0011334,-0.0002906,0.0095095,-0.0011332,-0.0002906,0.0095561
-0.0011238,-0.0005597,0.010352,-0.0011238,-0.0005598,0.0104024
-0.0010908,-0.0005216,0.0096567,-0.0010905,-0.0005215,0.0097039
-0.0001006,-0.0007165,0.0099896,-0.0001006,-0.0007165,0.0100383
-4.7e-05,-0.0004327,0.0097963,-4.7e-05,-0.0004327,0.0098442
-0.0001356,-0.0006597,0.0094557,-0.0001356,-0.0006596,0.0095021
0.0001735,-0.0002563,0.0097889,0.0001735,-0.0002564,0.0098368
-0.0001094,-3.03e-05,0.0098868,-0.0001095,-3.03e-05,0.009935
-0.000116,-0.000196,0.010346,-0.0001161,-0.0001961,0.0103963
-0.0001568,-0.0002074,0.0096007,-0.0001568,-0.0002074,0.0096478
-0.0006083,0.0001011,0.0099253,-0.0006083,0.000101,0.0099738
-0.0004757,-0.0002683,0.0095832,-0.0004757,-0.0002683,0.0096301
-0.0005958,-0.0003153,0.0105809,-0.000596,-0.0003155,0.0106322
-0.0003487,-0.0005508,0.0097505,-0.0003487,-0.0005508,0.0097981
-0.0005302,-0.0006388,0.0094361,-0.0005301,-0.0006387,0.0094824
-0.0007479,0.000454,0.0099218,-0.0007479,0.0004539,0.0099703
-0.0011783,-5.85e-05,0.0099925,-0.0011782,-5.86e-05,0.0100413
-0.0010964,-0.0004926,0.0092081,-0.0010961,-0.0004924,0.0092534
-2.26e-05,-0.000257,0.0107127,-2.27e-05,-0.0002571,0.0107648
-0.000114,-0.0006448,0.0110496,-0.000114,-0.0006451,0.0111031
0.0003717,-0.0001556,0.0106681,0.0003717,-0.0001558,0.0107199
-6.88e-05,0.0001906,0.0105665,-6.89e-05,0.0001906,0.0106179
-0.0001721,-0.0002217,0.0110823,-0.0001722,-0.0002219,0.0111361
-0.0005261,-0.0001997,0.0110016,-0.0005263,-0.0001998,0.011055
-0.0003796,-0.0004783,0.0111462,-0.0003798,-0.0004786,0.0112002
-0.0002556,-0.0004831,0.0105042,-0.0002557,-0.0004833,0.0105553
0.0002838,0.0001176,0.0104199,0.0002838,0.0001176,0.0104706
2.14e-05,5.8e-05,0.0109886,2.13e-05,5.79e-05,0.011042
-2.78e-05,0.0004922,0.0109131,-2.78e-05,0.0004922,0.0109661
-0.0002834,-0.0001005,0.0107405,-0.0002836,-0.0001006,0.0107927
-0.0003299,0.0002892,0.009873,-0.0003299,0.0002892,0.0099213
0.0001893,0.0002224,0.0099399,0.0001892,0.0002223,0.0099884
-5.61e-05,0.000421,0.0098042,-5.61e-05,0.000421,0.0098521
3.79e-05,7.07e-05,0.0101988,3.78e-05,7.06e-05,0.0102485
-0.0001238,0.0001374,0.0095275,-0.0001238,0.0001374,0.0095743
0.000376,0.0004644,0.0099824,0.0003759,0.0004643,0.0100312
0.0001753,0.0007784,0.0098828,0.0001753,0.0007782,0.0099311
9.4e-05,0.000494,0.0102488,9.4e-05,0.000494,0.0102987
3.2e-06,0.0004984,0.0094932,3.2e-06,0.0004983,0.0095398
-0.0004627,0.0009383,0.0096193,-0.0004627,0.000938,0.0096665
-0.0005097,6.35e-05,0.0096056,-0.0005096,6.34e-05,0.0096526
-0.0006153,0.0001836,0.0093269,-0.0006152,0.0001835,0.0093727
-0.0011323,-0.0001319,0.0093217,-0.001132,-0.0001319,0.0093676
-0.0020974,0.0003374,0.0109513,-0.0020971,0.0003371,0.0110041
-0.0002914,0.0013589,0.0158089,-0.0002914,0.0013581,0.0158751
-0.0016886,0.0019634,0.0150594,-0.0016879,0.0019622,0.0151241
-0.0014045,0.0017873,0.015111,-0.001404,0.0017863,0.0151759
-0.0014065,0.0014303,0.0151337,-0.0014059,0.0014294,0.0151987
-0.0010474,0.0013793,0.0150914,-0.001047,0.0013784,0.0151565
-0.0009725,0.0021458,0.0144388,-0.0009721,0.0021445,0.0145025
0.0020704,-0.0036482,0.0011082,0.0020683,-0.003644,0.0011185
0.0032132,-0.0025547,0.0008811,0.0032093,-0.0025514,0.0008911
0.003721,-0.002536,0.0009839,0.0037169,-0.002533,0.0009927
0.0032821,-0.0019716,0.0008299,0.003278,-0.0019689,0.0008407
0.0029162,-0.0013808,0.000663,0.0029121,-0.0013786,0.000675
0.0034568,-0.0014384,0.000687,0.0034521,-0.0014362,0.0006976
0.0025224,-0.0023914,0.0009379,0.0025193,-0.0023882,0.0009499
0.0029685,-0.0024625,0.0010095,0.0029651,-0.0024595,0.0010206
0.0039072,-0.0005571,0.0008822,0.0039024,-0.0005562,0.0008928
0.0034099,-0.0005352,0.0006672,0.0034051,-0.0005342,0.0006786
0.0039955,-0.0004874,0.0007551,0.0039904,-0.0004866,0.0007651
0.0041545,0.00037,0.0012474,0.0041505,0.0003699,0.0012584
0.0026216,0.0019003,0.0007905,0.0026182,0.0018979,0.0008029
0.0025268,0.0018759,0.0008868,0.0025236,0.0018737,0.0008996
0.004043,0.0014752,0.0013169,0.0040393,0.001474,0.0013276
0.0033592,0.0021035,0.0014076,0.0033562,0.0021018,0.0014196
0.0035085,0.0024673,0.0016564,0.0035059,0.0024657,0.0016682
0.0028972,0.0038701,0.0014794,0.002895,0.0038674,0.0014885
0.0022663,0.0036119,0.0014803,0.0022644,0.003609,0.0014916
0.0023219,0.0031153,0.0014247,0.0023198,0.0031126,0.0014371
0.0027856,0.0031443,0.0017181,0.0027836,0.0031422,0.0017303
0.0032091,0.003101,0.0017542,0.003207,0.0030991,0.0017657
0.0026425,0.0028951,0.0018141,0.0026407,0.0028932,0.0018276
0.002915,0.0026387,0.0018581,0.0029131,0.002637,0.0018716
0.0004856,0.0015576,0.0026018,0.0004854,0.0015568,0.0026222
0.0008913,0.0016077,0.0027297,0.0008908,0.001607,0.0027503
0.0005415,0.0014358,0.0028449,0.0005412,0.0014351,0.0028661
0.000602,0.0008401,0.0025866,0.0006016,0.0008398,0.0026076
0.0003626,0.0005988,0.002722,0.0003624,0.0005986,0.0027436
0.000324,0.0011273,0.0029684,0.0003238,0.0011268,0.0029904
0.0007268,-0.0002098,0.0026536,0.0007263,-0.0002095,0.002675
0.0003127,0.0006425,0.0029295,0.0003125,0.0006423,0.0029517
0.0005186,3.9e-05,0.0025331,0.0005183,3.92e-05,0.0025542
0.0002689,-0.0003754,0.0026705,0.0002688,-0.000375,0.002692
0.0004641,0.0002985,0.0029421,0.0004639,0.0002985,0.0029644
0.0012032,0.0014977,0.0014251,0.001202,0.0014963,0.0014417
0.0003983,0.0002063,0.0031581,0.0003981,0.0002063,0.003181
-0.000118,0.0006472,0.0029295,-0.0001179,0.000647,0.0029517
0.0003356,0.0006666,0.003187,0.0003354,0.0006664,0.00321
6.72e-05,0.0004735,0.0031244,6.72e-05,0.0004734,0.0031473
0.000577,-3.32e-05,0.0030362,0.0005766,-3.3e-05,0.0030587
0.0002922,-0.0003064,0.0031318,0.0002921,-0.000306,0.0031546
0.0005894,-2.67e-05,0.003296,0.000589,-2.65e-05,0.0033193
0.0006458,0.0019186,0.0014528,0.0006452,0.0019167,0.0014694
0.0007068,0.0014675,0.0015628,0.0007061,0.0014662,0.0015802
0.0001666,0.0010582,0.001528,0.0001665,0.0010572,0.0015458
0.000712,0.0008941,0.0015226,0.0007113,0.0008933,0.0015404
0.000204,0.0009198,0.0016837,0.0002039,0.0009191,0.0017021
0.000753,0.0009028,0.0017616,0.0007524,0.0009021,0.00178
0.0014797,0.0015415,0.0019262,0.0014785,0.0015404,0.001944
0.000671,0.0004668,0.001809,0.0006703,0.0004666,0.0018278
0.0005482,0.0014935,0.0031016,0.0005479,0.0014928,0.0031235
0.0002968,0.0015296,0.0032825,0.0002967,0.0015289,0.003305
0.000544,0.0008514,0.0030857,0.0005437,0.0008511,0.0031081
0.0012068,0.0031551,0.0026336,0.0012063,0.0031537,0.0026511
0.0015616,0.0026977,0.002587,0.0015608,0.0026964,0.0026049
0.0012254,0.0026239,0.0027441,0.0012248,0.0026226,0.002763
0.0011566,0.0017604,0.0024194,0.0011559,0.0017594,0.0024387
0.0015615,0.001825,0.0024809,0.0015605,0.001824,0.0024999
0.0011821,0.0018352,0.0026058,0.0011814,0.0018343,0.0026254
0.001082,0.0021769,0.0029334,0.0010815,0.0021759,0.0029536
7.2e-05,0.0027433,0.0023017,7.2e-05,0.0027416,0.0023195
0.0006314,0.0027106,0.0023079,0.000631,0.002709,0.0023256
-0.0003308,0.0034842,0.0025215,-0.0003305,0.0034825,0.0025384
0.0008355,0.003305,0.0023662,0.0008351,0.0033033,0.0023827
0.0006738,0.0036065,0.0024894,0.0006735,0.0036048,0.0025056
0.000668,0.0033034,0.0026127,0.0006678,0.0033018,0.0026301
-0.0003183,0.0015427,0.0030616,-0.0003181,0.001542,0.0030834
-0.0003486,0.0008165,0.003048,-0.0003483,0.0008162,0.0030704
0.0001712,0.0024203,0.0024558,0.0001712,0.0024189,0.0024747
0.0006265,0.0024561,0.0024391,0.0006261,0.0024547,0.0024577
0.0001908,0.0023156,0.0026591,0.0001907,0.0023144,0.0026787
0.0006089,0.0022871,0.0029013,0.0006086,0.002286,0.0029216
-0.0004178,0.0030672,0.0007778,-0.0004172,0.0030631,0.0007905
0.0002776,0.003091,0.0007616,0.0002773,0.0030869,0.0007743
0.0002408,0.0025625,0.0005905,0.0002405,0.0025587,0.0006039
0.0008084,0.0024727,0.0005942,0.0008073,0.0024692,0.0006075
-0.0011618,0.0026535,0.0006127,-0.00116,0.0026497,0.0006255
-0.0005083,0.0026139,0.0005985,-0.0005075,0.0026101,0.0006116
-0.0003782,0.0025139,0.0007038,-0.0003776,0.0025104,0.0007174
-0.0018368,0.0025169,0.0007528,-0.0018342,0.0025136,0.0007654
-0.0012298,0.0024497,0.0007193,-0.001228,0.0024464,0.0007327
-0.0010779,0.0023965,0.0008612,-0.0010764,0.0023934,0.0008752
-0.0003862,0.0022568,0.0008641,-0.0003857,0.002254,0.0008787
0.0001845,0.0042012,0.0014515,0.0001844,0.0041977,0.0014629
-0.0003888,0.0040118,0.001638,-0.0003884,0.0040088,0.0016505
0.0001618,0.0040878,0.0016229,0.0001617,0.0040847,0.0016352
-0.0023215,0.0022849,0.0009384,-0.0023185,0.0022822,0.0009512
-0.0017286,0.0023338,0.0008719,-0.0017262,0.0023309,0.0008854
-0.0019112,0.0047898,0.0006824,-0.0019087,0.0047841,0.0006879
-0.0024699,0.0045201,0.0006451,-0.0024667,0.0045146,0.0006506
-0.0025281,0.00118,0.0006243,-0.0025242,0.0011785,0.0006372
-0.001994,0.0011701,0.0006036,-0.0019909,0.0011686,0.0006174
-0.0022146,0.0022254,0.0006978,-0.0022114,0.0022224,0.0007102
-0.0025885,0.0019138,0.000644,-0.0025846,0.0019112,0.000656
-0.0035542,0.0018188,0.0008991,-0.0035497,0.0018168,0.0009097
-0.0030428,0.00183,0.0008159,-0.0030387,0.0018278,0.0008276
-0.003416,0.0018309,0.0010056,-0.0034119,0.001829,0.0010168
-0.003558,0.0012454,0.0008705,-0.0035534,0.001244,0.0008816
-0.003097,0.0013084,0.0008113,-0.0030928,0.0013069,0.0008234
-0.0034611,0.0012124,0.0009848,-0.0034568,0.0012112,0.0009966
-0.0008544,0.0007923,0.001733,-0.0008535,0.0007918,0.0017514
-0.0003277,0.0009234,0.0019288,-0.0003274,0.0009228,0.0019479
-0.000808,0.0008996,0.0020859,-0.0008073,0.0008991,0.0021053
-0.000415,-3.32e-05,0.0014946,-0.0004145,-3.3e-05,0.0015127
-0.0008389,0.0003784,0.0018019,-0.0008381,0.0003782,0.0018207
-0.0014017,0.0014366,0.0015088,-0.0014002,0.0014354,0.0015256
-0.0009644,0.0014131,0.0014647,-0.0009633,0.0014118,0.0014817
-0.0013195,0.0004379,0.0018307,-0.0013182,0.0004378,0.0018491
-0.002891,0.001815,0.0025051,-0.0028893,0.0018142,0.0025221
-0.0023461,0.0018375,0.002401,-0.0023446,0.0018365,0.0024186
-0.0020766,0.0025565,0.0025317,-0.0020754,0.0025553,0.002549
-0.0026897,0.0007729,0.0027981,-0.0026882,0.0007727,0.0028172
-0.0022073,0.0001119,0.002489,-0.0022059,0.000112,0.0025083
-0.0026078,0.0003255,0.0028131,-0.0026063,0.0003255,0.0028326
-0.0021447,0.0003487,0.0027966,-0.0021434,0.0003486,0.0028168
-0.0004597,0.0004235,0.0029059,-0.0004594,0.0004234,0.0029281
-0.0001148,0.0003058,0.002909,-0.0001147,0.0003058,0.0029313
0.0001589,5e-07,0.0033439,0.0001588,7e-07,0.0033674
-0.0003624,-4.86e-05,0.0028769,-0.0003621,-4.83e-05,0.0028991
-0.0007485,0.0001199,0.0034109,-0.0007481,0.00012,0.0034345
-0.0005198,0.0001012,0.0036271,-0.0005195,0.0001014,0.0036514
-0.0022031,8.98e-05,0.0004887,-0.0021995,8.99e-05,0.0005022
-0.0025413,-0.0007646,0.0006224,-0.0025375,-0.0007633,0.0006356
-0.0035479,-9.96e-05,0.0008188,-0.0035432,-9.93e-05,0.0008304
-0.0030918,-4.97e-05,0.0007542,-0.0030875,-4.94e-05,0.0007668
-0.0044388,-0.0006151,0.0011748,-0.0044343,-0.0006142,0.0011843
-0.0038076,6.81e-05,0.0012246,-0.0038036,6.82e-05,0.0012366
-0.0029004,-0.0025781,0.0008576,-0.0028967,-0.0025747,0.0008682
-0.0025292,-0.0028693,0.0006973,-0.0025256,-0.0028652,0.0007076
-0.002492,-0.0022168,0.0006489,-0.0024883,-0.0022134,0.0006604
-0.0028406,-0.0024638,0.0010211,-0.0028373,-0.0024608,0.0010325
-0.0035072,-0.0023778,0.0010976,-0.0035034,-0.0023751,0.0011078
-0.002234,-0.0035869,0.000938,-0.0022313,-0.0035825,0.0009477
-0.0022954,-0.0036122,0.0010737,-0.0022928,-0.003608,0.0010836
-0.0026579,-0.0029419,0.0011175,-0.0026549,-0.0029384,0.0011286
-0.0028419,-0.0040216,0.0012872,-0.0028393,-0.0040179,0.0012951
-0.0023393,-0.0041556,0.0012427,-0.0023371,-0.0041515,0.0012512
-0.0025297,-0.0032591,0.0016467,-0.0025276,-0.0032564,0.0016588
-0.0029857,-0.0031528,0.0018669,-0.0029837,-0.0031506,0.0018789
-0.003178,-0.0028303,0.0014864,-0.0031753,-0.0028277,0.0014975
-0.0002953,-0.0011716,0.0013746,-0.0002949,-0.00117,0.0013918
0.0003911,-0.001251,0.0014405,0.0003907,-0.0012495,0.0014579
-1.25e-05,-0.0014276,0.0015005,-1.24e-05,-0.0014258,0.0015179
-0.0014095,-0.0011024,0.0014043,-0.0014079,-0.001101,0.001421
-0.0009528,-0.0010122,0.0013666,-0.0009517,-0.0010109,0.0013837
-0.0003362,-0.0009475,0.0015937,-0.0003358,-0.0009463,0.0016117
-0.001445,-0.0006528,0.0015783,-0.0014435,-0.0006519,0.0015958
-0.0014404,-0.0020002,0.0016827,-0.001439,-0.0019981,0.0016992
-0.0009483,-0.0019722,0.0016372,-0.0009473,-0.0019701,0.001654
-0.0007436,-0.0026806,0.0027673,-0.0007431,-0.0026789,0.0027863
-0.0007442,-0.0032809,0.0030062,-0.0007438,-0.0032792,0.0030248
0.0022984,0.0013807,0.0143178,0.0022973,0.0013797,0.014381
0.0026145,0.0013347,0.0143211,0.0026132,0.0013338,0.0143843
0.0022758,0.0018002,0.0137029,0.0022746,0.001799,0.0137648
0.0023363,-0.0018801,0.0147001,0.0023352,-0.0018796,0.0147638
0.0027675,-0.0019642,0.0146446,0.0027661,-0.0019635,0.014708
0.0012348,-0.0015599,0.0152255,0.0012342,-0.0015597,0.0152905
0.0027796,-0.0010439,0.0143687,0.0027782,-0.0010437,0.0144318
0.0022345,-0.001554,0.0143273,0.0022333,-0.0015536,0.0143904
0.0017932,-0.0008299,0.0114337,0.0017929,-0.00083,0.0114885
0.0022176,-0.0008612,0.0114575,0.002217,-0.0008611,0.0115123
0.0026584,-0.0008255,0.0119426,0.0026573,-0.0008254,0.011999
0.0023788,-0.0004809,0.0119333,0.0023781,-0.000481,0.0119898
0.0015217,-0.0010839,0.0118218,0.0015215,-0.001084,0.0118782
0.0019325,-0.0015529,0.0118127,0.0019319,-0.0015526,0.0118688
0.0022633,-0.0016561,0.0118581,0.0022623,-0.0016556,0.0119141
0.0023108,-0.0011296,0.0122744,0.00231,-0.0011294,0.0123321
-0.0002713,-0.0015269,0.0150369,-0.0002712,-0.0015267,0.0151017
-0.0013974,-0.001519,0.0150203,-0.0013969,-0.0015187,0.015085
-0.0010673,-0.001525,0.0150451,-0.0010669,-0.0015247,0.0151099
-0.0014154,-0.00087,0.0147751,-0.0014149,-0.0008699,0.0148395
-0.0010884,-0.0007829,0.0147658,-0.001088,-0.0007829,0.0148302
-0.0013284,-0.0005159,0.0147569,-0.001328,-0.000516,0.0148213
-0.0014754,-0.001093,0.015107,-0.0014749,-0.0010929,0.015172
-0.0009589,-0.0007122,0.0130104,-0.0009588,-0.0007123,0.0130712
-0.0006987,-0.0008413,0.0129224,-0.0006986,-0.0008415,0.012983
-0.00117,-0.0008553,0.0129298,-0.0011698,-0.0008553,0.0129903
-0.0005465,-0.00058,0.0133743,-0.0005465,-0.0005802,0.0134362
-0.0014694,-0.0019491,0.0151115,-0.0014689,-0.0019486,0.0151762
-0.0006092,-0.0031256,0.0144649,-0.000609,-0.0031243,0.014528
-0.0009564,-0.0030916,0.0144539,-0.000956,-0.0030903,0.014517
-0.0017057,-0.0026286,0.0140344,-0.0017048,-0.0026275,0.0140967
-0.0013785,-0.0026166,0.0140651,-0.0013779,-0.0026155,0.0141276
-0.0014146,-0.0025867,0.0136578,-0.001414,-0.0025857,0.0137192
-0.0003514,-0.001513,0.0115577,-0.0003514,-0.0015132,0.0116131
-0.0009718,-0.0022767,0.0124471,-0.0009716,-0.0022761,0.0125054
-0.0006595,-0.0022688,0.0123441,-0.0006594,-0.0022683,0.0124022
-0.0005855,-0.0026082,0.0123608,-0.0005853,-0.0026074,0.0124187
-0.0021488,0.0018287,0.0144521,-0.0021478,0.0018275,0.0145157
-0.0020757,0.0014906,0.0144338,-0.0020748,0.0014896,0.0144973
-0.0017907,0.0014477,0.0142907,-0.0017899,0.0014467,0.014354
-0.0025649,0.0014376,0.0143293,-0.0025637,0.0014366,0.0143925
-0.0004264,-0.0033743,0.0007184,-0.0004257,-0.0033694,0.0007301
0.0002199,-0.0034369,0.0006769,0.0002196,-0.0034318,0.0006883
0.0002436,-0.0027772,0.0006297,0.0002433,-0.0027728,0.0006426
0.0008759,-0.0028318,0.0006308,0.0008747,-0.0028274,0.0006433
0.0001719,-0.0021763,0.0005692,0.0001717,-0.0021727,0.0005831
0.0008451,-0.0038397,0.0008546,0.0008441,-0.0038347,0.0008651
0.0002781,-0.0036636,0.0009594,0.0002778,-0.0036589,0.0009709
0.0033702,-0.0044446,0.0007588,0.0033665,-0.0044394,0.0007626
0.003837,-0.0044011,0.0008577,0.0038332,-0.0043964,0.0008604
0.0039872,-0.0033947,0.0006219,0.0039823,-0.0033902,0.0006268
0.0021927,-0.0018932,0.0140108,0.0021915,-0.0018926,0.0140732
0.0023215,-0.0026594,0.0144587,0.0023203,-0.0026584,0.0145218
0.0018464,-0.0015181,0.0143728,0.0018454,-0.0015177,0.0144361
-0.0011832,-0.0051203,0.000639,-0.0011816,-0.0051138,0.0006439
-0.0006012,-0.0052772,0.0006578,-0.0006003,-0.0052706,0.0006625
-0.0018104,-0.0052745,0.0006612,-0.0018082,-0.0052681,0.0006649
0.0012947,0.0010561,0.0154175,0.0012941,0.0010554,0.015483
0.0009587,0.0010243,0.0132689,0.0009584,0.0010238,0.0133303
0.0008104,0.0003116,0.0137913,0.0008102,0.0003113,0.0138541
0.0013276,0.0003206,0.0138591,0.001327,0.0003202,0.0139218
0.0005495,0.0010534,0.0132016,0.0005493,0.0010529,0.013263
0.0005042,0.0001955,0.0139495,0.000504,0.0001952,0.0140128
0.0022963,0.0018318,0.0145039,0.0022952,0.0018306,0.0145675
0.0015852,0.0014457,0.0144099,0.0015844,0.0014447,0.0144736
0.0018983,0.0013087,0.0143981,0.0018973,0.0013077,0.0144617
0.0027003,0.0011095,0.0146796,0.002699,0.0011087,0.0147435
0.0026587,0.0011128,0.0140314,0.0026574,0.0011119,0.014094
0.0002188,0.0012568,0.0111852,0.0002188,0.0012569,0.0112393
0.0003469,0.001208,0.0115797,0.0003469,0.001208,0.0116356
0.0003441,0.0006011,0.0114316,0.0003441,0.0006011,0.0114869
0.0003638,0.0005967,0.0120758,0.0003638,0.0005967,0.0121338
0.0023116,0.000283,0.0123689,0.0023109,0.0002827,0.0124272
0.0018723,0.0006935,0.0122934,0.0018719,0.0006932,0.0123516
0.0022476,0.0006594,0.012347,0.0022469,0.000659,0.0124052
-0.0007324,0.0013232,0.0151272,-0.0007321,0.0013223,0.0151924
-0.0002213,0.0013912,0.0151352,-0.0002213,0.0013903,0.0152004
-0.0006353,0.0009951,0.0151038,-0.0006351,0.0009945,0.015169
-0.0013344,0.0010902,0.0151443,-0.0013339,0.0010894,0.0152094
-0.0005904,0.0025625,0.0137122,-0.0005901,0.0025609,0.0137742
-0.0010166,0.0021173,0.0136647,-0.0010161,0.0021161,0.0137267
0.0001195,0.0021229,0.0115887,0.0001194,0.0021224,0.0116442
0.0004812,0.00206,0.0115619,0.0004811,0.0020595,0.0116173
9.96e-05,0.0024905,0.0115509,9.95e-05,0.0024896,0.0116062
6.24e-05,0.0017612,0.0115188,6.23e-05,0.001761,0.0115742
-0.0002312,0.0021947,0.0120213,-0.0002311,0.002194,0.0120785
-0.0005997,0.0025025,0.0119498,-0.0005996,0.0025015,0.0120065
-0.0006186,0.0019298,0.0123581,-0.0006185,0.0019291,0.0124166
0.0009786,0.0024011,0.0007116,0.0009772,0.0023978,0.0007252
0.0006972,0.0040374,0.0016537,0.0006967,0.0040344,0.0016661
0.000946,0.0044862,0.0017412,0.0009454,0.0044833,0.0017521
0.0002602,0.0039589,0.0017798,0.00026,0.0039562,0.001793
-0.0004411,0.0049869,0.0006483,-0.0004405,0.0049808,0.0006543
0.0002331,0.0050231,0.0006605,0.0002329,0.005017,0.0006665
-0.0030871,0.0036767,0.0006271,-0.003083,0.0036721,0.000634
-0.00262,0.0038835,0.0005734,-0.0026164,0.0038784,0.0005806
-0.0021396,0.004198,0.0006019,-0.0021366,0.0041926,0.000609
-0.0021612,0.0032486,0.0014039,-0.0021591,0.0032457,0.0014161
-0.0015776,0.0032253,0.0013533,-0.001576,0.0032223,0.0013663
-0.003225,0.0030978,0.001602,-0.0032225,0.0030956,0.0016129
-0.0026547,0.0031554,0.001464,-0.0026523,0.0031528,0.0014757
-0.0025496,0.0030878,0.0016191,-0.0025475,0.0030855,0.0016316
-0.0020988,0.0031161,0.0015621,-0.0020969,0.0031135,0.0015753
-0.00387,0.0031573,0.0006273,-0.003865,0.0031534,0.0006334
-0.0034503,0.0027538,0.0013156,-0.003447,0.0027515,0.0013258
-0.0031537,0.0026038,0.0014043,-0.0031507,0.0026016,0.001416
-0.0031595,0.0021123,0.0013534,-0.0031564,0.0021105,0.0013659
-0.0027225,0.0020327,0.0012848,-0.0027195,0.0020307,0.0012982
-0.0035758,0.0019937,0.001655,-0.0035729,0.0019924,0.0016673
-0.0031294,0.0020277,0.0015316,-0.0031265,0.0020261,0.0015447
-0.0034196,0.0026573,0.001542,-0.0034167,0.0026553,0.0015532
-0.0012926,3.45e-05,0.0002665,-0.0012902,3.46e-05,0.0002805
-0.0006458,4.46e-05,0.0002582,-0.0006446,4.48e-05,0.0002726
-0.0027085,-0.0007283,0.0003986,-0.002704,-0.0007268,0.0004108
-0.0018094,2.73e-05,0.0009374,-0.0018069,2.75e-05,0.0009527
-0.0032209,-0.0007573,0.0012876,-0.0032174,-0.0007563,0.0013011
-0.004304,-0.0011247,0.0013406,-0.0043,-0.0011235,0.0013507
-0.0038279,-0.0012991,0.0012397,-0.003824,-0.0012976,0.0012509
-0.0035996,7.5e-05,0.0014722,-0.0035962,7.52e-05,0.0014855
-0.0041606,-0.0011398,0.0014868,-0.004157,-0.0011386,0.0014978
-0.0037674,-0.0012285,0.0014141,-0.0037639,-0.0012271,0.0014261
-0.0041535,-0.0006684,0.0014939,-0.0041499,-0.0006676,0.0015053
-0.0049528,-0.0015623,0.0006809,-0.0049467,-0.0015601,0.0006862
-0.0018308,-0.0026816,0.0007617,-0.0018282,-0.0026777,0.0007738
-0.0012332,-0.0025878,0.0007396,-0.0012314,-0.002584,0.0007526
-0.0023613,-0.0024489,0.0009901,-0.0023584,-0.0024457,0.0010024
-0.0018592,-0.0025504,0.0009295,-0.0018567,-0.0025469,0.0009423
-0.00217,-0.0034188,0.0012423,-0.0021677,-0.0034151,0.0012534
-0.0016898,-0.0033376,0.0011796,-0.0016879,-0.0033338,0.0011915
-0.0021477,-0.0034116,0.0014062,-0.0021456,-0.0034083,0.0014179
-0.0026682,-0.0038546,0.0014377,-0.0026659,-0.0038512,0.001447
-0.0025752,-0.0028551,0.0014619,-0.0025728,-0.0028522,0.0014743
-0.0021216,-0.0029168,0.0013615,-0.0021195,-0.0029137,0.0013744
-0.002174,-0.0039242,0.0015832,-0.0021722,-0.003921,0.0015938
-0.0033418,-0.0021707,0.0012269,-0.0033383,-0.0021683,0.0012383
-0.002876,-0.0022221,0.0011707,-0.0028728,-0.0022195,0.001183
-0.0032374,-0.0022365,0.0014023,-0.0032343,-0.0022342,0.0014143
-0.0027276,-0.0022953,0.0012977,-0.0027247,-0.0022927,0.0013105
0.0040635,-0.0027703,0.0005671,0.0040581,-0.0027664,0.0005732
0.0021445,-0.0025903,0.0007598,0.0021416,-0.0025865,0.0007716
0.0021032,-0.0020998,0.0007292,0.0021003,-0.0020966,0.0007419
0.0020431,-0.0025237,0.0008641,0.0020405,-0.0025202,0.0008765
0.0015757,-0.0019905,0.0007038,0.0015734,-0.0019874,0.0007173
0.0022969,-0.0013335,0.0007083,0.0022937,-0.0013313,0.0007216
0.0023109,-0.0008016,0.0006724,0.0023076,-0.0008002,0.0006861
0.0023831,-0.0018971,0.0008898,0.0023801,-0.0018944,0.0009028
0.0021206,-0.0019161,0.001011,0.002118,-0.0019135,0.0010247
0.0021139,-0.0023975,0.0010391,0.0021114,-0.0023944,0.0010522
0.0019072,-0.0022967,0.0011544,0.0019051,-0.0022938,0.0011682
0.001473,-0.0024103,0.0009917,0.0014712,-0.0024071,0.0010055
0.00149,-0.00188,0.0009531,0.0014881,-0.0018773,0.0009676
0.0013827,-0.0023392,0.0011333,0.0013812,-0.0023361,0.0011477
0.0011864,-0.000289,0.0013952,0.0011851,-0.0002884,0.0014125
0.0017625,-0.0009655,0.0015907,0.0017608,-0.0009644,0.0016076
0.0013773,-0.0005804,0.0015992,0.001376,-0.0005796,0.0016167
0.0013167,-0.0010599,0.0017609,0.0013155,-0.0010587,0.0017787
0.0012031,-0.0011558,0.0019595,0.0012022,-0.0011546,0.001978
0.0006289,-0.000581,0.0015237,0.0006282,-0.0005802,0.0015416
0.0005971,-0.0010403,0.0015428,0.0005965,-0.0010389,0.0015605
0.0033436,-0.002285,0.0014214,0.0033407,-0.0022827,0.0014331
0.0037723,-0.0021826,0.0015344,0.0037693,-0.0021807,0.0015453
0.0035527,-0.0018882,0.001436,0.0035496,-0.0018863,0.0014478
0.0041609,-0.0017028,0.0015728,0.0041577,-0.0017012,0.0015834
0.003426,-0.0012918,0.0013244,0.0034227,-0.0012903,0.001337
0.0038108,-0.001295,0.0013911,0.0038073,-0.0012936,0.0014028
0.0033198,-0.0017225,0.0015342,0.0033169,-0.0017208,0.0015472
0.0032657,-0.0027444,0.0016854,0.0032633,-0.0027422,0.0016972
0.0038012,-0.0029175,0.0018752,0.003799,-0.0029156,0.0018855
0.0032669,-0.0020239,0.0017447,0.0032644,-0.0020222,0.001758
0.0036011,-0.0011169,0.0025406,0.0035993,-0.0011162,0.0025567
0.0023905,-0.0011099,0.0023795,0.002389,-0.0011089,0.0023976
0.002912,-0.0010814,0.0024087,0.0029103,-0.0010806,0.002426
0.0028778,-0.0003927,0.0024031,0.0028761,-0.0003922,0.0024209
0.0033514,-0.0010275,0.0026997,0.0033498,-0.0010268,0.0027171
0.0027486,-0.0009496,0.0030569,0.0027472,-0.0009489,0.0030766
0.0006833,-0.0007954,0.0029978,0.0006829,-0.0007948,0.0030199
0.0003489,-0.0003889,0.0033439,0.0003487,-0.0003886,0.0033674
0.0027981,-0.0018685,0.0026499,0.0027967,-0.0018673,0.0026673
0.0027907,-0.0013253,0.0028631,0.0027893,-0.0013244,0.0028819
0.002261,-0.0003338,0.0151062,0.00226,-0.000334,0.0151711
0.0027656,-0.0001747,0.0143616,0.0027642,-0.0001749,0.0144249
0.0028014,-0.0002717,0.0146193,0.0028,-0.0002719,0.0146831
0.0018239,-0.0007759,0.0151348,0.0018231,-0.0007759,0.0151997
0.0013593,-0.0023373,0.0143759,0.0013585,-0.0023365,0.0144391
0.0001028,-0.001877,0.0151452,0.0001026,-0.0018766,0.0152101
0.0001237,-0.0014649,0.0150319,0.0001236,-0.0014647,0.0150967
0.0004518,-0.0014439,0.0150569,0.0004515,-0.0014437,0.0151219
7.59e-05,-0.0025184,0.0143675,7.58e-05,-0.0025175,0.0144307
-0.0006312,-0.0007888,0.0154822,-0.0006311,-0.0007889,0.0155479
-0.0006522,-0.0004988,0.0154691,-0.0006521,-0.000499,0.0155348
-0.0017796,-0.0015631,0.014534,-0.0017788,-0.0015627,0.0145977
-0.0021647,-0.0019783,0.0144266,-0.0021637,-0.0019776,0.0144899
-0.0021732,-0.0012173,0.0133236,-0.0021723,-0.001217,0.0133845
-0.0026111,-0.000831,0.0137464,-0.0026099,-0.0008309,0.0138083
-0.0016489,-0.0009816,0.0122445,-0.0016486,-0.0009816,0.0123026
-0.0013876,-0.0011518,0.0121755,-0.0013875,-0.0011519,0.0122333
-0.0021833,-0.0011097,0.0122794,-0.0021827,-0.0011095,0.0123373
-0.0013703,-0.0004049,0.0151487,-0.0013699,-0.0004051,0.0152138
-0.0017527,-0.000793,0.014139,-0.001752,-0.0007929,0.014202
-0.0020618,-0.0004308,0.0140673,-0.002061,-0.000431,0.0141301
-0.0021187,-0.0004139,0.014363,-0.0021178,-0.000414,0.0144265
5.31e-05,-0.0052755,0.0006748,5.32e-05,-0.005269,0.0006797
0.0004067,0.0013092,0.0151093,0.0004065,0.0013083,0.0151744
-0.0002194,0.0019963,0.015143,-0.0002193,0.0019952,0.015208
6.67e-05,0.0017863,0.0151337,6.66e-05,0.0017852,0.0151988
6.88e-05,0.0025069,0.0143893,6.87e-05,0.0025054,0.0144529
0.0005552,0.00286,0.0133674,0.0005549,0.0028583,0.0134284
0.0005683,0.0032262,0.0133192,0.0005679,0.0032243,0.01338
0.0009033,0.0024875,0.0137154,0.0009028,0.002486,0.0137774
7.89e-05,0.0028486,0.0137147,7.88e-05,0.0028469,0.0137766
0.0004971,0.0028055,0.0137706,0.0004968,0.0028038,0.0138327
0.000175,0.0020703,0.0137144,0.0001748,0.0020692,0.0137766
0.0004941,0.0020203,0.0137234,0.0004939,0.0020192,0.0137857
0.0013095,0.001876,0.0117338,0.0013092,0.0018754,0.0117898
0.0008061,0.001921,0.0122377,0.0008059,0.0019204,0.0122957
0.000982,0.0018395,0.0125391,0.0009817,0.0018388,0.0125982
0.0006063,0.0025453,0.0118189,0.0006061,0.0025443,0.0118751
0.0005917,0.0018476,0.0124959,0.0005915,0.0018469,0.012555
0.0028998,0.001822,0.0010824,0.0028965,0.0018201,0.0010951
0.0024688,0.0015996,0.0011384,0.0024661,0.0015979,0.0011524
0.0033303,0.0016215,0.0015436,0.0033275,0.0016203,0.0015569
0.0037441,0.0015964,0.001619,0.0037412,0.0015953,0.0016313
0.0032931,0.0015897,0.0016933,0.0032905,0.0015887,0.0017071
0.0036479,0.001406,0.00194,0.0036455,0.0014052,0.0019538
0.0033392,0.0009088,0.0027234,0.0033376,0.0009085,0.0027409
0.0028178,0.0004092,0.0028531,0.0028164,0.0004091,0.0028724
0.0019503,0.0009964,0.0022458,0.0019489,0.000996,0.0022644
0.0023962,0.0007914,0.0023168,0.0023947,0.0007911,0.002335
0.0021517,0.0014051,0.0024197,0.0021503,0.0014044,0.0024382
0.0023318,0.0007853,0.0027333,0.0023305,0.000785,0.0027529
0.0026268,0.0014517,0.0031644,0.0026256,0.0014512,0.0031844
0.0022888,0.0007946,0.0029545,0.0022876,0.0007944,0.0029749
0.0016128,-0.0003612,0.000591,0.0016103,-0.0003604,0.0006055
0.0031163,-0.000646,0.000967,0.0031125,-0.0006449,0.0009799
0.001663,0.0034911,0.0015777,0.0016617,0.0034883,0.0015906
0.0016703,0.0028967,0.0016348,0.0016689,0.0028944,0.0016492
0.0012238,0.0035149,0.0015502,0.0012227,0.003512,0.0015634
0.0012216,0.0029678,0.0016187,0.0012205,0.0029654,0.0016335
0.0007156,0.0035707,0.0015182,0.000715,0.0035676,0.0015315
0.0008341,0.003558,0.0016634,0.0008335,0.0035552,0.0016772
0.0014633,0.0038003,0.0015571,0.0014621,0.0037973,0.0015693
0.00021,0.0036669,0.0013172,0.0002098,0.0036634,0.0013299
0.0007109,0.0030901,0.0013149,0.0007102,0.0030871,0.0013289
0.0001635,0.0035752,0.0014857,0.0001634,0.003572,0.0014992
-0.0003982,0.0030637,0.0014228,-0.0003977,0.0030608,0.0014373
7.55e-05,0.0030747,0.0013947,7.55e-05,0.0030718,0.0014092
-0.0010246,0.0038481,0.0012264,-0.0010234,0.0038444,0.0012378
-0.0004451,0.0038526,0.0011972,-0.0004446,0.0038487,0.0012089
-0.0009509,0.0037514,0.0013864,-0.0009499,0.003748,0.0013987
-0.0009538,0.0032615,0.001294,-0.0009528,0.0032583,0.0013074
-0.0004637,0.0032438,0.0012484,-0.0004632,0.0032405,0.0012619
-0.0003541,0.0035851,0.0014992,-0.0003537,0.003582,0.0015126
-0.0015693,0.0031472,0.0015252,-0.0015678,0.0031445,0.0015389
-0.0009757,0.0030824,0.0014555,-0.0009747,0.0030796,0.0014697
-0.0007983,0.0034137,0.0024668,-0.0007978,0.003412,0.0024834
0.0003757,0.0034427,0.0025064,0.0003756,0.003441,0.0025232
2.57e-05,0.0037023,0.0025116,2.58e-05,0.0037006,0.0025278
-0.0003953,0.002782,0.0025675,-0.000395,0.0027805,0.002586
-0.0017235,0.0024673,0.0025398,-0.0017224,0.002466,0.0025578
-0.0013439,0.0024073,0.0025288,-0.0013431,0.002406,0.0025472
-0.0018021,0.0023069,0.0027612,-0.0018011,0.0023058,0.00278
-0.0008567,0.0022992,0.0029706,-0.0008562,0.0022981,0.002991
-0.0011965,0.0023413,0.0031295,-0.0011959,0.0023403,0.00315
-0.0008581,0.0022657,0.003195,-0.0008577,0.0022647,0.0032161
-0.0008533,0.0018431,0.002404,-0.0008527,0.0018421,0.0024233
-0.0008407,0.0023715,0.0027603,-0.0008402,0.0023704,0.0027799
-0.0015671,0.0044633,0.0014578,-0.0015658,0.00446,0.0014672
-0.0018696,0.0030273,0.0016685,-0.0018679,0.003025,0.0016825
-0.001497,0.0029841,0.0016987,-0.0014957,0.0029818,0.0017135
-0.0024333,0.0018709,0.0007589,-0.0024298,0.0018686,0.0007716
-0.0018714,0.0019017,0.0007119,-0.0018687,0.0018992,0.0007254
-0.0023542,0.0017465,0.0008756,-0.002351,0.0017444,0.0008889
-0.0026247,0.0025595,0.0015184,-0.0026223,0.0025574,0.0015317
-0.0021818,0.0025539,0.0014366,-0.0021796,0.0025516,0.0014505
-0.0022185,0.0021427,0.0012191,-0.002216,0.0021405,0.001233
-0.0016198,0.0021709,0.0011658,-0.0016179,0.0021685,0.0011805
-0.0026234,0.0019799,0.001449,-0.0026208,0.0019781,0.0014631
-0.0021453,0.0020063,0.0013788,-0.002143,0.0020044,0.0013935
-0.0025407,0.0026671,0.0013808,-0.0025382,0.0026647,0.0013936
-0.0031444,0.0025854,0.0016105,-0.0031418,0.0025835,0.0016228
-0.0032347,0.0015411,0.0013026,-0.0032313,0.0015397,0.0013155
-0.0031634,-0.0012343,0.0012897,-0.00316,-0.0012328,0.001303
-0.0041413,-0.0015951,0.0017431,-0.0041383,-0.0015938,0.0017544
-0.0036467,-0.0016574,0.0016153,-0.0036437,-0.0016558,0.0016277
-0.0040036,-0.0011386,0.0018738,-0.0040009,-0.0011376,0.0018865
-0.0030805,-0.0021842,0.0015532,-0.0030777,-0.002182,0.0015661
-0.0008391,-0.0043445,0.0015239,-0.0008384,-0.0043408,0.0015345
-0.0007333,-0.0039975,0.001414,-0.0007325,-0.0039936,0.0014256
-0.0014388,-0.0037821,0.0014462,-0.0014374,-0.0037785,0.0014579
-0.00106,-0.0037669,0.0014322,-0.0010589,-0.0037632,0.0014444
-0.0014824,-0.0043047,0.001764,-0.0014813,-0.0043016,0.0017748
0.0038881,-0.0006838,0.001555,0.0038848,-0.000683,0.0015675
-0.0018126,-0.0018892,0.0145112,-0.0018118,-0.0018887,0.0145748
-0.0014485,-0.0018082,0.014466,-0.0014479,-0.0018077,0.0145295
-0.0013566,0.0017277,0.0143116,-0.001356,0.0017266,0.0143751
-0.0013045,0.0013996,0.0144202,-0.001304,0.0013987,0.0144839
0.0012074,-0.0043266,0.0017525,0.0012066,-0.0043235,0.0017637
0.0013476,-0.0038779,0.0016424,0.0013466,-0.0038746,0.0016546
0.0006412,-0.0041838,0.0018415,0.0006409,-0.0041808,0.0018538
0.0011273,-0.002329,0.0023881,0.0011266,-0.0023272,0.0024063
0.0012681,-0.0020058,0.002234,0.0012672,-0.0020041,0.0022522
0.0010989,-0.0032666,0.0029342,0.0010984,-0.0032649,0.0029523
0.0006621,-0.0026717,0.0025764,0.0006618,-0.0026699,0.0025949
0.0002053,-0.0027172,0.0027337,0.0002052,-0.0027155,0.0027527
0.0007708,-0.0027845,0.0028614,0.0007704,-0.0027828,0.0028805
0.0008122,-0.0021818,0.0027984,0.0008118,-0.0021804,0.0028183
0.0009433,-0.0025949,0.0007084,0.000942,-0.002591,0.0007215
0.0009468,-0.0020242,0.0006707,0.0009455,-0.002021,0.0006848
0.000137,-0.0014376,0.0005306,0.0001369,-0.001435,0.0005453
0.0008309,-0.0014539,0.0005369,0.0008297,-0.0014514,0.0005513
0.0001013,-0.0007048,0.0005301,0.0001012,-0.0007034,0.0005452
0.0002768,-0.0024833,0.0008414,0.0002765,-0.0024797,0.0008555
0.0002224,-0.003186,0.0009281,0.0002222,-0.0031817,0.0009409
0.0001501,-0.0044287,0.0015173,0.0001501,-0.0044248,0.0015279
0.0007344,-0.0044355,0.0015273,0.0007339,-0.0044317,0.0015377
0.0001065,-0.0039116,0.0014166,0.0001065,-0.0039077,0.0014287
7.47e-05,-0.0042188,0.0018154,7.48e-05,-0.0042156,0.0018277
0.0019437,0.0020823,0.0136789,0.0019427,0.002081,0.0137407
0.0033996,-0.0029371,0.0013573,0.0033966,-0.0029343,0.0013671
0.0036828,-0.0034012,0.0018553,0.0036807,-0.0033991,0.0018645
0.0022233,-0.0023229,0.0012843,0.0022209,-0.0023202,0.001298
0.0027354,-0.0022471,0.0013024,0.0027327,-0.0022446,0.0013153
0.0023408,-0.0018675,0.0012383,0.0023383,-0.0018652,0.0012524
0.0023614,0.0026519,0.0012865,0.002359,0.0026494,0.0012994
0.0027945,0.0026539,0.0015632,0.0027922,0.0026518,0.0015761
0.0032077,0.0026025,0.0016316,0.0032053,0.0026007,0.0016438
0.0022919,0.0026215,0.0014267,0.0022898,0.0026192,0.0014403
0.0023536,0.0026201,0.0017425,0.0023518,0.0026182,0.0017568
0.0028616,0.002052,0.0013257,0.0028588,0.0020501,0.0013389
0.0027475,0.002122,0.0014669,0.002745,0.0021202,0.0014806
0.0033224,0.002125,0.001556,0.0033197,0.0021235,0.0015686
0.0021254,0.0019046,0.0015697,0.0021235,0.001903,0.0015851
0.0026429,0.001926,0.001606,0.0026406,0.0019244,0.0016206
-0.0034573,-0.0025638,0.0019549,-0.0034551,-0.002562,0.0019673
-0.0030106,-0.002651,0.0018523,-0.0030085,-0.0026489,0.0018654
-0.0025805,-0.0021661,0.0014622,-0.0025779,-0.0021638,0.001476
-0.0021786,-0.0021278,0.0013794,-0.0021763,-0.0021254,0.0013937
-0.0021581,-0.0023222,0.001224,-0.0021556,-0.0023194,0.0012375
-0.0016434,-0.0024077,0.0011898,-0.0016415,-0.0024048,0.0012039
-0.0021801,-0.0017208,0.0011658,-0.0021775,-0.0017186,0.0011801
-0.0030939,-0.0016892,0.0015076,-0.003091,-0.0016874,0.0015211
-0.0024032,-0.0023581,0.0016397,-0.002401,-0.0023559,0.001654
-0.0031218,-0.0021035,0.001735,-0.0031193,-0.0021016,0.0017485
-0.0017459,0.001452,0.0137183,-0.0017451,0.0014511,0.0137804
-0.0024752,0.001456,0.0136442,-0.002474,0.001455,0.0137059
0.0022824,-0.0002847,0.014338,0.0022813,-0.0002849,0.0144013
0.0027379,-0.0002957,0.0139401,0.0027365,-0.0002958,0.0140024
0.0013288,-0.0002578,0.0151231,0.0013282,-0.0002581,0.0151882
0.0008497,-0.0003318,0.0150634,0.0008494,-0.0003321,0.0151285
0.0008795,-0.0003308,0.0153845,0.0008792,-0.0003311,0.01545
-0.0002683,0.0013707,0.0144096,-0.0002683,0.0013698,0.0144735
0.0022573,-0.0018955,0.013263,0.0022561,-0.0018948,0.0133236
0.0026205,-0.0018564,0.0133494,0.002619,-0.0018557,0.0134101
0.0018808,-0.0015672,0.0136706,0.0018799,-0.0015667,0.0137324
0.0013076,-0.0024056,0.0137068,0.0013068,-0.0024046,0.0137685
0.0004803,-0.0006986,0.0115491,0.0004803,-0.0006989,0.0116049
0.0008953,-0.0010456,0.0124328,0.0008951,-0.0010457,0.0124917
0.0005193,-0.0001746,0.0117904,0.0005194,-0.0001748,0.0118472
6.2e-06,-0.0008088,0.0118542,6.2e-06,-0.0008091,0.0119113
0.0003399,-0.0007487,0.0118263,0.0003399,-0.000749,0.0118833
0.0001144,-0.0005353,0.0118331,0.0001144,-0.0005356,0.0118901
0.0004329,-0.0008607,0.0121109,0.0004329,-0.000861,0.0121688
0.0005389,-0.0009877,0.0124014,0.0005388,-0.0009879,0.0124604
0.0012707,-0.0015389,0.010119,0.0012703,-0.0015385,0.0101682
0.0007815,-0.0002425,0.0094203,0.0007813,-0.0002425,0.0094666
0.0004045,-0.0003491,0.0099474,0.0004045,-0.0003491,0.009996
0.0003354,-0.0002332,0.0102942,0.0003354,-0.0002333,0.0103443
0.000428,-0.000194,0.0096557,0.0004279,-0.0001941,0.0097029
0.0003662,-0.0005571,0.009679,0.0003662,-0.0005571,0.0097263
0.0007299,-0.0003532,0.0107494,0.00073,-0.0003534,0.0108016
0.0004986,-0.0003651,0.0110696,0.0004987,-0.0003653,0.0111232
0.0004766,-0.000711,0.011021,0.0004767,-0.0007113,0.0110743
0.0004424,-0.000451,0.0105196,0.0004424,-0.0004512,0.0105707
0.0008894,-0.0018679,0.0102215,0.0008891,-0.0018675,0.0102712
0.0009312,-0.0015703,0.0102094,0.0009309,-0.0015701,0.010259
0.0005523,0.0001808,0.0100275,0.0005522,0.0001807,0.0100765
0.0003035,0.0004453,0.0096396,0.0003034,0.0004452,0.0096868
0.0003375,-5.22e-05,0.0100117,0.0003374,-5.23e-05,0.0100605
0.0001958,7.36e-05,0.0096119,0.0001958,7.35e-05,0.009659
0.0002701,-0.0003059,0.0091128,0.00027,-0.0003059,0.0091577
0.0003354,0.0003079,0.0107589,0.0003355,0.0003079,0.0108111
0.0006387,0.0001605,0.0106667,0.0006388,0.0001604,0.0107185
0.0006139,-0.0023396,0.0107925,0.0006137,-0.002339,0.0108444
0.000202,-0.0011362,0.0140441,0.0002019,-0.0011361,0.0141072
-0.0001162,-0.0018782,0.0144427,-0.0001162,-0.0018777,0.0145063
0.0001741,-0.0026277,0.0136824,0.0001739,-0.0026267,0.0137441
-0.0001833,-0.0009638,0.0150913,-0.0001833,-0.0009638,0.0151564
9.07e-05,-0.0011048,0.0151045,9.06e-05,-0.0011048,0.0151695
-0.0010265,-0.0015872,0.0141019,-0.0010261,-0.0015868,0.0141649
-0.0014126,-0.0012621,0.0141409,-0.001412,-0.0012619,0.0142039
-0.0017037,-0.0017944,0.013726,-0.001703,-0.0017938,0.0137879
-0.0013986,-0.0018454,0.0137008,-0.0013981,-0.0018448,0.0137627
-0.0014018,-0.0026092,0.0130528,-0.0014012,-0.0026081,0.0131127
-0.0022355,-0.0018258,0.0129827,-0.0022344,-0.0018251,0.0130425
-0.0027001,-0.0016138,0.0127458,-0.0026988,-0.0016132,0.0128048
-0.0029808,-0.0012147,0.0125536,-0.0029793,-0.0012143,0.0126119
-0.0013576,-0.0004009,0.0143641,-0.0013571,-0.000401,0.0144279
-0.002095,-0.0004248,0.0136598,-0.0020942,-0.0004249,0.0137217
-0.002927,-0.0003238,0.0129961,-0.0029255,-0.0003238,0.0130559
-0.0028349,0.0003327,0.012999,-0.0028336,0.0003323,0.0130589
-0.002883,0.0002429,0.0123426,-0.0028818,0.0002425,0.0124004
7.44e-05,0.0002694,0.0115379,7.44e-05,0.0002693,0.0115938
-0.0005978,0.0003221,0.0124019,-0.0005979,0.0003219,0.0124611
-0.0005949,0.0010727,0.0116114,-0.000595,0.0010727,0.0116674
-0.0010035,-0.0003599,0.0119053,-0.0010037,-0.0003601,0.0119625
0.0001238,0.0014067,0.0143767,0.0001237,0.0014058,0.0144405
0.000472,0.0013337,0.0143527,0.0004717,0.0013329,0.0144166
0.0001331,0.0028545,0.0129939,0.000133,0.0028528,0.0130539
0.0005244,0.0028355,0.012985,0.0005241,0.0028339,0.013045
-0.0008761,-0.0040138,0.0018003,-0.0008753,-0.0040108,0.001813
-0.000433,-0.0042564,0.0018445,-0.0004326,-0.0042533,0.0018566
-0.0012902,-0.0040837,0.0018485,-0.0012893,-0.0040807,0.0018607
-0.0021269,-0.0031417,0.0015257,-0.002125,-0.0031387,0.0015385
-0.0019181,-0.0031117,0.0016497,-0.0019164,-0.0031089,0.0016632
-0.0003398,-0.0011091,0.0021909,-0.0003395,-0.001108,0.0022106
0.0005641,-0.0004663,0.0035417,0.0005638,-0.0004659,0.0035657
-1.12e-05,-0.0003613,0.0033537,-1.12e-05,-0.0003609,0.0033773
0.0004918,-0.0001958,0.0036832,0.0004915,-0.0001955,0.0037077
2.5e-06,8.7e-06,0.0036219,2.5e-06,8.8e-06,0.0036463
0.0003893,-0.0003345,0.0038738,0.0003891,-0.0003342,0.0038989
0.000659,-0.0008283,0.0036139,0.0006586,-0.0008276,0.0036379
-3.23e-05,-0.0007466,0.0036314,-3.23e-05,-0.0007461,0.0036557
-0.0002665,-0.0004064,0.0021909,-0.0002662,-0.0004059,0.0022109
-9.74e-05,0.000291,0.0033807,-9.73e-05,0.000291,0.0034044
-2.91e-05,0.000626,0.0036581,-2.91e-05,0.0006258,0.0036825
0.000185,9.91e-05,0.0038827,0.0001849,9.92e-05,0.0039078
-0.0003308,-7.3e-05,0.0034731,-0.0003306,-7.28e-05,0.003497
-0.000441,-0.0004684,0.0039116,-0.0004407,-0.000468,0.0039367
-0.0003057,-0.0007957,0.0038892,-0.0003056,-0.0007951,0.0039142
-5.8e-05,-0.0003207,0.0038706,-5.79e-05,-0.0003204,0.0038958
-0.0001264,-0.0002016,0.0041577,-0.0001263,-0.0002013,0.0041837
-0.0004726,-0.0004595,0.0044181,-0.0004724,-0.0004592,0.0044448
-0.0011859,-0.0005616,0.0023707,-0.001185,-0.0005609,0.0023907
-0.0009252,-0.0007736,0.0028014,-0.0009246,-0.0007729,0.0028227
-0.0008828,-0.0018361,0.0024861,-0.0008821,-0.0018346,0.0025056
-0.0015102,-0.0018826,0.0024341,-0.0015092,-0.0018812,0.0024528
-0.0007849,-0.0014466,0.0027613,-0.0007843,-0.0014455,0.0027821
-0.0011041,-0.0026619,0.0037867,-0.0011035,-0.0026605,0.0038088
-0.0007544,-0.0025371,0.003772,-0.000754,-0.0025358,0.0037944
-0.0002728,-0.0026015,0.0034718,-0.0002726,-0.0026001,0.0034934
0.0027954,-0.0005306,0.0013708,0.0027925,-0.0005298,0.0013856
0.0032919,-0.0005365,0.0013911,0.0032887,-0.0005357,0.0014049
0.0022917,-0.0012138,0.0012076,0.0022891,-0.0012122,0.0012224
0.0028126,-0.0013016,0.0012304,0.0028096,-0.0012999,0.0012443
0.0023246,-0.0007131,0.0011556,0.0023219,-0.000712,0.0011706
0.0028072,-0.0017,0.0014243,0.0028045,-0.0016981,0.0014383
0.0022036,0.0007922,0.0008331,0.0022006,0.0007914,0.0008474
0.002074,0.0007328,0.0009341,0.0020714,0.0007321,0.0009489
0.0036168,0.0002944,0.0019181,0.0036143,0.0002944,0.0019327
0.0017598,0.0021409,0.0013711,0.001758,0.0021389,0.0013861
0.0017161,0.0020228,0.0014848,0.0017144,0.002021,0.0015004
0.0012711,0.0020822,0.0013002,0.0012698,0.0020801,0.0013157
0.0012505,0.0025497,0.0013717,0.0012493,0.0025472,0.0013866
0.0011989,0.0019769,0.0014657,0.0011977,0.001975,0.0014819
0.0005664,0.0014019,0.0037273,0.0005662,0.0014013,0.0037512
0.0008286,0.0002725,0.003476,0.0008282,0.0002726,0.0034997
0.000543,-7.96e-05,0.0035029,0.0005428,-7.94e-05,0.0035269
0.0005068,0.0003179,0.003952,0.0005066,0.0003179,0.0039773
0.0009763,0.0006561,0.0026102,0.0009757,0.0006559,0.0026311
0.0016371,0.0004615,0.0026782,0.0016361,0.0004614,0.0026987
0.0003064,0.000148,0.0041192,0.0003063,0.000148,0.0041451
-8.86e-05,0.0007497,0.0039229,-8.85e-05,0.0007495,0.0039481
0.0001289,0.0005639,0.0041229,0.0001289,0.0005638,0.0041487
0.0005723,-5.5e-05,0.0040508,0.000572,-5.48e-05,0.0040764
0.000284,-0.0003746,0.0041205,0.0002839,-0.0003743,0.0041463
-6.38e-05,0.0001505,0.0041295,-6.37e-05,0.0001506,0.0041554
0.0002949,0.0003567,0.0045129,0.0002948,0.0003567,0.0045399
0.0007256,0.0018131,0.0022065,0.0007251,0.001812,0.0022254
0.0001753,0.0009425,0.0023808,0.0001752,0.000942,0.0024012
0.0005469,0.0008184,0.0023441,0.0005465,0.000818,0.0023644
0.0001339,0.0009033,0.0025887,0.0001338,0.0009029,0.0026098
0.0004468,0.001318,0.0039899,0.0004466,0.0013174,0.0040148
0.0007423,0.0012198,0.0040361,0.0007419,0.0012193,0.0040611
0.0003247,0.0013698,0.0043937,0.0003246,0.0013692,0.0044199
0.000572,0.0009665,0.0040168,0.0005718,0.0009662,0.004042
0.0011449,0.0028714,0.0035219,0.0011445,0.0028703,0.0035429
0.0011342,0.0021664,0.0036886,0.0011337,0.0021656,0.0037113
0.0011251,0.0020495,0.0039375,0.0011247,0.0020487,0.0039611
0.0018829,0.0022657,0.003527,0.0018821,0.0022649,0.0035483
0.0023046,0.0022243,0.0035288,0.0023036,0.0022235,0.0035496
0.0018774,0.0023311,0.0037252,0.0018766,0.0023302,0.0037471
0.0011012,0.0025462,0.0037433,0.0011008,0.0025452,0.0037656
0.0010996,0.0016837,0.0034181,0.0010991,0.0016829,0.0034404
0.0015358,0.0016685,0.0035068,0.0015351,0.0016679,0.0035291
0.0010533,0.002071,0.0033789,0.0010528,0.0020701,0.0034007
0.0011705,0.001614,0.0036022,0.0011699,0.0016133,0.0036252
0.0006139,0.003024,0.0034996,0.0006137,0.0030229,0.0035206
0.0005372,0.0022583,0.0034143,0.000537,0.0022574,0.0034362
0.0001646,0.0021938,0.0036119,0.0001646,0.0021928,0.0036346
0.0007334,0.0020893,0.0012634,0.0007327,0.0020872,0.0012791
0.0001351,0.0021107,0.0010996,0.000135,0.0021083,0.0011151
0.0006425,0.0022336,0.0011152,0.0006418,0.0022311,0.0011304
0.0001019,0.0025627,0.0013275,0.0001019,0.0025601,0.0013429
-0.0004365,0.0020194,0.0012681,-0.000436,0.0020172,0.0012841
5.23e-05,0.0020224,0.0012581,5.23e-05,0.0020202,0.0012742
0.0001656,0.0019635,0.0014509,0.0001655,0.0019616,0.0014676
0.0001518,0.0038488,0.0021157,0.0001518,0.0038467,0.0021303
0.0005831,0.0037786,0.0020738,0.0005828,0.0037763,0.0020883
0.0006618,0.0036747,0.002303,0.0006615,0.0036728,0.0023185
-0.0002688,0.0037434,0.0023321,-0.0002686,0.0037415,0.0023476
0.0001457,0.0037471,0.0023056,0.0001457,0.0037452,0.0023211
-0.000983,0.0021154,0.0011142,-0.0009817,0.0021131,0.0011294
-0.0004598,0.0021288,0.0011011,-0.0004592,0.0021264,0.0011165
-0.0009634,0.0020658,0.0012834,-0.0009623,0.0020637,0.0012991
-0.0020428,0.0019463,0.0015717,-0.0020407,0.0019446,0.0015873
-0.0015453,0.0019597,0.001504,-0.0015437,0.0019579,0.00152
-0.0022407,0.0039425,0.0012181,-0.0022384,0.0039389,0.0012276
-0.0012014,0.0018352,0.0006813,-0.0011995,0.0018327,0.0006955
-0.0004997,0.0018383,0.0006714,-0.0004989,0.0018358,0.000686
-0.001132,0.0012336,0.0006666,-0.0011302,0.0012319,0.0006814
-0.0005004,0.001219,0.0006515,-0.0004996,0.0012174,0.0006666
-0.0012494,0.001071,0.0007556,-0.0012476,0.0010696,0.0007707
-0.0022764,0.0017511,0.0010031,-0.0022735,0.0017491,0.001017
-0.0016805,0.0016079,0.0009562,-0.0016782,0.0016059,0.000971
-0.0021916,0.0015902,0.0011587,-0.002189,0.0015886,0.0011733
-0.002294,0.0010921,0.0009829,-0.0022909,0.0010909,0.0009973
-0.0017976,0.0010893,0.0009811,-0.0017951,0.0010881,0.0009963
-0.0021335,0.0010549,0.0011104,-0.0021308,0.0010539,0.0011255
-0.0031426,0.0014802,0.0014602,-0.0031395,0.001479,0.0014739
-0.0027098,0.0014927,0.0013943,-0.002707,0.0014914,0.0014087
-0.0029626,0.0014118,0.0015717,-0.0029598,0.0014107,0.0015861
-0.0031185,0.0009419,0.0013941,-0.0031153,0.0009412,0.0014081
-0.0026254,0.0009668,0.0013474,-0.0026225,0.000966,0.0013623
-0.0031295,0.0008716,0.0015784,-0.0031265,0.0008711,0.001593
-0.0018384,0.0028294,0.0020669,-0.001837,0.0028277,0.0020825
-0.0013919,0.0029199,0.0020415,-0.0013909,0.002918,0.0020575
-0.001763,0.0031846,0.0021217,-0.0017618,0.0031828,0.0021369
-0.0023582,0.0028983,0.0023539,-0.0023568,0.0028969,0.0023696
-0.0019328,0.0028781,0.0022767,-0.0019315,0.0028765,0.0022928
-0.0020437,0.0034166,0.0022271,-0.0020425,0.0034149,0.0022415
-0.0029598,0.0028917,0.0026381,-0.0029585,0.0028907,0.0026536
-0.0024406,0.0028121,0.0025441,-0.0024393,0.0028109,0.0025604
-0.0005664,0.0010389,0.0023848,-0.0005659,0.0010384,0.0024051
-0.0008215,0.0007891,0.002556,-0.0008209,0.0007888,0.0025768
-0.0003768,3.77e-05,0.0023498,-0.0003765,3.79e-05,0.0023704
-0.0008444,0.0003492,0.0026142,-0.0008438,0.0003492,0.0026353
-0.0001429,0.0003599,0.0039073,-0.0001428,0.0003599,0.0039325
0.0001278,4.52e-05,0.0043649,0.0001278,4.53e-05,0.0043916
-0.0004359,0.0004839,0.0040056,-0.0004356,0.0004838,0.004031
-0.0003638,-5.81e-05,0.0039759,-0.0003636,-5.8e-05,0.0040013
-0.0014713,0.0023911,0.0033322,-0.0014706,0.0023902,0.0033531
-0.0017926,0.0022643,0.003731,-0.0017918,0.0022635,0.0037531
-0.0008309,0.0020549,0.0039407,-0.0008305,0.002054,0.0039645
-0.0006665,0.0022431,0.0041331,-0.0006662,0.0022423,0.0041573
-0.0012086,0.0016077,0.0034777,-0.0012079,0.0016071,0.0035003
-0.0008151,0.0016629,0.0035262,-0.0008147,0.0016622,0.0035491
-0.0003403,0.0008312,0.0045651,-0.0003401,0.000831,0.0045922
-0.0001332,0.0011124,0.0044719,-0.0001331,0.001112,0.0044985
-4.28e-05,0.0010247,0.0046966,-4.27e-05,0.0010243,0.004724
-4.06e-05,0.0014441,0.0043808,-4.05e-05,0.0014435,0.0044069
0.0001381,0.0013612,0.0048581,0.0001381,0.0013606,0.0048857
0.0004195,0.001043,0.0047281,0.0004193,0.0010426,0.0047555
-0.0006399,0.0014889,0.0047204,-0.0006396,0.0014883,0.0047474
-0.0034541,0.0009091,0.0019012,-0.0034515,0.0009086,0.0019158
-0.0037128,0.0009398,0.0021368,-0.0037105,0.0009394,0.0021515
-0.0029967,0.002525,0.0019852,-0.0029947,0.0025235,0.0019992
-0.0024971,0.0026755,0.0018886,-0.0024952,0.0026738,0.001903
-0.0028586,0.0024113,0.0021165,-0.0028567,0.00241,0.0021313
-0.002894,0.0019109,0.0020416,-0.0028919,0.0019097,0.0020569
-0.0024637,0.0019965,0.0019677,-0.0024618,0.0019952,0.0019836
-0.0033103,0.0018698,0.0023921,-0.0033085,0.001869,0.0024077
-0.0029237,0.0019012,0.0022748,-0.0029218,0.0019002,0.0022908
-0.0023458,-0.0018718,0.0009173,-0.0023427,-0.0018692,0.0009305
-0.0017479,-0.001875,0.0009138,-0.0017455,-0.0018723,0.0009278
-0.0016255,-0.0013348,0.0009365,-0.0016232,-0.0013328,0.0009514
-0.0025628,-0.000607,0.0013173,-0.0025599,-0.0006061,0.0013324
-0.0021178,-0.0005436,0.0012549,-0.0021153,-0.0005428,0.0012706
-0.0021249,-0.0012145,0.0011749,-0.0021224,-0.0012128,0.0011898
-0.001594,-0.0012422,0.0010772,-0.0015919,-0.0012405,0.0010926
-0.0020369,-0.0006999,0.001116,-0.0020343,-0.0006988,0.0011314
-0.0022951,-0.0003817,0.0011194,-0.0022922,-0.000381,0.0011345
-0.0026259,-0.0001339,0.001347,-0.002623,-0.0001336,0.0013622
-0.0039917,-0.000565,0.0017881,-0.0039887,-0.0005644,0.001801
-0.0034594,-2.8e-06,0.0018785,-0.0034568,-2.6e-06,0.0018934
-0.0042955,-0.0005107,0.0025019,-0.0042935,-0.0005102,0.0025162
-0.0038559,-0.0004903,0.0023908,-0.0038538,-0.0004898,0.0024061
-0.003871,-0.0010236,0.0021756,-0.0038687,-0.0010228,0.0021898
-0.0034311,-0.001072,0.0020989,-0.0034288,-0.0010711,0.0021141
-0.0038078,-0.0006072,0.0021891,-0.0038055,-0.0006067,0.0022038
-0.0043272,-0.0010215,0.0025177,-0.0043253,-0.0010208,0.0025317
-0.0019343,-0.0025498,0.0016174,-0.0019325,-0.0025473,0.0016321
-0.0023957,-0.0036825,0.001905,-0.002394,-0.0036799,0.001917
-0.0020038,-0.0036097,0.0018393,-0.0020024,-0.003607,0.0018519
-0.0028015,-0.0030775,0.002276,-0.0028,-0.0030757,0.00229
-0.0028328,-0.0025863,0.0021997,-0.0028311,-0.0025846,0.0022144
-0.0022111,-0.0027364,0.0022723,-0.0022097,-0.0027345,0.0022882
-0.0026959,-0.0030699,0.0026168,-0.0026947,-0.0030684,0.0026321
-0.002833,-0.0021066,0.0022802,-0.0028312,-0.0021051,0.0022961
-0.002781,-0.0026082,0.002579,-0.0027797,-0.0026067,0.0025951
-0.0026868,-0.0028905,0.0027931,-0.0026856,-0.0028891,0.0028095
-0.0023249,-0.0028251,0.002747,-0.0023237,-0.0028236,0.002764
-0.0027837,-0.0029878,0.0030438,-0.0027826,-0.0029864,0.0030608
-0.0013768,0.0013681,0.0136749,-0.0013762,0.0013672,0.013737
-0.0010496,0.0013321,0.0137025,-0.0010493,0.0013313,0.0137649
-0.0021855,0.0013574,0.0130157,-0.0021846,0.0013566,0.0130758
-0.0018723,0.0013374,0.0130142,-0.0018716,0.0013367,0.0130745
-0.0028891,0.0014085,0.0129311,-0.0028876,0.0014075,0.0129907
-0.0025627,0.0013674,0.0130263,-0.0025615,0.0013665,0.0130863
0.0027761,0.0016321,0.0013945,0.0027734,0.0016307,0.0014086
0.0008324,-0.0023633,0.0009543,0.0008314,-0.0023599,0.0009687
-0.0003396,-0.0028775,0.0012717,-0.0003392,-0.0028741,0.0012861
0.0001044,-0.0028965,0.0012436,0.0001044,-0.0028931,0.0012579
0.0001626,-0.002383,0.001148,0.0001624,-0.0023799,0.0011631
0.0002028,-0.0019017,0.0010866,0.0002026,-0.001899,0.0011023
0.0007189,-0.0032204,0.0014192,0.0007182,-0.0032169,0.001433
0.0001704,-0.003207,0.0015699,0.0001703,-0.0032038,0.0015844
0.0018497,0.001299,0.0137677,0.0018487,0.0012981,0.01383
0.0023246,0.0013675,0.0129797,0.0023235,0.0013667,0.0130397
0.002656,0.0013456,0.0128984,0.0026546,0.0013447,0.0129581
0.0025833,0.0018399,0.0123678,0.0025819,0.0018388,0.0124257
0.0027492,-0.0022321,0.0014825,0.0027466,-0.0022298,0.0014959
0.0032413,-0.0022385,0.0015959,0.0032386,-0.0022364,0.0016085
0.00214,-0.0018963,0.0014988,0.002138,-0.0018942,0.001514
0.002695,-0.0025986,0.0018453,0.002693,-0.0025964,0.0018592
0.0015727,-0.0007179,0.0137566,0.001572,-0.0007179,0.0138189
0.0012326,-0.0014643,0.0136208,0.001232,-0.001464,0.0136827
0.0022877,-0.0016575,0.0129794,0.0022865,-0.001657,0.0130392
0.0027427,-0.0009995,0.0122369,0.0027414,-0.0009993,0.0122943
0.0028417,-0.0010312,0.0125929,0.0028403,-0.0010309,0.0126515
0.0020613,-0.0007309,0.0101477,0.0020607,-0.0007308,0.0101971
0.0023477,-0.0007784,0.0100767,0.0023468,-0.0007782,0.0101256
0.0017761,-0.0007655,0.0100523,0.0017756,-0.0007654,0.0101013
0.0027178,-0.0008187,0.0105201,0.0027166,-0.0008185,0.0105707
0.0015472,-0.0010824,0.0104638,0.0015468,-0.0010823,0.0105146
0.0018759,-0.0010686,0.0105145,0.0018754,-0.0010684,0.0105654
0.0019459,-0.0015779,0.0104291,0.0019452,-0.0015774,0.0104795
0.0023271,-0.0015202,0.0104167,0.0023261,-0.0015196,0.010467
0.0023179,-0.0012021,0.0108597,0.002317,-0.0012018,0.010912
0.0024351,0.0026772,0.0023825,0.0024338,0.0026759,0.0023986
0.003035,0.0027999,0.002443,0.0030335,0.0027988,0.0024579
0.0019844,0.003239,0.0023847,0.0019834,0.0032375,0.0024002
0.0025071,0.0032629,0.0024321,0.0025059,0.0032615,0.002447
-0.000948,0.0025311,0.0013381,-0.0009469,0.0025285,0.0013532
-0.0004493,0.0025632,0.0013104,-0.0004488,0.0025606,0.0013256
-0.0009838,0.0020793,0.0014433,-0.0009827,0.0020773,0.0014595
-0.0003691,0.0018853,0.0014533,-0.0003686,0.0018835,0.0014701
-0.000303,0.0037813,0.0021356,-0.0003027,0.0037791,0.0021504
-0.0009588,0.0037409,0.0022085,-0.0009581,0.003739,0.0022233
-0.0034243,0.0028482,0.0011638,-0.0034207,0.0028455,0.0011735
-0.0002001,-0.0018594,0.0137873,-0.0002001,-0.0018589,0.0138496
6.8e-05,-0.0018985,0.0137204,6.79e-05,-0.001898,0.0137825
4.7e-05,-0.0015194,0.013704,4.69e-05,-0.0015192,0.0137662
0.0001282,-0.0030135,0.013067,0.0001281,-0.0030122,0.0131269
0.0001312,-0.0025832,0.0129914,0.0001311,-0.0025824,0.0130513
0.0001029,-0.0010351,0.0142747,0.0001028,-0.001035,0.0143383
-0.0006104,-0.0007911,0.0140148,-0.0006103,-0.0007911,0.014078
-0.0002933,-0.0007621,0.0140725,-0.0002932,-0.0007621,0.0141359
-0.0005564,-0.000538,0.0140395,-0.0005563,-0.0005381,0.0141028
-0.0002212,-0.0009792,0.0137082,-0.0002212,-0.0009793,0.0137707
5.3e-05,-0.0010733,0.0136644,5.29e-05,-0.0010733,0.0137268
-0.0002802,-0.0015474,0.0137429,-0.0002801,-0.0015471,0.0138053
-0.0010217,-0.0007737,0.0115623,-0.0010218,-0.0007739,0.011618
-0.0004185,-0.0007496,0.0120059,-0.0004186,-0.0007499,0.0120635
-0.0005899,-0.0005683,0.011934,-0.00059,-0.0005686,0.0119913
-0.0009051,-0.0009828,0.012145,-0.0009052,-0.0009829,0.012203
-0.0002871,-0.0030675,0.0130571,-0.000287,-0.0030662,0.0131169
-0.0002888,-0.0016445,0.0101437,-0.0002889,-0.0016443,0.010193
-0.0003343,-0.0006786,0.0091286,-0.0003342,-0.0006784,0.0091735
-8.35e-05,-0.0003916,0.0090844,-8.35e-05,-0.0003915,0.0091292
1.47e-05,-7.5e-05,0.0092762,1.47e-05,-7.5e-05,0.0093218
-0.000631,-0.0025786,0.0109701,-0.0006308,-0.0025778,0.0110228
-0.0009796,-0.0015275,0.0134485,-0.0009793,-0.0015271,0.01351
-0.0012988,-0.0012574,0.0133017,-0.0012984,-0.0012572,0.0133629
-0.0017724,-0.0015548,0.0126804,-0.0017719,-0.0015545,0.0127396
-0.0020547,-0.0013046,0.0126636,-0.002054,-0.0013043,0.0127227
-0.0021569,-0.0004689,0.0126583,-0.0021562,-0.0004689,0.0127176
-0.0018294,-0.0015956,0.0119672,-0.001829,-0.0015953,0.0120239
-0.0022061,-0.0012502,0.0119298,-0.0022055,-0.00125,0.0119863
-0.0014187,-0.0010606,0.0107745,-0.0014187,-0.0010607,0.0108266
-0.0021629,-0.0003571,0.0100699,-0.0021623,-0.0003571,0.0101189
-0.0022277,-0.0010769,0.0108533,-0.0022271,-0.0010767,0.0109056
-0.0013359,-0.0008231,0.0133583,-0.0013355,-0.0008231,0.0134198
-0.0010478,-0.0007912,0.0133241,-0.0010476,-0.0007912,0.0133856
-0.0012958,-0.0004179,0.0137426,-0.0012954,-0.000418,0.0138051
-0.0013148,0.001036,0.0136804,-0.0013143,0.0010352,0.0137427
-0.0014179,0.0025282,0.0130246,-0.0014173,0.0025267,0.0130847
-0.0013649,0.002132,0.0129899,-0.0013644,0.0021308,0.01305
-0.0010167,0.002106,0.0129826,-0.0010164,0.0021049,0.0130429
-0.0003553,0.0012652,0.0136761,-0.0003553,0.0012644,0.0137386
-0.0006396,0.0025535,0.0123207,-0.0006394,0.0025524,0.0123787
-0.0014235,0.0025395,0.0123323,-0.001423,0.0025381,0.0123902
0.0005119,0.0020861,0.0102307,0.0005117,0.0020854,0.0102805
0.0005246,0.0008997,0.009788,0.0005246,0.0008994,0.0098359
0.0002672,0.0012458,0.0099225,0.0002671,0.0012456,0.009971
0.0002823,0.0011689,0.0102872,0.0002822,0.0011688,0.0103373
-6.04e-05,0.0012523,0.0098554,-6.04e-05,0.001252,0.0099037
0.0003025,0.0010755,0.009655,0.0003025,0.0010752,0.0097023
0.0003291,0.0007787,0.0095818,0.000329,0.0007784,0.0096288
-7.9e-05,0.0008471,0.009588,-7.91e-05,0.0008469,0.0096351
8.67e-05,0.0011122,0.0094181,8.67e-05,0.0011119,0.0094644
-0.0005487,0.0013403,0.0096769,-0.0005486,0.0013399,0.0097244
-0.000377,0.0006311,0.0099695,-0.000377,0.000631,0.0100182
0.0007737,0.0012115,0.0109718,0.0007737,0.0012115,0.011025
0.0001235,0.0011686,0.0091013,0.0001235,0.0011681,0.0091461
0.0004202,0.0011862,0.0093102,0.00042,0.0011858,0.009356
0.0001149,0.0024958,0.0101998,0.0001149,0.0024948,0.0102493
2.51e-05,0.0008017,0.009097,2.51e-05,0.0008014,0.0091418
-0.0003086,0.0007047,0.009352,-0.0003085,0.0007045,0.009398
-0.0003085,0.002171,0.0105675,-0.0003085,0.0021703,0.0106187
-0.0005879,0.0025394,0.0105632,-0.0005877,0.0025384,0.0106144
-0.001425,0.0017657,0.0130313,-0.0014245,0.0017648,0.0130917
-0.001375,0.0014285,0.0130467,-0.0013746,0.0014278,0.0131073
-0.0010699,0.0013687,0.0129136,-0.0010696,0.0013681,0.012974
0.0023605,-0.0019392,0.012503,0.0023593,-0.0019385,0.0125612
0.0026648,-0.0023539,0.0130836,0.0026633,-0.0023529,0.0131433
0.0019165,-0.0016396,0.0129089,0.0019156,-0.0016391,0.0129686
0.0031829,0.0025848,0.0019999,0.0031809,0.0025834,0.0020133
0.0035524,0.0026365,0.002145,0.0035506,0.0026354,0.0021577
0.003195,0.0024802,0.0021394,0.0031931,0.002479,0.0021534
0.0031337,0.0018924,0.0021121,0.0031318,0.0018914,0.0021271
0.0035053,0.0018393,0.0021717,0.0035034,0.0018384,0.0021861
0.003074,0.0022048,0.002173,0.0030721,0.0022037,0.002188
0.0030298,0.0023331,0.0023301,0.0030281,0.002332,0.0023454
0.0033808,0.0024543,0.0024132,0.0033792,0.0024534,0.0024279
0.0029718,0.0018126,0.0024963,0.0029702,0.0018118,0.0025131
-0.0009454,-0.0023962,0.0011139,-0.0009442,-0.002393,0.0011286
-0.0004381,-0.0023858,0.0011369,-0.0004375,-0.0023828,0.0011518
0.0012414,0.0009838,0.0140523,0.0012408,0.0009831,0.0141154
0.0008767,0.0010435,0.0118283,0.0008766,0.0010433,0.0118851
0.0005532,0.0010977,0.0117882,0.0005532,0.0010976,0.0118449
0.0006231,0.0006176,0.0122677,0.0006231,0.0006175,0.0123263
0.001614,0.0021652,0.0122753,0.0016133,0.0021641,0.0123331
0.0009446,0.0031922,0.0118136,0.0009441,0.0031904,0.0118695
0.0009052,0.0025266,0.0122652,0.0009047,0.0025254,0.012323
0.000989,0.002517,0.0125585,0.0009886,0.0025157,0.0126173
0.0013836,0.0019033,0.0104052,0.0013831,0.0019026,0.0104556
0.0010305,0.0018085,0.0111266,0.0010303,0.0018081,0.0111802
0.0027027,0.0011658,0.0125222,0.0027014,0.001165,0.0125807
0.0024069,0.0013632,0.0123322,0.0024058,0.0013625,0.0123902
0.0023356,0.0003395,0.0109585,0.0023349,0.0003393,0.0110112
0.0023665,0.0010631,0.0100772,0.0023656,0.0010626,0.0101261
0.0019617,0.0006758,0.0108943,0.0019613,0.0006756,0.0109469
0.0023447,0.0007726,0.0109275,0.0023439,0.0007723,0.0109801
0.0029101,0.0003999,0.0129382,0.0029086,0.0003995,0.0129979
0.0028136,0.0003878,0.0132694,0.0028121,0.0003873,0.0133301
0.002738,-0.0002325,0.0129347,0.0027367,-0.0002327,0.0129944
0.0028657,-0.0003947,0.0132015,0.0028642,-0.0003947,0.0132619
0.0017313,-0.0017836,0.0012714,0.0017294,-0.0017814,0.0012866
0.0017424,-0.002195,0.0014964,0.0017407,-0.0021926,0.0015116
0.0013352,-0.0017346,0.0012628,0.0013337,-0.0017323,0.0012785
0.0018891,-0.0011077,0.0012769,0.001887,-0.0011062,0.0012927
0.0018066,-0.0011499,0.0014064,0.0018047,-0.0011484,0.0014226
0.001849,-0.0015453,0.0014957,0.0018472,-0.0015434,0.0015117
0.0017867,-0.0015397,0.0016514,0.001785,-0.001538,0.0016679
0.00162,-0.002104,0.0018656,0.0016187,-0.002102,0.0018822
0.0013325,-0.0005813,0.0011967,0.001331,-0.0005804,0.0012132
0.0013222,-0.0010653,0.0013666,0.0013208,-0.0010638,0.0013832
0.0007122,-0.0022172,0.0014509,0.0007116,-0.0022146,0.001467
0.0012489,-0.002191,0.0016265,0.0012478,-0.0021887,0.0016427
0.0012503,-0.0016933,0.001629,0.0012491,-0.0016914,0.0016459
0.0011369,-0.0002418,0.0021548,0.001136,-0.0002414,0.0021743
0.001586,-0.0008519,0.0023595,0.0015849,-0.0008511,0.0023789
0.0012644,-0.0009671,0.0025394,0.0012636,-0.0009662,0.0025596
0.0011407,-0.0014277,0.0026318,0.00114,-0.0014266,0.002652
0.0011528,-0.0013891,0.0028647,0.0011522,-0.0013881,0.0028856
0.0006437,-0.0005357,0.0023419,0.0006432,-0.0005351,0.0023622
0.0006693,-0.0010109,0.0023817,0.0006688,-0.00101,0.0024019
0.0003958,-0.0003425,0.0043798,0.0003956,-0.0003422,0.0044064
0.000677,-0.0014468,0.0028437,0.0006766,-0.0014457,0.0028647
0.0030883,-0.0020464,0.002104,0.0030864,-0.0020449,0.0021188
0.0031531,-0.0010323,0.0020165,0.0031509,-0.0010314,0.0020321
0.0035732,-0.0010582,0.0020739,0.0035709,-0.0010573,0.0020886
0.0031748,-0.0006638,0.002007,0.0031726,-0.0006631,0.0020228
0.0030055,-0.0015919,0.0022801,0.0030037,-0.0015907,0.0022963
0.0030437,-0.0025012,0.0023905,0.0030421,-0.0024997,0.0024055
0.0035257,-0.0026347,0.0025018,0.0035242,-0.0026334,0.0025158
0.0029281,-0.0019471,0.0024739,0.0029265,-0.0019458,0.0024904
0.0023713,-0.001055,0.0032278,0.0023702,-0.0010543,0.0032486
0.0027104,-0.0010417,0.0032775,0.0027091,-0.001041,0.003298
0.0020725,-0.000959,0.0032619,0.0020714,-0.0009583,0.0032834
0.0031093,-0.0009343,0.0036646,0.003108,-0.0009337,0.0036858
0.0027234,-0.0018424,0.0036816,0.0027222,-0.0018414,0.0037027
0.0022355,-0.0013043,0.0039272,0.0022345,-0.0013035,0.0039503
0.002736,-0.001285,0.004044,0.0027348,-0.0012843,0.0040668
0.0018313,-0.0012927,0.003885,0.0018304,-0.0012919,0.0039085
0.000134,0.0013461,0.0137472,0.0001339,0.0013454,0.0138097
0.0004602,0.0012471,0.0137312,0.00046,0.0012464,0.0137937
8.39e-05,0.0017033,0.0136958,8.38e-05,0.0017023,0.0137581
0.0001082,0.00294,0.0123199,0.0001081,0.0029385,0.0123777
0.0002099,0.0015126,0.0012066,0.0002097,0.001511,0.0012231
0.0006472,0.0015289,0.0012164,0.0006465,0.0015272,0.0012328
-0.0002323,0.0013814,0.001487,-0.0002319,0.0013801,0.0015044
5.82e-05,0.0013098,0.0013913,5.82e-05,0.0013085,0.0014085
0.0006531,0.0032633,0.0022092,0.0006528,0.0032614,0.0022255
0.0013106,0.0034073,0.0021838,0.0013098,0.0034054,0.0021991
0.000114,0.0033405,0.0020005,0.000114,0.0033383,0.002016
0.0001613,0.0028935,0.001918,0.0001612,0.0028913,0.0019344
0.0006239,0.0027486,0.0019933,0.0006235,0.0027467,0.0020101
0.0001469,0.003266,0.0021915,0.0001469,0.0032641,0.0022078
-0.0002856,0.002798,0.0021325,-0.0002854,0.0027961,0.0021497
7.86e-05,0.0027944,0.0020994,7.86e-05,0.0027925,0.0021165
-0.0014717,-0.0022292,0.0013503,-0.0014701,-0.0022266,0.0013654
-0.0014356,-0.0029417,0.0018114,-0.0014344,-0.0029391,0.0018264
-0.0008534,-0.0017339,0.0012423,-0.0008524,-0.0017317,0.0012583
-0.0003473,-0.0016758,0.0012331,-0.0003468,-0.0016735,0.0012494
-0.0014417,-0.0010315,0.0012465,-0.00144,-0.0010301,0.0012628
-0.0009737,-0.0010816,0.0011978,-0.0009725,-0.0010801,0.0012144
-0.0008221,-0.0021084,0.0014765,-0.0008212,-0.002106,0.0014927
-0.0003838,-0.0021302,0.00146,-0.0003834,-0.0021277,0.0014763
-0.000183,-0.0018402,0.0015121,-0.0001827,-0.001838,0.001529
-0.0008321,-0.0039415,0.0022045,-0.0008315,-0.0039391,0.0022187
-0.0004521,-0.0039228,0.0022208,-0.0004517,-0.0039204,0.0022352
-0.0007087,-0.0035729,0.0021372,-0.0007081,-0.0035705,0.0021523
-0.0009735,-0.0033187,0.0021001,-0.0009728,-0.0033163,0.0021155
-0.0022764,-0.0035657,0.00233,-0.0022752,-0.0035637,0.0023439
-0.0018328,-0.0035079,0.0022321,-0.0018317,-0.0035057,0.0022466
-0.0019409,-0.0035195,0.0020158,-0.0019396,-0.003517,0.0020294
-0.0024263,-0.0020593,0.0017593,-0.0024242,-0.0020574,0.0017744
-0.0028503,-0.0021533,0.0021004,-0.0028484,-0.0021517,0.0021156
-0.0024129,-0.0020226,0.0019475,-0.002411,-0.0020209,0.0019634
4.47e-05,-0.0013178,0.0006242,4.46e-05,-0.0013155,0.0006392
-0.0006346,0.002923,0.0123268,-0.0006344,0.0029215,0.0123847
0.0016796,0.0024232,0.0017439,0.0016782,0.0024213,0.0017596
0.0017182,0.0027393,0.0022391,0.0017172,0.0027377,0.0022557
0.0015708,0.0027381,0.0023773,0.00157,0.0027367,0.0023945
0.0011132,0.0031915,0.0022331,0.0011125,0.0031897,0.0022493
0.0011148,0.0026833,0.002321,0.0011141,0.0026818,0.0023386
0.0035439,0.000491,0.0026696,0.0035422,0.000491,0.0026868
0.0029393,0.0009434,0.0021917,0.0029375,0.000943,0.0022085
0.0028733,0.0008213,0.0023474,0.0028715,0.0008209,0.0023648
0.0023543,0.0007419,0.0037144,0.0023532,0.0007417,0.0037371
0.002745,0.0009728,0.0037488,0.0027438,0.0009725,0.003771
0.0025931,0.0014142,0.0041106,0.002592,0.0014137,0.0041339
0.003263,0.0009051,0.0036144,0.0032616,0.0009049,0.0036352
0.0028401,0.0003068,0.0038467,0.0028388,0.0003068,0.0038691
0.0022346,0.0007702,0.0032426,0.0022335,0.00077,0.0032639
0.0020128,0.0014731,0.0032892,0.0020118,0.0014725,0.0033105
0.0027902,0.0012534,0.0033223,0.0027889,0.001253,0.0033426
0.0014448,-0.0004208,0.0010484,0.001443,-0.0004201,0.0010644
0.0035902,-0.0011622,0.0023454,0.0035883,-0.0011613,0.0023608
-0.0009678,0.0034134,0.0018624,-0.0009669,0.003411,0.0018771
-0.0004987,0.003415,0.0018324,-0.0004983,0.0034126,0.0018472
-0.0008335,0.0033621,0.002018,-0.0008328,0.00336,0.0020334
-0.0014167,0.0039365,0.0021423,-0.0014158,0.0039345,0.0021559
-0.0012636,0.0035783,0.0021659,-0.0012627,0.0035763,0.0021807
-0.000826,0.0029247,0.0019685,-0.0008253,0.0029226,0.0019847
-0.0003793,0.0029027,0.0019211,-0.000379,0.0029006,0.0019374
-0.0013502,0.0029414,0.0022234,-0.0013492,0.0029397,0.0022399
-0.0009273,0.0027661,0.0022404,-0.0009267,0.0027644,0.0022577
-0.0017914,0.0027295,0.0024334,-0.0017904,0.0027281,0.0024505
-0.0013782,0.0027136,0.0023742,-0.0013773,0.002712,0.0023917
-0.0010822,0.0014939,0.00111,-0.0010808,0.0014922,0.0011259
-0.0015959,0.0014752,0.0012616,-0.001594,0.0014737,0.0012774
-0.0018822,0.0015065,0.001468,-0.0018803,0.0015052,0.001484
-0.0021265,0.000976,0.0012752,-0.0021241,0.0009751,0.0012908
-0.001682,0.0010229,0.0012631,-0.0016799,0.0010219,0.0012792
-0.0019704,0.0010187,0.0013985,-0.0019682,0.0010178,0.0014147
-0.0021359,0.0014209,0.0015691,-0.0021338,0.0014197,0.0015852
-0.0023851,0.0023834,0.0022521,-0.0023835,0.0023821,0.0022684
-0.0019486,0.0023411,0.0021639,-0.0019472,0.0023397,0.0021807
-0.0018685,0.0019072,0.0018795,-0.0018669,0.0019058,0.0018962
-0.0013893,0.0018854,0.0018378,-0.001388,0.001884,0.001855
-0.0023439,0.0018632,0.0021747,-0.0023423,0.0018622,0.0021916
-0.0018785,0.0019342,0.0021007,-0.0018771,0.001933,0.002118
-0.0028588,0.0024471,0.002328,-0.0028571,0.0024459,0.0023435
-0.0028765,0.0013691,0.0019974,-0.0028743,0.0013683,0.0020133
-0.0032756,0.0014014,0.0023205,-0.0032736,0.0014007,0.0023365
-0.0037181,0.0013073,0.002587,-0.0037163,0.0013069,0.0026027
-0.0028496,0.0014023,0.0021925,-0.0028476,0.0014016,0.0022091
-0.0024001,0.0013965,0.0021311,-0.0023983,0.0013956,0.0021484
-0.0041778,0.0008434,0.0027045,-0.004176,0.0008433,0.0027197
-0.0037212,0.0008785,0.0025835,-0.0037194,0.0008783,0.0025995
-0.0031469,0.0009104,0.0026755,-0.0031452,0.0009101,0.0026932
-0.0021127,0.0004212,0.0038115,-0.0021116,0.0004212,0.003835
-0.0017797,0.0003555,0.0036747,-0.0017787,0.0003555,0.0036982
-0.0022294,0.0009943,0.0034994,-0.0022283,0.000994,0.0035214
-0.0024965,0.0010323,0.0037136,-0.0024953,0.001032,0.0037359
-0.0021312,-1.1e-05,0.0034326,-0.0021301,-1.08e-05,0.0034549
-0.0025242,0.000404,0.0037971,-0.002523,0.000404,0.0038199
-0.0027018,0.0013051,0.0033354,-0.0027006,0.0013046,0.0033559
-0.003018,0.0008385,0.0038934,-0.0030167,0.0008383,0.0039156
-0.0015766,-0.0005159,0.001123,-0.0015746,-0.000515,0.001139
-0.0010754,-0.0003359,0.0010625,-0.0010739,-0.0003353,0.0010789
-0.0028871,-0.0004372,0.0019337,-0.0028848,-0.0004367,0.00195
-0.0039432,-0.0008393,0.0019848,-0.0039406,-0.0008385,0.0019983
-0.003504,-0.0010637,0.0019296,-0.0035015,-0.0010627,0.0019441
-0.0029012,-0.001157,0.0019775,-0.002899,-0.0011559,0.0019935
-0.0023879,-0.0010857,0.0019104,-0.0023859,-0.0010846,0.0019272
-0.0033169,-0.0010343,0.0022886,-0.0033148,-0.0010334,0.0023047
-0.0037677,-0.0010303,0.0026269,-0.0037659,-0.0010295,0.0026428
-0.0010065,-0.0012799,0.0010711,-0.0010051,-0.001278,0.0010871
-0.0003997,-0.0013138,0.0010138,-0.0003991,-0.0013119,0.0010299
-0.0009336,-0.0007705,0.0010593,-0.0009324,-0.0007693,0.0010756
-0.0017241,-0.0017427,0.0130499,-0.0017234,-0.0017422,0.0131101
-0.0013839,-0.0018748,0.0130597,-0.0013834,-0.0018742,0.01312
-0.0011271,-0.0030518,0.0119151,-0.0011266,-0.0030504,0.0119711
-0.0013916,-0.0026037,0.012219,-0.0013911,-0.0026027,0.0122763
-0.0014203,-0.0018563,0.0123889,-0.00142,-0.001856,0.0124471
-0.0024478,-0.0001636,0.0122128,-0.0024471,-0.0001637,0.0122704
-0.0021984,-0.0003668,0.0122571,-0.0021979,-0.0003669,0.012315
-0.0029184,0.0014559,0.0121813,-0.002917,0.0014549,0.0122386
-0.0026035,0.0015177,0.0121542,-0.0026024,0.0015168,0.0122115
0.0031189,-0.0026476,0.0020091,0.003117,-0.0026457,0.0020225
0.0019595,-0.0019798,0.0019754,0.001958,-0.0019781,0.0019921
0.0025022,-0.0020138,0.0019963,0.0025004,-0.0020121,0.0020121
0.0019635,-0.001525,0.0018602,0.0019619,-0.0015234,0.0018771
0.0018293,0.0013846,0.0129848,0.0018286,0.0013838,0.0130451
0.0020968,0.001648,0.0016929,0.002095,0.0016468,0.0017091
0.0025755,0.0016093,0.0017149,0.0025734,0.0016081,0.0017304
0.0021493,0.0014209,0.0018485,0.0021476,0.0014199,0.0018653
0.0008025,-0.0022365,0.0012858,0.0008017,-0.0022338,0.0013013
0.0002212,-0.0016831,0.0012319,0.000221,-0.0016808,0.0012482
0.0002506,-0.0013124,0.0010286,0.0002503,-0.0013104,0.0010447
0.000845,-0.0012755,0.0010724,0.000844,-0.0012736,0.0010884
0.0002354,-0.0006886,0.0010285,0.0002352,-0.0006874,0.001045
-0.0003414,-0.0021738,0.0012774,-0.000341,-0.002171,0.0012931
0.0001346,-0.0021637,0.0012642,0.0001345,-0.002161,0.00128
-0.0003525,-0.0026139,0.0015888,-0.0003521,-0.0026112,0.0016047
0.0001393,-0.0027072,0.0015485,0.0001393,-0.0027044,0.0015641
0.0001566,-0.0037217,0.0017465,0.0001566,-0.0037186,0.0017601
0.0001835,-0.0039999,0.0022064,0.0001835,-0.0039974,0.0022207
0.0007285,-0.0041007,0.00222,0.0007282,-0.0040982,0.0022338
6.87e-05,-0.0037925,0.0025204,6.88e-05,-0.0037904,0.0025364
0.0006359,-0.0039421,0.0025746,0.0006356,-0.00394,0.00259
0.0010778,-0.0022597,0.0033023,0.0010772,-0.0022583,0.0033236
0.0011459,-0.0018031,0.0031608,0.0011453,-0.0018019,0.0031822
0.0010974,-0.0032005,0.0038832,0.001097,-0.0031989,0.0039049
0.0011512,-0.002734,0.0037913,0.0011507,-0.0027326,0.0038134
0.0007319,-0.0027135,0.0037493,0.0007316,-0.0027121,0.0037714
0.0007698,-0.002674,0.0039401,0.0007695,-0.0026726,0.003963
0.0001899,-0.0025105,0.0034523,0.0001898,-0.0025092,0.003474
0.0001728,-0.0026389,0.0036587,0.0001728,-0.0026375,0.0036808
0.0016427,-0.0039779,0.0024547,0.001642,-0.0039758,0.0024689
0.0017499,-0.0035516,0.0023272,0.0017491,-0.0035494,0.002342
0.0012041,-0.0034981,0.0023014,0.0012035,-0.0034958,0.0023169
-0.0008336,0.0033948,0.0022639,-0.000833,0.003393,0.0022799
-0.0003316,0.003284,0.0021971,-0.0003313,0.0032821,0.0022134
0.0026421,0.0024451,0.0018801,0.0026403,0.0024435,0.0018947
0.0020626,0.002274,0.0020123,0.0020612,0.0022725,0.0020285
0.002618,0.0023999,0.0022695,0.0026165,0.0023987,0.0022853
0.0021847,0.0022672,0.0021788,0.0021834,0.0022659,0.0021953
0.0025435,0.001808,0.0020133,0.0025417,0.0018069,0.0020294
0.0025011,0.0019066,0.002193,0.0024995,0.0019056,0.0022096
0.0030021,0.0018494,0.0022646,0.0030003,0.0018484,0.0022805
0.0019885,0.0017977,0.0024027,0.0019872,0.0017968,0.002421
0.0029211,0.001362,0.002233,0.0029193,0.0013613,0.0022495
0.003419,0.0012998,0.0027361,0.0034175,0.0012993,0.0027532
0.0013318,-0.002332,0.0122734,0.0013312,-0.0023313,0.012331
0.0001769,-0.0008559,0.0101015,0.0001769,-0.000856,0.0101507
0.0004414,-0.0008199,0.0100768,0.0004413,-0.00082,0.0101258
-0.0004082,0.000254,0.0090865,-0.0004081,0.0002539,0.0091313
0.0001936,0.0002481,0.0093217,0.0001936,0.000248,0.0093675
-0.0003423,-2.88e-05,0.0092867,-0.0003422,-2.89e-05,0.0093324
-0.0002474,-0.0007002,0.0085155,-0.0002473,-0.0006998,0.0085577
-9.53e-05,-0.0002883,0.0085171,-9.52e-05,-0.0002881,0.0085593
0.0002665,-0.0003685,0.0084206,0.0002664,-0.0003683,0.0084624
0.0001118,5.78e-05,0.0084504,0.0001117,5.78e-05,0.0084923
0.0005096,0.0002373,0.0092071,0.0005094,0.0002372,0.0092525
0.0004229,-6.78e-05,0.0093247,0.0004227,-6.79e-05,0.0093705
0.0007663,6.8e-05,0.0084238,0.0007659,6.8e-05,0.0084656
0.0004169,-0.0002437,0.0088777,0.0004168,-0.0002436,0.0089215
0.0003561,5.26e-05,0.008787,0.000356,5.25e-05,0.0088305
0.0012827,-0.0003421,0.0101189,0.0012826,-0.0003421,0.0101682
0.0003953,0.000217,0.0085952,0.0003951,0.0002169,0.0086378
0.0002355,0.0005035,0.0085462,0.0002354,0.0005032,0.0085885
0.0005021,0.0004636,0.0086185,0.0005019,0.0004634,0.0086612
-8.62e-05,0.0005426,0.0084535,-8.61e-05,0.0005424,0.0084955
0.000286,0.0004373,0.0089276,0.0002859,0.0004372,0.0089717
0.0004782,-0.0001291,0.0086193,0.000478,-0.000129,0.008662
0.0001119,-0.0008237,0.0104803,0.0001119,-0.000824,0.0105312
0.0004135,-0.0007856,0.0104596,0.0004135,-0.0007858,0.0105105
0.0001581,-0.000471,0.0105161,0.0001581,-0.0004712,0.0105672
0.0006468,-0.0008933,0.0107281,0.0006468,-0.0008935,0.0107801
0.0006912,-0.0010039,0.0110553,0.0006913,-0.0010041,0.0111088
0.0013146,-0.0015784,0.0087951,0.001314,-0.0015776,0.0088383
0.0008863,-0.0019835,0.0088874,0.0008859,-0.0019825,0.0089309
0.0009264,-0.0016741,0.0089202,0.000926,-0.0016733,0.008964
0.0004672,-0.0022419,0.009108,0.0004669,-0.0022408,0.0091525
0.0001475,-0.0021924,0.0093749,0.0001474,-0.0021916,0.0094207
0.0006683,-0.0023351,0.009487,0.0006679,-0.0023342,0.0095331
2.81e-05,-0.0017398,0.0130291,2.81e-05,-0.0017396,0.0130896
9.32e-05,-0.0014649,0.0126633,9.31e-05,-0.0014649,0.0127229
0.0003986,-0.001496,0.0125416,0.0003985,-0.001496,0.0126009
-0.0006661,-0.0008845,0.010116,-0.0006661,-0.0008846,0.0101653
-0.0012978,-0.0007802,0.0101133,-0.0012977,-0.0007802,0.0101626
-0.0003186,0.0002829,0.008528,-0.0003185,0.0002828,0.0085704
-0.0002675,-5e-05,0.0086369,-0.0002673,-5e-05,0.0086797
-0.0005361,-0.0006181,0.0105004,-0.0005362,-0.0006183,0.0105513
-0.0017959,-0.0003369,0.0088338,-0.0017951,-0.0003367,0.0088772
-0.0014116,-0.0003228,0.0087692,-0.001411,-0.0003226,0.0088125
-0.0014705,-0.0012049,0.0093975,-0.00147,-0.0012045,0.0094436
-0.0022193,-0.001215,0.0094303,-0.0022183,-0.0012145,0.0094762
-0.0032827,0.0006661,0.0104582,-0.0032811,0.0006657,0.0105083
-0.0027607,0.0004443,0.0107752,-0.0027597,0.000444,0.0108271
-0.0028799,-0.0003727,0.0109201,-0.0028787,-0.0003726,0.0109725
0.0004103,0.0011261,0.0086278,0.0004101,0.0011256,0.0086705
0.0006505,0.0010153,0.0086734,0.0006501,0.0010148,0.0087162
0.0002711,0.0013652,0.0084577,0.0002709,0.0013644,0.0084996
0.0002494,0.001286,0.0088669,0.0002492,0.0012854,0.0089107
0.000492,0.0007376,0.008739,0.0004917,0.0007373,0.0087822
-0.0002646,0.0010821,0.0102111,-0.0002646,0.001082,0.0102609
5.08e-05,0.0010672,0.010171,5.08e-05,0.0010671,0.0102207
-0.0001077,0.0012742,0.0085483,-0.0001077,0.0012735,0.0085906
-0.0003372,0.000712,0.0085964,-0.0003371,0.0007117,0.0086391
-0.0005813,0.0004039,0.0109212,-0.0005815,0.0004039,0.0109741
-0.0006596,0.0010569,0.0102394,-0.0006596,0.0010568,0.0102894
-0.001859,0.0008382,0.0091838,-0.0018582,0.0008379,0.0092289
-0.0022001,0.000769,0.0094324,-0.0021992,0.0007686,0.0094784
-0.0018998,4.59e-05,0.0091367,-0.001899,4.59e-05,0.0091816
-0.0018545,0.0003954,0.0096134,-0.001854,0.0003952,0.0096605
-0.0023076,0.0010788,0.0089141,-0.0023064,0.0010782,0.0089576
-0.0004998,-0.0002865,0.0070673,-0.0004994,-0.0002861,0.0071031
-0.000866,-0.0002111,0.0076033,-0.0008654,-0.0002109,0.0076415
-0.0012325,-0.0002695,0.007615,-0.0012316,-0.0002692,0.007653
-0.0015348,-0.0004041,0.007491,-0.0015339,-0.0004037,0.0075283
-0.0003754,-0.0004923,0.0072456,-0.0003751,-0.0004919,0.0072821
-8.21e-05,-0.0002629,0.0072215,-8.19e-05,-0.0002627,0.0072581
0.000364,-0.0003107,0.0070362,0.0003638,-0.0003104,0.007072
0.0001474,9.96e-05,0.0072011,0.0001473,9.96e-05,0.0072376
-7.75e-05,-0.0001944,0.007577,-7.74e-05,-0.0001942,0.0076151
-0.0004624,0.0002713,0.0071745,-0.0004621,0.0002712,0.0072108
-0.0004705,0.0002434,0.007521,-0.0004701,0.0002433,0.0075588
-0.0009365,0.0005497,0.0072638,-0.0009358,0.0005494,0.0073003
-0.0006004,0.0005404,0.0072045,-0.0006,0.0005402,0.0072409
-0.0008428,0.0001253,0.007601,-0.0008423,0.0001252,0.0076391
-0.0012147,0.0006328,0.0073215,-0.0012138,0.0006325,0.0073582
-0.0011711,-9.44e-05,0.0074001,-0.0011704,-9.42e-05,0.0074373
-0.0003582,-0.000463,0.0078757,-0.000358,-0.0004627,0.0079151
-0.0001224,-0.0002845,0.00782,-0.0001223,-0.0002842,0.0078592
0.0003068,-0.0003333,0.0077964,0.0003066,-0.0003331,0.0078354
0.0001017,4.18e-05,0.0077754,0.0001016,4.18e-05,0.0078144
-0.0001268,-0.0002924,0.0081881,-0.0001267,-0.0002922,0.0082289
-0.000634,-0.0003028,0.0081009,-0.0006336,-0.0003025,0.0081413
-0.00014,0.0002608,0.0079018,-0.0001398,0.0002607,0.0079413
0.0002908,0.0002997,0.0079171,0.0002906,0.0002996,0.0079567
-2.6e-05,0.0001076,0.0081133,-2.6e-05,0.0001076,0.0081538
0.000303,5.1e-05,0.0081416,0.0003029,5.1e-05,0.0081822
-0.0003564,-5.56e-05,0.0079215,-0.0003561,-5.56e-05,0.0079611
-0.0019281,0.0008808,0.0078433,-0.0019269,0.0008802,0.0078821
-0.0022344,0.0007625,0.0081852,-0.0022331,0.0007621,0.0082253
-0.0018687,3.06e-05,0.0078181,-0.0018676,3.06e-05,0.0078568
-0.0001475,0.0002677,0.0071802,-0.0001474,0.0002675,0.0072166
-7.5e-06,0.0005952,0.0071477,-7.5e-06,0.0005948,0.0071839
-6.05e-05,7.56e-05,0.0074294,-6.05e-05,7.56e-05,0.0074669
0.0003581,0.0005561,0.0071866,0.0003579,0.0005558,0.007223
0.0002822,7.97e-05,0.0074869,0.0002821,7.97e-05,0.0075246
-0.0002837,0.0005209,0.0072242,-0.0002835,0.0005206,0.0072607
-0.0003241,-3.57e-05,0.0073036,-0.0003239,-3.57e-05,0.0073405
-0.0022021,0.0003939,0.0082091,-0.0022008,0.0003936,0.0082495
-0.0023042,0.0012315,0.0074708,-0.0023027,0.0012308,0.0075075
0.0019957,-0.0002116,0.0129003,0.001995,-0.0002117,0.0129603
0.0022919,-0.0002366,0.0128629,0.0022909,-0.0002367,0.0129227
0.0008535,-0.0002467,0.0136224,0.0008533,-0.000247,0.0136849
0.0009034,-0.0003358,0.0139361,0.0009031,-0.000336,0.0139992
-0.0008761,0.0018294,0.0018178,-0.0008753,0.0018279,0.0018355
-0.0003584,0.0018591,0.0018043,-0.000358,0.0018577,0.0018221
-0.0014018,0.0020507,0.0020447,-0.0014007,0.0020493,0.0020623
-0.0018581,0.0018251,0.0023329,-0.0018568,0.0018241,0.0023511
-0.0013834,0.0018817,0.0022256,-0.0013823,0.0018806,0.0022439
-0.001952,0.0010931,0.0016394,-0.0019501,0.0010922,0.0016562
-0.0018962,0.0014373,0.0019058,-0.0018945,0.0014363,0.0019232
-0.0027868,0.0009782,0.0021685,-0.0027849,0.0009777,0.0021855
-0.0024202,0.0009508,0.0021321,-0.0024184,0.0009503,0.0021497
-0.0027196,0.0008495,0.0023286,-0.0027178,0.0008491,0.0023463
-0.0028588,0.0023591,0.0027726,-0.0028574,0.0023582,0.0027897
-0.0024064,0.0024552,0.0026603,-0.0024051,0.0024541,0.0026777
-0.0027781,0.002299,0.0029735,-0.0027769,0.0022982,0.0029916
-0.0007308,0.0003646,0.0036011,-0.0007303,0.0003646,0.0036252
-0.0001616,0.0002765,0.0044654,-0.0001615,0.0002765,0.0044923
-6.67e-05,-0.0003826,0.0043477,-6.66e-05,-0.0003823,0.0043742
5.53e-05,0.0001485,0.0046842,5.52e-05,0.0001486,0.0047118
-3.22e-05,0.0005822,0.0047056,-3.22e-05,0.0005821,0.0047332
0.0004261,0.0001753,0.004731,0.0004258,0.0001753,0.0047587
-0.0001485,-0.0003872,0.0047043,-0.0001484,-0.0003869,0.004732
0.0001289,-2.3e-06,0.0049641,0.0001289,-2.2e-06,0.0049926
-0.0006174,-0.0003745,0.0047492,-0.000617,-0.0003742,0.0047768
-0.000452,0.0003225,0.0049801,-0.0004517,0.0003225,0.0050086
0.0006829,0.0002884,0.0044717,0.0006825,0.0002884,0.0044985
0.0006836,-0.0001905,0.0046992,0.0006832,-0.0001903,0.0047267
0.0008115,-1.59e-05,0.0049453,0.0008111,-1.57e-05,0.0049735
0.0003451,0.0006477,0.0047073,0.000345,0.0006475,0.0047348
0.0002427,0.0005212,0.004952,0.0002426,0.0005211,0.0049803
0.0004737,-4.68e-05,0.0045232,0.0004735,-4.66e-05,0.0045502
0.0002714,-0.0003965,0.004641,0.0002713,-0.0003962,0.0046684
0.0004082,0.0002576,0.0050472,0.000408,0.0002576,0.0050758
-0.0006976,0.0010029,0.0038077,-0.0006972,0.0010025,0.0038321
-0.0006964,0.0008664,0.0040118,-0.000696,0.0008661,0.0040369
0.000558,0.0014697,0.0046561,0.0005578,0.0014691,0.0046829
0.000338,0.0010833,0.004997,0.0003379,0.0010829,0.0050252
-0.0003339,0.000939,0.0033441,-0.0003337,0.0009386,0.0033673
-0.0003386,-3.63e-05,0.0032741,-0.0003384,-3.61e-05,0.0032974
-0.0007947,0.0014273,0.0031379,-0.0007943,0.0014267,0.0031599
-0.0025289,0.0008052,0.0047537,-0.0025277,0.000805,0.0047797
-0.0020479,-1.17e-05,0.0044335,-0.0020468,-1.15e-05,0.0044591
-0.00246,0.0003976,0.0048476,-0.0024588,0.0003976,0.004874
-0.0001085,0.0002957,0.0049431,-0.0001085,0.0002957,0.0049715
-0.0001859,0.0006343,0.004952,-0.0001858,0.0006341,0.0049804
-0.0001013,-0.0003472,0.0050018,-0.0001013,-0.0003469,0.0050303
5.06e-05,0.0004822,0.0052128,5.06e-05,0.0004821,0.005242
0.0003487,0.0001244,0.00522,0.0003485,0.0001244,0.0052492
0.0001521,-0.0003176,0.0052516,0.000152,-0.0003173,0.0052809
3.33e-05,0.0001731,0.0054653,3.33e-05,0.0001731,0.0054953
-0.0002938,-8.13e-05,0.0050791,-0.0002937,-8.11e-05,0.0051079
-0.0029376,0.0013749,0.0043851,-0.0029363,0.0013745,0.0044089
-0.0026051,0.0012796,0.0043841,-0.0026039,0.0012792,0.0044084
-0.0014103,-0.0011038,0.0015882,-0.0014088,-0.0011025,0.0016054
-0.0023151,-0.0005272,0.0020569,-0.0023132,-0.0005266,0.0020746
-0.001923,-0.0004984,0.0020616,-0.0019215,-0.0004978,0.0020799
-0.0018876,-0.0003555,0.0018259,-0.0018859,-0.000355,0.0018437
-0.0018066,-0.001552,0.0018457,-0.001805,-0.0015504,0.0018627
-0.0028575,-0.0016606,0.0022452,-0.0028556,-0.0016593,0.0022615
-0.0035395,-0.0005334,0.0034113,-0.0035381,-0.000533,0.0034309
0.0005507,-0.000638,0.0044631,0.0005504,-0.0006375,0.0044899
0.0002937,-0.0004867,0.0049656,0.0002935,-0.0004863,0.004994
-0.0019932,-0.0012088,0.0047724,-0.0019922,-0.0012081,0.0047987
-0.0016166,-0.0012812,0.0047207,-0.0016158,-0.0012805,0.0047471
-0.0020082,-0.0008382,0.0044981,-0.0020072,-0.0008377,0.0045236
-0.0025484,-0.0013652,0.0048028,-0.0025472,-0.0013645,0.0048285
-0.0022819,-0.0020116,0.0021654,-0.0022803,-0.00201,0.0021821
-0.0018643,-0.0019621,0.0021115,-0.0018629,-0.0019605,0.0021287
-0.0019641,-0.0017516,0.0024218,-0.0019628,-0.0017502,0.0024401
-0.0019192,-0.0020397,0.001953,-0.0019176,-0.002038,0.0019696
-0.0023005,-0.0020475,0.0024073,-0.002299,-0.0020461,0.0024246
-0.0028943,-0.0019409,0.002497,-0.0028927,-0.0019396,0.0025136
-0.0025111,-0.0018085,0.0115298,-0.00251,-0.0018078,0.0115844
-0.0022042,-0.001948,0.0115324,-0.0022034,-0.0019474,0.0115872
-0.0029315,-0.0014811,0.0111501,-0.0029302,-0.0014806,0.0112032
-0.0029242,-0.0011833,0.011185,-0.0029229,-0.0011829,0.0112382
-0.001842,-0.0029339,0.0024774,-0.0018409,-0.002932,0.002494
-0.0021803,-0.0024931,0.0025601,-0.0021791,-0.0024916,0.0025773
-0.001826,-0.0025146,0.0024821,-0.0018249,-0.0025129,0.0024996
-0.002175,-0.003484,0.0025866,-0.002174,-0.0034822,0.0026017
-0.0018467,-0.0033305,0.0025529,-0.0018457,-0.0033286,0.0025689
0.002527,-0.0019757,0.0021945,0.0025254,-0.0019742,0.0022108
0.002966,-0.0020408,0.0023013,0.0029644,-0.0020394,0.002317
0.0025288,-0.0015095,0.0021412,0.0025271,-0.0015082,0.002158
0.0026062,-0.0010521,0.0019267,0.0026042,-0.0010511,0.0019432
0.0020682,-0.000652,0.0018959,0.0020665,-0.0006513,0.0019135
0.0020402,-0.0018041,0.0023039,0.0020388,-0.0018026,0.0023216
0.0024476,-0.0019319,0.0024097,0.0024462,-0.0019306,0.0024269
0.0024865,-0.0034745,0.0026599,0.0024855,-0.0034728,0.0026749
0.0030055,-0.0034705,0.0028276,0.0030045,-0.0034691,0.0028421
0.0001091,0.0013897,0.0130101,0.000109,0.0013892,0.013071
0.0004374,0.0012647,0.0129602,0.0004373,0.0012642,0.0130209
-0.0006326,0.0013707,0.0129813,-0.0006324,0.0013702,0.0130419
-0.0003113,0.0013787,0.0129831,-0.0003113,0.0013782,0.0130439
8.12e-05,0.0021292,0.0122277,8.12e-05,0.0021285,0.0122857
0.0004336,0.0020771,0.0122377,0.0004335,0.0020764,0.0122958
0.0001385,0.002889,0.0115391,0.0001385,0.0028876,0.0115941
0.0004855,0.0028745,0.0115917,0.0004853,0.0028731,0.0116469
-0.0005745,0.0028404,0.0115939,-0.0005743,0.002839,0.0116491
0.0006257,0.002581,0.0125484,0.0006254,0.0025798,0.0126072
0.0017522,0.0006691,0.0015525,0.0017504,0.0006687,0.0015695
0.0025902,-0.0004691,0.0020216,0.0025882,-0.0004685,0.0020387
0.0029516,-0.0003944,0.002006,0.0029495,-0.0003939,0.0020223
0.000656,0.0018206,0.0020016,0.0006555,0.0018192,0.0020198
0.0010376,0.0018897,0.0020415,0.0010369,0.0018884,0.0020596
0.000773,0.0022011,0.0020314,0.0007724,0.0021996,0.0020492
0.0001635,0.00192,0.0017779,0.0001634,0.0019185,0.0017956
0.0006189,0.0018185,0.0017926,0.0006184,0.0018171,0.0018103
0.0001291,0.0023181,0.0020215,0.0001291,0.0023164,0.0020392
0.0005276,0.0023785,0.002047,0.0005273,0.0023769,0.0020646
0.0003739,0.0024874,0.0023218,0.0003737,0.0024859,0.00234
-0.000321,0.001925,0.002015,-0.0003207,0.0019236,0.0020333
0.0001628,0.0018523,0.0019885,0.0001628,0.001851,0.0020069
0.0001633,0.0017606,0.0022398,0.0001633,0.0017595,0.0022591
0.0004675,0.0017738,0.0023017,0.0004672,0.0017727,0.0023209
0.0023578,-0.0020838,0.0118548,0.0023566,-0.002083,0.0119107
0.0019015,-0.0016102,0.0121813,0.0019009,-0.0016099,0.0122387
-0.0013955,0.0018698,0.0122079,-0.0013952,0.0018692,0.0122657
-0.0010122,0.0013604,0.0122176,-0.0010121,0.00136,0.0122758
-0.0013696,0.0021303,0.0116302,-0.0013693,0.0021295,0.0116857
-0.0010318,0.0020718,0.0116411,-0.0010316,0.0020712,0.0116968
0.0006524,-0.0020975,0.0016584,0.0006519,-0.0020953,0.0016752
-0.0002138,-0.002451,0.001941,-0.0002136,-0.0024488,0.0019581
0.0001098,-0.002649,0.0018933,0.0001098,-0.0026467,0.00191
0.0001782,-0.0020989,0.0018249,0.0001781,-0.0020968,0.0018424
0.0006707,-0.0021428,0.0018684,0.0006702,-0.0021407,0.0018858
0.0001703,-0.0015698,0.001782,0.0001702,-0.0015681,0.0018001
0.001706,0.0023078,0.0021248,0.0017049,0.0023063,0.0021417
0.0016983,0.0018336,0.0022754,0.0016972,0.0018326,0.0022936
0.0033916,0.0024689,0.0028829,0.0033903,0.0024682,0.0028991
0.0029831,0.0022077,0.0032237,0.0029819,0.0022071,0.0032424
0.001983,0.0021989,0.0118676,0.0019821,0.0021978,0.0119238
0.002331,0.0021894,0.0118835,0.0023298,0.0021882,0.0119397
0.0019036,0.0014415,0.0121347,0.001903,0.0014409,0.0121922
0.0015876,0.0021819,0.0114463,0.001587,0.0021809,0.011501
0.0019233,0.0021837,0.0114496,0.0019225,0.0021826,0.0115043
0.0023181,0.0014265,0.0115018,0.0023172,0.0014258,0.0115567
0.0027815,0.0013864,0.0115316,0.0027801,0.0013856,0.0115864
0.0023364,0.0018596,0.0109096,0.0023354,0.0018587,0.010962
-0.0021346,0.0018489,0.011538,-0.0021339,0.001848,0.011593
-0.0020928,0.0014883,0.011553,-0.0020922,0.0014877,0.0116081
-0.0018289,0.0013698,0.0114866,-0.0018285,0.0013694,0.0115416
-0.002929,0.001419,0.0115143,-0.0029276,0.0014182,0.0115691
-0.0025915,0.0014138,0.0115858,-0.0025904,0.001413,0.0116409
0.0025458,-0.0009278,0.0021325,0.002544,-0.0009269,0.0021498
0.0030355,-0.0008668,0.0021863,0.0030335,-0.000866,0.0022028
-0.0007572,-0.0020794,0.0018262,-0.0007565,-0.0020774,0.0018435
-0.0003127,-0.0021035,0.0018205,-0.0003123,-0.0021015,0.0018379
-0.0005921,-0.0017378,0.0018414,-0.0005915,-0.0017361,0.0018593
-0.000737,-0.0025292,0.0047078,-0.0007366,-0.0025278,0.0047334
-0.0011975,-0.0030947,0.0049377,-0.001197,-0.0030931,0.0049633
-0.0007773,-0.0031162,0.0048874,-0.0007769,-0.0031146,0.0049129
0.0008294,-0.0005418,0.0011871,0.0008284,-0.0005409,0.0012039
-0.0009016,-0.0001066,0.0012002,-0.0009005,-0.0001062,0.0012172
-0.0003482,-0.0001353,0.0011645,-0.0003477,-0.0001349,0.0011816
-0.0019805,-0.0005293,0.0014106,-0.0019783,-0.0005285,0.0014269
-0.0015282,0.0001364,0.0015911,-0.0015266,0.0001364,0.0016087
-0.0023601,-7.33e-05,0.0020624,-0.0023582,-7.3e-05,0.0020801
-0.0037095,-0.0004264,0.0025606,-0.0037076,-0.000426,0.0025769
-0.0031699,0.000196,0.0026596,-0.0031682,0.0001961,0.0026776
-0.0014216,-0.0003904,0.0018233,-0.0014202,-0.0003899,0.0018416
-0.0010103,-0.0003093,0.0017282,-0.0010093,-0.0003088,0.0017466
-0.0014552,6.29e-05,0.0019863,-0.0014539,6.31e-05,0.0020051
-0.0018306,0.000818,0.0022147,-0.0018292,0.0008176,0.0022335
-0.0013043,6.72e-05,0.0023937,-0.0013034,6.73e-05,0.0024138
-0.0040801,0.0003524,0.0031401,-0.0040785,0.0003524,0.0031575
-0.0036784,0.0003409,0.0030568,-0.0036769,0.0003409,0.0030748
-0.0036068,-0.0010377,0.0028814,-0.0036052,-0.0010371,0.0028987
-0.0031504,-0.0011057,0.0027059,-0.0031488,-0.0011049,0.0027235
-0.0030745,-0.0001286,0.0031013,-0.003073,-0.0001284,0.0031209
-0.0031564,-0.0022664,0.00313,-0.0031552,-0.0022654,0.0031478
-0.0027625,-0.0022837,0.0029663,-0.0027613,-0.0022825,0.0029843
-0.0022449,-0.0026786,0.0031993,-0.0022439,-0.0026773,0.0032183
-0.0026107,-0.0028155,0.0033957,-0.0026096,-0.0028144,0.0034145
-0.0031011,0.0024709,0.0018042,-0.0030988,0.0024693,0.0018174
-0.0013979,-0.0012461,0.0118712,-0.0013979,-0.0012462,0.0119278
-0.0010916,-0.0007976,0.0118237,-0.0010917,-0.0007978,0.0118805
-0.001436,-0.0004921,0.0119027,-0.001436,-0.0004922,0.0119597
-0.0006137,-0.0031522,0.0115887,-0.0006134,-0.0031508,0.0116436
-0.0015279,-0.0027737,0.0108918,-0.0015273,-0.0027726,0.0109438
-0.0002932,-0.002173,0.0090876,-0.0002931,-0.0021721,0.0091321
-0.0006561,-0.0022231,0.0095031,-0.0006558,-0.0022222,0.0095494
-0.0006688,-0.0027469,0.0095879,-0.0006685,-0.0027456,0.0096343
0.0012457,-0.0016062,0.012251,0.0012454,-0.0016061,0.0123089
0.0013098,-0.0023384,0.011482,0.0013093,-0.0023377,0.0115367
0.001292,-0.0010022,0.013194,0.0012915,-0.0010021,0.0132551
8.73e-05,-0.0018565,0.0123124,8.72e-05,-0.0018564,0.0123707
0.0001303,-0.0015252,0.0123369,0.0001303,-0.0015252,0.0123955
0.0004108,-0.0014573,0.0121593,0.0004107,-0.0014574,0.0122172
0.0001356,-0.0026253,0.0115786,0.0001355,-0.0026246,0.0116336
0.0012775,0.0010678,0.0124835,0.0012772,0.0010674,0.0125426
0.0012109,0.0011981,0.0102445,0.0012106,0.0011978,0.0102944
0.0008568,0.0010846,0.0103967,0.0008567,0.0010845,0.0104473
0.0008712,0.0004273,0.0108433,0.0008713,0.0004273,0.0108959
0.0008975,0.0003397,0.0111298,0.0008977,0.0003397,0.0111837
0.0005246,0.0011146,0.0103817,0.0005246,0.0011145,0.0104322
0.0005341,0.0006209,0.0108102,0.0005341,0.0006209,0.0108626
0.0023565,0.0014845,0.0109083,0.0023555,0.0014838,0.0109608
0.0023741,0.0008299,0.0095085,0.002373,0.0008295,0.0095548
0.0023692,0.0003829,0.0095467,0.0023682,0.0003827,0.0095932
0.0020532,0.0010887,0.0089607,0.0020521,0.0010881,0.0090046
0.002036,0.0003205,0.0096543,0.0020352,0.0003204,0.0097016
0.0013272,0.00046,0.0129773,0.0013269,0.0004596,0.0130379
0.001324,0.0003468,0.0132708,0.0013236,0.0003465,0.0133322
0.0028224,0.0003513,0.0118745,0.0028212,0.000351,0.0119308
0.0026968,-0.0002249,0.0114651,0.0026958,-0.000225,0.0115198
0.0028651,-0.0002997,0.0117974,0.0028639,-0.0002997,0.0118533
-0.0018249,-0.0015556,0.0113114,-0.0018246,-0.0015554,0.0113655
-0.0020705,-0.0013286,0.0112404,-0.00207,-0.0013284,0.0112943
-0.0013907,-0.0003959,0.0122849,-0.0013906,-0.0003961,0.0123434
-0.0017752,-0.0008343,0.0113018,-0.001775,-0.0008344,0.0113561
-0.0021417,-0.0004875,0.0112713,-0.0021414,-0.0004876,0.0113254
-0.0021562,-0.0003981,0.0115445,-0.0021559,-0.0003982,0.0115997
-0.0029305,-0.000818,0.010885,-0.0029293,-0.0008178,0.0109371
-0.0025333,-0.0008379,0.0108573,-0.0025325,-0.0008377,0.0109094
-0.0017068,0.0010197,0.0123657,-0.0017064,0.0010193,0.0124242
0.0023562,-0.0015839,0.0114949,0.0023553,-0.0015834,0.0115496
0.0023855,-0.0016224,0.0108058,0.0023844,-0.0016218,0.0108576
0.0026775,-0.000848,0.0091012,0.0026761,-0.0008476,0.0091454
0.0018974,-0.0011197,0.0090724,0.0018965,-0.0011191,0.0091168
0.0022275,-0.0008652,0.0094295,0.0022265,-0.0008648,0.0094755
0.0023262,-0.0015442,0.0091818,0.002325,-0.0015434,0.0092264
0.0018364,-0.0007832,0.0122572,0.0018359,-0.0007833,0.0123152
-0.000827,0.0023605,0.002107,-0.0008264,0.0023589,0.0021247
-0.0003824,0.0023132,0.0020501,-0.000382,0.0023116,0.0020679
-0.0014113,0.003646,0.0029994,-0.0014107,0.0036447,0.0030168
-0.0009251,0.0035934,0.0029953,-0.0009246,0.0035921,0.0030131
-0.0003293,-0.0008344,0.0127594,-0.0003294,-0.0008346,0.0128196
0.0018635,0.0021036,0.0108114,0.0018627,0.0021027,0.0108634
0.000878,0.0025856,0.0111549,0.0008776,0.0025846,0.0112084
0.0012101,0.0017193,0.0090769,0.0012095,0.0017185,0.0091215
0.0009107,0.0024428,0.0091648,0.0009102,0.0024415,0.0092096
0.0004947,0.0019403,0.0091322,0.0004945,0.0019394,0.0091771
0.0001544,0.0018392,0.0095466,0.0001544,0.0018385,0.0095934
0.0008569,0.0013157,0.0091113,0.0008565,0.0013151,0.0091561
0.0013253,0.0014121,0.0091629,0.0013247,0.0014115,0.0092079
0.0009174,0.0016355,0.0091242,0.000917,0.0016347,0.009169
0.0009743,0.0014089,0.0094042,0.000974,0.0014084,0.0094503
0.0009015,0.0018453,0.009764,0.0009012,0.0018447,0.0098117
0.0005306,0.0024268,0.0091305,0.0005303,0.0024256,0.0091752
0.0005052,0.0018053,0.0097642,0.000505,0.0018047,0.009812
-0.0039886,0.0004,0.0035718,-0.0039871,0.0004001,0.003591
-0.0035645,0.0003183,0.0034315,-0.003563,0.0003184,0.0034511
-0.00271,-0.0018822,0.0026941,-0.0027086,-0.0018811,0.0027119
-0.0022545,-0.0019146,0.0026093,-0.0022532,-0.0019133,0.0026275
-0.001698,-0.0018199,0.0116789,-0.0016976,-0.0018195,0.0117344
-0.0012789,0.001497,0.0019114,-0.0012778,0.0014959,0.0019294
-0.0018418,0.0013215,0.0022561,-0.0018405,0.0013207,0.0022747
-0.0036227,0.0008907,0.0032242,-0.0036212,0.0008905,0.0032428
-0.0031466,0.0009246,0.003132,-0.0031451,0.0009244,0.0031512
-0.0025106,-0.0017387,0.0109397,-0.0025096,-0.0017381,0.0109921
-0.0029873,-0.0015292,0.0104341,-0.0029858,-0.0015284,0.010484
-0.0029476,-0.0012719,0.0105584,-0.0029463,-0.0012714,0.010609
-0.0003003,0.0014446,0.0122015,-0.0003003,0.0014443,0.0122598
-0.0014599,0.0017746,0.0115385,-0.0014597,0.0017741,0.0115937
-0.001072,0.0013815,0.0114867,-0.001072,0.0013814,0.0115419
-0.0021097,0.0014055,0.0108662,-0.0021091,0.0014049,0.0109186
-0.0029334,0.0015025,0.0108201,-0.002932,0.0015017,0.0108718
0.0020327,0.0033649,0.0027949,0.0020318,0.0033636,0.0028115
0.0023904,0.0032089,0.0028585,0.0023894,0.0032078,0.0028751
0.0020009,0.0031593,0.0029773,0.0020001,0.0031583,0.002995
0.0004888,0.0013284,0.0122854,0.0004887,0.0013281,0.012344
0.0001453,0.001772,0.0121702,0.0001453,0.0017715,0.0122281
4.84e-05,0.0028984,0.0108939,4.84e-05,0.0028971,0.0109463
0.0004415,0.0028175,0.0108335,0.0004412,0.0028163,0.0108858
-0.0006502,0.0025365,0.0116191,-0.0006501,0.0025355,0.0116745
0.000143,0.0021082,0.0108898,0.0001429,0.0021076,0.0109424
0.0005189,0.0020225,0.0108066,0.0005188,0.002022,0.0108589
0.0001439,0.0018993,0.0087425,0.0001439,0.0018984,0.0087856
-0.0015142,0.0018545,0.0091602,-0.0015135,0.0018536,0.0092049
-0.0011463,0.00184,0.009103,-0.0011458,0.0018391,0.0091477
-0.0011235,0.0014922,0.0092221,-0.0011231,0.0014916,0.0092674
-0.0008097,0.0014543,0.0093681,-0.0008094,0.0014537,0.0094141
0.0023084,-0.001912,0.011084,0.0023073,-0.0019112,0.0111369
-0.0008968,0.0031274,0.0028567,-0.0008963,0.0031261,0.0028752
-0.0013512,0.0037831,0.0028042,-0.0013505,0.0037817,0.0028206
-0.0010212,0.0036687,0.0027598,-0.0010206,0.0036673,0.0027765
-0.0017649,0.0025274,0.0031275,-0.001764,0.0025264,0.0031471
-0.0013869,0.0025634,0.0030939,-0.0013861,0.0025623,0.0031138
-0.0008104,0.0030782,0.0030698,-0.0008099,0.003077,0.0030891
-0.0004313,0.0031181,0.0030571,-0.000431,0.0031168,0.0030764
-0.0006738,0.0029981,0.0032214,-0.0006734,0.0029969,0.0032414
-0.0013443,0.0035389,0.0031994,-0.0013437,0.0035377,0.0032178
-0.0009234,0.0035222,0.0031656,-0.0009229,0.0035209,0.0031843
-0.000943,0.0030882,0.0033382,-0.0009425,0.0030871,0.0033584
-0.0018042,0.0030805,0.0036085,-0.0018034,0.0030795,0.0036288
-0.0014236,0.0030608,0.0035718,-0.0014229,0.0030597,0.0035924
-0.001724,0.0030241,0.0038083,-0.0017232,0.0030231,0.0038297
-0.0004078,0.0025303,0.004528,-0.0004076,0.0025293,0.0045533
0.0001949,0.0021164,0.0044307,0.0001949,0.0021155,0.0044562
0.0006186,0.0020646,0.0043991,0.0006183,0.0020637,0.0044244
0.00016,0.0021561,0.0046856,0.00016,0.0021552,0.0047119
-0.001684,0.0021957,0.0044651,-0.0016832,0.0021949,0.00449
-0.0013294,0.0021741,0.004458,-0.0013288,0.0021732,0.0044831
-0.0016565,0.0021375,0.0047217,-0.0016556,0.0021367,0.0047475
-0.0006547,0.0020527,0.0049323,-0.0006543,0.0020518,0.0049594
-0.0008109,0.0015982,0.0045509,-0.0008105,0.0015976,0.0045771
0.0006444,0.0011778,0.0051201,0.0006441,0.0011773,0.0051486
0.0006148,0.0015447,0.0051656,0.0006145,0.001544,0.005194
0.000376,0.001413,0.0055745,0.0003758,0.0014124,0.0056045
0.0005344,0.0008063,0.0051672,0.0005341,0.000806,0.0051961
0.0003698,0.00051,0.0052947,0.0003696,0.0005099,0.0053241
-0.0003764,0.0011394,0.0056807,-0.0003762,0.0011389,0.0057111
-0.0001598,0.0010437,0.0055781,-0.0001597,0.0010433,0.0056083
-9.2e-05,0.0010052,0.0060834,-9.19e-05,0.0010047,0.0061154
9.7e-06,0.0013064,0.005523,9.8e-06,0.0013059,0.0055529
-0.0001317,0.0013636,0.0061342,-0.0001316,0.001363,0.0061662
1.07e-05,0.0008525,0.0057785,1.08e-05,0.0008522,0.0058094
0.0003808,0.0009266,0.0058195,0.0003806,0.0009262,0.0058506
-0.0003716,0.0008865,0.0058874,-0.0003714,0.0008861,0.0059187
-0.0005279,0.001394,0.0058804,-0.0005276,0.0013934,0.0059115
-0.0001086,0.0012614,0.0058387,-0.0001085,0.0012608,0.0058696
-0.0003052,0.0007538,0.0056598,-0.0003051,0.0007535,0.0056903
-0.0002923,-0.0023512,0.0023384,-0.0002921,-0.0023493,0.0023569
0.0001486,-0.0023585,0.0022853,0.0001485,-0.0023566,0.0023036
0.000151,-0.0033174,0.0024574,0.000151,-0.0033153,0.0024743
0.0015386,-0.0020149,0.0020628,0.0015374,-0.0020132,0.0020802
0.0012559,-0.0015995,0.0020052,0.001255,-0.001598,0.0020233
-0.0002824,-0.0013979,0.0019889,-0.0002822,-0.0013965,0.0020077
0.0001827,-0.0014815,0.0019865,0.0001826,-0.00148,0.0020053
-0.00048,-0.0019685,0.0022166,-0.0004796,-0.0019668,0.0022353
0.0006209,-0.0018733,0.0024602,0.0006206,-0.0018718,0.0024796
0.0010825,-0.000257,0.0030721,0.0010819,-0.0002566,0.0030943
0.0015587,-0.0004271,0.0032342,0.0015579,-0.0004267,0.0032565
0.0012595,-0.0002989,0.0033022,0.0012588,-0.0002986,0.003325
0.0015111,-0.0009022,0.0034388,0.0015103,-0.0009016,0.0034616
0.0012353,-0.0008688,0.0035681,0.0012347,-0.0008682,0.0035915
0.000643,-0.0005454,0.0033031,0.0006427,-0.000545,0.0033262
0.0001471,-0.0008885,0.0034096,0.0001471,-0.0008879,0.003433
0.0005077,-0.0009466,0.0034284,0.0005074,-0.0009459,0.0034517
-8.46e-05,-0.0031897,0.0030605,-8.45e-05,-0.003188,0.0030797
0.0001576,-0.0031402,0.0028732,0.0001576,-0.0031384,0.0028918
0.0012599,-0.0032818,0.0031601,0.0012595,-0.0032802,0.0031788
0.0011819,-0.0038227,0.0034829,0.0011814,-0.003821,0.0035017
0.0006114,-0.0025735,0.0029982,0.0006111,-0.0025719,0.0030182
0.0001556,-0.0032735,0.0033675,0.0001556,-0.0032719,0.0033874
0.001057,-0.0021581,0.0042736,0.0010565,-0.0021569,0.0042981
0.0011603,-0.0018377,0.0041245,0.0011598,-0.0018366,0.0041488
0.001088,-0.0030655,0.0048504,0.0010875,-0.0030639,0.0048757
0.0005742,-0.0026716,0.0044623,0.000574,-0.0026702,0.004487
0.0001216,-0.0026404,0.0046829,0.0001216,-0.0026391,0.0047085
0.0007442,-0.0026421,0.0049326,0.0007439,-0.0026407,0.0049589
0.0002868,-0.000317,0.0055685,0.0002866,-0.0003167,0.0055989
0.0002087,-0.0011081,0.0017863,0.0002086,-0.0011069,0.0018048
0.0006579,-0.0010633,0.0017377,0.0006573,-0.0010621,0.001756
0.0001577,-0.0004988,0.0017497,0.0001576,-0.0004982,0.0017685
0.0002025,-0.0019032,0.0019661,0.0002024,-0.0019014,0.0019842
-0.0008383,-0.0011035,0.001796,-0.0008375,-0.0011022,0.0018143
-0.0003357,-0.0011164,0.0017993,-0.0003354,-0.0011151,0.0018178
-0.0008091,-0.0006692,0.001808,-0.0008083,-0.0006683,0.0018266
0.0016314,0.0003955,0.0037154,0.0016305,0.0003954,0.0037391
0.0005688,0.000503,0.0050625,0.0005685,0.0005029,0.0050911
0.0004972,-0.0001222,0.0050992,0.0004969,-0.0001221,0.0051281
0.0006452,0.001364,0.0033454,0.0006448,0.0013634,0.0033681
0.000529,0.0008849,0.0033335,0.0005287,0.0008846,0.0033567
0.0034677,0.0013257,0.0031594,0.0034663,0.0013254,0.0031779
0.0028325,0.0012179,0.0030573,0.0028312,0.0012175,0.0030768
0.0029178,0.0016594,0.0033486,0.0029165,0.0016588,0.0033685
0.0031582,0.0007644,0.0045403,0.0031568,0.0007643,0.0045646
0.0027461,0.0008924,0.004771,0.0027447,0.0008921,0.0047967
0.0027224,0.0003943,0.0048537,0.0027211,0.0003942,0.0048799
0.0019513,0.0015178,0.0043505,0.0019504,0.0015172,0.0043753
0.002662,0.0012047,0.0043354,0.0026608,0.0012042,0.0043595
0.0022741,0.0008184,0.0047741,0.002273,0.0008181,0.0048004
0.0015354,0.0022552,0.0025036,0.0015345,0.002254,0.002522
0.0018964,0.0023624,0.0026023,0.0018954,0.0023613,0.0026204
0.0022914,0.0023699,0.0026615,0.0022902,0.0023688,0.0026791
0.0023489,0.0024392,0.0029936,0.0023479,0.0024383,0.0030122
0.0023927,0.0017294,0.0030816,0.0023915,0.0017287,0.0031014
0.0028573,0.001718,0.0031147,0.002856,0.0017174,0.0031338
0.0023244,0.0021636,0.0031326,0.0023234,0.0021628,0.0031521
0.0019226,0.0021764,0.0032327,0.0019218,0.0021755,0.0032532
0.0001437,0.0033078,0.0026177,0.0001436,0.0033063,0.0026352
4.26e-05,0.0032032,0.0028191,4.25e-05,0.0032018,0.0028376
-0.0003121,0.0033009,0.0028784,-0.0003119,0.0032995,0.0028968
0.0015623,0.0014617,0.011557,0.001562,0.0014614,0.0116123
0.0019335,0.00143,0.0115196,0.001933,0.0014295,0.0115746
0.002048,-0.0006259,0.0022105,0.0020466,-0.0006253,0.002229
0.0034702,-0.0005853,0.0031171,0.0034688,-0.0005849,0.0031358
0.0010949,-0.0003288,0.0017754,0.0010939,-0.0003283,0.0017938
0.003421,-0.0012597,0.002957,0.0034195,-0.001259,0.0029747
0.0033855,-0.0014494,0.0032035,0.0033841,-0.0014486,0.003222
0.0034603,-0.0010151,0.0032161,0.0034589,-0.0010145,0.003235
0.0032238,-0.0010722,0.0034102,0.0032224,-0.0010716,0.0034301
0.0032918,-0.0005286,0.0035802,0.0032905,-0.0005283,0.0036009
0.0032771,-0.0014008,0.0036186,0.0032758,-0.0014001,0.003639
0.0031996,-0.0009474,0.0045937,0.0031982,-0.0009469,0.0046181
0.0026337,-0.0009609,0.0051399,0.0026323,-0.0009602,0.0051669
0.0023792,-0.0012232,0.0051759,0.002378,-0.0012224,0.0052032
0.0022214,-0.0017324,0.0045323,0.0022203,-0.0017314,0.0045572
0.0026788,-0.0017542,0.0045391,0.0026776,-0.0017533,0.0045634
0.0024623,-0.0017273,0.0043203,0.0024612,-0.0017264,0.0043441
0.0022765,-0.0019493,0.0104027,0.0022754,-0.0019485,0.0104527
-0.0016877,-0.0027749,0.0026383,-0.0016867,-0.0027732,0.002656
-0.0017546,-0.0028325,0.0028481,-0.0017537,-0.0028309,0.0028662
-0.001768,-0.0033537,0.0027648,-0.0017671,-0.0033519,0.0027816
-0.0018,-0.0023784,0.002853,-0.001799,-0.002377,0.0028719
-0.0021409,-0.003243,0.0030081,-0.0021399,-0.0032415,0.0030254
-0.0017409,-0.0032171,0.0029549,-0.0017401,-0.0032154,0.0029726
-0.0031151,-0.0023176,0.0036219,-0.003114,-0.0023165,0.0036416
-0.0027176,-0.0022253,0.0034069,-0.0027165,-0.0022242,0.0034265
-0.0025246,-0.002554,0.0036316,-0.0025236,-0.0025529,0.0036519
-0.0021387,-0.0026679,0.0035987,-0.0021378,-0.0026667,0.0036192
0.0017019,0.0031045,0.0031308,0.0017012,0.0031034,0.0031496
0.0015704,0.0026481,0.0030617,0.0015697,0.0026471,0.0030811
0.001508,0.0025542,0.0032416,0.0015074,0.0025532,0.0032619
0.0011279,0.0030479,0.0030623,0.0011275,0.0030467,0.0030815
0.0011132,0.0026449,0.0030044,0.0011128,0.0026438,0.0030241
0.0010524,0.002536,0.0031948,0.0010519,0.0025349,0.0032154
0.0019344,0.0026038,0.0033802,0.0019335,0.0026029,0.0034005
0.0023671,0.0025852,0.0034266,0.0023662,0.0025844,0.0034465
0.0010341,0.003003,0.0043137,0.0010337,0.0030018,0.0043374
0.0015083,0.0028115,0.0043725,0.0015076,0.0028104,0.0043964
0.0014847,0.0023899,0.0045182,0.001484,0.0023889,0.0045432
0.0010761,0.002785,0.0045441,0.0010756,0.0027839,0.0045689
0.0011709,0.0024541,0.004689,0.0011704,0.0024531,0.0047147
0.0010639,0.0016003,0.0043785,0.0010634,0.0015996,0.0044041
0.0014756,0.0016131,0.0044339,0.0014748,0.0016125,0.0044594
0.0010678,0.0019772,0.0044336,0.0010673,0.0019764,0.0044589
0.0011769,0.0016732,0.004592,0.0011763,0.0016725,0.0046181
0.0010374,0.0019961,0.0049574,0.0010369,0.0019953,0.0049845
0.0006541,0.0030742,0.0043106,0.0006539,0.003073,0.0043343
0.000558,0.0030278,0.0045161,0.0005578,0.0030265,0.0045407
0.000611,0.0021334,0.0049351,0.0006107,0.0021324,0.0049622
0.002888,-0.0024369,0.0027753,0.0028867,-0.0024356,0.0027921
0.0033494,-0.0025141,0.0028676,0.0033481,-0.0025129,0.0028836
0.0028382,-0.002068,0.0029967,0.002837,-0.0020669,0.003015
0.0023514,-0.0033124,0.0030571,0.0023505,-0.0033109,0.0030741
0.0028882,-0.0033852,0.0031857,0.0028873,-0.0033839,0.0032021
0.0013518,-0.0023798,0.0108609,0.0013512,-0.002379,0.010913
-4.59e-05,-0.0010118,0.0122296,-4.59e-05,-0.0010121,0.012288
8.25e-05,-0.0017577,0.0114933,8.24e-05,-0.0017578,0.0115484
-0.0010252,-0.001454,0.0112036,-0.0010253,-0.001454,0.0112575
-0.0014085,-0.0011142,0.0111839,-0.0014085,-0.0011143,0.0112378
0.0001378,-0.000372,0.0087182,0.0001377,-0.0003718,0.0087614
0.000472,-0.0004829,0.0072979,0.0004717,-0.0004825,0.0073347
0.000663,-0.0007846,0.0073942,0.0006626,-0.000784,0.0074314
0.0003379,-0.0002795,0.0075517,0.0003377,-0.0002793,0.0075897
0.0006398,-0.0002122,0.0081825,0.0006395,-0.0002121,0.0082233
0.0003608,-0.0002577,0.0081994,0.0003606,-0.0002575,0.0082402
-0.0003136,-0.0019515,0.0076061,-0.0003134,-0.0019502,0.0076437
4e-05,-0.0019748,0.0075063,4e-05,-0.0019735,0.0075434
-0.0003006,-0.002316,0.0078233,-0.0003005,-0.0023145,0.0078616
-0.0006888,-0.0022995,0.0081268,-0.0006884,-0.0022981,0.0081666
-0.0010165,-0.0024427,0.0081993,-0.0010159,-0.0024412,0.0082392
-0.0011011,-0.002811,0.008364,-0.0011004,-0.0028093,0.0084044
-0.0007726,-0.002736,0.0082569,-0.0007722,-0.0027343,0.008297
-0.001652,-0.0018587,0.0109088,-0.0016516,-0.0018582,0.0109612
-0.0021371,-0.0015823,0.0106246,-0.0021364,-0.0015818,0.0106758
-0.001822,-0.0015334,0.0104935,-0.0018215,-0.001533,0.0105442
-0.0021426,-0.0011889,0.0104772,-0.002142,-0.0011886,0.0105279
-0.0014014,-0.0026823,0.0101806,-0.0014008,-0.0026811,0.0102296
-0.0014015,-0.0026797,0.0094943,-0.0014009,-0.0026783,0.0095401
0.0014172,-0.0003087,0.0121167,0.0014171,-0.0003089,0.0121745
0.0013327,-0.0004229,0.0124579,0.0013325,-0.000423,0.012517
0.0008986,-0.0002247,0.0121519,0.0008987,-0.0002249,0.0122101
0.0008553,-0.0003699,0.0124582,0.0008553,-0.0003701,0.0125175
0.0019514,-0.0002607,0.0114756,0.0019511,-0.0002608,0.0115306
0.0022164,-0.0001946,0.0114667,0.0022159,-0.0001947,0.0115216
-0.0018429,-0.0011156,0.0082076,-0.0018419,-0.001115,0.0082479
-0.0015266,-0.0012297,0.0081578,-0.0015257,-0.001229,0.008198
-0.0018541,-0.0006787,0.0079395,-0.001853,-0.0006783,0.0079787
-0.002589,-0.0011202,0.0082437,-0.0025874,-0.0011195,0.0082838
-0.0022381,-0.0011551,0.0081767,-0.0022368,-0.0011544,0.0082166
-0.0020799,-0.0003015,0.010802,-0.0020796,-0.0003016,0.0108542
-0.0009179,-0.0004049,0.013055,-0.0009178,-0.0004051,0.0131161
-0.0028301,-0.0003669,0.0100689,-0.002829,-0.0003668,0.0101176
-0.0025951,-0.000844,0.0102059,-0.0025941,-0.0008437,0.0102553
-0.0028497,0.0003544,0.0101396,-0.0028485,0.0003542,0.0101886
-0.0028829,0.0003818,0.0094404,-0.0028816,0.0003815,0.0094862
6.8e-05,0.001091,0.0087395,6.79e-05,0.0010905,0.0087828
-0.000318,0.0008198,0.0090584,-0.0003179,0.0008195,0.0091031
-0.0007181,0.0007032,0.0094271,-0.000718,0.000703,0.0094734
-0.0002769,-5.9e-06,0.0089597,-0.0002768,-5.9e-06,0.009004
-0.0007176,0.0003733,0.0095574,-0.0007175,0.0003731,0.0096042
-0.0010527,0.0010701,0.0089928,-0.0010523,0.0010696,0.0090371
-0.0007696,0.0011404,0.0089311,-0.0007693,0.00114,0.0089752
-0.0024655,0.000994,0.0109644,-0.0024647,0.0009936,0.0110171
-0.0021544,0.0010531,0.0109045,-0.0021538,0.0010527,0.010957
-0.0006758,0.0011041,0.012317,-0.0006758,0.0011039,0.0123757
7.54e-05,0.0013935,0.0115301,7.54e-05,0.0013934,0.0115857
0.0005435,0.0025728,0.0111694,0.0005433,0.0025719,0.011223
-0.0017708,-0.0026081,0.003077,-0.0017699,-0.0026068,0.0030963
-0.0013753,-0.0025817,0.0030415,-0.0013745,-0.0025803,0.0030611
-0.0016608,-0.0026506,0.0032933,-0.0016599,-0.0026493,0.0033133
-0.0021221,-0.0014511,0.0028549,-0.0021209,-0.0014501,0.0028747
-0.0017527,-0.0014029,0.0027626,-0.0017516,-0.0014019,0.0027826
-0.0023258,-0.0018222,0.0030108,-0.0023246,-0.0018211,0.0030303
-0.0017444,-0.0031788,0.0031756,-0.0017436,-0.0031773,0.0031941
-0.0021568,-0.0031285,0.0034324,-0.0021559,-0.0031271,0.0034515
-0.0017495,-0.0031915,0.0034066,-0.0017487,-0.0031901,0.003426
-0.0026386,-0.0039612,0.0022765,-0.0026373,-0.0039593,0.0022883
-0.0020937,-0.0039964,0.0021683,-0.0020925,-0.0039941,0.0021807
-0.0016563,-0.0004748,0.002638,-0.0016552,-0.0004743,0.0026584
0.0004809,-0.0006133,0.0055803,0.0004806,-0.0006128,0.0056106
-0.000102,-0.0004244,0.005555,-0.0001019,-0.000424,0.0055853
0.0002985,-0.0003385,0.0060537,0.0002983,-0.0003382,0.0060857
0.0004159,-0.0002867,0.0058574,0.0004157,-0.0002864,0.0058887
0.0007783,-0.0002113,0.0058429,0.0007779,-0.0002111,0.0058741
2.26e-05,-0.0002508,0.0058261,2.25e-05,-0.0002506,0.0058573
0.000401,9.81e-05,0.0058561,0.0004008,9.81e-05,0.0058875
0.0007176,-0.0007647,0.0061174,0.0007172,-0.0007641,0.0061494
2.16e-05,-0.0007421,0.0059972,2.16e-05,-0.0007415,0.0060288
-0.0004825,-0.0003092,0.0055081,-0.0004822,-0.0003089,0.0055382
-0.0001439,-0.0002966,0.0060729,-0.0001438,-0.0002963,0.0061049
-4.81e-05,-0.0008436,0.0057865,-4.81e-05,-0.000843,0.0058173
-0.0003635,-0.0003757,0.0057019,-0.0003633,-0.0003754,0.0057326
0.0001298,4.68e-05,0.0060237,0.0001298,4.68e-05,0.0060557
-0.0001227,0.0006123,0.0060737,-0.0001226,0.000612,0.0061058
4.16e-05,8.48e-05,0.0057325,4.16e-05,8.48e-05,0.0057634
-3.94e-05,0.0004951,0.0058024,-3.94e-05,0.000495,0.0058335
-0.0003643,-5.43e-05,0.005659,-0.0003641,-5.42e-05,0.0056897
-0.0004734,0.000413,0.0060249,-0.0004731,0.0004128,0.0060568
-0.0011706,-0.0004709,0.0043249,-0.00117,-0.0004706,0.0043509
-0.0014409,-0.0008097,0.0049688,-0.0014401,-0.0008091,0.0049964
-0.0007276,-0.0012509,0.0047048,-0.0007272,-0.0012501,0.0047318
-0.0016103,-0.0003104,0.0052074,-0.0016094,-0.0003101,0.0052359
-0.0019932,-0.0012964,0.0059755,-0.001992,-0.0012955,0.006006
-0.0008388,-0.0012307,0.0060166,-0.0008383,-0.0012299,0.0060479
-0.0013388,0.0003776,0.0061978,-0.001338,0.0003775,0.0062299
-0.000983,0.0001408,0.0063741,-0.0009824,0.0001409,0.0064071
-0.0005983,0.0001875,0.0063315,-0.0005979,0.0001874,0.0063644
-0.0011814,1.74e-05,0.0061917,-0.0011807,1.75e-05,0.0062239
-0.0010949,-0.0007579,0.0066453,-0.0010942,-0.0007574,0.0066791
-0.0012603,-0.0003581,0.0066895,-0.0012595,-0.0003578,0.0067235
-0.0004429,-0.0003153,0.0066833,-0.0004426,-0.000315,0.0067175
-0.0024152,-0.0003742,0.0052224,-0.0024139,-0.0003739,0.0052502
-0.0028692,-0.000592,0.0055235,-0.0028677,-0.0005916,0.0055518
-0.0024412,-0.0013628,0.0057743,-0.0024397,-0.0013619,0.0058036
-0.0027315,0.002231,0.003191,-0.0027303,0.0022302,0.0032101
-0.0023649,0.0021825,0.0030767,-0.0023637,0.0021817,0.0030959
-0.002721,0.0022406,0.0034,-0.0027199,0.0022398,0.0034197
-0.0017584,0.0014124,0.0024708,-0.0017573,0.0014117,0.00249
-0.0013351,0.0013091,0.0023822,-0.0013341,0.0013083,0.0024017
-0.0012859,0.0008519,0.0023801,-0.0012849,0.0008515,0.0024
-0.0017577,0.0008567,0.0026816,-0.0017567,0.0008564,0.0027018
-0.0026859,0.0014056,0.0030778,-0.0026847,0.0014051,0.0030975
-0.0022568,0.0014388,0.0029759,-0.0022556,0.0014382,0.002996
-0.0026349,0.0008962,0.0030052,-0.0026335,0.0008959,0.0030251
-0.0022572,0.0009635,0.0029533,-0.002256,0.0009632,0.0029735
-0.0025983,0.0008067,0.0032306,-0.002597,0.0008065,0.0032513
-0.0035151,0.0008334,0.0036343,-0.0035137,0.0008332,0.0036546
-0.0036034,0.0008211,0.0039004,-0.003602,0.0008209,0.0039215
0.0004695,-0.0015069,0.0112084,0.0004695,-0.0015071,0.0112623
9.96e-05,-0.001161,0.0111337,9.96e-05,-0.0011613,0.0111875
0.0023358,0.0022022,0.010414,0.0023346,0.002201,0.0104641
0.0016414,0.0015043,0.0108415,0.001641,0.0015038,0.0108939
0.0019012,0.0014623,0.0107896,0.0019007,0.0014618,0.0108417
0.0024743,0.001406,0.010222,0.0024732,0.0014053,0.0102715
0.0028111,0.0014198,0.0101855,0.0028096,0.001419,0.0102346
-0.0006479,0.0014023,0.0116148,-0.000648,0.0014022,0.0116707
-0.0007266,0.0029426,0.010211,-0.0007263,0.0029413,0.0102604
-0.0003514,0.0028994,0.0101446,-0.0003513,0.002898,0.0101938
-0.0025853,-0.0018401,0.0102163,-0.0025842,-0.0018393,0.0102654
-0.0022349,-0.0019476,0.010208,-0.002234,-0.0019469,0.0102572
-0.0026009,-0.0019171,0.0095838,-0.0025997,-0.0019161,0.0096299
-0.0031218,-0.0016006,0.0097698,-0.0031201,-0.0015998,0.0098165
-0.0027836,-0.0016669,0.0099121,-0.0027823,-0.0016661,0.0099597
-0.0027453,-0.002108,0.0038239,-0.0027442,-0.002107,0.0038451
0.0001612,-0.0022682,0.0027197,0.0001612,-0.0022666,0.0027396
0.0016341,-0.0014621,0.0024114,0.0016331,-0.0014609,0.0024304
0.0017645,-0.0018653,0.0024779,0.0017634,-0.0018639,0.0024965
0.0016122,-0.0019058,0.0027229,0.0016113,-0.0019045,0.0027423
0.0012904,-0.0015076,0.0023814,0.0012896,-0.0015064,0.0024007
0.0012712,-0.0018375,0.0026414,0.0012705,-0.0018362,0.002661
0.0016329,-0.0023018,0.0029028,0.001632,-0.0023004,0.0029222
0.0017185,-0.002794,0.003425,0.0017177,-0.0027926,0.0034452
0.0035488,0.0004337,0.0033857,0.0035474,0.0004337,0.0034053
0.0033535,0.0003727,0.0035701,0.0033522,0.0003727,0.0035907
0.001722,0.0003825,0.0022361,0.0017208,0.0003824,0.0022553
0.0016842,0.0003774,0.0024074,0.0016831,0.0003773,0.0024271
0.0023395,0.0012445,0.00299,0.0023383,0.001244,0.0030101
0.0007238,0.003335,0.0028987,0.0007235,0.0033336,0.0029169
0.0006128,0.0031751,0.0030333,0.0006125,0.0031739,0.0030524
0.0001709,0.0031919,0.0030691,0.0001708,0.0031907,0.0030883
0.0001136,0.0031369,0.0032885,0.0001136,0.0031358,0.0033087
0.0001701,0.0022911,0.0028908,0.00017,0.00229,0.0029112
0.0001287,0.0022871,0.0031357,0.0001287,0.0022861,0.0031567
0.0002114,0.0030363,0.0035269,0.0002114,0.0030352,0.003548
0.0001144,0.0030182,0.0037381,0.0001145,0.0030171,0.00376
0.0015314,0.0017153,0.0029737,0.0015306,0.0017146,0.0029943
0.001485,0.0021158,0.0029826,0.0014843,0.0021148,0.0030027
0.0015238,0.0016822,0.0031494,0.0015231,0.0016815,0.0031706
0.0010628,0.0017048,0.0031189,0.0010623,0.0017041,0.0031404
-0.0012401,-0.0014726,0.0108371,-0.00124,-0.0014725,0.0108894
-0.0017241,-0.0018393,0.0101561,-0.0017235,-0.0018387,0.0102053
-0.0014117,-0.0019097,0.0101263,-0.0014113,-0.0019091,0.0101753
-0.0018077,-0.0017692,0.0094827,-0.0018069,-0.0017685,0.0095288
-0.0014905,-0.0018712,0.0094411,-0.0014899,-0.0018705,0.0094871
-0.0018586,-0.0016155,0.0098411,-0.001858,-0.0016149,0.0098889
0.0028088,-0.0017364,0.0031102,0.0028076,-0.0017354,0.0031294
0.0028406,-0.0022504,0.003181,0.0028394,-0.0022493,0.0031995
0.0032593,-0.0023884,0.0032475,0.0032581,-0.0023874,0.0032654
0.0027586,-0.0021446,0.0034464,0.0027575,-0.0021435,0.0034662
-0.0034437,-1.88e-05,0.0036455,-0.0034422,-1.86e-05,0.0036662
-0.0030308,3.94e-05,0.0035696,-0.0030295,3.96e-05,0.0035908
-0.0034999,-0.0006227,0.0036787,-0.0034985,-0.0006223,0.0036993
-0.0035472,0.0003501,0.0039254,-0.0035457,0.0003501,0.003947
-0.001289,0.0017114,0.0029356,-0.0012882,0.0017106,0.0029563
-0.0017775,0.0021224,0.0030068,-0.0017765,0.0021215,0.0030267
-0.0013383,0.0021232,0.0029698,-0.0013375,0.0021223,0.0029901
-0.0003101,-0.0025331,0.0030357,-0.0003099,-0.0025316,0.0030561
-0.0007165,-0.0027131,0.0032457,-0.0007161,-0.0027116,0.0032662
-0.0014523,-0.0003716,0.0107919,-0.0014524,-0.0003717,0.0108442
-0.0014366,0.0015144,0.0104783,-0.0014363,0.0015139,0.0105292
-0.0017055,0.0010439,0.0109379,-0.0017053,0.0010437,0.0109907
-0.002213,0.0014938,0.00987,-0.002212,0.0014931,0.009918
-0.0022525,0.0011236,0.0094709,-0.0022516,0.0011231,0.0095171
0.0012213,-0.0009738,0.0117774,0.0012212,-0.000974,0.0118338
0.0013788,-0.0010585,0.0110115,0.0013787,-0.0010586,0.0110646
0.0013862,-0.0002424,0.0087399,0.0013855,-0.0002423,0.0087831
0.0013121,-0.0004276,0.0090443,0.0013116,-0.0004275,0.0090887
0.0009795,-0.0004809,0.0090809,0.0009791,-0.0004807,0.0091256
0.0009037,-0.0008487,0.0093478,0.0009034,-0.0008485,0.0093937
0.0005161,-0.000537,0.0089954,0.000516,-0.0005368,0.0090397
0.0004885,-0.0008641,0.0090533,0.0004883,-0.0008638,0.0090979
0.0005033,-0.0008481,0.0093636,0.0005032,-0.0008478,0.0094095
0.0013606,-0.0024199,0.0101461,0.00136,-0.002419,0.0101951
0.0013842,-0.0024499,0.0095243,0.0013835,-0.0024488,0.0095704
0.0013967,-0.0016519,0.0075277,0.0013958,-0.0016507,0.0075649
0.0010046,-0.0019844,0.0075622,0.001004,-0.0019831,0.0075995
0.0010663,-0.0016558,0.0075133,0.0010656,-0.0016546,0.0075506
0.00045,0.001174,0.0073187,0.0004497,0.0011733,0.0073555
0.0003184,0.0005296,0.0076066,0.0003182,0.0005293,0.0076448
0.0004742,-0.0001143,0.0073517,0.0004739,-0.0001142,0.0073888
0.0006161,0.000217,0.0078781,0.0006156,0.0002169,0.0079175
0.0002605,0.0005478,0.0082071,0.0002604,0.0005475,0.008248
0.0004763,-7.43e-05,0.0079544,0.000476,-7.43e-05,0.0079941
0.0005754,-0.0023679,0.0078122,0.0005751,-0.0023663,0.0078505
0.0001429,-0.0023454,0.0080597,0.0001428,-0.002344,0.0080993
0.0005827,-0.0019094,0.0082659,0.0005823,-0.0019082,0.0083066
0.0007394,-0.0023552,0.0083857,0.0007389,-0.0023538,0.0084267
0.0013184,0.0010921,0.0110632,0.0013183,0.001092,0.0111167
0.0009344,0.0011565,0.0088282,0.0009339,0.0011559,0.0088717
0.0009531,0.0010281,0.0090735,0.0009527,0.0010277,0.0091182
0.0007765,0.0003501,0.0094296,0.0007763,0.0003499,0.0094759
0.0005126,0.0011307,0.00908,0.0005125,0.0011303,0.0091247
0.0004874,0.0007219,0.0090329,0.0004872,0.0007216,0.0090774
0.000573,0.0006078,0.0094586,0.0005729,0.0006076,0.009505
0.0005776,0.0010675,0.0094929,0.0005775,0.0010672,0.0095395
0.000554,0.0006046,0.0097518,0.0005539,0.0006045,0.0097995
0.0004737,0.0002047,0.009777,0.0004737,0.0002046,0.0098248
0.0029962,0.0012515,0.0104377,0.0029946,0.0012508,0.0104879
0.0024174,0.0014421,0.0095953,0.0024162,0.0014414,0.0096419
0.0007097,0.0010128,0.0073654,0.0007092,0.0010122,0.0074024
0.0002794,0.0014023,0.0070268,0.0002792,0.0014014,0.0070623
0.0003581,0.0013768,0.007592,0.0003579,0.0013759,0.00763
0.00055,0.0007364,0.0073787,0.0005496,0.000736,0.0074159
-0.0001636,0.001131,0.0073066,-0.0001635,0.0011302,0.0073434
-4.69e-05,0.001415,0.0072761,-4.69e-05,0.0014141,0.0073127
-0.0003016,0.001416,0.007402,-0.0003013,0.0014151,0.0074391
-0.000296,0.0007991,0.0073454,-0.0002958,0.0007987,0.0073824
0.0004723,0.0013759,0.0081267,0.0004721,0.0013751,0.008167
0.0006819,0.0012166,0.0083384,0.0006815,0.001216,0.0083797
0.000579,0.0006965,0.008057,0.0005786,0.000696,0.0080972
0.002816,0.0006735,0.0078437,0.002814,0.0006731,0.0078819
0.0023865,0.0006716,0.0082345,0.002385,0.0006712,0.0082749
0.0019755,0.0002762,0.0077146,0.0019741,0.0002761,0.0077529
0.0024478,6.67e-05,0.0078888,0.0024462,6.66e-05,0.0079276
0.0028562,-9.87e-05,0.007883,0.0028542,-9.86e-05,0.0079214
0.0024234,0.0002786,0.0082777,0.0024219,0.0002784,0.0083182
0.002539,0.0011257,0.0077408,0.0025373,0.001125,0.0077786
0.0019838,-3.92e-05,0.0077934,0.0019825,-3.92e-05,0.007832
0.0021917,3.54e-05,0.0082909,0.0021903,3.53e-05,0.0083317
-0.0011031,0.0021378,0.0101592,-0.0011028,0.0021369,0.0102086
-0.0002347,-0.0030246,0.0102122,-0.0002347,-0.0030233,0.0102613
-0.002221,-0.0023474,0.0091097,-0.0022198,-0.0023462,0.0091535
-0.0019027,-0.0023322,0.0091582,-0.0019017,-0.002331,0.0092024
-0.0022305,-0.0023581,0.0093951,-0.0022293,-0.0023569,0.0094402
-0.0029092,0.0023769,0.0025501,-0.0029077,0.0023759,0.0025663
-0.0018437,0.0022082,0.003256,-0.0018428,0.0022074,0.0032765
-0.0012344,0.0016477,0.0031702,-0.0012337,0.001647,0.0031918
-0.0027673,0.0022319,0.0035975,-0.0027662,0.0022312,0.0036179
-0.0023766,0.0022436,0.0035572,-0.0023755,0.0022429,0.003578
-0.0026594,0.0021883,0.0038055,-0.0026583,0.0021876,0.0038269
-0.0028172,0.002716,0.0036908,-0.0028162,0.0027152,0.0037107
-0.0030485,0.0017733,0.004133,-0.0030473,0.0017728,0.0041554
0.0028352,-0.0009431,0.0101516,0.0028339,-0.0009428,0.0102005
0.0029513,-0.0010953,0.0104092,0.0029498,-0.0010949,0.0104592
0.0028211,-0.0008645,0.007882,0.0028192,-0.0008639,0.0079203
0.0019463,-0.0012028,0.007769,0.001945,-0.001202,0.0078072
0.0020991,-0.0015811,0.0078502,0.0020977,-0.00158,0.0078886
0.0022389,-0.0014869,0.0083237,0.0022375,-0.001486,0.0083642
0.001848,-0.0007843,0.0108816,0.0018477,-0.0007844,0.0109342
0.0027934,-0.0003301,0.0097362,0.002792,-0.00033,0.0097835
5.37e-05,0.0013918,0.0108657,5.36e-05,0.0013918,0.0109183
0.0004358,0.0013444,0.0108945,0.0004358,0.0013443,0.0109473
-0.0002356,0.0019254,0.0108362,-0.0002356,0.001925,0.0108886
7.38e-05,0.0017801,0.0108455,7.37e-05,0.0017798,0.0108981
0.0005233,0.00284,0.0095655,0.0005231,0.0028386,0.009612
0.0005453,0.0024579,0.0098073,0.0005451,0.0024569,0.0098551
0.0005405,0.0028383,0.0092083,0.0005403,0.0028368,0.0092531
0.0008936,0.0029433,0.0092345,0.0008931,0.0029416,0.0092793
0.0005994,0.0032014,0.009173,0.0005991,0.0031995,0.0092173
9.81e-05,0.0028831,0.0095641,9.81e-05,0.0028817,0.0096106
9.02e-05,0.0024916,0.0095396,9.01e-05,0.0024905,0.0095861
0.0013465,0.0019513,0.007813,0.0013456,0.00195,0.0078514
0.0010396,0.0026017,0.007822,0.0010389,0.0026,0.0078602
0.0010291,0.0022026,0.0081047,0.0010284,0.0022013,0.0081446
0.0001595,0.0020337,0.0077445,0.0001594,0.0020323,0.0077828
0.0005536,0.0020522,0.0077443,0.0005532,0.0020509,0.0077826
0.0001495,0.0020216,0.0080509,0.0001494,0.0020204,0.0080907
0.0010268,0.0018161,0.0078109,0.0010261,0.0018149,0.0078495
0.0010491,0.0014635,0.0081066,0.0010485,0.0014627,0.0081467
0.0009641,0.0019014,0.0084346,0.0009636,0.0019003,0.0084761
0.0005915,0.0027765,0.0078728,0.0005911,0.0027746,0.0079113
0.0005477,0.0019674,0.0083995,0.0005474,0.0019662,0.0084409
-9.64e-05,0.0019879,0.0075712,-9.63e-05,0.0019867,0.0076088
-0.0003409,0.0022999,0.0078559,-0.0003406,0.0022985,0.0078947
-0.0016217,0.0019854,0.0078197,-0.0016206,0.0019842,0.0078581
-0.0016846,0.0021989,0.008099,-0.0016835,0.0021976,0.0081385
-0.0011332,0.0014786,0.0078791,-0.0011325,0.0014777,0.0079182
-0.0008026,0.0014636,0.0078841,-0.0008021,0.0014627,0.0079233
-0.0007188,0.0020168,0.0081273,-0.0007184,0.0020155,0.0081674
-0.0009078,0.0030051,0.003529,-0.0009074,0.003004,0.00355
-0.0004317,0.0029954,0.0035499,-0.0004314,0.0029942,0.0035711
-0.0007155,0.0029846,0.0037473,-0.0007151,0.0029835,0.0037691
0.0001307,0.0033665,0.0041135,0.0001307,0.0033653,0.0041361
-0.0013127,0.003579,0.003882,-0.0013121,0.0035778,0.003903
-0.0008617,0.0034606,0.0038789,-0.0008612,0.0034594,0.0039003
0.0023148,0.0017396,0.0035693,0.0023138,0.001739,0.0035909
0.0027661,0.0017406,0.0036213,0.002765,0.00174,0.0036423
0.0028845,0.0022279,0.0036411,0.0028834,0.0022272,0.0036615
0.0029918,0.0022456,0.003825,0.0029906,0.0022449,0.0038459
0.0028441,0.0021766,0.0040715,0.0028429,0.0021759,0.0040937
0.0016844,0.0015741,0.0026713,0.0016834,0.0015734,0.002691
0.0015286,0.0012912,0.0028941,0.0015278,0.0012907,0.0029148
0.0003444,0.0013518,0.0058455,0.0003442,0.0013512,0.0058764
0.0007692,0.0014272,0.0058408,0.0007687,0.0014265,0.0058716
0.0003787,0.0013519,0.0061218,0.0003784,0.0013512,0.0061537
0.0006289,0.0007219,0.0057077,0.0006285,0.0007216,0.0057383
0.0002975,0.0004984,0.0058175,0.0002973,0.0004983,0.0058487
0.0003423,0.0009754,0.0060983,0.0003421,0.0009749,0.0061302
0.000251,0.0004721,0.006063,0.0002509,0.000472,0.006095
0.0004945,-3.93e-05,0.0056648,0.0004943,-3.92e-05,0.0056954
0.0009629,0.0004984,0.0046474,0.0009624,0.0004983,0.0046745
0.0004282,-6.5e-06,0.0062495,0.0004279,-6.4e-06,0.0062822
0.0003989,0.0004317,0.0063424,0.0003986,0.0004316,0.0063754
7.82e-05,0.0007535,0.0062745,7.81e-05,0.0007532,0.0063072
0.0003489,-0.0002162,0.0064148,0.0003487,-0.0002159,0.0064481
-0.0001094,2.25e-05,0.0063309,-0.0001093,2.26e-05,0.0063639
0.0002619,0.0001625,0.006607,0.0002617,0.0001625,0.006641
0.000681,0.0015757,0.0041169,0.0006807,0.0015751,0.0041419
0.000691,0.0013862,0.0043601,0.0006907,0.0013857,0.004386
0.0006357,0.0008918,0.0043384,0.0006354,0.0008914,0.0043646
0.0002101,0.0009624,0.0045534,0.00021,0.000962,0.0045803
0.0007471,0.0008188,0.0046232,0.0007468,0.0008185,0.0046502
0.0002879,0.0013197,0.0064078,0.0002877,0.0013189,0.0064408
5.93e-05,0.0015074,0.0063043,5.92e-05,0.0015066,0.0063369
0.0004881,0.0007231,0.0062081,0.0004878,0.0007228,0.0062406
0.0006522,0.0003853,0.004867,0.0006518,0.0003853,0.004895
0.0028504,0.001282,0.0040337,0.0028492,0.0012816,0.0040564
0.0028926,0.0012628,0.0042276,0.0028914,0.0012624,0.004251
0.0027609,0.0008539,0.0040046,0.0027597,0.0008537,0.0040276
0.003205,0.0008387,0.0040258,0.0032037,0.0008385,0.0040483
0.0027547,0.0008451,0.0042307,0.0027535,0.0008448,0.0042545
0.0032457,0.0011792,0.0045529,0.0032444,0.0011789,0.0045771
0.0027859,0.0016884,0.0042583,0.0027847,0.0016878,0.0042817
0.0030155,0.0007898,0.0055297,0.0030138,0.0007895,0.0055578
0.0026488,0.0004386,0.0058969,0.0026473,0.0004384,0.0059269
0.0030506,0.0003437,0.0059988,0.0030488,0.0003436,0.0060288
0.0026306,0.0012561,0.0052812,0.0026292,0.0012555,0.0053087
0.0022776,0.0008,0.0058648,0.0022764,0.0007997,0.005895
0.0024194,0.0013822,0.0059508,0.0024179,0.0013816,0.0059809
0.002276,-0.000429,0.0055224,0.0022748,-0.0004286,0.0055513
0.0026355,-0.0003234,0.0056138,0.0026341,-0.0003231,0.0056427
7.3e-06,-0.0018069,0.010773,7.3e-06,-0.0018069,0.010825
8.01e-05,-0.0027426,0.0101467,8e-05,-0.0027415,0.0101957
0.0001646,-0.0026979,0.0095247,0.0001645,-0.0026967,0.0095709
-0.0003127,0.0013879,0.010846,-0.0003128,0.0013878,0.0108985
0.0001366,-0.0011695,0.0115134,0.0001365,-0.0011698,0.0115688
0.000445,-0.0015149,0.0105069,0.000445,-0.0015148,0.0105579
0.0001333,-0.0012517,0.0104488,0.0001332,-0.0012519,0.0104996
-0.0006683,-0.0007319,0.0112081,-0.0006685,-0.0007322,0.0112623
-0.0003605,-0.0007789,0.0113286,-0.0003606,-0.0007792,0.0113834
-0.0006994,-0.0004673,0.0111343,-0.0006996,-0.0004676,0.0111882
0.0024104,0.0032003,0.0037352,0.0024095,0.0031993,0.0037552
0.0020323,0.0030025,0.0038325,0.0020316,0.0030015,0.0038536
0.0023033,0.0026242,0.0041352,0.0023024,0.0026233,0.0041576
0.0027445,0.0025753,0.0040827,0.0027434,0.0025745,0.0041046
0.0015238,0.0022188,0.003198,0.001523,0.0022179,0.0032186
0.0027755,0.0022278,0.0039047,0.0027744,0.0022271,0.0039263
0.0023394,0.0017116,0.00406,0.0023383,0.001711,0.0040833
0.0027699,0.001716,0.0040252,0.0027688,0.0017155,0.0040477
0.0018418,0.0021795,0.0040213,0.001841,0.0021787,0.0040444
0.0022419,0.0021056,0.0040296,0.002241,0.0021049,0.0040524
0.0018107,0.0022156,0.0042192,0.0018099,0.0022147,0.0042431
-0.0022741,-0.0005197,0.0097357,-0.0022733,-0.0005196,0.0097831
-0.0021829,-0.0003501,0.0094235,-0.002182,-0.00035,0.0094695
-0.0025022,-0.0008184,0.0090903,-0.002501,-0.000818,0.0091345
-0.0014041,0.0014866,0.0108085,-0.0014039,0.0014863,0.0108609
-0.0017506,0.0019787,0.0105131,-0.00175,0.0019779,0.0105639
-0.0011077,0.0031036,0.0098281,-0.001107,0.003102,0.0098755
-0.0007624,0.0030272,0.0098531,-0.0007621,0.0030256,0.0099008
-0.001313,-0.0017845,0.0030005,-0.0013123,-0.0017833,0.0030212
-0.0007663,-0.0018225,0.0028511,-0.0007658,-0.0018212,0.0028718
-0.0016614,-0.0026258,0.0035408,-0.0016606,-0.0026246,0.0035618
-0.0011846,-0.0026311,0.0035085,-0.001184,-0.0026297,0.0035297
-0.001635,-0.0026344,0.0037811,-0.0016342,-0.0026331,0.0038029
-0.0017038,-0.0031382,0.0036199,-0.001703,-0.0031368,0.0036402
-0.0020622,-0.0030597,0.0038846,-0.0020613,-0.0030584,0.0039056
-0.0016934,-0.0030873,0.0038575,-0.0016926,-0.0030859,0.0038788
-0.0016814,-0.0031571,0.0040677,-0.0016806,-0.0031557,0.0040896
-0.0016237,-0.002648,0.0042572,-0.0016229,-0.0026468,0.0042806
-0.0020593,-0.0030638,0.0043453,-0.0020583,-0.0030624,0.004368
-0.0016656,-0.0032071,0.0043191,-0.0016648,-0.0032056,0.0043419
-0.0003561,-0.0024848,0.0055532,-0.0003558,-0.0024833,0.005582
-0.0007219,-0.0025187,0.0057645,-0.0007214,-0.0025171,0.0057939
-0.0010951,-0.0026674,0.0058276,-0.0010944,-0.0026657,0.0058571
-0.0011132,-0.0029888,0.0060946,-0.0011126,-0.002987,0.0061248
-0.0007093,-0.0029707,0.0061676,-0.0007088,-0.0029688,0.0061982
0.0015505,-0.0015152,0.0100781,0.00155,-0.0015148,0.0101271
0.0018657,-0.0015445,0.0100751,0.001865,-0.001544,0.0101239
0.0023268,0.0018527,0.010255,0.0023257,0.0018517,0.0103045
0.0019197,0.0013528,0.0102188,0.0019191,0.0013522,0.0102685
0.0019714,0.002587,0.0091453,0.0019703,0.0025855,0.0091894
0.0016169,0.0024757,0.0095265,0.0016161,0.0024745,0.0095726
0.0027645,0.0003914,0.010389,0.0027633,0.0003912,0.0104392
-0.0013178,0.0009043,0.0028533,-0.0013169,0.0009039,0.0028745
-0.0017263,0.0008163,0.0031323,-0.0017253,0.0008161,0.0031539
-0.0016946,0.0012529,0.0031865,-0.0016936,0.0012524,0.003208
-0.0007605,0.0014056,0.0028897,-0.00076,0.0014049,0.002911
-0.0003635,0.0014356,0.0028494,-0.0003632,0.0014349,0.0028707
-0.0007942,0.0009641,0.002863,-0.0007937,0.0009637,0.0028845
-0.000395,0.0008782,0.0028439,-0.0003948,0.0008779,0.0028657
-0.0008232,0.0008498,0.0030383,-0.0008227,0.0008495,0.0030605
-0.0017004,0.0012516,0.003412,-0.0016995,0.0012511,0.0034342
-0.0012624,0.0012076,0.0033688,-0.0012617,0.0012072,0.0033914
-0.0016496,0.0012657,0.0036727,-0.0016487,0.0012652,0.0036958
-0.001254,0.0007607,0.00332,-0.0012533,0.0007605,0.0033427
-0.0016399,0.0007748,0.0036088,-0.001639,0.0007745,0.003632
-0.0003163,0.0009245,0.004352,-0.0003162,0.0009242,0.0043783
-0.0007632,0.0007878,0.0046091,-0.0007628,0.0007876,0.0046361
-0.0006987,-9.56e-05,0.0043562,-0.0006983,-9.54e-05,0.0043826
-0.0003222,5.9e-06,0.0042954,-0.0003219,6.1e-06,0.0043218
-0.000659,0.0003294,0.0046925,-0.0006586,0.0003294,0.00472
-0.0001332,0.0002576,0.0060169,-0.0001332,0.0002576,0.0060488
-0.0003393,-0.0003855,0.0063712,-0.0003391,-0.0003852,0.0064043
-0.0003726,-5.7e-06,0.0061284,-0.0003724,-5.6e-06,0.0061607
-9.11e-05,0.0017483,0.0064409,-9.1e-05,0.0017473,0.0064738
-0.0010929,0.0013544,0.0041924,-0.0010923,0.0013539,0.0042175
-0.0024744,0.0012818,0.0040295,-0.0024733,0.0012813,0.0040528
-0.0023944,0.0013697,0.0042097,-0.0023932,0.0013692,0.0042336
-0.0034633,0.0018064,0.0044783,-0.0034618,0.0018058,0.0045014
-0.0030794,0.0017132,0.0044094,-0.003078,0.0017126,0.0044328
-0.0020856,0.0008043,0.0055191,-0.0020845,0.000804,0.0055481
-0.0024723,0.0007948,0.0058037,-0.0024709,0.0007945,0.0058335
-0.0019911,0.0003342,0.0059444,-0.00199,0.0003341,0.0059752
-0.0024921,0.0003266,0.0058758,-0.0024907,0.0003266,0.0059059
-0.0029343,0.0012717,0.0054478,-0.0029327,0.0012712,0.0054756
-0.0025969,0.0012324,0.0054239,-0.0025955,0.0012319,0.005452
0.0027646,-0.000428,0.0030001,0.0027632,-0.0004276,0.0030199
0.0021708,-0.0005271,0.0032157,0.0021697,-0.0005267,0.0032371
0.0032272,-0.0005541,0.0040895,0.0032258,-0.0005537,0.0041122
0.0016893,-0.0004616,0.0026472,0.0016883,-0.0004612,0.0026675
0.0016416,-0.0005092,0.0028715,0.0016407,-0.0005087,0.0028925
0.0010974,-0.0002767,0.0026123,0.0010966,-0.0002764,0.0026332
0.0010776,-0.00043,0.002815,0.0010769,-0.0004295,0.0028365
0.0016651,-0.0009623,0.0028796,0.0016642,-0.0009615,0.0029004
0.0015696,-0.000839,0.0030815,0.0015688,-0.0008383,0.003103
0.0011035,-0.000942,0.0030689,0.0011029,-0.0009412,0.0030908
0.0015479,-0.0014308,0.0034018,0.0015471,-0.00143,0.0034239
0.0011458,-0.0002349,0.0041503,0.0011453,-0.0002346,0.0041758
0.0015244,-0.0010126,0.0043924,0.0015236,-0.0010119,0.004418
0.0011552,-0.0009919,0.0045659,0.0011546,-0.0009912,0.0045924
0.0009798,-0.0013636,0.0046534,0.0009793,-0.0013627,0.00468
0.0010404,-0.0013562,0.0048991,0.0010398,-0.0013553,0.0049264
0.0007539,-0.0004252,0.0041104,0.0007535,-0.0004248,0.0041359
0.0006018,-0.000592,0.0042669,0.0006015,-0.0005915,0.004293
0.0006365,-0.0009268,0.0043937,0.0006361,-0.0009262,0.00442
0.0006046,-0.0012617,0.0046199,0.0006043,-0.0012609,0.0046467
0.000615,-0.0013947,0.0049254,0.0006147,-0.0013938,0.004953
0.0033143,-0.0013249,0.0040767,0.003313,-0.0013242,0.0040987
0.003378,-0.0009811,0.0041185,0.0033766,-0.0009805,0.0041408
0.0032915,-0.0008707,0.0043013,0.0032902,-0.0008702,0.0043244
0.0032745,-0.0004393,0.0045551,0.003273,-0.0004389,0.0045794
0.0032274,-0.0013218,0.0045846,0.003226,-0.0013211,0.0046087
0.0030445,-0.0008986,0.0056302,0.0030428,-0.000898,0.0056586
0.0025851,-0.0008685,0.0060525,0.0025836,-0.0008678,0.0060829
0.0023441,-0.0011019,0.0061927,0.0023426,-0.0011011,0.0062239
0.0022082,-0.0016057,0.0055229,0.002207,-0.0016046,0.0055513
0.0026531,-0.0017014,0.0055524,0.0026517,-0.0017004,0.0055806
0.0024918,-0.0015981,0.0052921,0.0024905,-0.0015971,0.0053195
0.0025728,-0.0012487,0.0058413,0.0025713,-0.0012478,0.0058708
-0.0006571,-0.0003049,0.0116347,-0.0006573,-0.0003051,0.0116909
-0.0007539,0.0029267,0.0040137,-0.0007536,0.0029256,0.0040366
-0.0006285,0.0030357,0.0042061,-0.0006282,0.0030346,0.0042296
8.24e-05,0.0029478,0.0039705,8.24e-05,0.0029467,0.0039934
7.04e-05,0.0029703,0.004191,7.04e-05,0.0029692,0.0042146
-0.000918,0.0029697,0.0043465,-0.0009176,0.0029686,0.0043704
-0.0008135,0.0029625,0.0045279,-0.0008131,0.0029613,0.0045525
-0.0003298,0.0030542,0.004496,-0.0003296,0.003053,0.0045206
-0.0008114,0.0029273,0.0047636,-0.0008109,0.0029261,0.0047891
0.0010651,0.0033459,0.005296,0.0010646,0.0033442,0.0053229
0.0013879,0.0023869,0.0055624,0.0013871,0.0023857,0.0055912
0.0010293,0.0023886,0.0057285,0.0010288,0.0023873,0.005758
0.001031,0.0015793,0.0054388,0.0010305,0.0015786,0.0054679
0.0014342,0.0015804,0.0054867,0.0014334,0.0015797,0.0055158
0.0010037,0.0019676,0.0054326,0.0010032,0.0019667,0.0054615
0.0010887,0.0015883,0.0056917,0.0010881,0.0015875,0.0057217
0.0015814,0.002245,0.0058956,0.0015804,0.0022438,0.0059256
0.0005737,0.0028218,0.0055568,0.0005734,0.0028204,0.0055854
0.0002203,0.002118,0.0054618,0.0002202,0.002117,0.0054909
8.19e-05,0.0019649,0.005721,8.18e-05,0.0019639,0.0057511
0.0005821,0.0020069,0.0059912,0.0005818,0.0020058,0.0060221
-0.0003386,0.0024964,0.005557,-0.0003384,0.0024951,0.005586
-0.0015725,0.0020953,0.0055412,-0.0015716,0.0020943,0.00557
-0.0016577,0.002024,0.0058028,-0.0016567,0.0020229,0.0058326
-0.0011251,0.0020617,0.0058756,-0.0011245,0.0020606,0.0059059
-0.0007834,0.0020948,0.0058908,-0.0007829,0.0020937,0.0059213
-0.0015233,0.0018653,0.0095633,-0.0015227,0.0018644,0.0096101
-0.002185,0.0015802,0.0101642,-0.0021842,0.0015795,0.0102135
-0.0017849,0.0015164,0.0101453,-0.0017844,0.0015157,0.0101947
-0.0022898,0.0018606,0.009213,-0.0022886,0.0018596,0.0092577
-0.0019744,0.0018708,0.0091822,-0.0019734,0.0018699,0.009227
-0.0023056,0.0018648,0.0095076,-0.0023045,0.0018637,0.0095537
-0.0028118,0.0023071,0.0092661,-0.0028101,0.0023058,0.0093104
-0.0023603,0.0022319,0.0092665,-0.002359,0.0022307,0.0093112
-0.0017714,-0.0004096,0.0030481,-0.0017704,-0.0004091,0.0030696
-0.0024718,-0.000369,0.003765,-0.0024706,-0.0003687,0.0037877
-0.003044,-0.0009438,0.0040852,-0.0030427,-0.0009433,0.0041079
-0.003339,-0.0004473,0.0043406,-0.0033375,-0.000447,0.004364
-0.0040151,-0.0012553,0.004462,-0.0040134,-0.0012546,0.0044845
-0.0035647,-0.0012921,0.0043507,-0.0035632,-0.0012914,0.0043733
0.0001503,-0.0021985,0.0032107,0.0001502,-0.0021971,0.0032321
0.0001217,-0.0031164,0.003803,0.0001216,-0.0031149,0.0038247
-0.002218,-0.0018225,0.0036065,-0.002217,-0.0018215,0.0036281
0.0006867,-0.0018288,0.0029227,0.0006864,-0.0018276,0.0029436
0.0001943,-0.002536,0.0039569,0.0001942,-0.0025347,0.0039801
0.0005396,-0.0023765,0.0039417,0.0005393,-0.0023752,0.0039651
0.0001179,-0.0026714,0.0041748,0.0001179,-0.0026701,0.0041986
0.0001589,-0.003145,0.0042822,0.0001589,-0.0031434,0.0043056
0.0009711,-0.0021683,0.0053302,0.0009706,-0.002167,0.0053583
0.0010541,-0.0017623,0.0051634,0.0010535,-0.0017613,0.0051913
0.0010802,-0.0026053,0.0058366,0.0010796,-0.0026036,0.0058661
0.000504,-0.0025795,0.0055644,0.0005038,-0.0025779,0.0055931
0.0002317,-0.0026315,0.0057621,0.0002316,-0.0026299,0.0057915
0.0013714,-0.0019053,0.0095789,0.0013708,-0.0019045,0.0096255
0.0018968,-0.0015761,0.0095199,0.001896,-0.0015754,0.0095662
0.0015824,-0.0011019,0.0094213,0.0015818,-0.0011015,0.0094674
0.0023542,-0.0019929,0.009116,0.0023529,-0.0019918,0.00916
0.0024461,-0.0027452,0.0095147,0.0024446,-0.0027436,0.0095601
0.0014617,0.0029361,0.0040515,0.0014611,0.002935,0.004074
0.0015194,0.0025184,0.0040138,0.0015187,0.0025174,0.0040368
0.0014871,0.0024882,0.0042455,0.0014864,0.0024872,0.0042693
0.0010618,0.0029237,0.0040131,0.0010614,0.0029226,0.0040359
0.0010745,0.0024928,0.0039787,0.001074,0.0024918,0.0040019
0.0010489,0.0024824,0.0042308,0.0010484,0.0024814,0.0042549
-0.0017908,0.003022,0.0040484,-0.00179,0.003021,0.0040706
-0.0012603,0.0029637,0.0040195,-0.0012598,0.0029627,0.004042
-0.0017428,0.0029446,0.0042954,-0.001742,0.0029436,0.0043186
-0.0012989,0.0024954,0.0039923,-0.0012983,0.0024944,0.0040154
-0.0007958,0.0024983,0.0040218,-0.0007955,0.0024973,0.0040453
0.001628,-0.0018501,0.002951,0.0016272,-0.0018489,0.0029712
0.0016273,-0.0014181,0.0029086,0.0016265,-0.0014171,0.0029291
0.0015479,-0.0019002,0.0031647,0.0015471,-0.0018991,0.0031856
0.0027276,-0.0017813,0.0040943,0.0027265,-0.0017803,0.0041169
0.0027917,-0.0023525,0.0036659,0.0027906,-0.0023514,0.0036862
0.0027753,-0.002164,0.0039741,0.0027742,-0.002163,0.0039959
0.0025216,-0.0033182,0.0037877,0.0025208,-0.0033168,0.0038074
0.002989,-0.0031075,0.0038188,0.0029879,-0.0031063,0.0038383
0.0027698,-0.0033347,0.0040488,0.0027687,-0.0033333,0.0040691
0.0021297,-0.0033035,0.0039674,0.002129,-0.0033021,0.0039882
-0.000911,0.0015391,0.0026444,-0.0009104,0.0015383,0.0026648
-0.0005885,0.0010621,0.0108964,-0.0005886,0.0010621,0.0109493
-0.0001212,0.0012062,0.0075688,-0.0001211,0.0012055,0.0076067
0.0001566,0.0012249,0.0074272,0.0001565,0.0012242,0.0074644
-0.0006311,0.0009282,0.0077989,-0.0006307,0.0009277,0.0078379
-0.0007074,0.0007948,0.008043,-0.000707,0.0007944,0.0080831
-9.4e-05,-0.000236,0.0065831,-9.39e-05,-0.0002358,0.006617
4.76e-05,3.82e-05,0.0068851,4.75e-05,3.83e-05,0.0069203
0.0002541,0.0005307,0.0068771,0.000254,0.0005305,0.0069122
0.0004968,0.0001111,0.0070097,0.0004965,0.0001111,0.0070454
-0.0001506,-0.0004052,0.0069692,-0.0001504,-0.0004048,0.0070047
-0.000595,7.85e-05,0.0077151,-0.0005947,7.85e-05,0.0077537
-0.0002642,5.98e-05,0.007659,-0.0002641,5.97e-05,0.0076974
-0.0002728,-0.000726,0.0066089,-0.0002726,-0.0007254,0.0066427
0.0002589,-0.0002956,0.0066222,0.0002587,-0.0002953,0.0066563
0.0005188,-0.0004754,0.0067263,0.0005185,-0.000475,0.0067607
0.0007207,-0.0001863,0.0069518,0.0007203,-0.0001861,0.0069871
-0.0006271,0.0003789,0.0081337,-0.0006268,0.0003788,0.0081743
-0.0007581,0.001257,0.0076036,-0.0007576,0.0012562,0.0076416
-0.0024827,0.001585,0.0064289,-0.0024811,0.0015841,0.0064608
-0.0018217,0.0021518,0.0065009,-0.0018205,0.0021505,0.0065333
-0.0018881,0.0007213,0.0066674,-0.0018869,0.000721,0.006701
-0.0023631,0.0007688,0.006919,-0.0023615,0.0007684,0.0069534
-0.0019498,-4.27e-05,0.0065819,-0.0019486,-4.26e-05,0.0066151
-0.0023117,0.0003384,0.0069988,-0.0023102,0.0003382,0.0070336
-0.0019658,0.0003256,0.0070204,-0.0019645,0.0003254,0.0070554
-0.0023941,0.0011591,0.0064503,-0.0023925,0.0011585,0.0064825
-0.0033358,0.0003593,0.0089506,-0.0033339,0.000359,0.0089936
-0.0030163,0.0003398,0.0088862,-0.0030147,0.0003395,0.0089292
-0.0033607,-0.0004366,0.0089154,-0.0033587,-0.0004364,0.0089582
-0.0030387,-0.0005197,0.0089038,-0.0030371,-0.0005194,0.0089469
-0.0010307,-0.0015306,0.0098155,-0.0010305,-0.0015302,0.0098634
-0.0013427,-0.0012826,0.0097852,-0.0013424,-0.0012823,0.009833
-0.0020174,-0.0016791,0.0092233,-0.0020165,-0.0016784,0.0092681
0.0011088,0.0033569,0.0041033,0.0011084,0.0033557,0.0041257
0.0012514,0.0004515,0.0117394,0.0012514,0.0004514,0.0117959
0.001391,-0.0002632,0.0107286,0.001391,-0.0002633,0.0107806
0.0013196,-0.0004172,0.0111385,0.0013198,-0.0004174,0.0111923
0.0008525,-0.0003921,0.0110968,0.0008527,-0.0003923,0.0111506
0.002282,-0.0001617,0.0100534,0.0022812,-0.0001617,0.0101022
-0.00151,-0.0022898,0.0094777,-0.0015094,-0.0022888,0.0095237
-0.0003195,-0.0008076,0.0077098,-0.0003193,-0.000807,0.0077484
-0.0013687,-0.0016016,0.007769,-0.0013679,-0.0016006,0.0078073
-0.0010637,-0.0012438,0.0081284,-0.0010632,-0.0012432,0.0081687
-0.0006955,-0.0012404,0.0081586,-0.0006951,-0.0012397,0.0081991
-0.0002915,-0.0017032,0.0062817,-0.0002913,-0.0017021,0.0063139
-0.0001127,-0.0014782,0.0064366,-0.0001126,-0.0014772,0.0064695
-0.0010141,-0.001431,0.0065398,-0.0010134,-0.00143,0.0065729
-0.0003827,-0.0022617,0.0066324,-0.0003825,-0.0022602,0.0066656
-0.000642,-0.0023722,0.006801,-0.0006415,-0.0023706,0.0068347
-0.0010361,-0.0028521,0.0071139,-0.0010354,-0.0028501,0.0071486
-0.0007126,-0.0028068,0.0069881,-0.0007122,-0.0028049,0.0070223
0.0019559,-0.0003165,0.0094903,0.0019551,-0.0003164,0.0095368
0.0001466,0.0014071,0.010223,0.0001465,0.0014068,0.0102729
0.0004615,0.0013241,0.010108,0.0004615,0.0013238,0.0101574
-0.0023488,-0.0018847,0.0087541,-0.0023475,-0.0018837,0.0087964
-0.0026338,-0.001855,0.0082983,-0.0026322,-0.0018538,0.0083383
-0.0023083,-0.0018885,0.0081742,-0.0023069,-0.0018874,0.0082138
-0.0019423,-0.001021,0.0062469,-0.0019411,-0.0010203,0.0062786
-0.0018943,-0.0012182,0.0069853,-0.001893,-0.0012174,0.0070199
-0.0027792,-0.0009439,0.006451,-0.0027775,-0.0009432,0.0064828
-0.0023554,-0.0008935,0.0063169,-0.002354,-0.0008929,0.0063486
-0.0023437,-0.000386,0.0063049,-0.0023423,-0.0003857,0.0063367
-0.0019668,-0.0004923,0.0063619,-0.0019656,-0.000492,0.0063942
2.85e-05,-0.0011331,0.010755,2.85e-05,-0.0011334,0.0108071
0.0002059,-0.0012661,0.0097479,0.0002058,-0.0012659,0.0097956
2.48e-05,-0.0018697,0.0101155,2.47e-05,-0.0018694,0.0101647
-0.0013689,0.0001433,0.0028844,-0.0013681,0.0001433,0.002906
-0.0029857,-5.82e-05,0.0040275,-0.0029844,-5.8e-05,0.0040504
-0.0001771,0.0014089,0.0101631,-0.0001771,0.0014087,0.0102127
-0.0006981,0.0025999,0.0091495,-0.0006977,0.0025986,0.0091941
-0.0003511,0.0026455,0.0091339,-0.0003509,0.0026441,0.0091785
-0.000695,0.0026297,0.0094166,-0.0006947,0.0026284,0.0094624
-0.0011209,0.0030099,0.0091496,-0.0011203,0.0030082,0.0091937
-0.0007787,0.0029612,0.0091537,-0.0007783,0.0029595,0.0091981
-0.0001932,-0.0018244,0.0095411,-0.0001932,-0.0018238,0.0095878
9.63e-05,-0.0017866,0.0093471,9.62e-05,-0.001786,0.0093929
-0.0026545,0.0021874,0.0040921,-0.0026534,0.0021867,0.0041145
-0.0022597,0.00219,0.0040237,-0.0022587,0.0021893,0.0040463
-0.0026129,0.0022089,0.0043382,-0.0026118,0.0022082,0.0043617
-0.0013046,-0.0008678,0.003358,-0.0013039,-0.0008671,0.0033806
-0.0022053,-0.0010306,0.0040578,-0.0022042,-0.0010299,0.0040816
-0.0040329,-0.0013087,0.0046985,-0.0040312,-0.001308,0.0047218
-0.0035639,-0.0013997,0.0046025,-0.0035624,-0.001399,0.0046261
-0.0033683,-0.0004691,0.0047922,-0.0033668,-0.0004688,0.0048172
-0.0011463,-0.0005114,0.0054418,-0.0011457,-0.000511,0.0054714
-0.0007439,-0.0017781,0.0054402,-0.0007435,-0.0017771,0.0054691
-0.0010227,-0.0013143,0.0058033,-0.0010221,-0.0013135,0.0058337
-0.0006818,-0.0014035,0.0057541,-0.0006814,-0.0014027,0.0057845
-0.0025244,0.000895,0.0040307,-0.0025232,0.0008948,0.0040541
-0.0021461,0.0008795,0.0039673,-0.0021451,0.0008793,0.003991
-0.002558,0.0008739,0.0042562,-0.0025569,0.0008737,0.0042803
-0.0020951,-0.0022352,0.003843,-0.0020942,-0.0022342,0.0038651
-0.001709,-0.0022293,0.0037959,-0.0017082,-0.0022282,0.0038182
-0.0022013,-0.0025889,0.0040407,-0.0022003,-0.0025877,0.0040628
-0.002524,-0.0027327,0.0043444,-0.0025229,-0.0027315,0.0043672
-0.0025433,-0.002264,0.0043768,-0.0025422,-0.0022629,0.0044002
0.0023372,0.0025214,0.0045388,0.0023362,0.0025204,0.0045629
0.0026984,0.0025801,0.0045679,0.0026973,0.0025792,0.0045916
0.0015294,0.0015729,0.0038955,0.0015287,0.0015723,0.0039192
0.0014868,0.0019642,0.0039575,0.0014861,0.0019634,0.003981
0.0015056,0.0016444,0.0041209,0.0015049,0.0016437,0.0041452
0.0010817,0.0016553,0.004134,0.0010812,0.0016546,0.0041588
0.002256,0.0012751,0.0039714,0.002255,0.0012746,0.0039947
0.0022626,0.0017013,0.0045063,0.0022616,0.0017007,0.0045311
0.0018535,0.002191,0.0045179,0.0018527,0.0021901,0.0045427
0.0022597,0.0020572,0.004507,0.0022586,0.0020564,0.0045316
-0.0024792,-0.0025541,0.004626,-0.002478,-0.0025529,0.00465
-0.0024413,-0.0026632,0.0048348,-0.0024402,-0.0026619,0.0048595
-0.0028963,-0.0021263,0.0048379,-0.002895,-0.0021252,0.0048628
-0.0025433,-0.0021904,0.0048698,-0.0025421,-0.0021893,0.0048951
-0.0014103,-0.0003934,0.0094112,-0.00141,-0.0003933,0.0094574
0.0022175,-0.0017617,0.0040175,0.0022165,-0.0017608,0.0040406
0.0027903,-0.0021288,0.004374,0.0027891,-0.0021278,0.0043973
0.0032835,-0.0021679,0.0043605,0.0032822,-0.0021669,0.0043829
0.0015538,-0.0018667,0.0034507,0.001553,-0.0018656,0.0034725
0.0015439,-0.0017721,0.0036335,0.0015431,-0.0017711,0.003656
0.0011392,-0.0017834,0.0033931,0.0011387,-0.0017823,0.0034152
0.0011337,-0.0014151,0.0034143,0.0011331,-0.0014142,0.0034369
0.0011651,-0.0017796,0.0036078,0.0011646,-0.0017785,0.0036306
-0.0002374,-0.0020933,0.003676,-0.0002373,-0.0020921,0.003699
0.000168,-0.0021913,0.0037302,0.0001679,-0.0021901,0.0037533
-0.0003212,-0.0024528,0.0039286,-0.000321,-0.0024515,0.0039518
-0.0007812,-0.0026683,0.0041805,-0.0007808,-0.0026669,0.0042042
0.0006214,-0.0009906,0.0028133,0.000621,-0.0009899,0.0028348
0.0001236,-0.0013368,0.0031659,0.0001236,-0.0013359,0.0031883
0.0006097,-0.0017671,0.0034652,0.0006094,-0.001766,0.0034878
0.0026871,-0.000451,0.0037528,0.0026858,-0.0004506,0.0037753
0.0015774,0.000484,0.0033208,0.0015766,0.0004839,0.0033433
0.0033315,0.0002859,0.0045521,0.0033301,0.0002859,0.0045763
0.0005993,0.0007249,0.0067783,0.0005989,0.0007245,0.0068129
0.0005369,0.0004422,0.0065912,0.0005366,0.000442,0.0066251
0.0004883,-0.0001582,0.0067683,0.000488,-0.000158,0.0068029
0.0009957,0.001213,0.0052107,0.0009952,0.0012125,0.0052393
0.0009956,0.0004161,0.0057726,0.0009951,0.000416,0.0058034
0.0006316,0.00122,0.0054601,0.0006313,0.0012194,0.0054897
0.0002147,0.0008861,0.0053315,0.0002146,0.0008858,0.005361
0.0005428,0.0008214,0.0054034,0.0005425,0.0008211,0.0054331
0.0011913,0.0013332,0.0058865,0.0011906,0.0013326,0.0059173
0.0006181,0.0003546,0.0058507,0.0006177,0.0003546,0.0058819
0.0030044,0.0007245,0.0066576,0.0030024,0.0007242,0.0066902
0.0025095,0.0008051,0.0069606,0.0025078,0.0008046,0.006995
0.0025638,0.0003534,0.0070075,0.0025621,0.0003532,0.0070421
0.0021993,0.0011767,0.0064477,0.0021979,0.0011761,0.0064801
0.0024077,0.0011924,0.0070405,0.0024061,0.0011917,0.0070752
0.0019931,0.0012357,0.0066246,0.0019918,0.001235,0.0066578
-0.0016806,0.0022572,0.0039812,-0.0016797,0.0022564,0.0040043
-0.0013253,0.0020564,0.0040025,-0.0013246,0.0020556,0.0040261
-0.0017365,0.0021371,0.0042151,-0.0017356,0.0021363,0.0042391
0.0015684,0.0018677,0.0091506,0.0015676,0.0018668,0.0091954
0.0019444,0.0018286,0.00917,0.0019434,0.0018277,0.0092148
0.0015747,0.001862,0.0094408,0.0015739,0.0018611,0.0094869
0.0020918,0.0027021,0.0084974,0.0020904,0.0027003,0.0085383
0.0016235,0.0024791,0.0087352,0.0016225,0.0024776,0.0087777
0.002859,-0.0027318,0.0044298,0.0028579,-0.0027306,0.0044525
0.0032324,-0.00279,0.0045404,0.0032311,-0.0027887,0.004563
0.0024553,-0.0032653,0.0042527,0.0024544,-0.0032639,0.0042743
0.0029288,-0.0030538,0.0042461,0.0029276,-0.0030525,0.0042675
0.0021529,-0.0018464,0.004223,0.002152,-0.0018454,0.0042467
0.0012318,-0.00092,0.0103778,0.0012316,-0.00092,0.0104283
0.0012481,-0.0010162,0.009381,0.0012477,-0.0010159,0.009427
0.0013085,-0.0011182,0.0096432,0.0013081,-0.0011179,0.0096904
0.0013442,-0.0003976,0.0077288,0.0013433,-0.0003973,0.0077674
0.0009519,-0.0002549,0.0074069,0.0009513,-0.0002546,0.0074441
0.0013265,-0.0008041,0.0078122,0.0013257,-0.0008036,0.0078511
0.001021,-0.0008128,0.0079923,0.0010204,-0.0008123,0.0080321
0.0009246,-0.0011452,0.0081134,0.0009241,-0.0011445,0.0081536
0.0013642,-0.0010448,0.0080741,0.0013633,-0.0010442,0.0081141
0.0009981,-0.001194,0.0084098,0.0009976,-0.0011934,0.0084514
0.0006381,-0.0004317,0.0074579,0.0006377,-0.0004313,0.0074954
0.0005621,-0.0004582,0.0077041,0.0005618,-0.0004578,0.0077427
0.0005606,-0.0008226,0.0077534,0.0005603,-0.000822,0.0077922
0.0006062,-0.0010151,0.0080545,0.0006058,-0.0010145,0.0080945
0.000581,-0.0012052,0.0083863,0.0005807,-0.0012045,0.0084278
0.0029005,-0.0009147,0.0084694,0.0028988,-0.0009141,0.0085103
0.0028933,-0.0004343,0.0084306,0.0028915,-0.0004341,0.0084715
0.0028236,-0.0009247,0.008767,0.002822,-0.0009241,0.0088095
0.0027785,-0.0011989,0.009064,0.0027769,-0.0011982,0.0091079
0.0030734,-0.0009151,0.0063655,0.0030715,-0.0009144,0.0063968
0.0021049,-0.0009169,0.0063865,0.0021035,-0.0009162,0.0064187
0.0025259,-0.000881,0.0063257,0.0025243,-0.0008803,0.0063574
0.001774,-0.0011021,0.0064152,0.0017729,-0.0011013,0.0064477
0.0025284,-0.0003956,0.0063186,0.0025268,-0.0003953,0.0063504
0.0028978,-0.0008912,0.0066827,0.0028958,-0.0008905,0.0067156
0.002521,-0.0017779,0.006689,0.0025193,-0.0017766,0.0067218
0.002273,-0.0016379,0.0064605,0.0022715,-0.0016368,0.0064926
0.0021098,-0.0012215,0.0069511,0.0021084,-0.0012205,0.0069856
0.0014402,-0.0028229,0.0043365,0.0014396,-0.0028215,0.0043601
-0.0019124,0.002226,0.0092574,-0.0019115,0.0022248,0.0093024
-0.001532,0.0021538,0.0092849,-0.0015313,0.0021528,0.0093301
-0.0014658,0.0014568,0.0095389,-0.0014653,0.0014562,0.0095856
-0.0011417,0.0013667,0.00948,-0.0011414,0.0013662,0.0095265
-0.0023412,0.0019635,0.0085283,-0.0023399,0.0019623,0.0085696
-0.0021336,0.0020314,0.009048,-0.0021324,0.0020303,0.0090919
-0.0023166,0.0018847,0.0088589,-0.0023153,0.0018836,0.0089019
-0.0023067,0.0014618,0.0089004,-0.0023055,0.001461,0.0089438
-0.0019278,0.0014621,0.0088998,-0.0019268,0.0014614,0.0089434
-0.0023332,0.0019425,0.0081844,-0.0023317,0.0019413,0.0082242
-0.0023073,0.0014952,0.0082805,-0.0023059,0.0014944,0.0083208
-0.0018932,0.0014471,0.00817,-0.0018921,0.0014463,0.0082101
-0.0010249,0.0006959,0.0090754,-0.0010246,0.0006956,0.0091202
-0.0013627,0.0007223,0.0094379,-0.0013623,0.000722,0.0094842
-0.0007167,0.0010476,0.0095111,-0.0007165,0.0010473,0.0095579
-0.0018655,0.0011004,0.0085106,-0.0018644,0.0010998,0.0085524
-0.0002173,0.0010731,0.0108793,-0.0002174,0.0010732,0.0109321
0.0001078,0.0010623,0.0108544,0.0001077,0.0010623,0.0109071
-0.000181,0.0018963,0.0096079,-0.0001809,0.0018956,0.0096549
-0.0010668,-0.0007891,0.0090922,-0.0010665,-0.0007888,0.009137
-0.0019122,-0.0027881,0.0084366,-0.001911,-0.0027864,0.008477
-0.0014797,-0.0023073,0.0083449,-0.0014789,-0.0023059,0.0083854
-0.0018137,-0.0018353,0.0087891,-0.0018127,-0.0018344,0.0088319
-0.001279,-0.0032809,0.0079345,-0.0012781,-0.0032787,0.0079724
-0.0014457,-0.0028187,0.0081676,-0.0014448,-0.0028169,0.0082069
-0.0026232,-0.0003465,0.0089201,-0.0026219,-0.0003463,0.0089636
-0.0023274,-0.0003522,0.0087317,-0.0023262,-0.000352,0.0087745
-0.0030629,0.0004097,0.0081745,-0.003061,0.0004095,0.008214
-0.0035113,-0.0004775,0.0078606,-0.003509,-0.0004772,0.0078983
-0.0014046,-6.29e-05,0.003317,-0.0014038,-6.27e-05,0.0033398
-0.002104,1.3e-05,0.0039285,-0.0021029,1.32e-05,0.0039523
0.0027925,0.002147,0.0045493,0.0027913,0.0021462,0.0045733
0.0027769,0.0021125,0.0047932,0.0027757,0.0021116,0.0048181
0.0027606,0.0020766,0.0050679,0.0027593,0.0020758,0.0050939
0.0027251,0.0020884,0.0052952,0.0027236,0.0020874,0.0053221
0.0013601,0.0011023,0.0097356,0.0013597,0.001102,0.0097832
0.0008375,0.0004112,0.0080296,0.000837,0.000411,0.0080697
0.0005916,0.0012535,0.007785,0.0005913,0.0012527,0.0078238
0.0004814,0.0008492,0.0077994,0.0004811,0.0008488,0.0078384
0.0002251,0.000872,0.0079895,0.000225,0.0008715,0.0080294
0.0004914,0.0003452,0.0083779,0.0004912,0.0003451,0.0084195
0.0024128,0.0011017,0.0085103,0.0024114,0.0011011,0.0085519
0.0028102,0.0011167,0.008478,0.0028085,0.001116,0.0085191
0.0025289,0.0011693,0.0088078,0.0025274,0.0011687,0.0088507
0.0028781,0.0010406,0.009099,0.0028764,0.00104,0.0091431
0.0029933,0.0011274,0.0082306,0.0029914,0.0011266,0.0082704
0.0012586,0.0005606,0.0103363,0.0012586,0.0005605,0.0103866
0.0027578,-0.0004297,0.0090457,0.0027563,-0.0004295,0.0090896
-0.0026617,0.002186,0.004588,-0.0026605,0.0021852,0.0046123
-0.0022494,0.0021902,0.004522,-0.0022483,0.0021894,0.0045465
-0.0026437,0.0021663,0.0048461,-0.0026424,0.0021655,0.0048714
0.0001795,0.0022134,0.003917,0.0001795,0.0022125,0.0039407
0.0005663,0.0022228,0.0039081,0.0005662,0.0022219,0.0039317
0.0001524,0.00214,0.004161,0.0001524,0.0021392,0.0041857
0.0001156,0.0030559,0.0044652,0.0001156,0.0030547,0.0044896
0.0002268,0.0029692,0.0047166,0.0002267,0.0029679,0.0047421
0.0010972,0.0033672,0.0045469,0.0010968,0.0033658,0.0045709
0.0017164,0.0021561,0.0082894,0.0017153,0.0021547,0.0083298
0.0021077,0.0022296,0.0082373,0.0021064,0.0022281,0.0082772
0.0013797,0.0028346,0.0064185,0.0013788,0.0028328,0.0064502
0.0010503,0.0027509,0.006584,0.0010497,0.0027491,0.0066166
0.0010222,0.001623,0.006535,0.0010215,0.001622,0.0065682
0.0009815,0.001937,0.0066159,0.0009809,0.0019358,0.0066492
0.001044,0.0016121,0.0067605,0.0010433,0.0016112,0.0067946
0.0003273,0.0022025,0.0063787,0.0003271,0.0022012,0.0064111
0.0006236,0.0023353,0.0063467,0.0006233,0.0023339,0.0063788
5.51e-05,0.0023443,0.006338,5.51e-05,0.0023429,0.0063701
-0.0002011,0.0029155,0.0064527,-0.000201,0.0029136,0.0064848
0.0005219,0.0031672,0.0064613,0.0005217,0.0031652,0.0064931
0.0005644,0.0027837,0.0065996,0.0005641,0.0027819,0.0066324
0.0005342,0.0021373,0.0065151,0.0005338,0.0021361,0.006548
0.0001403,0.0020124,0.0068277,0.0001403,0.0020111,0.0068619
0.0005481,0.0020025,0.0071829,0.0005477,0.0020011,0.0072187
0.0004907,-0.0022261,0.0085131,0.0004904,-0.0022249,0.0085549
0.0001658,-0.0023229,0.0087075,0.0001657,-0.0023217,0.0087502
0.0001541,-0.0027969,0.0088594,0.000154,-0.0027953,0.0089024
0.0001349,-0.0028004,0.00824,0.0001348,-0.0027987,0.00828
0.001026,-0.0020565,0.0064626,0.0010254,-0.0020551,0.006495
0.0010155,-0.0017545,0.0064631,0.0010149,-0.0017533,0.0064958
0.0013955,-0.0027931,0.0070509,0.0013945,-0.0027911,0.0070852
0.001039,-0.002466,0.0069762,0.0010383,-0.0024643,0.0070105
0.0006064,-0.0025414,0.0070034,0.0006061,-0.0025397,0.0070379
0.0006517,-0.0019209,0.0069923,0.0006513,-0.0019196,0.0070272
0.001437,-0.0024801,0.0088204,0.0014361,-0.0024788,0.0088632
0.0001215,-0.0012341,0.0101003,0.0001215,-0.001234,0.0101495
0.000438,-0.0016077,0.0091319,0.0004378,-0.0016071,0.0091767
0.0015705,-0.0018236,0.0038963,0.0015697,-0.0018225,0.0039196
0.0015105,-0.0014751,0.0038828,0.0015098,-0.0014742,0.0039064
0.0015305,-0.0018698,0.0041118,0.0015298,-0.0018687,0.0041358
0.0011851,-0.0014671,0.0038968,0.0011845,-0.0014662,0.0039208
0.0016072,-0.0009444,0.0038797,0.0016064,-0.0009438,0.0039036
0.0015267,-0.000591,0.0038711,0.0015259,-0.0005905,0.0038953
0.0015405,-0.0009631,0.0041217,0.0015398,-0.0009624,0.0041464
0.0014965,-0.0013715,0.0041557,0.0014958,-0.0013706,0.0041803
0.0015223,-0.0014483,0.0043956,0.0015215,-0.0014474,0.0044209
0.0014753,-0.0017972,0.0044005,0.0014746,-0.0017961,0.0044255
0.001448,-0.0017588,0.0046284,0.0014472,-0.0017578,0.0046543
0.0010955,-0.0004831,0.0038235,0.0010949,-0.0004827,0.0038479
0.0010895,-0.0018204,0.0043387,0.001089,-0.0018193,0.0043638
0.0010793,-0.0014143,0.0043249,0.0010787,-0.0014135,0.0043503
0.0010672,-0.0017258,0.0045835,0.0010667,-0.0017248,0.0046095
0.0010139,-0.0003479,0.0051748,0.0010134,-0.0003476,0.0052037
0.0013958,-0.00033,0.0052416,0.001395,-0.0003298,0.0052704
0.0010012,-0.0003981,0.0053918,0.0010007,-0.0003978,0.0054213
0.0011261,-0.0008863,0.0056479,0.0011255,-0.0008857,0.0056781
0.0014162,-0.0009466,0.0060064,0.0014153,-0.0009459,0.0060376
0.0010049,-0.0004894,0.0059642,0.0010043,-0.000489,0.0059956
0.0010959,-0.0008633,0.0062048,0.0010952,-0.0008627,0.006237
0.0005266,-0.0005174,0.0053905,0.0005264,-0.000517,0.0054201
0.0005882,-0.000875,0.0054459,0.0005878,-0.0008744,0.0054755
0.0006552,-0.000985,0.0059336,0.0006548,-0.0009844,0.0059649
0.0030762,-0.0016863,0.0051312,0.0030747,-0.0016853,0.0051573
0.0032557,-0.0010221,0.0050677,0.0032542,-0.0010215,0.0050937
0.0032014,-0.0005607,0.0050429,0.0031998,-0.0005603,0.0050691
0.0032874,-0.0010611,0.0053044,0.0032857,-0.0010604,0.0053313
0.0027261,-0.0021968,0.0053165,0.0027248,-0.0021955,0.0053433
0.0030447,-0.0023262,0.0053662,0.0030431,-0.0023248,0.0053928
-0.0007224,0.0025594,0.0084926,-0.000722,0.0025579,0.0085341
-0.0002928,0.0026066,0.008458,-0.0002926,0.002605,0.0084994
-0.0007084,0.0026256,0.0088107,-0.000708,0.0026241,0.0088537
-0.0015058,0.0026119,0.008474,-0.0015049,0.0026103,0.0085152
-0.0011871,0.0025686,0.0084902,-0.0011864,0.0025671,0.0085315
-0.0014287,0.002587,0.0087341,-0.0014279,0.0025855,0.0087766
-0.0011795,0.0030255,0.0085228,-0.0011787,0.0030235,0.008564
-0.0007711,0.0029339,0.0086196,-0.0007706,0.0029322,0.0086614
-0.0007679,0.0025975,0.0078271,-0.0007675,0.0025958,0.0078655
-0.0002829,0.0026781,0.0078242,-0.0002827,0.0026763,0.0078625
-0.0015469,0.0026194,0.0081653,-0.0015459,0.0026178,0.008205
-0.0006609,0.0028412,0.0063732,-0.0006604,0.0028395,0.0064049
0.0003542,0.0029061,0.0064749,0.000354,0.0029043,0.006507
-0.0003362,0.0023564,0.0066819,-0.0003359,0.0023549,0.0067154
-0.001572,0.0020367,0.0066099,-0.001571,0.0020354,0.0066429
-0.0015816,0.0020249,0.0068711,-0.0015806,0.0020236,0.0069052
-0.0010863,0.0015402,0.006591,-0.0010856,0.0015393,0.0066244
-0.0007276,0.0015825,0.0066187,-0.0007271,0.0015815,0.0066523
-0.0007433,0.0020684,0.0068988,-0.0007428,0.0020671,0.0069333
-0.0007062,-0.0003542,0.0035438,-0.0007058,-0.0003539,0.0035677
-0.0007597,-0.0002564,0.0040007,-0.0007593,-0.0002562,0.004026
-0.0013216,6e-05,0.0037991,-0.0013209,6.01e-05,0.0038234
-0.0016147,-0.0003745,0.0041107,-0.0016139,-0.0003742,0.0041356
-0.0006477,0.0007305,0.0056672,-0.0006473,0.0007302,0.0056977
-0.000651,0.0007646,0.0060326,-0.0006506,0.0007643,0.0060643
-0.0006892,-3.12e-05,0.0054639,-0.0006888,-3.1e-05,0.0054938
-0.000312,-4.02e-05,0.0053675,-0.0003118,-4.01e-05,0.0053972
-0.0011387,0.0013152,0.0052624,-0.0011381,0.0013147,0.0052911
-0.0007947,0.0013542,0.005261,-0.0007942,0.0013536,0.0052897
-0.0011156,0.0003198,0.0057897,-0.0011149,0.0003198,0.0058204
-0.0024312,-0.0003976,0.0047297,-0.00243,-0.0003972,0.0047558
0.0014487,0.0011469,0.0038412,0.001448,0.0011465,0.0038651
0.0031708,0.0012167,0.0050815,0.0031693,0.0012162,0.0051077
0.0027845,0.0012757,0.0050458,0.0027832,0.0012752,0.0050723
0.0004821,0.0026347,0.008436,0.0004818,0.0026331,0.0084772
0.0001546,0.0025299,0.00878,0.0001546,0.0025285,0.0088229
-0.0030733,0.0016976,0.0052162,-0.0030718,0.001697,0.0052427
0.001697,0.0018991,0.0084963,0.001696,0.001898,0.0085379
0.00159,0.0019163,0.0087397,0.0015891,0.0019152,0.0087825
0.0009385,-0.0004242,0.0096896,0.0009383,-0.0004243,0.009737
-0.001264,0.0034172,0.0046011,-0.0012634,0.0034159,0.0046252
-0.0008479,0.0033568,0.0045947,-0.0008475,0.0033555,0.004619
-0.0016505,0.0028693,0.0050414,-0.0016496,0.0028681,0.0050676
-0.0012478,0.0028492,0.0050324,-0.0012471,0.002848,0.0050588
-0.0015765,0.0028405,0.0053109,-0.0015756,0.0028392,0.0053382
-0.0011792,0.0023613,0.004973,-0.0011786,0.0023603,0.0049997
-0.000758,0.0027664,0.0049938,-0.0007576,0.0027652,0.0050203
-0.0008047,0.0029548,0.0053374,-0.0008043,0.0029534,0.005365
-0.0012331,0.000896,0.003837,-0.0012324,0.0008956,0.0038613
-0.0016011,0.0009126,0.004111,-0.0016003,0.0009123,0.0041358
-0.0017516,0.0013057,0.004169,-0.0017507,0.0013052,0.0041936
-0.0026299,0.0021846,0.0051105,-0.0026286,0.0021837,0.0051368
-0.0021757,0.0021442,0.0050397,-0.0021746,0.0021433,0.0050662
-0.0026353,0.0021376,0.0053543,-0.002634,0.0021367,0.0053816
0.0015215,0.0021643,0.0042357,0.0015208,0.0021634,0.0042599
0.0014801,0.0020232,0.0044179,0.0014795,0.0020224,0.0044428
0.0023135,0.0025114,0.0047804,0.0023125,0.0025104,0.0048055
0.0015724,0.0028393,0.0050119,0.0015716,0.002838,0.005038
0.0014287,0.0024685,0.005269,0.001428,0.0024673,0.0052966
0.0010976,0.002873,0.0050108,0.0010971,0.0028717,0.0050372
0.0010656,0.002479,0.0052481,0.0010651,0.0024778,0.0052758
0.0017991,0.0024272,0.00527,0.0017981,0.002426,0.0052973
0.0021507,0.0024162,0.0053224,0.0021496,0.002415,0.0053497
-0.0003221,-0.0022847,0.0084572,-0.0003219,-0.0022835,0.0084986
-0.0007334,-0.0022807,0.0086934,-0.000733,-0.0022795,0.0087358
0.0001322,-0.0022066,0.0042248,0.0001322,-0.0022054,0.0042494
0.0001592,-0.0030898,0.0048317,0.0001592,-0.0030882,0.0048572
-0.0002079,-0.0030478,0.0053908,-0.0002077,-0.0030461,0.0054184
0.0001597,-0.0030861,0.0053425,0.0001597,-0.0030844,0.0053699
-0.000314,-0.0025458,0.0049825,-0.0003138,-0.0025444,0.0050092
-0.0011854,-0.0018683,0.0039859,-0.0011847,-0.0018673,0.0040097
-0.0020029,-0.0030123,0.0048348,-0.0020019,-0.0030108,0.0048595
-0.0016045,-0.0030811,0.0048102,-0.0016038,-0.0030796,0.0048351
-0.0037762,0.0006955,0.004848,-0.0037744,0.0006953,0.0048726
-0.0034119,0.0007571,0.0048536,-0.0034103,0.000757,0.0048788
-0.0025203,0.0012731,0.0050248,-0.002519,0.0012726,0.0050515
-0.0021508,0.0013714,0.0049542,-0.0021497,0.0013708,0.004981
-0.0024086,0.0013159,0.005267,-0.0024074,0.0013153,0.0052946
-0.0033333,0.0008135,0.0056106,-0.0033314,0.0008132,0.0056387
-0.0029669,0.0008038,0.0055836,-0.0029653,0.0008035,0.005612
-0.0032533,0.0008076,0.0058399,-0.0032514,0.0008073,0.005869
0.0024223,-0.0021604,0.0085028,0.0024208,-0.002159,0.0085437
0.0023919,-0.0018156,0.0085408,0.0023904,-0.0018145,0.0085821
0.0023381,-0.0017638,0.0087808,0.0023367,-0.0017628,0.0088233
0.0020512,-0.0027192,0.0088567,0.00205,-0.0027175,0.0088991
0.0024447,-0.0027765,0.0089278,0.0024432,-0.0027748,0.0089702
0.0017251,-0.0002712,0.0036234,0.0017242,-0.000271,0.0036467
0.0011774,-0.000268,0.0036451,0.0011769,-0.0002677,0.003669
0.002329,0.0008464,0.0039767,0.0023279,0.0008462,0.0040002
0.0028267,-0.002179,0.0045802,0.0028254,-0.0021779,0.0046041
0.003195,-0.0022341,0.004671,0.0031937,-0.0022331,0.0046948
0.002204,-0.0020757,0.0048679,0.0022029,-0.0020746,0.0048937
0.0026145,-0.0021036,0.0049256,0.0026133,-0.0021026,0.0049511
0.0022823,-0.0030774,0.0046603,0.0022813,-0.0030759,0.004684
0.0027538,-0.0031433,0.0047052,0.0027525,-0.0031418,0.0047286
0.0027988,-0.0031437,0.0049564,0.0027975,-0.0031421,0.0049808
0.0006222,0.0029282,0.0049719,0.0006219,0.002927,0.0049982
0.0002396,0.0029107,0.0049949,0.0002395,0.0029094,0.0050215
0.000191,0.0028221,0.0052573,0.000191,0.0028208,0.0052849
-0.0002992,-0.0008825,0.009736,-0.0002992,-0.0008824,0.0097836
-0.0007227,-0.0004764,0.0096743,-0.0007226,-0.0004764,0.0097216
0.0006294,-0.0018725,0.0039418,0.000629,-0.0018714,0.0039658
0.002254,0.0016285,0.0049842,0.0022529,0.0016278,0.0050108
0.0026519,0.0016124,0.0050437,0.0026506,0.0016118,0.0050701
0.0017943,0.0020833,0.0049564,0.0017934,0.0020824,0.0049829
0.0022105,0.0020131,0.0049806,0.0022094,0.0020122,0.005007
0.0026511,0.0020966,0.0055383,0.0026497,0.0020955,0.0055663
0.0027237,0.0020677,0.0057488,0.0027222,0.0020666,0.0057775
-0.000233,-0.0018307,0.0087238,-0.0002329,-0.0018298,0.0087667
4.97e-05,-0.0019251,0.0087584,4.97e-05,-0.0019242,0.0088015
-0.0006887,-0.0015737,0.0085385,-0.0006884,-0.0015729,0.0085806
-0.0011734,-0.0023814,0.0077989,-0.0011727,-0.0023799,0.007837
-0.0016022,-0.0024355,0.0080862,-0.0016012,-0.002434,0.0081254
-0.0002732,-0.0009011,0.0062179,-0.0002731,-0.0009005,0.0062502
7.39e-05,-0.0008191,0.0062618,7.39e-05,-0.0008185,0.0062944
0.0002442,-0.0009558,0.006429,0.000244,-0.0009551,0.0064621
-0.0006248,-0.0002775,0.0061861,-0.0006244,-0.0002772,0.0062184
-0.0007424,-0.0016724,0.0066234,-0.0007419,-0.0016713,0.0066568
-0.0010992,-0.001118,0.0070035,-0.0010986,-0.0011172,0.0070387
0.0020752,-0.0017892,0.0049844,0.0020742,-0.0017882,0.0050109
0.0020971,-0.0013847,0.0049488,0.0020961,-0.0013838,0.0049755
-0.0028285,0.000106,0.0049558,-0.0028271,0.0001061,0.0049822
-0.0015351,0.0010919,0.0084553,-0.0015343,0.0010913,0.008497
-0.0010751,0.0012156,0.0084522,-0.0010745,0.001215,0.008494
-0.0018973,0.0014302,0.0085272,-0.0018962,0.0014294,0.008569
-0.002246,0.0011202,0.008212,-0.0022447,0.0011195,0.0082522
-0.000241,0.0008799,0.0064612,-0.0002409,0.0008795,0.0064946
-0.0007123,0.0007889,0.0067663,-0.0007118,0.0007885,0.0068008
-0.000394,9.85e-05,0.0065437,-0.0003937,9.85e-05,0.0065774
-0.0006931,0.000371,0.0069186,-0.0006926,0.0003709,0.0069538
-0.0026164,-0.0002565,0.0082284,-0.0026148,-0.0002564,0.0082686
-0.0022753,-0.0002914,0.0080851,-0.002274,-0.0002912,0.0081248
-0.0031066,0.0002816,0.0076413,-0.0031045,0.0002815,0.0076783
-0.0031586,-0.0003266,0.0075496,-0.0031565,-0.0003263,0.0075861
-0.0018814,-0.0008597,0.0084712,-0.0018804,-0.0008592,0.0085129
0.002346,-0.0008931,0.008563,0.0023447,-0.0008925,0.0086048
0.0013194,-0.001505,0.0084636,0.0013186,-0.0015042,0.0085051
0.0014015,-0.0012042,0.0084013,0.0014007,-0.0012036,0.0084427
0.0009659,-0.0014957,0.008739,0.0009655,-0.0014949,0.008782
0.0013886,-0.0024781,0.0082618,0.0013878,-0.0024765,0.0083019
0.0016396,0.0012115,0.0084268,0.0016387,0.0012109,0.0084683
0.0020155,0.0011929,0.008443,0.0020143,0.0011923,0.0084844
0.0016063,0.0011897,0.0087222,0.0016055,0.0011891,0.0087651
-0.0020502,-0.0017822,0.005073,-0.0020492,-0.0017811,0.0050999
-0.0028586,-0.0022228,0.0054758,-0.0028572,-0.0022215,0.0055031
-0.0025318,-0.0022297,0.0053154,-0.0025304,-0.0022284,0.0053423
0.0025562,0.0019209,0.0078989,0.0025544,0.0019196,0.0079371
0.0016949,0.0019698,0.0078272,0.0016937,0.0019684,0.0078656
0.0021251,0.001934,0.0078575,0.0021236,0.0019327,0.0078958
0.0016965,0.0018174,0.008202,0.0016954,0.0018163,0.0082422
0.0021656,0.0023173,0.007926,0.0021641,0.0023158,0.0079644
0.0020358,0.002838,0.0072535,0.0020344,0.0028361,0.0072885
0.0017049,0.0026276,0.007571,0.0017037,0.0026258,0.0076079
-0.0016861,0.0014128,0.0044273,-0.0016852,0.0014123,0.0044527
-0.0016581,0.0013322,0.0046539,-0.0016573,0.0013317,0.0046801
-0.001245,0.0007823,0.0043616,-0.0012443,0.000782,0.0043875
-0.0024328,0.0008655,0.0049911,-0.0024316,0.0008652,0.005018
-0.0020924,0.000942,0.0049594,-0.0020913,0.0009416,0.0049865
-0.0025127,0.0008596,0.0052334,-0.0025113,0.0008593,0.005261
0.0024583,-0.0021206,0.0078583,0.0024567,-0.0021191,0.0078962
0.0024362,-0.002833,0.0082636,0.0024346,-0.0028311,0.0083028
0.001973,-0.0016535,0.0081853,0.0019717,-0.0016524,0.0082252
-0.0012512,-0.0025236,0.0049624,-0.0012506,-0.0025222,0.0049887
-0.0015268,-0.0026271,0.0052744,-0.001526,-0.0026256,0.0053016
-0.0019847,-0.0029313,0.0050874,-0.0019837,-0.0029298,0.0051133
-0.0016155,-0.0031447,0.0050796,-0.0016146,-0.0031431,0.0051054
-0.0016064,-0.0030783,0.005334,-0.0016056,-0.0030766,0.0053608
-0.0019134,-0.0004163,0.0048042,-0.0019124,-0.000416,0.0048311
-0.0031973,-0.0007992,0.0055359,-0.0031955,-0.0007987,0.0055638
-0.0029163,-0.0009748,0.0055466,-0.0029147,-0.0009742,0.0055748
-0.0037049,-0.000508,0.0061199,-0.0037027,-0.0005076,0.0061497
-0.0033217,-0.0004731,0.0060859,-0.0033197,-0.0004728,0.006116
-0.0032192,-0.0009262,0.0057855,-0.0032174,-0.0009256,0.0058143
-0.0028602,-0.0009827,0.0057773,-0.0028586,-0.0009821,0.0058064
-0.0032573,-0.000561,0.0058121,-0.0032554,-0.0005606,0.0058411
-0.0033706,-0.0003017,0.0058226,-0.0033687,-0.0003015,0.0058516
-0.001994,-0.0020968,0.0053879,-0.0019929,-0.0020955,0.0054157
-0.0020446,-0.0025775,0.0055999,-0.0020435,-0.002576,0.005628
-0.002327,-0.0026238,0.0058938,-0.0023257,-0.0026222,0.0059229
-0.0024512,-0.0021682,0.0058654,-0.0024498,-0.0021668,0.0058946
0.0014526,0.0015813,0.0049371,0.0014518,0.0015806,0.0049643
0.0013857,0.0019692,0.0049573,0.001385,0.0019683,0.0049843
0.0014348,0.0015707,0.0051803,0.001434,0.00157,0.0052083
0.0010386,0.0015967,0.0051933,0.0010381,0.001596,0.0052216
6.59e-05,-0.0021738,0.0046947,6.59e-05,-0.0021726,0.0047209
-0.0007799,0.0028278,0.0055592,-0.0007794,0.0028263,0.0055878
-0.0003051,0.0029025,0.0055508,-0.0003049,0.002901,0.0055794
-0.0007724,0.002811,0.0058646,-0.0007719,0.0028095,0.0058943
0.0001158,0.0031844,0.0061309,0.0001158,0.0031825,0.0061614
0.0002031,0.0032159,0.005859,0.000203,0.0032142,0.0058884
0.0005551,0.0032157,0.0058669,0.0005548,0.0032139,0.0058963
-0.000286,0.0032254,0.0058829,-0.0002857,0.0032236,0.0059124
0.0026868,-0.0003891,0.0047661,0.0026855,-0.0003888,0.004792
0.0015233,0.0005465,0.0041485,0.0015226,0.0005463,0.0041736
0.0015587,0.0004132,0.0043637,0.0015579,0.0004131,0.0043895
0.0031772,0.0003391,0.0055118,0.0031755,0.0003391,0.0055399
0.0001878,0.0013278,0.0036165,0.0001877,0.0013273,0.0036403
-0.0002415,0.0012817,0.0032478,-0.0002413,0.0012811,0.0032704
8.75e-05,0.0013352,0.003136,8.74e-05,0.0013346,0.0031583
0.0017455,0.0012963,0.004924,0.0017446,0.0012957,0.004951
0.0021753,0.00121,0.0049296,0.0021742,0.0012095,0.0049563
0.0017861,0.0012819,0.0051733,0.0017852,0.0012814,0.0052012
0.0031713,0.0014016,0.005374,0.0031696,0.001401,0.0054012
0.0030752,0.0012928,0.0055753,0.0030735,0.0012922,0.0056034
-0.0006569,0.0019202,0.0084451,-0.0006565,0.0019191,0.0084867
-0.0002686,0.0018408,0.008453,-0.0002684,0.0018398,0.0084947
-0.0016069,0.0019678,0.0083849,-0.0016059,0.0019666,0.0084259
-0.0012123,0.0019016,0.0084704,-0.0012117,0.0019005,0.008512
-0.001521,0.001942,0.0087551,-0.0015202,0.0019409,0.008798
0.0023492,-0.000254,0.008719,0.0023479,-0.0002539,0.0087617
0.0001693,0.0019892,0.0084004,0.0001691,0.0019881,0.0084418
0.000108,0.0026394,0.0081158,0.0001079,0.0026377,0.0081556
-0.0015615,-0.0020412,0.0081865,-0.0015606,-0.00204,0.0082264
-0.0011849,-0.0033561,0.0073926,-0.0011841,-0.0033538,0.007428
-0.0016016,-0.0028975,0.0076002,-0.0016005,-0.0028955,0.0076368
0.0026994,-0.0027489,0.0053307,0.0026981,-0.0027474,0.0053571
0.0004635,-0.0024897,0.0050225,0.0004633,-0.0024883,0.0050494
0.0001619,-0.0025795,0.0051997,0.0001618,-0.0025781,0.0052272
0.0014702,-0.001776,0.0049137,0.0014694,-0.001775,0.0049405
0.0014125,-0.0013452,0.0048877,0.0014117,-0.0013444,0.0049149
0.0013751,-0.0018205,0.0051408,0.0013744,-0.0018195,0.0051684
0.0013868,-0.0008709,0.0049203,0.001386,-0.0008703,0.0049479
0.0014856,-0.0004843,0.0048548,0.0014848,-0.0004839,0.0048822
0.0014048,-0.0009474,0.005136,0.001404,-0.0009468,0.0051642
0.0014005,-0.0013155,0.0051785,0.0013997,-0.0013147,0.0052066
0.0016834,-0.0012409,0.0052323,0.0016825,-0.0012401,0.0052605
0.001396,-0.0014124,0.0054493,0.0013952,-0.0014115,0.0054783
0.0014416,-0.001766,0.0054718,0.0014408,-0.0017649,0.0055006
0.0013575,-0.0017126,0.0057123,0.0013567,-0.0017115,0.0057419
0.0010382,-0.000616,0.0048961,0.0010376,-0.0006155,0.004924
0.0010196,-0.0009435,0.0051563,0.0010191,-0.0009429,0.0051849
0.0010137,-0.0013321,0.0054112,0.0010132,-0.0013312,0.0054403
0.0010338,-0.0017896,0.0057165,0.0010332,-0.0017885,0.0057463
0.0014516,-0.000882,0.0065314,0.0014507,-0.0008813,0.0065646
0.0014939,-0.0005089,0.0065377,0.0014929,-0.0005085,0.0065711
0.0014654,-0.0008303,0.0068077,0.0014644,-0.0008297,0.006842
0.0009936,-0.0001671,0.0062474,0.000993,-0.0001669,0.0062798
0.0011505,-0.0004945,0.0065654,0.0011497,-0.000494,0.006599
0.0010909,-0.0008298,0.0067915,0.0010902,-0.0008292,0.006826
0.0006055,-0.0004127,0.0065212,0.0006051,-0.0004124,0.0065548
0.0005507,-0.0008189,0.0065866,0.0005504,-0.0008183,0.0066204
0.0005354,-0.001267,0.0071493,0.0005351,-0.0012661,0.0071852
0.0009786,-0.0034512,0.0061125,0.000978,-0.003449,0.0061424
0.0010017,-0.0030434,0.0061019,0.0010011,-0.0030414,0.0061321
0.0009868,-0.0034512,0.006404,0.0009861,-0.0034489,0.0064351
0.0009907,-0.0034608,0.0066959,0.00099,-0.0034584,0.0067281
0.0010422,-0.0029299,0.0066758,0.0010416,-0.0029278,0.0067085
0.0010437,-0.0033849,0.0069624,0.001043,-0.0033826,0.006996
0.0022599,0.0025102,0.0050348,0.0022589,0.0025091,0.0050609
0.0027135,0.0025693,0.0050765,0.0027121,0.0025681,0.0051022
0.0021867,0.0016791,0.0055172,0.0021855,0.0016783,0.0055457
0.0025597,0.0017262,0.0055168,0.0025583,0.0017254,0.0055449
0.0017774,0.0021776,0.0054672,0.0017764,0.0021765,0.0054955
0.0021856,0.0020473,0.0054657,0.0021845,0.0020463,0.0054938
0.0026017,0.0016127,0.0058603,0.0026001,0.0016119,0.0058898
0.0029403,0.0015897,0.0058354,0.0029386,0.0015889,0.0058646
0.0026683,0.0018781,0.0058963,0.0026667,0.0018771,0.0059258
0.0026045,0.0020368,0.0061118,0.0026029,0.0020356,0.0061421
0.0028554,0.0022483,0.0065757,0.0028534,0.002247,0.0066075
0.0026321,0.0015444,0.0064372,0.0026303,0.0015435,0.006469
0.0014361,-0.0016072,0.0077825,0.0014352,-0.0016061,0.0078208
0.0013192,-0.0013252,0.0078587,0.0013184,-0.0013243,0.0078976
0.0012951,-0.0015706,0.0080133,0.0012943,-0.0015696,0.0080528
0.0014395,-0.0020185,0.0082562,0.0014386,-0.0020172,0.0082966
0.0010288,-0.0012318,0.0077608,0.0010282,-0.001231,0.0077994
0.0009951,-0.0015577,0.0080257,0.0009945,-0.0015566,0.0080654
0.0014839,-0.0024632,0.0076206,0.001483,-0.0024615,0.0076577
0.0013117,-0.000793,0.0084339,0.0013109,-0.0007926,0.0084756
0.0013848,-0.0004516,0.0084313,0.001384,-0.0004514,0.008473
0.0013165,-0.0008138,0.0086975,0.0013158,-0.0008134,0.0087404
0.0012605,-0.0011366,0.0091053,0.0012599,-0.0011361,0.0091501
0.0009686,-0.0007939,0.0084283,0.0009681,-0.0007935,0.00847
0.0009548,-0.00047,0.0084189,0.0009543,-0.0004698,0.0084607
0.0009583,-0.0008533,0.0086937,0.0009579,-0.0008529,0.0087366
-0.0012051,0.0016398,0.0049864,-0.0012044,0.0016391,0.0050138
-0.0008495,0.0016523,0.0049711,-0.0008491,0.0016516,0.0049987
-0.0017489,0.0021169,0.0049752,-0.001748,0.002116,0.0050019
-0.0013266,0.0020467,0.0049254,-0.0013259,0.0020458,0.0049523
-0.0017345,0.0021496,0.0052749,-0.0017335,0.0021487,0.0053025
-0.0020784,0.0023138,0.0053751,-0.0020772,0.0023127,0.0054028
-0.002574,0.002098,0.0056097,-0.0025726,0.0020969,0.005638
-0.0021588,0.0021475,0.0055683,-0.0021576,0.0021465,0.0055967
-0.0024935,0.0020568,0.0058541,-0.002492,0.0020557,0.0058835
-0.002027,0.0024454,0.0061799,-0.0020257,0.002444,0.0062106
-0.0016798,0.0024296,0.0061127,-0.0016787,0.0024282,0.0061434
-0.0016285,0.0025168,0.0058826,-0.0016275,0.0025155,0.0059123
-0.0012606,0.0024486,0.0058403,-0.0012599,0.0024473,0.0058702
-0.0015464,-0.0024182,0.0074449,-0.0015453,-0.0024165,0.0074811
-0.0023403,-0.0020163,0.0075916,-0.0023388,-0.002015,0.0076283
-0.0019325,-0.0028706,0.0071018,-0.0019312,-0.0028687,0.0071359
-0.001582,-0.0029406,0.0070739,-0.001581,-0.0029386,0.007108
-0.0019545,-0.0024292,0.0066323,-0.0019532,-0.0024276,0.0066648
-0.0023784,-0.0025383,0.0068764,-0.0023769,-0.0025366,0.0069096
-0.0011397,4.23e-05,0.0076938,-0.0011389,4.23e-05,0.0077323
-0.0010868,0.0007809,0.0077553,-0.0010862,0.0007805,0.007794
-0.0014879,0.0008055,0.0080788,-0.0014871,0.0008051,0.0081189
-0.0010948,-0.0008662,0.0078762,-0.0010942,-0.0008657,0.0079155
-0.0019189,0.0009086,0.0071437,-0.0019176,0.0009081,0.0071792
-0.0023617,0.000788,0.0074967,-0.0023602,0.0007875,0.0075336
-0.0021979,-0.0004052,0.0075058,-0.0021964,-0.0004048,0.0075429
-0.0031802,0.0007163,0.0072476,-0.003178,0.0007159,0.0072827
-0.0028361,0.0007586,0.0072774,-0.0028342,0.0007581,0.007313
-0.0030842,0.0007921,0.0075021,-0.0030821,0.0007917,0.0075385
-0.0035871,-0.0005113,0.0070837,-0.0035848,-0.000511,0.0071177
-0.0032082,-0.000491,0.0069841,-0.0032061,-0.0004907,0.007018
0.0002098,0.0021297,0.0049581,0.0002098,0.0021288,0.0049854
0.0001969,0.0021256,0.0052192,0.0001968,0.0021246,0.0052474
0.0002387,0.0028779,0.005669,0.0002386,0.0028764,0.005698
0.000585,0.003218,0.0061189,0.0005847,0.003216,0.0061493
0.0001188,0.0031393,0.0064416,0.0001187,0.0031373,0.0064734
-0.0002451,-0.0019273,0.0082631,-0.000245,-0.0019263,0.0083038
0.0005251,-0.002328,0.0072459,0.0005247,-0.0023263,0.0072816
0.0001408,-0.0024458,0.0074451,0.0001407,-0.0024442,0.0074816
0.000109,-0.0029193,0.0075609,0.0001089,-0.0029173,0.0075977
-0.0020713,8.2e-05,0.0049863,-0.0020702,8.21e-05,0.0050136
-0.0029152,5.82e-05,0.0055295,-0.0029136,5.83e-05,0.0055578
-0.0033094,0.0003409,0.0059034,-0.0033074,0.0003408,0.0059328
0.0030848,-0.0008497,0.0072515,0.0030827,-0.000849,0.0072867
0.0030448,-0.0004792,0.0071487,0.0030427,-0.0004788,0.0071836
0.0029579,-0.0009025,0.0074968,0.0029558,-0.0009018,0.0075332
0.0025802,-0.0018755,0.0074978,0.0025784,-0.0018741,0.0075341
0.0030608,-0.0012679,0.00721,0.0030587,-0.0012669,0.0072449
0.0012923,0.0003265,0.0090477,0.0012917,0.0003263,0.0090923
0.0019033,-8.42e-05,0.0081382,0.0019022,-8.41e-05,0.0081784
0.0009754,-0.0002805,0.0080736,0.0009748,-0.0002804,0.0081138
0.0009056,-0.0002489,0.0082908,0.0009051,-0.0002488,0.008332
0.000985,0.0004795,0.0068329,0.0009844,0.0004793,0.0068677
0.0010825,0.000378,0.0071246,0.0010818,0.0003779,0.0071606
0.0006015,0.0015355,0.0063306,0.0006011,0.0015346,0.0063631
0.0006048,0.0012408,0.0065016,0.0006044,0.0012401,0.0065349
0.0005639,0.0007714,0.0065201,0.0005635,0.000771,0.0065537
0.0002507,0.0008274,0.0067154,0.0002506,0.000827,0.0067498
0.0005892,0.0013588,0.0068943,0.0005888,0.001358,0.0069292
0.0028853,-0.0004724,0.0078316,0.0028833,-0.0004721,0.0078697
0.0029701,0.0011677,0.007224,0.002968,0.0011669,0.007259
0.002575,0.0012005,0.0075351,0.0025732,0.0011997,0.0075719
0.0028657,0.0010315,0.0078244,0.0028637,0.0010309,0.0078624
0.0025415,0.0014701,0.0076358,0.0025398,0.0014691,0.007673
0.0020529,0.0023016,0.0069849,0.0020516,0.0023001,0.007019
-0.0026854,-0.0007531,0.007262,-0.0026836,-0.0007525,0.0072976
0.0027221,-0.0017245,0.0058431,0.0027205,-0.0017234,0.0058723
0.0029953,-0.0017583,0.0059082,0.0029936,-0.0017572,0.0059374
0.002736,-0.0014385,0.0058677,0.0027345,-0.0014375,0.0058972
0.0031394,-0.001254,0.0059245,0.0031375,-0.0012532,0.0059538
0.0026183,-0.0009097,0.0058077,0.0026168,-0.0009091,0.0058373
0.003041,-0.0009679,0.0058548,0.0030393,-0.0009672,0.0058841
0.002614,-0.0013381,0.0061141,0.0026124,-0.0013371,0.0061447
0.0030505,-0.0013232,0.0061055,0.0030486,-0.0013223,0.0061357
0.0025886,-0.0021041,0.0060824,0.0025871,-0.0021027,0.0061124
0.0026036,-0.0016919,0.0063584,0.0026019,-0.0016907,0.0063898
-0.0019328,0.0014923,0.0079023,-0.0019316,0.0014913,0.0079411
-0.0016271,0.0015457,0.007928,-0.0016261,0.0015448,0.0079671
0.00024,0.0009264,0.0040231,0.0002399,0.0009261,0.0040484
0.0001221,0.0013406,0.0041285,0.000122,0.0013401,0.0041538
-0.0007218,0.0026941,0.0072599,-0.0007213,0.0026923,0.0072956
-0.0003414,0.0026762,0.0072404,-0.0003412,0.0026744,0.0072761
-0.0006983,0.0027712,0.0075546,-0.0006978,0.0027694,0.0075916
-0.0015345,0.0026919,0.0072435,-0.0015334,0.0026901,0.0072789
-0.0011503,0.0026828,0.0072047,-0.0011495,0.002681,0.0072401
-0.0015576,0.0026245,0.0075737,-0.0015565,0.0026227,0.0076107
-0.0010165,0.0026637,0.007649,-0.0010158,0.0026619,0.0076864
-0.0002592,0.0027791,0.0066758,-0.0002591,0.0027773,0.0067089
-0.0012172,0.0032532,0.0066668,-0.0012163,0.0032511,0.0066993
-0.0008002,0.0031911,0.0066728,-0.0007996,0.0031891,0.0067055
-0.0015826,0.0027306,0.0069396,-0.0015815,0.0027288,0.0069735
0.0005349,-0.0009208,0.0038264,0.0005346,-0.0009201,0.003851
0.0016901,0.002034,0.0072273,0.0016889,0.0020327,0.0072629
0.0020624,0.0020013,0.0072219,0.002061,0.0019999,0.0072572
0.0017488,0.0020036,0.0074979,0.0017476,0.0020023,0.0075347
0.0025009,-0.0021131,0.0072325,0.0024992,-0.0021115,0.0072675
0.0028619,-0.0021448,0.0071529,0.00286,-0.0021432,0.0071872
0.0029346,-0.0025383,0.0076801,0.0029326,-0.0025364,0.0077165
0.002469,-0.0016922,0.0072276,0.0024673,-0.0016909,0.0072628
-0.0007168,0.0012481,0.0083853,-0.0007164,0.0012475,0.0084269
-0.0003382,0.0011872,0.0083382,-0.000338,0.0011865,0.0083796
-0.0005861,0.0012093,0.008741,-0.0005859,0.0012088,0.0087842
-0.001304,-6e-06,0.0055133,-0.0013033,-5.8e-06,0.005543
-0.0023956,-0.0005031,0.0057788,-0.0023942,-0.0005027,0.0058086
-0.0027989,9.58e-05,0.0060535,-0.0027972,9.58e-05,0.006084
-0.0037407,0.0007126,0.0061538,-0.0037384,0.0007123,0.0061837
-0.0032521,0.000325,0.006442,-0.0032501,0.0003249,0.0064736
0.0027086,-0.0003331,0.0052593,0.0027071,-0.0003327,0.0052869
0.0015185,0.0003626,0.0054037,0.0015177,0.0003625,0.0054329
0.0015709,-0.0004452,0.0046312,0.0015701,-0.0004448,0.0046578
0.0009768,-0.0002637,0.0045838,0.0009763,-0.0002634,0.0046107
0.0009788,-0.000341,0.0047892,0.0009783,-0.0003407,0.0048168
0.0031031,-0.0009762,0.0060973,0.0031013,-0.0009755,0.0061275
-0.0001889,0.0020455,0.0053474,-0.0001887,0.0020446,0.0053761
-0.0002944,0.0023847,0.0061041,-0.0002942,0.0023834,0.0061352
7.88e-05,0.002367,0.0060662,7.87e-05,0.0023657,0.0060973
-0.0002634,0.0027848,0.0060685,-0.0002632,0.0027832,0.0060992
0.0001352,0.0027841,0.0061041,0.0001352,0.0027825,0.0061349
0.0001151,0.0023821,0.0058,0.000115,0.0023809,0.00583
0.0005119,0.0023787,0.0058331,0.0005116,0.0023774,0.0058631
0.0001875,0.0027591,0.0058374,0.0001874,0.0027576,0.0058671
-0.000724,0.0024251,0.0057967,-0.0007235,0.0024239,0.0058265
-0.0003195,0.0024158,0.0058066,-0.0003193,0.0024145,0.0058366
-0.0012008,0.0032798,0.005638,-0.0012001,0.0032781,0.0056663
-0.0008124,0.0031684,0.0056754,-0.0008119,0.0031667,0.005704
-0.0011961,0.0024587,0.0060803,-0.0011954,0.0024573,0.0061111
-0.0024107,0.0016374,0.0058314,-0.0024093,0.0016365,0.0058609
-0.0020403,0.0015591,0.0057905,-0.0020391,0.0015583,0.0058203
-0.0027983,0.0016001,0.0062063,-0.0027965,0.0015992,0.006237
-0.0024417,0.0015766,0.0061233,-0.0024402,0.0015757,0.0061541
-0.0008266,0.0012014,0.0046035,-0.0008262,0.001201,0.0046302
-0.0017004,0.0013312,0.0052801,-0.0016995,0.0013306,0.0053084
-0.0020243,0.0015912,0.0060914,-0.0020231,0.0015903,0.0061223
-0.0020657,0.0020146,0.0060923,-0.0020645,0.0020135,0.0061229
-0.0016529,0.0020115,0.0060542,-0.0016518,0.0020104,0.006085
-0.0014125,0.002166,0.0064478,-0.0014116,0.0021648,0.0064801
-0.0016336,0.0015932,0.0057894,-0.0016326,0.0015924,0.0058194
-0.0012512,0.0015439,0.0057675,-0.0012505,0.0015432,0.0057977
-0.0025238,0.0020807,0.0061252,-0.0025223,0.0020796,0.0061556
0.0023297,-0.0003845,0.0081794,0.0023283,-0.0003842,0.0082196
-0.0002604,-0.0021481,0.0053046,-0.0002602,-0.0021469,0.0053329
8.67e-05,-0.0021919,0.0052739,8.67e-05,-0.0021906,0.005302
-0.0002731,-0.0029736,0.0060772,-0.000273,-0.0029716,0.0061075
0.0001322,-0.0029529,0.0061062,0.0001321,-0.0029511,0.0061366
0.0001308,-0.0034421,0.005838,0.0001307,-0.00344,0.0058668
0.000157,-0.0030375,0.0058234,0.0001569,-0.0030356,0.0058526
-0.0006239,-0.0034114,0.0058468,-0.0006235,-0.0034094,0.0058757
-0.0002859,-0.0034564,0.0058316,-0.0002857,-0.0034543,0.0058604
-0.0008026,-0.002909,0.0058772,-0.0008021,-0.0029072,0.0059067
-0.0006921,-0.003483,0.0064178,-0.0006917,-0.0034807,0.0064489
0.0001603,-0.0012381,0.0046029,0.0001602,-0.0012373,0.0046297
-0.0012887,-0.0018253,0.0050559,-0.001288,-0.0018242,0.0050832
-0.0015934,-0.0025391,0.0055093,-0.0015925,-0.0025377,0.0055374
-0.0015226,-0.002564,0.0058041,-0.0015218,-0.0025625,0.0058333
-0.001598,-0.0030516,0.0056141,-0.0015972,-0.0030498,0.0056421
-0.0020697,-0.0029717,0.0059292,-0.0020685,-0.0029699,0.0059583
-0.0002757,-0.0023268,0.0071298,-0.0002755,-0.0023252,0.007165
-0.0007213,-0.0024599,0.007444,-0.0007208,-0.0024582,0.0074805
-0.0024544,0.0011837,0.0058131,-0.0024529,0.0011832,0.0058428
0.0018537,0.0012395,0.0055179,0.0018526,0.0012389,0.005547
0.0021815,0.0012659,0.005491,0.0021803,0.0012654,0.0055197
0.0017902,0.0010998,0.0057315,0.0017892,0.0010993,0.0057615
0.0027134,0.0012256,0.0061285,0.0027117,0.001225,0.0061591
0.0030154,0.0012364,0.0061218,0.0030135,0.0012358,0.0061521
0.0027595,0.0012009,0.0063303,0.0027577,0.0012002,0.0063618
0.0014402,0.001189,0.0048623,0.0014394,0.0011886,0.0048895
0.0017834,0.002461,0.0059161,0.0017823,0.0024596,0.0059459
0.0021205,0.0025691,0.0058031,0.0021193,0.0025677,0.0058322
0.0021815,0.0024309,0.0061339,0.0021801,0.0024294,0.0061643
0.0025901,0.0025091,0.0061563,0.0025885,0.0025076,0.0061865
0.0017018,0.0024791,0.0063814,0.0017007,0.0024776,0.0064132
0.0020912,0.0023382,0.0063414,0.0020899,0.0023368,0.0063728
0.0023702,0.0022033,0.006535,0.0023686,0.0022019,0.0065672
0.0014254,0.0019751,0.0054566,0.0014246,0.0019742,0.0054852
0.0014028,0.0023952,0.0060925,0.0014019,0.0023939,0.0061232
0.0013066,0.002729,0.0060659,0.0013058,0.0027274,0.0060963
0.0013637,0.0024149,0.0063038,0.0013628,0.0024135,0.0063355
0.0009815,0.0027576,0.0060801,0.000981,0.0027559,0.0061107
0.0009788,0.002363,0.0063035,0.0009782,0.0023616,0.0063353
-0.0020535,-0.0018293,0.0055129,-0.0020524,-0.0018282,0.0055412
-0.0023866,-0.0017366,0.0058011,-0.0023853,-0.0017355,0.0058304
-0.0020451,-0.0018146,0.0057269,-0.0020439,-0.0018135,0.0057562
-0.0023937,-0.0024321,0.0060898,-0.0023923,-0.0024306,0.0061198
-0.0023274,-0.002563,0.0063152,-0.002326,-0.0025613,0.006346
-0.001006,-0.0003095,0.0088109,-0.0010056,-0.0003093,0.0088544
-0.0019216,-0.000915,0.0072974,-0.0019204,-0.0009144,0.0073336
-0.000251,-2.83e-05,0.0083609,-0.0002508,-2.83e-05,0.0084025
-0.0019446,-3.3e-05,0.0072029,-0.0019434,-3.29e-05,0.0072388
-0.002367,-0.0002944,0.0068656,-0.0023655,-0.0002941,0.0068998
0.0002126,0.0027128,0.0071934,0.0002125,0.0027109,0.0072289
0.0005615,0.0026994,0.0071791,0.0005611,0.0026976,0.0072145
0.0002366,0.0026526,0.0074683,0.0002364,0.0026508,0.007505
0.0027401,-0.0022227,0.0055691,0.0027387,-0.0022213,0.0055969
0.0031765,-0.0022716,0.0056055,0.0031747,-0.0022701,0.005633
0.0022634,-0.0020632,0.0059275,0.0022621,-0.0020619,0.0059572
0.0017059,-0.0017134,0.0058485,0.001705,-0.0017123,0.0058785
0.0017862,-0.0013312,0.005787,0.0017852,-0.0013303,0.005817
-0.0008709,-0.000409,0.0045341,-0.0008704,-0.0004086,0.004561
-0.0006632,3.38e-05,0.0038151,-0.0006628,3.39e-05,0.0038399
-0.0002641,3.21e-05,0.0037897,-0.0002639,3.22e-05,0.0038146
-0.0015825,0.002826,0.0061052,-0.0015815,0.0028243,0.0061356
-0.0012367,0.0028064,0.0061103,-0.0012359,0.0028048,0.0061409
-0.0016555,0.0023967,0.0063958,-0.0016544,0.0023953,0.0064276
-0.0011539,0.002361,0.0063967,-0.0011532,0.0023596,0.0064288
-0.0024831,-0.0018088,0.0060724,-0.0024817,-0.0018077,0.0061026
-0.0028842,-0.0013303,0.0060747,-0.0028825,-0.0013294,0.0061049
-0.0024002,-0.0021687,0.0064385,-0.0023986,-0.0021673,0.0064701
0.0022609,0.0020949,0.0060996,0.0022596,0.0020937,0.0061301
0.001921,0.0020118,0.0060713,0.0019199,0.0020107,0.0061019
0.0018955,0.0021919,0.006494,0.0018943,0.0021905,0.0065263
0.0021736,0.0016583,0.0057928,0.0021724,0.0016574,0.0058223
0.0017256,0.0019329,0.0058337,0.0017246,0.0019319,0.0058636
0.0021266,0.0016108,0.006081,0.0021253,0.0016099,0.0061117
0.0025854,0.0016213,0.0061018,0.0025838,0.0016204,0.0061323
0.0016598,0.0015374,0.006348,0.0016587,0.0015365,0.0063802
9.05e-05,-0.0012304,0.0087114,9.04e-05,-0.0012299,0.0087545
0.0004836,-0.0008455,0.0084731,0.0004834,-0.000845,0.0085151
0.0005563,-0.0017602,0.0050697,0.000556,-0.0017592,0.0050975
0.000615,-0.0034365,0.0061035,0.0006146,-0.0034344,0.0061334
0.0005648,-0.0030255,0.0061091,0.0005645,-0.0030236,0.0061395
0.0001952,-0.003404,0.0064194,0.0001951,-0.0034018,0.0064506
0.0014308,-0.0016421,0.007203,0.0014299,-0.001641,0.0072387
0.000988,-0.001248,0.0071345,0.0009874,-0.001247,0.0071703
0.0012981,0.0011186,0.0083899,0.0012973,0.001118,0.0084314
-0.0015577,0.0020426,0.0071849,-0.0015566,0.0020412,0.0072204
-0.0011011,0.0019964,0.0071232,-0.0011003,0.0019951,0.0071586
-0.0016036,0.0019721,0.0074799,-0.0016025,0.0019708,0.0075167
-0.0024216,0.0020004,0.0072118,-0.00242,0.0019991,0.007247
-0.0023531,0.0020025,0.0074812,-0.0023515,0.0020012,0.0075176
-0.0024556,0.0021239,0.0066789,-0.002454,0.0021225,0.0067117
-0.0021088,0.002091,0.0066783,-0.0021074,0.0020898,0.0067113
-0.0024163,0.0020278,0.0069114,-0.0024147,0.0020265,0.0069453
-0.0014962,0.0013298,0.0071586,-0.0014952,0.001329,0.0071943
-0.0011297,0.0013313,0.0071471,-0.0011289,0.0013305,0.0071829
-0.0015162,0.0013436,0.0074708,-0.0015152,0.0013428,0.0075079
-0.0024007,0.0011691,0.0069682,-0.0023991,0.0011684,0.0070026
0.0020739,-0.0002749,0.0075673,0.0020724,-0.0002747,0.0076047
0.0024753,-0.0003378,0.0074339,0.0024737,-0.0003375,0.0074705
0.0004235,-0.0016711,0.0079029,0.0004232,-0.0016701,0.0079421
0.0001173,-0.0011179,0.0080298,0.0001172,-0.0011172,0.0080697
-0.0006537,-0.0016567,0.0072086,-0.0006533,-0.0016556,0.0072446
0.0001409,-0.002986,0.0069944,0.0001408,-0.002984,0.0070285
-0.0011545,-0.0024166,0.00663,-0.0011538,-0.0024151,0.0066629
-0.0015194,-0.0024446,0.006949,-0.0015184,-0.002443,0.006983
0.0005162,-0.0016567,0.0072165,0.0005159,-0.0016555,0.0072525
0.0021795,0.0011767,0.0059916,0.0021781,0.0011762,0.0060222
0.0016882,0.0011476,0.0062272,0.0016872,0.001147,0.0062591
0.0026076,-0.0021858,0.0066491,0.0026059,-0.0021843,0.0066814
0.0030377,-0.0021043,0.006674,0.0030357,-0.0021028,0.0067061
0.0005918,0.0027918,0.0061026,0.0005915,0.0027902,0.0061333
0.0011579,0.0029558,0.0059797,0.0011573,0.002954,0.0060096
-0.0002583,0.001618,0.005965,-0.0002582,0.0016172,0.0059962
0.0001164,0.0015174,0.0060113,0.0001164,0.0015166,0.0060428
-0.0002724,0.0019554,0.006018,-0.0002722,0.0019544,0.0060492
6.37e-05,0.001925,0.0060151,6.37e-05,0.001924,0.0060463
-0.0005445,0.0018919,0.0059855,-0.0005442,0.0018909,0.0060166
0.0001439,0.0015649,0.0057161,0.0001439,0.0015642,0.0057465
0.0005088,0.0015773,0.0057348,0.0005085,0.0015765,0.0057652
-0.0006854,0.0016107,0.0057094,-0.0006849,0.0016099,0.0057396
-0.0003057,0.0015501,0.0057197,-0.0003055,0.0015494,0.0057501
-0.00062,0.0019063,0.0057902,-0.0006197,0.0019053,0.0058205
-0.0011551,0.0016886,0.0060199,-0.0011544,0.0016877,0.006051
-0.0007788,0.0016662,0.0059786,-0.0007782,0.0016654,0.0060097
-0.0007787,0.0016216,0.0062867,-0.0007782,0.0016207,0.006319
-0.0003166,0.0015458,0.0063175,-0.0003164,0.001545,0.0063501
-0.0011548,0.000867,0.0054176,-0.0011542,0.0008667,0.0054469
-0.0015417,0.000752,0.0056822,-0.0015408,0.0007517,0.0057123
-0.0016156,0.0011403,0.0057806,-0.0016146,0.0011398,0.0058109
-0.0020467,0.0011515,0.0060538,-0.0020455,0.0011509,0.0060848
-0.0024081,0.0007907,0.0060836,-0.0024066,0.0007903,0.0061144
-0.0021118,0.0008359,0.0061187,-0.0021106,0.0008355,0.0061499
-0.0023452,0.0007778,0.0063231,-0.0023437,0.0007775,0.0063549
-0.0002103,-0.0022086,0.0058828,-0.0002101,-0.0022073,0.0059131
0.0001067,-0.0022576,0.0058259,0.0001067,-0.0022562,0.0058559
0.000517,-0.001822,0.0057556,0.0005166,-0.0018209,0.0057856
0.0001528,-0.001362,0.005683,0.0001528,-0.0013611,0.0057132
0.0002463,-0.0024947,0.0063254,0.0002462,-0.0024931,0.0063572
-0.0006335,-0.0017589,0.0057031,-0.0006332,-0.0017578,0.0057331
-0.0002689,-0.0017858,0.0056772,-0.0002687,-0.0017847,0.0057071
-0.000686,-0.0025352,0.0060444,-0.0006856,-0.0025336,0.0060749
-0.0003356,-0.0025201,0.006071,-0.0003354,-0.0025185,0.0061017
-0.0006261,-0.0025088,0.0062469,-0.0006257,-0.0025072,0.0062782
0.0016679,0.001321,0.0072087,0.0016667,0.0013201,0.0072445
0.0020568,0.0012845,0.0071764,0.0020554,0.0012837,0.007212
0.0017063,0.0012424,0.0074786,0.0017051,0.0012416,0.0075157
-0.0015009,-0.0017115,0.0057263,-0.0015001,-0.0017104,0.0057559
-0.0016278,-0.0013215,0.0057314,-0.0016269,-0.0013207,0.0057613
-0.0015403,-0.0025392,0.006353,-0.0015393,-0.0025375,0.0063844
-0.0019437,-0.0017234,0.0060923,-0.0019426,-0.0017223,0.006123
-0.0018561,-0.0014907,0.0064534,-0.001855,-0.0014898,0.0064858
-0.002435,-0.0009467,0.0057524,-0.0024337,-0.0009461,0.0057818
-0.0020979,-0.0009318,0.0058231,-0.0020967,-0.0009312,0.0058531
-0.0024269,-0.0013804,0.006098,-0.0024255,-0.0013795,0.0061287
-0.002243,-0.0016825,0.0064159,-0.0022417,-0.0016814,0.0064477
-0.0025418,-0.0017464,0.0063465,-0.0025402,-0.0017453,0.0063778
-0.0019614,-0.0020978,0.0065169,-0.0019602,-0.0020964,0.0065491
-0.0016115,-0.0021056,0.0063688,-0.0016105,-0.0021042,0.0064006
-0.0019934,-0.0030123,0.0065281,-0.0019922,-0.0030103,0.0065596
-0.0015791,-0.0029728,0.0064607,-0.0015782,-0.0029708,0.0064922
-0.0028194,-0.0008798,0.0060633,-0.0028178,-0.0008792,0.0060936
-0.0031864,-0.0009244,0.0064361,-0.0031845,-0.0009237,0.0064676
0.0026712,0.0020183,0.0067119,0.0026695,0.0020171,0.0067446
0.0016786,0.0019782,0.0065902,0.0016774,0.001977,0.0066231
0.0020923,0.0019735,0.0066216,0.0020909,0.0019723,0.0066545
0.0016395,0.0018158,0.0068251,0.0016384,0.0018147,0.006859
0.0021389,0.0023949,0.0066815,0.0021375,0.0023933,0.0067142
0.0021777,-0.0017199,0.006047,0.0021764,-0.0017188,0.0060774
0.0026102,-0.0016973,0.0060845,0.0026087,-0.0016961,0.0061148
0.0021892,-0.0013432,0.0060276,0.0021879,-0.0013422,0.0060582
0.001859,-0.000914,0.0058502,0.001858,-0.0009134,0.0058806
0.0022033,-0.0009403,0.0057868,0.002202,-0.0009396,0.0058166
0.0020975,-0.0017398,0.0062734,0.0020962,-0.0017386,0.0063047
0.00014,0.0020576,0.0071523,0.0001399,0.0020562,0.007188
-0.0006796,0.0019946,0.0071754,-0.0006791,0.0019933,0.0072111
-0.000302,0.0019923,0.0071493,-0.0003018,0.001991,0.0071849
0.0001895,0.0027942,0.0066249,0.0001894,0.0027924,0.0066577
-0.0011591,-4.23e-05,0.0071575,-0.0011583,-4.22e-05,0.0071936
-0.0016185,0.0015845,0.0063908,-0.0016175,0.0015835,0.0064231
-0.0011608,0.0016011,0.0063028,-0.0011601,0.0016002,0.006335
-0.001541,-0.0003661,0.0068951,-0.00154,-0.0003657,0.0069298
-0.0010768,-0.000367,0.0069795,-0.0010761,-0.0003666,0.0070149
-0.0007272,-0.0004282,0.0068928,-0.0007267,-0.0004278,0.0069279
-0.001166,0.0007384,0.0065239,-0.0011653,0.0007381,0.0065573
-0.0020465,-1.52e-05,0.0060844,-0.0020453,-1.51e-05,0.0061156
-0.0032104,-0.0004121,0.0064228,-0.0032084,-0.0004118,0.0064543
-0.0007439,0.0012738,0.004873,-0.0007435,0.0012733,0.0049006
-0.0003078,0.001385,0.0048533,-0.0003076,0.0013844,0.0048809
-0.0005737,0.0014015,0.0051002,-0.0005733,0.0014009,0.0051285
-0.0007319,0.0008844,0.0048728,-0.0007315,0.0008841,0.0049007
-0.000317,0.0008895,0.0048354,-0.0003168,0.0008892,0.0048632
-0.0008046,0.0008172,0.0050985,-0.0008041,0.0008169,0.0051271
0.0029651,-0.0026752,0.0065103,0.0029632,-0.0026733,0.0065414
0.0022565,-0.0029443,0.0064114,0.002255,-0.0029423,0.0064423
0.0025892,-0.0030472,0.0064627,0.0025876,-0.0030451,0.0064936
6.98e-05,-0.0012716,0.007535,6.97e-05,-0.0012708,0.0075727
-0.0002912,-0.0008492,0.0071472,-0.000291,-0.0008485,0.0071833
-0.0002224,-0.0019627,0.006912,-0.0002222,-0.0019614,0.0069465
0.0001164,-0.0019727,0.0068246,0.0001163,-0.0019714,0.0068588
0.0014735,-0.0016886,0.0069268,0.0014725,-0.0016874,0.0069613
0.0014325,-0.0007898,0.0072001,0.0014315,-0.0007892,0.0072362
0.0014565,-0.0004181,0.0071928,0.0014555,-0.0004178,0.0072288
0.0014006,-0.0008077,0.0074188,0.0013996,-0.0008071,0.0074559
0.0013557,-0.0011681,0.0077153,0.0013549,-0.0011673,0.0077536
0.0010003,-0.0003961,0.0071208,0.0009996,-0.0003958,0.0071568
0.0009808,-0.0008767,0.0074333,0.0009801,-0.0008761,0.0074705
0.0024245,-0.000326,0.0068407,0.002423,-0.0003258,0.0068747
0.0014135,0.0020133,0.0060325,0.0014126,0.0020121,0.0060633
0.0013534,0.0016129,0.0062412,0.0013525,0.001612,0.0062731
0.0009511,0.0015994,0.0059851,0.0009505,0.0015986,0.0060162
0.0010059,0.0019243,0.0060513,0.0010053,0.0019233,0.0060824
0.0010035,0.0016445,0.0062366,0.0010029,0.0016436,0.0062687
0.0013986,-0.0017209,0.0060025,0.0013977,-0.0017198,0.0060333
0.0013786,-0.0012987,0.0060234,0.0013778,-0.0012978,0.0060545
0.0013661,-0.0017119,0.0062905,0.0013652,-0.0017107,0.0063223
0.0009852,-0.001705,0.0060068,0.0009846,-0.0017039,0.0060377
0.0010056,-0.001372,0.0060343,0.001005,-0.0013711,0.0060656
0.0009676,-0.0016092,0.0062461,0.000967,-0.0016081,0.006278
-0.0002289,0.001261,0.0080639,-0.0002288,0.0012602,0.0081041
0.0001288,0.0012426,0.0080754,0.0001287,0.0012419,0.0081156
-0.0006625,0.0008109,0.008378,-0.0006622,0.0008104,0.0084196
-0.0003182,0.0008175,0.0083597,-0.000318,0.0008171,0.0084012
-0.0007022,0.0006916,0.0086296,-0.0007019,0.0006912,0.0086724
0.0012184,0.0012814,0.0071688,0.0012175,0.0012805,0.0072047
0.0005523,0.0015645,0.0059987,0.0005519,0.0015637,0.00603
0.0005096,-0.0008849,0.0071582,0.0005093,-0.0008843,0.0071943
0.0004816,-0.0017149,0.0066586,0.0004812,-0.0017138,0.0066922
-0.0015951,-0.0004221,0.0057754,-0.0015941,-0.0004218,0.0058059
-0.0011688,-0.0004207,0.0058512,-0.0011681,-0.0004204,0.0058822
-0.0007608,-0.0002838,0.0057317,-0.0007604,-0.0002836,0.0057624
-0.0011382,-0.0008528,0.0054886,-0.0011375,-0.0008522,0.0055181
-0.0011808,0.0001832,0.0060243,-0.0011801,0.0001832,0.0060559
-0.0015068,-0.0009183,0.0057375,-0.001506,-0.0009176,0.0057677
-0.0010965,-0.0009575,0.0057833,-0.0010959,-0.0009569,0.0058139
-0.0007557,0.0012991,0.0071,-0.0007553,0.0012983,0.0071357
-0.000365,0.001342,0.0071194,-0.0003647,0.0013412,0.0071553
-0.0005815,0.0013283,0.0074091,-0.0005811,0.0013275,0.0074462
-0.0015318,0.0012405,0.006869,-0.0015308,0.0012398,0.0069035
-0.001117,-0.0016028,0.0060474,-0.0011163,-0.0016018,0.0060785
-0.0007714,-0.0016501,0.0059552,-0.0007709,-0.001649,0.0059861
-0.0015606,-0.0017052,0.0063934,-0.0015596,-0.0017041,0.0064255
-0.0011762,-0.0017215,0.0063589,-0.0011755,-0.0017204,0.0063911
-0.0012211,0.0008492,0.006007,-0.0012203,0.0008489,0.0060384
-0.0015161,0.0008698,0.0062921,-0.0015152,0.0008694,0.0063244
-0.0015974,0.0011856,0.0063544,-0.0015964,0.0011849,0.0063868
-0.0002153,-0.0016454,0.005999,-0.0002152,-0.0016444,0.0060302
-0.00027,-0.0020389,0.0064834,-0.0002698,-0.0020375,0.0065162
-0.0002871,-0.0028197,0.0064793,-0.0002869,-0.0028178,0.0065114
0.0001318,-0.0029599,0.0063744,0.0001318,-0.002958,0.006406
-0.0002145,-0.0012003,0.0059277,-0.0002143,-0.0011996,0.0059589
0.0001366,-0.0011851,0.0059361,0.0001365,-0.0011843,0.0059674
-0.0002894,-0.0009192,0.0056708,-0.0002892,-0.0009186,0.0057013
-0.000589,-0.0006015,0.0057411,-0.0005887,-0.000601,0.0057718
0.0013925,0.0020917,0.0062972,0.0013916,0.0020904,0.006329
0.0016913,0.0019997,0.0063542,0.0016902,0.0019985,0.0063861
0.0012848,0.0020311,0.0065795,0.001284,0.0020298,0.0066125
0.0013789,-0.000386,0.0058208,0.0013781,-0.0003856,0.0058516
0.0005643,-0.0017185,0.0060153,0.000564,-0.0017174,0.0060464
0.0005803,-0.0013315,0.0059826,0.0005799,-0.0013307,0.0060139
0.0001417,-0.0016408,0.0062809,0.0001416,-0.0016397,0.006313
0.0005454,-0.001714,0.0062977,0.000545,-0.0017128,0.0063299
0.0014875,-0.0012523,0.0065541,0.0014865,-0.0012513,0.0065872
0.0005968,0.0013302,0.0049091,0.0005965,0.0013296,0.0049369
0.000232,0.0013562,0.0051016,0.0002319,0.0013557,0.00513
0.0002396,-0.0009832,0.0057309,0.0002395,-0.0009826,0.0057615
0.0005505,-0.000882,0.0056962,0.0005503,-0.0008814,0.0057267
0.0002137,-0.0005842,0.0057644,0.0002136,-0.0005837,0.0057954
0.0015415,-0.000231,0.0068108,0.0015405,-0.0002308,0.0068453
0.0010386,-0.0002874,0.0068669,0.001038,-0.0002871,0.0069018
-0.001167,0.0013686,0.0068812,-0.0011662,0.0013678,0.0069158
-0.0010963,0.0011233,0.0058437,-0.0010957,0.0011228,0.0058745
-0.0007214,0.001137,0.0058071,-0.000721,0.0011365,0.0058379
0.0006521,-0.0004364,0.0059893,0.0006518,-0.000436,0.0060209
0.0015488,0.0004056,0.0065102,0.0015477,0.0004055,0.0065434
0.0001236,0.0012368,0.0067874,0.0001235,0.0012361,0.0068219
-0.0006858,0.0008333,0.0071104,-0.0006853,0.0008328,0.0071463
-0.0002813,0.0008785,0.0070908,-0.0002812,0.000878,0.0071267
-0.0006853,0.0007759,0.0074059,-0.0006848,0.0007755,0.0074432
-0.0024695,0.0020544,0.00642,-0.002468,0.0020532,0.0064517
-0.0020898,0.0022108,0.0064283,-0.0020885,0.0022094,0.0064602
0.0041976,0.0033169,0.0003371,0.0041918,0.0033124,0.0003413
0.0001283,0.0021307,0.0001953,0.0001281,0.0021271,0.0002082
0.0001699,0.0019607,0.0002803,0.0001696,0.0019575,0.0002937
0.0009973,0.0019598,0.0002842,0.0009956,0.0019566,0.0002973
0.0001672,0.0018371,0.0003743,0.000167,0.0018343,0.0003881
0.0008583,0.0013527,0.0002831,0.0008569,0.0013506,0.0002968
0.0003734,0.0011281,0.0003396,0.0003728,0.0011264,0.0003539
0.0035822,-0.0029777,0.0003835,0.0035769,-0.002973,0.0003901
0.0041997,-0.0028981,0.0004501,0.004194,-0.0028939,0.0004552
-0.0005414,-0.0010949,0.0002519,-0.0005404,-0.0010927,0.000266
0.0001473,-0.0009595,0.0002494,0.0001471,-0.0009576,0.0002636
0.0002102,-0.0008987,0.0001722,0.0002099,-0.0008968,0.0001862
0.0001135,0.000632,0.0001727,0.0001133,0.0006311,0.0001867
-0.0004773,0.0019668,0.0004133,-0.0004764,0.0019638,0.0004271
0.0001569,0.0026112,0.0004201,0.0001567,0.0026071,0.0004329
0.004271,0.0020173,0.0002985,0.0042646,0.0020144,0.000305
-0.0005767,0.0026399,0.0004183,-0.0005757,0.0026358,0.0004309
0.0001235,0.0004897,0.0003547,0.0001233,0.0004892,0.0003694
0.0001996,0.0018307,0.0005488,0.0001993,0.001828,0.0005631
0.0002365,0.001803,0.0006704,0.0002362,0.0018005,0.0006851
0.0008225,0.001757,0.0006731,0.0008213,0.0017546,0.0006876
0.0003035,0.0017438,0.00077,0.0003031,0.0017415,0.0007849
0.00016,0.0011899,0.0006512,0.0001598,0.0011883,0.0006664
0.0007712,0.001171,0.0006591,0.0007701,0.0011695,0.0006741
0.0002237,0.0012111,0.0007696,0.0002234,0.0012096,0.0007851
-0.0012572,0.0019788,0.0005744,-0.0012552,0.001976,0.0005881
0.0007674,8.89e-05,0.0006392,0.0007663,8.9e-05,0.0006546
-0.0017055,0.002012,0.0161197,-0.0017051,0.002011,0.0161858
-0.0013985,0.0018809,0.0161385,-0.0013982,0.00188,0.0162047
7.24e-05,-0.0004277,0.0165011,7.24e-05,-0.0004281,0.016568
-0.0001694,0.0010468,0.0159487,-0.0001694,0.0010461,0.016015
2.56e-05,-0.0004158,0.0159025,2.55e-05,-0.0004161,0.0159688
0.0005987,-0.0004048,0.015133,0.0005984,-0.000405,0.0151983
0.0001037,-0.0004138,0.0151544,0.0001036,-0.0004141,0.0152196
-0.0002812,-0.0010851,0.0011855,-0.0002808,-0.0010835,0.0012023
0.0001439,-0.0010608,0.0011559,0.0001438,-0.0010592,0.0011726
0.0001228,0.0005782,0.0007757,0.0001227,0.0005776,0.0007916
7.44e-05,-0.0006493,0.0007547,7.43e-05,-0.0006481,0.0007705
0.0007713,-0.0001166,0.0008936,0.0007703,-0.0001162,0.0009097
0.0001745,-0.0023551,0.0003696,0.0001743,-0.0023509,0.0003827
-0.0003177,0.0016882,0.000866,-0.0003172,0.001686,0.0008814
0.0001206,0.0016491,0.0008485,0.0001205,0.001647,0.0008639
0.0002269,-5.52e-05,0.0011732,0.0002266,-5.49e-05,0.0011904
0.0001942,-0.0004332,0.0013258,0.000194,-0.0004325,0.0013434
0.0005507,-6.68e-05,0.0015564,0.0005502,-6.65e-05,0.0015746
0.0001571,0.0015729,0.0010506,0.0001569,0.0015711,0.0010666
-0.0002548,-0.000441,0.0017643,-0.0002545,-0.0004404,0.0017832
0.0017304,0.0027265,0.0010482,0.0017284,0.0027235,0.0010613
-0.0002414,0.0013495,0.001845,-0.0002411,0.0013485,0.0018636
0.0001574,0.0013647,0.0017699,0.0001573,0.0013636,0.0017882
0.0001559,0.0013677,0.001936,0.0001558,0.0013667,0.0019548
0.000565,0.0012933,0.0019653,0.0005646,0.0012924,0.0019841
0.0002717,0.0012889,0.0020995,0.0002715,0.0012881,0.0021188
0.0006279,0.000844,0.0019114,0.0006274,0.0008434,0.0019303
6.8e-06,0.0004378,0.0020998,6.8e-06,0.0004377,0.0021196
0.0001324,-0.0004794,0.0021094,0.0001324,-0.0004788,0.0021292
0.0038526,0.0032094,0.0006338,0.0038478,0.0032056,0.00064
0.0023918,0.0033513,0.0005458,0.0023884,0.0033467,0.000555
0.0001573,0.0045534,0.000577,0.0001571,0.0045474,0.0005846
0.000302,0.0029797,0.0008973,0.0003017,0.002976,0.0009106
-0.0003029,0.001374,0.0022639,-0.0003027,0.0013732,0.0022836
0.0002072,0.0040241,0.0010749,0.000207,0.0040199,0.0010858
0.0001158,0.0024793,0.0014934,0.0001158,0.002477,0.0015094
-0.0027418,0.0033535,0.0005113,-0.0027377,0.0033489,0.0005197
-0.0008047,-0.0004302,0.0025888,-0.0008041,-0.0004297,0.0026099
5.9e-05,0.000954,0.0136865,5.89e-05,0.0009535,0.0137491
-0.0001781,-0.0002667,0.0129605,-0.0001782,-0.0002669,0.0130215
0.0001162,-0.0003488,0.0129316,0.0001161,-0.000349,0.0129925
0.00012,-0.0003718,0.0136915,0.0001199,-0.000372,0.0137543
0.0005694,-0.0003608,0.013681,0.0005692,-0.000361,0.0137436
0.0005532,-0.0002228,0.0139765,0.000553,-0.000223,0.0140397
-0.0002072,0.0010791,0.0123338,-0.0002072,0.0010789,0.0123926
0.0001183,0.0011072,0.0122829,0.0001183,0.001107,0.0123416
0.0001603,0.0034632,0.001674,0.0001602,0.0034604,0.0016883
-0.0002653,0.0015412,0.0026649,-0.0002651,0.0015404,0.0026856
0.0001462,0.0014073,0.0026423,0.0001461,0.0014066,0.0026631
-0.0022625,0.0028938,0.0009898,-0.0022597,0.0028905,0.0010016
0.0001085,-0.0003971,0.0114841,0.0001085,-0.0003974,0.0115396
0.0005641,-0.000387,0.0122713,0.0005641,-0.0003872,0.0123299
0.0004758,-0.0002577,0.0125026,0.0004758,-0.000258,0.0125621
-0.0007082,-0.0002367,0.01021,-0.0007083,-0.0002368,0.0102598
-0.0006354,-0.0001992,0.0093408,-0.0006353,-0.0001992,0.0093867
9.65e-05,-0.0003425,0.0100934,9.64e-05,-0.0003426,0.0101426
0.0001307,-0.0003778,0.0094566,0.0001307,-0.0003778,0.009503
0.0001498,-0.0004333,0.0109329,0.0001498,-0.0004336,0.010986
-0.0001576,0.000294,0.0101279,-0.0001576,0.000294,0.0101773
0.0032392,0.0025147,0.0018257,0.003237,0.0025132,0.0018386
0.0001096,0.0009135,0.0028281,0.0001096,0.0009131,0.0028499
0.0005483,0.0009111,0.0028559,0.000548,0.0009107,0.0028776
0.0001209,0.0008863,0.0030486,0.0001209,0.000886,0.003071
0.0006309,-0.0005513,0.0027819,0.0006305,-0.0005508,0.0028035
0.0005713,-3.93e-05,0.0028256,0.0005709,-3.91e-05,0.0028476
0.0001192,0.0022814,0.002227,0.0001192,0.00228,0.0022454
0.0002494,-0.0016603,0.001426,0.0002492,-0.0016583,0.0014429
0.000113,0.0032249,0.002396,0.0001129,0.0032232,0.0024131
-0.0020672,0.0024813,0.0015842,-0.0020653,0.0024792,0.0015988
0.0006842,-0.0005015,0.0037769,0.0006838,-0.000501,0.0038015
-0.000229,-0.0004157,0.0036125,-0.0002288,-0.0004153,0.0036368
0.0001859,-0.0003816,0.0035863,0.0001858,-0.0003812,0.0036105
0.0006254,5.7e-06,0.0038467,0.0006251,5.9e-06,0.0038717
0.0005243,3.37e-05,0.0043081,0.000524,3.38e-05,0.0043345
-0.0002403,0.0014473,0.0046298,-0.0002401,0.0014467,0.0046566
0.0001593,0.0013716,0.0045909,0.0001592,0.0013711,0.0046178
-0.0002515,0.0012072,0.0095528,-0.0002515,0.0012069,0.0095997
-0.0018678,0.0023417,0.0023587,-0.0018666,0.0023404,0.0023762
0.0002241,7.21e-05,0.0090544,0.0002239,7.21e-05,0.0090991
0.0005211,2.36e-05,0.0090235,0.0005209,2.36e-05,0.009068
0.0004774,-6.25e-05,0.0083663,0.0004772,-6.25e-05,0.0084079
0.0004662,0.0007863,0.0084804,0.000466,0.0007859,0.0085225
0.0001036,0.0007292,0.0087124,0.0001036,0.0007289,0.0087555
0.0001531,-0.0003368,0.0073738,0.0001531,-0.0003364,0.007411
-0.0006077,1.7e-06,0.0071208,-0.0006073,1.8e-06,0.0071569
-0.0002569,1.9e-06,0.007063,-0.0002567,2e-06,0.0070989
0.0001707,-0.0004117,0.0080241,0.0001706,-0.0004114,0.0080642
0.0004879,-1.71e-05,0.0076955,0.0004876,-1.7e-05,0.0077341
-0.0006144,-3.08e-05,0.0049051,-0.000614,-3.07e-05,0.0049333
-0.0002806,-2.36e-05,0.0048284,-0.0002804,-2.35e-05,0.0048565
0.000608,-0.0005312,0.0048075,0.0006077,-0.0005308,0.0048352
0.0005127,-5.67e-05,0.0048854,0.0005124,-5.66e-05,0.0049136
0.0001292,0.0008601,0.0048695,0.0001291,0.0008598,0.0048975
0.0005217,0.0008163,0.0049414,0.0005215,0.000816,0.0049696
0.0001639,0.0008677,0.0051082,0.0001638,0.0008673,0.0051369
0.0001702,0.001119,0.0056885,0.0001701,0.0011185,0.005719
0.0004861,-9.2e-06,0.0054062,0.0004858,-9.1e-06,0.005436
0.0005666,-0.0004834,0.0083401,0.0005663,-0.0004832,0.0083815
-0.0006409,1.17e-05,0.0059322,-0.0006405,1.18e-05,0.0059638
-0.0002772,2.45e-05,0.0058933,-0.000277,2.46e-05,0.0059248
0.0002512,0.0008255,0.0073453,0.0002511,0.000825,0.0073823
0.0001685,0.0011395,0.0059577,0.0001684,0.001139,0.0059892
0.0005587,0.0011535,0.005973,0.0005584,0.001153,0.0060044
0.0001663,0.0011776,0.0061997,0.0001662,0.001177,0.006232
0.0001846,0.0007575,0.005991,0.0001845,0.0007572,0.0060227
0.0005363,0.0007198,0.005973,0.000536,0.0007195,0.0060046
0.0005486,-1.82e-05,0.0060115,0.0005483,-1.81e-05,0.0060433
7.84e-05,0.0003354,0.006286,7.83e-05,0.0003353,0.0063188
0.000117,-0.0004364,0.0062903,0.0001169,-0.000436,0.0063231
0.0005556,2.39e-05,0.0065225,0.0005552,2.4e-05,0.0065562
0.0001787,-0.0004677,0.0068138,0.0001786,-0.0004673,0.0068486
0.0006497,-0.0005468,0.0071077,0.0006493,-0.0005464,0.0071436
0.0001108,0.0019514,0.0062931,0.0001108,0.0019503,0.0063252
0.00015,0.0027564,0.0063693,0.0001499,0.0027547,0.0064012
0.0001694,-0.0012555,0.0063581,0.0001693,-0.0012547,0.0063908
0.0026101,0.0020202,0.0064061,0.0026084,0.002019,0.0064376
-0.001611,0.0019881,0.0063329,-0.00161,0.0019869,0.0063648
