X,Y,Z,X1,Y1,Z1
0.000299,-0.003798,2.98e-05,0.0002991,-0.0037996,0.0
0.000596,-0.003763,2.98e-05,0.0005962,-0.0037646,0.0
0.00089,-0.003705,2.98e-05,0.0008904,-0.0037067,0.0
0.001177,-0.003624,2.98e-05,0.0011775,-0.0036256,0.0
0.001458,-0.00352,2.98e-05,0.0014587,-0.0035216,0.0
0.00173,-0.003395,2.98e-05,0.0017308,-0.0033965,0.0
0.001991,-0.003248,2.98e-05,0.0019919,-0.0032495,0.0
0.00224,-0.003082,2.98e-05,0.002241,-0.0030833,0.0
0.002475,-0.002897,2.98e-05,0.0024761,-0.0028983,0.0
0.002695,-0.002693,2.98e-05,0.0026961,-0.0026942,0.0
0.002898,-0.002474,2.98e-05,0.0028992,-0.0024751,0.0
0.003083,-0.002239,2.98e-05,0.0030844,-0.0022401,0.0
0.003249,-0.00199,2.98e-05,0.0032504,-0.0019909,0.0
0.003395,-0.001729,2.98e-05,0.0033965,-0.0017298,0.0
0.00352,-0.001457,2.98e-05,0.0035216,-0.0014577,0.0
0.003624,-0.001177,2.98e-05,0.0036255,-0.0011776,0.0
0.003705,-0.000889,2.98e-05,0.0037066,-0.0008894,0.0
0.003763,-0.000595,2.98e-05,0.0037647,-0.0005953,0.0
0.003798,-0.000298,2.98e-05,0.0037998,-0.0002983,0.0
0.00381,-0.0,2.98e-05,0.0038117,-1e-07,0.0
0.003798,0.000299,2.98e-05,0.0037998,0.0002992,0.0
0.003763,0.000596,2.98e-05,0.0037647,0.0005963,0.0
0.003705,0.00089,2.98e-05,0.0037066,0.0008903,0.0
0.003623,0.001178,2.98e-05,0.0036246,0.0011786,0.0
0.00352,0.001458,2.98e-05,0.0035216,0.0014587,0.0
0.003395,0.00173,2.98e-05,0.0033965,0.0017308,0.0
0.003248,0.001991,2.98e-05,0.0032495,0.0019918,0.0
0.003082,0.00224,2.98e-05,0.0030834,0.002241,0.0
0.002897,0.002474,2.98e-05,0.0028982,0.0024751,0.0
0.002694,0.002694,2.98e-05,0.0026951,0.0026952,0.0
0.002474,0.002897,2.98e-05,0.002475,0.0028983,0.0
0.002239,0.003082,2.98e-05,0.00224,0.0030835,0.0
0.001991,0.003249,2.98e-05,0.0019918,0.0032503,0.0
0.00173,0.003395,2.98e-05,0.0017308,0.0033965,0.0
0.001458,0.00352,2.98e-05,0.0014587,0.0035215,0.0
0.001177,0.003624,2.98e-05,0.0011775,0.0036256,0.0
0.000889,0.003705,2.98e-05,0.0008895,0.0037067,0.0
0.000596,0.003763,2.98e-05,0.0005963,0.0037647,0.0
0.000299,0.003798,2.98e-05,0.0002992,0.0037997,0.0
-0.0,0.00381,2.98e-05,1e-07,0.0038116,0.0
-0.000299,0.003798,2.98e-05,-0.000299,0.0037997,0.0
-0.000596,0.003763,2.98e-05,-0.0005961,0.0037646,0.0
-0.00089,0.003705,2.98e-05,-0.0008904,0.0037066,0.0
-0.001178,0.003623,2.98e-05,-0.0011785,0.0036245,0.0
-0.001458,0.00352,2.98e-05,-0.0014586,0.0035215,0.0
-0.00173,0.003395,2.98e-05,-0.0017308,0.0033964,0.0
-0.001991,0.003248,2.98e-05,-0.0019919,0.0032494,0.0
-0.00224,0.003082,2.98e-05,-0.002241,0.0030833,0.0
-0.002474,0.002897,2.98e-05,-0.0024751,0.0028983,0.0
-0.002694,0.002694,2.98e-05,-0.002695,0.0026952,0.0
-0.002897,0.002474,2.98e-05,-0.0028982,0.0024751,0.0
-0.003082,0.00224,2.98e-05,-0.0030833,0.0022409,0.0
-0.003249,0.001991,2.98e-05,-0.0032505,0.0019919,0.0
-0.003395,0.001729,2.98e-05,-0.0033965,0.0017297,0.0
-0.00352,0.001458,2.98e-05,-0.0035216,0.0014587,0.0
-0.003623,0.001177,2.98e-05,-0.0036245,0.0011776,0.0
-0.003705,0.00089,2.98e-05,-0.0037066,0.0008904,0.0
-0.003763,0.000596,2.98e-05,-0.0037647,0.0005963,0.0
-0.003798,0.000299,2.98e-05,-0.0037997,0.0002992,0.0
-0.00381,-0.0,2.98e-05,-0.0038117,-0.0,0.0
-0.003798,-0.000298,2.98e-05,-0.0037996,-0.0002981,0.0
-0.003763,-0.000596,2.98e-05,-0.0037646,-0.0005963,0.0
-0.003705,-0.000889,2.98e-05,-0.0037067,-0.0008894,0.0
-0.003624,-0.001177,2.98e-05,-0.0036256,-0.0011775,0.0
-0.00352,-0.001458,2.98e-05,-0.0035215,-0.0014587,0.0
-0.003395,-0.001729,2.98e-05,-0.0033964,-0.0017298,0.0
-0.003249,-0.00199,2.98e-05,-0.0032505,-0.0019909,0.0
-0.003083,-0.002239,2.98e-05,-0.0030843,-0.0022401,0.0
-0.002898,-0.002474,2.98e-05,-0.0028993,-0.0024751,0.0
-0.002695,-0.002694,2.98e-05,-0.0026963,-0.0026952,0.0
-0.002475,-0.002897,2.98e-05,-0.0024762,-0.0028983,0.0
-0.00224,-0.003082,2.98e-05,-0.002241,-0.0030834,0.0
-0.001992,-0.003248,2.98e-05,-0.0019928,-0.0032494,0.0
-0.001731,-0.003394,2.98e-05,-0.0017317,-0.0033955,0.0
-0.001459,-0.00352,2.98e-05,-0.0014596,-0.0035216,0.0
-0.001178,-0.003623,2.98e-05,-0.0011785,-0.0036246,0.0
-0.00089,-0.003705,2.98e-05,-0.0008905,-0.0037066,0.0
-0.000597,-0.003763,2.98e-05,-0.0005973,-0.0037647,0.0
-0.000299,-0.003798,2.98e-05,-0.0002991,-0.0037997,0.0
-0.0,0.00381,0.0234998,-0.0,0.00381,0.0234398
0.000299,0.003798,0.0234998,0.000299,0.003798,0.0234398
0.000596,0.003763,0.0234998,0.000596,0.003763,0.0234398
0.000889,0.003705,0.0234998,0.000889,0.003705,0.0234398
0.001177,0.003624,0.0234998,0.001177,0.003624,0.0234398
0.001458,0.00352,0.0234998,0.001458,0.00352,0.0234398
0.00173,0.003395,0.0234998,0.00173,0.003395,0.0234398
0.001991,0.003248,0.0234998,0.001991,0.003248,0.0234398
0.00224,0.003082,0.0234998,0.00224,0.003082,0.0234398
0.002475,0.002897,0.0234998,0.002475,0.002897,0.0234398
0.002695,0.002694,0.0234998,0.002695,0.002694,0.0234398
0.002898,0.002474,0.0234998,0.002898,0.002474,0.0234398
0.003083,0.002239,0.0234998,0.003083,0.002239,0.0234398
0.003249,0.00199,0.0234998,0.003249,0.00199,0.0234398
0.003395,0.001729,0.0234998,0.003395,0.001729,0.0234398
0.00352,0.001457,0.0234998,0.00352,0.001457,0.0234398
0.003624,0.001176,0.0234998,0.003624,0.001176,0.0234398
0.003705,0.000888,0.0234998,0.003705,0.000888,0.0234398
0.003763,0.000595,0.0234998,0.003763,0.000595,0.0234398
0.003798,0.000297,0.0234998,0.003798,0.000297,0.0234398
0.00381,-1e-06,0.0234998,0.00381,-1e-06,0.0234398
0.003798,-0.0003,0.0234998,0.003798,-0.0003,0.0234398
0.003763,-0.000597,0.0234998,0.003763,-0.000597,0.0234398
0.003704,-0.00089,0.0234998,0.003704,-0.00089,0.0234398
0.003623,-0.001178,0.0234998,0.003623,-0.001178,0.0234398
0.00352,-0.001459,0.0234998,0.00352,-0.001459,0.0234398
0.003394,-0.00173,0.0234998,0.003394,-0.00173,0.0234398
0.003248,-0.001991,0.0234998,0.003248,-0.001991,0.0234398
0.003082,-0.00224,0.0234998,0.003082,-0.00224,0.0234398
0.002897,-0.002474,0.0234998,0.002897,-0.002474,0.0234398
0.002694,-0.002694,0.0234998,0.002694,-0.002694,0.0234398
0.002474,-0.002897,0.0234998,0.002474,-0.002897,0.0234398
0.00224,-0.003082,0.0234998,0.00224,-0.003082,0.0234398
0.001991,-0.003248,0.0234998,0.001991,-0.003248,0.0234398
0.00173,-0.003395,0.0234998,0.00173,-0.003395,0.0234398
0.001458,-0.00352,0.0234998,0.001458,-0.00352,0.0234398
0.001178,-0.003623,0.0234998,0.001178,-0.003623,0.0234398
0.000889,-0.003705,0.0234998,0.000889,-0.003705,0.0234398
0.000596,-0.003763,0.0234998,0.000596,-0.003763,0.0234398
0.000299,-0.003798,0.0234998,0.000299,-0.003798,0.0234398
-0.0,-0.00381,0.0234998,-0.0,-0.00381,0.0234398
-0.000299,-0.003798,0.0234998,-0.000299,-0.003798,0.0234398
-0.000596,-0.003763,0.0234998,-0.000596,-0.003763,0.0234398
-0.00089,-0.003705,0.0234998,-0.00089,-0.003705,0.0234398
-0.001177,-0.003624,0.0234998,-0.001177,-0.003624,0.0234398
-0.001458,-0.00352,0.0234998,-0.001458,-0.00352,0.0234398
-0.00173,-0.003395,0.0234998,-0.00173,-0.003395,0.0234398
-0.001991,-0.003248,0.0234998,-0.001991,-0.003248,0.0234398
-0.00224,-0.003082,0.0234998,-0.00224,-0.003082,0.0234398
-0.002475,-0.002897,0.0234998,-0.002475,-0.002897,0.0234398
-0.002694,-0.002694,0.0234998,-0.002694,-0.002694,0.0234398
-0.002897,-0.002474,0.0234998,-0.002897,-0.002474,0.0234398
-0.003083,-0.002239,0.0234998,-0.003083,-0.002239,0.0234398
-0.003249,-0.00199,0.0234998,-0.003249,-0.00199,0.0234398
-0.003395,-0.001729,0.0234998,-0.003395,-0.001729,0.0234398
-0.00352,-0.001457,0.0234998,-0.00352,-0.001457,0.0234398
-0.003624,-0.001177,0.0234998,-0.003624,-0.001177,0.0234398
-0.003705,-0.000888,0.0234998,-0.003705,-0.000888,0.0234398
-0.003763,-0.000595,0.0234998,-0.003763,-0.000595,0.0234398
-0.003798,-0.000298,0.0234998,-0.003798,-0.000298,0.0234398
-0.00381,1e-06,0.0234998,-0.00381,1e-06,0.0234398
-0.003798,0.000299,0.0234998,-0.003798,0.000299,0.0234398
-0.003763,0.000596,0.0234998,-0.003763,0.000596,0.0234398
-0.003705,0.00089,0.0234998,-0.003705,0.00089,0.0234398
-0.003623,0.001178,0.0234998,-0.003623,0.001178,0.0234398
-0.00352,0.001458,0.0234998,-0.00352,0.001458,0.0234398
-0.003395,0.00173,0.0234998,-0.003395,0.00173,0.0234398
-0.003248,0.001991,0.0234998,-0.003248,0.001991,0.0234398
-0.003082,0.00224,0.0234998,-0.003082,0.00224,0.0234398
-0.002897,0.002475,0.0234998,-0.002897,0.002475,0.0234398
-0.002694,0.002694,0.0234998,-0.002694,0.002694,0.0234398
-0.002474,0.002897,0.0234998,-0.002474,0.002897,0.0234398
-0.00224,0.003082,0.0234998,-0.00224,0.003082,0.0234398
-0.001991,0.003248,0.0234998,-0.001991,0.003248,0.0234398
-0.00173,0.003395,0.0234998,-0.00173,0.003395,0.0234398
-0.001458,0.00352,0.0234998,-0.001458,0.00352,0.0234398
-0.001178,0.003623,0.0234998,-0.001178,0.003623,0.0234398
-0.000889,0.003705,0.0234998,-0.000889,0.003705,0.0234398
-0.000596,0.003763,0.0234998,-0.000596,0.003763,0.0234398
-0.000299,0.003798,0.0234998,-0.000299,0.003798,0.0234398
0.00015,-0.003807,0.0002888,0.0001501,-0.0038086,0.0002583
0.000448,-0.003784,0.0002888,0.0004482,-0.0037856,0.0002584
0.000744,-0.003737,0.0002888,0.0007443,-0.0037386,0.0002583
0.001035,-0.003667,0.0002888,0.0010354,-0.0036686,0.0002583
0.001319,-0.003574,0.0002898,0.0013196,-0.0035756,0.0002593
0.001596,-0.00346,0.0002888,0.0015967,-0.0034615,0.0002584
0.001862,-0.003324,0.0002888,0.0018628,-0.0033254,0.0002584
0.002117,-0.003167,0.0002898,0.002118,-0.0031684,0.0002593
0.002359,-0.002991,0.0002898,0.0023601,-0.0029923,0.0002593
0.002587,-0.002797,0.0002898,0.0025881,-0.0027982,0.0002593
0.002798,-0.002585,0.0002898,0.0027992,-0.0025861,0.0002593
0.002993,-0.002358,0.0002898,0.0029943,-0.002359,0.0002593
0.003168,-0.002116,0.0002898,0.0031694,-0.0021169,0.0002593
0.003325,-0.001861,0.0002898,0.0033264,-0.0018618,0.0002593
0.00346,-0.001594,0.0002898,0.0034615,-0.0015947,0.0002593
0.003575,-0.001318,0.0002898,0.0035766,-0.0013186,0.0002593
0.003667,-0.001033,0.0002898,0.0036685,-0.0010334,0.0002593
0.003737,-0.000742,0.0002898,0.0037387,-0.0007423,0.0002593
0.003784,-0.000447,0.0002898,0.0037857,-0.0004472,0.0002594
0.003807,-0.000149,0.0002898,0.0038086,-0.000149,0.0002593
0.003807,0.00015,0.0002898,0.0038087,0.00015,0.0002593
0.003784,0.000449,0.0002898,0.0037857,0.0004491,0.0002593
0.003737,0.000744,0.0002898,0.0037386,0.0007443,0.0002593
0.003667,0.001035,0.0002898,0.0036686,0.0010354,0.0002593
0.003574,0.001319,0.0002898,0.0035756,0.0013196,0.0002593
0.00346,0.001596,0.0002898,0.0034615,0.0015967,0.0002593
0.003324,0.001862,0.0002898,0.0033254,0.0018628,0.0002593
0.003167,0.002117,0.0002898,0.0031684,0.0021179,0.0002593
0.002992,0.002359,0.0002898,0.0029933,0.00236,0.0002593
0.002797,0.002587,0.0002898,0.0027982,0.0025882,0.0002593
0.002586,0.002798,0.0002898,0.0025871,0.0027992,0.0002593
0.002358,0.002993,0.0002898,0.002359,0.0029943,0.0002593
0.002116,0.003168,0.0002898,0.0021169,0.0031693,0.0002593
0.001861,0.003325,0.0002898,0.0018618,0.0033264,0.0002593
0.001594,0.00346,0.0002898,0.0015947,0.0034615,0.0002593
0.001318,0.003575,0.0002898,0.0013187,0.0035765,0.0002592
0.001033,0.003667,0.0002898,0.0010335,0.0036686,0.0002593
0.000742,0.003737,0.0002898,0.0007424,0.0037386,0.0002593
0.000447,0.003784,0.0002898,0.0004472,0.0037857,0.0002594
0.000148,0.003807,0.0002898,0.0001481,0.0038087,0.0002593
-0.000151,0.003807,0.0002898,-0.0001511,0.0038087,0.0002593
-0.000449,0.003783,0.0002898,-0.0004493,0.0037847,0.0002593
-0.000745,0.003737,0.0002898,-0.0007454,0.0037387,0.0002593
-0.001035,0.003667,0.0002898,-0.0010355,0.0036686,0.0002593
-0.00132,0.003574,0.0002898,-0.0013206,0.0035755,0.0002593
-0.001596,0.003459,0.0002898,-0.0015967,0.0034605,0.0002593
-0.001863,0.003324,0.0002898,-0.0018639,0.0033254,0.0002593
-0.002118,0.003167,0.0002898,-0.0021189,0.0031684,0.0002594
-0.00236,0.002991,0.0002898,-0.0023611,0.0029923,0.0002593
-0.002587,0.002797,0.0002898,-0.0025881,0.0027982,0.0002593
-0.002799,0.002585,0.0002898,-0.0028001,0.0025861,0.0002593
-0.002993,0.002358,0.0002898,-0.0029943,0.002359,0.0002594
-0.003169,0.002116,0.0002898,-0.0031704,0.0021169,0.0002593
-0.003325,0.00186,0.0002898,-0.0033265,0.0018608,0.0002593
-0.003461,0.001594,0.0002898,-0.0034625,0.0015947,0.0002594
-0.003575,0.001317,0.0002898,-0.0035766,0.0013176,0.0002593
-0.003667,0.001033,0.0002898,-0.0036686,0.0010335,0.0002593
-0.003737,0.000742,0.0002898,-0.0037386,0.0007423,0.0002594
-0.003784,0.000446,0.0002898,-0.0037856,0.0004462,0.0002593
-0.003807,0.000148,0.0002898,-0.0038086,0.0001481,0.0002593
-0.003807,-0.000151,0.0002898,-0.0038087,-0.0001511,0.0002594
-0.003783,-0.000449,0.0002898,-0.0037846,-0.0004492,0.0002593
-0.003737,-0.000744,0.0002898,-0.0037386,-0.0007443,0.0002593
-0.003667,-0.001035,0.0002898,-0.0036686,-0.0010354,0.0002593
-0.003574,-0.00132,0.0002898,-0.0035755,-0.0013206,0.0002593
-0.00346,-0.001596,0.0002898,-0.0034616,-0.0015967,0.0002593
-0.003324,-0.001863,0.0002898,-0.0033255,-0.0018638,0.0002593
-0.003167,-0.002118,0.0002898,-0.0031683,-0.0021189,0.0002593
-0.002991,-0.00236,0.0002898,-0.0029923,-0.002361,0.0002593
-0.002797,-0.002587,0.0002888,-0.0027982,-0.0025881,0.0002583
-0.002586,-0.002798,0.0002888,-0.0025871,-0.0027992,0.0002583
-0.002358,-0.002993,0.0002888,-0.002359,-0.0029943,0.0002583
-0.002116,-0.003168,0.0002888,-0.0021169,-0.0031694,0.0002583
-0.001861,-0.003325,0.0002888,-0.0018618,-0.0033265,0.0002583
-0.001595,-0.00346,0.0002888,-0.0015957,-0.0034616,0.0002583
-0.001318,-0.003575,0.0002888,-0.0013186,-0.0035765,0.0002583
-0.001034,-0.003667,0.0002888,-0.0010345,-0.0036686,0.0002584
-0.000743,-0.003737,0.0002888,-0.0007433,-0.0037386,0.0002583
-0.000447,-0.003784,0.0002888,-0.0004472,-0.0037856,0.0002583
-0.000149,-0.003807,0.0002888,-0.000149,-0.0038087,0.0002583
0.00015,0.003807,0.0232408,0.00015,0.003807,0.0231808
0.000449,0.003784,0.0232408,0.000449,0.003784,0.0231808
0.000744,0.003737,0.0232408,0.000744,0.003737,0.0231808
0.001035,0.003667,0.0232408,0.001035,0.003667,0.0231808
0.001319,0.003574,0.0232398,0.001319,0.003574,0.0231798
0.001596,0.00346,0.0232408,0.001596,0.00346,0.0231808
0.001862,0.003324,0.0232408,0.001862,0.003324,0.0231808
0.002118,0.003167,0.0232398,0.002118,0.003167,0.0231798
0.00236,0.002991,0.0232398,0.00236,0.002991,0.0231798
0.002587,0.002797,0.0232398,0.002587,0.002797,0.0231798
0.002799,0.002585,0.0232398,0.002799,0.002585,0.0231798
0.002993,0.002358,0.0232398,0.002993,0.002358,0.0231798
0.003169,0.002116,0.0232398,0.003169,0.002116,0.0231798
0.003325,0.00186,0.0232398,0.003325,0.00186,0.0231798
0.003461,0.001594,0.0232398,0.003461,0.001594,0.0231798
0.003575,0.001317,0.0232398,0.003575,0.001317,0.0231798
0.003667,0.001033,0.0232398,0.003667,0.001033,0.0231798
0.003737,0.000742,0.0232398,0.003737,0.000742,0.0231798
0.003784,0.000446,0.0232398,0.003784,0.000446,0.0231798
0.003807,0.000148,0.0232398,0.003807,0.000148,0.0231798
0.003807,-0.000151,0.0232398,0.003807,-0.000151,0.0231798
0.003783,-0.000449,0.0232398,0.003783,-0.000449,0.0231798
0.003737,-0.000745,0.0232398,0.003737,-0.000745,0.0231798
0.003667,-0.001035,0.0232398,0.003667,-0.001035,0.0231798
0.003574,-0.00132,0.0232398,0.003574,-0.00132,0.0231798
0.00346,-0.001596,0.0232398,0.00346,-0.001596,0.0231798
0.003324,-0.001863,0.0232398,0.003324,-0.001863,0.0231798
0.003167,-0.002118,0.0232398,0.003167,-0.002118,0.0231798
0.002992,-0.002359,0.0232398,0.002992,-0.002359,0.0231798
0.002797,-0.002587,0.0232398,0.002797,-0.002587,0.0231798
0.002586,-0.002798,0.0232398,0.002586,-0.002798,0.0231798
0.002358,-0.002992,0.0232398,0.002358,-0.002992,0.0231798
0.002116,-0.003168,0.0232398,0.002116,-0.003168,0.0231798
0.001861,-0.003325,0.0232398,0.001861,-0.003325,0.0231798
0.001594,-0.00346,0.0232398,0.001594,-0.00346,0.0231798
0.001318,-0.003575,0.0232398,0.001318,-0.003575,0.0231798
0.001033,-0.003667,0.0232398,0.001033,-0.003667,0.0231798
0.000742,-0.003737,0.0232398,0.000742,-0.003737,0.0231798
0.000447,-0.003784,0.0232398,0.000447,-0.003784,0.0231798
0.000148,-0.003807,0.0232398,0.000148,-0.003807,0.0231798
-0.000151,-0.003807,0.0232398,-0.000151,-0.003807,0.0231798
-0.000449,-0.003783,0.0232398,-0.000449,-0.003783,0.0231798
-0.000745,-0.003737,0.0232398,-0.000745,-0.003737,0.0231798
-0.001035,-0.003667,0.0232398,-0.001035,-0.003667,0.0231798
-0.00132,-0.003574,0.0232398,-0.00132,-0.003574,0.0231798
-0.001596,-0.003459,0.0232398,-0.001596,-0.003459,0.0231798
-0.001863,-0.003323,0.0232398,-0.001863,-0.003323,0.0231798
-0.002118,-0.003167,0.0232398,-0.002118,-0.003167,0.0231798
-0.00236,-0.002991,0.0232398,-0.00236,-0.002991,0.0231798
-0.002587,-0.002797,0.0232398,-0.002587,-0.002797,0.0231798
-0.002799,-0.002585,0.0232398,-0.002799,-0.002585,0.0231798
-0.002993,-0.002357,0.0232398,-0.002993,-0.002357,0.0231798
-0.003169,-0.002115,0.0232398,-0.003169,-0.002115,0.0231798
-0.003325,-0.00186,0.0232398,-0.003325,-0.00186,0.0231798
-0.003461,-0.001593,0.0232398,-0.003461,-0.001593,0.0231798
-0.003575,-0.001316,0.0232398,-0.003575,-0.001316,0.0231798
-0.003668,-0.001032,0.0232398,-0.003668,-0.001032,0.0231798
-0.003737,-0.000741,0.0232398,-0.003737,-0.000741,0.0231798
-0.003784,-0.000445,0.0232398,-0.003784,-0.000445,0.0231798
-0.003807,-0.000147,0.0232398,-0.003807,-0.000147,0.0231798
-0.003807,0.000152,0.0232398,-0.003807,0.000152,0.0231798
-0.003783,0.00045,0.0232398,-0.003783,0.00045,0.0231798
-0.003736,0.000746,0.0232398,-0.003736,0.000746,0.0231798
-0.003666,0.001036,0.0232398,-0.003666,0.001036,0.0231798
-0.003574,0.001321,0.0232398,-0.003574,0.001321,0.0231798
-0.003459,0.001597,0.0232398,-0.003459,0.001597,0.0231798
-0.003323,0.001863,0.0232398,-0.003323,0.001863,0.0231798
-0.003167,0.002118,0.0232398,-0.003167,0.002118,0.0231798
-0.002991,0.00236,0.0232398,-0.002991,0.00236,0.0231798
-0.002796,0.002588,0.0232408,-0.002796,0.002588,0.0231808
-0.002585,0.002799,0.0232408,-0.002585,0.002799,0.0231808
-0.002357,0.002993,0.0232408,-0.002357,0.002993,0.0231808
-0.002115,0.003169,0.0232408,-0.002115,0.003169,0.0231808
-0.00186,0.003325,0.0232408,-0.00186,0.003325,0.0231808
-0.001594,0.003461,0.0232408,-0.001594,0.003461,0.0231808
-0.001318,0.003575,0.0232408,-0.001318,0.003575,0.0231808
-0.001033,0.003667,0.0232408,-0.001033,0.003667,0.0231808
-0.000742,0.003737,0.0232408,-0.000742,0.003737,0.0231808
-0.000447,0.003784,0.0232408,-0.000447,0.003784,0.0231808
-0.000149,0.003807,0.0232408,-0.000149,0.003807,0.0231808
0.0003,-0.003798,0.0005488,0.0003002,-0.0037997,0.0005176
0.001179,-0.003623,0.0005488,0.0011796,-0.0036246,0.0005177
0.001459,-0.003519,0.0005488,0.0014597,-0.0035205,0.0005177
0.001731,-0.003394,0.0005488,0.0017318,-0.0033954,0.0005177
0.001992,-0.003248,0.0005488,0.0019929,-0.0032494,0.0005176
0.00224,-0.003082,0.0005488,0.002241,-0.0030833,0.0005177
0.002475,-0.002896,0.0005488,0.0024761,-0.0028973,0.0005176
0.002695,-0.002693,0.0005488,0.0026962,-0.0026942,0.0005176
0.002898,-0.002473,0.0005488,0.0028993,-0.0024741,0.0005176
0.003083,-0.002238,0.0005488,0.0030844,-0.002239,0.0005176
0.003249,-0.00199,0.0005488,0.0032504,-0.0019909,0.0005176
0.003395,-0.001729,0.0005488,0.0033965,-0.0017298,0.0005176
0.00352,-0.001457,0.0005488,0.0035215,-0.0014576,0.0005176
0.003624,-0.001176,0.0005488,0.0036256,-0.0011765,0.0005176
0.003705,-0.000888,0.0005488,0.0037066,-0.0008884,0.0005177
0.003763,-0.000595,0.0005488,0.0037646,-0.0005952,0.0005177
0.003798,-0.000298,0.0005488,0.0037997,-0.0002982,0.0005176
0.00381,1e-06,0.0005488,0.0038117,9e-07,0.0005176
0.003798,0.0003,0.0005488,0.0037997,0.0003001,0.0005176
0.003763,0.000597,0.0005488,0.0037646,0.0005973,0.0005176
0.003704,0.000891,0.0005488,0.0037056,0.0008914,0.0005177
0.003623,0.001179,0.0005488,0.0036246,0.0011795,0.0005176
0.003519,0.001459,0.0005488,0.0035206,0.0014596,0.0005176
0.003394,0.001731,0.0005488,0.0033955,0.0017317,0.0005176
0.003248,0.001992,0.0005488,0.0032494,0.0019928,0.0005177
0.003081,0.002241,0.0005488,0.0030824,0.0022419,0.0005176
0.002896,0.002476,0.0005488,0.0028973,0.002477,0.0005176
0.002693,0.002695,0.0005488,0.0026942,0.0026961,0.0005176
0.002473,0.002898,0.0005488,0.0024741,0.0028992,0.0005176
0.002238,0.003083,0.0005488,0.0022389,0.0030844,0.0005177
0.001989,0.003249,0.0005488,0.0019899,0.0032505,0.0005176
0.001728,0.003396,0.0005488,0.0017288,0.0033976,0.0005177
0.001456,0.003521,0.0005488,0.0014566,0.0035225,0.0005176
0.001176,0.003624,0.0005488,0.0011765,0.0036255,0.0005176
0.000888,0.003705,0.0005488,0.0008884,0.0037065,0.0005176
0.000594,0.003763,0.0005488,0.0005943,0.0037646,0.0005177
0.000297,0.003798,0.0005488,0.0002971,0.0037996,0.0005177
-2e-06,0.00381,0.0005488,-2e-06,0.0038116,0.0005176
-0.000301,0.003798,0.0005488,-0.0003012,0.0037996,0.0005177
-0.000598,0.003763,0.0005488,-0.0005983,0.0037647,0.0005177
-0.000892,0.003704,0.0005488,-0.0008923,0.0037056,0.0005177
-0.00118,0.003623,0.0005488,-0.0011805,0.0036246,0.0005176
-0.00146,0.003519,0.0005488,-0.0014607,0.0035206,0.0005177
-0.001732,0.003394,0.0005488,-0.0017328,0.0033955,0.0005177
-0.001993,0.003247,0.0005488,-0.0019939,0.0032484,0.0005177
-0.002242,0.003081,0.0005488,-0.002243,0.0030824,0.0005177
-0.002476,0.002895,0.0005488,-0.0024771,0.0028963,0.0005177
-0.002696,0.002692,0.0005488,-0.0026972,0.0026932,0.0005176
-0.002899,0.002472,0.0005488,-0.0029003,0.0024731,0.0005177
-0.003084,0.002237,0.0005488,-0.0030853,0.002238,0.0005176
-0.00325,0.001988,0.0005488,-0.0032514,0.0019889,0.0005177
-0.003396,0.001727,0.0005488,-0.0033975,0.0017277,0.0005177
-0.003521,0.001455,0.0005488,-0.0035226,0.0014556,0.0005176
-0.003624,0.001175,0.0005488,-0.0036256,0.0011755,0.0005177
-0.003705,0.000887,0.0005488,-0.0037066,0.0008874,0.0005176
-0.003764,0.000593,0.0005488,-0.0037656,0.0005932,0.0005177
-0.003798,0.000296,0.0005488,-0.0037996,0.0002962,0.0005176
-0.00381,-3e-06,0.0005488,-0.0038117,-3e-06,0.0005177
-0.003798,-0.000302,0.0005488,-0.0037997,-0.0003022,0.0005176
-0.003763,-0.000599,0.0005488,-0.0037647,-0.0005993,0.0005176
-0.003704,-0.000892,0.0005488,-0.0037056,-0.0008925,0.0005176
-0.003623,-0.00118,0.0005488,-0.0036246,-0.0011806,0.0005176
-0.003519,-0.001461,0.0005488,-0.0035205,-0.0014616,0.0005176
-0.003393,-0.001732,0.0005488,-0.0033945,-0.0017328,0.0005176
-0.003247,-0.001993,0.0005488,-0.0032484,-0.0019939,0.0005177
-0.003081,-0.002242,0.0005488,-0.0030824,-0.002243,0.0005176
-0.002895,-0.002477,0.0005488,-0.0028963,-0.0024781,0.0005177
-0.002692,-0.002696,0.0005488,-0.0026932,-0.0026972,0.0005176
-0.002472,-0.002899,0.0005488,-0.0024731,-0.0029003,0.0005177
-0.002237,-0.003084,0.0005488,-0.002238,-0.0030853,0.0005176
-0.001989,-0.00325,0.0005488,-0.0019898,-0.0032514,0.0005176
-0.001728,-0.003396,0.0005488,-0.0017287,-0.0033975,0.0005177
-0.001456,-0.003521,0.0005488,-0.0014566,-0.0035225,0.0005177
-0.001175,-0.003624,0.0005488,-0.0011755,-0.0036256,0.0005176
-0.000888,-0.003705,0.0005488,-0.0008883,-0.0037066,0.0005176
-0.000594,-0.003763,0.0005488,-0.0005942,-0.0037646,0.0005177
0.000598,0.003763,0.0229808,0.000598,0.003763,0.0229208
0.000891,0.003704,0.0229808,0.000891,0.003704,0.0229208
0.000301,0.003798,0.0229808,0.000301,0.003798,0.0229208
0.001179,0.003623,0.0229808,0.001179,0.003623,0.0229208
0.001459,0.003519,0.0229808,0.001459,0.003519,0.0229208
0.001731,0.003394,0.0229808,0.001731,0.003394,0.0229208
0.001992,0.003248,0.0229808,0.001992,0.003248,0.0229208
0.002241,0.003082,0.0229808,0.002241,0.003082,0.0229208
0.002475,0.002896,0.0229808,0.002475,0.002896,0.0229208
0.002695,0.002693,0.0229808,0.002695,0.002693,0.0229208
0.002898,0.002473,0.0229808,0.002898,0.002473,0.0229208
0.003083,0.002238,0.0229808,0.003083,0.002238,0.0229208
0.003249,0.001989,0.0229808,0.003249,0.001989,0.0229208
0.003395,0.001728,0.0229808,0.003395,0.001728,0.0229208
0.003521,0.001457,0.0229808,0.003521,0.001457,0.0229208
0.003624,0.001176,0.0229808,0.003624,0.001176,0.0229208
0.003705,0.000888,0.0229808,0.003705,0.000888,0.0229208
0.003763,0.000594,0.0229808,0.003763,0.000594,0.0229208
0.003798,0.000297,0.0229808,0.003798,0.000297,0.0229208
0.00381,-2e-06,0.0229808,0.00381,-2e-06,0.0229208
0.003798,-0.000301,0.0229808,0.003798,-0.000301,0.0229208
0.003763,-0.000598,0.0229808,0.003763,-0.000598,0.0229208
0.003704,-0.000891,0.0229808,0.003704,-0.000891,0.0229208
0.003623,-0.001179,0.0229808,0.003623,-0.001179,0.0229208
0.003519,-0.00146,0.0229808,0.003519,-0.00146,0.0229208
0.003394,-0.001731,0.0229808,0.003394,-0.001731,0.0229208
0.003248,-0.001992,0.0229808,0.003248,-0.001992,0.0229208
0.003081,-0.002241,0.0229808,0.003081,-0.002241,0.0229208
0.002896,-0.002475,0.0229808,0.002896,-0.002475,0.0229208
0.002693,-0.002695,0.0229808,0.002693,-0.002695,0.0229208
0.002473,-0.002898,0.0229808,0.002473,-0.002898,0.0229208
0.002238,-0.003083,0.0229808,0.002238,-0.003083,0.0229208
0.001989,-0.003249,0.0229808,0.001989,-0.003249,0.0229208
0.001728,-0.003395,0.0229808,0.001728,-0.003395,0.0229208
0.001457,-0.003521,0.0229808,0.001457,-0.003521,0.0229208
0.001176,-0.003624,0.0229808,0.001176,-0.003624,0.0229208
0.000888,-0.003705,0.0229808,0.000888,-0.003705,0.0229208
0.000594,-0.003763,0.0229808,0.000594,-0.003763,0.0229208
0.000297,-0.003798,0.0229808,0.000297,-0.003798,0.0229208
-2e-06,-0.00381,0.0229808,-2e-06,-0.00381,0.0229208
-0.000301,-0.003798,0.0229808,-0.000301,-0.003798,0.0229208
-0.000598,-0.003763,0.0229808,-0.000598,-0.003763,0.0229208
-0.000892,-0.003704,0.0229808,-0.000892,-0.003704,0.0229208
-0.00118,-0.003623,0.0229808,-0.00118,-0.003623,0.0229208
-0.00146,-0.003519,0.0229808,-0.00146,-0.003519,0.0229208
-0.001732,-0.003394,0.0229808,-0.001732,-0.003394,0.0229208
-0.001993,-0.003247,0.0229808,-0.001993,-0.003247,0.0229208
-0.002242,-0.003081,0.0229808,-0.002242,-0.003081,0.0229208
-0.002477,-0.002895,0.0229808,-0.002477,-0.002895,0.0229208
-0.002696,-0.002692,0.0229808,-0.002696,-0.002692,0.0229208
-0.002899,-0.002472,0.0229808,-0.002899,-0.002472,0.0229208
-0.003084,-0.002237,0.0229808,-0.003084,-0.002237,0.0229208
-0.00325,-0.001988,0.0229808,-0.00325,-0.001988,0.0229208
-0.003396,-0.001726,0.0229808,-0.003396,-0.001726,0.0229208
-0.003521,-0.001455,0.0229808,-0.003521,-0.001455,0.0229208
-0.003625,-0.001174,0.0229808,-0.003625,-0.001174,0.0229208
-0.003706,-0.000886,0.0229808,-0.003706,-0.000886,0.0229208
-0.003764,-0.000592,0.0229808,-0.003764,-0.000592,0.0229208
-0.003799,-0.000295,0.0229808,-0.003799,-0.000295,0.0229208
-0.00381,4e-06,0.0229808,-0.00381,4e-06,0.0229208
-0.003798,0.000303,0.0229808,-0.003798,0.000303,0.0229208
-0.003762,0.0006,0.0229808,-0.003762,0.0006,0.0229208
-0.003704,0.000893,0.0229808,-0.003704,0.000893,0.0229208
-0.003622,0.001181,0.0229808,-0.003622,0.001181,0.0229208
-0.003518,0.001462,0.0229808,-0.003518,0.001462,0.0229208
-0.003393,0.001733,0.0229808,-0.003393,0.001733,0.0229208
-0.003247,0.001994,0.0229808,-0.003247,0.001994,0.0229208
-0.00308,0.002243,0.0229808,-0.00308,0.002243,0.0229208
-0.002895,0.002477,0.0229808,-0.002895,0.002477,0.0229208
-0.002692,0.002697,0.0229808,-0.002692,0.002697,0.0229208
-0.002472,0.002899,0.0229808,-0.002472,0.002899,0.0229208
-0.002237,0.003084,0.0229808,-0.002237,0.003084,0.0229208
-0.001988,0.00325,0.0229808,-0.001988,0.00325,0.0229208
-0.001727,0.003396,0.0229808,-0.001727,0.003396,0.0229208
-0.001455,0.003521,0.0229808,-0.001455,0.003521,0.0229208
-0.001175,0.003624,0.0229808,-0.001175,0.003624,0.0229208
-0.000887,0.003705,0.0229808,-0.000887,0.003705,0.0229208
-0.000594,0.003763,0.0229808,-0.000594,0.003763,0.0229208
0.000597,-0.003763,0.0005488,0.0005973,-0.0037647,0.0005176
0.000891,-0.003704,0.0005488,0.0008914,-0.0037056,0.0005176
-0.000297,-0.003798,0.0005488,-0.0002972,-0.0037996,0.0005176
2e-06,0.00381,0.0229808,2e-06,0.00381,0.0229208
2e-06,-0.00381,0.0005488,1.9e-06,-0.0038116,0.0005177
-0.000297,0.003798,0.0229808,-0.000297,0.003798,0.0229208
0.00132,-0.003574,0.0008088,0.0013205,-0.0035755,0.000777
0.002118,-0.003167,0.0008088,0.0021189,-0.0031684,0.000777
0.00236,-0.002991,0.0008088,0.002361,-0.0029923,0.000777
0.002587,-0.002797,0.0008088,0.0025881,-0.0027982,0.0007769
0.002799,-0.002585,0.0008088,0.0028002,-0.0025862,0.000777
0.002993,-0.002358,0.0008088,0.0029943,-0.002359,0.000777
0.003169,-0.002115,0.0008088,0.0031704,-0.0021159,0.0007769
0.003325,-0.00186,0.0008088,0.0033265,-0.0018608,0.0007769
0.003461,-0.001594,0.0008088,0.0034625,-0.0015947,0.000777
0.003575,-0.001317,0.0008088,0.0035766,-0.0013176,0.0007769
0.003667,-0.001033,0.0008088,0.0036687,-0.0010335,0.0007769
0.003737,-0.000742,0.0008088,0.0037387,-0.0007423,0.0007769
0.003784,-0.000446,0.0008088,0.0037857,-0.0004462,0.000777
0.003807,-0.000148,0.0008088,0.0038086,-0.0001481,0.000777
0.003807,0.000151,0.0008088,0.0038087,0.000151,0.000777
0.003783,0.000449,0.0008088,0.0037846,0.0004492,0.0007769
0.003736,0.000745,0.0008088,0.0037376,0.0007453,0.0007769
0.003666,0.001036,0.0008088,0.0036676,0.0010365,0.000777
0.003574,0.00132,0.0008088,0.0035756,0.0013205,0.0007769
0.003459,0.001597,0.0008088,0.0034605,0.0015976,0.000777
0.003323,0.001863,0.0008088,0.0033244,0.0018638,0.000777
0.003167,0.002118,0.0008088,0.0031683,0.002119,0.0007769
0.002991,0.00236,0.0008088,0.0029924,0.002361,0.000777
0.002796,0.002588,0.0008088,0.0027972,0.0025891,0.000777
0.002585,0.002799,0.0008088,0.0025861,0.0028002,0.0007769
0.002357,0.002993,0.0008088,0.0023581,0.0029943,0.0007769
0.002115,0.003169,0.0008088,0.0021159,0.0031704,0.000777
0.00186,0.003325,0.0008088,0.0018608,0.0033265,0.0007769
0.001593,0.003461,0.0008088,0.0015937,0.0034625,0.000777
0.001316,0.003575,0.0008088,0.0013166,0.0035766,0.0007769
0.001032,0.003668,0.0008088,0.0010325,0.0036696,0.000777
0.000741,0.003737,0.0008088,0.0007413,0.0037387,0.000777
0.000445,0.003784,0.0008088,0.0004452,0.0037857,0.000777
0.000147,0.003807,0.0008088,0.000147,0.0038087,0.0007769
-0.000153,0.003807,0.0008088,-0.0001531,0.0038087,0.000777
-0.000451,0.003783,0.0008088,-0.0004512,0.0037847,0.000777
-0.000747,0.003736,0.0008088,-0.0007474,0.0037376,0.000777
-0.001037,0.003666,0.0008088,-0.0010375,0.0036676,0.0007769
-0.001322,0.003573,0.0008088,-0.0013226,0.0035746,0.0007769
-0.001598,0.003459,0.0008088,-0.0015987,0.0034605,0.0007769
-0.001865,0.003322,0.0008088,-0.0018658,0.0033235,0.000777
-0.00212,0.003166,0.0008088,-0.0021209,0.0031674,0.000777
-0.002362,0.00299,0.0008088,-0.002363,0.0029913,0.0007769
-0.002589,0.002795,0.0008088,-0.0025902,0.0027962,0.000777
-0.002801,0.002583,0.0008088,-0.0028022,0.0025842,0.000777
-0.002995,0.002355,0.0008088,-0.0029964,0.0023561,0.0007769
-0.00317,0.002113,0.0008088,-0.0031714,0.0021139,0.000777
-0.003326,0.001858,0.0008088,-0.0033275,0.0018588,0.0007769
-0.003462,0.001591,0.0008088,-0.0034636,0.0015917,0.000777
-0.003576,0.001315,0.0008088,-0.0035776,0.0013156,0.0007769
-0.003668,0.00103,0.0008088,-0.0036696,0.0010304,0.0007769
-0.003738,0.000739,0.0008088,-0.0037396,0.0007393,0.000777
-0.003784,0.000443,0.0008088,-0.0037857,0.0004431,0.000777
-0.003807,0.000145,0.0008088,-0.0038087,0.000145,0.0007769
-0.003807,-0.000154,0.0008088,-0.0038087,-0.0001541,0.0007769
-0.003783,-0.000453,0.0008088,-0.0037846,-0.0004532,0.000777
-0.003736,-0.000748,0.0008088,-0.0037377,-0.0007483,0.000777
-0.003666,-0.001039,0.0008088,-0.0036676,-0.0010395,0.0007769
-0.003573,-0.001323,0.0008088,-0.0035746,-0.0013236,0.000777
-0.003458,-0.001599,0.0008088,-0.0034595,-0.0015997,0.000777
-0.003322,-0.001866,0.0008088,-0.0033235,-0.0018668,0.0007769
-0.003165,-0.002121,0.0008088,-0.0031664,-0.0021219,0.000777
-0.002989,-0.002362,0.0008088,-0.0029903,-0.002363,0.000777
-0.002795,-0.00259,0.0008088,-0.0027962,-0.0025911,0.0007769
-0.002583,-0.002801,0.0008088,-0.0025841,-0.0028023,0.000777
-0.002355,-0.002995,0.0008088,-0.002356,-0.0029964,0.0007769
-0.002113,-0.00317,0.0008088,-0.0021139,-0.0031713,0.000777
-0.001858,-0.003326,0.0008088,-0.0018588,-0.0033274,0.0007769
-0.001592,-0.003462,0.0008088,-0.0015927,-0.0034636,0.000777
-0.001315,-0.003576,0.0008088,-0.0013155,-0.0035776,0.0007769
-0.001031,-0.003668,0.0008088,-0.0010314,-0.0036696,0.000777
-0.00074,-0.003737,0.0008088,-0.0007403,-0.0037387,0.000777
0.001036,0.003666,0.0227208,0.001036,0.003666,0.0226608
0.000746,0.003736,0.0227208,0.000746,0.003736,0.0226608
0.00045,0.003783,0.0227208,0.00045,0.003783,0.0226608
0.001597,0.003459,0.0227208,0.001597,0.003459,0.0226608
0.001863,0.003323,0.0227208,0.001863,0.003323,0.0226608
0.002118,0.003167,0.0227208,0.002118,0.003167,0.0226608
0.00236,0.002991,0.0227208,0.00236,0.002991,0.0226608
0.002587,0.002797,0.0227208,0.002587,0.002797,0.0226608
0.002799,0.002585,0.0227208,0.002799,0.002585,0.0226608
0.002993,0.002357,0.0227208,0.002993,0.002357,0.0226608
0.003169,0.002115,0.0227208,0.003169,0.002115,0.0226608
0.003325,0.00186,0.0227208,0.003325,0.00186,0.0226608
0.003461,0.001593,0.0227208,0.003461,0.001593,0.0226608
0.003575,0.001317,0.0227208,0.003575,0.001317,0.0226608
0.003667,0.001032,0.0227208,0.003667,0.001032,0.0226608
0.003737,0.000741,0.0227208,0.003737,0.000741,0.0226608
0.003784,0.000446,0.0227208,0.003784,0.000446,0.0226608
0.003807,0.000147,0.0227208,0.003807,0.000147,0.0226608
0.003807,-0.000152,0.0227208,0.003807,-0.000152,0.0226608
0.003783,-0.00045,0.0227208,0.003783,-0.00045,0.0226608
0.003736,-0.000745,0.0227208,0.003736,-0.000745,0.0226608
0.003666,-0.001036,0.0227208,0.003666,-0.001036,0.0226608
0.003574,-0.001321,0.0227208,0.003574,-0.001321,0.0226608
0.003459,-0.001597,0.0227208,0.003459,-0.001597,0.0226608
0.003323,-0.001863,0.0227208,0.003323,-0.001863,0.0226608
0.003167,-0.002118,0.0227208,0.003167,-0.002118,0.0226608
0.002991,-0.00236,0.0227208,0.002991,-0.00236,0.0226608
0.002796,-0.002588,0.0227208,0.002796,-0.002588,0.0226608
0.002585,-0.002799,0.0227208,0.002585,-0.002799,0.0226608
0.002357,-0.002993,0.0227208,0.002357,-0.002993,0.0226608
0.002115,-0.003169,0.0227208,0.002115,-0.003169,0.0226608
0.00186,-0.003325,0.0227208,0.00186,-0.003325,0.0226608
0.001593,-0.003461,0.0227208,0.001593,-0.003461,0.0226608
0.001316,-0.003575,0.0227208,0.001316,-0.003575,0.0226608
0.001032,-0.003668,0.0227208,0.001032,-0.003668,0.0226608
0.000741,-0.003737,0.0227208,0.000741,-0.003737,0.0226608
0.000445,-0.003784,0.0227208,0.000445,-0.003784,0.0226608
0.000147,-0.003807,0.0227208,0.000147,-0.003807,0.0226608
-0.000153,-0.003807,0.0227208,-0.000153,-0.003807,0.0226608
-0.000451,-0.003783,0.0227208,-0.000451,-0.003783,0.0226608
-0.000747,-0.003736,0.0227208,-0.000747,-0.003736,0.0226608
-0.001038,-0.003666,0.0227208,-0.001038,-0.003666,0.0226608
-0.001322,-0.003573,0.0227208,-0.001322,-0.003573,0.0226608
-0.001599,-0.003458,0.0227208,-0.001599,-0.003458,0.0226608
-0.001865,-0.003322,0.0227208,-0.001865,-0.003322,0.0226608
-0.00212,-0.003166,0.0227208,-0.00212,-0.003166,0.0226608
-0.002362,-0.002989,0.0227208,-0.002362,-0.002989,0.0226608
-0.002589,-0.002795,0.0227208,-0.002589,-0.002795,0.0226608
-0.002801,-0.002583,0.0227208,-0.002801,-0.002583,0.0226608
-0.002995,-0.002355,0.0227208,-0.002995,-0.002355,0.0226608
-0.003171,-0.002113,0.0227208,-0.003171,-0.002113,0.0226608
-0.003327,-0.001857,0.0227208,-0.003327,-0.001857,0.0226608
-0.003462,-0.00159,0.0227208,-0.003462,-0.00159,0.0226608
-0.003576,-0.001314,0.0227208,-0.003576,-0.001314,0.0226608
-0.003668,-0.001029,0.0227208,-0.003668,-0.001029,0.0226608
-0.003738,-0.000738,0.0227208,-0.003738,-0.000738,0.0226608
-0.003784,-0.000442,0.0227208,-0.003784,-0.000442,0.0226608
-0.003807,-0.000144,0.0227208,-0.003807,-0.000144,0.0226608
-0.003807,0.000155,0.0227208,-0.003807,0.000155,0.0226608
-0.003783,0.000454,0.0227208,-0.003783,0.000454,0.0226608
-0.003736,0.000749,0.0227208,-0.003736,0.000749,0.0226608
-0.003665,0.00104,0.0227208,-0.003665,0.00104,0.0226608
-0.003573,0.001324,0.0227208,-0.003573,0.001324,0.0226608
-0.003458,0.0016,0.0227208,-0.003458,0.0016,0.0226608
-0.003321,0.001867,0.0227208,-0.003321,0.001867,0.0226608
-0.003165,0.002121,0.0227208,-0.003165,0.002121,0.0226608
-0.002989,0.002363,0.0227208,-0.002989,0.002363,0.0226608
-0.002794,0.00259,0.0227208,-0.002794,0.00259,0.0226608
-0.002582,0.002801,0.0227208,-0.002582,0.002801,0.0226608
-0.002355,0.002995,0.0227208,-0.002355,0.002995,0.0226608
-0.002113,0.003171,0.0227208,-0.002113,0.003171,0.0226608
-0.001858,0.003326,0.0227208,-0.001858,0.003326,0.0226608
-0.001591,0.003462,0.0227208,-0.001591,0.003462,0.0226608
-0.001315,0.003576,0.0227208,-0.001315,0.003576,0.0226608
-0.001031,0.003668,0.0227208,-0.001031,0.003668,0.0226608
-0.00074,0.003737,0.0227208,-0.00074,0.003737,0.0226608
0.00045,-0.003783,0.0008088,0.0004502,-0.0037847,0.0007769
0.001036,-0.003666,0.0008088,0.0010364,-0.0036676,0.0007769
0.000745,-0.003736,0.0008088,0.0007454,-0.0037377,0.000777
0.001597,-0.003459,0.0008088,0.0015977,-0.0034606,0.000777
0.001863,-0.003323,0.0008088,0.0018638,-0.0033244,0.0007769
0.001321,0.003574,0.0227208,0.001321,0.003574,0.0226608
0.000152,0.003807,0.0227208,0.000152,0.003807,0.0226608
-0.000445,-0.003784,0.0008088,-0.0004452,-0.0037857,0.000777
0.000152,-0.003807,0.0008088,0.0001521,-0.0038087,0.000777
-0.000445,0.003784,0.0227208,-0.000445,0.003784,0.0226608
-0.000147,0.003807,0.0227208,-0.000147,0.003807,0.0226608
0.002241,-0.003081,0.0010688,0.002242,-0.0030823,0.0010363
0.002898,-0.002473,0.0010688,0.0028993,-0.0024741,0.0010363
0.003083,-0.002238,0.0010688,0.0030844,-0.002239,0.0010363
0.003249,-0.001989,0.0010688,0.0032505,-0.0019899,0.0010362
0.003396,-0.001728,0.0010688,0.0033975,-0.0017288,0.0010363
0.003521,-0.001456,0.0010688,0.0035226,-0.0014567,0.0010363
0.003624,-0.001176,0.0010688,0.0036257,-0.0011765,0.0010363
0.003705,-0.000888,0.0010688,0.0037067,-0.0008884,0.0010363
0.003763,-0.000594,0.0010688,0.0037647,-0.0005943,0.0010362
0.003798,-0.000297,0.0010688,0.0037998,-0.0002971,0.0010363
0.00381,2e-06,0.0010688,0.0038117,2e-06,0.0010363
0.003798,0.000301,0.0010688,0.0037998,0.0003011,0.0010363
0.003763,0.000598,0.0010688,0.0037647,0.0005982,0.0010363
0.003704,0.000891,0.0010688,0.0037057,0.0008914,0.0010362
0.003623,0.001179,0.0010688,0.0036246,0.0011795,0.0010362
0.003519,0.00146,0.0010688,0.0035206,0.0014606,0.0010363
0.003394,0.001732,0.0010688,0.0033955,0.0017328,0.0010363
0.003247,0.001993,0.0010688,0.0032484,0.0019939,0.0010363
0.003081,0.002242,0.0010688,0.0030824,0.002243,0.0010362
0.002895,0.002476,0.0010688,0.0028963,0.0024771,0.0010363
0.002692,0.002696,0.0010688,0.0026932,0.0026972,0.0010362
0.002472,0.002899,0.0010688,0.002473,0.0029003,0.0010363
0.002237,0.003084,0.0010688,0.002238,0.0030854,0.0010362
0.001988,0.00325,0.0010688,0.0019889,0.0032515,0.0010363
0.001727,0.003396,0.0010688,0.0017277,0.0033975,0.0010363
0.001455,0.003521,0.0010688,0.0014556,0.0035226,0.0010363
0.001174,0.003625,0.0010688,0.0011745,0.0036266,0.0010363
0.000886,0.003706,0.0010688,0.0008864,0.0037076,0.0010363
0.000592,0.003764,0.0010688,0.0005923,0.0037657,0.0010363
0.000295,0.003799,0.0010688,0.0002952,0.0038007,0.0010363
-4e-06,0.00381,0.0010688,-4e-06,0.0038118,0.0010363
-0.000303,0.003798,0.0010688,-0.0003032,0.0037997,0.0010362
-0.0006,0.003762,0.0010688,-0.0006003,0.0037636,0.0010363
-0.000894,0.003704,0.0010688,-0.0008944,0.0037057,0.0010363
-0.001182,0.003622,0.0010688,-0.0011825,0.0036236,0.0010362
-0.001462,0.003518,0.0010688,-0.0014627,0.0035196,0.0010362
-0.001734,0.003393,0.0010688,-0.0017348,0.0033945,0.0010362
-0.001995,0.003246,0.0010688,-0.0019959,0.0032474,0.0010363
-0.002244,0.003079,0.0010688,-0.002245,0.0030803,0.0010363
-0.002478,0.002894,0.0010688,-0.0024791,0.0028953,0.0010362
-0.002698,0.00269,0.0010688,-0.0026992,0.0026912,0.0010363
-0.002901,0.00247,0.0010688,-0.0029023,0.0024711,0.0010363
-0.003086,0.002235,0.0010688,-0.0030874,0.002236,0.0010362
-0.003252,0.001986,0.0010688,-0.0032534,0.0019869,0.0010363
-0.003397,0.001725,0.0010688,-0.0033985,0.0017258,0.0010363
-0.003522,0.001453,0.0010688,-0.0035235,0.0014536,0.0010363
-0.003625,0.001172,0.0010688,-0.0036266,0.0011725,0.0010362
-0.003706,0.000884,0.0010688,-0.0037077,0.0008844,0.0010362
-0.003764,0.00059,0.0010688,-0.0037657,0.0005903,0.0010363
-0.003799,0.000293,0.0010688,-0.0038007,0.0002931,0.0010362
-0.00381,-6e-06,0.0010688,-0.0038117,-6e-06,0.0010362
-0.003798,-0.000305,0.0010688,-0.0037997,-0.0003051,0.0010363
-0.003762,-0.000602,0.0010688,-0.0037636,-0.0006023,0.0010363
-0.003703,-0.000896,0.0010688,-0.0037046,-0.0008964,0.0010363
-0.003621,-0.001184,0.0010688,-0.0036226,-0.0011845,0.0010363
-0.003517,-0.001464,0.0010688,-0.0035186,-0.0014647,0.0010363
-0.003392,-0.001736,0.0010688,-0.0033935,-0.0017368,0.0010363
-0.003245,-0.001996,0.0010688,-0.0032465,-0.0019969,0.0010363
-0.003079,-0.002245,0.0010688,-0.0030804,-0.002246,0.0010363
-0.002893,-0.002479,0.0010688,-0.0028943,-0.0024801,0.0010363
-0.00269,-0.002698,0.0010688,-0.0026912,-0.0026992,0.0010363
-0.00247,-0.002901,0.0010678,-0.0024711,-0.0029023,0.0010352
-0.002235,-0.003086,0.0010678,-0.002236,-0.0030874,0.0010352
-0.001986,-0.003251,0.0010678,-0.0019868,-0.0032525,0.0010353
-0.001725,-0.003397,0.0010678,-0.0017257,-0.0033985,0.0010353
-0.001453,-0.003522,0.0010678,-0.0014536,-0.0035236,0.0010353
-0.001173,-0.003625,0.0010678,-0.0011735,-0.0036266,0.0010353
-0.000885,-0.003706,0.0010678,-0.0008854,-0.0037076,0.0010353
0.000599,0.003763,0.0224618,0.000599,0.003763,0.0224018
0.002695,-0.002693,0.0010688,0.0026962,-0.0026942,0.0010363
0.001993,0.003247,0.0224608,0.001993,0.003247,0.0224008
0.001732,0.003394,0.0224608,0.001732,0.003394,0.0224008
0.002476,0.002896,0.0224608,0.002476,0.002896,0.0224008
0.002695,0.002693,0.0224608,0.002695,0.002693,0.0224008
0.002898,0.002473,0.0224608,0.002898,0.002473,0.0224008
0.003084,0.002238,0.0224608,0.003084,0.002238,0.0224008
0.00325,0.001989,0.0224608,0.00325,0.001989,0.0224008
0.003396,0.001728,0.0224608,0.003396,0.001728,0.0224008
0.003521,0.001456,0.0224608,0.003521,0.001456,0.0224008
0.003624,0.001175,0.0224608,0.003624,0.001175,0.0224008
0.003705,0.000887,0.0224608,0.003705,0.000887,0.0224008
0.003763,0.000594,0.0224608,0.003763,0.000594,0.0224008
0.003798,0.000297,0.0224608,0.003798,0.000297,0.0224008
0.00381,-2e-06,0.0224608,0.00381,-2e-06,0.0224008
0.003798,-0.000301,0.0224608,0.003798,-0.000301,0.0224008
0.003763,-0.000598,0.0224608,0.003763,-0.000598,0.0224008
0.003704,-0.000892,0.0224608,0.003704,-0.000892,0.0224008
0.003623,-0.00118,0.0224608,0.003623,-0.00118,0.0224008
0.003519,-0.00146,0.0224608,0.003519,-0.00146,0.0224008
0.003394,-0.001732,0.0224608,0.003394,-0.001732,0.0224008
0.003247,-0.001993,0.0224608,0.003247,-0.001993,0.0224008
0.003081,-0.002242,0.0224608,0.003081,-0.002242,0.0224008
0.002895,-0.002476,0.0224608,0.002895,-0.002476,0.0224008
0.002692,-0.002696,0.0224608,0.002692,-0.002696,0.0224008
0.002472,-0.002899,0.0224608,0.002472,-0.002899,0.0224008
0.002237,-0.003084,0.0224608,0.002237,-0.003084,0.0224008
0.001988,-0.00325,0.0224608,0.001988,-0.00325,0.0224008
0.001727,-0.003396,0.0224608,0.001727,-0.003396,0.0224008
0.001455,-0.003521,0.0224608,0.001455,-0.003521,0.0224008
0.001174,-0.003625,0.0224608,0.001174,-0.003625,0.0224008
0.000886,-0.003706,0.0224608,0.000886,-0.003706,0.0224008
0.000592,-0.003764,0.0224608,0.000592,-0.003764,0.0224008
0.000295,-0.003799,0.0224608,0.000295,-0.003799,0.0224008
-4e-06,-0.00381,0.0224608,-4e-06,-0.00381,0.0224008
-0.000303,-0.003798,0.0224608,-0.000303,-0.003798,0.0224008
-0.0006,-0.003762,0.0224608,-0.0006,-0.003762,0.0224008
-0.000894,-0.003704,0.0224608,-0.000894,-0.003704,0.0224008
-0.001182,-0.003622,0.0224608,-0.001182,-0.003622,0.0224008
-0.001463,-0.003518,0.0224608,-0.001463,-0.003518,0.0224008
-0.001734,-0.003392,0.0224608,-0.001734,-0.003392,0.0224008
-0.001995,-0.003246,0.0224608,-0.001995,-0.003246,0.0224008
-0.002244,-0.003079,0.0224608,-0.002244,-0.003079,0.0224008
-0.002479,-0.002894,0.0224608,-0.002479,-0.002894,0.0224008
-0.002698,-0.00269,0.0224608,-0.002698,-0.00269,0.0224008
-0.002901,-0.00247,0.0224608,-0.002901,-0.00247,0.0224008
-0.003086,-0.002235,0.0224608,-0.003086,-0.002235,0.0224008
-0.003252,-0.001985,0.0224608,-0.003252,-0.001985,0.0224008
-0.003398,-0.001724,0.0224608,-0.003398,-0.001724,0.0224008
-0.003523,-0.001452,0.0224608,-0.003523,-0.001452,0.0224008
-0.003626,-0.001171,0.0224608,-0.003626,-0.001171,0.0224008
-0.003706,-0.000883,0.0224608,-0.003706,-0.000883,0.0224008
-0.003764,-0.000589,0.0224608,-0.003764,-0.000589,0.0224008
-0.003799,-0.000292,0.0224608,-0.003799,-0.000292,0.0224008
-0.00381,7e-06,0.0224608,-0.00381,7e-06,0.0224008
-0.003798,0.000306,0.0224608,-0.003798,0.000306,0.0224008
-0.003762,0.000603,0.0224608,-0.003762,0.000603,0.0224008
-0.003703,0.000897,0.0224608,-0.003703,0.000897,0.0224008
-0.003621,0.001184,0.0224608,-0.003621,0.001184,0.0224008
-0.003517,0.001465,0.0224608,-0.003517,0.001465,0.0224008
-0.003391,0.001736,0.0224608,-0.003391,0.001736,0.0224008
-0.003245,0.001997,0.0224608,-0.003245,0.001997,0.0224008
-0.003078,0.002245,0.0224608,-0.003078,0.002245,0.0224008
-0.002893,0.00248,0.0224608,-0.002893,0.00248,0.0224008
-0.002689,0.002699,0.0224608,-0.002689,0.002699,0.0224008
-0.002469,0.002902,0.0224618,-0.002469,0.002902,0.0224018
-0.002234,0.003086,0.0224618,-0.002234,0.003086,0.0224018
-0.001985,0.003252,0.0224618,-0.001985,0.003252,0.0224018
-0.001724,0.003397,0.0224618,-0.001724,0.003397,0.0224018
-0.001453,0.003522,0.0224618,-0.001453,0.003522,0.0224018
-0.001172,0.003625,0.0224618,-0.001172,0.003625,0.0224018
-0.000885,0.003706,0.0224618,-0.000885,0.003706,0.0224018
0.000599,-0.003763,0.0010678,0.0005993,-0.0037646,0.0010353
0.00146,-0.003519,0.0010678,0.0014607,-0.0035206,0.0010353
0.000892,-0.003704,0.0010678,0.0008924,-0.0037057,0.0010353
0.002476,-0.002896,0.0010688,0.0024771,-0.0028972,0.0010363
-0.000147,-0.003807,0.0008088,-0.0001471,-0.0038087,0.000777
0.000892,0.003704,0.0224618,0.000892,0.003704,0.0224018
0.002241,0.003081,0.0224608,0.002241,0.003081,0.0224008
0.00118,-0.003623,0.0010678,0.0011805,-0.0036246,0.0010352
0.00118,0.003623,0.0224618,0.00118,0.003623,0.0224018
0.000302,0.003798,0.0224618,0.000302,0.003798,0.0224018
-0.000592,-0.003764,0.0010678,-0.0005923,-0.0037657,0.0010353
0.000302,-0.003798,0.0010678,0.0003021,-0.0037996,0.0010353
0.001992,-0.003248,0.0010688,0.0019929,-0.0032495,0.0010363
-0.000592,0.003764,0.0224618,-0.000592,0.003764,0.0224018
0.001732,-0.003394,0.0010688,0.0017328,-0.0033956,0.0010362
0.00146,0.003519,0.0224618,0.00146,0.003519,0.0224018
0.003169,-0.002115,0.0013288,0.0031704,-0.002116,0.0012956
0.001037,-0.003666,0.0013278,0.0010374,-0.0036676,0.0012945
0.002993,-0.002357,0.0013288,0.0029944,-0.0023581,0.0012955
0.003461,-0.001593,0.0013288,0.0034626,-0.0015938,0.0012956
0.003575,-0.001317,0.0013288,0.0035766,-0.0013176,0.0012956
0.003668,-0.001032,0.0013288,0.0036697,-0.0010325,0.0012956
0.003737,-0.000741,0.0013288,0.0037388,-0.0007413,0.0012956
0.003784,-0.000446,0.0013288,0.0037858,-0.0004462,0.0012956
0.003807,-0.000147,0.0013288,0.0038088,-0.0001471,0.0012956
0.003807,0.000152,0.0013288,0.0038088,0.0001521,0.0012956
0.003783,0.00045,0.0013288,0.0037848,0.0004502,0.0012956
0.003736,0.000746,0.0013288,0.0037377,0.0007463,0.0012956
0.003666,0.001037,0.0013288,0.0036677,0.0010375,0.0012956
0.003574,0.001321,0.0013288,0.0035757,0.0013216,0.0012956
0.003459,0.001598,0.0013288,0.0034607,0.0015987,0.0012956
0.003323,0.001864,0.0013288,0.0033246,0.0018649,0.0012957
0.003166,0.002119,0.0013288,0.0031674,0.00212,0.0012955
0.00299,0.002361,0.0013288,0.0029914,0.0023621,0.0012955
0.002796,0.002589,0.0013288,0.0027973,0.0025902,0.0012956
0.002584,0.0028,0.0013288,0.0025852,0.0028013,0.0012955
0.002356,0.002994,0.0013288,0.0023571,0.0029954,0.0012955
0.002114,0.00317,0.0013288,0.002115,0.0031714,0.0012956
0.001858,0.003326,0.0013288,0.0018588,0.0033275,0.0012956
0.001591,0.003462,0.0013288,0.0015917,0.0034636,0.0012955
0.001315,0.003576,0.0013288,0.0013156,0.0035776,0.0012956
0.00103,0.003668,0.0013288,0.0010304,0.0036697,0.0012956
0.000739,0.003738,0.0013288,0.0007393,0.0037398,0.0012956
0.000443,0.003784,0.0013288,0.0004432,0.0037857,0.0012956
0.000145,0.003807,0.0013288,0.0001451,0.0038088,0.0012956
-0.000155,0.003807,0.0013288,-0.0001551,0.0038087,0.0012955
-0.000453,0.003783,0.0013288,-0.0004532,0.0037847,0.0012955
-0.000748,0.003736,0.0013288,-0.0007484,0.0037377,0.0012956
-0.001039,0.003665,0.0013288,-0.0010395,0.0036667,0.0012956
-0.001324,0.003573,0.0013288,-0.0013246,0.0035746,0.0012955
-0.0016,0.003458,0.0013288,-0.0016007,0.0034596,0.0012956
-0.001867,0.003321,0.0013288,-0.0018678,0.0033225,0.0012956
-0.002122,0.003164,0.0013288,-0.0021229,0.0031655,0.0012956
-0.002364,0.002988,0.0013288,-0.002365,0.0029893,0.0012955
-0.002591,0.002793,0.0013288,-0.0025922,0.0027943,0.0012956
-0.002802,0.002581,0.0013288,-0.0028033,0.0025822,0.0012956
-0.002996,0.002353,0.0013288,-0.0029974,0.002354,0.0012956
-0.003172,0.002111,0.0013288,-0.0031734,0.0021119,0.0012956
-0.003328,0.001856,0.0013288,-0.0033295,0.0018568,0.0012956
-0.003463,0.001589,0.0013288,-0.0034646,0.0015897,0.0012956
-0.003577,0.001312,0.0013288,-0.0035786,0.0013126,0.0012956
-0.003669,0.001027,0.0013288,-0.0036707,0.0010275,0.0012955
-0.003738,0.000736,0.0013288,-0.0037397,0.0007364,0.0012955
-0.003784,0.00044,0.0013288,-0.0037857,0.0004402,0.0012956
-0.003807,0.000142,0.0013288,-0.0038088,0.000142,0.0012955
-0.003807,-0.000158,0.0013288,-0.0038087,-0.000158,0.0012956
-0.003783,-0.000456,0.0013288,-0.0037847,-0.0004561,0.0012956
-0.003735,-0.000751,0.0013288,-0.0037367,-0.0007513,0.0012956
-0.003665,-0.001042,0.0013288,-0.0036667,-0.0010425,0.0012956
-0.003572,-0.001326,0.0013288,-0.0035736,-0.0013267,0.0012956
-0.003457,-0.001603,0.0013288,-0.0034586,-0.0016037,0.0012956
-0.00332,-0.001869,0.0013278,-0.0033215,-0.0018698,0.0012946
-0.003163,-0.002124,0.0013278,-0.0031644,-0.002125,0.0012946
-0.002987,-0.002365,0.0013278,-0.0029884,-0.0023661,0.0012946
-0.002792,-0.002592,0.0013278,-0.0027932,-0.0025932,0.0012946
-0.002581,-0.002803,0.0013278,-0.0025821,-0.0028043,0.0012946
-0.002353,-0.002997,0.0013278,-0.002354,-0.0029983,0.0012945
-0.002111,-0.003172,0.0013278,-0.0021119,-0.0031734,0.0012946
-0.001856,-0.003328,0.0013278,-0.0018568,-0.0033295,0.0012946
-0.001589,-0.003463,0.0013278,-0.0015897,-0.0034646,0.0012946
-0.001313,-0.003577,0.0013278,-0.0013136,-0.0035787,0.0012946
-0.001029,-0.003668,0.0013278,-0.0010295,-0.0036696,0.0012946
0.003325,-0.00186,0.0013288,0.0033265,-0.001861,0.0012956
0.002799,0.002585,0.0222018,0.002799,0.002585,0.0221418
0.002588,0.002796,0.0222018,0.002588,0.002796,0.0221418
0.003169,0.002115,0.0222008,0.003169,0.002115,0.0221408
0.003325,0.00186,0.0222008,0.003325,0.00186,0.0221408
0.003461,0.001593,0.0222008,0.003461,0.001593,0.0221408
0.003575,0.001316,0.0222008,0.003575,0.001316,0.0221408
0.003668,0.001032,0.0222008,0.003668,0.001032,0.0221408
0.003737,0.000741,0.0222008,0.003737,0.000741,0.0221408
0.003784,0.000445,0.0222008,0.003784,0.000445,0.0221408
0.003807,0.000147,0.0222008,0.003807,0.000147,0.0221408
0.003807,-0.000152,0.0222008,0.003807,-0.000152,0.0221408
0.003783,-0.000451,0.0222008,0.003783,-0.000451,0.0221408
0.003736,-0.000746,0.0222008,0.003736,-0.000746,0.0221408
0.003666,-0.001037,0.0222008,0.003666,-0.001037,0.0221408
0.003574,-0.001321,0.0222008,0.003574,-0.001321,0.0221408
0.003459,-0.001598,0.0222008,0.003459,-0.001598,0.0221408
0.003323,-0.001864,0.0222008,0.003323,-0.001864,0.0221408
0.003166,-0.002119,0.0222008,0.003166,-0.002119,0.0221408
0.00299,-0.002361,0.0222008,0.00299,-0.002361,0.0221408
0.002796,-0.002589,0.0222008,0.002796,-0.002589,0.0221408
0.002584,-0.0028,0.0222008,0.002584,-0.0028,0.0221408
0.002356,-0.002994,0.0222008,0.002356,-0.002994,0.0221408
0.002114,-0.00317,0.0222008,0.002114,-0.00317,0.0221408
0.001858,-0.003326,0.0222008,0.001858,-0.003326,0.0221408
0.001592,-0.003462,0.0222008,0.001592,-0.003462,0.0221408
0.001315,-0.003576,0.0222008,0.001315,-0.003576,0.0221408
0.00103,-0.003668,0.0222008,0.00103,-0.003668,0.0221408
0.000739,-0.003738,0.0222008,0.000739,-0.003738,0.0221408
0.000443,-0.003784,0.0222008,0.000443,-0.003784,0.0221408
0.000145,-0.003807,0.0222008,0.000145,-0.003807,0.0221408
-0.000155,-0.003807,0.0222008,-0.000155,-0.003807,0.0221408
-0.000453,-0.003783,0.0222008,-0.000453,-0.003783,0.0221408
-0.000749,-0.003736,0.0222008,-0.000749,-0.003736,0.0221408
-0.00104,-0.003665,0.0222008,-0.00104,-0.003665,0.0221408
-0.001324,-0.003573,0.0222008,-0.001324,-0.003573,0.0221408
-0.001601,-0.003458,0.0222008,-0.001601,-0.003458,0.0221408
-0.001867,-0.003321,0.0222008,-0.001867,-0.003321,0.0221408
-0.002122,-0.003164,0.0222008,-0.002122,-0.003164,0.0221408
-0.002364,-0.002988,0.0222008,-0.002364,-0.002988,0.0221408
-0.002591,-0.002793,0.0222008,-0.002591,-0.002793,0.0221408
-0.002803,-0.002581,0.0222008,-0.002803,-0.002581,0.0221408
-0.002997,-0.002353,0.0222008,-0.002997,-0.002353,0.0221408
-0.003172,-0.00211,0.0222008,-0.003172,-0.00211,0.0221408
-0.003328,-0.001855,0.0222008,-0.003328,-0.001855,0.0221408
-0.003463,-0.001588,0.0222008,-0.003463,-0.001588,0.0221408
-0.003577,-0.001311,0.0222008,-0.003577,-0.001311,0.0221408
-0.003669,-0.001026,0.0222008,-0.003669,-0.001026,0.0221408
-0.003738,-0.000735,0.0222008,-0.003738,-0.000735,0.0221408
-0.003785,-0.000439,0.0222008,-0.003785,-0.000439,0.0221408
-0.003807,-0.000141,0.0222008,-0.003807,-0.000141,0.0221408
-0.003807,0.000158,0.0222008,-0.003807,0.000158,0.0221408
-0.003783,0.000457,0.0222008,-0.003783,0.000457,0.0221408
-0.003735,0.000752,0.0222008,-0.003735,0.000752,0.0221408
-0.003664,0.001043,0.0222008,-0.003664,0.001043,0.0221408
-0.003571,0.001327,0.0222008,-0.003571,0.001327,0.0221408
-0.003456,0.001603,0.0222008,-0.003456,0.001603,0.0221408
-0.00332,0.00187,0.0222018,-0.00332,0.00187,0.0221418
-0.003163,0.002124,0.0222018,-0.003163,0.002124,0.0221418
-0.002987,0.002366,0.0222018,-0.002987,0.002366,0.0221418
-0.002792,0.002593,0.0222018,-0.002792,0.002593,0.0221418
-0.00258,0.002803,0.0222018,-0.00258,0.002803,0.0221418
-0.002352,0.002997,0.0222018,-0.002352,0.002997,0.0221418
-0.00211,0.003172,0.0222018,-0.00211,0.003172,0.0221418
-0.001855,0.003328,0.0222018,-0.001855,0.003328,0.0221418
-0.001589,0.003463,0.0222018,-0.001589,0.003463,0.0221418
-0.001313,0.003577,0.0222018,-0.001313,0.003577,0.0221418
-0.001028,0.003669,0.0222018,-0.001028,0.003669,0.0221418
0.000747,-0.003736,0.0013278,0.0007473,-0.0037377,0.0012946
0.001321,-0.003574,0.0013278,0.0013216,-0.0035757,0.0012945
0.000747,0.003736,0.0222018,0.000747,0.003736,0.0221418
0.001864,0.003323,0.0222018,0.001864,0.003323,0.0221418
0.002799,-0.002585,0.0013278,0.0028003,-0.0025862,0.0012945
0.002993,0.002357,0.0222018,0.002993,0.002357,0.0221418
0.000452,0.003783,0.0222018,0.000452,0.003783,0.0221418
-0.000738,-0.003738,0.0013278,-0.0007384,-0.0037397,0.0012946
-0.000295,-0.003799,0.0010678,-0.0002951,-0.0038007,0.0010352
0.000451,-0.003783,0.0013278,0.0004511,-0.0037847,0.0012946
0.002119,0.003167,0.0222018,0.002119,0.003167,0.0221418
4e-06,0.00381,0.0224618,4e-06,0.00381,0.0224018
0.002119,-0.003167,0.0013278,0.0021199,-0.0031684,0.0012945
3e-06,-0.00381,0.0010678,3e-06,-0.0038117,0.0010352
-0.000295,0.003799,0.0224618,-0.000295,0.003799,0.0224018
0.002361,0.002991,0.0222018,0.002361,0.002991,0.0221418
-0.000738,0.003738,0.0222018,-0.000738,0.003738,0.0221418
0.00236,-0.002991,0.0013278,0.002361,-0.0029924,0.0012946
0.001597,-0.003459,0.0013278,0.0015978,-0.0034606,0.0012946
0.001598,0.003459,0.0222018,0.001598,0.003459,0.0221418
0.002588,-0.002796,0.0013278,0.0025891,-0.0027973,0.0012946
0.001037,0.003666,0.0222018,0.001037,0.003666,0.0221418
0.00118,-0.003623,0.0015878,0.0011805,-0.0036247,0.0015539
0.003624,-0.001175,0.0015878,0.0036257,-0.0011756,0.0015539
0.003521,-0.001456,0.0015878,0.0035226,-0.0014567,0.0015538
0.003763,-0.000594,0.0015878,0.0037647,-0.0005943,0.0015539
0.003798,-0.000296,0.0015878,0.0037997,-0.0002962,0.0015539
0.00381,3e-06,0.0015878,0.0038118,2.9e-06,0.0015539
0.003798,0.000302,0.0015878,0.0037997,0.0003021,0.0015539
0.003763,0.000599,0.0015878,0.0037647,0.0005992,0.0015539
0.003704,0.000892,0.0015878,0.0037058,0.0008924,0.0015539
0.003623,0.00118,0.0015878,0.0036247,0.0011805,0.0015539
0.003519,0.001461,0.0015878,0.0035206,0.0014617,0.0015539
0.003393,0.001733,0.0015878,0.0033946,0.0017338,0.0015539
0.003247,0.001994,0.0015878,0.0032485,0.0019949,0.0015539
0.00308,0.002242,0.0015878,0.0030814,0.0022431,0.0015539
0.002895,0.002477,0.0015878,0.0028963,0.0024782,0.0015539
0.002691,0.002697,0.0015878,0.0026923,0.0026982,0.0015539
0.002471,0.0029,0.0015878,0.0024722,0.0029014,0.0015539
0.002236,0.003085,0.0015878,0.002237,0.0030865,0.0015539
0.001987,0.003251,0.0015878,0.0019879,0.0032525,0.0015539
0.001726,0.003397,0.0015878,0.0017268,0.0033986,0.0015539
0.001454,0.003522,0.0015878,0.0014547,0.0035236,0.0015539
0.001173,0.003625,0.0015878,0.0011736,0.0036267,0.0015539
0.000884,0.003706,0.0015878,0.0008844,0.0037078,0.0015539
0.000591,0.003764,0.0015878,0.0005913,0.0037658,0.0015539
0.000293,0.003799,0.0015878,0.0002932,0.0038007,0.0015539
-6e-06,0.00381,0.0015878,-6e-06,0.0038118,0.0015539
-0.000305,0.003798,0.0015878,-0.0003051,0.0037998,0.0015539
-0.000602,0.003762,0.0015888,-0.0006022,0.0037637,0.0015549
-0.000896,0.003703,0.0015888,-0.0008964,0.0037048,0.0015549
-0.001184,0.003622,0.0015888,-0.0011845,0.0036237,0.0015548
-0.001464,0.003517,0.0015888,-0.0014647,0.0035187,0.0015549
-0.001736,0.003392,0.0015888,-0.0017368,0.0033936,0.0015548
-0.001997,0.003245,0.0015888,-0.0019979,0.0032465,0.0015549
-0.002245,0.003078,0.0015888,-0.002246,0.0030794,0.0015549
-0.00248,0.002892,0.0015888,-0.0024811,0.0028933,0.0015549
-0.002699,0.002689,0.0015888,-0.0027002,0.0026902,0.0015549
-0.002902,0.002468,0.0015888,-0.0029034,0.0024692,0.0015549
-0.003087,0.002233,0.0015888,-0.0030885,0.002234,0.0015549
-0.003253,0.001984,0.0015888,-0.0032545,0.0019849,0.0015549
-0.003399,0.001722,0.0015888,-0.0034006,0.0017228,0.0015549
-0.003523,0.00145,0.0015888,-0.0035247,0.0014506,0.0015549
-0.003626,0.001169,0.0015888,-0.0036277,0.0011695,0.0015549
-0.003707,0.000881,0.0015888,-0.0037087,0.0008814,0.0015549
-0.003765,0.000587,0.0015888,-0.0037667,0.0005873,0.0015549
-0.003799,0.00029,0.0015888,-0.0038008,0.0002901,0.0015549
-0.00381,-9e-06,0.0015878,-0.0038118,-9e-06,0.0015539
-0.003797,-0.000308,0.0015878,-0.0037987,-0.0003081,0.0015539
-0.003762,-0.000606,0.0015878,-0.0037637,-0.0006063,0.0015539
-0.003702,-0.000899,0.0015878,-0.0037037,-0.0008994,0.0015539
-0.00362,-0.001187,0.0015878,-0.0036217,-0.0011876,0.0015539
-0.003516,-0.001467,0.0015878,-0.0035176,-0.0014677,0.0015539
-0.00339,-0.001738,0.0015878,-0.0033916,-0.0017388,0.0015539
-0.003243,-0.001999,0.0015878,-0.0032445,-0.0019999,0.0015539
-0.003077,-0.002247,0.0015878,-0.0030784,-0.0022481,0.0015539
-0.002891,-0.002482,0.0015878,-0.0028923,-0.0024832,0.0015539
-0.002688,-0.002701,0.0015878,-0.0026892,-0.0027023,0.0015539
-0.002467,-0.002903,0.0015878,-0.0024681,-0.0029044,0.0015539
-0.002232,-0.003087,0.0015878,-0.002233,-0.0030884,0.0015539
-0.001984,-0.003253,0.0015878,-0.001985,-0.0032545,0.0015539
-0.001723,-0.003398,0.0015878,-0.0017238,-0.0033996,0.0015539
-0.001451,-0.003523,0.0015878,-0.0014517,-0.0035247,0.0015539
-0.001171,-0.003626,0.0015878,-0.0011715,-0.0036277,0.0015539
0.003396,-0.001728,0.0015878,0.0033976,-0.0017288,0.0015539
0.003084,-0.002238,0.0015878,0.0030854,-0.002239,0.0015539
0.003396,0.001727,0.0219418,0.003396,0.001727,0.0218818
0.00325,0.001989,0.0219418,0.00325,0.001989,0.0218818
0.003624,0.001175,0.0219418,0.003624,0.001175,0.0218818
0.003705,0.000887,0.0219418,0.003705,0.000887,0.0218818
0.003764,0.000593,0.0219418,0.003764,0.000593,0.0218818
0.003798,0.000296,0.0219418,0.003798,0.000296,0.0218818
0.00381,-3e-06,0.0219418,0.00381,-3e-06,0.0218818
0.003798,-0.000302,0.0219418,0.003798,-0.000302,0.0218818
0.003763,-0.000599,0.0219418,0.003763,-0.000599,0.0218818
0.003704,-0.000892,0.0219418,0.003704,-0.000892,0.0218818
0.003623,-0.00118,0.0219418,0.003623,-0.00118,0.0218818
0.003519,-0.001461,0.0219418,0.003519,-0.001461,0.0218818
0.003393,-0.001733,0.0219418,0.003393,-0.001733,0.0218818
0.003247,-0.001994,0.0219418,0.003247,-0.001994,0.0218818
0.00308,-0.002242,0.0219418,0.00308,-0.002242,0.0218818
0.002895,-0.002477,0.0219418,0.002895,-0.002477,0.0218818
0.002691,-0.002697,0.0219418,0.002691,-0.002697,0.0218818
0.002471,-0.0029,0.0219418,0.002471,-0.0029,0.0218818
0.002236,-0.003085,0.0219418,0.002236,-0.003085,0.0218818
0.001987,-0.003251,0.0219418,0.001987,-0.003251,0.0218818
0.001726,-0.003397,0.0219418,0.001726,-0.003397,0.0218818
0.001454,-0.003522,0.0219418,0.001454,-0.003522,0.0218818
0.001173,-0.003625,0.0219418,0.001173,-0.003625,0.0218818
0.000885,-0.003706,0.0219408,0.000885,-0.003706,0.0218808
0.000591,-0.003764,0.0219408,0.000591,-0.003764,0.0218808
0.000294,-0.003799,0.0219408,0.000294,-0.003799,0.0218808
-6e-06,-0.00381,0.0219408,-6e-06,-0.00381,0.0218808
-0.000305,-0.003798,0.0219408,-0.000305,-0.003798,0.0218808
-0.000602,-0.003762,0.0219408,-0.000602,-0.003762,0.0218808
-0.000896,-0.003703,0.0219408,-0.000896,-0.003703,0.0218808
-0.001184,-0.003621,0.0219408,-0.001184,-0.003621,0.0218808
-0.001464,-0.003517,0.0219408,-0.001464,-0.003517,0.0218808
-0.001736,-0.003391,0.0219408,-0.001736,-0.003391,0.0218808
-0.001997,-0.003245,0.0219408,-0.001997,-0.003245,0.0218808
-0.002246,-0.003078,0.0219408,-0.002246,-0.003078,0.0218808
-0.00248,-0.002892,0.0219408,-0.00248,-0.002892,0.0218808
-0.0027,-0.002688,0.0219408,-0.0027,-0.002688,0.0218808
-0.002903,-0.002468,0.0219408,-0.002903,-0.002468,0.0218808
-0.003087,-0.002232,0.0219408,-0.003087,-0.002232,0.0218808
-0.003253,-0.001983,0.0219408,-0.003253,-0.001983,0.0218808
-0.003399,-0.001722,0.0219408,-0.003399,-0.001722,0.0218808
-0.003524,-0.001449,0.0219408,-0.003524,-0.001449,0.0218808
-0.003626,-0.001168,0.0219408,-0.003626,-0.001168,0.0218808
-0.003707,-0.00088,0.0219408,-0.003707,-0.00088,0.0218808
-0.003765,-0.000586,0.0219408,-0.003765,-0.000586,0.0218808
-0.003799,-0.000289,0.0219408,-0.003799,-0.000289,0.0218808
-0.00381,1e-05,0.0219418,-0.00381,1e-05,0.0218818
-0.003797,0.000309,0.0219418,-0.003797,0.000309,0.0218818
-0.003761,0.000606,0.0219418,-0.003761,0.000606,0.0218818
-0.003702,0.0009,0.0219418,-0.003702,0.0009,0.0218818
-0.00362,0.001187,0.0219418,-0.00362,0.001187,0.0218818
-0.003516,0.001468,0.0219418,-0.003516,0.001468,0.0218818
-0.00339,0.001739,0.0219418,-0.00339,0.001739,0.0218818
-0.003243,0.002,0.0219418,-0.003243,0.002,0.0218818
-0.003076,0.002248,0.0219418,-0.003076,0.002248,0.0218818
-0.00289,0.002482,0.0219418,-0.00289,0.002482,0.0218818
-0.002687,0.002701,0.0219418,-0.002687,0.002701,0.0218818
-0.002467,0.002903,0.0219418,-0.002467,0.002903,0.0218818
-0.002232,0.003088,0.0219418,-0.002232,0.003088,0.0218818
-0.001983,0.003253,0.0219418,-0.001983,0.003253,0.0218818
-0.001722,0.003399,0.0219418,-0.001722,0.003399,0.0218818
-0.001451,0.003523,0.0219418,-0.001451,0.003523,0.0218818
-0.00117,0.003626,0.0219418,-0.00117,0.003626,0.0218818
0.000893,-0.003704,0.0015878,0.0008934,-0.0037057,0.0015539
0.001864,-0.003323,0.0013278,0.0018649,-0.0033245,0.0012946
0.003521,0.001456,0.0219418,0.003521,0.001456,0.0218818
0.00325,-0.001989,0.0015878,0.0032515,-0.0019899,0.0015539
0.002696,0.002692,0.0219418,0.002696,0.002692,0.0218818
0.003705,-0.000887,0.0015878,0.0037068,-0.0008874,0.0015539
0.001322,0.003573,0.0222018,0.001322,0.003573,0.0221418
0.002696,-0.002693,0.0015878,0.0026973,-0.0026943,0.0015539
0.002899,-0.002473,0.0015878,0.0029003,-0.0024742,0.0015539
0.000154,-0.003807,0.0013278,0.0001541,-0.0038087,0.0012946
0.002899,0.002473,0.0219418,0.002899,0.002473,0.0218818
0.002476,0.002895,0.0219418,0.002476,0.002895,0.0218818
-0.000883,-0.003706,0.0015878,-0.0008834,-0.0037077,0.0015539
-0.000443,-0.003784,0.0013278,-0.0004432,-0.0037858,0.0012945
0.0006,-0.003762,0.0015878,0.0006002,-0.0037638,0.0015539
0.000154,0.003807,0.0222018,0.000154,0.003807,0.0221418
0.001461,-0.003519,0.0015878,0.0014617,-0.0035206,0.0015539
0.0006,0.003762,0.0219418,0.0006,0.003762,0.0218818
-0.000443,0.003784,0.0222018,-0.000443,0.003784,0.0221418
-0.000883,0.003706,0.0219418,-0.000883,0.003706,0.0218818
0.001993,0.003247,0.0219418,0.001993,0.003247,0.0218818
0.001993,-0.003247,0.0015878,0.001994,-0.0032485,0.0015539
0.000893,0.003704,0.0219418,0.000893,0.003704,0.0218818
0.002241,-0.003081,0.0015878,0.0022421,-0.0030824,0.0015539
0.001732,0.003393,0.0219418,0.001732,0.003393,0.0218818
0.002476,-0.002896,0.0015878,0.0024772,-0.0028974,0.0015539
0.003084,0.002237,0.0219418,0.003084,0.002237,0.0218818
0.003807,-0.000147,0.0018478,0.0038088,-0.0001471,0.0018132
0.003784,-0.000445,0.0018478,0.0037858,-0.0004452,0.0018132
0.003783,0.000451,0.0018478,0.0037848,0.0004512,0.0018132
0.003736,0.000746,0.0018478,0.0037377,0.0007464,0.0018132
0.003666,0.001037,0.0018478,0.0036677,0.0010375,0.0018132
0.003573,0.001322,0.0018478,0.0035747,0.0013226,0.0018132
0.003459,0.001598,0.0018478,0.0034607,0.0015987,0.0018132
0.003322,0.001865,0.0018478,0.0033237,0.0018659,0.0018133
0.003166,0.00212,0.0018478,0.0031675,0.002121,0.0018132
0.00299,0.002362,0.0018478,0.0029914,0.0023631,0.0018132
0.002795,0.002589,0.0018478,0.0027963,0.0025902,0.0018132
0.002583,0.002801,0.0018478,0.0025843,0.0028023,0.0018132
0.002355,0.002995,0.0018478,0.0023561,0.0029964,0.0018132
0.002113,0.003171,0.0018478,0.002114,0.0031725,0.0018133
0.001857,0.003327,0.0018478,0.0018579,0.0033286,0.0018132
0.00159,0.003462,0.0018478,0.0015908,0.0034636,0.0018132
0.001314,0.003576,0.0018478,0.0013147,0.0035777,0.0018132
0.001029,0.003668,0.0018478,0.0010295,0.0036698,0.0018132
0.000737,0.003738,0.0018478,0.0007374,0.0037398,0.0018132
0.000442,0.003784,0.0018478,0.0004422,0.0037858,0.0018132
0.000143,0.003807,0.0018478,0.0001431,0.0038088,0.0018132
-0.000156,0.003807,0.0018478,-0.0001561,0.0038088,0.0018132
-0.000455,0.003783,0.0018478,-0.0004552,0.0037848,0.0018132
-0.00075,0.003735,0.0018478,-0.0007504,0.0037368,0.0018132
-0.001041,0.003665,0.0018478,-0.0010415,0.0036667,0.0018131
-0.001326,0.003572,0.0018478,-0.0013266,0.0035737,0.0018132
-0.001602,0.003457,0.0018478,-0.0016028,0.0034587,0.0018132
-0.001869,0.00332,0.0018478,-0.0018699,0.0033215,0.0018132
-0.002124,0.003163,0.0018478,-0.002125,0.0031645,0.0018132
-0.002365,0.002987,0.0018478,-0.0023661,0.0029884,0.0018132
-0.002593,0.002792,0.0018478,-0.0025942,0.0027933,0.0018132
-0.002804,0.00258,0.0018478,-0.0028054,0.0025812,0.0018132
-0.002998,0.002352,0.0018478,-0.0029995,0.0023531,0.0018132
-0.003173,0.002109,0.0018478,-0.0031745,0.00211,0.0018132
-0.003329,0.001853,0.0018478,-0.0033306,0.0018538,0.0018132
-0.003464,0.001586,0.0018478,-0.0034657,0.0015868,0.0018132
-0.003578,0.001309,0.0018478,-0.0035797,0.0013097,0.0018132
-0.00367,0.001024,0.0018478,-0.0036717,0.0010245,0.0018132
-0.003739,0.000733,0.0018478,-0.0037407,0.0007333,0.0018132
-0.003785,0.000437,0.0018478,-0.0037868,0.0004371,0.0018132
-0.003807,0.000139,0.0018478,-0.0038088,0.000139,0.0018132
-0.003807,-0.00016,0.0018478,-0.0038089,-0.00016,0.0018132
-0.003782,-0.000459,0.0018478,-0.0037838,-0.0004592,0.0018132
-0.003735,-0.000754,0.0018478,-0.0037367,-0.0007544,0.0018132
-0.003664,-0.001045,0.0018478,-0.0036657,-0.0010455,0.0018132
-0.003571,-0.001329,0.0018478,-0.0035727,-0.0013296,0.0018132
-0.003455,-0.001605,0.0018478,-0.0034566,-0.0016058,0.0018132
-0.003319,-0.001871,0.0018478,-0.0033205,-0.0018719,0.0018131
-0.003162,-0.002126,0.0018478,-0.0031635,-0.002127,0.0018132
-0.002985,-0.002367,0.0018478,-0.0029864,-0.0023681,0.0018132
-0.00279,-0.002594,0.0018478,-0.0027913,-0.0025952,0.0018132
-0.002578,-0.002805,0.0018478,-0.0025792,-0.0028063,0.0018132
-0.002351,-0.002998,0.0018478,-0.0023521,-0.0029994,0.0018132
-0.002109,-0.003173,0.0018468,-0.00211,-0.0031745,0.0018122
-0.001854,-0.003329,0.0018468,-0.0018549,-0.0033306,0.0018122
-0.001587,-0.003464,0.0018468,-0.0015878,-0.0034656,0.0018122
-0.001311,-0.003577,0.0018468,-0.0013117,-0.0035787,0.0018122
0.003461,-0.001593,0.0018478,0.0034626,-0.0015937,0.0018132
-0.000145,-0.003807,0.0013278,-0.0001451,-0.0038088,0.0012946
0.003737,0.00074,0.0216818,0.003737,0.00074,0.0216218
0.003668,0.001031,0.0216818,0.003668,0.001031,0.0216218
0.003807,0.000147,0.0216818,0.003807,0.000147,0.0216218
0.003807,-0.000153,0.0216818,0.003807,-0.000153,0.0216218
0.003783,-0.000451,0.0216818,0.003783,-0.000451,0.0216218
0.003736,-0.000747,0.0216818,0.003736,-0.000747,0.0216218
0.003666,-0.001037,0.0216818,0.003666,-0.001037,0.0216218
0.003573,-0.001322,0.0216818,0.003573,-0.001322,0.0216218
0.003459,-0.001598,0.0216818,0.003459,-0.001598,0.0216218
0.003322,-0.001865,0.0216818,0.003322,-0.001865,0.0216218
0.003166,-0.00212,0.0216818,0.003166,-0.00212,0.0216218
0.00299,-0.002362,0.0216818,0.00299,-0.002362,0.0216218
0.002795,-0.002589,0.0216818,0.002795,-0.002589,0.0216218
0.002583,-0.002801,0.0216818,0.002583,-0.002801,0.0216218
0.002355,-0.002995,0.0216818,0.002355,-0.002995,0.0216218
0.002113,-0.00317,0.0216818,0.002113,-0.00317,0.0216218
0.001857,-0.003327,0.0216818,0.001857,-0.003327,0.0216218
0.00159,-0.003462,0.0216818,0.00159,-0.003462,0.0216218
0.001314,-0.003576,0.0216818,0.001314,-0.003576,0.0216218
0.001029,-0.003668,0.0216818,0.001029,-0.003668,0.0216218
0.000738,-0.003738,0.0216818,0.000738,-0.003738,0.0216218
0.000442,-0.003784,0.0216818,0.000442,-0.003784,0.0216218
0.000143,-0.003807,0.0216818,0.000143,-0.003807,0.0216218
-0.000156,-0.003807,0.0216818,-0.000156,-0.003807,0.0216218
-0.000455,-0.003783,0.0216818,-0.000455,-0.003783,0.0216218
-0.00075,-0.003735,0.0216818,-0.00075,-0.003735,0.0216218
-0.001041,-0.003665,0.0216818,-0.001041,-0.003665,0.0216218
-0.001326,-0.003572,0.0216818,-0.001326,-0.003572,0.0216218
-0.001602,-0.003457,0.0216818,-0.001602,-0.003457,0.0216218
-0.001869,-0.00332,0.0216818,-0.001869,-0.00332,0.0216218
-0.002124,-0.003163,0.0216818,-0.002124,-0.003163,0.0216218
-0.002366,-0.002987,0.0216818,-0.002366,-0.002987,0.0216218
-0.002593,-0.002792,0.0216818,-0.002593,-0.002792,0.0216218
-0.002804,-0.002579,0.0216818,-0.002804,-0.002579,0.0216218
-0.002998,-0.002351,0.0216818,-0.002998,-0.002351,0.0216218
-0.003173,-0.002108,0.0216818,-0.003173,-0.002108,0.0216218
-0.003329,-0.001853,0.0216818,-0.003329,-0.001853,0.0216218
-0.003464,-0.001586,0.0216818,-0.003464,-0.001586,0.0216218
-0.003578,-0.001309,0.0216818,-0.003578,-0.001309,0.0216218
-0.00367,-0.001024,0.0216818,-0.00367,-0.001024,0.0216218
-0.003739,-0.000732,0.0216818,-0.003739,-0.000732,0.0216218
-0.003785,-0.000436,0.0216818,-0.003785,-0.000436,0.0216218
-0.003808,-0.000138,0.0216818,-0.003808,-0.000138,0.0216218
-0.003807,0.000161,0.0216818,-0.003807,0.000161,0.0216218
-0.003782,0.00046,0.0216818,-0.003782,0.00046,0.0216218
-0.003734,0.000755,0.0216818,-0.003734,0.000755,0.0216218
-0.003664,0.001046,0.0216818,-0.003664,0.001046,0.0216218
-0.00357,0.00133,0.0216818,-0.00357,0.00133,0.0216218
-0.003455,0.001606,0.0216818,-0.003455,0.001606,0.0216218
-0.003318,0.001872,0.0216818,-0.003318,0.001872,0.0216218
-0.003161,0.002127,0.0216818,-0.003161,0.002127,0.0216218
-0.002985,0.002368,0.0216818,-0.002985,0.002368,0.0216218
-0.00279,0.002595,0.0216818,-0.00279,0.002595,0.0216218
-0.002578,0.002805,0.0216818,-0.002578,0.002805,0.0216218
-0.00235,0.002999,0.0216828,-0.00235,0.002999,0.0216228
-0.002108,0.003174,0.0216828,-0.002108,0.003174,0.0216228
-0.001853,0.003329,0.0216828,-0.001853,0.003329,0.0216228
-0.001587,0.003464,0.0216828,-0.001587,0.003464,0.0216228
-0.00131,0.003578,0.0216828,-0.00131,0.003578,0.0216228
0.002242,0.003081,0.0219418,0.002242,0.003081,0.0218818
0.001038,-0.003666,0.0018468,0.0010385,-0.0036677,0.0018122
0.003575,-0.001316,0.0018478,0.0035767,-0.0013166,0.0018132
0.001732,-0.003393,0.0015878,0.0017327,-0.0033946,0.0015539
0.003737,-0.000741,0.0018478,0.0037388,-0.0007413,0.0018132
0.003668,-0.001032,0.0018478,0.0036697,-0.0010325,0.0018132
-0.000145,0.003807,0.0222018,-0.000145,0.003807,0.0221418
0.003807,0.000153,0.0018478,0.0038088,0.000153,0.0018131
0.000304,0.003798,0.0219418,0.000304,0.003798,0.0218818
0.003326,0.001859,0.0216818,0.003326,0.001859,0.0216218
0.003784,0.000445,0.0216818,0.003784,0.000445,0.0216218
0.001181,0.003622,0.0219418,0.001181,0.003622,0.0218818
0.000453,0.003783,0.0216828,0.000453,0.003783,0.0216228
0.002588,0.002796,0.0216818,0.002588,0.002796,0.0216218
0.003325,-0.00186,0.0018478,0.0033265,-0.0018609,0.0018132
-0.001027,-0.003669,0.0018468,-0.0010275,-0.0036707,0.0018122
-0.00059,-0.003764,0.0015878,-0.0005902,-0.0037657,0.0015539
0.000748,-0.003736,0.0018468,0.0007484,-0.0037378,0.0018122
0.003169,0.002115,0.0216818,0.003169,0.002115,0.0216218
0.000303,-0.003798,0.0015878,0.0003031,-0.0037998,0.0015539
0.003169,-0.002115,0.0018478,0.0031705,-0.002116,0.0018132
0.002119,-0.003166,0.0018478,0.00212,-0.0031675,0.0018132
-0.00059,0.003764,0.0219418,-0.00059,0.003764,0.0218818
0.0028,0.002584,0.0216818,0.0028,0.002584,0.0216218
0.001322,-0.003573,0.0018478,0.0013226,-0.0035746,0.0018132
-0.001026,0.003669,0.0216828,-0.001026,0.003669,0.0216228
0.003575,0.001316,0.0216818,0.003575,0.001316,0.0216218
0.002119,0.003166,0.0216818,0.002119,0.003166,0.0216218
0.001864,-0.003323,0.0018478,0.0018649,-0.0033246,0.0018132
0.000748,0.003736,0.0216828,0.000748,0.003736,0.0216228
0.001864,0.003323,0.0216818,0.001864,0.003323,0.0216218
0.003461,0.001593,0.0216818,0.003461,0.001593,0.0216218
0.002588,-0.002796,0.0018478,0.0025892,-0.0027974,0.0018132
0.002994,-0.002357,0.0018478,0.0029954,-0.0023581,0.0018132
0.001461,0.003519,0.0219418,0.001461,0.003519,0.0218818
0.002799,-0.002584,0.0018478,0.0028003,-0.0025852,0.0018132
0.002361,-0.00299,0.0018478,0.0023621,-0.0029914,0.0018132
0.003624,-0.001175,0.0021078,0.0036258,-0.0011755,0.0020725
0.003704,0.000893,0.0021078,0.0037058,0.0008935,0.0020725
0.003763,0.000599,0.0021078,0.0037648,0.0005993,0.0020725
0.003518,0.001462,0.0021078,0.0035197,0.0014627,0.0020725
0.003393,0.001733,0.0021078,0.0033947,0.0017339,0.0020726
0.003246,0.001994,0.0021078,0.0032476,0.001995,0.0020725
0.00308,0.002243,0.0021078,0.0030814,0.0022441,0.0020726
0.002894,0.002478,0.0021078,0.0028954,0.0024792,0.0020726
0.002691,0.002698,0.0021078,0.0026923,0.0026993,0.0020725
0.002471,0.0029,0.0021078,0.0024722,0.0029014,0.0020725
0.002235,0.003085,0.0021078,0.0022361,0.0030865,0.0020725
0.001986,0.003251,0.0021078,0.001987,0.0032526,0.0020725
0.001725,0.003397,0.0021078,0.0017258,0.0033986,0.0020726
0.001453,0.003522,0.0021078,0.0014537,0.0035237,0.0020725
0.001171,0.003625,0.0021078,0.0011716,0.0036268,0.0020725
0.000883,0.003706,0.0021078,0.0008834,0.0037078,0.0020725
0.000589,0.003764,0.0021078,0.0005893,0.0037658,0.0020725
0.000292,0.003799,0.0021078,0.0002921,0.0038009,0.0020725
-7e-06,0.00381,0.0021078,-7e-06,0.0038119,0.0020725
-0.000306,0.003798,0.0021078,-0.0003061,0.0037999,0.0020725
-0.000604,0.003762,0.0021078,-0.0006043,0.0037639,0.0020725
-0.000897,0.003703,0.0021078,-0.0008974,0.0037048,0.0020725
-0.001185,0.003621,0.0021078,-0.0011856,0.0036228,0.0020725
-0.001466,0.003517,0.0021078,-0.0014667,0.0035187,0.0020725
-0.001737,0.003391,0.0021078,-0.0017379,0.0033927,0.0020725
-0.001998,0.003244,0.0021078,-0.001999,0.0032456,0.0020725
-0.002247,0.003077,0.0021078,-0.0022481,0.0030785,0.0020725
-0.002482,0.002891,0.0021078,-0.0024832,0.0028924,0.0020725
-0.002701,0.002687,0.0021078,-0.0027024,0.0026883,0.0020725
-0.002904,0.002467,0.0021078,-0.0029055,0.0024682,0.0020725
-0.003088,0.002231,0.0021078,-0.0030895,0.0022321,0.0020725
-0.003254,0.001982,0.0021078,-0.0032556,0.001983,0.0020725
-0.0034,0.00172,0.0021078,-0.0034017,0.0017209,0.0020725
-0.003524,0.001448,0.0021078,-0.0035257,0.0014488,0.0020725
-0.003627,0.001167,0.0021078,-0.0036287,0.0011676,0.0020725
-0.003707,0.000878,0.0021078,-0.0037089,0.0008785,0.0020726
-0.003765,0.000584,0.0021078,-0.0037669,0.0005843,0.0020725
-0.003799,0.000287,0.0021078,-0.0038009,0.0002871,0.0020725
-0.00381,-1.2e-05,0.0021078,-0.0038119,-1.2e-05,0.0020725
-0.003797,-0.000311,0.0021078,-0.0037989,-0.0003111,0.0020725
-0.003761,-0.000608,0.0021078,-0.0037629,-0.0006083,0.0020725
-0.003702,-0.000902,0.0021078,-0.0037038,-0.0009025,0.0020725
-0.00362,-0.001189,0.0021078,-0.0036218,-0.0011896,0.0020725
-0.003515,-0.00147,0.0021078,-0.0035167,-0.0014708,0.0020725
-0.003389,-0.001741,0.0021078,-0.0033906,-0.0017419,0.0020725
-0.003242,-0.002001,0.0021078,-0.0032436,-0.002002,0.0020725
-0.003075,-0.00225,0.0021078,-0.0030765,-0.0022511,0.0020725
-0.002889,-0.002484,0.0021068,-0.0028904,-0.0024852,0.0020716
-0.002686,-0.002703,0.0021068,-0.0026873,-0.0027043,0.0020715
-0.002466,-0.002905,0.0021068,-0.0024672,-0.0029065,0.0020715
-0.00223,-0.003089,0.0021068,-0.0022311,-0.0030905,0.0020715
-0.001982,-0.003254,0.0021068,-0.001983,-0.0032556,0.0020715
-0.001721,-0.003399,0.0021068,-0.0017218,-0.0034007,0.0020715
-0.001449,-0.003524,0.0021068,-0.0014497,-0.0035257,0.0020715
0.001598,-0.003459,0.0018478,0.0015987,-0.0034606,0.0018132
0.000155,0.003807,0.0216828,0.000155,0.003807,0.0216228
0.003764,-0.000593,0.0021078,0.0037658,-0.0005933,0.0020725
0.003705,0.000886,0.0214218,0.003705,0.000886,0.0213618
5e-06,0.00381,0.0219418,5e-06,0.00381,0.0218818
0.003798,-0.000302,0.0214218,0.003798,-0.000302,0.0213618
0.00381,-3e-06,0.0214218,0.00381,-3e-06,0.0213618
0.003704,-0.000893,0.0214218,0.003704,-0.000893,0.0213618
0.003622,-0.001181,0.0214218,0.003622,-0.001181,0.0213618
0.003518,-0.001462,0.0214218,0.003518,-0.001462,0.0213618
0.003393,-0.001733,0.0214218,0.003393,-0.001733,0.0213618
0.003246,-0.001994,0.0214218,0.003246,-0.001994,0.0213618
0.00308,-0.002243,0.0214218,0.00308,-0.002243,0.0213618
0.002894,-0.002478,0.0214218,0.002894,-0.002478,0.0213618
0.002691,-0.002697,0.0214218,0.002691,-0.002697,0.0213618
0.002471,-0.0029,0.0214218,0.002471,-0.0029,0.0213618
0.002235,-0.003085,0.0214218,0.002235,-0.003085,0.0213618
0.001986,-0.003251,0.0214218,0.001986,-0.003251,0.0213618
0.001725,-0.003397,0.0214218,0.001725,-0.003397,0.0213618
0.001453,-0.003522,0.0214218,0.001453,-0.003522,0.0213618
0.001172,-0.003625,0.0214218,0.001172,-0.003625,0.0213618
0.000883,-0.003706,0.0214218,0.000883,-0.003706,0.0213618
0.00059,-0.003764,0.0214218,0.00059,-0.003764,0.0213618
0.000292,-0.003799,0.0214218,0.000292,-0.003799,0.0213618
-7e-06,-0.00381,0.0214218,-7e-06,-0.00381,0.0213618
-0.000306,-0.003798,0.0214218,-0.000306,-0.003798,0.0213618
-0.000604,-0.003762,0.0214218,-0.000604,-0.003762,0.0213618
-0.000897,-0.003703,0.0214218,-0.000897,-0.003703,0.0213618
-0.001185,-0.003621,0.0214218,-0.001185,-0.003621,0.0213618
-0.001466,-0.003517,0.0214218,-0.001466,-0.003517,0.0213618
-0.001738,-0.003391,0.0214218,-0.001738,-0.003391,0.0213618
-0.001999,-0.003244,0.0214218,-0.001999,-0.003244,0.0213618
-0.002247,-0.003077,0.0214218,-0.002247,-0.003077,0.0213618
-0.002482,-0.002891,0.0214218,-0.002482,-0.002891,0.0213618
-0.002701,-0.002687,0.0214218,-0.002701,-0.002687,0.0213618
-0.002904,-0.002466,0.0214218,-0.002904,-0.002466,0.0213618
-0.003089,-0.002231,0.0214218,-0.003089,-0.002231,0.0213618
-0.003254,-0.001981,0.0214218,-0.003254,-0.001981,0.0213618
-0.0034,-0.001719,0.0214218,-0.0034,-0.001719,0.0213618
-0.003525,-0.001447,0.0214218,-0.003525,-0.001447,0.0213618
-0.003627,-0.001166,0.0214218,-0.003627,-0.001166,0.0213618
-0.003708,-0.000877,0.0214218,-0.003708,-0.000877,0.0213618
-0.003765,-0.000584,0.0214218,-0.003765,-0.000584,0.0213618
-0.003799,-0.000286,0.0214218,-0.003799,-0.000286,0.0213618
-0.00381,1.3e-05,0.0214218,-0.00381,1.3e-05,0.0213618
-0.003797,0.000312,0.0214218,-0.003797,0.000312,0.0213618
-0.003761,0.000609,0.0214218,-0.003761,0.000609,0.0213618
-0.003702,0.000903,0.0214218,-0.003702,0.000903,0.0213618
-0.003619,0.00119,0.0214218,-0.003619,0.00119,0.0213618
-0.003515,0.001471,0.0214218,-0.003515,0.001471,0.0213618
-0.003389,0.001742,0.0214218,-0.003389,0.001742,0.0213618
-0.003242,0.002002,0.0214218,-0.003242,0.002002,0.0213618
-0.003075,0.00225,0.0214228,-0.003075,0.00225,0.0213628
-0.002889,0.002484,0.0214228,-0.002889,0.002484,0.0213628
-0.002685,0.002703,0.0214228,-0.002685,0.002703,0.0213628
-0.002465,0.002905,0.0214228,-0.002465,0.002905,0.0213628
-0.00223,0.003089,0.0214228,-0.00223,0.003089,0.0213628
-0.001981,0.003254,0.0214228,-0.001981,0.003254,0.0213628
-0.00172,0.0034,0.0214228,-0.00172,0.0034,0.0213628
-0.001449,0.003524,0.0214228,-0.001449,0.003524,0.0213628
0.003705,-0.000887,0.0021078,0.0037068,-0.0008875,0.0020725
0.002361,0.00299,0.0216818,0.002361,0.00299,0.0216218
0.003521,-0.001456,0.0021078,0.0035227,-0.0014567,0.0020725
0.003622,0.001181,0.0021078,0.0036238,0.0011816,0.0020725
0.003763,-0.0006,0.0214218,0.003763,-0.0006,0.0213618
0.002994,0.002357,0.0216818,0.002994,0.002357,0.0216218
0.003798,-0.000296,0.0021078,0.0037998,-0.0002961,0.0020725
0.003396,-0.001727,0.0021078,0.0033977,-0.0017279,0.0020725
0.000601,0.003762,0.0214228,0.000601,0.003762,0.0213628
0.001038,0.003666,0.0216828,0.001038,0.003666,0.0216228
0.003798,0.000302,0.0021078,0.0037999,0.0003021,0.0020725
-0.001169,-0.003626,0.0021068,-0.0011695,-0.0036278,0.0020715
-0.000736,-0.003738,0.0018468,-0.0007363,-0.0037398,0.0018123
-0.000294,-0.003799,0.0015878,-0.0002941,-0.0038008,0.0015539
0.000894,-0.003704,0.0021068,0.0008944,-0.0037059,0.0020715
0.002242,0.00308,0.0214218,0.002242,0.00308,0.0213618
0.00325,0.001988,0.0214218,0.00325,0.001988,0.0213618
0.002696,-0.002692,0.0021078,0.0026974,-0.0026933,0.0020725
0.000453,-0.003783,0.0018468,0.0004532,-0.0037848,0.0018122
0.003624,0.001175,0.0214218,0.003624,0.001175,0.0213618
0.00325,-0.001989,0.0021078,0.0032516,-0.00199,0.0020725
0.002477,0.002895,0.0214218,0.002477,0.002895,0.0213618
-0.000736,0.003738,0.0216828,-0.000736,0.003738,0.0216228
0.00381,3e-06,0.0021078,0.0038119,3e-06,0.0020724
0.002696,0.002692,0.0214218,0.002696,0.002692,0.0213618
0.000305,0.003798,0.0214228,0.000305,0.003798,0.0213628
0.003084,-0.002237,0.0021078,0.0030855,-0.0022381,0.0020725
0.003799,0.000296,0.0214218,0.003799,0.000296,0.0213618
-0.001168,0.003626,0.0214228,-0.001168,0.003626,0.0213628
-0.000293,0.003799,0.0219418,-0.000293,0.003799,0.0218818
0.001993,-0.003247,0.0021068,0.0019939,-0.0032486,0.0020715
0.001994,0.003247,0.0214228,0.001994,0.003247,0.0213628
0.003396,0.001727,0.0214218,0.003396,0.001727,0.0213618
0.003764,0.000593,0.0214218,0.003764,0.000593,0.0213618
0.002242,-0.003081,0.0021078,0.0022431,-0.0030825,0.0020725
0.001598,0.003459,0.0216818,0.001598,0.003459,0.0216218
5e-06,-0.00381,0.0015878,5e-06,-0.0038118,0.0015539
0.002476,-0.002895,0.0021078,0.0024772,-0.0028964,0.0020725
0.001181,-0.003622,0.0021068,0.0011816,-0.0036238,0.0020715
0.003736,-0.000747,0.0211618,0.003736,-0.000747,0.0211018
0.000894,0.003704,0.0214228,0.000894,0.003704,0.0213628
0.003322,0.001866,0.0023678,0.0033237,0.0018669,0.0023318
0.003458,0.001599,0.0023678,0.0034598,0.0015998,0.0023318
0.002989,0.002363,0.0023678,0.0029905,0.0023642,0.0023319
0.002794,0.00259,0.0023678,0.0027954,0.0025913,0.0023318
0.002582,0.002801,0.0023678,0.0025833,0.0028024,0.0023318
0.002354,0.002996,0.0023678,0.0023552,0.0029975,0.0023318
0.002112,0.003171,0.0023678,0.0021131,0.0031726,0.0023318
0.001856,0.003327,0.0023678,0.001857,0.0033287,0.0023318
0.001589,0.003463,0.0023678,0.0015898,0.0034648,0.0023318
0.001313,0.003577,0.0023678,0.0013137,0.0035788,0.0023318
0.001028,0.003669,0.0023678,0.0010285,0.0036708,0.0023318
0.000736,0.003738,0.0023678,0.0007364,0.0037399,0.0023318
0.00044,0.003784,0.0023678,0.0004402,0.0037859,0.0023318
0.000142,0.003807,0.0023678,0.0001421,0.0038089,0.0023318
-0.000158,0.003807,0.0023678,-0.0001581,0.0038089,0.0023318
-0.000456,0.003783,0.0023678,-0.0004562,0.0037849,0.0023318
-0.000752,0.003735,0.0023678,-0.0007524,0.0037369,0.0023318
-0.001043,0.003665,0.0023678,-0.0010435,0.0036669,0.0023318
-0.001327,0.003571,0.0023678,-0.0013277,0.0035728,0.0023318
-0.001604,0.003456,0.0023678,-0.0016049,0.0034577,0.0023318
-0.00187,0.003319,0.0023678,-0.001871,0.0033207,0.0023318
-0.002125,0.003162,0.0023678,-0.0021261,0.0031636,0.0023318
-0.002367,0.002986,0.0023678,-0.0023682,0.0029875,0.0023318
-0.002594,0.002791,0.0023678,-0.0025953,0.0027924,0.0023318
-0.002805,0.002578,0.0023678,-0.0028064,0.0025793,0.0023318
-0.002999,0.00235,0.0023678,-0.0030005,0.0023512,0.0023318
-0.003174,0.002107,0.0023678,-0.0031756,0.0021081,0.0023318
-0.00333,0.001851,0.0023678,-0.0033317,0.0018519,0.0023318
-0.003465,0.001584,0.0023678,-0.0034668,0.0015848,0.0023318
-0.003579,0.001307,0.0023678,-0.0035808,0.0013077,0.0023318
-0.00367,0.001022,0.0023678,-0.0036718,0.0010225,0.0023318
-0.003739,0.000731,0.0023678,-0.0037409,0.0007314,0.0023318
-0.003785,0.000435,0.0023678,-0.0037869,0.0004352,0.0023318
-0.003808,0.000136,0.0023678,-0.0038099,0.0001361,0.0023318
-0.003807,-0.000163,0.0023678,-0.0038089,-0.0001631,0.0023318
-0.003782,-0.000461,0.0023678,-0.0037839,-0.0004612,0.0023318
-0.003734,-0.000757,0.0023678,-0.0037359,-0.0007574,0.0023318
-0.003663,-0.001048,0.0023678,-0.0036648,-0.0010485,0.0023318
-0.00357,-0.001332,0.0023678,-0.0035718,-0.0013327,0.0023318
-0.003454,-0.001608,0.0023668,-0.0034558,-0.0016088,0.0023308
-0.003317,-0.001874,0.0023668,-0.0033187,-0.001875,0.0023308
-0.00316,-0.002128,0.0023668,-0.0031616,-0.0021291,0.0023308
-0.002984,-0.002369,0.0023668,-0.0029855,-0.0023702,0.0023308
-0.002789,-0.002596,0.0023668,-0.0027904,-0.0025973,0.0023308
-0.002577,-0.002807,0.0023668,-0.0025783,-0.0028084,0.0023308
-0.002349,-0.003,0.0023668,-0.0023502,-0.0030015,0.0023308
-0.002107,-0.003175,0.0023668,-0.002108,-0.0031766,0.0023308
-0.001852,-0.00333,0.0023668,-0.0018529,-0.0033317,0.0023308
-0.001585,-0.003464,0.0023668,-0.0015858,-0.0034658,0.0023308
0.002361,0.00299,0.0211628,0.002361,0.00299,0.0211028
0.002899,-0.002472,0.0021078,0.0029004,-0.0024732,0.0020725
0.000601,-0.003762,0.0021068,0.0006013,-0.0037638,0.0020716
0.003084,0.002237,0.0214218,0.003084,0.002237,0.0213618
0.003784,-0.000445,0.0023678,0.0037859,-0.0004452,0.0023318
0.001733,-0.003393,0.0021068,0.0017338,-0.0033947,0.0020715
0.003807,-0.000153,0.0211618,0.003807,-0.000153,0.0211018
0.003576,-0.001316,0.0023678,0.0035778,-0.0013166,0.0023318
0.003573,-0.001323,0.0211618,0.003573,-0.001323,0.0211018
0.003666,-0.001038,0.0211618,0.003666,-0.001038,0.0211018
0.003322,-0.001865,0.0211618,0.003322,-0.001865,0.0211018
0.003165,-0.002121,0.0211618,0.003165,-0.002121,0.0211018
0.002989,-0.002362,0.0211618,0.002989,-0.002362,0.0211018
0.002794,-0.00259,0.0211618,0.002794,-0.00259,0.0211018
0.002582,-0.002801,0.0211618,0.002582,-0.002801,0.0211018
0.002355,-0.002995,0.0211618,0.002355,-0.002995,0.0211018
0.002112,-0.003171,0.0211618,0.002112,-0.003171,0.0211018
0.001857,-0.003327,0.0211618,0.001857,-0.003327,0.0211018
0.00159,-0.003463,0.0211618,0.00159,-0.003463,0.0211018
0.001313,-0.003577,0.0211618,0.001313,-0.003577,0.0211018
0.001028,-0.003669,0.0211618,0.001028,-0.003669,0.0211018
0.000736,-0.003738,0.0211618,0.000736,-0.003738,0.0211018
0.000441,-0.003784,0.0211618,0.000441,-0.003784,0.0211018
0.000142,-0.003807,0.0211618,0.000142,-0.003807,0.0211018
-0.000158,-0.003807,0.0211618,-0.000158,-0.003807,0.0211018
-0.000456,-0.003783,0.0211618,-0.000456,-0.003783,0.0211018
-0.000752,-0.003735,0.0211618,-0.000752,-0.003735,0.0211018
-0.001043,-0.003664,0.0211618,-0.001043,-0.003664,0.0211018
-0.001327,-0.003571,0.0211618,-0.001327,-0.003571,0.0211018
-0.001604,-0.003456,0.0211618,-0.001604,-0.003456,0.0211018
-0.00187,-0.003319,0.0211618,-0.00187,-0.003319,0.0211018
-0.002125,-0.003162,0.0211618,-0.002125,-0.003162,0.0211018
-0.002367,-0.002985,0.0211618,-0.002367,-0.002985,0.0211018
-0.002594,-0.00279,0.0211618,-0.002594,-0.00279,0.0211018
-0.002806,-0.002578,0.0211618,-0.002806,-0.002578,0.0211018
-0.002999,-0.002349,0.0211618,-0.002999,-0.002349,0.0211018
-0.003175,-0.002107,0.0211618,-0.003175,-0.002107,0.0211018
-0.00333,-0.001851,0.0211618,-0.00333,-0.001851,0.0211018
-0.003465,-0.001583,0.0211618,-0.003465,-0.001583,0.0211018
-0.003579,-0.001306,0.0211618,-0.003579,-0.001306,0.0211018
-0.003671,-0.001021,0.0211618,-0.003671,-0.001021,0.0211018
-0.003739,-0.00073,0.0211618,-0.003739,-0.00073,0.0211018
-0.003785,-0.000434,0.0211618,-0.003785,-0.000434,0.0211018
-0.003808,-0.000135,0.0211618,-0.003808,-0.000135,0.0211018
-0.003806,0.000164,0.0211618,-0.003806,0.000164,0.0211018
-0.003782,0.000462,0.0211618,-0.003782,0.000462,0.0211018
-0.003734,0.000758,0.0211618,-0.003734,0.000758,0.0211018
-0.003663,0.001048,0.0211618,-0.003663,0.001048,0.0211018
-0.003569,0.001333,0.0211618,-0.003569,0.001333,0.0211018
-0.003454,0.001609,0.0211628,-0.003454,0.001609,0.0211028
-0.003317,0.001875,0.0211628,-0.003317,0.001875,0.0211028
-0.00316,0.002129,0.0211628,-0.00316,0.002129,0.0211028
-0.002983,0.00237,0.0211628,-0.002983,0.00237,0.0211028
-0.002788,0.002597,0.0211628,-0.002788,0.002597,0.0211028
-0.002576,0.002807,0.0211628,-0.002576,0.002807,0.0211028
-0.002348,0.003,0.0211628,-0.002348,0.003,0.0211028
-0.002106,0.003175,0.0211628,-0.002106,0.003175,0.0211028
-0.001851,0.00333,0.0211628,-0.001851,0.00333,0.0211028
-0.001585,0.003465,0.0211628,-0.001585,0.003465,0.0211028
0.003783,-0.000452,0.0211618,0.003783,-0.000452,0.0211018
0.003165,0.002121,0.0023678,0.0031666,0.0021221,0.0023318
0.003521,0.001455,0.0214218,0.003521,0.001455,0.0213618
0.003736,0.000747,0.0023678,0.0037379,0.0007474,0.0023318
0.001322,0.003573,0.0216818,0.001322,0.003573,0.0216218
0.003458,-0.001599,0.0211618,0.003458,-0.001599,0.0211018
0.000749,0.003736,0.0211628,0.000749,0.003736,0.0211028
0.003737,0.00074,0.0211618,0.003737,0.00074,0.0211018
0.003783,0.000451,0.0023678,0.0037849,0.0004512,0.0023319
-0.000881,-0.003707,0.0021068,-0.0008814,-0.0037088,0.0020715
0.003573,0.001323,0.0023678,0.0035748,0.0013237,0.0023318
0.00212,0.003166,0.0211628,0.00212,0.003166,0.0211028
-0.001309,-0.003578,0.0023668,-0.0013096,-0.0035798,0.0023308
0.002589,0.002796,0.0211628,0.002589,0.002796,0.0211028
0.001461,-0.003519,0.0021068,0.0014617,-0.0035207,0.0020715
-0.000441,-0.003784,0.0018468,-0.0004412,-0.0037858,0.0018122
0.003807,0.000146,0.0211618,0.003807,0.000146,0.0211018
0.003668,0.001031,0.0211618,0.003668,0.001031,0.0211018
0.0028,-0.002584,0.0023668,0.0028014,-0.0025852,0.0023308
0.000748,-0.003736,0.0023668,0.0007484,-0.0037379,0.0023308
-0.000881,0.003707,0.0214228,-0.000881,0.003707,0.0213628
0.00317,0.002114,0.0211628,0.00317,0.002114,0.0211028
0.003807,-0.000146,0.0023678,0.0038089,-0.0001461,0.0023318
0.001039,-0.003666,0.0023668,0.0010395,-0.0036678,0.0023308
0.000155,-0.003807,0.0018468,0.0001551,-0.0038088,0.0018122
0.002588,-0.002796,0.0023668,0.0025893,-0.0027974,0.0023308
0.003326,-0.001859,0.0023678,0.0033277,-0.0018599,0.0023318
7e-06,0.00381,0.0214228,7e-06,0.00381,0.0213628
-0.000441,0.003784,0.0216828,-0.000441,0.003784,0.0216228
0.002899,0.002472,0.0214218,0.002899,0.002472,0.0213618
0.000454,0.003783,0.0211628,0.000454,0.003783,0.0211028
0.003169,-0.002114,0.0023678,0.0031706,-0.0021151,0.0023319
0.003461,-0.001593,0.0023678,0.0034627,-0.0015938,0.0023318
-0.001309,0.003578,0.0211628,-0.001309,0.003578,0.0211028
0.003668,-0.001031,0.0023678,0.0036699,-0.0010315,0.0023319
0.003737,-0.00074,0.0023678,0.0037388,-0.0007404,0.0023318
0.003666,0.001038,0.0023678,0.0036679,0.0010385,0.0023318
0.001733,0.003393,0.0214228,0.001733,0.003393,0.0213628
0.003326,0.001859,0.0211628,0.003326,0.001859,0.0211028
0.002119,-0.003166,0.0023668,0.0021201,-0.0031676,0.0023308
-0.000143,0.003807,0.0216828,-0.000143,0.003807,0.0216228
0.001865,-0.003323,0.0023668,0.0018659,-0.0033247,0.0023309
0.003246,0.001995,0.0026268,0.0032477,0.001996,0.0025901
0.00269,0.002698,0.0026268,0.0026914,0.0026994,0.0025901
0.002894,0.002479,0.0026268,0.0028955,0.0024803,0.0025902
0.002234,0.003086,0.0026268,0.0022352,0.0030876,0.0025901
0.001985,0.003252,0.0026268,0.0019861,0.0032537,0.0025901
0.001724,0.003398,0.0026268,0.0017249,0.0033998,0.0025901
0.001452,0.003523,0.0026268,0.0014528,0.0035249,0.0025902
0.00117,0.003626,0.0026278,0.0011706,0.0036279,0.0025911
0.000882,0.003706,0.0026278,0.0008825,0.0037079,0.0025911
0.000588,0.003764,0.0026278,0.0005883,0.003766,0.0025911
0.000291,0.003799,0.0026278,0.0002911,0.0038009,0.0025911
-8e-06,0.00381,0.0026278,-8e-06,0.003812,0.0025911
-0.000308,0.003798,0.0026278,-0.0003082,0.0037999,0.0025911
-0.000605,0.003762,0.0026278,-0.0006053,0.003764,0.0025911
-0.000899,0.003703,0.0026278,-0.0008995,0.0037049,0.0025911
-0.001187,0.003621,0.0026278,-0.0011876,0.0036229,0.0025911
-0.001467,0.003516,0.0026278,-0.0014678,0.0035178,0.0025911
-0.001739,0.00339,0.0026278,-0.0017399,0.0033918,0.0025911
-0.002,0.003243,0.0026278,-0.002001,0.0032447,0.0025911
-0.002248,0.003076,0.0026278,-0.0022492,0.0030776,0.0025911
-0.002483,0.00289,0.0026278,-0.0024843,0.0028915,0.0025911
-0.002702,0.002686,0.0026278,-0.0027034,0.0026874,0.0025911
-0.002905,0.002465,0.0026278,-0.0029065,0.0024663,0.0025911
-0.00309,0.00223,0.0026278,-0.0030916,0.0022312,0.0025911
-0.003255,0.00198,0.0026278,-0.0032567,0.001981,0.0025911
-0.003401,0.001718,0.0026278,-0.0034028,0.0017189,0.0025911
-0.003525,0.001446,0.0026278,-0.0035269,0.0014467,0.0025911
-0.003628,0.001165,0.0026278,-0.0036299,0.0011656,0.0025911
-0.003708,0.000876,0.0026278,-0.0037099,0.0008765,0.0025911
-0.003765,0.000582,0.0026278,-0.003767,0.0005823,0.0025911
-0.003799,0.000285,0.0026278,-0.003801,0.0002852,0.0025911
-0.00381,-1.4e-05,0.0026278,-0.0038119,-1.4e-05,0.0025911
-0.003797,-0.000314,0.0026268,-0.003799,-0.0003141,0.0025901
-0.003761,-0.000611,0.0026268,-0.003763,-0.0006113,0.0025902
-0.003701,-0.000904,0.0026268,-0.0037029,-0.0009044,0.0025902
-0.003619,-0.001192,0.0026268,-0.0036209,-0.0011926,0.0025901
-0.003514,-0.001472,0.0026268,-0.0035158,-0.0014728,0.0025901
-0.003388,-0.001743,0.0026268,-0.0033898,-0.0017439,0.0025901
-0.003241,-0.002003,0.0026268,-0.0032427,-0.0020041,0.0025901
-0.003074,-0.002251,0.0026268,-0.0030756,-0.0022522,0.0025901
-0.002888,-0.002485,0.0026268,-0.0028895,-0.0024863,0.0025901
-0.002684,-0.002704,0.0026268,-0.0026854,-0.0027054,0.0025901
-0.002464,-0.002906,0.0026268,-0.0024653,-0.0029075,0.0025901
-0.002229,-0.00309,0.0026268,-0.0022301,-0.0030916,0.0025901
-0.00198,-0.003255,0.0026268,-0.001981,-0.0032567,0.0025902
-0.001719,-0.0034,0.0026258,-0.0017199,-0.0034018,0.0025891
0.000453,-0.003783,0.0023668,0.0004532,-0.003785,0.0023309
0.002994,-0.002357,0.0023668,0.0029955,-0.0023582,0.0023309
0.003079,0.002244,0.0026268,0.0030806,0.0022452,0.0025902
-0.000144,-0.003807,0.0018468,-0.0001441,-0.0038088,0.0018122
0.002994,0.002356,0.0211628,0.002994,0.002356,0.0211028
0.002894,-0.002478,0.0209028,0.002894,-0.002478,0.0208428
0.003246,-0.001995,0.0209028,0.003246,-0.001995,0.0208428
0.00269,-0.002698,0.0209028,0.00269,-0.002698,0.0208428
0.00247,-0.002901,0.0209018,0.00247,-0.002901,0.0208418
0.002235,-0.003086,0.0209018,0.002235,-0.003086,0.0208418
0.001985,-0.003252,0.0209018,0.001985,-0.003252,0.0208418
0.001724,-0.003398,0.0209018,0.001724,-0.003398,0.0208418
0.001452,-0.003523,0.0209018,0.001452,-0.003523,0.0208418
0.001171,-0.003626,0.0209018,0.001171,-0.003626,0.0208418
0.000882,-0.003706,0.0209018,0.000882,-0.003706,0.0208418
0.000588,-0.003764,0.0209018,0.000588,-0.003764,0.0208418
0.000291,-0.003799,0.0209018,0.000291,-0.003799,0.0208418
-8e-06,-0.00381,0.0209018,-8e-06,-0.00381,0.0208418
-0.000308,-0.003798,0.0209018,-0.000308,-0.003798,0.0208418
-0.000605,-0.003762,0.0209018,-0.000605,-0.003762,0.0208418
-0.000899,-0.003702,0.0209018,-0.000899,-0.003702,0.0208418
-0.001187,-0.00362,0.0209018,-0.001187,-0.00362,0.0208418
-0.001468,-0.003516,0.0209018,-0.001468,-0.003516,0.0208418
-0.001739,-0.00339,0.0209018,-0.001739,-0.00339,0.0208418
-0.002,-0.003243,0.0209018,-0.002,-0.003243,0.0208418
-0.002249,-0.003076,0.0209018,-0.002249,-0.003076,0.0208418
-0.002483,-0.002889,0.0209018,-0.002483,-0.002889,0.0208418
-0.002703,-0.002685,0.0209018,-0.002703,-0.002685,0.0208418
-0.002905,-0.002465,0.0209018,-0.002905,-0.002465,0.0208418
-0.00309,-0.002229,0.0209018,-0.00309,-0.002229,0.0208418
-0.003256,-0.001979,0.0209018,-0.003256,-0.001979,0.0208418
-0.003401,-0.001717,0.0209018,-0.003401,-0.001717,0.0208418
-0.003525,-0.001445,0.0209018,-0.003525,-0.001445,0.0208418
-0.003628,-0.001164,0.0209018,-0.003628,-0.001164,0.0208418
-0.003708,-0.000875,0.0209018,-0.003708,-0.000875,0.0208418
-0.003765,-0.000581,0.0209018,-0.003765,-0.000581,0.0208418
-0.003799,-0.000284,0.0209018,-0.003799,-0.000284,0.0208418
-0.00381,1.6e-05,0.0209018,-0.00381,1.6e-05,0.0208418
-0.003797,0.000315,0.0209028,-0.003797,0.000315,0.0208428
-0.003761,0.000612,0.0209028,-0.003761,0.000612,0.0208428
-0.003701,0.000905,0.0209028,-0.003701,0.000905,0.0208428
-0.003619,0.001193,0.0209028,-0.003619,0.001193,0.0208428
-0.003514,0.001473,0.0209028,-0.003514,0.001473,0.0208428
-0.003387,0.001744,0.0209028,-0.003387,0.001744,0.0208428
-0.00324,0.002004,0.0209028,-0.00324,0.002004,0.0208428
-0.003073,0.002252,0.0209028,-0.003073,0.002252,0.0208428
-0.002887,0.002486,0.0209028,-0.002887,0.002486,0.0208428
-0.002684,0.002705,0.0209028,-0.002684,0.002705,0.0208428
-0.002463,0.002906,0.0209028,-0.002463,0.002906,0.0208428
-0.002228,0.003091,0.0209038,-0.002228,0.003091,0.0208438
-0.001979,0.003255,0.0209038,-0.001979,0.003255,0.0208438
-0.001719,0.0034,0.0209038,-0.001719,0.0034,0.0208438
0.003393,0.001734,0.0026268,0.0033948,0.0017349,0.0025901
0.003807,0.000153,0.0023678,0.0038089,0.000153,0.0023318
0.000156,0.003807,0.0211628,0.000156,0.003807,0.0211028
0.000304,-0.003798,0.0021068,0.0003041,-0.0037999,0.0020715
0.003784,0.000444,0.0211618,0.003784,0.000444,0.0211018
0.002361,-0.00299,0.0023668,0.0023622,-0.0029915,0.0023308
0.001182,0.003622,0.0214228,0.001182,0.003622,0.0213628
0.003079,-0.002243,0.0209028,0.003079,-0.002243,0.0208428
0.00247,0.002901,0.0026268,0.0024713,0.0029025,0.0025901
0.001039,0.003666,0.0211628,0.001039,0.003666,0.0211028
0.000895,0.003703,0.0209028,0.000895,0.003703,0.0208428
0.003461,0.001592,0.0211618,0.003461,0.001592,0.0211018
-0.000142,0.003807,0.0211628,-0.000142,0.003807,0.0211028
-0.000589,-0.003764,0.0021068,-0.0005893,-0.0037658,0.0020715
0.003518,0.001462,0.0026268,0.0035198,0.0014627,0.0025901
0.002242,0.00308,0.0209028,0.002242,0.00308,0.0208428
0.003764,0.000593,0.0209028,0.003764,0.000593,0.0208428
-0.001448,-0.003524,0.0026258,-0.0014488,-0.0035258,0.0025891
0.000602,-0.003762,0.0026268,0.0006023,-0.003764,0.0025902
-0.001025,-0.003669,0.0023668,-0.0010255,-0.0036708,0.0023309
0.0028,0.002584,0.0211628,0.0028,0.002584,0.0211028
0.001598,-0.003458,0.0023668,0.0015988,-0.0034597,0.0023308
-0.000588,0.003764,0.0214228,-0.000588,0.003764,0.0213628
0.00381,-4e-06,0.0209028,0.00381,-4e-06,0.0208428
0.003706,0.000886,0.0209028,0.003706,0.000886,0.0208428
0.002899,-0.002472,0.0026268,0.0029005,-0.0024732,0.0025902
-0.001025,0.00367,0.0211628,-0.001025,0.00367,0.0211028
0.003799,-0.000295,0.0026268,0.003801,-0.0002952,0.0025901
0.002696,-0.002692,0.0026268,0.0026974,-0.0026934,0.0025901
0.002477,0.002895,0.0209028,0.002477,0.002895,0.0208428
0.000602,0.003762,0.0209028,0.000602,0.003762,0.0208428
0.00325,-0.001988,0.0026268,0.0032517,-0.001989,0.0025901
0.003521,-0.001455,0.0026268,0.0035229,-0.0014557,0.0025901
0.002242,-0.003081,0.0026268,0.0022431,-0.0030826,0.0025901
0.000894,-0.003704,0.0026268,0.0008945,-0.003706,0.0025901
0.003764,-0.000593,0.0026268,0.0037659,-0.0005933,0.0025901
0.003396,-0.001727,0.0026268,0.0033978,-0.0017279,0.0025901
0.003704,-0.000893,0.0209028,0.003704,-0.000893,0.0208428
0.003393,-0.001734,0.0209028,0.003393,-0.001734,0.0208428
-0.001447,0.003524,0.0209038,-0.001447,0.003524,0.0208438
0.003798,-0.000303,0.0209028,0.003798,-0.000303,0.0208428
0.003762,-0.0006,0.0209028,0.003762,-0.0006,0.0208428
0.001994,-0.003247,0.0026268,0.001995,-0.0032487,0.0025901
0.001865,0.003322,0.0211628,0.001865,0.003322,0.0211028
0.003576,0.001316,0.0211618,0.003576,0.001316,0.0211018
0.001462,0.003518,0.0214228,0.001462,0.003518,0.0213628
0.003084,0.002237,0.0209028,0.003084,0.002237,0.0208428
0.00325,0.001988,0.0209028,0.00325,0.001988,0.0208428
0.003704,0.000893,0.0026268,0.003706,0.0008935,0.0025901
0.001322,-0.003573,0.0023668,0.0013227,-0.0035749,0.0023308
0.003624,-0.001174,0.0026268,0.003626,-0.0011746,0.0025901
0.003518,-0.001462,0.0209028,0.003518,-0.001462,0.0208428
0.003762,0.0006,0.0026268,0.003764,0.0006003,0.0025902
0.003622,-0.001181,0.0209028,0.003622,-0.001181,0.0208428
0.002477,-0.002895,0.0026268,0.0024783,-0.0028965,0.0025901
8e-06,0.00381,0.0209038,8e-06,0.00381,0.0208438
0.002989,0.002363,0.0028868,0.0029906,0.0023643,0.0028494
0.001856,0.003328,0.0028868,0.001857,0.0033298,0.0028494
0.002111,0.003172,0.0028868,0.0021121,0.0031737,0.0028494
0.001312,0.003577,0.0028868,0.0013127,0.003579,0.0028495
0.001027,0.003669,0.0028868,0.0010276,0.003671,0.0028494
0.000735,0.003738,0.0028868,0.0007354,0.00374,0.0028494
0.000439,0.003785,0.0028868,0.0004393,0.003787,0.0028494
0.000141,0.003807,0.0028868,0.0001411,0.0038091,0.0028494
-0.000159,0.003807,0.0028868,-0.0001591,0.0038091,0.0028494
-0.000457,0.003782,0.0028868,-0.0004572,0.0037841,0.0028494
-0.000753,0.003735,0.0028868,-0.0007534,0.003737,0.0028494
-0.001044,0.003664,0.0028868,-0.0010446,0.003666,0.0028494
-0.001328,0.003571,0.0028868,-0.0013287,0.0035729,0.0028494
-0.001605,0.003456,0.0028868,-0.0016058,0.0034579,0.0028494
-0.001871,0.003319,0.0028868,-0.001872,0.0033208,0.0028495
-0.002126,0.003162,0.0028868,-0.0021272,0.0031637,0.0028494
-0.002368,0.002985,0.0028868,-0.0023693,0.0029866,0.0028494
-0.002595,0.00279,0.0028868,-0.0025964,0.0027914,0.0028494
-0.002806,0.002577,0.0028868,-0.0028075,0.0025783,0.0028494
-0.003,0.002349,0.0028868,-0.0030016,0.0023502,0.0028494
-0.003175,0.002106,0.0028868,-0.0031767,0.0021071,0.0028494
-0.003331,0.00185,0.0028868,-0.0033328,0.001851,0.0028494
-0.003466,0.001583,0.0028868,-0.0034678,0.0015839,0.0028494
-0.003579,0.001305,0.0028868,-0.0035809,0.0013057,0.0028494
-0.003671,0.00102,0.0028868,-0.003673,0.0010206,0.0028494
-0.00374,0.000729,0.0028868,-0.003742,0.0007294,0.0028494
-0.003785,0.000433,0.0028868,-0.0037871,0.0004332,0.0028494
-0.003808,0.000134,0.0028868,-0.0038101,0.0001341,0.0028494
-0.003806,-0.000165,0.0028868,-0.0038081,-0.0001651,0.0028494
-0.003782,-0.000464,0.0028868,-0.003784,-0.0004643,0.0028494
-0.003734,-0.000759,0.0028868,-0.003736,-0.0007594,0.0028495
-0.003663,-0.00105,0.0028868,-0.003665,-0.0010506,0.0028494
-0.003569,-0.001334,0.0028868,-0.0035709,-0.0013347,0.0028494
-0.003453,-0.00161,0.0028868,-0.0034548,-0.0016108,0.0028494
-0.003316,-0.001876,0.0028868,-0.0033178,-0.001877,0.0028495
-0.003159,-0.00213,0.0028868,-0.0031607,-0.0021311,0.0028494
-0.002982,-0.002371,0.0028868,-0.0029836,-0.0023723,0.0028494
-0.002787,-0.002597,0.0028868,-0.0027885,-0.0025984,0.0028494
-0.002575,-0.002808,0.0028858,-0.0025764,-0.0028095,0.0028485
-0.002348,-0.003001,0.0028858,-0.0023492,-0.0030026,0.0028484
-0.002105,-0.003175,0.0028858,-0.0021061,-0.0031767,0.0028484
-0.00185,-0.00333,0.0028858,-0.001851,-0.0033318,0.0028485
0.003622,0.001181,0.0026268,0.0036239,0.0011816,0.0025901
0.00381,4e-06,0.0026268,0.003812,4e-06,0.0025901
0.002354,-0.002996,0.0206428,0.002354,-0.002996,0.0205828
0.003799,0.000295,0.0209028,0.003799,0.000295,0.0208428
0.002582,0.002802,0.0028868,0.0025834,0.0028035,0.0028494
0.003084,-0.002237,0.0026268,0.0030856,-0.0022382,0.0025902
0.002989,-0.002363,0.0206428,0.002989,-0.002363,0.0205828
0.002582,-0.002802,0.0206428,0.002582,-0.002802,0.0205828
0.003573,-0.001323,0.0206428,0.003573,-0.001323,0.0205828
-0.000292,0.003799,0.0214228,-0.000292,0.003799,0.0213628
0.002794,-0.00259,0.0206428,0.002794,-0.00259,0.0205828
0.002111,-0.003171,0.0206428,0.002111,-0.003171,0.0205828
0.001856,-0.003327,0.0206428,0.001856,-0.003327,0.0205828
0.001589,-0.003463,0.0206428,0.001589,-0.003463,0.0205828
0.001312,-0.003577,0.0206428,0.001312,-0.003577,0.0205828
0.001027,-0.003669,0.0206428,0.001027,-0.003669,0.0205828
0.000735,-0.003738,0.0206428,0.000735,-0.003738,0.0205828
0.000439,-0.003785,0.0206428,0.000439,-0.003785,0.0205828
0.000141,-0.003807,0.0206428,0.000141,-0.003807,0.0205828
-0.000159,-0.003807,0.0206428,-0.000159,-0.003807,0.0205828
-0.000457,-0.003782,0.0206428,-0.000457,-0.003782,0.0205828
-0.000753,-0.003735,0.0206428,-0.000753,-0.003735,0.0205828
-0.001044,-0.003664,0.0206428,-0.001044,-0.003664,0.0205828
-0.001329,-0.003571,0.0206428,-0.001329,-0.003571,0.0205828
-0.001605,-0.003455,0.0206428,-0.001605,-0.003455,0.0205828
-0.001872,-0.003319,0.0206428,-0.001872,-0.003319,0.0205828
-0.002127,-0.003161,0.0206428,-0.002127,-0.003161,0.0205828
-0.002368,-0.002984,0.0206428,-0.002368,-0.002984,0.0205828
-0.002596,-0.002789,0.0206428,-0.002596,-0.002789,0.0205828
-0.002807,-0.002576,0.0206428,-0.002807,-0.002576,0.0205828
-0.003,-0.002348,0.0206428,-0.003,-0.002348,0.0205828
-0.003176,-0.002105,0.0206428,-0.003176,-0.002105,0.0205828
-0.003331,-0.001849,0.0206428,-0.003331,-0.001849,0.0205828
-0.003466,-0.001582,0.0206428,-0.003466,-0.001582,0.0205828
-0.00358,-0.001304,0.0206428,-0.00358,-0.001304,0.0205828
-0.003671,-0.001019,0.0206428,-0.003671,-0.001019,0.0205828
-0.00374,-0.000728,0.0206428,-0.00374,-0.000728,0.0205828
-0.003785,-0.000432,0.0206428,-0.003785,-0.000432,0.0205828
-0.003808,-0.000133,0.0206428,-0.003808,-0.000133,0.0205828
-0.003806,0.000166,0.0206428,-0.003806,0.000166,0.0205828
-0.003782,0.000465,0.0206428,-0.003782,0.000465,0.0205828
-0.003733,0.00076,0.0206428,-0.003733,0.00076,0.0205828
-0.003662,0.001051,0.0206428,-0.003662,0.001051,0.0205828
-0.003569,0.001335,0.0206428,-0.003569,0.001335,0.0205828
-0.003453,0.001611,0.0206428,-0.003453,0.001611,0.0205828
-0.003316,0.001876,0.0206428,-0.003316,0.001876,0.0205828
-0.003159,0.002131,0.0206428,-0.003159,0.002131,0.0205828
-0.002982,0.002372,0.0206428,-0.002982,0.002372,0.0205828
-0.002787,0.002598,0.0206438,-0.002787,0.002598,0.0205838
-0.002575,0.002808,0.0206438,-0.002575,0.002808,0.0205838
-0.002347,0.003001,0.0206438,-0.002347,0.003001,0.0205838
-0.002105,0.003176,0.0206438,-0.002105,0.003176,0.0205838
-0.00185,0.003331,0.0206438,-0.00185,0.003331,0.0205838
0.001994,0.003247,0.0209028,0.001994,0.003247,0.0208428
0.003322,0.001866,0.0028868,0.0033238,0.001867,0.0028494
0.001589,0.003463,0.0028868,0.0015899,0.0034649,0.0028494
0.000305,-0.003798,0.0026268,0.0003051,-0.0038,0.0025901
0.002794,0.002591,0.0028868,0.0027955,0.0025924,0.0028494
0.003666,-0.001038,0.0206428,0.003666,-0.001038,0.0205828
0.002899,0.002472,0.0209028,0.002899,0.002472,0.0208428
0.003165,0.002121,0.0028868,0.0031667,0.0021221,0.0028494
0.003165,-0.002121,0.0206428,0.003165,-0.002121,0.0205828
0.000306,0.003798,0.0209038,0.000306,0.003798,0.0208438
0.002354,0.002996,0.0028868,0.0023553,0.0029976,0.0028494
0.001323,0.003573,0.0211628,0.001323,0.003573,0.0211028
0.003705,-0.000886,0.0026268,0.0037069,-0.0008865,0.0025901
0.001182,0.003622,0.0209028,0.001182,0.003622,0.0208428
-0.00044,0.003785,0.0211628,-0.00044,0.003785,0.0211028
0.001599,0.003458,0.0211628,0.001599,0.003458,0.0211028
-0.000735,-0.003738,0.0023668,-0.0007354,-0.0037399,0.0023309
0.003458,0.0016,0.0028868,0.0034598,0.0016009,0.0028494
0.000156,-0.003807,0.0023668,0.0001561,-0.0038089,0.0023308
0.003666,0.001039,0.0028868,0.003668,0.0010395,0.0028494
-0.001584,-0.003465,0.0028858,-0.0015849,-0.0034669,0.0028484
0.00104,0.003665,0.0206438,0.00104,0.003665,0.0205838
-0.001168,-0.003627,0.0026258,-0.0011686,-0.0036288,0.0025892
0.003807,-0.000146,0.0028868,0.003809,-0.0001461,0.0028494
0.001733,-0.003393,0.0026268,0.0017339,-0.0033948,0.0025901
0.003737,0.00074,0.0206428,0.003737,0.00074,0.0205828
-0.001167,0.003627,0.0209038,-0.001167,0.003627,0.0208438
0.003784,0.000444,0.0206428,0.003784,0.000444,0.0205828
-0.000291,0.003799,0.0209038,-0.000291,0.003799,0.0208438
0.00317,-0.002114,0.0028868,0.0031717,-0.0021151,0.0028495
0.002696,0.002692,0.0209028,0.002696,0.002692,0.0208428
0.002994,-0.002356,0.0028868,0.0029956,-0.0023573,0.0028495
-0.000734,0.003739,0.0211628,-0.000734,0.003739,0.0211028
0.000749,0.003736,0.0206438,0.000749,0.003736,0.0205838
0.003736,-0.000747,0.0206428,0.003736,-0.000747,0.0205828
0.003322,-0.001866,0.0206428,0.003322,-0.001866,0.0205828
0.000749,-0.003736,0.0028858,0.0007494,-0.003738,0.0028485
0.003784,-0.000444,0.0028868,0.003786,-0.0004442,0.0028494
0.003458,-0.001599,0.0206428,0.003458,-0.001599,0.0205828
0.003461,-0.001592,0.0028868,0.0034629,-0.0015928,0.0028494
-0.001584,0.003465,0.0206438,-0.001584,0.003465,0.0205838
0.00212,0.003166,0.0206428,0.00212,0.003166,0.0205828
0.002119,-0.003166,0.0028868,0.0021201,-0.0031677,0.0028494
0.003326,-0.001859,0.0028868,0.0033278,-0.00186,0.0028495
0.000454,-0.003783,0.0028858,0.0004543,-0.0037851,0.0028485
0.0028,-0.002584,0.0028868,0.0028015,-0.0025854,0.0028494
0.003625,0.001174,0.0209028,0.003625,0.001174,0.0208428
0.003798,0.000303,0.0026268,0.0038,0.0003031,0.0025901
0.003396,0.001727,0.0209028,0.003396,0.001727,0.0208428
0.002994,0.002356,0.0206428,0.002994,0.002356,0.0205828
0.00317,0.002114,0.0206428,0.00317,0.002114,0.0205828
0.003807,0.000146,0.0206428,0.003807,0.000146,0.0205828
-0.000292,-0.003799,0.0021068,-0.0002921,-0.0038009,0.0020715
0.001182,-0.003622,0.0026268,0.0011826,-0.0036239,0.0025902
6e-06,-0.00381,0.0021068,6e-06,-0.0038118,0.0020715
0.002361,-0.00299,0.0028868,0.0023623,-0.0029916,0.0028494
0.003576,-0.001316,0.0028868,0.003578,-0.0013167,0.0028495
0.003807,-0.000154,0.0206428,0.003807,-0.000154,0.0205828
0.003736,0.000748,0.0028868,0.003738,0.0007484,0.0028494
0.002362,0.00299,0.0206428,0.002362,0.00299,0.0205828
0.003622,-0.001182,0.0203828,0.003622,-0.001182,0.0203228
0.002469,0.002901,0.0031468,0.0024704,0.0029026,0.0031087
0.003573,0.001323,0.0028868,0.0035749,0.0013237,0.0028494
0.000881,0.003707,0.0031468,0.0008815,0.003709,0.0031087
0.00117,0.003626,0.0031468,0.0011706,0.003628,0.0031087
0.00029,0.003799,0.0031468,0.0002902,0.0038011,0.0031087
-9e-06,0.00381,0.0031468,-9e-06,0.0038121,0.0031087
-0.000309,0.003797,0.0031468,-0.0003092,0.0037992,0.0031088
-0.000606,0.003761,0.0031468,-0.0006064,0.0037631,0.0031087
-0.0009,0.003702,0.0031468,-0.0009005,0.0037041,0.0031087
-0.001188,0.00362,0.0031468,-0.0011887,0.003622,0.0031088
-0.001468,0.003516,0.0031468,-0.0014688,0.003518,0.0031087
-0.00174,0.003389,0.0031468,-0.001741,0.0033909,0.0031087
-0.002001,0.003242,0.0031468,-0.0020021,0.0032438,0.0031088
-0.002249,0.003075,0.0031468,-0.0022503,0.0030767,0.0031087
-0.002484,0.002889,0.0031468,-0.0024854,0.0028906,0.0031087
-0.002703,0.002685,0.0031468,-0.0027045,0.0026865,0.0031088
-0.002906,0.002464,0.0031468,-0.0029076,0.0024654,0.0031087
-0.00309,0.002228,0.0031468,-0.0030917,0.0022292,0.0031088
-0.003256,0.001979,0.0031468,-0.0032578,0.0019801,0.0031088
-0.003401,0.001717,0.0031468,-0.0034029,0.001718,0.0031088
-0.003526,0.001444,0.0031468,-0.003528,0.0014448,0.0031088
-0.003628,0.001163,0.0031468,-0.00363,0.0011636,0.0031088
-0.003708,0.000874,0.0031468,-0.0037101,0.0008745,0.0031087
-0.003766,0.00058,0.0031468,-0.0037681,0.0005803,0.0031087
-0.003799,0.000283,0.0031468,-0.0038011,0.0002832,0.0031087
-0.00381,-1.6e-05,0.0031468,-0.0038121,-1.6e-05,0.0031087
-0.003797,-0.000315,0.0031468,-0.0037991,-0.0003152,0.0031088
-0.00376,-0.000613,0.0031468,-0.003762,-0.0006133,0.0031087
-0.003701,-0.000906,0.0031468,-0.0037031,-0.0009065,0.0031087
-0.003618,-0.001193,0.0031468,-0.00362,-0.0011937,0.0031088
-0.003513,-0.001474,0.0031468,-0.0035149,-0.0014748,0.0031088
-0.003387,-0.001745,0.0031468,-0.0033889,-0.001746,0.0031088
-0.00324,-0.002005,0.0031458,-0.0032418,-0.0020061,0.0031078
-0.003073,-0.002253,0.0031458,-0.0030747,-0.0022543,0.0031077
-0.002887,-0.002487,0.0031458,-0.0028886,-0.0024884,0.0031077
-0.002683,-0.002705,0.0031458,-0.0026845,-0.0027065,0.0031078
-0.002463,-0.002907,0.0031458,-0.0024644,-0.0029087,0.0031078
-0.002228,-0.003091,0.0031458,-0.0022292,-0.0030927,0.0031077
-0.001979,-0.003256,0.0031458,-0.0019801,-0.0032578,0.0031078
0.001323,0.003573,0.0206428,0.001323,0.003573,0.0205828
0.003807,0.000154,0.0028868,0.0038091,0.0001541,0.0028495
0.002234,-0.003086,0.0203828,0.002234,-0.003086,0.0203228
0.001985,-0.003252,0.0203828,0.001985,-0.003252,0.0203228
0.001462,0.003518,0.0209028,0.001462,0.003518,0.0208428
0.003084,-0.002237,0.0031468,0.0030857,-0.0022383,0.0031088
0.00247,-0.002901,0.0203828,0.00247,-0.002901,0.0203228
0.001039,-0.003666,0.0028858,0.0010395,-0.003668,0.0028485
0.003668,0.001031,0.0206428,0.003668,0.001031,0.0205828
0.001451,0.003523,0.0031468,0.0014518,0.003525,0.0031088
0.001723,-0.003398,0.0203828,0.001723,-0.003398,0.0203228
0.001451,-0.003523,0.0203828,0.001451,-0.003523,0.0203228
0.00117,-0.003626,0.0203828,0.00117,-0.003626,0.0203228
0.000881,-0.003707,0.0203828,0.000881,-0.003707,0.0203228
0.000587,-0.003764,0.0203828,0.000587,-0.003764,0.0203228
0.00029,-0.003799,0.0203828,0.00029,-0.003799,0.0203228
-9e-06,-0.00381,0.0203828,-9e-06,-0.00381,0.0203228
-0.000309,-0.003797,0.0203828,-0.000309,-0.003797,0.0203228
-0.000606,-0.003761,0.0203828,-0.000606,-0.003761,0.0203228
-0.0009,-0.003702,0.0203828,-0.0009,-0.003702,0.0203228
-0.001188,-0.00362,0.0203828,-0.001188,-0.00362,0.0203228
-0.001469,-0.003516,0.0203828,-0.001469,-0.003516,0.0203228
-0.00174,-0.003389,0.0203828,-0.00174,-0.003389,0.0203228
-0.002001,-0.003242,0.0203828,-0.002001,-0.003242,0.0203228
-0.00225,-0.003075,0.0203828,-0.00225,-0.003075,0.0203228
-0.002485,-0.002888,0.0203828,-0.002485,-0.002888,0.0203228
-0.002704,-0.002684,0.0203828,-0.002704,-0.002684,0.0203228
-0.002906,-0.002464,0.0203828,-0.002906,-0.002464,0.0203228
-0.003091,-0.002228,0.0203828,-0.003091,-0.002228,0.0203228
-0.003256,-0.001978,0.0203828,-0.003256,-0.001978,0.0203228
-0.003402,-0.001716,0.0203828,-0.003402,-0.001716,0.0203228
-0.003526,-0.001443,0.0203828,-0.003526,-0.001443,0.0203228
-0.003629,-0.001162,0.0203828,-0.003629,-0.001162,0.0203228
-0.003709,-0.000873,0.0203828,-0.003709,-0.000873,0.0203228
-0.003766,-0.000579,0.0203828,-0.003766,-0.000579,0.0203228
-0.0038,-0.000282,0.0203828,-0.0038,-0.000282,0.0203228
-0.00381,1.8e-05,0.0203828,-0.00381,1.8e-05,0.0203228
-0.003797,0.000317,0.0203828,-0.003797,0.000317,0.0203228
-0.00376,0.000614,0.0203828,-0.00376,0.000614,0.0203228
-0.0037,0.000907,0.0203828,-0.0037,0.000907,0.0203228
-0.003618,0.001195,0.0203828,-0.003618,0.001195,0.0203228
-0.003513,0.001475,0.0203828,-0.003513,0.001475,0.0203228
-0.003387,0.001746,0.0203828,-0.003387,0.001746,0.0203228
-0.003239,0.002006,0.0203838,-0.003239,0.002006,0.0203238
-0.003072,0.002254,0.0203838,-0.003072,0.002254,0.0203238
-0.002886,0.002487,0.0203838,-0.002886,0.002487,0.0203238
-0.002682,0.002706,0.0203838,-0.002682,0.002706,0.0203238
-0.002462,0.002908,0.0203838,-0.002462,0.002908,0.0203238
-0.002227,0.003091,0.0203838,-0.002227,0.003091,0.0203238
-0.001978,0.003256,0.0203838,-0.001978,0.003256,0.0203238
0.00325,-0.001988,0.0031468,0.0032518,-0.0019891,0.0031088
0.001865,-0.003322,0.0028868,0.001866,-0.0033238,0.0028494
0.001723,0.003398,0.0031468,0.001724,0.0033998,0.0031087
0.003396,-0.001727,0.0031468,0.0033979,-0.001728,0.0031088
0.001462,-0.003518,0.0026268,0.0014628,-0.0035198,0.0025901
0.003521,0.001455,0.0209028,0.003521,0.001455,0.0208428
0.002234,0.003086,0.0031468,0.0022352,0.0030877,0.0031087
0.002893,-0.002479,0.0203828,0.002893,-0.002479,0.0203228
0.0028,0.002584,0.0206428,0.0028,0.002584,0.0205828
0.001865,0.003322,0.0206428,0.001865,0.003322,0.0205828
0.000587,0.003764,0.0031468,0.0005873,0.0037661,0.0031088
0.003079,-0.002244,0.0203828,0.003079,-0.002244,0.0203228
0.00269,-0.002698,0.0203828,0.00269,-0.002698,0.0203228
0.001985,0.003252,0.0031468,0.0019861,0.0032538,0.0031087
0.003783,-0.000452,0.0206428,0.003783,-0.000452,0.0205828
0.002588,-0.002796,0.0028868,0.0025894,-0.0027975,0.0028494
0.00269,0.002699,0.0031468,0.0026915,0.0027005,0.0031087
-0.00088,-0.003707,0.0026258,-0.0008805,-0.0037089,0.0025892
0.003668,-0.001031,0.0028868,0.00367,-0.0010315,0.0028494
0.003392,0.001734,0.0031468,0.0033939,0.001735,0.0031087
7e-06,-0.00381,0.0026258,7e-06,-0.003812,0.0025891
0.003622,0.001182,0.0031468,0.003624,0.0011826,0.0031087
-0.001308,-0.003578,0.0028858,-0.0013087,-0.0035799,0.0028485
0.000455,0.003783,0.0206438,0.000455,0.003783,0.0205838
0.001183,0.003622,0.0203838,0.001183,0.003622,0.0203238
-0.001718,-0.003401,0.0031458,-0.001719,-0.0034029,0.0031078
0.00381,4e-06,0.0031468,0.0038121,4e-06,0.0031088
0.003246,-0.001995,0.0203828,0.003246,-0.001995,0.0203228
0.003799,-0.000295,0.0031468,0.0038011,-0.0002951,0.0031088
-0.00088,0.003707,0.0209038,-0.00088,0.003707,0.0208438
-0.000587,0.003765,0.0209038,-0.000587,0.003765,0.0208438
0.003246,0.001995,0.0031468,0.0032478,0.0019961,0.0031087
-0.001308,0.003579,0.0206438,-0.001308,0.003579,0.0205838
0.000895,0.003703,0.0203838,0.000895,0.003703,0.0203238
-0.00044,-0.003784,0.0023668,-0.0004402,-0.0037859,0.0023308
-0.000141,0.003807,0.0206438,-0.000141,0.003807,0.0205838
0.003704,-0.000894,0.0203828,0.003704,-0.000894,0.0203228
0.002589,0.002795,0.0206428,0.002589,0.002795,0.0205828
0.001733,0.003393,0.0209028,0.001733,0.003393,0.0208428
0.003706,0.000886,0.0203828,0.003706,0.000886,0.0203228
0.003737,-0.00074,0.0028868,0.003739,-0.0007404,0.0028494
0.00381,-4e-06,0.0203828,0.00381,-4e-06,0.0203228
-0.001717,0.003401,0.0203838,-0.001717,0.003401,0.0203238
0.002899,-0.002472,0.0031468,0.0029006,-0.0024734,0.0031088
0.003764,0.000592,0.0203828,0.003764,0.000592,0.0203228
0.001994,-0.003247,0.0031458,0.0019951,-0.0032488,0.0031077
0.003521,-0.001455,0.0031468,0.0035229,-0.0014558,0.0031087
0.000602,-0.003762,0.0031458,0.0006023,-0.0037641,0.0031078
0.002242,-0.00308,0.0031468,0.0022432,-0.0030817,0.0031087
0.003783,0.000452,0.0028868,0.0037851,0.0004522,0.0028494
0.003326,0.001859,0.0206428,0.003326,0.001859,0.0205828
0.002893,0.002479,0.0031468,0.0028946,0.0024804,0.0031087
0.002899,0.002472,0.0203828,0.002899,0.002472,0.0203228
0.003799,0.000295,0.0203828,0.003799,0.000295,0.0203228
0.003084,0.002237,0.0203828,0.003084,0.002237,0.0203228
0.003079,0.002244,0.0031468,0.0030807,0.0022452,0.0031087
0.003518,-0.001463,0.0203828,0.003518,-0.001463,0.0203228
0.001994,0.003246,0.0203838,0.001994,0.003246,0.0203238
0.003704,0.000894,0.0031468,0.0037061,0.0008945,0.0031087
0.000156,-0.003807,0.0028858,0.0001561,-0.003809,0.0028484
0.000895,-0.003703,0.0031458,0.0008955,-0.0037051,0.0031078
0.000157,0.003807,0.0206438,0.000157,0.003807,0.0205838
0.002243,0.00308,0.0203828,0.002243,0.00308,0.0203228
0.001463,0.003518,0.0203838,0.001463,0.003518,0.0203238
0.002988,-0.002363,0.0201228,0.002988,-0.002363,0.0200628
0.001855,-0.003328,0.0201228,0.001855,-0.003328,0.0200628
-0.00016,0.003807,0.0034068,-0.0001601,0.0038092,0.0033681
0.00014,0.003807,0.0034068,0.0001401,0.0038092,0.003368
-0.000754,0.003735,0.0034068,-0.0007544,0.0037372,0.003368
-0.001045,0.003664,0.0034068,-0.0010456,0.0036661,0.0033681
-0.001329,0.003571,0.0034068,-0.0013298,0.0035731,0.0033681
-0.001606,0.003455,0.0034068,-0.0016069,0.003457,0.003368
-0.001872,0.003318,0.0034068,-0.0018731,0.0033199,0.0033681
-0.002127,0.003161,0.0034068,-0.0021283,0.0031628,0.0033681
-0.002369,0.002984,0.0034068,-0.0023704,0.0029857,0.0033681
-0.002596,0.002789,0.0034068,-0.0025975,0.0027906,0.0033681
-0.002807,0.002576,0.0034068,-0.0028086,0.0025775,0.0033681
-0.003001,0.002348,0.0034068,-0.0030027,0.0023493,0.003368
-0.003176,0.002105,0.0034068,-0.0031778,0.0021062,0.0033681
-0.003332,0.001849,0.0034068,-0.0033339,0.0018501,0.0033681
-0.003466,0.001581,0.0034068,-0.003468,0.0015819,0.0033681
-0.00358,0.001304,0.0034068,-0.0035821,0.0013047,0.003368
-0.003671,0.001019,0.0034068,-0.0036731,0.0010196,0.0033681
-0.00374,0.000727,0.0034068,-0.0037422,0.0007274,0.003368
-0.003786,0.000431,0.0034068,-0.0037882,0.0004312,0.003368
-0.003808,0.000133,0.0034068,-0.0038102,0.0001331,0.003368
-0.003806,-0.000167,0.0034068,-0.0038082,-0.0001671,0.0033681
-0.003781,-0.000465,0.0034068,-0.0037831,-0.0004653,0.0033681
-0.003733,-0.000761,0.0034068,-0.0037352,-0.0007614,0.003368
-0.003662,-0.001051,0.0034068,-0.0036641,-0.0010516,0.0033681
-0.003568,-0.001335,0.0034058,-0.00357,-0.0013358,0.0033671
-0.003453,-0.001611,0.0034058,-0.003455,-0.0016119,0.0033671
-0.003316,-0.001877,0.0034058,-0.0033179,-0.0018781,0.0033671
-0.003158,-0.002131,0.0034058,-0.0031598,-0.0021322,0.0033671
-0.002982,-0.002372,0.0034058,-0.0029837,-0.0023734,0.0033671
-0.002786,-0.002598,0.0034058,-0.0027876,-0.0025995,0.0033671
-0.002574,-0.002809,0.0034058,-0.0025755,-0.0028107,0.0033671
-0.002347,-0.003001,0.0034058,-0.0023483,-0.0030028,0.0033671
-0.002105,-0.003176,0.0034058,-0.0021062,-0.0031778,0.0033671
0.003798,0.000303,0.0031468,0.0038001,0.0003032,0.0031088
0.001599,0.003458,0.0206428,0.001599,0.003458,0.0205828
-0.000143,-0.003807,0.0023668,-0.0001431,-0.0038089,0.0023308
0.003798,-0.000303,0.0203828,0.003798,-0.000303,0.0203228
0.002111,-0.003172,0.0201228,0.002111,-0.003172,0.0200628
0.001733,-0.003393,0.0031458,0.001734,-0.0033949,0.0031077
0.001599,-0.003458,0.0028868,0.0015999,-0.0034599,0.0028494
0.002988,0.002364,0.0034068,0.0029897,0.0023653,0.003368
0.002111,0.003172,0.0034068,0.0021122,0.0031738,0.003368
0.003762,-0.0006,0.0203828,0.003762,-0.0006,0.0203228
0.001323,-0.003573,0.0028868,0.0013237,-0.0035749,0.0028494
0.001311,0.003577,0.0034068,0.0013118,0.0035791,0.0033681
0.001311,-0.003577,0.0201228,0.001311,-0.003577,0.0200628
0.001026,-0.003669,0.0201228,0.001026,-0.003669,0.0200628
0.000735,-0.003739,0.0201228,0.000735,-0.003739,0.0200628
0.000439,-0.003785,0.0201228,0.000439,-0.003785,0.0200628
0.00014,-0.003807,0.0201228,0.00014,-0.003807,0.0200628
-0.00016,-0.003807,0.0201228,-0.00016,-0.003807,0.0200628
-0.000458,-0.003782,0.0201228,-0.000458,-0.003782,0.0200628
-0.000754,-0.003735,0.0201228,-0.000754,-0.003735,0.0200628
-0.001045,-0.003664,0.0201228,-0.001045,-0.003664,0.0200628
-0.00133,-0.00357,0.0201228,-0.00133,-0.00357,0.0200628
-0.001606,-0.003455,0.0201228,-0.001606,-0.003455,0.0200628
-0.001873,-0.003318,0.0201228,-0.001873,-0.003318,0.0200628
-0.002128,-0.00316,0.0201228,-0.002128,-0.00316,0.0200628
-0.00237,-0.002984,0.0201228,-0.00237,-0.002984,0.0200628
-0.002597,-0.002788,0.0201228,-0.002597,-0.002788,0.0200628
-0.002808,-0.002575,0.0201228,-0.002808,-0.002575,0.0200628
-0.003001,-0.002347,0.0201228,-0.003001,-0.002347,0.0200628
-0.003177,-0.002104,0.0201228,-0.003177,-0.002104,0.0200628
-0.003332,-0.001848,0.0201228,-0.003332,-0.001848,0.0200628
-0.003467,-0.00158,0.0201228,-0.003467,-0.00158,0.0200628
-0.00358,-0.001303,0.0201228,-0.00358,-0.001303,0.0200628
-0.003672,-0.001018,0.0201228,-0.003672,-0.001018,0.0200628
-0.00374,-0.000726,0.0201228,-0.00374,-0.000726,0.0200628
-0.003786,-0.00043,0.0201228,-0.003786,-0.00043,0.0200628
-0.003808,-0.000131,0.0201228,-0.003808,-0.000131,0.0200628
-0.003806,0.000168,0.0201228,-0.003806,0.000168,0.0200628
-0.003781,0.000466,0.0201228,-0.003781,0.000466,0.0200628
-0.003733,0.000762,0.0201228,-0.003733,0.000762,0.0200628
-0.003662,0.001052,0.0201238,-0.003662,0.001052,0.0200638
-0.003568,0.001337,0.0201238,-0.003568,0.001337,0.0200638
-0.003452,0.001612,0.0201238,-0.003452,0.001612,0.0200638
-0.003315,0.001878,0.0201238,-0.003315,0.001878,0.0200638
-0.003158,0.002132,0.0201238,-0.003158,0.002132,0.0200638
-0.002981,0.002373,0.0201238,-0.002981,0.002373,0.0200638
-0.002786,0.002599,0.0201238,-0.002786,0.002599,0.0200638
-0.002574,0.002809,0.0201238,-0.002574,0.002809,0.0200638
-0.002346,0.003002,0.0201238,-0.002346,0.003002,0.0200638
-0.002104,0.003176,0.0201248,-0.002104,0.003176,0.0200648
0.00317,-0.002114,0.0034068,0.0031718,-0.0021152,0.0033681
0.003625,0.001174,0.0203828,0.003625,0.001174,0.0203228
0.001588,0.003463,0.0034068,0.0015889,0.003465,0.0033681
0.003326,-0.001859,0.0034068,0.0033279,-0.00186,0.0033681
0.001855,0.003328,0.0034068,0.0018561,0.0033299,0.003368
-0.000458,0.003782,0.0034068,-0.0004583,0.0037842,0.0033681
0.001026,0.003669,0.0034068,0.0010266,0.0036711,0.003368
0.002697,0.002692,0.0203828,0.002697,0.002692,0.0203228
0.003518,0.001463,0.0031468,0.0035199,0.0014638,0.0031087
0.002353,0.002996,0.0034068,0.0023544,0.0029977,0.0033681
-0.000439,0.003785,0.0206438,-0.000439,0.003785,0.0205838
0.000306,-0.003798,0.0031458,0.0003062,-0.0038001,0.0031078
0.003392,-0.001734,0.0203828,0.003392,-0.001734,0.0203228
0.003576,0.001315,0.0206428,0.003576,0.001315,0.0205828
0.001734,0.003393,0.0203838,0.001734,0.003393,0.0203238
0.001588,-0.003463,0.0201228,0.001588,-0.003463,0.0200628
0.002353,-0.002996,0.0201228,0.002353,-0.002996,0.0200628
-0.000588,-0.003764,0.0026258,-0.0005883,-0.0037659,0.0025892
-0.001446,0.003525,0.0203838,-0.001446,0.003525,0.0203238
-0.000142,-0.003807,0.0028858,-0.0001421,-0.003809,0.0028484
-0.001447,-0.003525,0.0031458,-0.0014479,-0.003527,0.0031077
0.000603,0.003762,0.0203838,0.000603,0.003762,0.0203238
0.003165,-0.002121,0.0201228,0.003165,-0.002121,0.0200628
0.003165,0.002122,0.0034068,0.0031668,0.0021232,0.0033681
0.000439,0.003785,0.0034068,0.0004392,0.0037872,0.0033681
0.003807,0.000154,0.0034068,0.0038092,0.0001541,0.0033681
-0.00185,-0.003331,0.0034058,-0.0018511,-0.0033329,0.0033671
0.003666,-0.001039,0.0201228,0.003666,-0.001039,0.0200628
0.003807,-0.000145,0.0034068,0.0038092,-0.0001451,0.0033681
-0.000291,-0.003799,0.0026258,-0.0002911,-0.0038009,0.0025891
0.003461,0.001592,0.0206428,0.003461,0.001592,0.0205828
-0.001024,0.00367,0.0206438,-0.001024,0.00367,0.0205838
0.00104,0.003665,0.0201238,0.00104,0.003665,0.0200638
0.001182,-0.003622,0.0031458,0.0011827,-0.003624,0.0031078
0.001865,-0.003322,0.0034058,0.0018661,-0.0033239,0.003367
0.002582,-0.002802,0.0201228,0.002582,-0.002802,0.0200628
0.003764,-0.000592,0.0031468,0.0037661,-0.0005923,0.0031087
0.003321,0.001867,0.0034068,0.0033229,0.0018681,0.0033681
0.002477,0.002895,0.0203828,0.002477,0.002895,0.0203228
0.002581,0.002802,0.0034068,0.0025825,0.0028036,0.0033681
0.003573,0.001324,0.0034068,0.003575,0.0013247,0.003368
0.003625,-0.001174,0.0031468,0.003627,-0.0011747,0.0031088
-0.001849,0.003331,0.0201248,-0.001849,0.003331,0.0200648
0.002994,-0.002356,0.0034068,0.0029958,-0.0023574,0.0033681
0.00325,0.001988,0.0203828,0.00325,0.001988,0.0203228
0.002696,-0.002692,0.0031468,0.0026975,-0.0026935,0.0031088
0.003461,-0.001592,0.0034068,0.003463,-0.0015929,0.003368
8e-06,0.00381,0.0203838,8e-06,0.00381,0.0203238
-0.001024,-0.00367,0.0028858,-0.0010246,-0.003672,0.0028485
0.002994,0.002356,0.0201238,0.002994,0.002356,0.0200638
0.00212,-0.003166,0.0034058,0.0021212,-0.0031678,0.003367
0.003762,0.0006,0.0031468,0.0037641,0.0006003,0.0031087
0.003738,0.000739,0.0201228,0.003738,0.000739,0.0200628
0.002793,0.002591,0.0034068,0.0027946,0.0025925,0.003368
0.000735,0.003739,0.0034068,0.0007354,0.0037412,0.003368
0.003807,0.000145,0.0201228,0.003807,0.000145,0.0200628
0.00212,0.003166,0.0201238,0.00212,0.003166,0.0200638
0.003666,0.001039,0.0034068,0.0036681,0.0010396,0.003368
0.0028,0.002584,0.0201238,0.0028,0.002584,0.0200638
0.001324,0.003573,0.0201238,0.001324,0.003573,0.0200638
0.001866,0.003322,0.0201238,0.001866,0.003322,0.0200638
0.003668,0.001031,0.0201228,0.003668,0.001031,0.0200628
0.003807,-0.000154,0.0201228,0.003807,-0.000154,0.0200628
0.003458,0.0016,0.0034068,0.00346,0.0016009,0.003368
0.002477,-0.002895,0.0031468,0.0024784,-0.0028966,0.0031088
-0.00029,0.003799,0.0203838,-0.00029,0.003799,0.0203238
0.000454,-0.003783,0.0034058,0.0004543,-0.0037852,0.0033671
0.002794,-0.002591,0.0201228,0.002794,-0.002591,0.0200628
0.000749,-0.003736,0.0034058,0.0007494,-0.0037382,0.0033671
0.003573,-0.001323,0.0201228,0.003573,-0.001323,0.0200628
8e-06,-0.00381,0.0031458,8e-06,-0.0038121,0.0031077
0.001169,0.003626,0.0036668,0.0011697,0.0036282,0.0036274
0.003783,0.000452,0.0034068,0.0037852,0.0004522,0.0033681
-0.001188,0.00362,0.0036668,-0.0011887,0.0036222,0.0036273
-0.0009,0.003702,0.0036668,-0.0009005,0.0037042,0.0036274
-0.001741,0.003389,0.0036668,-0.001742,0.003391,0.0036274
-0.002002,0.003242,0.0036668,-0.0020032,0.003244,0.0036274
-0.00225,0.003074,0.0036668,-0.0022513,0.0030758,0.0036274
-0.002485,0.002888,0.0036668,-0.0024865,0.0028897,0.0036274
-0.002704,0.002684,0.0036668,-0.0027056,0.0026856,0.0036274
-0.002907,0.002463,0.0036668,-0.0029088,0.0024645,0.0036274
-0.003091,0.002227,0.0036668,-0.0030929,0.0022283,0.0036274
-0.003257,0.001978,0.0036668,-0.003259,0.0019792,0.0036274
-0.003402,0.001716,0.0036668,-0.0034041,0.001717,0.0036274
-0.003526,0.001443,0.0036668,-0.0035281,0.0014439,0.0036273
-0.003629,0.001162,0.0036668,-0.0036311,0.0011627,0.0036274
-0.003709,0.000873,0.0036668,-0.0037112,0.0008735,0.0036274
-0.003766,0.000579,0.0036668,-0.0037682,0.0005793,0.0036274
-0.0038,0.000281,0.0036668,-0.0038022,0.0002812,0.0036274
-0.00381,-1.8e-05,0.0036658,-0.0038123,-1.8e-05,0.0036264
-0.003797,-0.000317,0.0036658,-0.0037993,-0.0003172,0.0036264
-0.00376,-0.000614,0.0036658,-0.0037623,-0.0006144,0.0036264
-0.0037,-0.000907,0.0036658,-0.0037022,-0.0009075,0.0036264
-0.003618,-0.001195,0.0036658,-0.0036202,-0.0011957,0.0036264
-0.003513,-0.001475,0.0036658,-0.0035151,-0.0014758,0.0036264
-0.003386,-0.001746,0.0036658,-0.003388,-0.0017471,0.0036264
-0.003239,-0.002006,0.0036658,-0.0032409,-0.0020072,0.0036265
-0.003072,-0.002254,0.0036658,-0.0030738,-0.0022553,0.0036264
-0.002886,-0.002487,0.0036658,-0.0028877,-0.0024885,0.0036264
-0.002682,-0.002706,0.0036658,-0.0026836,-0.0027076,0.0036264
-0.002462,-0.002908,0.0036658,-0.0024635,-0.0029098,0.0036264
-0.002227,-0.003091,0.0036658,-0.0022283,-0.0030929,0.0036265
0.003784,0.000444,0.0201228,0.003784,0.000444,0.0200628
0.003736,-0.000748,0.0201228,0.003736,-0.000748,0.0200628
0.000881,-0.003707,0.0198628,0.000881,-0.003707,0.0198028
0.001984,-0.003252,0.0198628,0.001984,-0.003252,0.0198028
-0.000607,0.003761,0.0036668,-0.0006074,0.0037633,0.0036274
0.003783,-0.000452,0.0201228,0.003783,-0.000452,0.0200628
0.00075,0.003736,0.0201238,0.00075,0.003736,0.0200638
0.00145,-0.003523,0.0198628,0.00145,-0.003523,0.0198028
-0.000733,0.003739,0.0206438,-0.000733,0.003739,0.0205838
0.001169,-0.003626,0.0198628,0.001169,-0.003626,0.0198028
0.000289,-0.003799,0.0198628,0.000289,-0.003799,0.0198028
-1e-05,-0.00381,0.0198628,-1e-05,-0.00381,0.0198028
-0.00031,-0.003797,0.0198628,-0.00031,-0.003797,0.0198028
-0.000607,-0.003761,0.0198628,-0.000607,-0.003761,0.0198028
-0.000901,-0.003702,0.0198628,-0.000901,-0.003702,0.0198028
-0.001189,-0.00362,0.0198628,-0.001189,-0.00362,0.0198028
-0.00147,-0.003515,0.0198628,-0.00147,-0.003515,0.0198028
-0.001741,-0.003389,0.0198628,-0.001741,-0.003389,0.0198028
-0.002002,-0.003241,0.0198628,-0.002002,-0.003241,0.0198028
-0.002251,-0.003074,0.0198628,-0.002251,-0.003074,0.0198028
-0.002485,-0.002888,0.0198628,-0.002485,-0.002888,0.0198028
-0.002705,-0.002683,0.0198628,-0.002705,-0.002683,0.0198028
-0.002907,-0.002463,0.0198628,-0.002907,-0.002463,0.0198028
-0.003092,-0.002226,0.0198628,-0.003092,-0.002226,0.0198028
-0.003257,-0.001977,0.0198628,-0.003257,-0.001977,0.0198028
-0.003402,-0.001715,0.0198628,-0.003402,-0.001715,0.0198028
-0.003527,-0.001442,0.0198628,-0.003527,-0.001442,0.0198028
-0.003629,-0.00116,0.0198628,-0.003629,-0.00116,0.0198028
-0.003709,-0.000872,0.0198628,-0.003709,-0.000872,0.0198028
-0.003766,-0.000578,0.0198628,-0.003766,-0.000578,0.0198028
-0.0038,-0.00028,0.0198628,-0.0038,-0.00028,0.0198028
-0.00381,1.9e-05,0.0198638,-0.00381,1.9e-05,0.0198038
-0.003797,0.000318,0.0198638,-0.003797,0.000318,0.0198038
-0.00376,0.000615,0.0198638,-0.00376,0.000615,0.0198038
-0.0037,0.000909,0.0198638,-0.0037,0.000909,0.0198038
-0.003617,0.001196,0.0198638,-0.003617,0.001196,0.0198038
-0.003512,0.001476,0.0198638,-0.003512,0.001476,0.0198038
-0.003386,0.001747,0.0198638,-0.003386,0.001747,0.0198038
-0.003239,0.002007,0.0198638,-0.003239,0.002007,0.0198038
-0.003071,0.002255,0.0198638,-0.003071,0.002255,0.0198038
-0.002885,0.002488,0.0198638,-0.002885,0.002488,0.0198038
-0.002682,0.002707,0.0198648,-0.002682,0.002707,0.0198048
-0.002461,0.002908,0.0198648,-0.002461,0.002908,0.0198048
-0.002226,0.003092,0.0198648,-0.002226,0.003092,0.0198048
0.00325,-0.001988,0.0036658,0.003252,-0.0019892,0.0036264
0.000306,0.003798,0.0203838,0.000306,0.003798,0.0203238
0.003392,0.001735,0.0036668,0.003394,0.001736,0.0036274
0.00317,0.002114,0.0201238,0.00317,0.002114,0.0200638
0.001599,0.003458,0.0201238,0.001599,0.003458,0.0200638
0.000587,-0.003765,0.0198628,0.000587,-0.003765,0.0198028
0.002362,0.00299,0.0201238,0.002362,0.00299,0.0200638
-0.001469,0.003515,0.0036668,-0.0014699,0.0035171,0.0036274
0.003518,0.001463,0.0036668,0.0035201,0.0014639,0.0036274
-1e-05,0.00381,0.0036668,-1e-05,0.0038123,0.0036274
0.000157,-0.003807,0.0034058,0.0001571,-0.0038092,0.0033671
0.003706,-0.000886,0.0031468,0.0037081,-0.0008865,0.0031087
0.001599,-0.003458,0.0034058,0.0015999,-0.00346,0.0033671
0.002233,0.003087,0.0036668,0.0022343,0.0030888,0.0036274
-0.000309,0.003797,0.0036668,-0.0003092,0.0037993,0.0036274
0.001723,-0.003398,0.0198628,0.001723,-0.003398,0.0198028
0.002234,-0.003087,0.0198628,0.002234,-0.003087,0.0198028
0.00145,0.003523,0.0036668,0.0014509,0.0035251,0.0036274
-0.001583,-0.003465,0.0034058,-0.0015839,-0.003467,0.0033671
-0.001166,0.003627,0.0203838,-0.001166,0.003627,0.0203238
-0.001167,-0.003627,0.0031458,-0.0011677,-0.0036291,0.0031078
0.000881,0.003707,0.0036668,0.0008815,0.0037092,0.0036273
0.001462,-0.003518,0.0031458,0.0014628,-0.00352,0.0031078
0.003079,-0.002244,0.0198628,0.003079,-0.002244,0.0198028
0.003079,0.002245,0.0036668,0.0030809,0.0022464,0.0036274
0.000289,0.003799,0.0036668,0.0002892,0.0038013,0.0036274
0.003798,0.000303,0.0036658,0.0038003,0.0003032,0.0036264
0.003764,0.000592,0.0198638,0.003764,0.000592,0.0198038
-0.001978,-0.003256,0.0036648,-0.0019792,-0.0032579,0.0036254
-0.000291,-0.003799,0.0031458,-0.0002912,-0.0038011,0.0031078
0.003704,-0.000894,0.0198638,0.003704,-0.000894,0.0198038
0.001723,0.003398,0.0036668,0.0017241,0.0034,0.0036274
0.003784,-0.000444,0.0034068,0.0037862,-0.0004442,0.0033681
-0.000439,-0.003785,0.0028858,-0.0004392,-0.003787,0.0028485
0.002469,-0.002902,0.0198628,0.002469,-0.002902,0.0198028
0.001039,-0.003666,0.0034058,0.0010396,-0.0036681,0.0033671
0.003622,0.001182,0.0036658,0.0036242,0.0011827,0.0036263
0.003245,0.001996,0.0036668,0.0032469,0.0019972,0.0036274
0.002589,0.002795,0.0201238,0.002589,0.002795,0.0200638
-0.000586,0.003765,0.0203838,-0.000586,0.003765,0.0203238
0.002361,-0.00299,0.0034058,0.0023624,-0.0029917,0.0033671
-0.001583,0.003466,0.0201248,-0.001583,0.003466,0.0200648
0.003084,-0.002237,0.0036658,0.0030859,-0.0022383,0.0036264
0.003396,0.001727,0.0203828,0.003396,0.001727,0.0203228
0.0028,-0.002584,0.0034058,0.0028016,-0.0025855,0.0033671
-0.001978,0.003256,0.0198648,-0.001978,0.003256,0.0198048
0.003396,-0.001727,0.0036658,0.003398,-0.001728,0.0036264
0.001984,0.003253,0.0036668,0.0019852,0.0032549,0.0036273
0.002243,0.00308,0.0198638,0.002243,0.00308,0.0198038
0.000158,0.003807,0.0201238,0.000158,0.003807,0.0200638
0.003576,-0.001315,0.0034068,0.0035781,-0.0013158,0.0033681
0.003085,0.002237,0.0198638,0.003085,0.002237,0.0198038
0.003322,-0.001866,0.0201228,0.003322,-0.001866,0.0200628
0.001994,-0.003247,0.0036658,0.0019952,-0.003249,0.0036264
0.003736,0.000748,0.0034068,0.0037381,0.0007484,0.003368
0.002893,0.002479,0.0036668,0.0028947,0.0024805,0.0036273
0.000306,-0.003798,0.0036658,0.0003062,-0.0038002,0.0036264
0.001733,-0.003393,0.0036658,0.001734,-0.003395,0.0036264
0.003576,0.001315,0.0201228,0.003576,0.001315,0.0200628
0.0029,0.002472,0.0198638,0.0029,0.002472,0.0198038
0.003521,0.001455,0.0203828,0.003521,0.001455,0.0203228
0.001994,0.003246,0.0198638,0.001994,0.003246,0.0198038
0.003706,0.000886,0.0198638,0.003706,0.000886,0.0198038
0.000895,0.003703,0.0198638,0.000895,0.003703,0.0198038
0.001183,0.003622,0.0198638,0.001183,0.003622,0.0198038
0.003458,-0.0016,0.0201228,0.003458,-0.0016,0.0200628
0.002469,0.002902,0.0036668,0.0024705,0.0029037,0.0036274
0.00381,4e-06,0.0036658,0.0038122,4e-06,0.0036264
0.003622,-0.001182,0.0198638,0.003622,-0.001182,0.0198038
0.002893,-0.002479,0.0198628,0.002893,-0.002479,0.0198028
0.000602,-0.003762,0.0036658,0.0006024,-0.0037643,0.0036264
0.003799,0.000295,0.0198638,0.003799,0.000295,0.0198038
-0.000141,0.003807,0.0201238,-0.000141,0.003807,0.0200638
0.00381,-4e-06,0.0198638,0.00381,-4e-06,0.0198038
0.003762,0.000601,0.0036658,0.0037642,0.0006014,0.0036264
0.000603,0.003762,0.0198638,0.000603,0.003762,0.0198038
0.003458,0.0016,0.0039258,0.0034601,0.001601,0.0038857
-0.002128,0.00316,0.0039258,-0.0021293,0.003162,0.0038857
-0.001873,0.003318,0.0039258,-0.0018741,0.0033201,0.0038857
-0.002597,0.002788,0.0039258,-0.0025986,0.0027897,0.0038858
-0.002808,0.002575,0.0039258,-0.0028097,0.0025766,0.0038857
-0.003001,0.002347,0.0039258,-0.0030029,0.0023485,0.0038857
-0.003177,0.002104,0.0039258,-0.003179,0.0021053,0.0038857
-0.003332,0.001848,0.0039258,-0.0033341,0.0018491,0.0038857
-0.003467,0.00158,0.0039258,-0.0034691,0.001581,0.0038857
-0.00358,0.001303,0.0039258,-0.0035822,0.0013038,0.0038857
-0.003672,0.001018,0.0039258,-0.0036743,0.0010186,0.0038857
-0.00374,0.000726,0.0039258,-0.0037423,0.0007265,0.0038857
-0.003786,0.00043,0.0039258,-0.0037883,0.0004303,0.0038857
-0.003808,0.000131,0.0039258,-0.0038104,0.0001311,0.0038858
-0.003806,-0.000168,0.0039258,-0.0038084,-0.0001681,0.0038858
-0.003781,-0.000466,0.0039258,-0.0037833,-0.0004663,0.0038857
-0.003733,-0.000762,0.0039258,-0.0037353,-0.0007625,0.0038857
-0.003662,-0.001052,0.0039258,-0.0036643,-0.0010527,0.0038857
-0.003568,-0.001337,0.0039258,-0.0035702,-0.0013379,0.0038857
-0.003452,-0.001612,0.0039258,-0.0034541,-0.001613,0.0038857
-0.003315,-0.001878,0.0039258,-0.0033171,-0.0018792,0.0038858
-0.003158,-0.002132,0.0039258,-0.0031599,-0.0021333,0.0038857
-0.002981,-0.002373,0.0039248,-0.0029828,-0.0023745,0.0038847
-0.002786,-0.002599,0.0039248,-0.0027877,-0.0026006,0.0038847
-0.002574,-0.002809,0.0039248,-0.0025756,-0.0028108,0.0038847
-0.002346,-0.003002,0.0039248,-0.0023475,-0.0030039,0.0038848
-0.000142,-0.003807,0.0034058,-0.0001421,-0.0038092,0.0033671
0.003668,-0.001031,0.0034068,0.0036701,-0.0010316,0.0033681
0.003762,-0.000601,0.0198638,0.003762,-0.000601,0.0198038
0.00211,-0.003172,0.0196038,0.00211,-0.003172,0.0195438
0.003246,-0.001996,0.0198638,0.003246,-0.001996,0.0198038
0.002689,-0.002699,0.0198628,0.002689,-0.002699,0.0198028
0.001323,-0.003573,0.0034058,0.0013238,-0.0035751,0.0033671
-0.000459,0.003782,0.0039258,-0.0004593,0.0037843,0.0038857
0.003326,0.001859,0.0201228,0.003326,0.001859,0.0200628
0.000455,0.003783,0.0201238,0.000455,0.003783,0.0200638
-0.000879,0.003707,0.0203838,-0.000879,0.003707,0.0203238
-0.000734,-0.003739,0.0028858,-0.0007344,-0.003741,0.0028485
0.001025,-0.003669,0.0196038,0.001025,-0.003669,0.0195438
-0.000459,-0.003782,0.0196038,-0.000459,-0.003782,0.0195438
-0.00016,-0.003807,0.0196038,-0.00016,-0.003807,0.0195438
0.000139,-0.003807,0.0196038,0.000139,-0.003807,0.0195438
-0.000755,-0.003734,0.0196038,-0.000755,-0.003734,0.0195438
-0.001046,-0.003664,0.0196038,-0.001046,-0.003664,0.0195438
-0.001331,-0.00357,0.0196038,-0.001331,-0.00357,0.0195438
-0.001607,-0.003454,0.0196038,-0.001607,-0.003454,0.0195438
-0.001874,-0.003317,0.0196038,-0.001874,-0.003317,0.0195438
-0.002129,-0.00316,0.0196038,-0.002129,-0.00316,0.0195438
-0.00237,-0.002983,0.0196038,-0.00237,-0.002983,0.0195438
-0.002597,-0.002787,0.0196038,-0.002597,-0.002787,0.0195438
-0.002809,-0.002575,0.0196038,-0.002809,-0.002575,0.0195438
-0.003002,-0.002346,0.0196038,-0.003002,-0.002346,0.0195438
-0.003177,-0.002103,0.0196038,-0.003177,-0.002103,0.0195438
-0.003333,-0.001847,0.0196038,-0.003333,-0.001847,0.0195438
-0.003467,-0.001579,0.0196038,-0.003467,-0.001579,0.0195438
-0.003581,-0.001302,0.0196038,-0.003581,-0.001302,0.0195438
-0.003672,-0.001016,0.0196038,-0.003672,-0.001016,0.0195438
-0.00374,-0.000725,0.0196038,-0.00374,-0.000725,0.0195438
-0.003786,-0.000428,0.0196038,-0.003786,-0.000428,0.0195438
-0.003808,-0.00013,0.0196038,-0.003808,-0.00013,0.0195438
-0.003806,0.00017,0.0196038,-0.003806,0.00017,0.0195438
-0.003781,0.000468,0.0196038,-0.003781,0.000468,0.0195438
-0.003733,0.000763,0.0196038,-0.003733,0.000763,0.0195438
-0.003661,0.001054,0.0196038,-0.003661,0.001054,0.0195438
-0.003567,0.001338,0.0196038,-0.003567,0.001338,0.0195438
-0.003452,0.001613,0.0196038,-0.003452,0.001613,0.0195438
-0.003314,0.001879,0.0196038,-0.003314,0.001879,0.0195438
-0.003157,0.002133,0.0196048,-0.003157,0.002133,0.0195448
-0.00298,0.002374,0.0196048,-0.00298,0.002374,0.0195448
-0.002785,0.0026,0.0196048,-0.002785,0.0026,0.0195448
-0.002573,0.00281,0.0196048,-0.002573,0.00281,0.0195448
-0.002346,0.003002,0.0196048,-0.002346,0.003002,0.0195448
0.002477,0.002895,0.0198638,0.002477,0.002895,0.0198038
0.00325,0.001988,0.0198638,0.00325,0.001988,0.0198038
0.002242,-0.00308,0.0036658,0.0022433,-0.0030818,0.0036264
0.002689,0.002699,0.0036668,0.0026906,0.0027006,0.0036274
0.003784,0.000444,0.0196038,0.003784,0.000444,0.0195438
0.003625,0.001174,0.0198638,0.003625,0.001174,0.0198038
-0.000755,0.003735,0.0039258,-0.0007555,0.0037373,0.0038857
0.003738,-0.00074,0.0034068,0.0037401,-0.0007404,0.003368
0.002589,-0.002796,0.0034058,0.0025905,-0.0027976,0.0033671
-0.00237,0.002983,0.0039258,-0.0023714,0.0029849,0.0038857
0.001311,-0.003577,0.0196038,0.001311,-0.003577,0.0195438
-0.00016,0.003807,0.0039258,-0.0001601,0.0038094,0.0038857
8e-06,-0.00381,0.0036648,8e-06,-0.0038123,0.0036254
0.000587,0.003765,0.0036668,0.0005874,0.0037673,0.0036274
-0.001046,0.003664,0.0039258,-0.0010467,0.0036663,0.0038857
0.00131,0.003578,0.0039258,0.0013108,0.0035802,0.0038857
-0.000879,-0.003707,0.0031458,-0.0008795,-0.0037091,0.0031078
0.000734,-0.003739,0.0196038,0.000734,-0.003739,0.0195438
-0.000587,-0.003765,0.0031458,-0.0005874,-0.0037671,0.0031078
-0.00133,0.00357,0.0039258,-0.0013308,0.0035722,0.0038857
0.002899,-0.002472,0.0036658,0.0029007,-0.0024735,0.0036264
-0.001307,0.003579,0.0201248,-0.001307,0.003579,0.0200648
0.000454,-0.003783,0.0039248,0.0004543,-0.0037853,0.0038848
0.00075,0.003736,0.0196048,0.00075,0.003736,0.0195448
0.003573,0.001324,0.0039258,0.0035752,0.0013248,0.0038857
0.001588,-0.003463,0.0196038,0.001588,-0.003463,0.0195438
0.003798,-0.000303,0.0198638,0.003798,-0.000303,0.0198038
-0.001607,0.003455,0.0039258,-0.001608,0.0034571,0.0038857
-0.000439,-0.003785,0.0034058,-0.0004393,-0.0037872,0.0033671
-0.002104,-0.003176,0.0039248,-0.0021053,-0.003178,0.0038848
0.003736,-0.000748,0.0196038,0.003736,-0.000748,0.0195438
-0.000438,0.003785,0.0201248,-0.000438,0.003785,0.0200648
0.003799,-0.000295,0.0036658,0.0038013,-0.0002952,0.0036264
-0.001308,-0.003579,0.0034058,-0.0013087,-0.0035811,0.0033671
0.002353,-0.002996,0.0196038,0.002353,-0.002996,0.0195438
0.00212,0.003166,0.0196038,0.00212,0.003166,0.0195438
-0.001718,-0.003401,0.0036648,-0.001719,-0.003403,0.0036254
0.003165,-0.002122,0.0196038,0.003165,-0.002122,0.0195438
0.00212,-0.003166,0.0039258,0.0021213,-0.003168,0.0038857
0.003164,0.002122,0.0039258,0.003166,0.0021233,0.0038857
0.002994,0.002356,0.0196038,0.002994,0.002356,0.0195438
0.003321,0.001867,0.0039258,0.003323,0.0018681,0.0038857
0.000157,-0.003807,0.0039248,0.0001571,-0.0038093,0.0038847
0.00317,-0.002114,0.0039258,0.003172,-0.0021153,0.0038857
-0.001717,0.003401,0.0198648,-0.001717,0.003401,0.0198048
0.000139,0.003807,0.0039258,0.0001391,0.0038093,0.0038858
0.000438,-0.003785,0.0196038,0.000438,-0.003785,0.0195438
0.002362,0.00299,0.0196038,0.002362,0.00299,0.0195438
-0.002103,0.003177,0.0196048,-0.002103,0.003177,0.0195448
0.000307,0.003798,0.0198648,0.000307,0.003798,0.0198048
0.003521,-0.001455,0.0036658,0.0035231,-0.0014559,0.0036264
0.001463,0.003518,0.0198638,0.001463,0.003518,0.0198038
8e-06,0.00381,0.0198648,8e-06,0.00381,0.0198048
0.003807,0.000145,0.0196038,0.003807,0.000145,0.0195438
0.002697,0.002691,0.0198638,0.002697,0.002691,0.0198038
0.003704,0.000894,0.0036658,0.0037062,0.0008945,0.0036264
0.001025,0.003669,0.0039258,0.0010256,0.0036713,0.0038857
0.001734,0.003393,0.0198638,0.001734,0.003393,0.0198038
0.001865,-0.003322,0.0039258,0.0018661,-0.0033241,0.0038857
0.003521,0.001455,0.0198638,0.003521,0.001455,0.0198038
0.000895,-0.003703,0.0036658,0.0008955,-0.0037052,0.0036264
0.001462,-0.003518,0.0036658,0.0014629,-0.0035201,0.0036264
0.001587,0.003464,0.0039258,0.001588,0.0034661,0.0038857
0.001855,-0.003328,0.0196038,0.001855,-0.003328,0.0195438
0.002988,0.002364,0.0039258,0.0029899,0.0023655,0.0038857
0.003462,0.001592,0.0201228,0.003462,0.001592,0.0200628
0.003738,0.000739,0.0196038,0.003738,0.000739,0.0195438
0.003807,0.000154,0.0039258,0.0038093,0.0001541,0.0038857
0.003518,-0.001463,0.0198638,0.003518,-0.001463,0.0198038
0.00317,0.002114,0.0196038,0.00317,0.002114,0.0195438
0.00211,0.003172,0.0039258,0.0021113,0.003174,0.0038857
0.003666,-0.001039,0.0196038,0.003666,-0.001039,0.0195438
0.003783,0.000453,0.0039258,0.0037854,0.0004533,0.0038857
0.002353,0.002997,0.0039258,0.0023545,0.0029989,0.0038858
0.00104,0.003665,0.0196048,0.00104,0.003665,0.0195448
0.003326,-0.001859,0.0039258,0.0033281,-0.0018602,0.0038857
0.002988,-0.002364,0.0196038,0.002988,-0.002364,0.0195438
0.000749,-0.003736,0.0039248,0.0007495,-0.0037383,0.0038847
0.000455,0.003783,0.0196048,0.000455,0.003783,0.0195448
-0.000901,0.003702,0.0041858,-0.0009016,0.0037044,0.0041451
-0.002907,0.002463,0.0041858,-0.0029089,0.0024646,0.004145
-0.002705,0.002683,0.0041858,-0.0027067,0.0026847,0.0041451
-0.003257,0.001977,0.0041858,-0.0032591,0.0019783,0.0041451
-0.003402,0.001715,0.0041858,-0.0034042,0.0017161,0.0041451
-0.003527,0.001442,0.0041858,-0.0035293,0.0014429,0.0041451
-0.003629,0.001161,0.0041858,-0.0036313,0.0011617,0.0041451
-0.003709,0.000872,0.0041858,-0.0037114,0.0008726,0.0041451
-0.003766,0.000578,0.0041858,-0.0037684,0.0005784,0.004145
-0.0038,0.00028,0.0041858,-0.0038024,0.0002802,0.0041451
-0.00381,-1.9e-05,0.0041858,-0.0038124,-1.9e-05,0.0041451
-0.003797,-0.000318,0.0041858,-0.0037994,-0.0003182,0.0041451
-0.00376,-0.000615,0.0041858,-0.0037624,-0.0006154,0.0041451
-0.0037,-0.000908,0.0041858,-0.0037024,-0.0009086,0.0041451
-0.003617,-0.001196,0.0041858,-0.0036193,-0.0011968,0.0041451
-0.003513,-0.001476,0.0041858,-0.0035152,-0.0014769,0.0041451
-0.003386,-0.001747,0.0041848,-0.0033882,-0.0017481,0.0041441
-0.003239,-0.002007,0.0041848,-0.0032411,-0.0020083,0.0041441
-0.003072,-0.002254,0.0041848,-0.003074,-0.0022554,0.0041441
-0.002886,-0.002488,0.0041848,-0.0028878,-0.0024896,0.0041441
-0.002682,-0.002706,0.0041848,-0.0026837,-0.0027077,0.0041441
-0.002462,-0.002908,0.0041848,-0.0024636,-0.0029099,0.0041441
0.002477,-0.002895,0.0036658,0.0024785,-0.0028967,0.0036264
0.001855,0.003328,0.0039258,0.0018562,0.0033301,0.0038857
0.001182,-0.003622,0.0036658,0.0011827,-0.0036241,0.0036264
-0.000734,-0.003739,0.0034058,-0.0007344,-0.0037412,0.0033671
-0.00029,-0.003799,0.0036648,-0.0002902,-0.0038013,0.0036254
-0.003092,0.002227,0.0041858,-0.003094,0.0022284,0.0041451
0.003706,-0.000886,0.0036658,0.0037082,-0.0008865,0.0036264
0.001866,0.003322,0.0196038,0.001866,0.003322,0.0195438
0.0028,0.002583,0.0196038,0.0028,0.002583,0.0195438
0.003783,-0.000453,0.0196038,0.003783,-0.000453,0.0195438
-0.00031,-0.003797,0.0193438,-0.00031,-0.003797,0.0192838
-0.000901,-0.003702,0.0193438,-0.000901,-0.003702,0.0192838
-0.000608,-0.003761,0.0193438,-0.000608,-0.003761,0.0192838
-1.1e-05,-0.00381,0.0193438,-1.1e-05,-0.00381,0.0192838
-0.00119,-0.00362,0.0193438,-0.00119,-0.00362,0.0192838
-0.00147,-0.003515,0.0193438,-0.00147,-0.003515,0.0192838
-0.001742,-0.003388,0.0193438,-0.001742,-0.003388,0.0192838
-0.002003,-0.003241,0.0193438,-0.002003,-0.003241,0.0192838
-0.002252,-0.003073,0.0193438,-0.002252,-0.003073,0.0192838
-0.002486,-0.002887,0.0193438,-0.002486,-0.002887,0.0192838
-0.002705,-0.002683,0.0193438,-0.002705,-0.002683,0.0192838
-0.002908,-0.002462,0.0193438,-0.002908,-0.002462,0.0192838
-0.003092,-0.002226,0.0193438,-0.003092,-0.002226,0.0192838
-0.003258,-0.001976,0.0193438,-0.003258,-0.001976,0.0192838
-0.003403,-0.001714,0.0193438,-0.003403,-0.001714,0.0192838
-0.003527,-0.001441,0.0193438,-0.003527,-0.001441,0.0192838
-0.003629,-0.001159,0.0193438,-0.003629,-0.001159,0.0192838
-0.003709,-0.00087,0.0193438,-0.003709,-0.00087,0.0192838
-0.003766,-0.000576,0.0193438,-0.003766,-0.000576,0.0192838
-0.0038,-0.000279,0.0193438,-0.0038,-0.000279,0.0192838
-0.00381,2.1e-05,0.0193438,-0.00381,2.1e-05,0.0192838
-0.003797,0.00032,0.0193438,-0.003797,0.00032,0.0192838
-0.00376,0.000617,0.0193438,-0.00376,0.000617,0.0192838
-0.0037,0.00091,0.0193438,-0.0037,0.00091,0.0192838
-0.003617,0.001197,0.0193438,-0.003617,0.001197,0.0192838
-0.003512,0.001477,0.0193448,-0.003512,0.001477,0.0192848
-0.003385,0.001748,0.0193448,-0.003385,0.001748,0.0192848
-0.003238,0.002008,0.0193448,-0.003238,0.002008,0.0192848
-0.003071,0.002255,0.0193448,-0.003071,0.002255,0.0192848
-0.002885,0.002489,0.0193448,-0.002885,0.002489,0.0192848
-0.002681,0.002707,0.0193448,-0.002681,0.002707,0.0192848
-0.002461,0.002908,0.0193448,-0.002461,0.002908,0.0192848
0.003668,0.00103,0.0196038,0.003668,0.00103,0.0195438
0.003736,0.000748,0.0039258,0.0037383,0.0007485,0.0038858
0.003576,0.001315,0.0196038,0.003576,0.001315,0.0195438
0.003764,-0.000592,0.0036658,0.0037662,-0.0005923,0.0036264
0.002581,0.002803,0.0039258,0.0025826,0.0028047,0.0038857
0.003625,-0.001174,0.0036658,0.0036272,-0.0011747,0.0036264
0.002793,0.002591,0.0039258,0.0027947,0.0025926,0.0038857
-0.002002,0.003241,0.0041858,-0.0020033,0.0032431,0.004145
0.002696,-0.002692,0.0036658,0.0026976,-0.0026936,0.0036264
-0.000607,0.003761,0.0041858,-0.0006074,0.0037634,0.0041451
0.001169,-0.003626,0.0193438,0.001169,-0.003626,0.0192838
0.003807,-0.000145,0.0039258,0.0038094,-0.0001451,0.0038857
0.002361,-0.00299,0.0039258,0.0023625,-0.0029918,0.0038857
0.003392,-0.001735,0.0198638,0.003392,-0.001735,0.0198038
-0.00031,0.003797,0.0041858,-0.0003102,0.0037995,0.0041451
0.002994,-0.002356,0.0039258,0.0029958,-0.0023575,0.0038857
0.003666,0.001039,0.0039258,0.0036682,0.0010397,0.0038857
-0.001024,-0.00367,0.0034058,-0.0010246,-0.0036721,0.0033671
0.003321,-0.001867,0.0196038,0.003321,-0.001867,0.0195438
-0.002227,-0.003091,0.0041848,-0.0022284,-0.003093,0.0041441
0.00325,-0.001988,0.0041858,0.0032521,-0.0019893,0.0041451
-0.001023,0.00367,0.0201248,-0.001023,0.00367,0.0200648
0.000603,0.003762,0.0193448,0.000603,0.003762,0.0192848
-0.001189,0.00362,0.0041858,-0.0011898,0.0036223,0.0041451
0.003518,0.001463,0.0041858,0.0035202,0.0014639,0.0041451
0.003396,0.001726,0.0198638,0.003396,0.001726,0.0198038
0.00145,-0.003523,0.0193438,0.00145,-0.003523,0.0192838
-0.001742,0.003389,0.0041858,-0.0017431,0.0033912,0.0041451
-0.002485,0.002888,0.0041858,-0.0024866,0.0028899,0.0041451
0.003084,-0.002237,0.0041858,0.003086,-0.0022385,0.004145
-0.001849,-0.003331,0.0039248,-0.0018501,-0.0033331,0.0038847
-0.001446,-0.003525,0.0036648,-0.0014469,-0.0035271,0.0036254
0.000734,0.003739,0.0039258,0.0007345,0.0037413,0.0038857
0.003798,0.000304,0.0041858,0.0038005,0.0003042,0.0041451
-0.002251,0.003074,0.0041858,-0.0022524,0.003076,0.004145
-0.00029,0.003799,0.0198648,-0.00029,0.003799,0.0198048
-1.1e-05,0.00381,0.0041858,-1.1e-05,0.0038125,0.0041451
0.002242,-0.00308,0.0041858,0.0022434,-0.003082,0.004145
0.003245,-0.001996,0.0193438,0.003245,-0.001996,0.0192838
0.002233,-0.003087,0.0193438,0.002233,-0.003087,0.0192838
-0.002226,0.003092,0.0193448,-0.002226,0.003092,0.0192848
0.000895,0.003703,0.0193448,0.000895,0.003703,0.0192848
0.000602,-0.003762,0.0041848,0.0006024,-0.0037644,0.0041441
0.002581,-0.002802,0.0196038,0.002581,-0.002802,0.0195438
-0.000142,-0.003807,0.0039248,-0.0001421,-0.0038094,0.0038847
0.003078,0.002245,0.0041858,0.00308,0.0022464,0.0041451
0.001994,0.003246,0.0193448,0.001994,0.003246,0.0192848
0.00088,-0.003707,0.0193438,0.00088,-0.003707,0.0192838
0.003245,0.001996,0.0041858,0.0032471,0.0019973,0.0041451
0.0029,0.002471,0.0193438,0.0029,0.002471,0.0192838
0.003762,-0.000601,0.0193438,0.003762,-0.000601,0.0192838
0.003461,-0.001592,0.0039258,0.0034632,-0.001593,0.0038858
0.002793,-0.002591,0.0196038,0.002793,-0.002591,0.0195438
-0.001446,0.003525,0.0198648,-0.001446,0.003525,0.0198048
0.000289,-0.003799,0.0193438,0.000289,-0.003799,0.0192838
0.003079,-0.002245,0.0193438,0.003079,-0.002245,0.0192838
-0.000733,0.003739,0.0201248,-0.000733,0.003739,0.0200648
-0.001849,0.003332,0.0196048,-0.001849,0.003332,0.0195448
0.001994,-0.003247,0.0041848,0.0019953,-0.0032491,0.0041441
0.000158,0.003807,0.0196048,0.000158,0.003807,0.0195448
0.001324,0.003573,0.0196048,0.001324,0.003573,0.0195448
0.001984,0.003253,0.0041858,0.0019853,0.0032551,0.004145
0.003704,-0.000894,0.0193438,0.003704,-0.000894,0.0192838
0.00381,5e-06,0.0041858,0.0038124,5e-06,0.0041451
0.003392,0.001735,0.0041858,0.0033942,0.0017361,0.0041451
0.003764,0.000592,0.0193438,0.003764,0.000592,0.0192838
0.002589,0.002795,0.0196038,0.002589,0.002795,0.0195438
0.001599,-0.003458,0.0039258,0.0016,-0.0034601,0.0038858
0.00145,0.003523,0.0041858,0.0014509,0.0035252,0.0041451
0.001984,-0.003253,0.0193438,0.001984,-0.003253,0.0192838
0.002243,0.00308,0.0193438,0.002243,0.00308,0.0192838
0.003462,0.001592,0.0196038,0.003462,0.001592,0.0195438
0.000306,-0.003798,0.0041848,0.0003062,-0.0038004,0.0041441
0.003573,-0.001324,0.0196038,0.003573,-0.001324,0.0195438
0.003807,-0.000154,0.0196038,0.003807,-0.000154,0.0195438
0.000438,0.003785,0.0039258,0.0004383,0.0037873,0.0038857
0.002233,0.003087,0.0041858,0.0022344,0.003089,0.0041451
0.003799,0.000294,0.0193438,0.003799,0.000294,0.0192838
0.003085,0.002236,0.0193438,0.003085,0.002236,0.0192838
0.001169,0.003626,0.0041858,0.0011698,0.0036283,0.0041451
0.003326,0.001858,0.0196038,0.003326,0.001858,0.0195438
0.003396,-0.001727,0.0041858,0.0033982,-0.0017281,0.0041451
-0.001047,-0.003663,0.0190838,-0.001047,-0.003663,0.0190238
-0.003467,0.001579,0.0044458,-0.0034693,0.0015801,0.0044044
-0.003332,0.001847,0.0044458,-0.0033342,0.0018482,0.0044044
-0.003672,0.001017,0.0044458,-0.0036744,0.0010177,0.0044044
-0.00374,0.000725,0.0044458,-0.0037424,0.0007255,0.0044044
-0.003786,0.000429,0.0044458,-0.0037885,0.0004293,0.0044044
-0.003808,0.00013,0.0044458,-0.0038105,0.0001301,0.0044044
-0.003806,-0.000169,0.0044458,-0.0038085,-0.0001691,0.0044044
-0.003781,-0.000467,0.0044458,-0.0037835,-0.0004673,0.0044044
-0.003733,-0.000763,0.0044458,-0.0037355,-0.0007635,0.0044044
-0.003662,-0.001053,0.0044448,-0.0036644,-0.0010537,0.0044034
-0.003568,-0.001337,0.0044448,-0.0035703,-0.0013379,0.0044034
-0.003452,-0.001613,0.0044448,-0.0034543,-0.0016141,0.0044034
-0.003315,-0.001878,0.0044448,-0.0033172,-0.0018792,0.0044035
-0.003157,-0.002132,0.0044448,-0.0031591,-0.0021334,0.0044034
-0.002981,-0.002373,0.0044448,-0.002983,-0.0023745,0.0044034
-0.002786,-0.002599,0.0044448,-0.0027879,-0.0026007,0.0044034
-0.002574,-0.002809,0.0044448,-0.0025757,-0.0028109,0.0044034
0.003458,-0.0016,0.0196038,0.003458,-0.0016,0.0195438
-0.000755,0.003734,0.0044458,-0.0007555,0.0037364,0.0044044
0.003762,0.000601,0.0041858,0.0037644,0.0006014,0.0041451
0.001722,0.003399,0.0041858,0.0017231,0.0034012,0.0041451
-0.000756,-0.003734,0.0190838,-0.000756,-0.003734,0.0190238
-0.001331,-0.00357,0.0190838,-0.001331,-0.00357,0.0190238
0.002477,-0.002895,0.0041858,0.0024786,-0.0028969,0.0041451
0.0028,-0.002584,0.0039258,0.0028017,-0.0025856,0.0038857
0.003392,-0.001735,0.0193438,0.003392,-0.001735,0.0192838
0.002469,-0.002902,0.0193438,0.002469,-0.002902,0.0192838
0.003622,0.001183,0.0041858,0.0036243,0.0011838,0.0041451
0.000894,-0.003704,0.0041848,0.0008946,-0.0037064,0.0041441
0.002893,0.00248,0.0041858,0.0028949,0.0024816,0.004145
-0.003177,0.002103,0.0044458,-0.0031791,0.0021044,0.0044045
0.001734,0.003393,0.0193448,0.001734,0.003393,0.0192848
-0.003002,0.002346,0.0044458,-0.003004,0.0023476,0.0044044
0.0016,0.003458,0.0196038,0.0016,0.003458,0.0195438
0.003798,-0.000304,0.0193438,0.003798,-0.000304,0.0192838
0.002697,0.002691,0.0193438,0.002697,0.002691,0.0192838
-0.00147,0.003515,0.0041858,-0.0014709,0.0035173,0.004145
-0.000161,-0.003807,0.0190838,-0.000161,-0.003807,0.0190238
-0.001608,-0.003454,0.0190838,-0.001608,-0.003454,0.0190238
-0.001874,-0.003317,0.0190838,-0.001874,-0.003317,0.0190238
-0.002129,-0.003159,0.0190838,-0.002129,-0.003159,0.0190238
-0.002371,-0.002982,0.0190838,-0.002371,-0.002982,0.0190238
-0.002598,-0.002787,0.0190838,-0.002598,-0.002787,0.0190238
-0.002809,-0.002574,0.0190838,-0.002809,-0.002574,0.0190238
-0.003003,-0.002345,0.0190838,-0.003003,-0.002345,0.0190238
-0.003178,-0.002102,0.0190838,-0.003178,-0.002102,0.0190238
-0.003333,-0.001846,0.0190838,-0.003333,-0.001846,0.0190238
-0.003468,-0.001578,0.0190838,-0.003468,-0.001578,0.0190238
-0.003581,-0.001301,0.0190838,-0.003581,-0.001301,0.0190238
-0.003672,-0.001015,0.0190838,-0.003672,-0.001015,0.0190238
-0.003741,-0.000723,0.0190838,-0.003741,-0.000723,0.0190238
-0.003786,-0.000427,0.0190838,-0.003786,-0.000427,0.0190238
-0.003808,-0.000129,0.0190838,-0.003808,-0.000129,0.0190238
-0.003806,0.000171,0.0190838,-0.003806,0.000171,0.0190238
-0.003781,0.000469,0.0190838,-0.003781,0.000469,0.0190238
-0.003733,0.000764,0.0190848,-0.003733,0.000764,0.0190248
-0.003661,0.001055,0.0190848,-0.003661,0.001055,0.0190248
-0.003567,0.001339,0.0190848,-0.003567,0.001339,0.0190248
-0.003451,0.001614,0.0190848,-0.003451,0.001614,0.0190248
-0.003314,0.001879,0.0190848,-0.003314,0.001879,0.0190248
-0.003157,0.002133,0.0190848,-0.003157,0.002133,0.0190248
-0.00298,0.002374,0.0190848,-0.00298,0.002374,0.0190248
-0.002785,0.0026,0.0190858,-0.002785,0.0026,0.0190258
-0.002573,0.00281,0.0190858,-0.002573,0.00281,0.0190258
0.003738,-0.000739,0.0039258,0.0037403,-0.0007395,0.0038857
0.003706,0.000885,0.0193438,0.003706,0.000885,0.0192838
0.000586,-0.003765,0.0193438,0.000586,-0.003765,0.0192838
-0.003581,0.001302,0.0044458,-0.0035834,0.0013029,0.0044044
-0.000586,0.003765,0.0198648,-0.000586,0.003765,0.0198048
-0.00046,-0.003782,0.0190838,-0.00046,-0.003782,0.0190238
0.003625,0.001173,0.0193438,0.003625,0.001173,0.0192838
-0.002808,0.002575,0.0044458,-0.0028099,0.0025767,0.0044044
0.003784,-0.000444,0.0039258,0.0037863,-0.0004443,0.0038857
0.002469,0.002902,0.0041858,0.0024706,0.0029039,0.0041451
-0.000587,-0.003765,0.0036648,-0.0005874,-0.0037672,0.0036254
0.001722,-0.003398,0.0193438,0.001722,-0.003398,0.0192838
-0.000459,0.003782,0.0044458,-0.0004593,0.0037845,0.0044045
0.002589,-0.002796,0.0039258,0.0025906,-0.0027977,0.0038858
0.000306,0.003798,0.0193448,0.000306,0.003798,0.0192848
0.001039,-0.003666,0.0039248,0.0010396,-0.0036682,0.0038847
0.002361,-0.00299,0.0044448,0.0023626,-0.002992,0.0044034
-0.001166,0.003627,0.0198648,-0.001166,0.003627,0.0198048
0.003703,0.000895,0.0041858,0.0037054,0.0008956,0.0041451
0.003622,-0.001182,0.0193438,0.003622,-0.001182,0.0192838
-0.001046,0.003664,0.0044458,-0.0010467,0.0036664,0.0044045
0.002994,0.002356,0.0190848,0.002994,0.002356,0.0190248
-0.000878,0.003707,0.0198648,-0.000878,0.003707,0.0198048
-0.001166,-0.003627,0.0036648,-0.0011667,-0.0036291,0.0036254
-0.001874,0.003317,0.0044458,-0.0018753,0.0033192,0.0044044
-0.002597,0.002787,0.0044458,-0.0025987,0.0027888,0.0044044
0.00317,-0.002114,0.0044458,0.0031721,-0.0021154,0.0044044
-0.002346,-0.003002,0.0044448,-0.0023475,-0.003004,0.0044034
-0.001583,-0.003465,0.0039248,-0.001584,-0.0034671,0.0038847
0.003783,0.000453,0.0044458,0.0037855,0.0004533,0.0044045
0.001587,0.003464,0.0044458,0.0015881,0.0034663,0.0044044
0.002899,-0.002472,0.0041858,0.0029009,-0.0024736,0.0041451
-0.002129,0.00316,0.0044458,-0.0021304,0.0031621,0.0044044
0.000455,0.003783,0.0190848,0.000455,0.003783,0.0190248
-0.000141,0.003807,0.0196048,-0.000141,0.003807,0.0195448
-0.000161,0.003807,0.0044458,-0.0001611,0.0038095,0.0044044
0.003321,-0.001867,0.0190838,0.003321,-0.001867,0.0190238
0.002353,-0.002997,0.0190838,0.002353,-0.002997,0.0190238
0.003572,0.001324,0.0044458,0.0035744,0.0013249,0.0044045
-0.002346,0.003002,0.0190858,-0.002346,0.003002,0.0190258
0.001183,0.003622,0.0193448,0.001183,0.003622,0.0192848
0.003326,-0.001859,0.0044458,0.0033282,-0.0018602,0.0044044
0.003807,0.000154,0.0044458,0.0038095,0.0001541,0.0044044
0.002988,0.002364,0.0044458,0.00299,0.0023656,0.0044044
7e-06,-0.00381,0.0041848,7e-06,-0.0038125,0.0041441
0.001866,0.003322,0.0190848,0.001866,0.003322,0.0190248
0.001854,0.003328,0.0044458,0.0018552,0.0033302,0.0044044
0.001025,-0.00367,0.0190838,0.001025,-0.00367,0.0190238
0.003164,0.002122,0.0044458,0.0031661,0.0021234,0.0044045
0.00131,0.003578,0.0044458,0.0013109,0.0035804,0.0044044
0.0028,0.002583,0.0190848,0.0028,0.002583,0.0190248
0.000139,-0.003807,0.0190838,0.000139,-0.003807,0.0190238
0.002893,-0.002479,0.0193438,0.002893,-0.002479,0.0192838
-0.001582,0.003466,0.0196048,-0.001582,0.003466,0.0195448
0.003738,0.000739,0.0190838,0.003738,0.000739,0.0190238
0.002119,-0.003166,0.0044448,0.0021204,-0.0031681,0.0044034
0.003164,-0.002122,0.0190838,0.003164,-0.002122,0.0190238
0.001733,-0.003393,0.0041848,0.0017341,-0.0033952,0.0041441
0.003668,-0.001031,0.0039258,0.0036703,-0.0010316,0.0038857
0.000749,0.003736,0.0190848,0.000749,0.003736,0.0190248
0.003457,0.001601,0.0044458,0.0034593,0.0016021,0.0044044
0.002689,0.002699,0.0041858,0.0026907,0.0027008,0.0041451
0.000289,0.003799,0.0041858,0.0002892,0.0038014,0.0041451
-0.000879,-0.003707,0.0036648,-0.0008795,-0.0037092,0.0036254
0.00211,-0.003172,0.0190838,0.00211,-0.003172,0.0190238
0.00131,-0.003578,0.0190838,0.00131,-0.003578,0.0190238
0.003736,-0.000748,0.0190838,0.003736,-0.000748,0.0190238
-0.001978,0.003257,0.0193458,-0.001978,0.003257,0.0192858
0.003799,-0.000295,0.0041858,0.0038014,-0.0002952,0.0041451
-0.000439,-0.003785,0.0039248,-0.0004393,-0.0037874,0.0038848
0.003251,0.001987,0.0193438,0.003251,0.001987,0.0192838
0.002477,0.002895,0.0193438,0.002477,0.002895,0.0192838
0.003521,0.001454,0.0193438,0.003521,0.001454,0.0192838
0.003576,-0.001315,0.0039258,0.0035782,-0.0013158,0.0038857
0.000454,-0.003783,0.0044448,0.0004543,-0.0037855,0.0044034
-0.001978,-0.003256,0.0041848,-0.0019793,-0.0032581,0.0041441
0.000749,-0.003736,0.0044448,0.0007495,-0.0037384,0.0044034
0.001323,-0.003573,0.0039258,0.0013238,-0.0035752,0.0038858
0.00381,-5e-06,0.0193438,0.00381,-5e-06,0.0192838
0.00211,0.003172,0.0044458,0.0021114,0.0031741,0.0044044
0.003783,-0.000453,0.0190838,0.003783,-0.000453,0.0190238
0.00088,0.003707,0.0041858,0.0008805,0.0037094,0.0041451
0.003784,0.000443,0.0190838,0.003784,0.000443,0.0190238
0.00212,0.003166,0.0190848,0.00212,0.003166,0.0190248
0.00317,0.002113,0.0190838,0.00317,0.002113,0.0190238
0.000157,0.003807,0.0190858,0.000157,0.003807,0.0190258
-0.003629,0.00116,0.0047058,-0.0036315,0.0011608,0.0046638
-0.003766,0.000577,0.0047058,-0.0037685,0.0005774,0.0046637
-0.003709,0.000871,0.0047058,-0.0037115,0.0008716,0.0046637
-0.00381,-2e-05,0.0047058,-0.0038126,-2e-05,0.0046638
-0.003797,-0.000319,0.0047048,-0.0037995,-0.0003193,0.0046628
-0.00376,-0.000616,0.0047048,-0.0037625,-0.0006164,0.0046627
-0.0037,-0.000909,0.0047048,-0.0037025,-0.0009096,0.0046627
-0.003617,-0.001196,0.0047048,-0.0036195,-0.0011968,0.0046628
-0.003512,-0.001476,0.0047048,-0.0035144,-0.001477,0.0046628
-0.003386,-0.001747,0.0047048,-0.0033883,-0.0017482,0.0046628
-0.003239,-0.002007,0.0047048,-0.0032412,-0.0020084,0.0046628
-0.003071,-0.002254,0.0047048,-0.0030731,-0.0022555,0.0046628
-0.002885,-0.002488,0.0047048,-0.002887,-0.0024897,0.0046627
-0.002682,-0.002706,0.0047038,-0.0026838,-0.0027079,0.0046618
0.003518,-0.001463,0.0193438,0.003518,-0.001463,0.0192838
0.002689,-0.002699,0.0193438,0.002689,-0.002699,0.0192838
0.003736,0.000749,0.0044458,0.0037385,0.0007495,0.0044044
-0.001607,0.003454,0.0044458,-0.0016081,0.0034563,0.0044044
-0.003403,0.001714,0.0047058,-0.0034053,0.0017152,0.0046638
-0.001743,-0.003388,0.0188238,-0.001743,-0.003388,0.0187638
0.002581,-0.002803,0.0190838,0.002581,-0.002803,0.0190238
0.003665,0.00104,0.0044458,0.0036675,0.0010407,0.0044044
0.002589,-0.002796,0.0044448,0.0025907,-0.0027979,0.0044034
0.002793,0.002592,0.0044458,0.0027949,0.0025937,0.0044044
0.000586,0.003765,0.0041858,0.0005863,0.0037674,0.0041451
-0.003257,0.001976,0.0047058,-0.0032592,0.0019774,0.0046638
0.003764,-0.000592,0.0041858,0.0037664,-0.0005924,0.0041451
0.000734,-0.003739,0.0190838,0.000734,-0.003739,0.0190238
-0.002004,-0.003241,0.0188238,-0.002004,-0.003241,0.0187638
-0.00119,-0.003619,0.0188238,-0.00119,-0.003619,0.0187638
0.001722,0.003399,0.0047058,0.0017232,0.0034013,0.0046637
-0.000733,-0.003739,0.0039248,-0.0007335,-0.0037413,0.0038847
0.003668,0.00103,0.0190838,0.003668,0.00103,0.0190238
-0.003527,0.001441,0.0047058,-0.0035294,0.001442,0.0046638
-0.001471,-0.003515,0.0188238,-0.001471,-0.003515,0.0187638
-0.002252,-0.003073,0.0188238,-0.002252,-0.003073,0.0187638
-0.002487,-0.002887,0.0188238,-0.002487,-0.002887,0.0187638
-0.002706,-0.002682,0.0188238,-0.002706,-0.002682,0.0187638
-0.002908,-0.002461,0.0188238,-0.002908,-0.002461,0.0187638
-0.003093,-0.002225,0.0188238,-0.003093,-0.002225,0.0187638
-0.003258,-0.001975,0.0188238,-0.003258,-0.001975,0.0187638
-0.003403,-0.001713,0.0188238,-0.003403,-0.001713,0.0187638
-0.003527,-0.00144,0.0188238,-0.003527,-0.00144,0.0187638
-0.00363,-0.001158,0.0188238,-0.00363,-0.001158,0.0187638
-0.003709,-0.00087,0.0188238,-0.003709,-0.00087,0.0187638
-0.003766,-0.000576,0.0188238,-0.003766,-0.000576,0.0187638
-0.0038,-0.000278,0.0188238,-0.0038,-0.000278,0.0187638
-0.00381,2.1e-05,0.0188248,-0.00381,2.1e-05,0.0187648
-0.003797,0.00032,0.0188248,-0.003797,0.00032,0.0187648
-0.00376,0.000617,0.0188248,-0.00376,0.000617,0.0187648
-0.0037,0.00091,0.0188248,-0.0037,0.00091,0.0187648
-0.003617,0.001198,0.0188248,-0.003617,0.001198,0.0187648
-0.003512,0.001478,0.0188248,-0.003512,0.001478,0.0187648
-0.003385,0.001748,0.0188248,-0.003385,0.001748,0.0187648
-0.003238,0.002008,0.0188258,-0.003238,0.002008,0.0187658
-0.003071,0.002255,0.0188258,-0.003071,0.002255,0.0187658
-0.002885,0.002489,0.0188258,-0.002885,0.002489,0.0187658
-0.002681,0.002707,0.0188258,-0.002681,0.002707,0.0187658
0.002353,0.002997,0.0044458,0.0023545,0.002999,0.0044044
0.002994,-0.002356,0.0044458,0.002996,-0.0023575,0.0044044
-0.000438,0.003785,0.0196048,-0.000438,0.003785,0.0195448
0.003665,-0.001039,0.0190838,0.003665,-0.001039,0.0190238
-0.000902,-0.003702,0.0188238,-0.000902,-0.003702,0.0187638
0.003321,0.001867,0.0044458,0.0033232,0.0018683,0.0044045
-0.002908,0.002462,0.0047058,-0.00291,0.0024637,0.0046638
-0.003092,0.002226,0.0047058,-0.0030941,0.0022275,0.0046638
-0.001331,0.00357,0.0044458,-0.0013319,0.0035724,0.0044044
0.003458,-0.0016,0.0190838,0.003458,-0.0016,0.0190238
0.001854,-0.003328,0.0190838,0.001854,-0.003328,0.0190238
-0.000608,0.003761,0.0047058,-0.0006084,0.0037636,0.0046638
8e-06,0.00381,0.0193448,8e-06,0.00381,0.0192848
0.001463,0.003518,0.0193448,0.001463,0.003518,0.0192848
0.003521,-0.001455,0.0041858,0.0035232,-0.0014559,0.0041451
-0.0038,0.00028,0.0047058,-0.0038026,0.0002802,0.0046638
0.001599,0.003458,0.0190848,0.001599,0.003458,0.0190248
0.000156,-0.003807,0.0044448,0.0001561,-0.0038095,0.0044034
0.003397,0.001726,0.0193438,0.003397,0.001726,0.0192838
0.001587,-0.003464,0.0190838,0.001587,-0.003464,0.0190238
-0.00237,0.002983,0.0044458,-0.0023716,0.002985,0.0044044
-0.001307,0.003579,0.0196048,-0.001307,0.003579,0.0195448
0.002477,-0.002895,0.0047048,0.0024787,-0.002897,0.0046628
-0.000733,0.003739,0.0196048,-0.000733,0.003739,0.0195448
0.003392,-0.001735,0.0188238,0.003392,-0.001735,0.0187638
0.000306,0.003798,0.0188258,0.000306,0.003798,0.0187658
-0.001307,-0.003579,0.0039248,-0.0013078,-0.0035812,0.0038848
0.002589,0.002795,0.0190848,0.002589,0.002795,0.0190248
0.003807,-0.000154,0.0190838,0.003807,-0.000154,0.0190238
-0.002104,-0.003176,0.0044448,-0.0021054,-0.0031781,0.0044035
-0.002705,0.002683,0.0047058,-0.0027068,0.0026848,0.0046638
0.003807,-0.000145,0.0044458,0.0038095,-0.0001451,0.0044044
-0.002462,-0.002908,0.0047038,-0.0024637,-0.00291,0.0046618
0.001734,0.003393,0.0188248,0.001734,0.003393,0.0187648
-0.001742,0.003388,0.0047058,-0.0017432,0.0033903,0.0046637
0.001025,0.00367,0.0044458,0.0010257,0.0036724,0.0044044
0.003518,0.001464,0.0047058,0.0035204,0.001465,0.0046638
0.002696,-0.002692,0.0041858,0.0026978,-0.0026937,0.0041451
0.003703,-0.000895,0.0188248,0.003703,-0.000895,0.0187648
-0.000311,0.003797,0.0047058,-0.0003112,0.0037996,0.0046638
0.001462,-0.003518,0.0041848,0.0014629,-0.0035202,0.0041441
0.002469,-0.002902,0.0188238,0.002469,-0.002902,0.0187638
0.003622,0.001183,0.0047058,0.0036245,0.0011838,0.0046638
-0.002461,0.002908,0.0188258,-0.002461,0.002908,0.0187658
0.002892,0.00248,0.0047058,0.002894,0.0024817,0.0046638
0.003462,-0.001592,0.0044458,0.0034643,-0.001593,0.0044044
0.003798,0.000304,0.0047058,0.0038006,0.0003042,0.0046638
-0.000291,-0.003799,0.0041848,-0.0002912,-0.0038015,0.0041441
0.001449,0.003524,0.0047058,0.00145,0.0035264,0.0046638
0.003085,0.002236,0.0188248,0.003085,0.002236,0.0187648
0.0029,0.002471,0.0188248,0.0029,0.002471,0.0187648
0.002242,-0.00308,0.0047048,0.0022436,-0.0030821,0.0046628
0.001983,0.003253,0.0047058,0.0019844,0.0032552,0.0046638
0.003762,0.000601,0.0047058,0.0037646,0.0006014,0.0046638
-1.1e-05,-0.00381,0.0188238,-1.1e-05,-0.00381,0.0187638
-0.001024,-0.00367,0.0039248,-0.0010247,-0.0036723,0.0038848
-0.002104,0.003177,0.0190858,-0.002104,0.003177,0.0190258
0.000139,0.003807,0.0044458,0.0001391,0.0038095,0.0044044
0.003706,0.000885,0.0188248,0.003706,0.000885,0.0187648
0.001865,-0.003322,0.0044448,0.0018662,-0.0033242,0.0044034
0.002988,-0.002364,0.0190838,0.002988,-0.002364,0.0190238
-0.000902,0.003702,0.0047058,-0.0009026,0.0037045,0.0046638
-0.000608,-0.003761,0.0188238,-0.000608,-0.003761,0.0187638
0.003706,-0.000886,0.0041858,0.0037084,-0.0008866,0.0041451
0.002581,0.002803,0.0044458,0.0025827,0.0028049,0.0044044
0.003078,0.002245,0.0047058,0.0030801,0.0022465,0.0046638
0.00104,0.003665,0.0190848,0.00104,0.003665,0.0190248
0.003084,-0.002237,0.0047048,0.0030861,-0.0022385,0.0046628
0.000437,-0.003785,0.0190838,0.000437,-0.003785,0.0190238
0.001994,0.003246,0.0188248,0.001994,0.003246,0.0187648
0.001168,-0.003626,0.0188238,0.001168,-0.003626,0.0187638
0.003807,0.000145,0.0190838,0.003807,0.000145,0.0190238
0.003576,0.001315,0.0190838,0.003576,0.001315,0.0190238
0.000602,0.003762,0.0188258,0.000602,0.003762,0.0187658
-0.001718,-0.003401,0.0041848,-0.0017191,-0.0034032,0.0041441
0.00325,-0.001988,0.0047048,0.0032522,-0.0019893,0.0046628
-0.002003,0.003241,0.0047058,-0.0020044,0.0032432,0.0046638
0.003245,-0.001996,0.0188238,0.003245,-0.001996,0.0187638
0.001039,-0.003666,0.0044448,0.0010397,-0.0036684,0.0044034
-0.001717,0.003401,0.0193458,-0.001717,0.003401,0.0192858
0.003762,-0.000601,0.0188248,0.003762,-0.000601,0.0187648
0.000305,-0.003798,0.0047038,0.0003052,-0.0038006,0.0046618
-0.000311,-0.003797,0.0188238,-0.000311,-0.003797,0.0187638
0.002362,0.00299,0.0190848,0.002362,0.00299,0.0190248
0.00088,-0.003707,0.0188238,0.00088,-0.003707,0.0187638
0.003764,0.000592,0.0188248,0.003764,0.000592,0.0187648
0.000601,-0.003762,0.0047048,0.0006014,-0.0037646,0.0046628
0.002233,-0.003087,0.0188238,0.002233,-0.003087,0.0187638
0.001182,-0.003622,0.0041848,0.0011828,-0.0036243,0.0041441
0.002696,-0.002692,0.0047048,0.0026978,-0.0026939,0.0046628
0.000894,-0.003704,0.0047048,0.0008946,-0.0037065,0.0046628
8e-06,0.00381,0.0188258,8e-06,0.00381,0.0187658
-0.001023,0.00367,0.0196048,-0.001023,0.00367,0.0195448
0.00145,-0.003523,0.0188238,0.00145,-0.003523,0.0187638
-0.00147,0.003515,0.0047058,-0.001471,0.0035174,0.0046638
-0.003733,-0.000763,0.0049648,-0.0037356,-0.0007635,0.0049221
-0.003806,-0.00017,0.0049648,-0.0038087,-0.0001701,0.0049221
-0.003661,-0.001054,0.0049648,-0.0036636,-0.0010547,0.0049221
-0.003568,-0.001337,0.0049648,-0.0035705,-0.001338,0.0049221
-0.003452,-0.001613,0.0049648,-0.0034544,-0.0016141,0.0049222
-0.003315,-0.001878,0.0049648,-0.0033173,-0.0018793,0.0049222
-0.003157,-0.002132,0.0049638,-0.0031593,-0.0021335,0.0049212
-0.002981,-0.002373,0.0049638,-0.0029831,-0.0023747,0.0049211
-0.002786,-0.002599,0.0049638,-0.002788,-0.0026008,0.0049211
0.003573,-0.001324,0.0190838,0.003573,-0.001324,0.0190238
0.001462,0.003518,0.0188248,0.001462,0.003518,0.0187648
0.001984,-0.003253,0.0188238,0.001984,-0.003253,0.0187638
0.003392,0.001735,0.0047058,0.0033943,0.0017362,0.0046638
-0.00213,-0.003159,0.0185638,-0.00213,-0.003159,0.0185038
7e-06,-0.00381,0.0047038,7e-06,-0.0038126,0.0046618
0.002689,0.002699,0.0047058,0.0026909,0.0027008,0.0046638
0.000288,-0.003799,0.0188238,0.000288,-0.003799,0.0187638
0.003251,0.001987,0.0188248,0.003251,0.001987,0.0187648
0.003784,-0.000443,0.0044458,0.0037865,-0.0004433,0.0044044
-0.002372,-0.002982,0.0185638,-0.002372,-0.002982,0.0185038
-0.003581,0.001301,0.0049658,-0.0035835,0.0013019,0.0049232
0.0028,-0.002584,0.0044448,0.0028018,-0.0025857,0.0044035
-0.002599,-0.002786,0.0185638,-0.002599,-0.002786,0.0185038
-0.003468,0.001579,0.0049658,-0.0034704,0.0015801,0.0049232
-0.00281,-0.002573,0.0185638,-0.00281,-0.002573,0.0185038
-0.003003,-0.002345,0.0185638,-0.003003,-0.002345,0.0185038
-0.003178,-0.002101,0.0185638,-0.003178,-0.002101,0.0185038
-0.003334,-0.001845,0.0185638,-0.003334,-0.001845,0.0185038
-0.003468,-0.001577,0.0185638,-0.003468,-0.001577,0.0185038
-0.003581,-0.0013,0.0185648,-0.003581,-0.0013,0.0185048
-0.003672,-0.001014,0.0185648,-0.003672,-0.001014,0.0185048
-0.003741,-0.000723,0.0185648,-0.003741,-0.000723,0.0185048
-0.003786,-0.000427,0.0185648,-0.003786,-0.000427,0.0185048
-0.003808,-0.000128,0.0185648,-0.003808,-0.000128,0.0185048
-0.003806,0.000171,0.0185648,-0.003806,0.000171,0.0185048
-0.003781,0.00047,0.0185648,-0.003781,0.00047,0.0185048
-0.003732,0.000765,0.0185648,-0.003732,0.000765,0.0185048
-0.003661,0.001055,0.0185648,-0.003661,0.001055,0.0185048
-0.003567,0.001339,0.0185648,-0.003567,0.001339,0.0185048
-0.003451,0.001614,0.0185658,-0.003451,0.001614,0.0185058
-0.003314,0.00188,0.0185658,-0.003314,0.00188,0.0185058
-0.003157,0.002133,0.0185658,-0.003157,0.002133,0.0185058
-0.00298,0.002374,0.0185658,-0.00298,0.002374,0.0185058
-0.002785,0.0026,0.0185658,-0.002785,0.0026,0.0185058
0.002233,0.003087,0.0047058,0.0022345,0.0030891,0.0046638
0.002899,-0.002472,0.0047048,0.002901,-0.0024737,0.0046628
0.000586,-0.003765,0.0188238,0.000586,-0.003765,0.0187638
-0.00029,0.003799,0.0193448,-0.00029,0.003799,0.0192848
-0.000587,-0.003765,0.0041848,-0.0005874,-0.0037674,0.0041441
0.003625,0.001173,0.0188248,0.003625,0.001173,0.0187648
-0.001047,-0.003663,0.0185638,-0.001047,-0.003663,0.0185038
0.002793,-0.002591,0.0190838,0.002793,-0.002591,0.0190238
-0.000142,-0.003807,0.0044448,-0.0001421,-0.0038095,0.0044034
0.00381,5e-06,0.0047048,0.0038126,5e-06,0.0046628
0.001722,-0.003399,0.0188238,0.001722,-0.003399,0.0187638
0.001324,0.003573,0.0190848,0.001324,0.003573,0.0190248
0.003625,-0.001174,0.0041858,0.0036273,-0.0011748,0.0041451
-0.001875,-0.003317,0.0185638,-0.001875,-0.003317,0.0185038
0.003518,-0.001463,0.0188238,0.003518,-0.001463,0.0187638
0.002689,-0.002699,0.0188238,0.002689,-0.002699,0.0187638
-0.003333,0.001846,0.0049658,-0.0033354,0.0018473,0.0049231
-0.003781,-0.000468,0.0049648,-0.0037837,-0.0004683,0.0049221
0.003703,0.000895,0.0047058,0.0037055,0.0008956,0.0046638
0.003326,0.001858,0.0190838,0.003326,0.001858,0.0190238
0.000157,0.003807,0.0185658,0.000157,0.003807,0.0185058
-0.001446,-0.003525,0.0041848,-0.001447,-0.0035272,0.0041441
0.00131,-0.003578,0.0185638,0.00131,-0.003578,0.0185038
0.002697,0.002691,0.0188248,0.002697,0.002691,0.0187648
0.003321,-0.001867,0.0185648,0.003321,-0.001867,0.0185048
0.003798,-0.000304,0.0188248,0.003798,-0.000304,0.0187648
-0.001849,-0.003331,0.0044448,-0.0018502,-0.0033332,0.0044035
-0.002809,0.002574,0.0049658,-0.002811,0.0025758,0.0049231
-0.002227,-0.003091,0.0047038,-0.0022285,-0.0030931,0.0046618
-0.001608,0.003454,0.0049658,-0.0016091,0.0034564,0.0049231
-0.003672,0.001016,0.0049648,-0.0036746,0.0010167,0.0049221
-0.003808,0.00013,0.0049648,-0.0038107,0.0001301,0.0049221
0.003622,-0.001183,0.0188238,0.003622,-0.001183,0.0187638
-0.002574,-0.002809,0.0049638,-0.0025758,-0.002811,0.0049212
0.000156,-0.003807,0.0049638,0.0001561,-0.0038097,0.0049211
0.001025,-0.00367,0.0185638,0.001025,-0.00367,0.0185038
0.003457,0.001601,0.0049648,0.0034595,0.0016021,0.0049222
0.001168,0.003627,0.0047058,0.0011688,0.0036295,0.0046638
-0.001332,-0.00357,0.0185638,-0.001332,-0.00357,0.0185038
0.002793,0.002592,0.0049648,0.002795,0.0025939,0.0049221
-0.002573,0.00281,0.0185658,-0.002573,0.00281,0.0185058
-0.00046,0.003782,0.0049648,-0.0004603,0.0037847,0.0049221
-1.1e-05,0.00381,0.0047058,-1.1e-05,0.0038126,0.0046637
0.001599,-0.003458,0.0044448,0.0016001,-0.0034603,0.0044034
0.001323,-0.003573,0.0044448,0.0013239,-0.0035753,0.0044034
0.003576,-0.001315,0.0044458,0.0035784,-0.0013158,0.0044044
-0.002226,0.003092,0.0188258,-0.002226,0.003092,0.0187658
-0.000586,0.003765,0.0193448,-0.000586,0.003765,0.0192848
0.000733,0.003739,0.0044458,0.0007335,0.0037415,0.0044044
0.003396,-0.001727,0.0047048,0.0033983,-0.0017282,0.0046628
0.000437,0.003785,0.0044458,0.0004373,0.0037875,0.0044044
0.003738,-0.000739,0.0044458,0.0037405,-0.0007395,0.0044044
0.003457,-0.001601,0.0185648,0.003457,-0.001601,0.0185048
0.00317,0.002113,0.0185648,0.00317,0.002113,0.0185048
0.002361,-0.00299,0.0049648,0.0023627,-0.0029921,0.0049222
0.001854,0.003329,0.0049648,0.0018553,0.0033314,0.0049221
-0.001849,0.003331,0.0190858,-0.001849,0.003331,0.0190258
0.001994,-0.003247,0.0047048,0.0019954,-0.0032492,0.0046628
0.002994,0.002356,0.0185648,0.002994,0.002356,0.0185048
0.000453,-0.003783,0.0049638,0.0004533,-0.0037857,0.0049212
0.001181,-0.003622,0.0047048,0.0011818,-0.0036245,0.0046628
-0.000756,-0.003734,0.0185638,-0.000756,-0.003734,0.0185038
0.003078,-0.002245,0.0188238,0.003078,-0.002245,0.0187638
-0.001608,-0.003454,0.0185638,-0.001608,-0.003454,0.0185038
0.002468,0.002902,0.0047058,0.0024697,0.002904,0.0046638
0.002988,0.002364,0.0049648,0.0029901,0.0023657,0.0049221
0.002994,-0.002356,0.0049648,0.0029961,-0.0023577,0.0049221
-0.001874,0.003317,0.0049658,-0.0018753,0.0033194,0.0049231
-0.003177,0.002102,0.0049658,-0.0031793,0.0021035,0.0049231
0.003245,0.001996,0.0047058,0.0032472,0.0019974,0.0046638
0.002243,0.00308,0.0188248,0.002243,0.00308,0.0187648
0.001599,0.003458,0.0185648,0.001599,0.003458,0.0185048
0.003668,0.00103,0.0185648,0.003668,0.00103,0.0185048
0.002588,-0.002796,0.0049648,0.0025898,-0.002798,0.0049222
0.003738,0.000739,0.0185648,0.003738,0.000739,0.0185048
0.003799,0.000294,0.0188248,0.003799,0.000294,0.0187648
-0.001446,0.003525,0.0193458,-0.001446,0.003525,0.0192858
-0.003002,0.002346,0.0049658,-0.0030041,0.0023477,0.0049231
0.001587,0.003464,0.0049648,0.0015881,0.0034664,0.0049221
-0.000141,0.003807,0.0190858,-0.000141,0.003807,0.0190258
-0.002251,0.003074,0.0047058,-0.0022526,0.0030761,0.0046638
0.003807,0.000155,0.0049648,0.0038097,0.0001551,0.0049222
0.003462,0.001591,0.0190838,0.003462,0.001591,0.0190238
-0.000879,-0.003707,0.0041848,-0.0008796,-0.0037094,0.0041441
0.000895,0.003703,0.0188248,0.000895,0.003703,0.0187648
-0.00119,0.00362,0.0047058,-0.0011908,0.0036225,0.0046638
0.003572,0.001324,0.0049648,0.0035745,0.0013249,0.0049222
0.002581,-0.002803,0.0185648,0.002581,-0.002803,0.0185048
0.00317,-0.002114,0.0049648,0.0031722,-0.0021155,0.0049222
-0.003786,0.000428,0.0049648,-0.0037886,0.0004283,0.0049221
0.003665,-0.00104,0.0185648,0.003665,-0.00104,0.0185048
-0.003741,0.000724,0.0049648,-0.0037436,0.0007245,0.0049221
-0.000756,0.003734,0.0049658,-0.0007566,0.0037366,0.0049231
0.003736,-0.000749,0.0185648,0.003736,-0.000749,0.0185048
0.003783,0.000453,0.0049648,0.0037856,0.0004533,0.0049221
0.002353,-0.002997,0.0185648,0.002353,-0.002997,0.0185048
-0.000161,-0.003807,0.0185638,-0.000161,-0.003807,0.0185038
-0.002486,0.002887,0.0047058,-0.0024877,0.002889,0.0046638
0.000454,0.003783,0.0185658,0.000454,0.003783,0.0185058
0.001865,0.003322,0.0185648,0.001865,0.003322,0.0185048
0.000138,-0.003807,0.0185638,0.000138,-0.003807,0.0185038
0.000748,-0.003736,0.0049638,0.0007485,-0.0037387,0.0049212
-0.001166,0.003627,0.0193458,-0.001166,0.003627,0.0192858
0.002793,-0.002591,0.0185648,0.002793,-0.002591,0.0185048
0.003164,-0.002122,0.0185648,0.003164,-0.002122,0.0185048
-0.003617,-0.001197,0.0052248,-0.0036197,-0.0011979,0.0051815
0.003572,-0.001324,0.0185648,0.003572,-0.001324,0.0185048
-0.0037,-0.000909,0.0052248,-0.0037027,-0.0009096,0.0051815
-0.003386,-0.001747,0.0052238,-0.0033885,-0.0017483,0.0051805
-0.003239,-0.002007,0.0052238,-0.0032414,-0.0020085,0.0051806
-0.003072,-0.002254,0.0052238,-0.0030742,-0.0022556,0.0051805
-0.002886,-0.002488,0.0052238,-0.0028881,-0.0024898,0.0051805
0.002893,-0.00248,0.0188238,0.002893,-0.00248,0.0187638
0.00211,-0.003172,0.0185648,0.00211,-0.003172,0.0185048
0.003321,0.001867,0.0049648,0.0033234,0.0018683,0.0049222
-0.002706,-0.002682,0.0183048,-0.002706,-0.002682,0.0182448
0.00258,0.002803,0.0049648,0.0025818,0.002805,0.0049221
0.001182,0.003622,0.0188248,0.001182,0.003622,0.0187648
0.003522,0.001454,0.0188248,0.003522,0.001454,0.0187648
0.003326,0.001858,0.0185648,0.003326,0.001858,0.0185048
-0.001331,0.00357,0.0049658,-0.0013319,0.0035725,0.0049231
0.002119,-0.003166,0.0049648,0.0021205,-0.0031682,0.0049222
-0.002253,-0.003073,0.0183048,-0.002253,-0.003073,0.0182448
-0.003527,0.001441,0.0052248,-0.0035295,0.001442,0.0051815
0.00211,0.003173,0.0049648,0.0021115,0.0031752,0.0049221
-0.001166,-0.003627,0.0041848,-0.0011668,-0.0036293,0.0041441
0.002477,0.002895,0.0188248,0.002477,0.002895,0.0187648
-0.000142,-0.003807,0.0049638,-0.0001421,-0.0038097,0.0049212
-0.003093,-0.002224,0.0183048,-0.003093,-0.002224,0.0182448
-0.003259,-0.001974,0.0183048,-0.003259,-0.001974,0.0182448
-0.003404,-0.001712,0.0183048,-0.003404,-0.001712,0.0182448
-0.003528,-0.001439,0.0183048,-0.003528,-0.001439,0.0182448
-0.00363,-0.001158,0.0183048,-0.00363,-0.001158,0.0182448
-0.00371,-0.000869,0.0183048,-0.00371,-0.000869,0.0182448
-0.003766,-0.000575,0.0183048,-0.003766,-0.000575,0.0182448
-0.0038,-0.000277,0.0183048,-0.0038,-0.000277,0.0182448
-0.00381,2.2e-05,0.0183048,-0.00381,2.2e-05,0.0182448
-0.003796,0.000321,0.0183048,-0.003796,0.000321,0.0182448
-0.00376,0.000618,0.0183048,-0.00376,0.000618,0.0182448
-0.0037,0.000911,0.0183048,-0.0037,0.000911,0.0182448
-0.003617,0.001198,0.0183058,-0.003617,0.001198,0.0182458
-0.003512,0.001478,0.0183058,-0.003512,0.001478,0.0182458
-0.003385,0.001748,0.0183058,-0.003385,0.001748,0.0182458
-0.003238,0.002008,0.0183058,-0.003238,0.002008,0.0182458
-0.003071,0.002255,0.0183058,-0.003071,0.002255,0.0182458
-0.002885,0.002488,0.0183058,-0.002885,0.002488,0.0182458
-0.000161,0.003807,0.0049648,-0.0001611,0.0038097,0.0049221
0.003668,-0.00103,0.0044458,0.0036704,-0.0010307,0.0044044
-0.000439,-0.003785,0.0044448,-0.0004393,-0.0037875,0.0044034
-0.003797,-0.000319,0.0052248,-0.0037998,-0.0003192,0.0051815
0.003576,0.001315,0.0185648,0.003576,0.001315,0.0185048
0.001323,0.003573,0.0185658,0.001323,0.003573,0.0185058
0.001587,-0.003464,0.0185648,0.001587,-0.003464,0.0185048
-0.003766,0.000577,0.0052248,-0.0037687,0.0005774,0.0051815
0.003807,-0.000145,0.0049648,0.0038097,-0.0001451,0.0049221
-0.002909,-0.002461,0.0183048,-0.002909,-0.002461,0.0182448
-0.002487,-0.002886,0.0183048,-0.002487,-0.002886,0.0182448
0.003799,-0.000294,0.0047048,0.0038016,-0.0002942,0.0046628
-0.002004,-0.00324,0.0183048,-0.002004,-0.00324,0.0182448
-0.003403,0.001714,0.0052248,-0.0034054,0.0017153,0.0051815
-0.00376,-0.000616,0.0052248,-0.0037628,-0.0006164,0.0051815
-0.000142,0.003807,0.0185658,-0.000142,0.003807,0.0185058
0.000288,0.003799,0.0047058,0.0002882,0.0038016,0.0046638
0.00381,-5e-06,0.0188248,0.00381,-5e-06,0.0187648
-0.002598,0.002787,0.0049658,-0.0025999,0.002789,0.0049231
-0.000879,0.003707,0.0193448,-0.000879,0.003707,0.0192848
-0.00046,-0.003782,0.0185638,-0.00046,-0.003782,0.0185038
-0.003512,-0.001476,0.0052248,-0.0035146,-0.0014771,0.0051815
0.0028,-0.002584,0.0049648,0.002802,-0.0025859,0.0049222
0.001733,0.003393,0.0183058,0.001733,0.003393,0.0182458
-0.001583,-0.003465,0.0044448,-0.0015841,-0.0034673,0.0044035
0.002689,-0.002699,0.0183048,0.002689,-0.002699,0.0182448
0.003245,-0.001996,0.0183048,0.003245,-0.001996,0.0182448
-0.000291,-0.003799,0.0047038,-0.0002912,-0.0038016,0.0046618
0.002899,-0.002472,0.0052248,0.0029011,-0.0024738,0.0051815
0.00131,0.003578,0.0049648,0.0013109,0.0035805,0.0049222
-0.002347,-0.003002,0.0049638,-0.0023487,-0.0030041,0.0049212
0.001854,-0.003328,0.0185648,0.001854,-0.003328,0.0185048
0.001721,0.003399,0.0052248,0.0017222,0.0034015,0.0051815
-0.003629,0.001159,0.0052248,-0.0036317,0.0011598,0.0051815
0.003622,-0.001183,0.0183048,0.003622,-0.001183,0.0182448
-0.00381,-2e-05,0.0052248,-0.0038128,-2e-05,0.0051815
-0.002682,-0.002706,0.0052238,-0.002684,-0.002708,0.0051805
0.00088,0.003707,0.0047058,0.0008806,0.0037095,0.0046638
0.000733,-0.003739,0.0185638,0.000733,-0.003739,0.0185038
0.001038,-0.003666,0.0049638,0.0010387,-0.0036686,0.0049212
0.001168,-0.003627,0.0183048,0.001168,-0.003627,0.0182448
0.001449,-0.003524,0.0183048,0.001449,-0.003524,0.0182448
0.002352,0.002997,0.0049648,0.0023537,0.0029991,0.0049222
0.002688,0.0027,0.0052248,0.0026899,0.002702,0.0051815
-0.002346,0.003002,0.0185658,-0.002346,0.003002,0.0185058
-0.002682,0.002706,0.0183068,-0.002682,0.002706,0.0182468
-0.001471,0.003515,0.0052248,-0.0014721,0.0035176,0.0051815
0.003783,-0.000453,0.0185648,0.003783,-0.000453,0.0185048
0.001733,-0.003393,0.0047048,0.0017342,-0.0033953,0.0046628
0.001462,-0.003518,0.0047048,0.001463,-0.0035204,0.0046628
0.003521,-0.001455,0.0047048,0.0035234,-0.001456,0.0046628
-0.001978,0.003256,0.0188258,-0.001978,0.003256,0.0187658
-0.000438,0.003785,0.0190858,-0.000438,0.003785,0.0190258
0.003665,0.00104,0.0049648,0.0036676,0.0010407,0.0049222
0.0028,0.002583,0.0185648,0.0028,0.002583,0.0185048
0.003764,-0.000592,0.0047048,0.0037666,-0.0005924,0.0046628
-0.001191,-0.003619,0.0183048,-0.001191,-0.003619,0.0182448
0.003392,-0.001735,0.0183048,0.003392,-0.001735,0.0182448
0.003706,0.000885,0.0183048,0.003706,0.000885,0.0182448
0.002242,-0.003081,0.0052248,0.0022436,-0.0030833,0.0051815
-0.000903,-0.003702,0.0183048,-0.000903,-0.003702,0.0182448
0.003798,0.000304,0.0052248,0.0038007,0.0003042,0.0051815
0.001462,0.003518,0.0183058,0.001462,0.003518,0.0182458
0.003703,-0.000895,0.0183048,0.003703,-0.000895,0.0182448
0.000437,-0.003785,0.0185638,0.000437,-0.003785,0.0185038
0.002892,0.00248,0.0052248,0.0028941,0.0024818,0.0051815
-0.001583,0.003466,0.0190858,-0.001583,0.003466,0.0190258
-0.003258,0.001976,0.0052248,-0.0032604,0.0019775,0.0051815
0.003085,0.002236,0.0183048,0.003085,0.002236,0.0182448
0.00381,5e-06,0.0052248,0.0038128,5e-06,0.0051815
0.003326,-0.001859,0.0049648,0.0033284,-0.0018603,0.0049222
-0.001743,-0.003388,0.0183048,-0.001743,-0.003388,0.0182448
-0.002129,0.00316,0.0049658,-0.0021305,0.0031622,0.0049232
0.000304,-0.003798,0.0052238,0.0003042,-0.0038008,0.0051805
-0.000311,0.003797,0.0052248,-0.0003112,0.0037998,0.0051815
0.003164,0.002123,0.0049648,0.0031662,0.0021245,0.0049222
-0.001742,0.003388,0.0052248,-0.0017433,0.0033905,0.0051815
0.003736,0.000749,0.0049648,0.0037386,0.0007495,0.0049222
6e-06,-0.00381,0.0052238,6.1e-06,-0.0038128,0.0051805
0.002477,-0.002895,0.0052248,0.0024788,-0.0028971,0.0051815
0.003784,0.000443,0.0185648,0.003784,0.000443,0.0185048
0.001983,0.003253,0.0052248,0.0019844,0.0032554,0.0051815
-0.002705,0.002683,0.0052248,-0.002707,0.002685,0.0051815
0.00212,0.003166,0.0185648,0.00212,0.003166,0.0185048
-0.00029,0.003799,0.0188258,-0.00029,0.003799,0.0187658
0.003625,0.001173,0.0183048,0.003625,0.001173,0.0182448
0.003251,0.001987,0.0183048,0.003251,0.001987,0.0182448
0.002468,-0.002902,0.0183048,0.002468,-0.002902,0.0182448
-0.000734,-0.003739,0.0044448,-0.0007345,-0.0037415,0.0044034
-0.002908,0.002462,0.0052248,-0.0029101,0.0024638,0.0051815
-0.0038,0.000279,0.0052248,-0.0038028,0.0002792,0.0051815
0.003518,0.001464,0.0052248,0.0035205,0.001465,0.0051815
0.000586,0.003765,0.0047058,0.0005864,0.0037676,0.0046638
-0.000311,-0.003797,0.0183048,-0.000311,-0.003797,0.0182448
0.003084,-0.002237,0.0052248,0.0030863,-0.0022387,0.0051815
0.000305,0.003798,0.0183058,0.000305,0.003798,0.0182458
-0.003709,0.000871,0.0052248,-0.0037117,0.0008716,0.0051815
0.003392,0.001736,0.0052248,0.0033945,0.0017373,0.0051815
-0.000608,0.003761,0.0052248,-0.0006085,0.0037637,0.0051815
7e-06,0.00381,0.0183058,7e-06,0.00381,0.0182458
-1.2e-05,-0.00381,0.0183048,-1.2e-05,-0.00381,0.0182448
-0.001979,-0.003256,0.0047038,-0.0019803,-0.0032582,0.0046618
0.000749,0.003736,0.0185658,0.000749,0.003736,0.0185058
-0.001047,0.003663,0.0049658,-0.0010477,0.0036656,0.0049231
-0.000609,-0.003761,0.0183048,-0.000609,-0.003761,0.0182448
0.002893,-0.00248,0.0183048,0.002893,-0.00248,0.0182448
0.001449,0.003524,0.0052248,0.00145,0.0035266,0.0051815
-0.003661,-0.001054,0.0054838,-0.0036637,-0.0010548,0.0054399
-0.003158,-0.002132,0.0054838,-0.0031604,-0.0021336,0.0054399
-0.003315,-0.001878,0.0054838,-0.0033175,-0.0018794,0.0054399
0.002988,-0.002364,0.0185648,0.002988,-0.002364,0.0185048
0.002468,0.002902,0.0052248,0.0024698,0.0029041,0.0051815
0.000879,-0.003707,0.0183048,0.000879,-0.003707,0.0182448
-0.002372,-0.002982,0.0180448,-0.002372,-0.002982,0.0179848
0.001039,0.003666,0.0185658,0.001039,0.003666,0.0185058
0.003397,0.001726,0.0188248,0.003397,0.001726,0.0187648
-0.001472,-0.003514,0.0183048,-0.001472,-0.003514,0.0182448
0.003764,0.000591,0.0183048,0.003764,0.000591,0.0182448
0.001993,-0.003247,0.0052238,0.0019944,-0.0032494,0.0051805
0.000288,-0.003799,0.0183048,0.000288,-0.003799,0.0182448
0.003762,0.000601,0.0052248,0.0037647,0.0006014,0.0051815
-0.003468,-0.001577,0.0180448,-0.003468,-0.001577,0.0179848
-0.003334,-0.001844,0.0180448,-0.003334,-0.001844,0.0179848
-0.003004,-0.002344,0.0180448,-0.003004,-0.002344,0.0179848
-0.001307,0.003579,0.0190858,-0.001307,0.003579,0.0190258
0.000601,-0.003762,0.0052238,0.0006014,-0.0037648,0.0051806
-0.003179,-0.002101,0.0180448,-0.003179,-0.002101,0.0179848
-1.2e-05,0.00381,0.0052248,-1.2e-05,0.0038128,0.0051815
-0.003582,-0.001299,0.0180448,-0.003582,-0.001299,0.0179848
-0.003673,-0.001014,0.0180448,-0.003673,-0.001014,0.0179848
-0.003741,-0.000722,0.0180448,-0.003741,-0.000722,0.0179848
-0.003786,-0.000426,0.0180448,-0.003786,-0.000426,0.0179848
-0.003808,-0.000128,0.0180448,-0.003808,-0.000128,0.0179848
-0.003806,0.000172,0.0180448,-0.003806,0.000172,0.0179848
-0.003781,0.00047,0.0180448,-0.003781,0.00047,0.0179848
-0.003732,0.000765,0.0180458,-0.003732,0.000765,0.0179858
-0.003661,0.001055,0.0180458,-0.003661,0.001055,0.0179858
-0.003567,0.001339,0.0180458,-0.003567,0.001339,0.0179858
-0.003451,0.001614,0.0180458,-0.003451,0.001614,0.0179858
-0.003314,0.001879,0.0180458,-0.003314,0.001879,0.0179858
-0.003157,0.002133,0.0180458,-0.003157,0.002133,0.0179858
-0.002981,0.002373,0.0180468,-0.002981,0.002373,0.0179868
0.000138,0.003807,0.0049648,0.0001381,0.0038097,0.0049221
-0.00119,0.003619,0.0052248,-0.0011909,0.0036216,0.0051815
0.0029,0.002471,0.0183048,0.0029,0.002471,0.0182448
0.002233,-0.003087,0.0183048,0.002233,-0.003087,0.0182448
-0.002486,0.002887,0.0052248,-0.0024878,0.0028891,0.0051815
-0.003092,0.002226,0.0052248,-0.0030943,0.0022277,0.0051815
0.002696,-0.002692,0.0052248,0.002698,-0.002694,0.0051816
0.001865,-0.003323,0.0049648,0.0018663,-0.0033253,0.0049221
0.003706,-0.000885,0.0047048,0.0037085,-0.0008856,0.0046628
0.003625,-0.001174,0.0047048,0.0036275,-0.0011748,0.0046628
-0.00281,-0.002573,0.0180448,-0.00281,-0.002573,0.0179848
0.003518,-0.001464,0.0183048,0.003518,-0.001464,0.0182448
-0.003781,-0.000468,0.0054848,-0.0037839,-0.0004684,0.0054409
0.003784,-0.000443,0.0049648,0.0037867,-0.0004433,0.0049222
0.000602,0.003762,0.0183058,0.000602,0.003762,0.0182458
0.003622,0.001183,0.0052248,0.0036246,0.0011838,0.0051815
-0.003733,-0.000763,0.0054848,-0.0037358,-0.0007636,0.0054409
-0.003468,0.001578,0.0054848,-0.0034706,0.0015792,0.0054409
-0.002371,0.002983,0.0049658,-0.0023727,0.0029851,0.0049231
-0.002981,-0.002373,0.0054838,-0.0029833,-0.0023748,0.0054399
-0.002599,-0.002786,0.0180448,-0.002599,-0.002786,0.0179848
0.003078,-0.002245,0.0183048,0.003078,-0.002245,0.0182448
0.001994,0.003246,0.0183058,0.001994,0.003246,0.0182458
-0.00213,-0.003159,0.0180448,-0.00213,-0.003159,0.0179848
0.003462,0.001591,0.0185648,0.003462,0.001591,0.0185048
0.002793,-0.002592,0.0180448,0.002793,-0.002592,0.0179848
-0.001718,-0.003401,0.0047038,-0.0017191,-0.0034033,0.0046618
-0.001024,-0.00367,0.0044448,-0.0010247,-0.0036724,0.0044034
0.00317,0.002113,0.0180448,0.00317,0.002113,0.0179848
0.003783,0.000453,0.0054848,0.0037859,0.0004533,0.0054409
0.001586,0.003464,0.0054848,0.0015872,0.0034666,0.0054409
-0.002105,-0.003176,0.0049638,-0.0021065,-0.0031783,0.0049212
-0.003568,-0.001338,0.0054838,-0.0035707,-0.001339,0.0054399
-0.003581,0.001301,0.0054848,-0.0035837,0.001302,0.0054409
-0.003333,0.001846,0.0054848,-0.0033355,0.0018474,0.0054409
0.003762,-0.000601,0.0183048,0.003762,-0.000601,0.0182448
-0.001875,-0.003316,0.0180448,-0.001875,-0.003316,0.0179848
-0.003452,-0.001613,0.0054838,-0.0034546,-0.0016142,0.0054399
-0.002462,-0.002907,0.0052238,-0.0024638,-0.0029091,0.0051806
0.00258,0.002803,0.0054848,0.0025819,0.0028051,0.0054409
0.003078,0.002245,0.0052248,0.0030802,0.0022466,0.0051815
0.001322,-0.003573,0.0049638,0.0013229,-0.0035755,0.0049212
0.00131,-0.003578,0.0180448,0.00131,-0.003578,0.0179848
0.003164,-0.002122,0.0180448,0.003164,-0.002122,0.0179848
0.001722,-0.003399,0.0183048,0.001722,-0.003399,0.0182448
0.001025,0.00367,0.0049648,0.0010257,0.0036726,0.0049222
0.002233,0.003087,0.0052248,0.0022346,0.0030893,0.0051815
0.002792,0.002592,0.0054848,0.0027941,0.0025939,0.0054409
-0.002104,0.003176,0.0185668,-0.002104,0.003176,0.0185068
-0.002462,0.002908,0.0183068,-0.002462,0.002908,0.0182468
0.001182,0.003622,0.0183058,0.001182,0.003622,0.0182458
0.003572,-0.001324,0.0180448,0.003572,-0.001324,0.0179848
0.003807,-0.000155,0.0185648,0.003807,-0.000155,0.0185048
0.003807,0.000145,0.0185648,0.003807,0.000145,0.0185048
-0.001717,0.003401,0.0188258,-0.001717,0.003401,0.0187658
0.002581,-0.002803,0.0180448,0.002581,-0.002803,0.0179848
0.003668,0.00103,0.0180448,0.003668,0.00103,0.0179848
0.003321,-0.001867,0.0180448,0.003321,-0.001867,0.0179848
0.000453,0.003783,0.0180468,0.000453,0.003783,0.0179868
-0.003806,-0.00017,0.0054848,-0.0038088,-0.0001701,0.0054409
0.002119,-0.003166,0.0054838,0.0021206,-0.0031684,0.0054399
0.000585,-0.003765,0.0183048,0.000585,-0.003765,0.0182448
0.003665,-0.00104,0.0180448,0.003665,-0.00104,0.0179848
-0.000461,-0.003782,0.0180448,-0.000461,-0.003782,0.0179848
0.000894,-0.003704,0.0052238,0.0008947,-0.0037067,0.0051805
0.002995,0.002356,0.0180448,0.002995,0.002356,0.0179848
0.001983,-0.003253,0.0183048,0.001983,-0.003253,0.0182448
-0.000162,0.003807,0.0054848,-0.0001621,0.0038099,0.0054409
-0.001332,-0.003569,0.0180448,-0.001332,-0.003569,0.0179848
0.003807,0.000155,0.0054848,0.0038099,0.0001551,0.0054409
0.003462,-0.001592,0.0049648,0.0034644,-0.0015931,0.0049222
-0.000291,0.003799,0.0183068,-0.000291,0.003799,0.0182468
-0.002786,-0.002599,0.0054838,-0.0027881,-0.002601,0.0054399
0.000453,-0.003783,0.0054838,0.0004533,-0.0037859,0.00544
0.000437,0.003785,0.0049648,0.0004373,0.0037876,0.0049221
-0.002786,0.002599,0.0180468,-0.002786,0.002599,0.0179868
-0.000587,-0.003764,0.0047038,-0.0005874,-0.0037665,0.0046618
-0.002003,0.003241,0.0052248,-0.0020045,0.0032434,0.0051815
-0.001308,-0.003579,0.0044448,-0.0013089,-0.0035814,0.0044035
-0.001608,0.003454,0.0054848,-0.0016092,0.0034566,0.0054409
0.003522,0.001454,0.0183048,0.003522,0.001454,0.0182448
0.000155,-0.003807,0.0054828,0.0001551,-0.0038099,0.0054389
0.00325,-0.001988,0.0052248,0.0032524,-0.0019895,0.0051815
0.002362,0.00299,0.0185648,0.002362,0.00299,0.0185048
0.001854,0.003329,0.0054848,0.0018554,0.0033315,0.0054409
-0.003786,0.000428,0.0054848,-0.0037889,0.0004283,0.0054409
-0.002598,0.002787,0.0054848,-0.0026,0.0027891,0.0054409
-0.001023,0.00367,0.0190858,-0.001023,0.00367,0.0190258
-0.000439,0.003785,0.0185658,-0.000439,0.003785,0.0185058
0.003397,0.001726,0.0183048,0.003397,0.001726,0.0182448
0.003799,-0.000294,0.0052248,0.0038018,-0.0002942,0.0051815
0.003457,0.001601,0.0054848,0.0034596,0.0016022,0.0054409
0.001024,-0.00367,0.0180448,0.001024,-0.00367,0.0179848
-0.00046,0.003782,0.0054848,-0.0004603,0.0037848,0.0054409
-0.002809,0.002574,0.0054848,-0.0028111,0.002576,0.0054409
0.003572,0.001325,0.0054848,0.0035747,0.001326,0.0054409
0.003738,0.000739,0.0180448,0.003738,0.000739,0.0179848
0.002994,-0.002356,0.0054848,0.0029963,-0.0023578,0.0054409
-0.001332,0.00357,0.0054848,-0.001333,0.0035727,0.0054409
-0.003741,0.000724,0.0054848,-0.0037438,0.0007246,0.0054409
-0.000292,-0.003799,0.0052238,-0.0002922,-0.0038018,0.0051805
0.000156,0.003807,0.0180468,0.000156,0.003807,0.0179868
-0.000162,-0.003807,0.0180448,-0.000162,-0.003807,0.0179848
0.002589,0.002795,0.0185648,0.002589,0.002795,0.0185048
-0.00044,-0.003785,0.0049638,-0.0004403,-0.0037877,0.0049211
0.002361,-0.00299,0.0054838,0.0023628,-0.0029923,0.0054399
0.003245,0.001997,0.0052248,0.0032474,0.0019985,0.0051815
-0.000733,0.003739,0.0190858,-0.000733,0.003739,0.0190258
0.0028,-0.002584,0.0054848,0.0028021,-0.0025859,0.0054409
-0.000902,0.003702,0.0052248,-0.0009027,0.0037047,0.0051815
0.001865,0.003322,0.0180458,0.001865,0.003322,0.0179858
-0.001048,-0.003663,0.0180448,-0.001048,-0.003663,0.0179848
0.001599,0.003458,0.0180458,0.001599,0.003458,0.0179858
0.003326,0.001858,0.0180448,0.003326,0.001858,0.0179848
0.002697,0.002691,0.0183048,0.002697,0.002691,0.0182448
-0.0037,-0.000909,0.0057438,-0.0037029,-0.0009097,0.0056993
0.001309,0.003578,0.0054848,0.00131,0.0035807,0.0054409
-0.003072,-0.002254,0.0057438,-0.0030744,-0.0022557,0.0056993
0.000894,0.003704,0.0183058,0.000894,0.003704,0.0182458
0.002352,0.002997,0.0054848,0.0023538,0.0029993,0.0054409
-0.003404,-0.001712,0.0177848,-0.003404,-0.001712,0.0177248
-0.002707,-0.002681,0.0177848,-0.002707,-0.002681,0.0177248
0.002988,-0.002364,0.0180448,0.002988,-0.002364,0.0179848
0.003457,-0.001601,0.0180448,0.003457,-0.001601,0.0179848
0.003738,-0.000739,0.0049648,0.0037406,-0.0007395,0.0049222
0.001598,-0.003459,0.0049648,0.0015991,-0.0034615,0.0049221
0.000138,-0.003808,0.0180448,0.000138,-0.003808,0.0179848
0.000748,0.003736,0.0180458,0.000748,0.003736,0.0179858
-0.00376,-0.000616,0.0057438,-0.0037629,-0.0006165,0.0056993
-0.001609,-0.003454,0.0180448,-0.001609,-0.003454,0.0179848
0.003799,0.000294,0.0183048,0.003799,0.000294,0.0182448
0.003703,0.000895,0.0052248,0.0037057,0.0008956,0.0051815
-0.00363,-0.001157,0.0177848,-0.00363,-0.001157,0.0177248
-0.003808,0.000129,0.0054848,-0.0038109,0.0001291,0.0054409
0.003576,0.001315,0.0180448,0.003576,0.001315,0.0179848
-0.001446,0.003525,0.0188258,-0.001446,0.003525,0.0187658
-0.002909,-0.00246,0.0177848,-0.002909,-0.00246,0.0177248
-0.000143,0.003807,0.0180468,-0.000143,0.003807,0.0179868
0.000747,-0.003736,0.0054838,0.0007476,-0.0037388,0.0054399
-0.00371,-0.000869,0.0177848,-0.00371,-0.000869,0.0177248
-0.003528,-0.001439,0.0177848,-0.003528,-0.001439,0.0177248
-0.003766,-0.000575,0.0177848,-0.003766,-0.000575,0.0177248
-0.0038,-0.000277,0.0177848,-0.0038,-0.000277,0.0177248
-0.00381,2.2e-05,0.0177858,-0.00381,2.2e-05,0.0177258
-0.003796,0.000321,0.0177858,-0.003796,0.000321,0.0177258
-0.00376,0.000618,0.0177858,-0.00376,0.000618,0.0177258
-0.0037,0.000911,0.0177858,-0.0037,0.000911,0.0177258
-0.003617,0.001198,0.0177858,-0.003617,0.001198,0.0177258
-0.003512,0.001477,0.0177858,-0.003512,0.001477,0.0177258
-0.003385,0.001748,0.0177858,-0.003385,0.001748,0.0177258
-0.003238,0.002007,0.0177868,-0.003238,0.002007,0.0177268
-0.003071,0.002255,0.0177868,-0.003071,0.002255,0.0177268
0.000288,0.003799,0.0052248,0.0002882,0.0038018,0.0051815
-0.003003,0.002345,0.0054848,-0.0030053,0.0023468,0.0054409
0.003321,0.001868,0.0054848,0.0033235,0.0018694,0.0054409
0.002588,-0.002796,0.0054838,0.0025899,-0.0027981,0.0054399
0.003736,0.000749,0.0054848,0.0037388,0.0007496,0.0054409
0.000733,0.003739,0.0049648,0.0007335,0.0037417,0.0049221
0.00317,-0.002114,0.0054848,0.0031724,-0.0021156,0.0054409
-0.000587,0.003765,0.0188258,-0.000587,0.003765,0.0187658
-0.003178,0.002102,0.0054848,-0.0031804,0.0021036,0.0054409
-0.000143,-0.003807,0.0054828,-0.0001431,-0.0038099,0.0054389
0.001587,-0.003464,0.0180448,0.001587,-0.003464,0.0179848
-0.002252,0.003073,0.0052248,-0.0022537,0.0030752,0.0051815
-0.003239,-0.002007,0.0057438,-0.0032415,-0.0020086,0.0056993
-0.003672,0.001016,0.0054848,-0.0036748,0.0010168,0.0054409
0.001168,0.003627,0.0052248,0.0011688,0.0036297,0.0051815
-0.000756,-0.003734,0.0180448,-0.000756,-0.003734,0.0179848
0.000138,0.003807,0.0054848,0.0001381,0.0038099,0.0054409
0.00212,0.003166,0.0180458,0.00212,0.003166,0.0179858
0.002243,0.00308,0.0183048,0.002243,0.00308,0.0182448
0.002352,-0.002997,0.0180448,0.002352,-0.002997,0.0179848
-0.002371,0.002982,0.0054848,-0.0023728,0.0029843,0.0054409
-0.002488,-0.002886,0.0177848,-0.002488,-0.002886,0.0177248
-0.001874,0.003317,0.0054848,-0.0018754,0.0033195,0.0054409
-0.002253,-0.003072,0.0177848,-0.002253,-0.003072,0.0177248
0.001864,-0.003323,0.0054838,0.0018654,-0.0033255,0.0054399
-0.00185,-0.003331,0.0049638,-0.0018513,-0.0033334,0.0049211
-0.00088,-0.003707,0.0047038,-0.0008806,-0.0037095,0.0046617
0.0028,0.002583,0.0180448,0.0028,0.002583,0.0179848
0.003396,-0.001727,0.0052248,0.0033985,-0.0017283,0.0051816
-0.003617,-0.001197,0.0057438,-0.0036198,-0.0011979,0.0056993
0.001449,0.003524,0.0057448,0.0014501,0.0035268,0.0057003
-0.003797,-0.000319,0.0057448,-0.0038,-0.0003192,0.0057003
-0.002227,-0.003091,0.0052238,-0.0022286,-0.0030933,0.0051805
-0.00044,0.003784,0.0180468,-0.00044,0.003784,0.0179868
-0.003403,0.001713,0.0057448,-0.0034056,0.0017143,0.0057003
0.002987,0.002365,0.0054848,0.0029892,0.0023668,0.0054409
0.003736,-0.000749,0.0180448,0.003736,-0.000749,0.0179848
-0.002005,-0.00324,0.0177848,-0.002005,-0.00324,0.0177248
-0.003386,-0.001747,0.0057438,-0.0033886,-0.0017484,0.0056993
-0.003259,-0.001974,0.0177848,-0.003259,-0.001974,0.0177248
-0.001743,0.003388,0.0057448,-0.0017444,0.0033906,0.0057003
0.000733,-0.003739,0.0180448,0.000733,-0.003739,0.0179848
0.002892,-0.00248,0.0177848,0.002892,-0.00248,0.0177248
0.000601,0.003762,0.0177868,0.000601,0.003762,0.0177268
0.002109,0.003173,0.0054848,0.0021106,0.0031754,0.0054409
0.002688,0.0027,0.0057448,0.0026901,0.0027021,0.0057003
-0.000609,-0.003761,0.0177848,-0.000609,-0.003761,0.0177248
-0.001849,0.003331,0.0185668,-0.001849,0.003331,0.0185068
-0.002227,0.003091,0.0183068,-0.002227,0.003091,0.0182468
0.001323,0.003573,0.0180458,0.001323,0.003573,0.0179858
0.003764,-0.000592,0.0052248,0.0037668,-0.0005924,0.0051815
0.003665,0.00104,0.0054848,0.0036678,0.0010408,0.0054409
-0.000756,0.003734,0.0054848,-0.0007565,0.0037368,0.0054409
-0.002574,0.002809,0.0180468,-0.002574,0.002809,0.0179868
0.003078,-0.002245,0.0177848,0.003078,-0.002245,0.0177248
0.001181,-0.003622,0.0052238,0.0011819,-0.0036247,0.0051805
0.003622,-0.001183,0.0177848,0.003622,-0.001183,0.0177248
0.003462,0.001591,0.0180448,0.003462,0.001591,0.0179848
-1.2e-05,0.00381,0.0057448,-1.2e-05,0.003813,0.0057003
0.003085,0.002236,0.0177858,0.003085,0.002236,0.0177258
-0.002706,0.002682,0.0057448,-0.0027081,0.0026841,0.0057003
-0.001166,0.003627,0.0188258,-0.001166,0.003627,0.0187658
0.003807,-0.000145,0.0054848,0.0038099,-0.0001451,0.0054409
0.003518,-0.001464,0.0177848,0.003518,-0.001464,0.0177248
0.003576,-0.001315,0.0049648,0.0035786,-0.0013159,0.0049222
-0.002574,-0.002809,0.0054828,-0.0025759,-0.0028111,0.0054389
-0.002886,-0.002487,0.0057428,-0.0028883,-0.0024889,0.0056983
-0.000587,0.003764,0.0183068,-0.000587,0.003764,0.0182468
-0.000311,0.003797,0.0057448,-0.0003112,0.0037999,0.0057003
0.003084,-0.002237,0.0057438,0.0030864,-0.0022387,0.0056993
-0.001471,0.003515,0.0057448,-0.0014722,0.0035177,0.0057003
-0.002886,0.002488,0.0177868,-0.002886,0.002488,0.0177268
0.001994,0.003247,0.0177858,0.001994,0.003247,0.0177258
0.003245,-0.001996,0.0177848,0.003245,-0.001996,0.0177248
0.003798,-0.000304,0.0183048,0.003798,-0.000304,0.0182448
0.000304,-0.003798,0.0057428,0.0003042,-0.0038009,0.0056984
0.00211,-0.003173,0.0180448,0.00211,-0.003173,0.0179848
-0.001447,-0.003525,0.0047038,-0.001448,-0.0035274,0.0046618
0.003251,0.001987,0.0177858,0.003251,0.001987,0.0177258
0.000304,0.003798,0.0177868,0.000304,0.003798,0.0177268
-0.003527,0.001441,0.0057448,-0.0035297,0.0014421,0.0057003
0.001721,0.003399,0.0057448,0.0017223,0.0034016,0.0057003
0.002899,-0.002472,0.0057438,0.0029012,-0.0024739,0.0056993
0.003625,0.001173,0.0177848,0.003625,0.001173,0.0177248
0.002468,0.002903,0.0057448,0.0024699,0.0029053,0.0057003
0.003784,0.000443,0.0180448,0.003784,0.000443,0.0179848
-0.0038,0.000279,0.0057448,-0.003803,0.0002792,0.0057003
0.001733,0.003393,0.0177858,0.001733,0.003393,0.0177258
0.001733,-0.003393,0.0052238,0.0017343,-0.0033955,0.0051805
0.002689,-0.0027,0.0177848,0.002689,-0.0027,0.0177248
0.001168,-0.003627,0.0177848,0.001168,-0.003627,0.0177248
0.003392,0.001736,0.0057448,0.0033946,0.0017373,0.0057003
0.003668,-0.00103,0.0049648,0.0036706,-0.0010307,0.0049222
0.003517,0.001464,0.0057448,0.0035197,0.0014651,0.0057003
-0.003094,-0.002224,0.0177848,-0.003094,-0.002224,0.0177248
-0.003766,0.000576,0.0057448,-0.0037689,0.0005765,0.0057003
-0.001047,0.003663,0.0054848,-0.0010478,0.0036657,0.0054409
0.003706,0.000885,0.0177848,0.003706,0.000885,0.0177248
-0.000441,-0.003784,0.0054828,-0.0004413,-0.0037868,0.0054389
0.001449,-0.003524,0.0177848,0.001449,-0.003524,0.0177248
0.0006,-0.003762,0.0057428,0.0006005,-0.0037649,0.0056983
-0.000312,-0.003797,0.0177848,-0.000312,-0.003797,0.0177248
-0.001472,-0.003514,0.0177848,-0.001472,-0.003514,0.0177248
-0.000588,-0.003764,0.0052238,-0.0005884,-0.0037667,0.0051805
0.003762,0.000602,0.0057448,0.0037649,0.0006025,0.0057003
0.002242,-0.003081,0.0057438,0.0022437,-0.0030834,0.0056993
-0.002487,0.002887,0.0057448,-0.0024889,0.0028892,0.0057003
-0.001191,-0.003619,0.0177848,-0.001191,-0.003619,0.0177248
0.001993,-0.003247,0.0057438,0.0019946,-0.0032495,0.0056993
0.000437,-0.003785,0.0180448,0.000437,-0.003785,0.0179848
0.003798,0.000304,0.0057448,0.003801,0.0003042,0.0057003
0.001168,0.003627,0.0057448,0.0011689,0.0036298,0.0057003
-0.000292,0.003799,0.0177868,-0.000292,0.003799,0.0177268
-0.003258,0.001975,0.0057448,-0.0032605,0.0019765,0.0057003
-0.003512,-0.001476,0.0057438,-0.0035147,-0.0014772,0.0056993
-0.002004,0.003241,0.0057448,-0.0020056,0.0032435,0.0057003
-0.000879,0.003707,0.0188258,-0.000879,0.003707,0.0187658
-1.2e-05,-0.00381,0.0177848,-1.2e-05,-0.00381,0.0177248
0.002696,-0.002692,0.0057438,0.0026981,-0.0026941,0.0056993
0.001854,-0.003329,0.0180448,0.001854,-0.003329,0.0179848
0.003326,-0.001859,0.0054848,0.0033285,-0.0018604,0.0054409
0.003622,0.001183,0.0057448,0.0036248,0.0011839,0.0057003
0.003703,0.000895,0.0057448,0.0037059,0.0008957,0.0057003
-0.00281,-0.002573,0.0175248,-0.00281,-0.002573,0.0174648
-0.003733,-0.000763,0.0060038,-0.003736,-0.0007636,0.0059587
-0.001744,-0.003388,0.0177848,-0.001744,-0.003388,0.0177248
0.002988,-0.002364,0.0175248,0.002988,-0.002364,0.0174648
0.002476,-0.002895,0.0057438,0.0024779,-0.0028972,0.0056993
-0.003469,-0.001576,0.0175248,-0.003469,-0.001576,0.0174648
-0.002908,0.002461,0.0057448,-0.0029102,0.0024629,0.0057003
0.002477,0.002895,0.0183048,0.002477,0.002895,0.0182448
-0.003673,-0.001014,0.0175248,-0.003673,-0.001014,0.0174648
0.002232,0.003088,0.0057448,0.0022337,0.0030904,0.0057003
-0.00381,-2e-05,0.0057448,-0.003813,-2e-05,0.0057003
0.003703,-0.000895,0.0177848,0.003703,-0.000895,0.0177248
6e-06,0.00381,0.0177868,6e-06,0.00381,0.0177268
0.001038,-0.003666,0.0054838,0.0010388,-0.0036688,0.0054399
-0.003786,-0.000426,0.0175258,-0.003786,-0.000426,0.0174658
0.00325,-0.001988,0.0057438,0.0032525,-0.0019895,0.0056993
-0.003808,-0.000127,0.0175258,-0.003808,-0.000127,0.0174658
-0.003806,0.000172,0.0175258,-0.003806,0.000172,0.0174658
-0.003781,0.00047,0.0175258,-0.003781,0.00047,0.0174658
-0.003732,0.000765,0.0175258,-0.003732,0.000765,0.0174658
-0.003661,0.001055,0.0175258,-0.003661,0.001055,0.0174658
-0.003567,0.001338,0.0175258,-0.003567,0.001338,0.0174658
-0.003451,0.001614,0.0175268,-0.003451,0.001614,0.0174668
-0.003315,0.001879,0.0175268,-0.003315,0.001879,0.0174668
-0.003157,0.002132,0.0175268,-0.003157,0.002132,0.0174668
0.000585,0.003765,0.0052248,0.0005854,0.0037677,0.0051815
0.002242,0.00308,0.0177858,0.002242,0.00308,0.0177258
-0.000734,-0.003739,0.0049638,-0.0007346,-0.0037417,0.0049211
0.002892,0.00248,0.0057448,0.0028942,0.0024819,0.0057003
-0.001167,-0.003627,0.0047038,-0.0011678,-0.0036295,0.0046618
-0.001583,0.003465,0.0185668,-0.001583,0.003465,0.0185068
-0.002129,0.003159,0.0054848,-0.0021306,0.0031614,0.0054409
0.0029,0.002471,0.0177858,0.0029,0.002471,0.0177258
0.003164,0.002123,0.0054848,0.0031664,0.0021246,0.0054409
-0.000734,0.003739,0.0185658,-0.000734,0.003739,0.0185058
0.003245,0.001997,0.0057448,0.0032475,0.0019985,0.0057002
0.000879,-0.003707,0.0177848,0.000879,-0.003707,0.0177248
-0.003582,-0.001299,0.0175248,-0.003582,-0.001299,0.0174648
0.003392,-0.001735,0.0177848,0.003392,-0.001735,0.0177248
6e-06,-0.00381,0.0057428,6e-06,-0.003813,0.0056983
0.00381,-5e-06,0.0183048,0.00381,-5e-06,0.0182448
0.002468,-0.002902,0.0177848,0.002468,-0.002902,0.0177248
-0.003741,-0.000722,0.0175248,-0.003741,-0.000722,0.0174648
-0.000293,-0.003799,0.0057428,-0.0002933,-0.003802,0.0056983
-0.003158,-0.002132,0.0060028,-0.0031605,-0.0021337,0.0059577
-0.000903,-0.003701,0.0177848,-0.000903,-0.003701,0.0177248
0.000894,0.003704,0.0177868,0.000894,0.003704,0.0177268
0.001983,0.003253,0.0057448,0.0019845,0.0032555,0.0057003
0.001039,0.003666,0.0180458,0.001039,0.003666,0.0179858
0.003522,0.001454,0.0177848,0.003522,0.001454,0.0177248
-0.002599,-0.002786,0.0175248,-0.002599,-0.002786,0.0174648
-0.003093,0.002225,0.0057448,-0.0030954,0.0022267,0.0057003
0.000287,0.003799,0.0057448,0.0002872,0.0038019,0.0057003
0.000437,0.003785,0.0054848,0.0004373,0.0037878,0.0054409
-0.002372,-0.002981,0.0175248,-0.002372,-0.002981,0.0174648
0.002792,0.002592,0.0060048,0.0027942,0.0025941,0.0059597
0.001024,-0.00367,0.0175248,0.001024,-0.00367,0.0174648
0.003521,-0.001455,0.0052248,0.0035236,-0.0014561,0.0051815
-0.000589,0.003764,0.0177868,-0.000589,0.003764,0.0177268
-0.003629,0.001159,0.0057448,-0.0036318,0.0011599,0.0057003
-0.001979,-0.003256,0.0052238,-0.0019805,-0.0032584,0.0051805
-0.002131,-0.003159,0.0175248,-0.002131,-0.003159,0.0174648
-0.003315,-0.001878,0.0060038,-0.0033176,-0.0018795,0.0059587
0.003783,0.000453,0.0060038,0.003786,0.0004534,0.0059587
-0.003334,-0.001844,0.0175248,-0.003334,-0.001844,0.0174648
0.001721,-0.003399,0.0177848,0.001721,-0.003399,0.0177248
-0.003468,0.001578,0.0060048,-0.0034708,0.0015793,0.0059597
0.001732,-0.003393,0.0057438,0.0017333,-0.0033956,0.0056993
-0.001979,0.003256,0.0183068,-0.001979,0.003256,0.0182468
0.001462,0.003518,0.0177858,0.001462,0.003518,0.0177258
0.003784,-0.000443,0.0054848,0.0037869,-0.0004433,0.0054409
0.003764,0.000591,0.0177848,0.003764,0.000591,0.0177248
-0.003661,-0.001054,0.0060038,-0.0036639,-0.0010549,0.0059587
-0.003781,-0.000468,0.0060038,-0.003784,-0.0004684,0.0059587
0.003576,0.001314,0.0175258,0.003576,0.001314,0.0174658
-0.002347,0.003002,0.0180468,-0.002347,0.003002,0.0179868
-0.001609,-0.003453,0.0175248,-0.001609,-0.003453,0.0174648
0.002361,-0.002991,0.0060038,0.0023629,-0.0029934,0.0059587
-0.003333,0.001846,0.0060048,-0.0033357,0.0018475,0.0059597
-0.002347,-0.003001,0.0054828,-0.0023488,-0.0030033,0.0054389
0.002793,-0.002592,0.0175248,0.002793,-0.002592,0.0174648
0.001461,-0.003519,0.0052238,0.0014621,-0.0035216,0.0051805
-0.002809,0.002574,0.0060048,-0.0028112,0.002576,0.0059597
0.003397,0.001726,0.0177858,0.003397,0.001726,0.0177258
0.002589,0.002795,0.0180458,0.002589,0.002795,0.0179858
0.000893,-0.003704,0.0057428,0.0008937,-0.0037068,0.0056983
0.003665,-0.00104,0.0175248,0.003665,-0.00104,0.0174648
-0.001308,0.003579,0.0185668,-0.001308,0.003579,0.0185068
0.003706,-0.000885,0.0052248,0.0037087,-0.0008856,0.0051815
-0.002598,0.002787,0.0060048,-0.0026001,0.0027892,0.0059597
0.00381,5e-06,0.0057448,0.003813,5e-06,0.0057003
-0.003786,0.000428,0.0060048,-0.003789,0.0004283,0.0059597
0.000154,-0.003807,0.0060028,0.0001541,-0.00381,0.0059578
-0.002683,-0.002705,0.0057428,-0.0026851,-0.0027071,0.0056983
-0.000735,0.003738,0.0180468,-0.000735,0.003738,0.0179868
0.00317,-0.002114,0.0060038,0.0031725,-0.0021157,0.0059587
-0.000609,0.003761,0.0057448,-0.0006095,0.0037639,0.0057003
-0.00119,0.003619,0.0057448,-0.0011909,0.0036218,0.0057003
0.003164,-0.002123,0.0175248,0.003164,-0.002123,0.0174648
-0.002682,0.002706,0.0177868,-0.002682,0.002706,0.0177268
-0.002981,0.002373,0.0175268,-0.002981,0.002373,0.0174668
-0.003808,0.000129,0.0060048,-0.003811,0.0001291,0.0059597
0.003783,-0.000453,0.0180448,0.003783,-0.000453,0.0179848
0.002233,-0.003087,0.0177848,0.002233,-0.003087,0.0177248
-0.002252,0.003073,0.0057448,-0.0022537,0.0030754,0.0057003
0.000452,0.003783,0.0175268,0.000452,0.003783,0.0174668
0.001586,0.003464,0.0060048,0.0015873,0.0034667,0.0059597
0.002994,-0.002356,0.0060038,0.0029964,-0.0023579,0.0059587
-0.001333,-0.003569,0.0175248,-0.001333,-0.003569,0.0174648
0.001309,0.003578,0.0060048,0.00131,0.0035809,0.0059598
0.00258,0.002803,0.0060048,0.002582,0.0028052,0.0059597
0.003807,0.000145,0.0180448,0.003807,0.000145,0.0179848
-0.000162,0.003807,0.0060048,-0.0001622,0.00381,0.0059597
0.000452,-0.003783,0.0060028,0.0004524,-0.003786,0.0059577
0.001865,0.003322,0.0175258,0.001865,0.003322,0.0174658
0.001598,-0.003459,0.0054838,0.0015992,-0.0034616,0.0054399
0.003572,-0.001325,0.0175248,0.003572,-0.001325,0.0174648
-0.001875,0.003317,0.0060048,-0.0018765,0.0033196,0.0059597
-0.003004,-0.002344,0.0175248,-0.003004,-0.002344,0.0174648
-0.001608,0.003454,0.0060048,-0.0016093,0.0034568,0.0059597
0.003457,0.001601,0.0060048,0.0034597,0.0016023,0.0059597
0.001309,-0.003578,0.0175248,0.001309,-0.003578,0.0174648
0.00212,0.003166,0.0175258,0.00212,0.003166,0.0174658
0.003736,0.000749,0.0060048,0.003739,0.0007496,0.0059597
-0.002981,-0.002372,0.0060028,-0.0029834,-0.0023739,0.0059577
0.000138,0.003808,0.0060048,0.0001381,0.003811,0.0059597
-0.000757,-0.003734,0.0175248,-0.000757,-0.003734,0.0174648
-0.003709,0.00087,0.0057448,-0.0037119,0.0008707,0.0057003
-0.000589,-0.003764,0.0057428,-0.0005895,-0.0037669,0.0056983
-0.000461,-0.003782,0.0175248,-0.000461,-0.003782,0.0174648
-0.001584,-0.003465,0.0049638,-0.0015851,-0.0034674,0.0049212
0.002362,0.00299,0.0180458,0.002362,0.00299,0.0179858
0.001024,0.00367,0.0054848,0.0010247,0.0036727,0.0054409
-0.000735,-0.003738,0.0054828,-0.0007356,-0.0037408,0.0054389
0.000879,0.003707,0.0052248,0.0008796,0.0037097,0.0051815
0.003321,0.001868,0.0060048,0.0033236,0.0018695,0.0059597
0.003668,0.00103,0.0175258,0.003668,0.00103,0.0174658
0.002994,0.002356,0.0175258,0.002994,0.002356,0.0174658
0.002119,-0.003167,0.0060038,0.0021207,-0.0031695,0.0059587
0.00317,0.002113,0.0175258,0.00317,0.002113,0.0174658
0.000287,-0.003799,0.0177848,0.000287,-0.003799,0.0177248
0.000747,0.003736,0.0175268,0.000747,0.003736,0.0174668
0.002588,-0.002796,0.0060038,0.0025901,-0.0027982,0.0059587
-0.000441,0.003784,0.0175278,-0.000441,0.003784,0.0174678
-0.003806,-0.00017,0.0060038,-0.003809,-0.0001701,0.0059587
-0.003741,0.000724,0.0060048,-0.003744,0.0007246,0.0059597
0.001864,-0.003323,0.0060038,0.0018655,-0.0033256,0.0059587
-0.003452,-0.001613,0.0060038,-0.0034547,-0.0016143,0.0059587
0.003078,0.002246,0.0057448,0.0030804,0.0022477,0.0057003
-0.001024,0.00367,0.0185668,-0.001024,0.00367,0.0185068
0.0028,-0.002584,0.0060038,0.0028022,-0.0025861,0.0059587
-0.003581,0.001301,0.0060048,-0.0035838,0.001302,0.0059597
-0.003766,-0.000574,0.0172658,-0.003766,-0.000574,0.0172058
-0.001876,-0.003316,0.0175248,-0.001876,-0.003316,0.0174648
0.003572,0.001325,0.0060048,0.0035748,0.0013261,0.0059597
0.003665,0.00104,0.0060048,0.0036679,0.0010408,0.0059597
-0.000162,-0.003807,0.0175248,-0.000162,-0.003807,0.0174648
-0.00371,-0.000868,0.0172658,-0.00371,-0.000868,0.0172058
0.0028,0.002583,0.0175258,0.0028,0.002583,0.0174658
-0.000902,0.003702,0.0057448,-0.0009027,0.0037048,0.0057002
0.002987,0.002365,0.0060048,0.0029894,0.0023669,0.0059597
-0.001718,0.003401,0.0183068,-0.001718,0.003401,0.0182468
-0.003003,0.002345,0.0060048,-0.0030054,0.0023469,0.0059597
-0.003568,-0.001337,0.0060038,-0.0035708,-0.0013381,0.0059587
0.001181,0.003622,0.0177858,0.001181,0.003622,0.0177258
0.002352,0.002997,0.0060048,0.0023539,0.0029994,0.0059597
-0.000144,-0.003807,0.0060028,-0.0001441,-0.00381,0.0059577
0.003625,-0.001174,0.0052248,0.0036277,-0.0011749,0.0051816
0.003396,-0.001727,0.0057438,0.0033987,-0.0017283,0.0056993
-0.00381,2.2e-05,0.0172658,-0.00381,2.2e-05,0.0172058
0.003326,-0.001859,0.0060038,0.0033287,-0.0018605,0.0059587
-0.003796,0.000321,0.0172658,-0.003796,0.000321,0.0172058
-0.00376,0.000618,0.0172658,-0.00376,0.000618,0.0172058
-0.0037,0.00091,0.0172658,-0.0037,0.00091,0.0172058
-0.003617,0.001197,0.0172658,-0.003617,0.001197,0.0172058
-0.003512,0.001477,0.0172668,-0.003512,0.001477,0.0172068
-0.003386,0.001747,0.0172668,-0.003386,0.001747,0.0172068
-0.003239,0.002007,0.0172668,-0.003239,0.002007,0.0172068
-0.002488,-0.002886,0.0172648,-0.002488,-0.002886,0.0172048
0.003807,0.000155,0.0060038,0.00381,0.0001551,0.0059588
0.003462,-0.001592,0.0054848,0.0034646,-0.0015932,0.0054409
-0.001024,-0.00367,0.0049638,-0.0010247,-0.0036726,0.0049211
0.001853,0.003329,0.0060048,0.0018545,0.0033316,0.0059597
-0.0038,-0.000277,0.0172658,-0.0038,-0.000277,0.0172058
-0.00046,0.003782,0.0060048,-0.0004604,0.003785,0.0059597
0.00258,-0.002803,0.0175248,0.00258,-0.002803,0.0174648
0.003762,-0.000602,0.0177848,0.003762,-0.000602,0.0177248
-0.00213,0.003159,0.0060048,-0.0021317,0.0031615,0.0059597
0.000585,-0.003765,0.0177848,0.000585,-0.003765,0.0177248
0.003807,-0.000155,0.0180448,0.003807,-0.000155,0.0179848
-0.003179,-0.0021,0.0175248,-0.003179,-0.0021,0.0174648
0.003736,-0.000749,0.0175248,0.003736,-0.000749,0.0174648
-0.001048,-0.003663,0.0175248,-0.001048,-0.003663,0.0174648
0.002697,0.002691,0.0177858,0.002697,0.002691,0.0177258
-0.000441,-0.003784,0.0060028,-0.0004414,-0.003787,0.0059578
0.001598,0.003459,0.0175258,0.001598,0.003459,0.0174658
0.000155,0.003807,0.0175268,0.000155,0.003807,0.0174668
0.003462,0.001591,0.0175258,0.003462,0.001591,0.0174658
-0.002707,-0.002681,0.0172648,-0.002707,-0.002681,0.0172048
-0.001308,-0.003578,0.0049638,-0.0013089,-0.0035805,0.0049212
-0.003178,0.002102,0.0060048,-0.0031805,0.0021037,0.0059597
0.000732,-0.003739,0.0175248,0.000732,-0.003739,0.0174648
0.001983,-0.003253,0.0177848,0.001983,-0.003253,0.0177248
0.001322,-0.003573,0.0054838,0.001323,-0.0035757,0.0054399
0.001994,0.003247,0.0172658,0.001994,0.003247,0.0172058
-0.001718,-0.0034,0.0052238,-0.0017193,-0.0034025,0.0051805
-0.002908,0.002461,0.0062648,-0.0029104,0.002463,0.0062191
-0.002253,-0.003072,0.0172648,-0.002253,-0.003072,0.0172048
-0.003239,-0.002006,0.0062628,-0.0032416,-0.0020076,0.0062172
-0.000144,0.003807,0.0175278,-0.000144,0.003807,0.0174678
-0.003072,-0.002254,0.0062628,-0.0030745,-0.0022558,0.0062171
-0.003404,-0.001711,0.0172648,-0.003404,-0.001711,0.0172048
0.001586,-0.003464,0.0175248,0.001586,-0.003464,0.0174648
-0.00088,-0.003707,0.0052238,-0.0008807,-0.0037097,0.0051805
-0.003528,-0.001439,0.0172648,-0.003528,-0.001439,0.0172048
-0.001744,-0.003387,0.0172648,-0.001744,-0.003387,0.0172048
0.003517,0.001464,0.0062638,0.0035199,0.0014652,0.0062182
-0.002105,0.003176,0.0180468,-0.002105,0.003176,0.0179868
0.003799,-0.000294,0.0057448,0.003802,-0.0002942,0.0057003
0.003799,0.000294,0.0177848,0.003799,0.000294,0.0177248
0.000747,-0.003736,0.0060028,0.0007476,-0.003739,0.0059577
-0.00376,-0.000616,0.0062638,-0.003763,-0.0006165,0.0062181
0.0029,0.002471,0.0172658,0.0029,0.002471,0.0172058
0.002892,0.00248,0.0062648,0.0028943,0.002482,0.0062192
-0.001447,0.003524,0.0183068,-0.001447,0.003524,0.0182468
0.000137,-0.003808,0.0175248,0.000137,-0.003808,0.0174648
0.003085,0.002236,0.0172658,0.003085,0.002236,0.0172058
-0.000736,0.003738,0.0175278,-0.000736,0.003738,0.0174678
0.000879,-0.003707,0.0172648,0.000879,-0.003707,0.0172048
-0.002105,-0.003176,0.0054828,-0.0021066,-0.0031784,0.0054389
0.00118,-0.003623,0.0057438,0.0011809,-0.0036258,0.0056993
0.003798,0.000304,0.0062638,0.0038011,0.0003043,0.0062182
0.003326,0.001858,0.0175258,0.003326,0.001858,0.0174658
5e-06,-0.00381,0.0062618,5e-06,-0.0038131,0.0062162
-0.000736,-0.003738,0.0060018,-0.0007366,-0.003741,0.0059568
0.003738,-0.000739,0.0054848,0.0037408,-0.0007395,0.0054409
-0.002706,0.002682,0.0062648,-0.0027082,0.0026841,0.0062192
-0.002463,-0.002907,0.0057428,-0.0024649,-0.0029092,0.0056983
-0.000311,0.003797,0.0062648,-0.0003113,0.0038001,0.0062191
0.002892,-0.00248,0.0172648,0.002892,-0.00248,0.0172048
-0.000881,0.003707,0.0177868,-0.000881,0.003707,0.0177268
0.00325,-0.001988,0.0062638,0.0032527,-0.0019896,0.0062182
-0.001332,0.00357,0.0060048,-0.001333,0.0035728,0.0059598
0.003078,-0.002245,0.0172648,0.003078,-0.002245,0.0172048
-0.002463,0.002907,0.0177868,-0.002463,0.002907,0.0177268
-0.002787,0.002598,0.0175268,-0.002787,0.002598,0.0174668
-0.003072,0.002254,0.0172668,-0.003072,0.002254,0.0172068
0.003392,0.001736,0.0062648,0.0033948,0.0017374,0.0062191
-0.003766,0.000576,0.0062648,-0.0037691,0.0005764,0.0062191
-0.002004,0.003241,0.0062648,-0.0020056,0.0032436,0.0062191
0.003084,-0.002237,0.0062638,0.0030865,-0.0022388,0.0062181
0.001721,0.003399,0.0062648,0.0017224,0.0034017,0.0062191
-0.002371,0.002982,0.0060048,-0.0023729,0.0029844,0.0059597
0.002688,0.0027,0.0062648,0.0026902,0.0027022,0.0062191
0.002476,-0.002896,0.0062638,0.002478,-0.0028984,0.0062181
0.001733,0.003393,0.0172668,0.001733,0.003393,0.0172068
-0.003527,0.00144,0.0062648,-0.0035299,0.0014412,0.0062191
0.001597,-0.003459,0.0060038,0.0015983,-0.0034617,0.0059587
-0.003672,0.001015,0.0060048,-0.0036749,0.0010158,0.0059597
0.003164,0.002123,0.0060048,0.0031665,0.0021247,0.0059597
-0.001472,-0.003514,0.0172648,-0.001472,-0.003514,0.0172048
0.001024,0.00367,0.0060048,0.0010248,0.0036729,0.0059597
0.003321,-0.001868,0.0175248,0.003321,-0.001868,0.0174648
0.002352,-0.002997,0.0175248,0.002352,-0.002997,0.0174648
0.003738,0.000739,0.0175258,0.003738,0.000739,0.0174658
-0.00088,0.003707,0.0183068,-0.00088,0.003707,0.0182468
0.000303,-0.003798,0.0062628,0.0003032,-0.0038011,0.0062172
-0.000903,-0.003701,0.0172648,-0.000903,-0.003701,0.0172048
0.003762,0.000602,0.0062638,0.0037651,0.0006025,0.0062182
0.003457,-0.001601,0.0175248,0.003457,-0.001601,0.0174648
0.003703,-0.000895,0.0172658,0.003703,-0.000895,0.0172058
0.003622,-0.001183,0.0172658,0.003622,-0.001183,0.0172058
-0.002909,-0.00246,0.0172648,-0.002909,-0.00246,0.0172048
-0.00363,-0.001157,0.0172648,-0.00363,-0.001157,0.0172048
-0.001743,0.003388,0.0062648,-0.0017444,0.0033907,0.0062191
-0.003403,0.001713,0.0062648,-0.0034057,0.0017144,0.0062191
0.003625,0.001173,0.0172658,0.003625,0.001173,0.0172058
-0.002787,-0.002598,0.0060028,-0.0027892,-0.0026,0.0059577
0.002362,0.00299,0.0175258,0.002362,0.00299,0.0174658
-0.0038,0.000279,0.0062648,-0.0038031,0.0002792,0.0062191
-0.0037,-0.000909,0.0062638,-0.003703,-0.0009097,0.0062181
-1.2e-05,0.00381,0.0062648,-1.2e-05,0.0038131,0.0062191
0.003522,0.001454,0.0172658,0.003522,0.001454,0.0172058
0.002109,0.003173,0.0060048,0.0021107,0.0031755,0.0059597
0.001167,-0.003627,0.0172648,0.001167,-0.003627,0.0172048
0.000303,0.003798,0.0172678,0.000303,0.003798,0.0172078
0.000436,0.003785,0.0060048,0.0004363,0.003788,0.0059597
-0.000881,-0.003707,0.0057428,-0.0008817,-0.0037099,0.0056983
0.000733,0.003739,0.0054848,0.0007335,0.0037418,0.0054409
0.002241,-0.003081,0.0062638,0.0022428,-0.0030835,0.0062181
0.000585,0.003765,0.0057448,0.0005854,0.0037679,0.0057003
0.002477,0.002895,0.0177858,0.002477,0.002895,0.0177258
0.001449,0.003524,0.0062648,0.0014502,0.0035269,0.0062191
0.001038,0.003666,0.0175268,0.001038,0.003666,0.0174668
0.0006,0.003762,0.0172668,0.0006,0.003762,0.0172068
0.000879,0.003707,0.0057448,0.0008797,0.0037099,0.0057003
0.001461,-0.003519,0.0057438,0.0014621,-0.0035217,0.0056993
-0.00061,-0.003761,0.0172648,-0.00061,-0.003761,0.0172048
-0.003093,0.002225,0.0062648,-0.0030955,0.0022268,0.0062191
0.001993,-0.003247,0.0062638,0.0019946,-0.0032496,0.0062181
-0.003259,-0.001974,0.0172648,-0.003259,-0.001974,0.0172048
-0.003386,-0.001747,0.0062628,-0.0033887,-0.0017484,0.0062172
-0.00185,0.003331,0.0180468,-0.00185,0.003331,0.0179868
-0.002005,-0.00324,0.0172648,-0.002005,-0.00324,0.0172048
-0.003709,0.00087,0.0062648,-0.003712,0.0008707,0.0062191
0.003622,0.001183,0.0062638,0.0036249,0.0011839,0.0062182
-0.001047,0.003663,0.0060048,-0.0010478,0.0036659,0.0059597
-0.003741,-0.000722,0.0170058,-0.003741,-0.000722,0.0169458
0.002697,0.002691,0.0172658,0.002697,0.002691,0.0172058
0.003078,0.002246,0.0062648,0.0030805,0.0022478,0.0062191
-0.000756,0.003734,0.0060048,-0.0007566,0.003737,0.0059597
0.001322,0.003573,0.0175268,0.001322,0.003573,0.0174668
-0.00059,0.003764,0.0172678,-0.00059,0.003764,0.0172078
-0.003258,0.001975,0.0062648,-0.0032606,0.0019766,0.0062191
0.000585,-0.003765,0.0172648,0.000585,-0.003765,0.0172048
0.003798,-0.000304,0.0177848,0.003798,-0.000304,0.0177248
-0.000293,-0.003799,0.0062618,-0.0002932,-0.0038021,0.0062162
0.00381,5e-06,0.0062638,0.0038131,5e-06,0.0062181
0.000287,0.003799,0.0062648,0.0002872,0.0038021,0.0062191
0.000732,0.003739,0.0060048,0.0007326,0.003742,0.0059597
0.003462,-0.001592,0.0060038,0.0034648,-0.0015933,0.0059587
-0.001167,0.003627,0.0183068,-0.001167,0.003627,0.0182468
-0.003781,0.00047,0.0170058,-0.003781,0.00047,0.0169458
-0.000609,0.003761,0.0062648,-0.0006095,0.0037641,0.0062191
0.003396,-0.001727,0.0062638,0.0033988,-0.0017284,0.0062182
-0.003733,0.000764,0.0170058,-0.003733,0.000764,0.0169458
0.002688,-0.0027,0.0172648,0.002688,-0.0027,0.0172048
-0.003661,0.001054,0.0170068,-0.003661,0.001054,0.0169468
-0.003567,0.001338,0.0170068,-0.003567,0.001338,0.0169468
-0.003452,0.001613,0.0170068,-0.003452,0.001613,0.0169468
-0.003315,0.001878,0.0170068,-0.003315,0.001878,0.0169468
0.003807,-0.000145,0.0060038,0.00381,-0.0001451,0.0059587
-0.002252,0.003073,0.0062648,-0.0022538,0.0030755,0.0062191
-0.003673,-0.001013,0.0170058,-0.003673,-0.001013,0.0169458
0.001732,-0.003394,0.0062628,0.0017334,-0.0033967,0.0062172
-0.003806,0.000172,0.0170058,-0.003806,0.000172,0.0169458
0.002696,-0.002692,0.0062638,0.0026982,-0.0026942,0.0062181
-0.00363,0.001159,0.0062648,-0.0036329,0.0011599,0.0062191
-0.003808,-0.000128,0.0170058,-0.003808,-0.000128,0.0169458
0.003762,-0.000602,0.0172658,0.003762,-0.000602,0.0172058
-0.0026,-0.002785,0.0170048,-0.0026,-0.002785,0.0169448
-0.001191,-0.003619,0.0172648,-0.001191,-0.003619,0.0172048
0.001983,0.003253,0.0062648,0.0019846,0.0032556,0.0062191
0.003706,0.000885,0.0172658,0.003706,0.000885,0.0172058
0.001167,0.003627,0.0062648,0.0011679,0.00363,0.0062192
-0.000312,-0.003797,0.0172648,-0.000312,-0.003797,0.0172048
0.003783,-0.000453,0.0175258,0.003783,-0.000453,0.0174658
0.000436,-0.003785,0.0175248,0.000436,-0.003785,0.0174648
0.002242,0.00308,0.0172658,0.002242,0.00308,0.0172058
-0.003786,-0.000426,0.0170058,-0.003786,-0.000426,0.0169458
-0.003797,-0.000319,0.0062638,-0.0038001,-0.0003192,0.0062181
-0.00059,-0.003764,0.0062618,-0.0005905,-0.003767,0.0062162
0.002468,0.002903,0.0062648,0.00247,0.0029054,0.0062191
5e-06,0.00381,0.0172678,5e-06,0.00381,0.0172078
-0.001851,-0.00333,0.0054828,-0.0018524,-0.0033325,0.0054389
-0.002886,-0.002487,0.0062628,-0.0028883,-0.002489,0.0062172
-0.00381,-2.1e-05,0.0062638,-0.0038131,-2.1e-05,0.0062181
-0.003334,-0.001844,0.0170048,-0.003334,-0.001844,0.0169448
-0.000882,-0.003706,0.0062618,-0.0008827,-0.003709,0.0062161
-0.003315,-0.001878,0.0065228,-0.0033178,-0.0018796,0.0064766
-0.001584,0.003465,0.0180468,-0.001584,0.003465,0.0179868
-0.001609,-0.003453,0.0170048,-0.001609,-0.003453,0.0169448
-0.000294,0.003799,0.0172678,-0.000294,0.003799,0.0172078
0.001449,-0.003524,0.0172648,0.001449,-0.003524,0.0172048
0.002987,0.002365,0.0065248,0.0029895,0.002367,0.0064786
0.000599,-0.003763,0.0062628,0.0005995,-0.003766,0.0062171
0.001854,-0.003329,0.0175248,0.001854,-0.003329,0.0174648
-0.001025,-0.003669,0.0054828,-0.0010258,-0.0036718,0.0054389
0.002899,-0.002472,0.0062638,0.0029014,-0.002474,0.0062181
0.002792,-0.002592,0.0170048,0.002792,-0.002592,0.0169448
0.003572,0.001325,0.0065238,0.003575,0.0013261,0.0064776
-0.003741,0.000724,0.0065248,-0.0037441,0.0007246,0.0064785
0.0028,0.002584,0.0170058,0.0028,0.002584,0.0169458
0.002109,-0.003173,0.0175248,0.002109,-0.003173,0.0174648
-0.001876,-0.003316,0.0170048,-0.001876,-0.003316,0.0169448
-0.003781,-0.000468,0.0065238,-0.0037841,-0.0004684,0.0064776
-0.003158,-0.002132,0.0065228,-0.0031606,-0.0021338,0.0064766
0.00381,-5e-06,0.0177848,0.00381,-5e-06,0.0177248
0.001037,-0.003666,0.0060028,0.0010378,-0.0036689,0.0059577
0.003764,-0.000592,0.0057448,0.0037669,-0.0005925,0.0057003
0.00317,-0.002114,0.0065238,0.0031726,-0.0021157,0.0064776
-1.3e-05,-0.00381,0.0172648,-1.3e-05,-0.00381,0.0172048
0.003251,0.001987,0.0172658,0.003251,0.001987,0.0172058
-0.002228,-0.003091,0.0057428,-0.0022297,-0.0030934,0.0056983
-0.000145,-0.003807,0.0065218,-0.0001451,-0.0038101,0.0064756
-0.000883,0.003706,0.0172678,-0.000883,0.003706,0.0172078
0.003518,-0.001464,0.0172658,0.003518,-0.001464,0.0172058
-0.003512,-0.001476,0.0062638,-0.0035149,-0.0014772,0.0062181
0.003807,0.000155,0.0065238,0.0038102,0.0001551,0.0064776
0.000585,0.003765,0.0062648,0.0005855,0.0037681,0.0062191
0.003703,0.000895,0.0062638,0.003706,0.0008957,0.0062181
0.003668,-0.00103,0.0054848,0.0036708,-0.0010308,0.0054409
0.002119,0.003166,0.0170068,0.002119,0.003166,0.0169468
-0.002809,0.002574,0.0065248,-0.0028114,0.0025761,0.0064786
0.003521,-0.001455,0.0057438,0.0035237,-0.0014561,0.0056993
-0.003094,-0.002224,0.0172648,-0.003094,-0.002224,0.0172048
0.001864,0.003323,0.0170068,0.001864,0.003323,0.0169468
-0.000461,0.003782,0.0065248,-0.0004614,0.0037851,0.0064786
-0.002575,0.002808,0.0175278,-0.002575,0.002808,0.0174678
0.002468,-0.002903,0.0172648,0.002468,-0.002903,0.0172048
0.002987,-0.002365,0.0170048,0.002987,-0.002365,0.0169448
-0.002228,0.003091,0.0177868,-0.002228,0.003091,0.0177268
-0.002886,0.002487,0.0172678,-0.002886,0.002487,0.0172078
-0.003158,0.002131,0.0170068,-0.003158,0.002131,0.0169468
-0.00281,-0.002572,0.0170048,-0.00281,-0.002572,0.0169448
0.003245,0.001997,0.0062648,0.0032476,0.0019986,0.0062191
-0.001447,-0.003524,0.0052238,-0.001448,-0.0035266,0.0051805
-0.003733,-0.000763,0.0065238,-0.0037361,-0.0007636,0.0064776
0.003576,-0.001315,0.0054848,0.0035787,-0.001316,0.0054409
-0.001471,0.003514,0.0062648,-0.0014722,0.0035169,0.0062192
-0.002487,0.002887,0.0062648,-0.002489,0.0028893,0.0062192
0.000893,0.003704,0.0172668,0.000893,0.003704,0.0172068
-0.003582,-0.001299,0.0170058,-0.003582,-0.001299,0.0169458
0.001586,0.003464,0.0065248,0.0015873,0.0034669,0.0064785
-0.000162,0.003807,0.0065248,-0.0001621,0.0038101,0.0064786
0.003457,0.001601,0.0065238,0.0034599,0.0016024,0.0064776
0.003736,-0.000749,0.0170058,0.003736,-0.000749,0.0169458
0.001461,0.003519,0.0172668,0.001461,0.003519,0.0172068
0.003326,-0.001859,0.0065238,0.0033288,-0.0018606,0.0064776
0.003245,-0.001997,0.0172648,0.003245,-0.001997,0.0172048
-0.002373,-0.002981,0.0170048,-0.002373,-0.002981,0.0169448
-0.001048,-0.003663,0.0170048,-0.001048,-0.003663,0.0169448
0.003784,0.000443,0.0175258,0.003784,0.000443,0.0174658
-0.001025,0.00367,0.0180468,-0.001025,0.00367,0.0179868
0.001853,0.003329,0.0065248,0.0018546,0.0033318,0.0064785
0.003783,0.000453,0.0065238,0.0037862,0.0004534,0.0064776
0.000154,-0.003807,0.0065218,0.0001541,-0.0038101,0.0064756
0.003665,-0.00104,0.0170058,0.003665,-0.00104,0.0169458
-0.002575,-0.002808,0.0060028,-0.0025771,-0.0028102,0.0059577
0.002792,0.002592,0.0065248,0.0027943,0.0025941,0.0064786
-0.001875,0.003317,0.0065248,-0.0018765,0.0033197,0.0064785
-0.003468,0.001578,0.0065248,-0.0034709,0.0015793,0.0064786
0.000879,0.003707,0.0062648,0.0008797,0.00371,0.0062192
-0.001026,0.003669,0.0175278,-0.001026,0.003669,0.0174678
-0.001168,-0.003627,0.0052238,-0.0011689,-0.0036297,0.0051805
-0.003786,0.000428,0.0065238,-0.0037891,0.0004284,0.0064776
0.002477,0.002895,0.0172658,0.002477,0.002895,0.0172058
0.003576,0.001314,0.0170058,0.003576,0.001314,0.0169458
0.002589,0.002795,0.0175258,0.002589,0.002795,0.0174658
0.003397,0.001726,0.0172658,0.003397,0.001726,0.0172058
0.003668,0.00103,0.0170058,0.003668,0.00103,0.0169458
-0.001026,-0.003669,0.0060018,-0.0010268,-0.0036719,0.0059567
0.001024,-0.00367,0.0170048,0.001024,-0.00367,0.0169448
-0.003617,-0.001196,0.0062638,-0.0036199,-0.001197,0.0062181
0.002232,0.003088,0.0062648,0.0022338,0.0030905,0.0062191
0.00236,-0.002991,0.0065238,0.002362,-0.0029935,0.0064776
-0.003003,0.002345,0.0065248,-0.0030055,0.0023469,0.0064786
-0.003581,0.0013,0.0065248,-0.003584,0.0013011,0.0064786
0.002588,-0.002796,0.0065238,0.0025902,-0.0027983,0.0064776
-0.000757,-0.003734,0.0170048,-0.000757,-0.003734,0.0169448
0.002994,0.002356,0.0170058,0.002994,0.002356,0.0169458
0.000451,0.003783,0.0170078,0.000451,0.003783,0.0169478
0.00146,-0.003519,0.0062628,0.0014612,-0.0035219,0.0062172
0.000153,0.003807,0.0170078,0.000153,0.003807,0.0169478
-0.00213,0.003159,0.0065248,-0.0021317,0.0031616,0.0064786
-0.003469,-0.001576,0.0170048,-0.003469,-0.001576,0.0169448
0.001321,-0.003574,0.0060028,0.0013221,-0.0035768,0.0059577
0.000732,-0.003739,0.0170048,0.000732,-0.003739,0.0169448
0.002118,-0.003167,0.0065228,0.0021197,-0.0031696,0.0064766
-0.000737,-0.003738,0.0065218,-0.0007376,-0.0037411,0.0064756
0.001309,-0.003578,0.0170048,0.001309,-0.003578,0.0169448
-0.003452,-0.001613,0.0065228,-0.0034549,-0.0016143,0.0064766
-0.003806,-0.00017,0.0065238,-0.0038091,-0.0001701,0.0064776
-0.002131,-0.003158,0.0170048,-0.002131,-0.003158,0.0169448
-0.001608,0.003454,0.0065248,-0.0016093,0.0034568,0.0064786
0.00258,-0.002803,0.0170048,0.00258,-0.002803,0.0169448
0.003665,0.00104,0.0065238,0.003668,0.0010408,0.0064776
0.002589,0.002795,0.0170058,0.002589,0.002795,0.0169458
-0.001191,0.003619,0.0062648,-0.0011919,0.0036219,0.0062192
0.001181,0.003622,0.0172668,0.001181,0.003622,0.0172068
-0.000903,0.003702,0.0062648,-0.0009037,0.003705,0.0062191
0.000138,0.003808,0.0065248,0.0001381,0.0038111,0.0064786
0.000287,-0.003799,0.0172648,0.000287,-0.003799,0.0172048
-0.000738,0.003738,0.0170078,-0.000738,0.003738,0.0169478
-0.003672,0.001015,0.0065248,-0.003675,0.0010158,0.0064786
0.002994,-0.002357,0.0065238,0.0029965,-0.0023589,0.0064776
-0.000442,-0.003784,0.0065218,-0.0004424,-0.0037871,0.0064756
-0.002598,0.002786,0.0065248,-0.0026002,0.0027883,0.0064786
-0.000756,0.003734,0.0065248,-0.0007566,0.0037371,0.0064786
0.003521,-0.001455,0.0062638,0.0035239,-0.0014562,0.0062181
-0.003617,0.001197,0.0167468,-0.003617,0.001197,0.0166868
-0.003512,0.001476,0.0167468,-0.003512,0.001476,0.0166868
-0.003386,0.001746,0.0167468,-0.003386,0.001746,0.0166868
-0.001333,-0.003569,0.0170048,-0.001333,-0.003569,0.0169448
-0.00198,0.003255,0.0177878,-0.00198,0.003255,0.0177278
-0.00381,2.2e-05,0.0167458,-0.00381,2.2e-05,0.0166858
-0.00371,-0.000868,0.0167458,-0.00371,-0.000868,0.0166858
0.001863,-0.003323,0.0065228,0.0018645,-0.0033258,0.0064766
-0.003796,0.000321,0.0167458,-0.003796,0.000321,0.0166858
0.001309,0.003578,0.0065248,0.0013101,0.0035809,0.0064786
-0.003179,-0.0021,0.0170048,-0.003179,-0.0021,0.0169448
-0.00376,0.000617,0.0167458,-0.00376,0.000617,0.0166858
0.003807,-0.000145,0.0065238,0.0038101,-0.0001451,0.0064775
0.003392,-0.001736,0.0172658,0.003392,-0.001736,0.0172058
0.003764,0.000591,0.0172658,0.003764,0.000591,0.0172058
0.003164,0.002123,0.0065238,0.0031666,0.0021248,0.0064776
0.00258,0.002804,0.0065248,0.0025821,0.0028063,0.0064786
-0.003333,0.001845,0.0065248,-0.0033358,0.0018466,0.0064786
0.001024,0.00367,0.0065248,0.0010249,0.003673,0.0064786
-0.000461,-0.003782,0.0170048,-0.000461,-0.003782,0.0169448
-0.0037,0.00091,0.0167468,-0.0037,0.00091,0.0166868
0.002799,-0.002584,0.0065238,0.0028013,-0.0025861,0.0064776
0.003462,0.001591,0.0170058,0.003462,0.001591,0.0169458
0.001597,-0.003459,0.0065228,0.0015983,-0.0034619,0.0064766
0.000746,0.003736,0.0170068,0.000746,0.003736,0.0169468
0.003783,-0.000454,0.0170058,0.003783,-0.000454,0.0169458
0.002361,0.00299,0.0170058,0.002361,0.00299,0.0169458
-0.002683,-0.002705,0.0062628,-0.0026852,-0.0027072,0.0062172
-0.003386,-0.001746,0.0067828,-0.0033889,-0.0017475,0.0067361
-0.003797,-0.000319,0.0067838,-0.0038002,-0.0003193,0.006737
-0.001719,0.0034,0.0177878,-0.001719,0.0034,0.0177278
-0.000443,0.003784,0.0170078,-0.000443,0.003784,0.0169478
0.000451,-0.003783,0.0065218,0.0004514,-0.0037861,0.0064756
0.001721,-0.003399,0.0172648,0.001721,-0.003399,0.0172048
-0.001168,-0.003626,0.0057428,-0.0011689,-0.0036288,0.0056983
0.003622,0.001183,0.0067838,0.003625,0.001184,0.0067371
-0.002982,0.002372,0.0170078,-0.002982,0.002372,0.0169478
0.002697,0.002692,0.0167458,0.002697,0.002692,0.0166858
0.000436,0.003785,0.0065248,0.0004364,0.0037881,0.0064786
0.002232,-0.003087,0.0172648,0.002232,-0.003087,0.0172048
-0.001743,0.003388,0.0067848,-0.0017445,0.0033908,0.006738
-0.003239,-0.002006,0.0067828,-0.0032417,-0.0020077,0.0067361
-0.001028,0.003669,0.0170078,-0.001028,0.003669,0.0169478
-0.000163,-0.003807,0.0170048,-0.000163,-0.003807,0.0169448
0.003784,-0.000443,0.0060038,0.003787,-0.0004434,0.0059587
0.003738,0.000738,0.0170058,0.003738,0.000738,0.0169458
-0.001192,-0.003619,0.0167448,-0.001192,-0.003619,0.0166848
0.003807,-0.000155,0.0175258,0.003807,-0.000155,0.0174658
-0.00198,-0.003255,0.0057428,-0.0019815,-0.0032575,0.0056983
-0.003178,0.002102,0.0065248,-0.0031806,0.0021037,0.0064786
-0.003709,0.00087,0.0067848,-0.0037121,0.0008707,0.006738
0.003703,-0.000895,0.0167458,0.003703,-0.000895,0.0166858
0.003572,-0.001325,0.0170058,0.003572,-0.001325,0.0169458
4e-06,-0.00381,0.0067818,4e-06,-0.0038132,0.006735
-0.002348,-0.003001,0.0060028,-0.0023499,-0.0030034,0.0059577
-0.000294,-0.003799,0.0067818,-0.0002942,-0.0038022,0.0067351
0.002109,0.003173,0.0065248,0.0021108,0.0031756,0.0064785
0.003736,0.000749,0.0065238,0.0037391,0.0007496,0.0064776
-0.002706,0.002682,0.0067848,-0.0027083,0.0026842,0.0067381
-0.001309,0.003578,0.0180468,-0.001309,0.003578,0.0179868
-0.003527,0.00144,0.0067848,-0.0035299,0.0014412,0.0067381
0.003576,-0.001315,0.0060038,0.0035788,-0.0013161,0.0059587
0.000436,-0.003785,0.0170048,0.000436,-0.003785,0.0169448
-0.002348,0.003001,0.0175278,-0.002348,0.003001,0.0174678
-0.002683,0.002705,0.0172678,-0.002683,0.002705,0.0172078
0.002892,-0.00248,0.0167448,0.002892,-0.00248,0.0166848
-0.003239,0.002006,0.0167468,-0.003239,0.002006,0.0166868
-0.0038,-0.000277,0.0167458,-0.0038,-0.000277,0.0166858
-0.001473,-0.003514,0.0167448,-0.001473,-0.003514,0.0166848
-0.003766,-0.000574,0.0167458,-0.003766,-0.000574,0.0166858
0.002241,-0.003081,0.0067828,0.0022428,-0.0030836,0.006736
-0.003004,-0.002344,0.0170048,-0.003004,-0.002344,0.0169448
0.003462,-0.001592,0.0065238,0.0034649,-0.0015933,0.0064776
0.001448,0.003524,0.0067848,0.0014492,0.003527,0.006738
-0.003661,-0.001054,0.0065238,-0.003664,-0.0010549,0.0064776
0.003799,-0.000294,0.0062638,0.0038021,-0.0002942,0.0062181
-0.00363,-0.001157,0.0167458,-0.00363,-0.001157,0.0166858
0.000599,0.003763,0.0167478,0.000599,0.003763,0.0166878
0.002688,-0.0027,0.0167448,0.002688,-0.0027,0.0166848
-0.000609,0.003761,0.0067848,-0.0006095,0.0037641,0.0067381
-0.00376,-0.000616,0.0067838,-0.0037631,-0.0006165,0.0067371
-0.002371,0.002982,0.0065248,-0.0023729,0.0029845,0.0064786
0.000302,0.003798,0.0167478,0.000302,0.003798,0.0166878
-0.000312,0.003797,0.0067848,-0.0003123,0.0038002,0.0067381
-0.003259,-0.001974,0.0167448,-0.003259,-0.001974,0.0166848
-0.000145,0.003807,0.0170078,-0.000145,0.003807,0.0169478
0.003321,0.001868,0.0065238,0.0033238,0.0018696,0.0064776
0.001721,0.003399,0.0067848,0.0017224,0.0034018,0.006738
0.003164,-0.002123,0.0170058,0.003164,-0.002123,0.0169458
-0.002488,-0.002885,0.0167448,-0.002488,-0.002885,0.0166848
0.00381,5e-06,0.0067838,0.0038132,5e-06,0.006737
-0.001744,-0.003387,0.0167448,-0.001744,-0.003387,0.0166848
-0.001168,0.003626,0.0177878,-0.001168,0.003626,0.0177278
0.002476,-0.002896,0.0067838,0.002478,-0.0028984,0.006737
0.003706,-0.000885,0.0057438,0.0037089,-0.0008857,0.0056993
-0.002908,0.002461,0.0067848,-0.0029104,0.002463,0.006738
0.003798,0.000304,0.0067838,0.0038012,0.0003042,0.0067371
0.002352,0.002998,0.0065248,0.0023539,0.0030005,0.0064785
0.003078,0.002246,0.0067838,0.0030806,0.0022479,0.0067371
-0.003404,-0.001711,0.0167448,-0.003404,-0.001711,0.0166848
0.001993,0.003247,0.0167468,0.001993,0.003247,0.0166868
-0.003403,0.001713,0.0067848,-0.0034058,0.0017144,0.006738
0.000732,0.003739,0.0065248,0.0007326,0.0037421,0.0064786
-0.003808,0.000129,0.0065238,-0.0038111,0.0001291,0.0064776
0.00317,0.002113,0.0170058,0.00317,0.002113,0.0169458
0.003798,-0.000304,0.0172658,0.003798,-0.000304,0.0172058
0.000892,-0.003704,0.0062628,0.0008927,-0.003707,0.0062171
0.001321,-0.003574,0.0065228,0.0013221,-0.0035769,0.0064766
0.003517,0.001464,0.0067838,0.0035199,0.0014652,0.0067371
-0.001027,-0.003669,0.0065218,-0.0010279,-0.003672,0.0064756
-0.000904,-0.003701,0.0167448,-0.000904,-0.003701,0.0166848
-0.00117,0.003626,0.0172678,-0.00117,0.003626,0.0172078
0.003625,0.001173,0.0167458,0.003625,0.001173,0.0166858
-0.002982,-0.002372,0.0065228,-0.0029845,-0.0023739,0.0064766
-0.001585,-0.003465,0.0054828,-0.0015862,-0.0034676,0.0054389
-0.001169,-0.003626,0.0062618,-0.0011699,-0.0036289,0.0062161
0.00325,-0.001988,0.0067838,0.0032527,-0.0019897,0.0067371
0.003522,0.001454,0.0167458,0.003522,0.001454,0.0166858
-0.003766,0.000576,0.0067848,-0.0037691,0.0005765,0.006738
0.003084,-0.002237,0.0067838,0.0030866,-0.0022388,0.0067371
0.002892,0.002481,0.0067848,0.0028944,0.0024831,0.0067381
0.001598,0.003459,0.0170068,0.001598,0.003459,0.0169468
0.003762,-0.000602,0.0167458,0.003762,-0.000602,0.0166858
0.000878,-0.003707,0.0167448,0.000878,-0.003707,0.0166848
-0.002707,-0.002681,0.0167448,-0.002707,-0.002681,0.0166848
0.003807,0.000144,0.0175258,0.003807,0.000144,0.0174658
0.00118,-0.003623,0.0062628,0.001181,-0.003626,0.0062171
0.0029,0.002472,0.0167458,0.0029,0.002472,0.0166858
0.001167,-0.003627,0.0167448,0.001167,-0.003627,0.0166848
0.002242,0.003081,0.0167468,0.002242,0.003081,0.0166868
-0.002004,0.00324,0.0067848,-0.0020056,0.0032427,0.006738
0.001586,-0.003464,0.0170048,0.001586,-0.003464,0.0169448
-0.00381,-2.1e-05,0.0067838,-0.0038132,-2.1e-05,0.006737
-0.001332,0.00357,0.0065248,-0.0013331,0.003573,0.0064786
-0.003568,-0.001337,0.0065238,-0.0035709,-0.0013381,0.0064776
0.002352,-0.002997,0.0170048,0.002352,-0.002997,0.0169448
0.001037,0.003666,0.0170068,0.001037,0.003666,0.0169468
0.001037,-0.003666,0.0065228,0.0010379,-0.003669,0.0064766
0.003625,-0.001174,0.0057438,0.0036278,-0.0011749,0.0056993
-0.000884,0.003706,0.0167478,-0.000884,0.003706,0.0166878
0.001992,-0.003248,0.0067828,0.0019937,-0.0032507,0.0067361
-0.003512,-0.001476,0.0067828,-0.0035149,-0.0014772,0.0067361
-0.001047,0.003663,0.0065248,-0.0010479,0.003666,0.0064786
0.000137,-0.003808,0.0170048,0.000137,-0.003808,0.0169448
-0.002106,0.003175,0.0175278,-0.002106,0.003175,0.0174678
0.001167,0.003627,0.0067848,0.001168,0.00363,0.0067381
0.003622,-0.001183,0.0167458,0.003622,-0.001183,0.0166858
-0.00363,0.001159,0.0067848,-0.003633,0.00116,0.0067381
-0.001309,-0.003578,0.0054828,-0.00131,-0.0035807,0.0054389
0.000302,-0.003798,0.0067818,0.0003023,-0.0038012,0.006735
-0.003452,0.001612,0.0164868,-0.003452,0.001612,0.0164268
0.003326,0.001858,0.0170058,0.003326,0.001858,0.0169458
-1.2e-05,0.00381,0.0067848,-1.2e-05,0.0038132,0.006738
-0.003094,-0.002224,0.0167448,-0.003094,-0.002224,0.0166848
-0.001471,0.003514,0.0067848,-0.0014722,0.0035169,0.0067381
-0.003568,0.001337,0.0164868,-0.003568,0.001337,0.0164268
0.003078,-0.002245,0.0167458,0.003078,-0.002245,0.0166858
0.000892,0.003704,0.0167468,0.000892,0.003704,0.0166868
-0.000903,0.003702,0.0067848,-0.0009038,0.0037051,0.0067381
0.001732,0.003393,0.0167468,0.001732,0.003393,0.0166868
-0.002487,0.002886,0.0067848,-0.0024891,0.0028884,0.006738
-0.000591,-0.003764,0.0067818,-0.0005915,-0.0037671,0.0067351
0.003799,-0.000294,0.0067838,0.0038022,-0.0002942,0.006737
0.002696,-0.002692,0.0067838,0.0026982,-0.0026942,0.0067371
-0.003528,-0.001439,0.0167458,-0.003528,-0.001439,0.0166858
0.003245,0.001997,0.0067838,0.0032477,0.0019987,0.0067371
-0.00061,-0.003761,0.0167448,-0.00061,-0.003761,0.0166848
0.002477,0.002895,0.0167458,0.002477,0.002895,0.0166858
0.00146,-0.003519,0.0067828,0.0014612,-0.0035219,0.0067361
-0.001333,-0.003569,0.0164848,-0.001333,-0.003569,0.0164248
-0.002254,-0.003072,0.0167448,-0.002254,-0.003072,0.0166848
0.003703,0.000895,0.0067838,0.0037061,0.0008957,0.0067371
-0.000883,-0.003706,0.0067818,-0.0008837,-0.0037091,0.0067351
0.003706,0.000885,0.0167458,0.003706,0.000885,0.0166858
0.003396,-0.001727,0.0067838,0.0033988,-0.0017285,0.0067371
-0.003781,0.000469,0.0164858,-0.003781,0.000469,0.0164258
0.002899,-0.002472,0.0067838,0.0029014,-0.0024741,0.0067371
-0.003806,0.000171,0.0164858,-0.003806,0.000171,0.0164258
0.002688,0.0027,0.0067848,0.0026902,0.0027023,0.0067381
0.001731,-0.003394,0.0067828,0.0017324,-0.0033968,0.0067361
0.000584,-0.003765,0.0167448,0.000584,-0.003765,0.0166848
0.003799,0.000294,0.0172658,0.003799,0.000294,0.0172058
0.001322,0.003573,0.0170068,0.001322,0.003573,0.0169468
0.001983,-0.003253,0.0172648,0.001983,-0.003253,0.0172048
-0.001448,0.003524,0.0177878,-0.001448,0.003524,0.0177278
-0.002252,0.003073,0.0067848,-0.0022539,0.0030756,0.0067381
-0.002005,-0.00324,0.0167448,-0.002005,-0.00324,0.0166848
-0.003806,-0.00017,0.0070438,-0.0038092,-0.0001701,0.0069965
-0.003741,0.000723,0.0070448,-0.0037441,0.0007236,0.0069976
-0.003661,0.001054,0.0164868,-0.003661,0.001054,0.0164268
-0.002787,-0.002598,0.0065218,-0.0027893,-0.0026001,0.0064756
-0.001852,0.00333,0.0175278,-0.001852,0.00333,0.0174678
0.000287,0.003799,0.0067848,0.0002872,0.0038021,0.006738
-0.002787,0.002597,0.0170078,-0.002787,0.002597,0.0169478
0.000746,-0.003736,0.0065228,0.0007466,-0.0037391,0.0064766
-0.00131,-0.003578,0.0060018,-0.001311,-0.0035808,0.0059567
0.002987,0.002365,0.0070448,0.0029895,0.002367,0.0069976
0.001179,-0.003623,0.0067828,0.00118,-0.003626,0.0067361
-0.003073,0.002253,0.0167478,-0.003073,0.002253,0.0166878
0.001449,-0.003524,0.0167448,0.001449,-0.003524,0.0166848
-0.003072,-0.002253,0.0067828,-0.0030746,-0.0022549,0.0067361
-0.003315,-0.001878,0.0070428,-0.0033177,-0.0018796,0.0069956
-0.003468,0.001578,0.0070448,-0.0034709,0.0015793,0.0069975
0.002118,-0.003167,0.0070428,0.0021198,-0.0031696,0.0069956
0.000732,-0.003739,0.0164848,0.000732,-0.003739,0.0164248
-0.003452,-0.001612,0.0070428,-0.0034549,-0.0016133,0.0069955
-0.003673,-0.001013,0.0164858,-0.003673,-0.001013,0.0164258
0.003784,0.000443,0.0170058,0.003784,0.000443,0.0169458
-0.003741,-0.000722,0.0164858,-0.003741,-0.000722,0.0164258
-0.001719,-0.0034,0.0057428,-0.0017203,-0.0034027,0.0056983
0.000879,0.003707,0.0067848,0.0008797,0.0037101,0.006738
0.003326,-0.001859,0.0070438,0.0033287,-0.0018605,0.0069966
-0.003258,0.001975,0.0067848,-0.0032607,0.0019767,0.006738
-0.003672,0.001015,0.0070448,-0.003675,0.0010158,0.0069976
0.002119,0.003166,0.0164868,0.002119,0.003166,0.0164268
-0.001171,0.003626,0.0167478,-0.001171,0.003626,0.0166878
0.003397,0.001726,0.0167458,0.003397,0.001726,0.0166858
0.003457,-0.001601,0.0170058,0.003457,-0.001601,0.0169458
-0.003315,0.001877,0.0164868,-0.003315,0.001877,0.0164268
-0.002463,-0.002907,0.0062618,-0.002465,-0.0029094,0.0062161
-0.000146,-0.003807,0.0070418,-0.0001461,-0.0038101,0.0069945
0.001983,0.003254,0.0067848,0.0019847,0.0032567,0.006738
-0.00117,-0.003626,0.0067808,-0.001171,-0.003629,0.006734
-0.000591,0.003764,0.0167478,-0.000591,0.003764,0.0166878
-0.002373,-0.002981,0.0164848,-0.002373,-0.002981,0.0164248
0.003625,-0.001174,0.0062638,0.0036279,-0.001175,0.0062181
0.001309,0.003578,0.0070448,0.0013101,0.003581,0.0069975
-0.002464,0.002906,0.0172678,-0.002464,0.002906,0.0172078
-0.003179,-0.0021,0.0164848,-0.003179,-0.0021,0.0164248
0.003762,0.000602,0.0067838,0.0037651,0.0006025,0.0067371
0.002987,-0.002365,0.0164848,0.002987,-0.002365,0.0164248
-0.003808,-0.000128,0.0164858,-0.003808,-0.000128,0.0164258
-0.00291,-0.00246,0.0167448,-0.00291,-0.00246,0.0166848
0.003576,-0.001315,0.0065238,0.003579,-0.0013161,0.0064776
0.003665,-0.00104,0.0164858,0.003665,-0.00104,0.0164258
-0.0037,-0.000909,0.0067838,-0.0037031,-0.0009098,0.0067371
-0.003581,0.0013,0.0070448,-0.003584,0.0013011,0.0069976
0.003784,-0.000443,0.0065238,0.0037871,-0.0004434,0.0064775
0.002468,-0.002903,0.0167448,0.002468,-0.002903,0.0166848
0.002792,-0.002592,0.0164848,0.002792,-0.002592,0.0164248
0.001864,0.003323,0.0164868,0.001864,0.003323,0.0164268
-0.003781,-0.000468,0.0070438,-0.0037841,-0.0004684,0.0069965
0.003668,0.001029,0.0164858,0.003668,0.001029,0.0164258
4e-06,0.00381,0.0167478,4e-06,0.00381,0.0166878
-0.000461,0.003782,0.0070448,-0.0004613,0.0037852,0.0069976
-0.002599,0.002786,0.0070448,-0.0026012,0.0027883,0.0069975
0.003738,-0.000739,0.0060038,0.003741,-0.0007396,0.0059587
0.002468,0.002903,0.0067848,0.00247,0.0029054,0.006738
0.001586,0.003464,0.0070448,0.0015873,0.0034669,0.0069975
0.003807,-0.000145,0.0070438,0.0038102,-0.0001451,0.0069965
0.003576,0.001314,0.0164858,0.003576,0.001314,0.0164258
-0.000757,0.003734,0.0070448,-0.0007576,0.0037371,0.0069976
0.000746,0.003736,0.0164878,0.000746,0.003736,0.0164278
0.003321,-0.001868,0.0170058,0.003321,-0.001868,0.0169458
-0.002106,-0.003175,0.0060028,-0.0021077,-0.0031775,0.0059577
-0.000312,-0.003797,0.0167448,-0.000312,-0.003797,0.0166848
-0.00161,-0.003453,0.0164848,-0.00161,-0.003453,0.0164248
-0.00131,0.003578,0.0175278,-0.00131,0.003578,0.0174678
0.003164,0.002123,0.0070448,0.0031666,0.0021248,0.0069975
-0.003093,0.002225,0.0067848,-0.0030956,0.0022268,0.0067381
-0.003334,-0.001844,0.0164848,-0.003334,-0.001844,0.0164248
-0.001875,0.003317,0.0070448,-0.0018766,0.0033198,0.0069975
0.002589,0.002796,0.0164858,0.002589,0.002796,0.0164258
0.00236,-0.002991,0.0070428,0.002362,-0.0029935,0.0069956
-0.001049,-0.003663,0.0164848,-0.001049,-0.003663,0.0164248
0.000153,-0.003807,0.0070418,0.0001531,-0.0038102,0.0069945
0.003807,-0.000155,0.0170058,0.003807,-0.000155,0.0169458
0.003392,0.001736,0.0067838,0.0033948,0.0017375,0.0067371
-0.0038,0.000278,0.0067838,-0.0038032,0.0002783,0.0067371
0.003572,0.001325,0.0070438,0.003575,0.0013261,0.0069966
0.003665,0.00104,0.0070438,0.003668,0.0010409,0.0069966
0.003169,-0.002114,0.0070438,0.0031716,-0.0021158,0.0069966
0.0028,0.002584,0.0164858,0.0028,0.002584,0.0164258
-0.001311,0.003577,0.0170078,-0.001311,0.003577,0.0169478
-0.001311,-0.003577,0.0065218,-0.0013121,-0.00358,0.0064756
-0.003733,0.000764,0.0164858,-0.003733,0.000764,0.0164258
-0.00281,0.002573,0.0070448,-0.0028123,0.0025751,0.0069975
0.003807,0.000155,0.0070438,0.0038102,0.0001551,0.0069966
0.003085,0.002236,0.0167458,0.003085,0.002236,0.0166858
-0.001609,0.003454,0.0070448,-0.0016103,0.0034569,0.0069975
0.003736,-0.000749,0.0164858,0.003736,-0.000749,0.0164258
-0.0026,-0.002785,0.0164848,-0.0026,-0.002785,0.0164248
0.00045,0.003783,0.0164878,0.00045,0.003783,0.0164278
0.001023,-0.00367,0.0164848,0.001023,-0.00367,0.0164248
0.003798,-0.000305,0.0167458,0.003798,-0.000305,0.0166858
-0.003786,0.000427,0.0070448,-0.0037892,0.0004274,0.0069976
0.002588,-0.002796,0.0070438,0.0025902,-0.0027983,0.0069966
0.003164,-0.002123,0.0164848,0.003164,-0.002123,0.0164248
0.002109,-0.003173,0.0170048,0.002109,-0.003173,0.0169448
0.002792,0.002592,0.0070448,0.0027943,0.0025942,0.0069975
0.00146,0.003519,0.0167468,0.00146,0.003519,0.0166868
-0.003158,-0.002131,0.0070428,-0.0031606,-0.0021328,0.0069956
0.003668,-0.00103,0.0060038,0.0036709,-0.0010308,0.0059587
-0.003333,0.001845,0.0070448,-0.0033357,0.0018465,0.0069975
0.001863,-0.003323,0.0070428,0.0018646,-0.0033257,0.0069955
-0.002229,0.00309,0.0172678,-0.002229,0.00309,0.0172078
-0.001191,0.003619,0.0067848,-0.001192,0.003622,0.0067381
0.003461,-0.001592,0.0070438,0.0034638,-0.0015933,0.0069965
0.003517,-0.001464,0.0167458,0.003517,-0.001464,0.0166858
0.003251,0.001987,0.0167458,0.003251,0.001987,0.0166858
-0.001028,-0.003669,0.0070408,-0.0010289,-0.0036721,0.0069936
0.003784,-0.000443,0.0070438,0.0037871,-0.0004434,0.0069965
-0.000443,-0.003784,0.0070418,-0.0004434,-0.0037871,0.0069946
-0.000162,0.003807,0.0070448,-0.0001621,0.0038102,0.0069975
-0.003004,-0.002343,0.0164848,-0.003004,-0.002343,0.0164248
0.002232,0.003088,0.0067848,0.0022339,0.0030906,0.006738
0.001024,0.00367,0.0070448,0.0010248,0.0036731,0.0069975
-0.003513,0.001475,0.0162268,-0.003513,0.001475,0.0161668
0.003572,-0.001325,0.0164858,0.003572,-0.001325,0.0164258
0.003245,-0.001997,0.0167448,0.003245,-0.001997,0.0166848
0.000585,0.003765,0.0067848,0.0005855,0.0037681,0.0067381
0.003738,0.000738,0.0164858,0.003738,0.000738,0.0164258
-0.002372,0.002982,0.0070448,-0.002374,0.0029845,0.0069976
-0.000295,0.003799,0.0167478,-0.000295,0.003799,0.0166878
0.001036,0.003666,0.0164868,0.001036,0.003666,0.0164268
0.00118,0.003623,0.0167468,0.00118,0.003623,0.0166868
-0.002131,-0.003158,0.0164848,-0.002131,-0.003158,0.0164248
-0.003797,0.00032,0.0162258,-0.003797,0.00032,0.0161658
-0.00213,0.003159,0.0070448,-0.0021318,0.0031616,0.0069976
-0.001448,-0.003524,0.0057428,-0.0014491,-0.0035267,0.0056983
-0.000757,-0.003734,0.0164848,-0.000757,-0.003734,0.0164248
0.002361,0.00299,0.0164858,0.002361,0.00299,0.0164258
0.000287,-0.003799,0.0167448,0.000287,-0.003799,0.0166848
-0.000738,-0.003738,0.0070408,-0.0007386,-0.0037411,0.0069936
0.003764,0.000591,0.0167458,0.003764,0.000591,0.0166858
0.003521,-0.001455,0.0067838,0.0035239,-0.0014562,0.006737
-0.003582,-0.001299,0.0164858,-0.003582,-0.001299,0.0164258
0.000599,-0.003763,0.0067818,0.0005995,-0.0037662,0.006735
0.003457,0.001601,0.0070438,0.0034599,0.0016023,0.0069966
0.000436,-0.003785,0.0164848,0.000436,-0.003785,0.0164248
0.003764,-0.000592,0.0062638,0.003767,-0.0005925,0.0062181
0.001853,-0.003329,0.0170048,0.001853,-0.003329,0.0169448
-0.003617,-0.001196,0.0067838,-0.00362,-0.001197,0.006737
0.003783,0.000453,0.0070438,0.0037861,0.0004534,0.0069965
-0.003786,-0.000426,0.0164858,-0.003786,-0.000426,0.0164258
0.00381,-5e-06,0.0172658,0.00381,-5e-06,0.0172058
-0.001029,0.003668,0.0164888,-0.001029,0.003668,0.0164288
0.003736,0.000749,0.0070438,0.0037391,0.0007496,0.0069966
-0.003617,0.001196,0.0162258,-0.003617,0.001196,0.0161658
0.002799,-0.002585,0.0070438,0.0028014,-0.0025872,0.0069966
-0.003797,-0.000319,0.0073048,-0.0038001,-0.0003192,0.007257
-0.002575,-0.002808,0.0065218,-0.0025771,-0.0028103,0.0064756
-0.001586,0.003464,0.0175278,-0.001586,0.003464,0.0174678
0.000137,0.003808,0.0070448,0.0001371,0.0038112,0.0069975
0.003078,-0.002246,0.0162248,0.003078,-0.002246,0.0161648
0.002232,-0.003088,0.0167448,0.002232,-0.003088,0.0166848
-0.002576,0.002807,0.0170078,-0.002576,0.002807,0.0169478
-0.000462,-0.003782,0.0164848,-0.000462,-0.003782,0.0164248
0.00258,0.002804,0.0070448,0.0025821,0.0028063,0.0069975
0.002892,0.002481,0.0073048,0.0028944,0.002483,0.0072571
-0.001449,-0.003524,0.0062618,-0.0014502,-0.0035268,0.0062162
0.002994,-0.002357,0.0070438,0.0029965,-0.002359,0.0069965
0.001597,0.003459,0.0164868,0.001597,0.003459,0.0164268
-0.002887,0.002486,0.0167478,-0.002887,0.002486,0.0166878
0.001309,-0.003578,0.0164848,0.001309,-0.003578,0.0164248
-0.002887,-0.002487,0.0067818,-0.0028894,-0.0024891,0.006735
0.003621,-0.001184,0.0162248,0.003621,-0.001184,0.0161648
-0.000295,-0.003799,0.0073018,-0.0002952,-0.0038021,0.007254
0.001992,-0.003248,0.0073028,0.0019936,-0.0032507,0.0072551
-0.001981,0.003255,0.0172678,-0.001981,0.003255,0.0172078
0.00381,-6e-06,0.0167458,0.00381,-6e-06,0.0166858
-0.003568,-0.001337,0.0070438,-0.003571,-0.0013381,0.0069965
-0.001332,0.003569,0.0070448,-0.0013331,0.003572,0.0069976
-0.001851,-0.00333,0.0060018,-0.0018525,-0.0033326,0.0059567
0.003807,0.000144,0.0170058,0.003807,0.000144,0.0169458
-1.3e-05,-0.00381,0.0167448,-1.3e-05,-0.00381,0.0166848
-0.003709,0.00087,0.0073048,-0.003712,0.0008707,0.0072571
-0.001311,-0.003577,0.0070408,-0.0013121,-0.00358,0.0069936
-0.003159,0.002131,0.0164868,-0.003159,0.002131,0.0164268
-0.002229,-0.00309,0.0062618,-0.0022308,-0.0030925,0.0062161
0.003799,-0.000294,0.0073038,0.0038021,-0.0002942,0.007256
0.001721,-0.003399,0.0167448,0.001721,-0.003399,0.0166848
0.003764,-0.000592,0.0067838,0.0037672,-0.0005925,0.0067371
-0.000739,0.003738,0.0164878,-0.000739,0.003738,0.0164278
-0.003469,-0.001576,0.0164848,-0.003469,-0.001576,0.0164248
0.000152,0.003807,0.0164878,0.000152,0.003807,0.0164278
-0.002488,-0.002885,0.0162248,-0.002488,-0.002885,0.0161648
-0.000312,0.003797,0.0073048,-0.0003122,0.0038001,0.007257
-0.003094,-0.002223,0.0162248,-0.003094,-0.002223,0.0161648
0.003706,0.000885,0.0162248,0.003706,0.000885,0.0161648
0.003783,-0.000454,0.0164858,0.003783,-0.000454,0.0164258
-0.00371,-0.000868,0.0162258,-0.00371,-0.000868,0.0161658
0.003396,-0.001727,0.0073038,0.0033988,-0.0017284,0.0072561
-0.003387,0.001746,0.0162268,-0.003387,0.001746,0.0161668
-0.001313,0.003577,0.0164888,-0.001313,0.003577,0.0164288
-0.002254,-0.003072,0.0162248,-0.002254,-0.003072,0.0161648
-0.003403,0.001713,0.0073048,-0.0034058,0.0017144,0.0072571
0.003668,-0.00103,0.0065238,0.003671,-0.0010308,0.0064776
-0.003733,-0.000763,0.0070438,-0.0037361,-0.0007636,0.0069966
0.00258,-0.002803,0.0164848,0.00258,-0.002803,0.0164248
0.001993,0.003247,0.0162268,0.001993,0.003247,0.0161668
-0.002487,0.002886,0.0073048,-0.002489,0.0028884,0.0072571
0.000891,0.003704,0.0162268,0.000891,0.003704,0.0161668
-0.003239,-0.002006,0.0073028,-0.0032416,-0.0020076,0.0072551
0.003703,-0.000896,0.0162248,0.003703,-0.000896,0.0161648
0.001167,0.003627,0.0073048,0.0011679,0.00363,0.007257
0.003517,0.001464,0.0073048,0.0035198,0.0014652,0.007257
0.001448,0.003524,0.0073048,0.0014492,0.0035269,0.007257
0.002994,0.002356,0.0164858,0.002994,0.002356,0.0164258
0.003462,0.001591,0.0164858,0.003462,0.001591,0.0164258
-0.001876,-0.003316,0.0164848,-0.001876,-0.003316,0.0164248
-0.00145,0.003523,0.0172678,-0.00145,0.003523,0.0172078
-0.00376,0.000617,0.0162258,-0.00376,0.000617,0.0161658
-0.002004,0.00324,0.0073048,-0.0020056,0.0032427,0.0072571
0.003078,0.002246,0.0073048,0.0030805,0.0022478,0.007257
0.003321,0.001868,0.0070438,0.0033238,0.0018696,0.0069965
0.00045,-0.003783,0.0070418,0.0004504,-0.0037861,0.0069945
-0.003527,0.00144,0.0073048,-0.0035299,0.0014412,0.0072571
-0.001451,0.003523,0.0167488,-0.001451,0.003523,0.0166888
0.002477,0.002895,0.0162258,0.002477,0.002895,0.0161658
0.003706,-0.000885,0.0062638,0.003709,-0.0008857,0.0062181
0.002241,-0.003081,0.0073038,0.0022428,-0.0030835,0.0072561
-0.001192,-0.003619,0.0162248,-0.001192,-0.003619,0.0161648
-0.003766,0.000576,0.0073048,-0.0037691,0.0005765,0.0072571
0.000584,-0.003765,0.0162248,0.000584,-0.003765,0.0161648
0.001597,-0.003459,0.0070428,0.0015983,-0.0034619,0.0069956
-0.001473,-0.003514,0.0162248,-0.001473,-0.003514,0.0161648
-0.003808,0.000129,0.0070448,-0.0038112,0.0001291,0.0069976
3e-06,-0.00381,0.0073018,3e-06,-0.0038131,0.007254
0.003622,0.001183,0.0073038,0.0036249,0.001184,0.0072561
0.00325,-0.001988,0.0073038,0.0032527,-0.0019896,0.0072561
-0.00145,-0.003523,0.0067808,-0.0014512,-0.0035259,0.0067341
-0.00363,-0.001157,0.0162248,-0.00363,-0.001157,0.0161648
-0.003003,0.002345,0.0070448,-0.0030055,0.002347,0.0069975
-0.00381,-2.1e-05,0.0073048,-0.0038131,-2.1e-05,0.0072571
-0.003386,-0.001746,0.0073028,-0.0033887,-0.0017474,0.0072551
0.001853,0.003329,0.0070448,0.0018545,0.0033318,0.0069975
0.002892,-0.00248,0.0162248,0.002892,-0.00248,0.0161648
0.002696,0.002692,0.0162258,0.002696,0.002692,0.0161658
-0.002706,0.002682,0.0073048,-0.0027082,0.0026842,0.007257
0.002242,0.003081,0.0162258,0.002242,0.003081,0.0161658
-0.001743,0.003388,0.0073048,-0.0017444,0.0033908,0.0072571
0.000892,-0.003704,0.0067828,0.0008927,-0.0037071,0.0067361
-0.003259,-0.001973,0.0162248,-0.003259,-0.001973,0.0161648
0.00381,5e-06,0.0073038,0.0038131,5e-06,0.0072561
-0.002811,-0.002572,0.0164848,-0.002811,-0.002572,0.0164248
0.000598,0.003763,0.0162278,0.000598,0.003763,0.0161678
0.000878,-0.003707,0.0162248,0.000878,-0.003707,0.0161648
-0.000609,0.003761,0.0073048,-0.0006095,0.0037641,0.007257
-0.00381,2.2e-05,0.0162258,-0.00381,2.2e-05,0.0161658
0.00132,-0.003574,0.0070428,0.0013211,-0.003577,0.0069956
-0.001048,0.003663,0.0070448,-0.0010489,0.0036661,0.0069976
0.003625,0.001173,0.0162258,0.003625,0.001173,0.0161658
-0.00376,-0.000616,0.0073038,-0.0037631,-0.0006165,0.007256
-0.0037,0.000909,0.0162258,-0.0037,0.000909,0.0161658
0.002688,0.0027,0.0073048,0.0026902,0.0027022,0.0072571
-0.002982,-0.002372,0.0070418,-0.0029845,-0.002374,0.0069945
0.003517,-0.001464,0.0162248,0.003517,-0.001464,0.0161648
-0.000591,-0.003764,0.0073008,-0.0005915,-0.0037671,0.0072531
0.001731,-0.003394,0.0073028,0.0017324,-0.0033968,0.007255
0.003807,-0.000155,0.0164858,0.003807,-0.000155,0.0164258
0.003392,-0.001736,0.0167458,0.003392,-0.001736,0.0166858
0.003576,-0.001315,0.0070438,0.0035789,-0.0013161,0.0069965
-0.001171,-0.003626,0.0073008,-0.001172,-0.003629,0.0072531
0.003799,0.000294,0.0167458,0.003799,0.000294,0.0166858
0.003625,-0.001174,0.0067838,0.003628,-0.001175,0.006737
0.003245,0.001997,0.0073048,0.0032476,0.0019986,0.007257
0.002109,0.003173,0.0070448,0.0021108,0.0031756,0.0069975
0.003764,0.000591,0.0162258,0.003764,0.000591,0.0161658
0.000137,-0.003808,0.0164848,0.000137,-0.003808,0.0164248
-0.002707,-0.002681,0.0162248,-0.002707,-0.002681,0.0161648
-1.2e-05,0.00381,0.0073048,-1.2e-05,0.0038131,0.007257
-0.00291,-0.00246,0.0162248,-0.00291,-0.00246,0.0161648
0.002119,0.003167,0.0159658,0.002119,0.003167,0.0159058
-0.003766,-0.000575,0.0162258,-0.003766,-0.000575,0.0161658
0.002352,0.002998,0.0070448,0.002354,0.0030005,0.0069975
0.000732,0.003739,0.0070448,0.0007326,0.0037421,0.0069976
-0.001585,-0.003465,0.0060018,-0.0015862,-0.0034677,0.0059568
-0.001172,0.003625,0.0162278,-0.001172,0.003625,0.0161678
0.003457,-0.001601,0.0164848,0.003457,-0.001601,0.0164248
0.003762,0.000602,0.0073038,0.0037651,0.0006025,0.0072561
-0.000444,0.003784,0.0164878,-0.000444,0.003784,0.0164278
-0.002253,0.003073,0.0073048,-0.0022548,0.0030755,0.0072571
-0.00363,0.001159,0.0073048,-0.003633,0.00116,0.0072571
-0.000146,0.003807,0.0164878,-0.000146,0.003807,0.0164278
0.000878,0.003707,0.0073048,0.0008787,0.00371,0.0072571
0.001321,0.003574,0.0164868,0.001321,0.003574,0.0164268
0.003245,-0.001997,0.0162248,0.003245,-0.001997,0.0161648
0.001983,-0.003253,0.0167448,0.001983,-0.003253,0.0166848
0.003392,0.001736,0.0073048,0.0033948,0.0017374,0.007257
0.001732,0.003394,0.0162268,0.001732,0.003394,0.0161668
-0.003072,-0.002253,0.0073028,-0.0030745,-0.0022548,0.0072551
-0.000904,-0.003701,0.0162248,-0.000904,-0.003701,0.0161648
0.001179,0.003623,0.0162268,0.001179,0.003623,0.0161668
-0.0038,0.000278,0.0073048,-0.0038031,0.0002782,0.0072571
0.000286,-0.003799,0.0162248,0.000286,-0.003799,0.0161648
0.002361,0.00299,0.0159658,0.002361,0.00299,0.0159058
0.003521,-0.001455,0.0073038,0.0035239,-0.0014562,0.007256
-0.002349,0.003,0.0170078,-0.002349,0.003,0.0169478
0.003764,-0.000592,0.0073038,0.0037671,-0.0005925,0.0072561
-0.000163,-0.003807,0.0164848,-0.000163,-0.003807,0.0164248
-0.003178,0.002101,0.0070448,-0.0031806,0.0021027,0.0069976
0.003703,0.000895,0.0073038,0.003706,0.0008957,0.0072561
-0.003258,0.001975,0.0073048,-0.0032607,0.0019766,0.0072571
0.002476,-0.002896,0.0073038,0.002478,-0.0028984,0.0072561
0.003798,0.000304,0.0073038,0.0038011,0.0003043,0.007256
-0.003661,-0.001054,0.0070438,-0.0036641,-0.0010549,0.0069965
-0.003568,0.001337,0.0159658,-0.003568,0.001337,0.0159058
-0.002348,-0.003,0.0065218,-0.0023499,-0.0030025,0.0064756
0.002588,0.002796,0.0159658,0.002588,0.002796,0.0159058
0.002352,-0.002998,0.0164848,0.002352,-0.002998,0.0164248
0.003738,-0.000739,0.0070438,0.0037411,-0.0007396,0.0069966
-0.00061,-0.003761,0.0162248,-0.00061,-0.003761,0.0161648
-0.000444,-0.003784,0.0075618,-0.0004443,-0.003787,0.0075136
0.003084,-0.002237,0.0073038,0.0030865,-0.0022388,0.0072561
-0.003158,-0.002131,0.0075628,-0.0031605,-0.0021327,0.0075146
-0.002684,0.002704,0.0167478,-0.002684,0.002704,0.0166878
-0.003179,-0.0021,0.0159648,-0.003179,-0.0021,0.0159048
0.001167,-0.003627,0.0162248,0.001167,-0.003627,0.0161648
-0.002683,-0.002705,0.0067818,-0.0026852,-0.0027073,0.0067351
0.001863,-0.003324,0.0075628,0.0018645,-0.0033266,0.0075146
-0.002107,0.003174,0.0170078,-0.002107,0.003174,0.0169478
-0.001472,0.003514,0.0073048,-0.0014732,0.0035169,0.0072571
-0.000885,0.003706,0.0162278,-0.000885,0.003706,0.0161678
-0.00145,-0.003523,0.0073008,-0.0014512,-0.0035259,0.0072531
-0.000884,-0.003706,0.0073008,-0.0008847,-0.003709,0.0072531
0.003762,-0.000602,0.0162248,0.003762,-0.000602,0.0161648
-0.001744,-0.003387,0.0162248,-0.001744,-0.003387,0.0161648
-0.001333,-0.003569,0.0159648,-0.001333,-0.003569,0.0159048
0.003807,-0.000145,0.0075638,0.00381,-0.0001451,0.0075156
-0.002983,0.002371,0.0164878,-0.002983,0.002371,0.0164278
0.003326,0.001858,0.0164858,0.003326,0.001858,0.0164258
-0.000461,0.003782,0.0075648,-0.0004614,0.003785,0.0075165
-0.003528,-0.001439,0.0162248,-0.003528,-0.001439,0.0161648
0.003461,-0.001592,0.0075638,0.0034637,-0.0015932,0.0075155
-0.00324,0.002005,0.0162268,-0.00324,0.002005,0.0161668
-0.00198,-0.003255,0.0062618,-0.0019816,-0.0032576,0.0062161
0.003784,0.000443,0.0164858,0.003784,0.000443,0.0164258
0.001586,-0.003464,0.0164848,0.001586,-0.003464,0.0164248
0.003326,-0.001859,0.0075638,0.0033286,-0.0018605,0.0075156
-0.0038,-0.000277,0.0162258,-0.0038,-0.000277,0.0161658
-0.000162,0.003807,0.0075648,-0.0001621,0.00381,0.0075166
-0.003004,-0.002343,0.0159648,-0.003004,-0.002343,0.0159048
0.001863,0.003323,0.0159668,0.001863,0.003323,0.0159068
-0.003741,-0.000722,0.0159648,-0.003741,-0.000722,0.0159048
-0.002005,-0.00324,0.0162248,-0.002005,-0.00324,0.0161648
-0.003672,0.001015,0.0075648,-0.0036749,0.0010158,0.0075165
-0.001586,-0.003464,0.0065218,-0.0015873,-0.0034669,0.0064756
-0.003452,0.001611,0.0159668,-0.003452,0.001611,0.0159068
-0.002373,-0.002981,0.0159648,-0.002373,-0.002981,0.0159048
-0.001721,0.003399,0.0172678,-0.001721,0.003399,0.0172078
-0.002372,0.002982,0.0075648,-0.0023739,0.0029844,0.0075166
0.003321,-0.001868,0.0164848,0.003321,-0.001868,0.0164248
-0.001587,-0.003464,0.0070408,-0.0015883,-0.0034669,0.0069936
0.003665,-0.00104,0.0159648,0.003665,-0.00104,0.0159048
-0.003781,-0.000468,0.0075648,-0.003784,-0.0004684,0.0075165
0.001023,0.00367,0.0075648,0.0010238,0.0036729,0.0075165
0.000436,0.003785,0.0070448,0.0004364,0.0037882,0.0069976
0.003738,0.000738,0.0159648,0.003738,0.000738,0.0159048
0.003164,-0.002123,0.0159648,0.003164,-0.002123,0.0159048
0.001309,0.003578,0.0075648,0.0013101,0.0035808,0.0075165
0.003522,0.001454,0.0162258,0.003522,0.001454,0.0161658
0.002987,0.002365,0.0075648,0.0029894,0.0023669,0.0075166
0.003668,0.001029,0.0159648,0.003668,0.001029,0.0159048
0.001721,0.003399,0.0073048,0.0017224,0.0034018,0.0072571
0.000745,-0.003736,0.0070418,0.0007456,-0.0037391,0.0069946
0.000301,0.003798,0.0162278,0.000301,0.003798,0.0161678
-0.001588,0.003463,0.0164878,-0.001588,0.003463,0.0164278
-0.002599,0.002786,0.0075648,-0.0026011,0.0027882,0.0075165
-0.001049,-0.003663,0.0159648,-0.001049,-0.003663,0.0159048
0.002688,-0.0027,0.0162248,0.002688,-0.0027,0.0161648
0.001459,-0.003519,0.0073028,0.0014602,-0.0035219,0.007255
-0.003741,0.000723,0.0075648,-0.0037439,0.0007236,0.0075166
-0.003468,0.001578,0.0075648,-0.0034707,0.0015792,0.0075166
-0.000903,0.003701,0.0073048,-0.0009037,0.003704,0.0072571
0.002118,-0.003167,0.0075638,0.0021197,-0.0031695,0.0075156
-0.003315,-0.001878,0.0075628,-0.0033176,-0.0018795,0.0075146
0.000301,-0.003798,0.0073018,0.0003013,-0.0038011,0.007254
0.003572,0.001325,0.0075648,0.0035748,0.0013261,0.0075165
0.003807,0.000144,0.0164858,0.003807,0.000144,0.0164258
-0.001452,0.003522,0.0162288,-0.001452,0.003522,0.0161688
0.002792,0.002592,0.0075648,0.0027942,0.0025941,0.0075166
-0.003673,-0.001014,0.0159648,-0.003673,-0.001014,0.0159048
-0.003404,-0.001711,0.0162248,-0.003404,-0.001711,0.0161648
-0.003806,-0.00017,0.0075648,-0.003809,-0.0001701,0.0075166
0.002987,-0.002365,0.0159648,0.002987,-0.002365,0.0159048
0.002899,0.002472,0.0162258,0.002899,0.002472,0.0161658
0.00317,0.002113,0.0164858,0.00317,0.002113,0.0164258
-0.0026,-0.002785,0.0159648,-0.0026,-0.002785,0.0159048
-0.00213,0.003159,0.0075648,-0.0021317,0.0031615,0.0075166
-0.002909,0.002461,0.0073048,-0.0029114,0.002463,0.007257
0.003738,-0.000739,0.0065238,0.0037411,-0.0007396,0.0064776
0.003706,-0.000885,0.0067838,0.0037091,-0.0008857,0.0067371
-0.001875,0.003317,0.0075648,-0.0018765,0.0033196,0.0075166
0.001036,-0.003666,0.0070428,0.0010368,-0.003669,0.0069956
0.003784,-0.000443,0.0075638,0.003787,-0.0004433,0.0075156
-0.003513,-0.001476,0.0073038,-0.0035159,-0.0014772,0.007256
0.001036,0.003667,0.0159668,0.001036,0.003667,0.0159068
0.000745,0.003737,0.0159678,0.000745,0.003737,0.0159078
0.000732,-0.003739,0.0159638,0.000732,-0.003739,0.0159038
-0.003333,0.001845,0.0075648,-0.0033356,0.0018464,0.0075166
0.002695,-0.002693,0.0073038,0.0026972,-0.0026952,0.0072561
-0.003806,0.000171,0.0159658,-0.003806,0.000171,0.0159058
0.000436,-0.003785,0.0159648,0.000436,-0.003785,0.0159048
-0.003781,0.000469,0.0159658,-0.003781,0.000469,0.0159058
-0.000146,-0.003807,0.0075618,-0.0001461,-0.00381,0.0075135
0.003572,-0.001325,0.0159648,0.003572,-0.001325,0.0159048
0.003457,0.001601,0.0075648,0.0034597,0.0016023,0.0075165
0.002899,-0.002473,0.0073038,0.0029014,-0.002475,0.007256
0.003784,0.000442,0.0159648,0.003784,0.000442,0.0159048
-0.00172,-0.0034,0.0062618,-0.0017214,-0.0034027,0.0062162
-0.002982,-0.002372,0.0075628,-0.0029844,-0.0023739,0.0075146
-0.003334,-0.001844,0.0159648,-0.003334,-0.001844,0.0159048
-0.002787,-0.002598,0.0070418,-0.0027893,-0.0026001,0.0069946
0.003798,-0.000305,0.0162248,0.003798,-0.000305,0.0161648
-0.003662,0.001053,0.0159658,-0.003662,0.001053,0.0159058
-0.001312,-0.003577,0.0075608,-0.001313,-0.0035798,0.0075126
0.003164,0.002123,0.0075648,0.0031665,0.0021247,0.0075165
0.003807,0.000155,0.0075638,0.00381,0.0001551,0.0075155
-0.00161,-0.003453,0.0159648,-0.00161,-0.003453,0.0159048
-0.000757,0.003734,0.0075648,-0.0007576,0.0037369,0.0075165
0.003576,-0.001315,0.0075638,0.0035788,-0.0013161,0.0075155
0.001982,0.003254,0.0073048,0.0019836,0.0032566,0.007257
0.002241,0.003081,0.0157058,0.002241,0.003081,0.0156458
0.003321,0.001868,0.0075648,0.0033236,0.0018695,0.0075165
-0.003786,-0.000426,0.0159648,-0.003786,-0.000426,0.0159048
-0.003093,0.002225,0.0073048,-0.0030955,0.0022268,0.0072571
-0.003581,0.0013,0.0075648,-0.0035838,0.001301,0.0075166
0.000732,0.003739,0.0075648,0.0007326,0.0037419,0.0075166
-0.001587,0.003464,0.0170078,-0.001587,0.003464,0.0169478
-0.000593,0.003764,0.0162278,-0.000593,0.003764,0.0161678
0.00146,0.003519,0.0162268,0.00146,0.003519,0.0161668
-0.003733,-0.000763,0.0075648,-0.0037359,-0.0007636,0.0075165
-0.0037,-0.000909,0.0073038,-0.003703,-0.0009097,0.0072561
2e-06,0.00381,0.0162278,2e-06,0.00381,0.0161678
0.003321,-0.001868,0.0159648,0.003321,-0.001868,0.0159048
0.000584,0.003765,0.0073048,0.0005845,0.0037681,0.0072571
-1.3e-05,-0.00381,0.0162248,-1.3e-05,-0.00381,0.0161648
-0.002465,0.002905,0.0167478,-0.002465,0.002905,0.0166878
0.002468,0.002903,0.0073048,0.00247,0.0029054,0.0072571
0.000287,0.003799,0.0073048,0.0002873,0.0038021,0.0072571
-0.002887,-0.002486,0.0073018,-0.0028894,-0.002488,0.0072541
-0.000313,-0.003797,0.0162248,-0.000313,-0.003797,0.0161648
0.003736,-0.000749,0.0159648,0.003736,-0.000749,0.0159048
-0.002131,-0.003158,0.0159648,-0.002131,-0.003158,0.0159048
0.003665,0.00104,0.0075648,0.0036679,0.0010408,0.0075166
0.003736,0.000749,0.0075648,0.003739,0.0007496,0.0075165
-0.002252,0.003073,0.0078258,-0.0022537,0.0030753,0.007777
0.003625,-0.001174,0.0073038,0.0036279,-0.001175,0.007256
-0.000296,0.003798,0.0162278,-0.000296,0.003798,0.0161678
0.00132,0.003574,0.0159668,0.00132,0.003574,0.0159068
0.001023,-0.00367,0.0159638,0.001023,-0.00367,0.0159038
0.00236,-0.002991,0.0075638,0.0023619,-0.0029934,0.0075156
0.001596,-0.00346,0.0075628,0.0015973,-0.0034627,0.0075145
0.003783,0.000453,0.0075638,0.003786,0.0004534,0.0075155
-0.000738,-0.003738,0.0075608,-0.0007386,-0.003741,0.0075126
-0.001722,0.003399,0.0167478,-0.001722,0.003399,0.0166878
-0.003808,-0.000128,0.0159648,-0.003808,-0.000128,0.0159048
-0.001191,0.003619,0.0073048,-0.001192,0.003622,0.0072571
-0.002811,-0.002572,0.0159648,-0.002811,-0.002572,0.0159048
-0.002106,-0.003175,0.0065218,-0.0021077,-0.0031776,0.0064756
-0.001587,-0.003464,0.0075608,-0.0015883,-0.0034667,0.0075125
0.001167,0.003627,0.0078258,0.0011679,0.0036298,0.007777
0.0028,0.002584,0.0159658,0.0028,0.002584,0.0159058
0.002109,-0.003173,0.0164848,0.002109,-0.003173,0.0164248
0.003706,-0.000885,0.0073038,0.003709,-0.0008857,0.0072561
-0.000758,-0.003734,0.0159648,-0.000758,-0.003734,0.0159048
0.003621,-0.001184,0.0157038,0.003621,-0.001184,0.0156438
0.003169,-0.002115,0.0075638,0.0031715,-0.0021167,0.0075155
-0.003259,-0.001974,0.0157038,-0.003259,-0.001974,0.0156438
-0.002788,0.002597,0.0164878,-0.002788,0.002597,0.0164278
0.001448,-0.003524,0.0162248,0.001448,-0.003524,0.0161648
-0.002464,-0.002906,0.0067818,-0.0024661,-0.0029084,0.0067351
-0.003452,-0.001612,0.0075638,-0.0034547,-0.0016133,0.0075156
-0.00223,0.003089,0.0167478,-0.00223,0.003089,0.0166878
-0.003618,0.001196,0.0157058,-0.003618,0.001196,0.0156458
-0.001609,0.003454,0.0075648,-0.0016103,0.0034567,0.0075166
-0.001028,-0.003669,0.0075608,-0.0010288,-0.0036719,0.0075126
0.000878,0.003707,0.0078258,0.0008787,0.0037098,0.007777
0.003668,-0.00103,0.0070438,0.003671,-0.0010309,0.0069965
-0.000592,-0.003764,0.0078218,-0.0005924,-0.0037669,0.007773
0.002587,-0.002797,0.0075638,0.002589,-0.0027992,0.0075156
-0.003073,0.002252,0.0162268,-0.003073,0.002252,0.0161668
0.003397,0.001726,0.0162258,0.003397,0.001726,0.0161658
-0.003316,0.001876,0.0159668,-0.003316,0.001876,0.0159068
-0.002004,0.00324,0.0078258,-0.0020055,0.0032425,0.0077771
-0.000609,0.003761,0.0078258,-0.0006095,0.0037639,0.007777
0.002476,0.002895,0.0157058,0.002476,0.002895,0.0156458
0.003396,-0.001727,0.0078248,0.0033986,-0.0017283,0.007776
-0.003527,0.00144,0.0078258,-0.0035297,0.0014411,0.0077771
-0.000312,0.003797,0.0078258,-0.0003123,0.0037999,0.007777
-0.003094,-0.002224,0.0157038,-0.003094,-0.002224,0.0156438
0.001992,0.003248,0.0157058,0.001992,0.003248,0.0156458
-0.001721,-0.003399,0.0067808,-0.0017225,-0.0034019,0.0067341
0.002232,0.003088,0.0073048,0.0022338,0.0030905,0.0072571
-0.001853,0.003329,0.0170078,-0.001853,0.003329,0.0169478
-0.002488,-0.002885,0.0157038,-0.002488,-0.002885,0.0156438
0.000137,-0.003808,0.0159638,0.000137,-0.003808,0.0159038
0.00258,0.002804,0.0075648,0.002582,0.0028062,0.0075166
0.003392,-0.001736,0.0162248,0.003392,-0.001736,0.0161648
0.003703,-0.000896,0.0157048,0.003703,-0.000896,0.0156448
0.001597,0.003459,0.0159668,0.001597,0.003459,0.0159068
-0.003733,0.000763,0.0159658,-0.003733,0.000763,0.0159058
0.003517,0.001464,0.0078248,0.0035197,0.0014651,0.007776
0.003078,-0.002246,0.0157038,0.003078,-0.002246,0.0156438
0.003622,0.001183,0.0078248,0.0036248,0.0011839,0.0077761
0.00381,-6e-06,0.0162248,0.00381,-6e-06,0.0161648
0.003078,0.002246,0.0078248,0.0030803,0.0022477,0.007776
0.003245,-0.001997,0.0157038,0.003245,-0.001997,0.0156438
0.001853,-0.003329,0.0164848,0.001853,-0.003329,0.0164248
0.001586,0.003464,0.0075648,0.0015873,0.0034667,0.0075166
0.003576,0.001314,0.0159648,0.003576,0.001314,0.0159048
-0.003582,-0.001299,0.0159648,-0.003582,-0.001299,0.0159048
0.001179,0.003623,0.0157068,0.001179,0.003623,0.0156468
-0.00281,0.002573,0.0075648,-0.0028122,0.0025751,0.0075166
0.000137,0.003808,0.0075648,0.0001371,0.003811,0.0075165
0.003799,-0.000294,0.0078248,0.0038019,-0.0002942,0.0077761
0.003706,0.000884,0.0157048,0.003706,0.000884,0.0156448
0.000449,0.003783,0.0159678,0.000449,0.003783,0.0159078
0.002892,0.002481,0.0078248,0.0028942,0.0024829,0.007776
-0.001192,-0.003619,0.0157038,-0.001192,-0.003619,0.0156438
0.002468,-0.002903,0.0162248,0.002468,-0.002903,0.0161648
-0.003808,0.000129,0.0075648,-0.003811,0.0001291,0.0075166
-0.003073,-0.002253,0.0078228,-0.0030754,-0.0022547,0.0077741
0.003521,-0.001455,0.0078248,0.0035237,-0.0014561,0.007776
-0.003239,-0.002006,0.0078238,-0.0032415,-0.0020075,0.0077751
0.002792,-0.002592,0.0159648,0.002792,-0.002592,0.0159048
0.000598,-0.003763,0.0073018,0.0005985,-0.0037661,0.007254
-0.003766,-0.000575,0.0157048,-0.003766,-0.000575,0.0156448
-0.002254,-0.003072,0.0157038,-0.002254,-0.003072,0.0156438
-0.00103,0.003668,0.0159678,-0.00103,0.003668,0.0159078
-0.00376,-0.000616,0.0078248,-0.0037629,-0.0006165,0.007776
-0.001314,0.003576,0.0159678,-0.001314,0.003576,0.0159078
-0.00371,-0.000869,0.0157048,-0.00371,-0.000869,0.0156448
-0.003797,-0.000319,0.0078248,-0.0037999,-0.0003192,0.007776
0.000152,-0.003807,0.0075618,0.0001521,-0.00381,0.0075135
-0.002487,0.002886,0.0078258,-0.0024889,0.0028882,0.007777
0.001179,-0.003623,0.0073028,0.0011799,-0.003626,0.0072551
0.003085,0.002236,0.0162258,0.003085,0.002236,0.0161658
-0.003403,0.001713,0.0078258,-0.0034056,0.0017143,0.0077771
-0.00363,0.001159,0.0078258,-0.0036328,0.0011599,0.007777
-0.001721,-0.003399,0.0073008,-0.0017224,-0.0034018,0.0072531
0.000891,0.003704,0.0157068,0.000891,0.003704,0.0156468
0.00381,5e-06,0.0078248,0.0038129,5e-06,0.007776
0.000878,-0.003707,0.0157038,0.000878,-0.003707,0.0156438
0.00173,-0.003394,0.0078238,0.0017313,-0.0033966,0.007775
-0.003786,0.000427,0.0075648,-0.003789,0.0004273,0.0075166
-0.001473,-0.003514,0.0157038,-0.001473,-0.003514,0.0156438
-0.003797,0.00032,0.0157048,-0.003797,0.00032,0.0156448
-0.003178,0.002101,0.0075648,-0.0031805,0.0021027,0.0075165
0.003764,0.000591,0.0157048,0.003764,0.000591,0.0156448
-0.000296,-0.003799,0.0078218,-0.0002962,-0.0038019,0.007773
-0.001854,0.003328,0.0164888,-0.001854,0.003328,0.0164288
0.001992,-0.003248,0.0078238,0.0019935,-0.0032505,0.0077751
0.003799,0.000293,0.0162248,0.003799,0.000293,0.0161648
0.000584,-0.003765,0.0157038,0.000584,-0.003765,0.0156438
-0.003617,-0.001196,0.0073038,-0.00362,-0.001197,0.007256
-0.003709,0.00087,0.0078258,-0.0037118,0.0008707,0.007777
-0.00381,2.1e-05,0.0157048,-0.00381,2.1e-05,0.0156448
0.003457,-0.001601,0.0159648,0.003457,-0.001601,0.0159048
-0.003513,0.001475,0.0157058,-0.003513,0.001475,0.0156458
0.003738,-0.000739,0.0075638,0.003741,-0.0007396,0.0075156
-0.001723,0.003398,0.0162278,-0.001723,0.003398,0.0161678
-0.001451,-0.003523,0.0078208,-0.0014521,-0.0035257,0.007772
0.001448,0.003524,0.0078258,0.0014491,0.0035267,0.0077771
-0.001876,-0.003316,0.0159648,-0.001876,-0.003316,0.0159048
0.003517,-0.001464,0.0157038,0.003517,-0.001464,0.0156438
-0.001852,-0.00333,0.0065218,-0.0018536,-0.0033328,0.0064756
-0.003404,-0.001711,0.0157048,-0.003404,-0.001711,0.0156448
-0.002576,-0.002807,0.0070418,-0.0025781,-0.0028093,0.0069946
-0.002707,-0.002681,0.0157038,-0.002707,-0.002681,0.0156438
0.003783,-0.000454,0.0159648,0.003783,-0.000454,0.0159048
-0.000884,-0.003706,0.0078208,-0.0008847,-0.0037088,0.007772
0.001853,0.003329,0.0075648,0.0018545,0.0033316,0.0075166
-0.001048,0.003663,0.0075648,-0.0010488,0.0036659,0.0075166
-0.000903,0.003701,0.0078258,-0.0009037,0.0037038,0.007777
-0.003581,0.001301,0.0080858,-0.0035837,0.001302,0.0080365
-0.003469,-0.001576,0.0159648,-0.003469,-0.001576,0.0159048
-0.003003,0.002345,0.0075648,-0.0030054,0.0023469,0.0075166
0.000891,-0.003704,0.0073018,0.0008917,-0.0037071,0.0072541
-0.00074,0.003737,0.0159678,-0.00074,0.003737,0.0159078
-0.001982,0.003254,0.0167478,-0.001982,0.003254,0.0166878
0.000151,0.003807,0.0159678,0.000151,0.003807,0.0159078
0.003392,0.001736,0.0078248,0.0033946,0.0017373,0.007776
-0.000904,-0.003701,0.0157038,-0.000904,-0.003701,0.0156438
-0.0037,0.000909,0.0157058,-0.0037,0.000909,0.0156458
0.001459,0.003519,0.0157068,0.001459,0.003519,0.0156468
0.003245,0.001997,0.0078248,0.0032475,0.0019985,0.007776
-0.0037,-0.000909,0.0078248,-0.0037028,-0.0009097,0.007776
0.001167,-0.003627,0.0157038,0.001167,-0.003627,0.0156438
0.003625,0.001173,0.0157048,0.003625,0.001173,0.0156448
0.00325,-0.001988,0.0078238,0.0032525,-0.0019895,0.007775
0.003668,-0.00103,0.0075638,0.0036709,-0.0010308,0.0075156
-0.002577,0.002806,0.0164878,-0.002577,0.002806,0.0164278
-0.002887,-0.002486,0.0078228,-0.0028892,-0.0024879,0.0077741
0.00132,-0.003574,0.0075628,0.001321,-0.0035768,0.0075145
0.003703,0.000895,0.0078248,0.0037058,0.0008957,0.007776
0.003251,0.001987,0.0162258,0.003251,0.001987,0.0161658
0.001309,-0.003578,0.0159638,0.001309,-0.003578,0.0159038
0.000436,0.003785,0.0075648,0.0004363,0.003788,0.0075165
0.003391,-0.001736,0.0157038,0.003391,-0.001736,0.0156438
0.001459,-0.00352,0.0078228,0.0014601,-0.0035227,0.007774
0.003764,-0.000592,0.0078248,0.0037669,-0.0005924,0.0077761
-0.0038,-0.000278,0.0157048,-0.0038,-0.000278,0.0156448
0.002799,-0.002585,0.0075638,0.0028012,-0.002587,0.0075155
0.002892,-0.002481,0.0157038,0.002892,-0.002481,0.0156438
0.00224,-0.003082,0.0078238,0.0022417,-0.0030843,0.007775
0.002993,-0.002357,0.0075638,0.0029953,-0.0023588,0.0075155
0.000286,-0.003799,0.0157038,0.000286,-0.003799,0.0156438
-0.002005,-0.00324,0.0157038,-0.002005,-0.00324,0.0156438
0.001596,-0.00346,0.0080838,0.0015972,-0.0034626,0.0080345
0.002994,0.002356,0.0159658,0.002994,0.002356,0.0159058
0.002696,0.002692,0.0157048,0.002696,0.002692,0.0156448
0.002109,0.003173,0.0075648,0.0021106,0.0031755,0.0075166
-0.001983,0.003253,0.0162278,-0.001983,0.003253,0.0161678
-0.000462,-0.003782,0.0159648,-0.000462,-0.003782,0.0159048
0.003625,-0.001174,0.0078248,0.0036278,-0.0011749,0.007776
-0.002684,-0.002704,0.0073018,-0.0026862,-0.0027062,0.0072541
-0.002888,0.002485,0.0162278,-0.002888,0.002485,0.0161678
-0.002229,-0.00309,0.0067818,-0.0022309,-0.0030926,0.0067351
-0.003386,-0.001746,0.0078238,-0.0033886,-0.0017473,0.0077751
0.003762,-0.000602,0.0157048,0.003762,-0.000602,0.0156448
-0.00291,-0.00246,0.0157038,-0.00291,-0.00246,0.0156438
-0.001332,0.003569,0.0075648,-0.001333,0.0035718,0.0075166
-0.000739,-0.003738,0.0080818,-0.0007396,-0.0037408,0.0080325
0.000584,0.003765,0.0078258,0.0005844,0.0037679,0.007777
-0.000163,-0.003807,0.0159648,-0.000163,-0.003807,0.0159048
-0.001853,-0.003329,0.0075608,-0.0018545,-0.0033316,0.0075126
-0.001744,-0.003387,0.0157038,-0.001744,-0.003387,0.0156438
0.002475,-0.002896,0.0078238,0.0024769,-0.0028982,0.007775
0.001024,0.00367,0.0080868,0.0010248,0.0036727,0.0080375
-0.003672,0.001015,0.0080858,-0.0036747,0.0010158,0.0080365
0.003462,0.001591,0.0159648,0.003462,0.001591,0.0159048
-0.000445,0.003784,0.0159678,-0.000445,0.003784,0.0159078
-0.003159,0.00213,0.0159668,-0.003159,0.00213,0.0159068
-0.003334,-0.001844,0.0154438,-0.003334,-0.001844,0.0153838
-0.00213,0.003159,0.0080858,-0.0021316,0.0031613,0.0080365
-0.003568,-0.001337,0.0075638,-0.0035709,-0.0013381,0.0075155
0.002361,0.002991,0.0154448,0.002361,0.002991,0.0153848
-0.0026,-0.002785,0.0154438,-0.0026,-0.002785,0.0153838
-1.3e-05,0.00381,0.0078258,-1.3e-05,0.0038129,0.0077771
0.00132,0.003574,0.0154458,0.00132,0.003574,0.0153858
-0.000757,0.003734,0.0080868,-0.0007576,0.0037368,0.0080375
-0.003179,-0.0021,0.0154438,-0.003179,-0.0021,0.0153838
0.002118,0.003167,0.0154448,0.002118,0.003167,0.0153848
-0.001853,-0.003329,0.0070408,-0.0018546,-0.0033318,0.0069936
0.003668,0.001029,0.0154438,0.003668,0.001029,0.0153838
0.003572,-0.001325,0.0154438,0.003572,-0.001325,0.0153838
-0.002108,0.003173,0.0164878,-0.002108,0.003173,0.0164278
-0.001173,0.003625,0.0157078,-0.001173,0.003625,0.0156478
-0.002373,-0.002981,0.0154438,-0.002373,-0.002981,0.0153838
-0.001743,0.003388,0.0078258,-0.0017443,0.0033906,0.007777
0.001309,0.003578,0.0080858,0.0013099,0.0035806,0.0080365
-0.001171,-0.003625,0.0078208,-0.0011719,-0.0036278,0.007772
0.002352,0.002998,0.0075648,0.0023538,0.0030004,0.0075166
0.002232,-0.003088,0.0162248,0.002232,-0.003088,0.0161648
0.001731,0.003394,0.0157058,0.001731,0.003394,0.0156458
0.000597,0.003763,0.0157068,0.000597,0.003763,0.0156468
0.001023,-0.00367,0.0154428,0.001023,-0.00367,0.0153828
0.003572,0.001325,0.0080858,0.0035747,0.001326,0.0080365
-0.003661,-0.001053,0.0075638,-0.0036639,-0.0010538,0.0075155
-0.001049,-0.003663,0.0154428,-0.001049,-0.003663,0.0153828
0.003807,-0.000155,0.0159648,0.003807,-0.000155,0.0159048
0.000732,-0.003739,0.0154428,0.000732,-0.003739,0.0153828
-0.00376,0.000616,0.0157048,-0.00376,0.000616,0.0156448
0.003164,-0.002123,0.0154438,0.003164,-0.002123,0.0153838
-0.003662,0.001053,0.0154448,-0.003662,0.001053,0.0153848
-0.000445,-0.003784,0.0080818,-0.0004453,-0.0037868,0.0080325
0.001721,-0.003399,0.0162248,0.001721,-0.003399,0.0161648
-0.000461,0.003782,0.0080868,-0.0004614,0.0037848,0.0080375
-0.00363,-0.001157,0.0157048,-0.00363,-0.001157,0.0156448
-0.003468,0.001578,0.0080858,-0.0034706,0.0015792,0.0080365
0.003164,0.002123,0.0080858,0.0031663,0.0021246,0.0080365
-0.002982,-0.002371,0.0080838,-0.0029842,-0.0023728,0.0080345
-0.001333,-0.003569,0.0154438,-0.001333,-0.003569,0.0153838
-0.002706,0.002682,0.0078258,-0.0027081,0.0026841,0.0077771
0.001035,0.003667,0.0154458,0.001035,0.003667,0.0153858
0.003326,-0.001859,0.0080848,0.0033285,-0.0018604,0.0080355
0.003457,0.001601,0.0080858,0.0034596,0.0016022,0.0080365
-0.002787,-0.002597,0.0075618,-0.0027892,-0.0025991,0.0075136
0.002688,0.0027,0.0078258,0.0026901,0.0027021,0.007777
0.00258,-0.002804,0.0159648,0.00258,-0.002804,0.0159048
-0.00381,-2.1e-05,0.0078248,-0.0038129,-2.1e-05,0.007776
0.003798,0.000304,0.0078248,0.0038009,0.0003042,0.007776
0.003665,-0.001041,0.0154438,0.003665,-0.001041,0.0153838
0.003461,-0.001592,0.0080848,0.0034636,-0.0015932,0.0080355
-0.003158,-0.002131,0.0080838,-0.0031603,-0.0021326,0.0080345
2e-06,-0.00381,0.0078218,2e-06,-0.0038129,0.007773
-0.001589,0.003463,0.0159678,-0.001589,0.003463,0.0159078
-0.003741,-0.000722,0.0154438,-0.003741,-0.000722,0.0153838
-0.001722,-0.003399,0.0078208,-0.0017233,-0.0034016,0.007772
-0.003781,-0.000468,0.0080858,-0.0037838,-0.0004683,0.0080365
-0.003387,0.001745,0.0157058,-0.003387,0.001745,0.0156458
0.00045,-0.003783,0.0075618,0.0004503,-0.003786,0.0075135
0.003762,0.000601,0.0078248,0.0037649,0.0006015,0.007776
-0.000147,0.003807,0.0159678,-0.000147,0.003807,0.0159078
-0.003766,0.000576,0.0078258,-0.0037689,0.0005764,0.007777
0.002987,-0.002365,0.0154428,0.002987,-0.002365,0.0153828
0.003784,-0.000444,0.0080848,0.0037868,-0.0004443,0.0080355
-0.000886,0.003705,0.0157078,-0.000886,0.003705,0.0156478
-0.003258,0.001975,0.0078258,-0.0032605,0.0019765,0.007777
-0.003733,-0.000763,0.0080858,-0.0037358,-0.0007635,0.0080365
0.003807,-0.000145,0.0080848,0.0038098,-0.0001451,0.0080355
-0.003568,0.001336,0.0154448,-0.003568,0.001336,0.0153848
0.002987,0.002365,0.0080858,0.0029892,0.0023667,0.0080365
0.003799,0.000293,0.0157048,0.003799,0.000293,0.0156448
0.001862,-0.003324,0.0080838,0.0018634,-0.0033265,0.0080345
-0.002372,0.002982,0.0080858,-0.0023737,0.0029842,0.0080365
-0.003806,0.00017,0.0154448,-0.003806,0.00017,0.0153848
0.003738,0.000738,0.0154438,0.003738,0.000738,0.0153838
-0.003786,-0.000427,0.0154438,-0.003786,-0.000427,0.0153838
-0.003781,0.000468,0.0154448,-0.003781,0.000468,0.0153848
0.001721,0.003399,0.0078258,0.0017223,0.0034016,0.0077771
-0.001855,0.003328,0.0159678,-0.001855,0.003328,0.0159078
-0.002349,-0.003,0.0070418,-0.0023509,-0.0030025,0.0069946
0.000287,0.003799,0.0078258,0.0002872,0.0038019,0.007777
0.0003,0.003798,0.0157078,0.0003,0.003798,0.0156478
-0.002685,0.002703,0.0162278,-0.002685,0.002703,0.0161678
-0.003806,-0.00017,0.0080858,-0.0038088,-0.0001701,0.0080365
0.000732,0.003739,0.0080868,0.0007326,0.0037418,0.0080375
-0.001191,0.003619,0.0078258,-0.0011919,0.0036218,0.007777
-0.003469,-0.001576,0.0154438,-0.003469,-0.001576,0.0153838
-0.001875,0.003317,0.0080858,-0.0018764,0.0033195,0.0080365
0.002588,0.002796,0.0154448,0.002588,0.002796,0.0153848
-0.003528,-0.001439,0.0157048,-0.003528,-0.001439,0.0156448
-0.00061,-0.003761,0.0157038,-0.00061,-0.003761,0.0156438
0.001596,0.003459,0.0154458,0.001596,0.003459,0.0153858
-0.002909,0.002461,0.0078258,-0.0029112,0.0024629,0.007777
-0.003093,0.002225,0.0078258,-0.0030953,0.0022267,0.007777
0.001035,-0.003667,0.0075628,0.0010358,-0.0036699,0.0075146
-0.001982,-0.003254,0.0073008,-0.0019836,-0.0032566,0.0072531
0.002695,-0.002693,0.0078238,0.0026971,-0.002695,0.007775
0.003665,0.00104,0.0080858,0.0036677,0.0010408,0.0080365
-0.003733,0.000763,0.0154448,-0.003733,0.000763,0.0153848
0.003738,-0.000739,0.0080848,0.0037408,-0.0007396,0.0080355
0.001178,-0.003623,0.0078228,0.0011789,-0.0036258,0.007774
-0.002788,-0.002597,0.0080828,-0.0027901,-0.0025989,0.0080335
0.003084,-0.002238,0.0078238,0.0030863,-0.0022397,0.007775
0.003784,0.000442,0.0154438,0.003784,0.000442,0.0153838
0.003522,0.001454,0.0157048,0.003522,0.001454,0.0156448
0.003706,-0.000886,0.0078248,0.0037088,-0.0008867,0.0077761
-0.001981,-0.003254,0.0067818,-0.0019827,-0.0032567,0.0067351
-0.0038,0.000279,0.0078258,-0.0038029,0.0002792,0.007777
0.003321,0.001868,0.0080858,0.0033234,0.0018694,0.0080365
0.003321,-0.001868,0.0154438,0.003321,-0.001868,0.0153838
0.001983,-0.003254,0.0162248,0.001983,-0.003254,0.0161648
0.001319,-0.003574,0.0080838,0.00132,-0.0035767,0.0080345
0.003807,0.000144,0.0159648,0.003807,0.000144,0.0159048
0.003457,-0.001602,0.0154438,0.003457,-0.001602,0.0153838
-0.001453,0.003522,0.0157078,-0.001453,0.003522,0.0156478
-0.00235,0.002999,0.0164878,-0.00235,0.002999,0.0164278
-0.001048,0.003663,0.0080858,-0.0010488,0.0036657,0.0080365
-0.002811,-0.002572,0.0154438,-0.002811,-0.002572,0.0153838
0.003169,-0.002115,0.0080848,0.0031714,-0.0021166,0.0080355
-0.000758,-0.003734,0.0154428,-0.000758,-0.003734,0.0153828
0.001308,-0.003578,0.0154428,0.001308,-0.003578,0.0153828
-0.003808,-0.000129,0.0154438,-0.003808,-0.000129,0.0153838
0.002117,-0.003167,0.0080838,0.0021186,-0.0031693,0.0080345
0.002688,-0.0027,0.0157038,0.002688,-0.0027,0.0156438
-0.001029,-0.003668,0.0080818,-0.0010298,-0.0036707,0.0080325
0.000745,-0.003737,0.0075618,0.0007456,-0.00374,0.0075136
-0.003673,-0.001014,0.0154438,-0.003673,-0.001014,0.0153838
0.003576,0.001314,0.0154438,0.003576,0.001314,0.0153838
0.00381,-6e-06,0.0157048,0.00381,-6e-06,0.0156448
-0.002466,0.002905,0.0162278,-0.002466,0.002905,0.0161678
-0.002131,-0.003158,0.0154438,-0.002131,-0.003158,0.0153838
-0.002252,0.003073,0.0083468,-0.0022536,0.0030752,0.008297
0.002899,0.002472,0.0157048,0.002899,0.002472,0.0156448
0.001982,0.003254,0.0078258,0.0019835,0.0032565,0.0077771
-0.002464,-0.002906,0.0073018,-0.002466,-0.0029084,0.0072541
-0.001472,0.003514,0.0078258,-0.0014731,0.0035167,0.007777
-0.003315,-0.001877,0.0080838,-0.0033175,-0.0018784,0.0080345
0.003736,-0.00075,0.0154438,0.003736,-0.00075,0.0153838
-0.003004,-0.002344,0.0154438,-0.003004,-0.002344,0.0153838
-0.00161,-0.003453,0.0154428,-0.00161,-0.003453,0.0153828
-0.003797,-0.000319,0.0083468,-0.0037997,-0.0003192,0.008297
-0.003404,-0.001712,0.0151828,-0.003404,-0.001712,0.0151228
0.00317,0.002113,0.0159658,0.00317,0.002113,0.0159058
-0.003741,0.000724,0.0080858,-0.0037438,0.0007245,0.0080365
-0.002004,0.00324,0.0083468,-0.0020054,0.0032423,0.008297
-0.003629,0.001159,0.0083468,-0.0036316,0.0011598,0.008297
-0.002109,0.003173,0.0159678,-0.002109,0.003173,0.0159078
-0.002231,0.003088,0.0162278,-0.002231,0.003088,0.0161678
0.003245,0.001997,0.0083468,0.0032473,0.0019984,0.008297
-0.002983,0.00237,0.0159668,-0.002983,0.00237,0.0159068
0.003326,0.001858,0.0159648,0.003326,0.001858,0.0159048
-0.002707,-0.002681,0.0151828,-0.002707,-0.002681,0.0151228
0.000435,-0.003785,0.0154428,0.000435,-0.003785,0.0153828
0.003798,-0.000305,0.0157048,0.003798,-0.000305,0.0156448
-0.000162,0.003807,0.0080868,-0.0001622,0.0038098,0.0080375
0.002241,0.003081,0.0151838,0.002241,0.003081,0.0151238
-0.002488,-0.002885,0.0151828,-0.002488,-0.002885,0.0151228
-0.003766,-0.000575,0.0151828,-0.003766,-0.000575,0.0151228
-0.002887,-0.002486,0.0083438,-0.0028891,-0.0024878,0.008294
0.003396,-0.001727,0.0083458,0.0033985,-0.0017282,0.008296
-0.002107,-0.003174,0.0075618,-0.0021087,-0.0031765,0.0075136
-0.003527,0.001441,0.0083468,-0.0035295,0.001442,0.008297
0.002476,0.002896,0.0151838,0.002476,0.002896,0.0151238
0.001167,0.003627,0.0083468,0.0011678,0.0036296,0.008297
-0.00324,0.002004,0.0157058,-0.00324,0.002004,0.0156458
0.003807,0.000144,0.0154438,0.003807,0.000144,0.0153838
0.00236,-0.002991,0.0080848,0.0023618,-0.0029932,0.0080355
-0.002684,-0.002704,0.0078218,-0.0026861,-0.0027061,0.007773
0.001863,0.003323,0.0154458,0.001863,0.003323,0.0153858
0.000744,0.003737,0.0154468,0.000744,0.003737,0.0153868
0.003622,0.001183,0.0083458,0.0036246,0.0011839,0.008296
0.001586,0.003464,0.0080858,0.0015872,0.0034666,0.0080365
-0.0037,0.000908,0.0151838,-0.0037,0.000908,0.0151238
-0.003617,-0.001196,0.0078248,-0.0036198,-0.0011969,0.007776
0.003517,-0.001465,0.0151828,0.003517,-0.001465,0.0151228
-0.000147,-0.003807,0.0080818,-0.0001471,-0.0038098,0.0080325
0.002352,-0.002998,0.0159648,0.002352,-0.002998,0.0159048
0.000878,-0.003707,0.0151818,0.000878,-0.003707,0.0151218
-0.000593,-0.003764,0.0083428,-0.0005934,-0.0037667,0.008293
0.001586,-0.003464,0.0159648,0.001586,-0.003464,0.0159048
-0.000609,0.003761,0.0083468,-0.0006094,0.0037637,0.008297
2e-06,0.00381,0.0157078,2e-06,0.00381,0.0156478
-0.000594,0.003763,0.0157078,-0.000594,0.003763,0.0156478
-0.001192,-0.003619,0.0151818,-0.001192,-0.003619,0.0151218
0.001178,0.003623,0.0151848,0.001178,0.003623,0.0151248
-1.3e-05,-0.00381,0.0157038,-1.3e-05,-0.00381,0.0156438
0.003518,0.001464,0.0083458,0.0035205,0.0014651,0.008296
0.002468,0.002903,0.0078248,0.0024699,0.0029052,0.007776
0.003576,-0.001316,0.0080848,0.0035786,-0.001317,0.0080355
0.000878,0.003707,0.0083468,0.0008786,0.0037097,0.008297
0.001167,-0.003627,0.0151818,0.001167,-0.003627,0.0151218
0.003621,-0.001184,0.0151828,0.003621,-0.001184,0.0151228
0.002792,0.002592,0.0080858,0.0027941,0.0025939,0.0080365
-0.003073,-0.002253,0.0083448,-0.0030752,-0.0022546,0.008295
0.003736,0.000749,0.0080858,0.0037388,0.0007496,0.0080365
0.000301,-0.003798,0.0078218,0.0003012,-0.0038009,0.007773
-0.002599,0.002786,0.0080858,-0.0026009,0.002788,0.0080365
0.001459,0.00352,0.0151848,0.001459,0.00352,0.0151248
0.001458,-0.00352,0.0083448,0.0014591,-0.0035225,0.008295
-0.003333,0.001845,0.0080858,-0.0033355,0.0018464,0.0080365
-0.003513,-0.001476,0.0078238,-0.0035157,-0.0014771,0.007775
-0.003797,0.000319,0.0151838,-0.003797,0.000319,0.0151238
-0.001982,-0.003254,0.0078218,-0.0019835,-0.0032565,0.007773
0.003799,-0.000295,0.0083458,0.0038017,-0.0002952,0.008296
-0.003453,0.001611,0.0154458,-0.003453,0.001611,0.0153858
-0.00371,-0.000869,0.0151828,-0.00371,-0.000869,0.0151228
0.002792,-0.002592,0.0154428,0.002792,-0.002592,0.0153828
0.001448,-0.003524,0.0157038,0.001448,-0.003524,0.0156438
-0.001315,0.003576,0.0154468,-0.001315,0.003576,0.0153868
-0.003259,-0.001974,0.0151828,-0.003259,-0.001974,0.0151228
-0.000903,0.003701,0.0083468,-0.0009036,0.0037037,0.0082971
0.002898,-0.002473,0.0078238,0.0029002,-0.0024749,0.007775
0.00325,-0.001989,0.0083458,0.0032524,-0.0019904,0.008296
-0.000904,-0.003701,0.0151828,-0.000904,-0.003701,0.0151228
-0.00381,2.1e-05,0.0151838,-0.00381,2.1e-05,0.0151238
-0.003618,0.001195,0.0151838,-0.003618,0.001195,0.0151238
-0.001031,0.003668,0.0154468,-0.001031,0.003668,0.0153868
-0.003662,-0.001053,0.0080848,-0.0036647,-0.0010538,0.0080355
0.003807,0.000154,0.0080848,0.0038098,0.0001541,0.0080355
0.003078,-0.002246,0.0151828,0.003078,-0.002246,0.0151228
0.003245,-0.001997,0.0151828,0.003245,-0.001997,0.0151228
-0.00376,-0.000616,0.0083468,-0.0037627,-0.0006164,0.008297
0.00173,-0.003395,0.0083448,0.0017312,-0.0033975,0.008295
-0.000885,-0.003706,0.0083428,-0.0008856,-0.0037087,0.008293
-0.001312,-0.003577,0.0080818,-0.001313,-0.0035797,0.0080325
0.003706,0.000885,0.0151828,0.003706,0.000885,0.0151228
0.003078,0.002246,0.0083468,0.0030802,0.0022476,0.008297
0.003764,-0.000592,0.0083458,0.0037667,-0.0005924,0.008296
0.003625,0.001173,0.0151828,0.003625,0.001173,0.0151228
-0.001588,-0.003463,0.0080818,-0.0015892,-0.0034656,0.0080325
-0.002487,0.002886,0.0083468,-0.0024888,0.0028881,0.008297
-0.001724,0.003398,0.0157078,-0.001724,0.003398,0.0156478
0.003521,-0.001455,0.0083458,0.0035235,-0.001456,0.008296
-0.001876,-0.003316,0.0154438,-0.001876,-0.003316,0.0153838
-0.003808,0.000129,0.0080858,-0.0038108,0.0001291,0.0080365
-0.001984,0.003252,0.0157078,-0.001984,0.003252,0.0156478
-0.003528,-0.001439,0.0151828,-0.003528,-0.001439,0.0151228
0.000449,0.003783,0.0154468,0.000449,0.003783,0.0153868
0.001035,-0.003667,0.0080828,0.0010358,-0.0036697,0.0080335
-0.002107,-0.003174,0.0070408,-0.0021088,-0.0031766,0.0069936
0.000436,0.003785,0.0080858,0.0004363,0.0037878,0.0080365
-0.003709,0.00087,0.0083468,-0.0037117,0.0008706,0.008297
0.002232,0.003088,0.0078258,0.0022337,0.0030903,0.007777
0.003668,-0.001031,0.0080848,0.0036707,-0.0010318,0.0080355
-0.001609,0.003454,0.0080858,-0.0016102,0.0034566,0.0080365
0.0028,0.002584,0.0154448,0.0028,0.002584,0.0153848
-0.00381,-2e-05,0.0083468,-0.0038127,-2e-05,0.008297
-0.002909,-0.00246,0.0151828,-0.002909,-0.00246,0.0151228
-0.002684,-0.002704,0.0083438,-0.0026859,-0.0027059,0.008294
-0.002809,0.002574,0.0080858,-0.0028111,0.0025759,0.0080365
0.001448,0.003524,0.0083468,0.001449,0.0035266,0.008297
-0.0038,-0.000278,0.0151838,-0.0038,-0.000278,0.0151238
0.002587,-0.002797,0.0080848,0.0025889,-0.002799,0.0080355
-0.00223,-0.003089,0.0073018,-0.0022318,-0.0030915,0.0072541
0.001991,-0.003248,0.0083448,0.0019924,-0.0032504,0.008295
0.001992,0.003248,0.0151848,0.001992,0.003248,0.0151248
0.003783,0.000453,0.0080848,0.0037858,0.0004533,0.0080355
-0.002576,-0.002807,0.0075618,-0.002578,-0.0028092,0.0075136
-0.002351,0.002998,0.0159678,-0.002351,0.002998,0.0159078
0.003391,-0.001736,0.0151828,0.003391,-0.001736,0.0151228
-0.002578,0.002806,0.0159678,-0.002578,0.002806,0.0159078
-0.000296,-0.003798,0.0083428,-0.0002962,-0.0038007,0.008293
0.00089,-0.003705,0.0078228,0.0008907,-0.0037078,0.0077741
0.000584,-0.003765,0.0151818,0.000584,-0.003765,0.0151218
0.002109,-0.003173,0.0159648,0.002109,-0.003173,0.0159048
0.003462,0.001591,0.0154438,0.003462,0.001591,0.0153838
-0.000462,-0.003782,0.0154428,-0.000462,-0.003782,0.0153828
-0.001473,-0.003514,0.0151828,-0.001473,-0.003514,0.0151228
-0.000313,-0.003797,0.0157038,-0.000313,-0.003797,0.0156438
0.00089,0.003705,0.0151858,0.00089,0.003705,0.0151258
-0.003003,0.002345,0.0080858,-0.0030052,0.0023467,0.0080365
-0.003582,-0.001299,0.0154438,-0.003582,-0.001299,0.0153838
-0.000312,0.003797,0.0083468,-0.0003123,0.0037998,0.008297
0.003397,0.001726,0.0157048,0.003397,0.001726,0.0156448
0.003392,0.001736,0.0083468,0.0033944,0.0017372,0.008297
0.001853,-0.003329,0.0159648,0.001853,-0.003329,0.0159048
0.001178,-0.003623,0.0083438,0.0011789,-0.0036256,0.008294
-0.00376,0.000616,0.0151838,-0.00376,0.000616,0.0151238
0.00381,5e-06,0.0083458,0.0038127,5e-06,0.008296
0.003703,0.000895,0.0083458,0.0037057,0.0008956,0.008296
-0.00159,0.003462,0.0154468,-0.00159,0.003462,0.0153868
0.002993,-0.002357,0.0080848,0.0029952,-0.0023588,0.0080355
0.002892,-0.002481,0.0151828,0.002892,-0.002481,0.0151228
0.002468,-0.002903,0.0157038,0.002468,-0.002903,0.0156438
-0.000297,0.003798,0.0157078,-0.000297,0.003798,0.0156478
-0.003178,0.002102,0.0080858,-0.0031804,0.0021036,0.0080365
-0.001172,-0.003625,0.0083418,-0.0011728,-0.0036276,0.008292
0.003764,0.000591,0.0151828,0.003764,0.000591,0.0151228
-0.002789,0.002596,0.0159678,-0.002789,0.002596,0.0159078
0.001853,0.003329,0.0080858,0.0018544,0.0033315,0.0080365
0.000137,0.003808,0.0080858,0.0001371,0.0038108,0.0080365
0.002696,0.002692,0.0151838,0.002696,0.002692,0.0151238
-0.000445,-0.003784,0.0086038,-0.0004453,-0.0037866,0.0085535
0.003703,-0.000896,0.0151828,0.003703,-0.000896,0.0151228
-0.003094,-0.002224,0.0151828,-0.003094,-0.002224,0.0151228
0.000151,0.003807,0.0154468,0.000151,0.003807,0.0153868
0.003807,-0.000145,0.0086068,0.0038097,-0.0001451,0.0085565
0.001595,-0.00346,0.0086058,0.0015961,-0.0034624,0.0085555
-0.000756,0.003734,0.0086088,-0.0007565,0.0037366,0.0085585
0.003084,0.002237,0.0157048,0.003084,0.002237,0.0156448
-0.003786,0.000428,0.0080858,-0.0037888,0.0004283,0.0080365
0.002892,0.00248,0.0083468,0.0028941,0.0024818,0.008297
-0.00213,0.003159,0.0086078,-0.0021315,0.0031612,0.0085575
0.00224,-0.003082,0.0083448,0.0022416,-0.0030842,0.008295
-0.003672,0.001016,0.0086078,-0.0036746,0.0010167,0.0085575
-0.003239,-0.002005,0.0083448,-0.0032413,-0.0020064,0.008295
0.00258,-0.002804,0.0154428,0.00258,-0.002804,0.0153828
0.003706,-0.000886,0.0083458,0.0037087,-0.0008866,0.008296
-0.003074,0.002251,0.0157068,-0.003074,0.002251,0.0156468
0.000137,-0.003808,0.0154428,0.000137,-0.003808,0.0153828
-0.003806,-0.000169,0.0086078,-0.0038087,-0.0001691,0.0085576
-0.002576,-0.002807,0.0080828,-0.0025779,-0.0028091,0.0080336
0.003783,-0.000454,0.0154438,0.003783,-0.000454,0.0153838
-0.003452,-0.001612,0.0080848,-0.0034546,-0.0016132,0.0080355
-0.002599,-0.002786,0.0149218,-0.002599,-0.002786,0.0148619
0.001309,0.003578,0.0086078,0.0013099,0.0035805,0.0085575
-0.002254,-0.003072,0.0151828,-0.002254,-0.003072,0.0151228
-0.002349,-0.003,0.0075618,-0.0023508,-0.0030024,0.0075136
-0.00061,-0.003761,0.0151818,-0.00061,-0.003761,0.0151218
0.002118,0.003167,0.0149238,0.002118,0.003167,0.0148639
-0.003403,0.001713,0.0083468,-0.0034054,0.0017142,0.008297
-0.00074,-0.003737,0.0086028,-0.0007405,-0.0037396,0.0085525
0.003807,-0.000156,0.0154438,0.003807,-0.000156,0.0153838
-0.00281,-0.002573,0.0149218,-0.00281,-0.002573,0.0148619
0.003325,-0.00186,0.0086068,0.0033273,-0.0018613,0.0085565
-0.002232,0.003088,0.0157078,-0.002232,0.003088,0.0156478
-0.003786,-0.000427,0.0149228,-0.003786,-0.000427,0.0148629
0.000584,0.003765,0.0083468,0.0005844,0.0037677,0.008297
-0.001174,0.003625,0.0151858,-0.001174,0.003625,0.0151258
0.001318,-0.003575,0.0086048,0.0013189,-0.0035775,0.0085545
-0.002371,0.002982,0.0086078,-0.0023727,0.0029841,0.0085575
0.003084,-0.002238,0.0083458,0.0030862,-0.0022396,0.008296
0.003522,0.001454,0.0151828,0.003522,0.001454,0.0151228
0.002799,-0.002585,0.0080848,0.0028011,-0.0025869,0.0080355
0.001731,0.003394,0.0151848,0.001731,0.003394,0.0151248
-0.001853,-0.003329,0.0080818,-0.0018544,-0.0033315,0.0080325
-0.001333,-0.003569,0.0149208,-0.001333,-0.003569,0.0148609
-0.003581,0.001301,0.0086078,-0.0035835,0.0013019,0.0085575
0.00236,0.002991,0.0149228,0.00236,0.002991,0.0148629
0.003784,-0.000444,0.0086068,0.0037866,-0.0004443,0.0085565
-0.00363,-0.001158,0.0151828,-0.00363,-0.001158,0.0151228
-0.001049,-0.003663,0.0149208,-0.001049,-0.003663,0.0148609
-0.003316,0.001876,0.0154458,-0.003316,0.001876,0.0153858
-0.001743,0.003388,0.0083468,-0.0017442,0.0033905,0.008297
-0.001454,0.003522,0.0151868,-0.001454,0.003522,0.0151268
-0.003741,-0.000723,0.0149218,-0.003741,-0.000723,0.0148619
0.003461,-0.001593,0.0086068,0.0034634,-0.0015941,0.0085565
0.001023,-0.00367,0.0149208,0.001023,-0.00367,0.0148609
0.003572,-0.001325,0.0149218,0.003572,-0.001325,0.0148619
0.00258,0.002804,0.0080858,0.0025819,0.0028061,0.0080365
0.001024,0.00367,0.0086078,0.0010247,0.0036726,0.0085575
-0.002982,-0.002371,0.0086058,-0.0029841,-0.0023727,0.0085555
0.003321,0.001868,0.0086078,0.0033233,0.0018693,0.0085575
0.000597,-0.003763,0.0078228,0.0005974,-0.0037659,0.0077741
0.003738,0.000738,0.0149218,0.003738,0.000738,0.0148619
-0.003733,0.000762,0.0149228,-0.003733,0.000762,0.0148629
-0.001452,-0.003523,0.0083418,-0.001453,-0.0035255,0.008292
-0.0037,-0.000909,0.0083458,-0.0037027,-0.0009097,0.008296
-0.00223,-0.003089,0.0078218,-0.0022317,-0.0030914,0.0077731
0.003665,0.00104,0.0086068,0.0036676,0.0010407,0.0085565
-0.003513,0.001474,0.0151848,-0.003513,0.001474,0.0151248
0.001586,-0.003464,0.0154428,0.001586,-0.003464,0.0153828
0.000151,-0.003807,0.0080828,0.0001511,-0.0038098,0.0080335
-0.001332,0.003569,0.0080858,-0.001333,0.0035717,0.0080365
-0.003662,0.001052,0.0149228,-0.003662,0.001052,0.0148629
-0.000741,0.003737,0.0154468,-0.000741,0.003737,0.0153868
-0.003334,-0.001845,0.0149218,-0.003334,-0.001845,0.0148619
-0.001191,0.003619,0.0083468,-0.0011919,0.0036216,0.008297
0.002987,-0.002365,0.0149208,0.002987,-0.002365,0.0148609
0.003163,-0.002123,0.0149208,0.003163,-0.002123,0.0148609
-0.003806,0.00017,0.0149228,-0.003806,0.00017,0.0148629
-0.000461,0.003782,0.0086088,-0.0004613,0.0037847,0.0085585
-0.002788,-0.002597,0.0086048,-0.00279,-0.0025988,0.0085546
-0.003568,-0.001337,0.0080848,-0.0035706,-0.001338,0.0080355
0.003457,-0.001602,0.0149218,0.003457,-0.001602,0.0148619
0.000731,-0.003739,0.0149208,0.000731,-0.003739,0.0148609
0.003572,0.001324,0.0086068,0.0035745,0.0013249,0.0085565
0.001319,0.003574,0.0149238,0.001319,0.003574,0.0148639
0.001448,-0.003524,0.0151818,0.001448,-0.003524,0.0151218
0.003799,0.000293,0.0151828,0.003799,0.000293,0.0151228
0.001034,0.003667,0.0149248,0.001034,0.003667,0.0148649
-0.003468,-0.001577,0.0149218,-0.003468,-0.001577,0.0148619
0.003164,0.002123,0.0086078,0.0031662,0.0021245,0.0085575
-0.003781,-0.000467,0.0086078,-0.0037837,-0.0004673,0.0085575
0.003668,0.00103,0.0149218,0.003668,0.00103,0.0148619
-0.003781,0.000468,0.0149228,-0.003781,0.000468,0.0148629
0.003625,-0.001174,0.0083458,0.0036276,-0.0011748,0.008296
-0.0038,0.000279,0.0083468,-0.0038027,0.0002792,0.008297
0.000596,0.003763,0.0151858,0.000596,0.003763,0.0151258
-0.000148,-0.003807,0.0086038,-0.0001481,-0.0038097,0.0085535
-0.001856,0.003327,0.0154468,-0.001856,0.003327,0.0153868
-0.001047,0.003663,0.0086078,-0.0010477,0.0036656,0.0085575
0.003807,0.000154,0.0086068,0.0038097,0.0001541,0.0085565
-0.002372,-0.002981,0.0149218,-0.002372,-0.002981,0.0148619
-0.003766,0.000576,0.0083468,-0.0037687,0.0005764,0.008297
0.001721,-0.003399,0.0157038,0.001721,-0.003399,0.0156438
-0.003741,0.000724,0.0086078,-0.0037436,0.0007245,0.0085576
0.002994,0.002356,0.0154448,0.002994,0.002356,0.0153848
0.001862,-0.003324,0.0086058,0.0018633,-0.0033263,0.0085555
0.002232,-0.003088,0.0157038,0.002232,-0.003088,0.0156438
-0.002706,0.002682,0.0083468,-0.0027079,0.0026839,0.008297
-1.2e-05,0.00381,0.0083468,-1.2e-05,0.0038128,0.008297
-0.003159,-0.002131,0.0086058,-0.0031612,-0.0021325,0.0085555
0.001586,0.003464,0.0086078,0.0015871,0.0034665,0.0085575
-0.003808,-0.000129,0.0149228,-0.003808,-0.000129,0.0148629
0.003736,0.000748,0.0086068,0.0037386,0.0007485,0.0085565
-0.001744,-0.003387,0.0151828,-0.001744,-0.003387,0.0151228
0.001863,0.003324,0.0149238,0.001863,0.003324,0.0148639
0.001308,-0.003578,0.0149208,0.001308,-0.003578,0.0148609
-0.002467,0.002904,0.0157068,-0.002467,0.002904,0.0156468
-0.000887,0.003705,0.0151868,-0.000887,0.003705,0.0151268
0.003762,0.000601,0.0083458,0.0037647,0.0006014,0.008296
-0.002908,0.002461,0.0083468,-0.0029101,0.0024627,0.008297
2e-06,-0.00381,0.0083428,2e-06,-0.0038127,0.008293
0.003457,0.001601,0.0086078,0.0034594,0.0016021,0.0085575
0.000744,-0.003737,0.0080828,0.0007445,-0.0037398,0.0080336
0.000286,-0.003799,0.0151818,0.000286,-0.003799,0.0151218
0.00089,-0.003705,0.0083438,0.0008906,-0.0037077,0.0082941
-0.00161,-0.003453,0.0149208,-0.00161,-0.003453,0.0148609
-0.000163,-0.003807,0.0154428,-0.000163,-0.003807,0.0153828
-0.00103,-0.003668,0.0086028,-0.0010307,-0.0036705,0.0085525
-0.003808,0.00013,0.0086078,-0.0038107,0.0001301,0.0085575
0.003665,-0.001041,0.0149218,0.003665,-0.001041,0.0148619
0.003326,0.001858,0.0154438,0.003326,0.001858,0.0153838
0.003784,0.000442,0.0149218,0.003784,0.000442,0.0148619
0.001721,0.003399,0.0083468,0.0017222,0.0034014,0.008297
0.003798,0.000304,0.0083458,0.0038007,0.0003042,0.008296
-0.001875,0.003317,0.0086078,-0.0018763,0.0033193,0.0085575
0.003251,0.001987,0.0157048,0.003251,0.001987,0.0156448
0.002792,-0.002593,0.0149208,0.002792,-0.002593,0.0148609
0.003169,-0.002115,0.0086068,0.0031712,-0.0021165,0.0085565
-0.003179,-0.002101,0.0149218,-0.003179,-0.002101,0.0148619
0.002475,-0.002897,0.0083448,0.0024768,-0.0028991,0.008295
0.002688,-0.0027,0.0151828,0.002688,-0.0027,0.0151228
-0.000148,0.003807,0.0154468,-0.000148,0.003807,0.0153868
0.001596,0.00346,0.0149238,0.001596,0.00346,0.0148639
-0.000446,0.003784,0.0154468,-0.000446,0.003784,0.0153868
0.00332,-0.001868,0.0149218,0.00332,-0.001868,0.0148619
-0.001472,0.003514,0.0083468,-0.001473,0.0035165,0.008297
0.000299,0.003798,0.0151858,0.000299,0.003798,0.0151258
0.001729,-0.003395,0.0088668,0.0017302,-0.0033973,0.008816
-0.002005,-0.00324,0.0151828,-0.002005,-0.00324,0.0151228
0.002899,0.002472,0.0151838,0.002899,0.002472,0.0151238
0.003392,0.001735,0.0088688,0.0033943,0.0017362,0.008818
0.000287,0.003799,0.0083468,0.0002872,0.0038017,0.008297
-0.00211,0.003172,0.0154468,-0.00211,0.003172,0.0153868
0.001167,-0.003627,0.0146588,0.001167,-0.003627,0.0145989
0.001457,-0.00352,0.0088668,0.001458,-0.0035224,0.008816
-0.002252,0.003073,0.0088698,-0.0022535,0.0030751,0.008819
-0.002488,-0.002886,0.0146598,-0.002488,-0.002886,0.0145999
-0.002888,-0.002485,0.0088668,-0.00289,-0.0024867,0.008816
0.002688,0.0027,0.0083468,0.0026899,0.0027019,0.008297
-0.000609,0.003761,0.0088698,-0.0006094,0.0037636,0.008819
0.001853,-0.003329,0.0154428,0.001853,-0.003329,0.0153828
0.002898,-0.002473,0.0083458,0.0029001,-0.0024748,0.008296
0.002117,-0.003168,0.0086058,0.0021185,-0.0031702,0.0085555
0.002109,0.003173,0.0080858,0.0021105,0.0031753,0.0080365
-0.00381,2e-05,0.0146608,-0.00381,2e-05,0.0146009
-0.003386,-0.001746,0.0083448,-0.0033884,-0.0017472,0.008295
0.002352,-0.002998,0.0154428,0.002352,-0.002998,0.0153828
0.003762,-0.000602,0.0151828,0.003762,-0.000602,0.0151228
0.003738,-0.00074,0.0086068,0.0037406,-0.0007405,0.0085565
-0.002889,0.002484,0.0157068,-0.002889,0.002484,0.0156468
0.003576,0.001314,0.0149218,0.003576,0.001314,0.0148619
0.002892,-0.002481,0.0146598,0.002892,-0.002481,0.0145999
-0.000162,0.003807,0.0086088,-0.0001621,0.0038097,0.0085585
-0.003073,-0.002252,0.0088668,-0.0030751,-0.0022535,0.008816
0.001449,0.003524,0.0088698,0.00145,0.0035264,0.008819
-0.0038,-0.000279,0.0146608,-0.0038,-0.000279,0.0146009
-0.003468,0.001578,0.0086078,-0.0034704,0.0015791,0.0085575
-0.000758,-0.003734,0.0149208,-0.000758,-0.003734,0.0148609
-0.002464,-0.002906,0.0078218,-0.0024659,-0.0029082,0.0077731
-0.003258,0.001975,0.0083468,-0.0032603,0.0019764,0.008297
-0.000593,-0.003763,0.0088648,-0.0005934,-0.0037656,0.008814
0.001992,0.003248,0.0146618,0.001992,0.003248,0.0146019
-0.001032,0.003668,0.0149258,-0.001032,0.003668,0.0148659
0.003704,0.000895,0.0088688,0.0037065,0.0008956,0.008818
0.000732,0.003739,0.0086088,0.0007325,0.0037416,0.0085586
-0.000313,-0.003797,0.0151818,-0.000313,-0.003797,0.0151218
-0.001725,0.003397,0.0151858,-0.001725,0.003397,0.0151258
-0.003093,0.002225,0.0083468,-0.0030952,0.0022266,0.008297
-0.002707,-0.002681,0.0146598,-0.002707,-0.002681,0.0145999
-0.002003,0.003241,0.0088698,-0.0020044,0.0032432,0.008819
0.001034,-0.003667,0.0086048,0.0010347,-0.0036696,0.0085545
-0.002598,0.002787,0.0086078,-0.0025998,0.002789,0.0085575
0.003078,-0.002246,0.0146598,0.003078,-0.002246,0.0145999
-0.003629,0.00116,0.0088698,-0.0036315,0.0011608,0.008819
-0.001722,-0.003399,0.0083428,-0.0017232,-0.0034014,0.008293
0.002588,0.002796,0.0149228,0.002588,0.002796,0.0148629
-0.000297,-0.003798,0.0088648,-0.0002972,-0.0038006,0.008814
0.003799,-0.000295,0.0088678,0.0038016,-0.0002952,0.008817
0.000878,-0.003707,0.0146588,0.000878,-0.003707,0.0145989
-0.003672,-0.001015,0.0149218,-0.003672,-0.001015,0.0148619
-0.000902,0.003702,0.0088698,-0.0009026,0.0037045,0.008819
-0.00381,-1.9e-05,0.0088698,-0.0038126,-1.9e-05,0.0088191
-0.001192,-0.003619,0.0146598,-0.001192,-0.003619,0.0145999
0.002987,0.002365,0.0086078,0.0029891,0.0023666,0.0085575
-0.00316,0.002129,0.0154458,-0.00316,0.002129,0.0153858
-0.001316,0.003576,0.0149248,-0.001316,0.003576,0.0148649
-0.003568,0.001335,0.0149228,-0.003568,0.001335,0.0148629
0.003621,-0.001184,0.0146598,0.003621,-0.001184,0.0145999
-0.003766,-0.000576,0.0146608,-0.003766,-0.000576,0.0146009
0.003576,-0.001316,0.0086068,0.0035785,-0.0013169,0.0085565
0.003397,0.001726,0.0151828,0.003397,0.001726,0.0151228
-0.003618,-0.001196,0.0083458,-0.0036206,-0.0011968,0.008296
0.003764,0.000591,0.0146608,0.003764,0.000591,0.0146009
0.000449,-0.003783,0.0080828,0.0004493,-0.0037858,0.0080335
-0.002108,-0.003174,0.0080818,-0.0021096,-0.0031764,0.0080325
-0.003387,0.001744,0.0151848,-0.003387,0.001744,0.0151248
-0.001313,-0.003577,0.0086028,-0.0013139,-0.0035795,0.0085525
0.003706,0.000885,0.0146608,0.003706,0.000885,0.0146009
0.001982,-0.003254,0.0157038,0.001982,-0.003254,0.0156438
0.001458,0.00352,0.0146628,0.001458,0.00352,0.0146029
-0.003403,-0.001713,0.0146608,-0.003403,-0.001713,0.0146009
0.003396,-0.001728,0.0088678,0.0033983,-0.0017292,0.008817
-0.002465,-0.002905,0.0083428,-0.0024668,-0.0029071,0.008293
0.003622,0.001183,0.0088688,0.0036245,0.0011838,0.008818
-0.0037,0.000907,0.0146618,-0.0037,0.000907,0.0146019
0.003245,0.001996,0.0088688,0.0032472,0.0019974,0.008818
0.00381,4e-06,0.0088678,0.0038126,4e-06,0.008817
0.00325,-0.001989,0.0088678,0.0032522,-0.0019904,0.008817
-0.003258,-0.001974,0.0146608,-0.003258,-0.001974,0.0146009
-0.003581,-0.0013,0.0149218,-0.003581,-0.0013,0.0148619
-0.002577,-0.002807,0.0086038,-0.0025788,-0.002809,0.0085536
-0.003709,0.000871,0.0088698,-0.0037115,0.0008716,0.008819
0.002695,-0.002693,0.0083448,0.002697,-0.0026949,0.008295
-0.003004,-0.002344,0.0149218,-0.003004,-0.002344,0.0148619
0.003517,-0.001465,0.0146598,0.003517,-0.001465,0.0145999
0.000435,-0.003785,0.0149208,0.000435,-0.003785,0.0148609
-0.002686,0.002702,0.0157068,-0.002686,0.002702,0.0156468
0.00381,-6e-06,0.0151828,0.00381,-6e-06,0.0151228
-0.001472,-0.003514,0.0146598,-0.001472,-0.003514,0.0145999
0.00172,-0.003399,0.0151818,0.00172,-0.003399,0.0151218
0.001177,0.003624,0.0146628,0.001177,0.003624,0.0146029
0.001167,0.003627,0.0088698,0.0011678,0.0036295,0.008819
0.000743,0.003737,0.0149248,0.000743,0.003737,0.0148649
-0.003733,-0.000762,0.0086078,-0.0037356,-0.0007625,0.0085575
-0.003797,-0.000318,0.0088698,-0.0037996,-0.0003182,0.0088191
-0.00376,0.000615,0.0146618,-0.00376,0.000615,0.0146019
0.002241,0.003082,0.0146618,0.002241,0.003082,0.0146019
-0.003797,0.000319,0.0146618,-0.003797,0.000319,0.0146019
0.002352,0.002998,0.0080858,0.0023537,0.0030002,0.0080365
0.001991,-0.003249,0.0088668,0.0019924,-0.0032512,0.0088161
-0.002685,-0.002703,0.0088658,-0.0026868,-0.0027048,0.0088151
0.00317,0.002114,0.0154438,0.00317,0.002114,0.0153838
-0.001332,0.00357,0.0086078,-0.0013329,0.0035725,0.0085575
0.002359,-0.002992,0.0086058,0.0023606,-0.0029941,0.0085555
-0.002486,0.002887,0.0088698,-0.0024877,0.002889,0.008819
-0.001876,-0.003316,0.0149218,-0.001876,-0.003316,0.0148619
-0.002253,-0.003072,0.0146598,-0.002253,-0.003072,0.0145999
0.001721,0.003399,0.0088698,0.0017221,0.0034013,0.0088191
-0.002131,-0.003158,0.0149218,-0.002131,-0.003158,0.0148619
-0.0038,0.00028,0.0088698,-0.0038026,0.0002802,0.008819
0.002688,-0.0027,0.0146598,0.002688,-0.0027,0.0145999
0.001853,0.003329,0.0086078,0.0018543,0.0033314,0.0085575
-0.000742,0.003737,0.0149248,-0.000742,0.003737,0.0148649
0.003764,-0.000592,0.0088678,0.0037666,-0.0005924,0.0088171
0.003798,-0.000305,0.0151828,0.003798,-0.000305,0.0151228
0.001585,-0.003464,0.0149208,0.001585,-0.003464,0.0148609
0.000597,-0.003763,0.0083438,0.0005974,-0.0037657,0.008294
-0.002352,0.002998,0.0154468,-0.002352,0.002998,0.0153868
0.003762,0.000601,0.0088688,0.0037646,0.0006014,0.008818
-0.000594,0.003763,0.0151868,-0.000594,0.003763,0.0151268
0.003783,0.000453,0.0086068,0.0037856,0.0004533,0.0085565
-1.3e-05,-0.00381,0.0151818,-1.3e-05,-0.00381,0.0151218
-0.003786,0.000428,0.0086078,-0.0037887,0.0004283,0.0085575
-0.000886,-0.003706,0.0088648,-0.0008866,-0.0037085,0.008814
-0.003527,0.001441,0.0088698,-0.0035294,0.001442,0.0088191
-0.000904,-0.003701,0.0146598,-0.000904,-0.003701,0.0145999
-0.003513,-0.001475,0.0083458,-0.0035155,-0.0014761,0.008296
0.003807,0.000144,0.0149218,0.003807,0.000144,0.0148619
0.003736,-0.00075,0.0149218,0.003736,-0.00075,0.0148619
-0.000312,0.003797,0.0088698,-0.0003122,0.0037996,0.008819
0.003799,0.000293,0.0146598,0.003799,0.000293,0.0145999
0.003518,0.001464,0.0088688,0.0035204,0.001465,0.008818
0.003521,-0.001456,0.0088678,0.0035234,-0.001457,0.008817
-0.003527,-0.00144,0.0146608,-0.003527,-0.00144,0.0146009
0.001448,-0.003524,0.0146588,0.001448,-0.003524,0.0145989
0.003703,-0.000896,0.0146598,0.003703,-0.000896,0.0145999
0.001983,0.003254,0.0083468,0.0019844,0.0032563,0.008297
0.003668,-0.001031,0.0086068,0.0036706,-0.0010317,0.0085565
-0.003618,0.001194,0.0146618,-0.0036181,0.001194,0.0146019
0.002993,-0.002357,0.0086068,0.0029951,-0.0023587,0.0085565
-0.001608,0.003454,0.0086078,-0.0016091,0.0034564,0.0085575
-0.002809,0.002574,0.0086078,-0.002811,0.0025758,0.0085575
-0.003808,-0.00013,0.0143998,-0.0038081,-0.00013,0.01434
1e-06,0.00381,0.0151858,1e-06,0.00381,0.0151258
-0.002349,-0.003,0.0080818,-0.0023507,-0.0030022,0.0080325
0.00173,0.003394,0.0146628,0.00173,0.003394,0.0146029
-0.003316,-0.001877,0.0086058,-0.0033183,-0.0018783,0.0085555
0.002468,0.002903,0.0083468,0.0024698,0.0029051,0.008297
0.003084,0.002237,0.0151838,0.003084,0.002237,0.0151238
0.000137,0.003808,0.0086088,0.0001371,0.0038107,0.0085585
0.003807,-0.000146,0.0091298,0.0038095,-0.0001461,0.0090785
0.000436,0.003785,0.0086088,0.0004363,0.0037876,0.0085585
0.001586,0.003464,0.0091318,0.001587,0.0034663,0.0090806
0.00258,-0.002804,0.0149208,0.00258,-0.002804,0.0148609
0.003251,0.001987,0.0151828,0.003251,0.001987,0.0151228
-0.002578,0.002805,0.0154468,-0.002578,0.002805,0.0153868
0.002587,-0.002797,0.0086058,0.0025888,-0.002799,0.0085555
-0.003786,-0.000428,0.0143998,-0.0037861,-0.000428,0.01434
-0.001743,0.003388,0.0088698,-0.0017442,0.0033903,0.008819
0.001594,-0.00346,0.0091278,0.0015951,-0.0034623,0.0090766
-0.002372,-0.002982,0.0143978,-0.0023721,-0.0029821,0.014338
-0.000888,0.003705,0.0146638,-0.000888,0.0037051,0.0146039
0.002792,0.002592,0.0086078,0.002794,0.0025938,0.0085575
-0.002789,-0.002596,0.0091278,-0.0027909,-0.0025977,0.0090766
0.003784,-0.000444,0.0091298,0.0037865,-0.0004443,0.0090786
-0.002371,0.002983,0.0091308,-0.0023725,0.002985,0.0090795
0.002109,-0.003173,0.0154428,0.002109,-0.003173,0.0153828
0.001309,0.003578,0.0091318,0.0013099,0.0035804,0.0090805
0.003784,0.000443,0.0143988,0.0037841,0.000443,0.014339
0.003625,0.001173,0.0146608,0.003625,0.001173,0.0146009
0.001861,-0.003325,0.0091288,0.0018622,-0.0033272,0.0090776
-0.00324,-0.002005,0.0088678,-0.0032422,-0.0020064,0.008817
-0.003333,0.001846,0.0086078,-0.0033353,0.0018473,0.0085575
0.003798,0.000303,0.0088688,0.0038006,0.0003032,0.008818
0.000151,-0.003807,0.0086038,0.0001511,-0.0038097,0.0085535
0.002467,-0.002903,0.0151818,0.002467,-0.002903,0.0151218
-0.001985,0.003252,0.0151858,-0.001985,0.003252,0.0151258
-0.002983,-0.00237,0.0091278,-0.002985,-0.0023716,0.0090766
0.000448,0.003784,0.0149248,0.000448,0.003784,0.0148649
-0.003468,-0.001578,0.0143988,-0.0034681,-0.001578,0.014339
0.0028,0.002584,0.0149228,0.0028,0.002584,0.0148629
0.003462,0.001591,0.0149218,0.003462,0.001591,0.0148619
0.003391,-0.001736,0.0146598,0.003391,-0.001736,0.0145999
0.002117,0.003167,0.0144008,0.002117,0.0031671,0.014341
-0.002984,0.002369,0.0154458,-0.002984,0.002369,0.0153858
-0.003806,0.000169,0.0143998,-0.0038061,0.000169,0.01434
0.000743,-0.003737,0.0086048,0.0007435,-0.0037396,0.0085545
0.001862,0.003324,0.0144008,0.001862,0.0033241,0.014341
0.003736,0.000748,0.0091298,0.0037385,0.0007485,0.0090786
0.000879,0.003707,0.0088698,0.0008796,0.0037095,0.0088191
1e-06,-0.00381,0.0088648,1e-06,-0.0038126,0.008814
-0.000462,-0.003782,0.0149208,-0.000462,-0.003782,0.0148609
0.001982,-0.003254,0.0151818,0.001982,-0.003254,0.0151218
-0.001591,0.003462,0.0149248,-0.001591,0.003462,0.0148649
-0.002909,-0.002461,0.0146598,-0.002909,-0.002461,0.0145999
-0.002129,0.00316,0.0091308,-0.0021304,0.0031621,0.0090795
0.0003,-0.003798,0.0083428,0.0003002,-0.0038007,0.008293
0.001177,-0.003624,0.0088658,0.0011778,-0.0036264,0.008815
0.000584,-0.003765,0.0146588,0.000584,-0.003765,0.0145989
-0.001588,-0.003463,0.0086028,-0.0015891,-0.0034654,0.0085525
0.002987,-0.002365,0.0143978,0.0029871,-0.0023651,0.014338
0.003572,-0.001325,0.0143978,0.0035721,-0.001325,0.014338
-0.001982,-0.003254,0.0083428,-0.0019834,-0.0032563,0.008293
0.003083,-0.002238,0.0088678,0.0030851,-0.0022395,0.008817
-0.000446,-0.003784,0.0091268,-0.0004463,-0.0037865,0.0090755
0.001023,-0.00367,0.0143968,0.001023,-0.0036701,0.014337
-0.003709,-0.00087,0.0146608,-0.003709,-0.00087,0.0146009
-0.00119,0.003619,0.0088698,-0.0011908,0.0036215,0.008819
-0.003581,0.001302,0.0091318,-0.0035834,0.0013029,0.0090806
-0.001048,-0.003663,0.0143978,-0.001048,-0.0036631,0.014338
-0.000741,-0.003737,0.0091258,-0.0007415,-0.0037395,0.0090746
-0.001175,0.003624,0.0146638,-0.001175,0.003624,0.0146039
-0.003333,-0.001845,0.0143988,-0.0033331,-0.001845,0.014339
-0.003453,0.00161,0.0149238,-0.003453,0.00161,0.0148639
-0.003662,0.001051,0.0143998,-0.0036621,0.001051,0.01434
-0.002599,-0.002786,0.0143988,-0.0025991,-0.0027861,0.014339
-0.00046,0.003782,0.0091318,-0.0004603,0.0037845,0.0090805
-0.001173,-0.003625,0.0088638,-0.0011738,-0.0036275,0.008813
0.003078,0.002245,0.0088688,0.0030801,0.0022465,0.008818
0.003458,0.0016,0.0091308,0.0034603,0.0016011,0.0090796
-0.003808,0.000131,0.0091318,-0.0038105,0.0001311,0.0090806
-0.003241,0.002004,0.0151848,-0.003241,0.002004,0.0151248
0.002476,0.002896,0.0146618,0.002476,0.002896,0.0146019
0.003738,0.000739,0.0143988,0.0037381,0.000739,0.014339
-0.003733,0.000761,0.0143998,-0.0037331,0.000761,0.01434
0.001308,-0.003578,0.0143968,0.001308,-0.0035781,0.014337
0.003665,-0.001041,0.0143978,0.0036651,-0.001041,0.014338
-0.003093,-0.002224,0.0146608,-0.003093,-0.002224,0.0146009
-0.003672,0.001017,0.0091318,-0.0036744,0.0010177,0.0090806
0.003321,0.001867,0.0091308,0.0033232,0.0018682,0.0090795
0.003245,-0.001997,0.0146598,0.003245,-0.001997,0.0145999
0.003325,-0.00186,0.0091298,0.0033272,-0.0018612,0.0090786
-0.000756,0.003734,0.0091318,-0.0007565,0.0037365,0.0090805
-0.003662,-0.001053,0.0086068,-0.0036646,-0.0010537,0.0085565
0.003666,0.001039,0.0091298,0.0036684,0.0010397,0.0090785
-0.00235,-0.002999,0.0086038,-0.0023517,-0.0030011,0.0085536
-0.003806,-0.000168,0.0091308,-0.0038085,-0.0001681,0.0090796
0.000137,-0.003808,0.0149208,0.000137,-0.003808,0.0148609
-0.003003,0.002345,0.0086078,-0.0030051,0.0023466,0.0085575
-0.001744,-0.003387,0.0146598,-0.001744,-0.003387,0.0145999
0.002792,-0.002593,0.0143978,0.0027921,-0.0025931,0.014338
0.003461,-0.001593,0.0091298,0.0034633,-0.0015941,0.0090786
-0.000298,0.003798,0.0151858,-0.000298,0.003798,0.0151258
0.001319,0.003575,0.0144008,0.001319,0.0035751,0.014341
-0.001333,-0.003569,0.0143978,-0.001333,-0.0035691,0.014338
0.000889,0.003705,0.0146628,0.000889,0.003705,0.0146029
0.001595,0.00346,0.0144008,0.001595,0.0034601,0.014341
-0.00376,-0.000615,0.0088688,-0.0037626,-0.0006154,0.008818
-0.003766,0.000577,0.0088698,-0.0037686,0.0005774,0.0088191
-0.003514,0.001474,0.0146618,-0.003514,0.001474,0.0146019
-0.002465,-0.002905,0.0088658,-0.0024667,-0.002907,0.0088151
0.003807,0.000154,0.0091298,0.0038095,0.0001541,0.0090786
-0.00279,0.002595,0.0154458,-0.00279,0.002595,0.0153858
-0.002705,0.002683,0.0088698,-0.0027068,0.0026848,0.008819
-0.002005,-0.00324,0.0146598,-0.002005,-0.00324,0.0145999
-0.000162,0.003807,0.0091318,-0.0001621,0.0038095,0.0090805
-0.00213,-0.003159,0.0143988,-0.0021301,-0.0031591,0.014339
-0.002577,-0.002806,0.0091268,-0.0025787,-0.0028079,0.0090755
0.001983,0.003253,0.0088698,0.0019843,0.0032552,0.008819
-0.002598,0.002787,0.0091308,-0.0025997,0.0027889,0.0090796
0.003573,0.001324,0.0091298,0.0035754,0.0013249,0.0090786
0.002232,0.003088,0.0083468,0.0022336,0.0030902,0.008297
-1.2e-05,0.00381,0.0088698,-1.2e-05,0.0038126,0.008819
0.003807,0.000144,0.0143988,0.0038071,0.000144,0.014339
0.002799,-0.002585,0.0086058,0.002801,-0.0025868,0.0085555
-0.003581,-0.001301,0.0143988,-0.0035811,-0.001301,0.014339
-0.00061,-0.003761,0.0146598,-0.00061,-0.003761,0.0145999
0.003169,-0.002115,0.0091298,0.0031711,-0.0021164,0.0090786
0.00236,0.002991,0.0143998,0.0023601,0.0029911,0.01434
0.003783,-0.000454,0.0149218,0.003783,-0.000454,0.0148619
0.001853,-0.003329,0.0149208,0.001853,-0.003329,0.0148609
0.003706,-0.000886,0.0088678,0.0037085,-0.0008866,0.0088171
-0.002233,0.003087,0.0151858,-0.002233,0.003087,0.0151258
-0.000149,-0.003807,0.0091268,-0.0001491,-0.0038095,0.0090756
0.00224,-0.003082,0.0088668,0.0022415,-0.0030841,0.008816
0.003457,-0.001602,0.0143978,0.0034571,-0.001602,0.014338
0.003164,-0.002123,0.0143978,0.0031641,-0.002123,0.014338
-0.000447,0.003784,0.0149248,-0.000447,0.003784,0.0148649
-0.003178,0.002102,0.0086078,-0.0031802,0.0021035,0.0085575
0.002232,-0.003088,0.0151818,0.002232,-0.003088,0.0151218
-0.00223,-0.003089,0.0083428,-0.0022316,-0.0030912,0.008293
-0.000757,-0.003734,0.0143978,-0.000757,-0.0037341,0.014338
-0.000163,-0.003807,0.0149208,-0.000163,-0.003807,0.0148609
-0.003467,0.001579,0.0091318,-0.0034693,0.00158,0.0090806
-0.003569,0.001334,0.0143998,-0.0035691,0.001334,0.01434
0.00381,-6e-06,0.0146598,0.00381,-6e-06,0.0145999
-0.003786,0.00043,0.0091318,-0.0037885,0.0004303,0.0090805
0.000731,-0.003739,0.0143978,0.000731,-0.0037391,0.014338
-0.00363,-0.001158,0.0146608,-0.00363,-0.001158,0.0146009
0.001853,0.003329,0.0091318,0.0018542,0.0033312,0.0090806
0.00172,-0.003399,0.0146588,0.00172,-0.003399,0.0145989
-0.001471,0.003515,0.0088698,-0.001472,0.0035174,0.008819
-0.002108,-0.003174,0.0086038,-0.0021095,-0.0031762,0.0085535
0.00015,0.003807,0.0149248,0.00015,0.003807,0.0148649
0.001318,-0.003575,0.0091278,0.0013189,-0.0035774,0.0090766
0.001034,0.003667,0.0144018,0.001034,0.0036671,0.014342
0.003762,-0.000602,0.0146598,0.003762,-0.000602,0.0145999
-0.000595,0.003763,0.0146638,-0.000595,0.003763,0.0146039
-0.003452,-0.001612,0.0086068,-0.0034544,-0.0016131,0.0085565
-0.003403,0.001714,0.0088698,-0.0034053,0.0017152,0.008819
0.003326,0.001858,0.0149218,0.003326,0.001858,0.0148619
0.001458,0.00352,0.0141388,0.0014581,0.0035202,0.0140792
-0.003781,0.000467,0.0143998,-0.0037811,0.000467,0.01434
-0.002231,-0.003089,0.0088648,-0.0022325,-0.0030911,0.0088141
0.003799,0.000294,0.0141368,0.0037992,0.000294,0.0140772
0.000585,0.003765,0.0088698,0.0005854,0.0037676,0.008819
0.002467,-0.002903,0.0146598,0.002467,-0.002903,0.0145999
-0.002467,0.002903,0.0151858,-0.002467,0.002903,0.0151258
0.001721,0.003399,0.0093938,0.0017221,0.0034012,0.0093421
-0.002908,0.002462,0.0088698,-0.00291,0.0024637,0.008819
-0.0038,-0.00028,0.0141378,-0.0038002,-0.00028,0.0140782
-0.001874,0.003317,0.0091308,-0.0018752,0.0033192,0.0090796
-0.003387,-0.001745,0.0088678,-0.0033893,-0.0017462,0.008817
-0.002686,-0.002703,0.0093898,-0.0026877,-0.0027047,0.0093381
-0.002252,-0.003073,0.0141358,-0.0022521,-0.0030731,0.0140762
-0.003178,-0.002102,0.0143988,-0.0031781,-0.002102,0.014339
0.002892,0.00248,0.0088688,0.002894,0.0024817,0.008818
0.003737,-0.00074,0.0091298,0.0037395,-0.0007405,0.0090786
0.00258,0.002804,0.0086078,0.0025818,0.002806,0.0085575
0.002994,0.002356,0.0149228,0.002994,0.002356,0.0148629
0.003392,0.001735,0.0093918,0.0033942,0.0017361,0.0093401
-0.002485,0.002888,0.0093928,-0.0024866,0.0028899,0.0093411
0.003518,0.001463,0.0093918,0.0035202,0.0014639,0.0093401
0.003164,0.002122,0.0091308,0.0031661,0.0021234,0.0090796
0.00317,0.002114,0.0149218,0.00317,0.002114,0.0148619
0.001024,0.00367,0.0091318,0.0010247,0.0036724,0.0090806
0.002898,-0.002473,0.0088678,0.0029,-0.0024747,0.008817
0.003807,-0.000156,0.0149218,0.003807,-0.000156,0.0148619
0.003668,0.00103,0.0143988,0.0036681,0.00103,0.014339
0.003522,0.001454,0.0146608,0.003522,0.001454,0.0146009
0.002116,-0.003168,0.0091288,0.0021174,-0.0031701,0.0090776
0.003624,-0.001174,0.0088678,0.0036265,-0.0011748,0.008817
-0.003159,-0.00213,0.0091288,-0.0031611,-0.0021314,0.0090776
0.003783,0.000452,0.0091298,0.0037855,0.0004523,0.0090786
-0.001857,0.003327,0.0149248,-0.001857,0.003327,0.0148649
-0.002888,-0.002485,0.0093898,-0.0028898,-0.0024866,0.0093381
0.000596,0.003763,0.0146638,0.000596,0.003763,0.0146039
0.002696,0.002693,0.0146618,0.002696,0.002693,0.0146019
0.003249,-0.00199,0.0093918,0.0032511,-0.0019913,0.0093401
-0.003568,-0.001336,0.0086068,-0.0035705,-0.0013369,0.0085565
-0.000742,0.003737,0.0144018,-0.000742,0.0037371,0.014342
-0.003074,0.002251,0.0151848,-0.003074,0.002251,0.0151248
0.002109,-0.003173,0.0149208,0.002109,-0.003173,0.0148609
-0.00374,0.000726,0.0091318,-0.0037425,0.0007265,0.0090805
0.000889,-0.003705,0.0088658,0.0008896,-0.0037075,0.008815
-0.003527,-0.001441,0.0141368,-0.0035272,-0.0014411,0.0140772
0.001991,0.003248,0.0141388,0.0019911,0.0032481,0.0140792
0.00381,4e-06,0.0093918,0.0038124,4e-06,0.0093401
0.001177,0.003624,0.0141388,0.001177,0.0036242,0.0140792
0.000299,-0.003798,0.0088658,0.0002992,-0.0038006,0.008815
-0.001455,0.003521,0.0146638,-0.001455,0.003521,0.0146039
0.002475,-0.002897,0.0088668,0.0024767,-0.002899,0.008816
-0.002251,0.003074,0.0093928,-0.0022524,0.003076,0.0093411
-0.001854,-0.003328,0.0086038,-0.0018553,-0.0033303,0.0085535
0.000286,-0.003799,0.0146588,0.000286,-0.003799,0.0145989
-0.001452,-0.003522,0.0088648,-0.001453,-0.0035244,0.008814
0.003078,-0.002246,0.0141358,0.0030781,-0.0022461,0.0140762
0.003396,-0.001728,0.0093918,0.0033982,-0.0017291,0.0093401
-0.003741,-0.000724,0.0143998,-0.0037411,-0.000724,0.01434
0.00224,0.003082,0.0141378,0.0022401,0.0030821,0.0140782
-0.000149,0.003807,0.0149248,-0.000149,0.003807,0.0148649
0.003736,-0.00075,0.0143988,0.0037361,-0.00075,0.014339
-0.003781,-0.000466,0.0091308,-0.0037835,-0.0004663,0.0090796
-0.001031,-0.003668,0.0091258,-0.0010317,-0.0036704,0.0090746
0.000448,-0.003784,0.0086038,0.0004483,-0.0037866,0.0085535
-0.001033,0.003667,0.0144018,-0.001033,0.0036671,0.014342
-0.00381,1.9e-05,0.0141378,-0.0038102,1.9e-05,0.0140782
-0.003403,-0.001714,0.0141368,-0.0034031,-0.0017141,0.0140772
-0.003618,0.001193,0.0141378,-0.0036182,0.001193,0.0140782
-0.003317,0.001875,0.0149238,-0.003317,0.001875,0.0148639
-0.001047,0.003663,0.0091308,-0.0010477,0.0036654,0.0090795
-0.002487,-0.002887,0.0141368,-0.0024871,-0.0028871,0.0140772
-0.000903,-0.003701,0.0141358,-0.000903,-0.0037012,0.0140762
-0.0037,-0.000908,0.0088688,-0.0037025,-0.0009086,0.008818
0.003321,-0.001868,0.0143978,0.0033211,-0.001868,0.014338
-0.0038,0.000282,0.0093938,-0.0038024,0.0002822,0.0093421
-0.00281,-0.002573,0.0143988,-0.0028101,-0.0025731,0.014339
-0.003701,0.000906,0.0141378,-0.0037012,0.000906,0.0140782
0.003764,0.000591,0.0141368,0.0037642,0.000591,0.0140772
0.001167,-0.003627,0.0141348,0.001167,-0.0036271,0.0140752
0.003621,-0.001184,0.0141358,0.0036212,-0.0011841,0.0140762
0.001585,-0.003464,0.0143978,0.001585,-0.0034641,0.014338
0.002109,0.003173,0.0086078,0.0021105,0.0031752,0.0085575
0.00258,-0.002804,0.0143978,0.0025801,-0.0028041,0.014338
0.003799,-0.000296,0.0093918,0.0038014,-0.0002962,0.0093401
0.001457,-0.003521,0.0093898,0.0014579,-0.0035232,0.0093381
-0.001609,-0.003453,0.0143978,-0.001609,-0.0034531,0.014338
-0.000608,0.003761,0.0093938,-0.0006084,0.0037634,0.0093421
0.003517,-0.001464,0.0141358,0.0035172,-0.0014641,0.0140762
0.001729,-0.003395,0.0093898,0.0017301,-0.0033972,0.0093381
-0.00381,-1.8e-05,0.0093928,-0.0038124,-1.8e-05,0.0093411
-0.003629,0.001162,0.0093938,-0.0036313,0.0011627,0.0093421
-0.003526,0.001443,0.0093938,-0.0035283,0.0014439,0.0093421
-0.000298,-0.003798,0.0093888,-0.0002982,-0.0038004,0.0093371
-0.000311,0.003797,0.0093938,-0.0003112,0.0037994,0.0093421
0.003575,-0.001316,0.0091298,0.0035774,-0.0013169,0.0090786
0.002892,-0.002481,0.0141358,0.0028921,-0.0024811,0.0140762
-0.001191,-0.003619,0.0141358,-0.0011911,-0.0036192,0.0140762
0.00173,0.003395,0.0141388,0.0017301,0.0033951,0.0140792
0.003704,0.000894,0.0093918,0.0037064,0.0008946,0.0093401
0.001449,0.003524,0.0093938,0.0014499,0.0035262,0.0093421
0.000878,-0.003707,0.0141348,0.000878,-0.0037072,0.0140752
-0.000595,-0.003763,0.0093878,-0.0005954,-0.0037654,0.0093361
0.003762,0.0006,0.0093918,0.0037644,0.0006004,0.0093401
0.00381,-5e-06,0.0141368,0.0038102,-5e-06,0.0140772
0.003798,0.000303,0.0093918,0.0038004,0.0003032,0.0093401
-0.002466,-0.002904,0.0093888,-0.0024676,-0.0029058,0.0093371
-0.002004,-0.00324,0.0141358,-0.0020041,-0.0032401,0.0140762
-0.001876,-0.003316,0.0143978,-0.001876,-0.0033161,0.014338
-0.00235,-0.002999,0.0091268,-0.0023515,-0.003001,0.0090756
0.001982,-0.003254,0.0146598,0.001982,-0.003254,0.0145999
0.003245,0.001996,0.0093928,0.0032471,0.0019973,0.0093411
0.001983,0.003253,0.0093928,0.0019843,0.0032551,0.0093411
0.003798,-0.000305,0.0146608,0.003798,-0.000305,0.0146009
0.002695,-0.002693,0.0088678,0.0026968,-0.0026948,0.008817
0.003668,-0.001031,0.0091298,0.0036705,-0.0010317,0.0090786
0.003396,0.001726,0.0146608,0.003396,0.001726,0.0146009
-0.000313,-0.003797,0.0146598,-0.000313,-0.003797,0.0145999
-0.002808,0.002575,0.0091308,-0.0028099,0.0025767,0.0090795
0.002588,0.002797,0.0143998,0.0025881,0.0027971,0.01434
0.000299,0.003798,0.0146638,0.000299,0.003798,0.0146039
-0.002111,0.003172,0.0149248,-0.002111,0.003172,0.0148649
-0.003629,-0.00116,0.0141368,-0.0036292,-0.00116,0.0140772
0.001176,-0.003624,0.0093898,0.0011767,-0.0036263,0.0093381
0.00015,-0.003807,0.0091268,0.0001501,-0.0038095,0.0090756
0.002993,-0.002358,0.0091288,0.002995,-0.0023596,0.0090775
0.002352,0.002998,0.0086078,0.0023537,0.0030001,0.0085575
0.000287,0.003799,0.0088698,0.0002872,0.0038016,0.008819
0.00325,0.001988,0.0146608,0.00325,0.001988,0.0146009
-0.000462,-0.003782,0.0143978,-0.000462,-0.0037821,0.014338
-0.002705,0.002684,0.0093928,-0.0027067,0.0026857,0.0093411
0.000596,-0.003763,0.0088658,0.0005964,-0.0037656,0.008815
0.001033,-0.003667,0.0091278,0.0010337,-0.0036694,0.0090766
-0.003514,0.001473,0.0141378,-0.0035141,0.0014731,0.0140782
-0.003453,0.001609,0.0144008,-0.0034531,0.001609,0.014341
-0.003766,0.000579,0.0093938,-0.0037684,0.0005794,0.009342
0.003245,-0.001997,0.0141358,0.0032451,-0.0019971,0.0140762
0.000435,-0.003785,0.0143978,0.000435,-0.0037851,0.014338
0.002351,-0.002998,0.0149208,0.002351,-0.002998,0.0148609
-0.003672,-0.001016,0.0143988,-0.0036721,-0.001016,0.014339
0.003083,-0.002239,0.0093908,0.003085,-0.0022405,0.0093391
0.001448,-0.003524,0.0141348,0.0014481,-0.0035241,0.0140752
0.003703,-0.000896,0.0141358,0.0037032,-0.000896,0.0140762
-0.00061,-0.003761,0.0141358,-0.00061,-0.0037611,0.0140762
-0.000902,0.003702,0.0093938,-0.0009026,0.0037043,0.0093421
0.000743,0.003737,0.0144018,0.000743,0.0037371,0.014342
-0.000447,0.003784,0.0144018,-0.000447,0.0037841,0.014342
0.002109,0.003173,0.0091308,0.0021104,0.0031751,0.0090795
0.003807,-0.000155,0.0143988,0.0038071,-0.000155,0.014339
-0.003388,0.001744,0.0146628,-0.003388,0.001744,0.0146029
-0.003709,0.000873,0.0093938,-0.0037114,0.0008736,0.0093421
-0.0,-0.00381,0.0093888,-0.0,-0.0038125,0.0093371
-0.003003,-0.002345,0.0143988,-0.0030031,-0.0023451,0.014339
-0.000299,0.003798,0.0146638,-0.000299,0.003798,0.0146039
0.003622,0.001182,0.0093918,0.0036243,0.0011828,0.0093401
-0.003766,-0.000578,0.0141378,-0.0037662,-0.000578,0.0140782
0.003807,0.000153,0.0096538,0.0038093,0.0001531,0.0096016
0.000732,0.003739,0.0091318,0.0007325,0.0037415,0.0090805
0.001853,-0.003329,0.0143978,0.001853,-0.0033291,0.014338
-0.002003,0.003241,0.0093928,-0.0020043,0.0032431,0.0093411
-0.002686,0.002702,0.0151858,-0.002686,0.002702,0.0151258
0.003576,0.001315,0.0143988,0.0035761,0.001315,0.014339
0.001023,-0.00367,0.0138728,0.0010231,-0.0036703,0.0138135
0.002475,0.002896,0.0141378,0.0024751,0.0028961,0.0140782
-0.003258,-0.001976,0.0141368,-0.0032581,-0.0019761,0.0140772
-0.001608,0.003454,0.0091308,-0.0016091,0.0034563,0.0090796
-0.003316,-0.001876,0.0091288,-0.0033182,-0.0018772,0.0090776
0.002688,0.0027,0.0088688,0.0026898,0.0027018,0.008818
0.003764,-0.000593,0.0093918,0.0037664,-0.0005934,0.0093401
0.003666,0.001039,0.0096538,0.0036683,0.0010396,0.0096016
0.001168,0.003627,0.0093938,0.0011687,0.0036293,0.0093421
0.001854,0.003329,0.0096558,0.0018552,0.003331,0.0096036
-0.001983,-0.003253,0.0088648,-0.0019844,-0.0032552,0.0088141
0.002988,0.002364,0.0091308,0.00299,0.0023656,0.0090796
-0.002129,-0.003159,0.0138738,-0.0021292,-0.0031592,0.0138145
0.000138,0.003808,0.0091318,0.0001381,0.0038105,0.0090805
-0.00046,0.003782,0.0096558,-0.0004603,0.0037843,0.0096036
0.001308,-0.003578,0.0138728,0.0013081,-0.0035783,0.0138135
0.000447,-0.003784,0.0091268,0.0004473,-0.0037865,0.0090756
0.002359,-0.002992,0.0091288,0.0023606,-0.002994,0.0090775
0.001317,-0.003575,0.0096518,0.0013178,-0.0035772,0.0095996
-0.001316,0.003575,0.0144018,-0.001316,0.0035751,0.014342
-1.3e-05,-0.00381,0.0146598,-1.3e-05,-0.00381,0.0145999
0.001318,0.003575,0.0138768,0.0013181,0.0035753,0.0138175
-0.003513,-0.001475,0.0088678,-0.0035154,-0.001476,0.008817
-0.001725,0.003397,0.0146638,-0.001725,0.003397,0.0146039
-0.00279,-0.002595,0.0096528,-0.0027917,-0.0025966,0.0096006
-0.000596,0.003763,0.0141398,-0.000596,0.0037632,0.0140802
0.002899,0.002472,0.0146608,0.002899,0.002472,0.0146009
-0.003618,-0.001195,0.0088688,-0.0036205,-0.0011958,0.008818
-0.002889,0.002484,0.0151858,-0.002889,0.002484,0.0151258
0.00199,-0.003249,0.0093908,0.0019913,-0.0032511,0.0093391
-0.00316,0.002129,0.0149238,-0.00316,0.002129,0.0148639
0.003321,0.001867,0.0096548,0.003323,0.0018681,0.0096026
-0.002596,0.002788,0.0096558,-0.0025976,0.0027897,0.0096036
-0.003569,0.001333,0.0138758,-0.0035692,0.0013331,0.0138165
0.003807,0.000145,0.0138738,0.0038073,0.000145,0.0138145
0.000889,0.003705,0.0141398,0.000889,0.0037051,0.0140802
0.003521,-0.001456,0.0093918,0.0035232,-0.0014569,0.0093401
-0.003074,-0.002251,0.0093908,-0.003076,-0.0022524,0.0093391
-0.002369,0.002984,0.0096558,-0.0023704,0.0029858,0.0096036
-0.001723,-0.003398,0.0088648,-0.0017242,-0.0034003,0.008814
-0.003258,0.001976,0.0088698,-0.0032602,0.0019773,0.008819
-0.001314,-0.003576,0.0091258,-0.0013149,-0.0035784,0.0090746
-0.001048,-0.003663,0.0138728,-0.0010481,-0.0036633,0.0138135
0.003325,-0.001861,0.0096538,0.003327,-0.0018621,0.0096016
0.003807,-0.000146,0.0096538,0.0038093,-0.0001461,0.0096016
-0.000755,0.003734,0.0096558,-0.0007555,0.0037363,0.0096036
-0.0,0.00381,0.0146638,0.0,0.00381,0.0146039
-0.002578,-0.002805,0.0096518,-0.0025796,-0.0028067,0.0095996
0.003458,0.0016,0.0096548,0.0034601,0.001601,0.0096026
0.001593,-0.003461,0.0096518,0.001594,-0.0034631,0.0095996
-0.003733,-0.000761,0.0091308,-0.0037355,-0.0007615,0.0090795
-0.000887,-0.003705,0.0093878,-0.0008876,-0.0037074,0.0093361
0.002117,0.003168,0.0138758,0.0021172,0.0031682,0.0138165
-0.003797,0.000317,0.0141378,-0.0037972,0.000317,0.0140782
-0.003467,-0.00158,0.0138748,-0.0034672,-0.0015801,0.0138155
-0.003785,0.000432,0.0096558,-0.0037873,0.0004323,0.0096036
-0.003671,0.001019,0.0096558,-0.0036732,0.0010196,0.0096036
-0.002706,-0.002682,0.0141368,-0.0027061,-0.0026821,0.0140772
0.001595,0.00346,0.0138768,0.0015951,0.0034602,0.0138175
0.000584,-0.003765,0.0141348,0.000584,-0.0037652,0.0140752
0.003164,-0.002123,0.0138728,0.0031642,-0.0021232,0.0138135
0.003706,0.000885,0.0141368,0.0037062,0.000885,0.0140772
-0.003663,0.00105,0.0138758,-0.0036632,0.0010501,0.0138165
0.003784,0.000443,0.0138738,0.0037843,0.000443,0.0138145
0.003168,-0.002116,0.0096538,0.0031699,-0.0021173,0.0096016
-0.003797,-0.000316,0.0093938,-0.0037994,-0.0003162,0.0093421
0.003084,0.002237,0.0146608,0.003084,0.002237,0.0146009
0.003665,-0.00104,0.0138738,0.0036653,-0.0010401,0.0138145
-0.000757,-0.003734,0.0138728,-0.0007571,-0.0037342,0.0138135
0.002232,0.003088,0.0088698,0.0022335,0.0030901,0.008819
-0.003808,0.000133,0.0096558,-0.0038103,0.0001331,0.0096036
-0.001472,-0.003514,0.0141358,-0.0014721,-0.0035141,0.0140762
-0.002371,-0.002982,0.0138738,-0.0023712,-0.0029822,0.0138145
-0.003092,0.002226,0.0088698,-0.0030941,0.0022275,0.008819
0.003783,-0.000454,0.0143988,0.0037831,-0.000454,0.014339
0.003572,-0.001325,0.0138738,0.0035722,-0.0013251,0.0138145
0.002688,-0.0027,0.0141358,0.0026881,-0.0027001,0.0140762
0.002351,-0.002998,0.0143978,0.0023511,-0.0029981,0.014338
-0.001332,0.00357,0.0091308,-0.0013329,0.0035724,0.0090796
-0.00358,0.001304,0.0096558,-0.0035822,0.0013048,0.0096036
-0.000888,0.003705,0.0141398,-0.000888,0.0037052,0.0140802
-0.003402,0.001715,0.0093938,-0.0034042,0.0017161,0.0093421
-0.00015,-0.003807,0.0096508,-0.0001501,-0.0038094,0.0095986
-1.2e-05,0.00381,0.0093938,-1.2e-05,0.0038124,0.009342
0.003736,0.000747,0.0096548,0.0037383,0.0007475,0.0096026
-0.002352,0.002997,0.0149248,-0.002352,0.002997,0.0148649
-0.00358,-0.001302,0.0138748,-0.0035803,-0.0013021,0.0138155
-0.003332,0.001847,0.0091308,-0.0033342,0.0018482,0.0090796
-0.003808,-0.000132,0.0138748,-0.0038083,-0.000132,0.0138155
0.001861,0.003324,0.0138758,0.0018611,0.0033242,0.0138165
-0.00376,0.000614,0.0141378,-0.0037602,0.000614,0.0140782
0.002987,-0.002365,0.0138728,0.0029872,-0.0023652,0.0138135
0.001587,0.003464,0.0096558,0.001588,0.0034661,0.0096036
0.003391,-0.001736,0.0141358,0.0033911,-0.0017361,0.0140762
-0.003786,-0.00043,0.0138758,-0.0037863,-0.00043,0.0138165
-0.000448,-0.003784,0.0096508,-0.0004483,-0.0037864,0.0095986
0.003326,0.001859,0.0143988,0.0033261,0.001859,0.014339
0.003783,0.000452,0.0096538,0.0037853,0.0004523,0.0096016
0.002232,-0.003088,0.0146598,0.002232,-0.003088,0.0145999
0.000732,-0.003739,0.0138728,0.0007321,-0.0037393,0.0138135
-0.003806,0.000167,0.0138758,-0.0038063,0.000167,0.0138165
0.003573,0.001323,0.0096538,0.0035752,0.0013238,0.0096016
0.003078,0.002245,0.0093928,0.00308,0.0022464,0.0093411
-0.000161,0.003807,0.0096558,-0.0001611,0.0038093,0.0096036
0.000742,-0.003737,0.0091278,0.0007425,-0.0037395,0.0090766
-0.000299,0.003798,0.0141398,-0.000299,0.0037982,0.0140802
-0.003002,0.002346,0.0091308,-0.003004,0.0023475,0.0090796
0.002799,0.002585,0.0143998,0.0027991,0.0025851,0.01434
0.000447,0.003784,0.0144018,0.000447,0.0037841,0.014342
0.003164,0.002122,0.0096548,0.0031659,0.0021233,0.0096026
-0.001986,0.003252,0.0146638,-0.001986,0.003252,0.0146039
0.002898,-0.002474,0.0093908,0.0028998,-0.0024756,0.009339
-0.002908,-0.002461,0.0141368,-0.0029081,-0.0024611,0.0140772
0.00172,-0.003399,0.0141348,0.0017201,-0.0033991,0.0140752
-0.002984,-0.002369,0.0096528,-0.0029858,-0.0023704,0.0096006
-0.001743,-0.003388,0.0141358,-0.0017431,-0.0033882,0.0140762
0.003762,-0.000602,0.0141358,0.0037621,-0.000602,0.0140762
0.003461,-0.001594,0.0096538,0.0034631,-0.001595,0.0096016
-0.001332,-0.003569,0.0138738,-0.0013321,-0.0035692,0.0138145
0.003807,-0.000155,0.0138738,0.0038073,-0.000155,0.0138145
-0.003454,0.001608,0.0138758,-0.0034542,0.0016081,0.0138165
-0.002907,0.002463,0.0093928,-0.0029089,0.0024646,0.0093411
-0.000312,-0.003797,0.0141348,-0.000312,-0.0037972,0.0140752
0.001032,-0.003668,0.0096518,0.0010326,-0.0036703,0.0095996
0.002359,0.002992,0.0138758,0.0023592,0.0029922,0.0138165
0.003736,-0.000749,0.0138738,0.0037363,-0.0007491,0.0138145
-0.003388,0.001743,0.0141388,-0.0033881,0.0017431,0.0140792
0.000137,-0.003808,0.0143978,0.000137,-0.0038081,0.014338
-0.000163,-0.003807,0.0143978,-0.000163,-0.0038071,0.014338
0.002233,0.003087,0.0093928,0.0022344,0.003089,0.0093411
-0.001875,-0.003317,0.0138738,-0.0018751,-0.0033172,0.0138145
-0.00119,0.003619,0.0093938,-0.0011908,0.0036213,0.0093421
-0.003709,-0.000871,0.0141378,-0.0037092,-0.000871,0.0140782
-0.00374,0.000728,0.0096558,-0.0037423,0.0007284,0.0096036
0.002798,-0.002586,0.0091288,0.0027998,-0.0025877,0.0090775
0.000148,-0.003807,0.0096508,0.0001481,-0.0038094,0.0095986
-0.00015,0.003807,0.0144018,-0.00015,0.0038071,0.014342
-0.002807,0.002576,0.0096558,-0.0028087,0.0025776,0.0096036
0.000298,-0.003798,0.0093888,0.0002982,-0.0038004,0.0093371
-0.003466,0.001581,0.0096558,-0.0034681,0.001582,0.0096036
-0.003093,-0.002225,0.0141368,-0.0030931,-0.0022251,0.0140772
0.003798,-0.000305,0.0141368,0.0037982,-0.000305,0.0140772
0.001033,0.003667,0.0138768,0.0010331,0.0036673,0.0138175
0.003462,0.001592,0.0143988,0.0034621,0.001592,0.014339
0.002467,-0.002903,0.0141348,0.0024671,-0.0029031,0.0140752
0.00211,0.003173,0.0096558,0.0021113,0.003175,0.0096036
0.003321,-0.001868,0.0138738,0.0033212,-0.0018681,0.0138145
-0.003332,-0.001847,0.0138748,-0.0033322,-0.0018471,0.0138155
0.002109,-0.003173,0.0143978,0.0021091,-0.0031731,0.014338
0.003798,0.000302,0.0099168,0.0038002,0.0003022,0.0098642
0.000879,0.003707,0.0093938,0.0008795,0.0037094,0.0093421
-0.002128,0.00316,0.0096558,-0.0021293,0.0031619,0.0096036
-0.002579,0.002805,0.0149248,-0.002579,0.002805,0.0148649
0.002695,0.002693,0.0141378,0.0026951,0.0026931,0.0140782
0.003625,0.001173,0.0141368,0.0036252,0.0011731,0.0140772
0.000878,-0.003707,0.0136098,0.0008781,-0.0037074,0.0135508
0.002232,-0.003088,0.0141348,0.0022321,-0.0030881,0.0140752
-0.001742,0.003388,0.0093928,-0.0017431,0.0033902,0.0093411
-0.003241,-0.002004,0.0093908,-0.0032431,-0.0020053,0.0093391
-0.002232,-0.003088,0.0093888,-0.0022334,-0.00309,0.0093371
0.002468,0.002903,0.0088688,0.0024697,0.002905,0.008818
0.002792,-0.002592,0.0138728,0.0027922,-0.0025922,0.0138135
0.003784,-0.000445,0.0096538,0.0037863,-0.0004453,0.0096016
0.00131,0.003578,0.0096558,0.0013108,0.0035802,0.0096036
-0.00031,0.003797,0.0099188,-0.0003102,0.0037992,0.0098661
0.003457,-0.001601,0.0138738,0.0034573,-0.0016011,0.0138145
0.002793,0.002592,0.0091308,0.0027949,0.0025937,0.0090795
-0.003708,0.000875,0.0099188,-0.0037102,0.0008755,0.0098661
0.000436,0.003785,0.0091318,0.0004363,0.0037875,0.0090805
-0.003317,0.001875,0.0144008,-0.0033171,0.001875,0.014341
0.00381,3e-06,0.0099168,0.0038122,3e-06,0.0098641
-2e-06,-0.00381,0.0099138,-2e-06,-0.0038122,0.0098611
0.001586,-0.003464,0.0138728,0.0015861,-0.0034642,0.0138135
-0.002703,0.002685,0.0099178,-0.0027046,0.0026866,0.0098651
-0.00376,-0.000613,0.0093928,-0.0037624,-0.0006134,0.0093411
-0.001592,0.003462,0.0144018,-0.001592,0.0034621,0.014342
-0.002003,-0.003241,0.0136108,-0.0020032,-0.0032413,0.0135518
-0.00381,1.6e-05,0.0136128,-0.0038104,1.6e-05,0.0135538
-0.002351,-0.002998,0.0096508,-0.0023525,-0.0029998,0.0095986
-0.000742,-0.003737,0.0096498,-0.0007425,-0.0037393,0.0095976
0.000149,0.003807,0.0144018,0.000149,0.0038071,0.014342
-0.003628,0.001164,0.0099188,-0.0036301,0.0011647,0.0098661
0.000595,0.003763,0.0141398,0.000595,0.0037631,0.0140802
0.002239,-0.003083,0.0093908,0.0022404,-0.003085,0.0093391
-0.002984,0.002369,0.0149238,-0.002984,0.002369,0.0148639
0.002992,-0.002358,0.0096528,0.0029938,-0.0023594,0.0096006
0.003705,-0.000887,0.0093918,0.0037074,-0.0008876,0.0093401
-0.00374,-0.000726,0.0138748,-0.0037403,-0.0007261,0.0138155
0.003738,0.000739,0.0138738,0.0037383,0.0007391,0.0138145
-0.002484,0.002889,0.0099178,-0.0024855,0.0028907,0.0098651
-0.00289,-0.002483,0.0099148,-0.0028917,-0.0024845,0.0098621
0.003624,-0.001175,0.0093918,0.0036263,-0.0011758,0.0093401
-0.001046,0.003664,0.0096558,-0.0010466,0.0036663,0.0096036
0.00186,-0.003325,0.0096528,0.0018611,-0.0033271,0.0096006
-0.003806,-0.000166,0.0096558,-0.0038083,-0.0001661,0.0096036
0.000286,-0.003799,0.0141348,0.000286,-0.0037992,0.0140752
-0.0038,-0.000282,0.0136128,-0.0038004,-0.000282,0.0135538
-0.001589,-0.003463,0.0091258,-0.0015901,-0.0034653,0.0090746
-0.001174,-0.003625,0.0093878,-0.0011747,-0.0036273,0.0093361
-0.0003,-0.003798,0.0099128,-0.0003002,-0.0038002,0.0098601
0.001176,0.003624,0.0136138,0.0011761,0.0036244,0.0135548
-0.003515,0.001471,0.0136128,-0.0035154,0.0014712,0.0135538
-0.000461,-0.003782,0.0138728,-0.000461,-0.0037823,0.0138135
-0.002687,-0.002701,0.0099148,-0.0026886,-0.0027026,0.0098621
0.003392,0.001734,0.0099168,0.003394,0.001735,0.0098641
0.000888,-0.003705,0.0093888,0.0008886,-0.0037074,0.0093371
0.00224,0.003082,0.0136128,0.0022402,0.0030823,0.0135538
-0.003662,-0.001052,0.0091308,-0.0036644,-0.0010527,0.0090795
-0.003453,-0.001611,0.0091298,-0.0034553,-0.001612,0.0090786
0.003703,-0.000895,0.0136108,0.0037034,-0.0008951,0.0135518
0.00199,0.003249,0.0136128,0.0019902,0.0032493,0.0135538
0.001456,-0.003521,0.0099148,0.0014569,-0.0035231,0.0098621
0.003622,0.001182,0.0099168,0.0036241,0.0011827,0.0098641
0.003395,-0.001729,0.0099168,0.003397,-0.00173,0.0098641
-0.001176,0.003624,0.0141398,-0.001176,0.0036241,0.0140802
-0.002598,-0.002787,0.0138738,-0.0025982,-0.0027872,0.0138145
-0.003733,0.00076,0.0138758,-0.0037333,0.0007601,0.0138165
0.001722,0.003399,0.0099188,0.001723,0.003401,0.0098661
-0.003619,0.001192,0.0136138,-0.0036194,0.0011921,0.0135548
0.001457,0.00352,0.0136138,0.0014572,0.0035204,0.0135548
0.003799,0.000294,0.0136108,0.0037994,0.000294,0.0135518
0.002586,-0.002798,0.0091288,0.0025877,-0.0027999,0.0090775
0.003249,-0.00199,0.0099158,0.0032509,-0.0019912,0.0098631
0.00317,0.002114,0.0143988,0.0031701,0.002114,0.014339
0.003246,0.001996,0.0099178,0.0032479,0.0019972,0.0098651
-0.003331,0.001849,0.0096558,-0.003333,0.0018501,0.0096036
-0.000903,-0.003702,0.0136098,-0.0009031,-0.0037024,0.0135508
0.001984,0.003253,0.0099188,0.0019852,0.0032549,0.0098661
0.002352,0.002997,0.0091308,0.0023536,0.002999,0.0090795
-0.000607,0.003761,0.0099188,-0.0006074,0.0037632,0.0098661
-0.00119,-0.003619,0.0136098,-0.0011901,-0.0036194,0.0135508
-0.003799,0.000284,0.0099188,-0.0038012,0.0002842,0.0098661
-0.003672,-0.001017,0.0138748,-0.0036723,-0.0010171,0.0138155
0.003622,-0.001183,0.0136108,0.0036224,-0.0011831,0.0135518
-0.003241,0.002003,0.0146628,-0.003241,0.002003,0.0146029
-0.000743,0.003737,0.0138778,-0.0007431,0.0037373,0.0138185
-0.002109,-0.003173,0.0091268,-0.0021104,-0.0031751,0.0090756
0.000288,0.003799,0.0093938,0.0002882,0.0038014,0.0093421
0.003704,0.000893,0.0099168,0.0037062,0.0008935,0.0098642
-0.002233,0.003087,0.0146638,-0.002233,0.003087,0.0146039
0.001167,-0.003627,0.0136098,0.0011671,-0.0036274,0.0135508
0.001175,-0.003624,0.0099148,0.0011757,-0.0036261,0.0098621
-0.003257,0.001977,0.0093928,-0.0032591,0.0019783,0.0093411
-0.002251,-0.003074,0.0136108,-0.0022512,-0.0030743,0.0135518
-0.000448,0.003784,0.0138778,-0.000448,0.0037843,0.0138185
0.003245,-0.001997,0.0136108,0.0032453,-0.0019972,0.0135518
-0.003765,0.000582,0.0099188,-0.0037672,0.0005823,0.0098661
-0.003402,-0.001716,0.0136118,-0.0034024,-0.0017162,0.0135528
0.00381,-5e-06,0.0136108,0.0038104,-5e-06,0.0135518
-0.003526,-0.001443,0.0136118,-0.0035264,-0.0014432,0.0135528
0.003078,-0.002246,0.0136108,0.0030783,-0.0022462,0.0135518
-0.00316,-0.002128,0.0096528,-0.0031619,-0.0021293,0.0096006
0.000436,-0.003785,0.0138728,0.000436,-0.0037853,0.0138135
0.000584,-0.003765,0.0136098,0.0005841,-0.0037654,0.0135508
-0.003782,0.000465,0.0138758,-0.0037823,0.000465,0.0138165
0.002892,0.00248,0.0093928,0.0028938,0.0024816,0.0093411
-0.003075,0.00225,0.0146628,-0.003075,0.00225,0.0146029
0.000585,0.003765,0.0093938,0.0005854,0.0037674,0.0093421
-0.003257,-0.001977,0.0136118,-0.0032573,-0.0019772,0.0135528
-0.001033,0.003667,0.0138778,-0.0010331,0.0036673,0.0138185
-0.003177,-0.002103,0.0138748,-0.0031772,-0.0021031,0.0138155
-0.003177,0.002103,0.0091308,-0.0031791,0.0021044,0.0090796
0.000297,-0.003798,0.0099138,0.0002972,-0.0038002,0.0098611
-0.002906,0.002464,0.0099188,-0.0029077,0.0024655,0.0098661
0.00258,-0.002804,0.0138728,0.0025802,-0.0028042,0.0138135
-0.003568,-0.001335,0.0091298,-0.0035704,-0.0013359,0.0090786
-0.001742,-0.003388,0.0136108,-0.0017422,-0.0033884,0.0135518
0.002994,0.002357,0.0143988,0.0029941,0.0023571,0.014339
0.002988,0.002364,0.0096548,0.0029898,0.0023655,0.0096026
-0.001857,0.003327,0.0144018,-0.001857,0.0033271,0.014342
-0.001855,-0.003328,0.0091258,-0.0018562,-0.0033302,0.0090746
0.000138,0.003807,0.0096558,0.0001381,0.0038093,0.0096036
-0.002809,-0.002574,0.0138738,-0.0028092,-0.0025742,0.0138145
-0.001608,-0.003454,0.0138738,-0.0016081,-0.0034542,0.0138145
-0.003075,-0.002249,0.0099158,-0.0030768,-0.0022503,0.0098631
0.003575,-0.001317,0.0096538,0.0035772,-0.0013178,0.0096016
0.003518,0.001462,0.0099168,0.0035201,0.0014629,0.0098641
0.003764,0.000592,0.0136108,0.0037644,0.0005921,0.0135518
0.002475,0.002897,0.0136128,0.0024753,0.0028973,0.0135538
0.001728,-0.003396,0.0099148,0.001729,-0.003398,0.0098621
-0.00279,0.002595,0.0149248,-0.00279,0.002595,0.0148649
0.00145,0.003523,0.0099188,0.0014508,0.0035251,0.0098661
0.003783,-0.000453,0.0138738,0.0037833,-0.000453,0.0138145
0.003517,-0.001464,0.0136108,0.0035174,-0.0014642,0.0135518
-0.003401,0.001717,0.0099188,-0.003403,0.001718,0.0098661
-0.000609,-0.003761,0.0136098,-0.0006091,-0.0037614,0.0135508
-0.00147,0.003515,0.0093928,-0.0014709,0.0035172,0.0093411
-0.003318,0.001873,0.0138758,-0.0033182,0.0018731,0.0138165
0.003762,-0.000601,0.0136108,0.0037624,-0.0006011,0.0135518
-0.00381,-1.5e-05,0.0099188,-0.0038122,-1.5e-05,0.0098661
0.002352,0.002997,0.0096558,0.0023534,0.0029989,0.0096036
0.002694,-0.002694,0.0093908,0.0026957,-0.0026957,0.009339
-0.003525,0.001445,0.0099188,-0.0035271,0.0014458,0.0098661
-1e-06,0.00381,0.0141398,-1e-06,0.0038102,0.0140802
0.003521,-0.001457,0.0099168,0.0035231,-0.0014579,0.0098641
0.003392,-0.001736,0.0136108,0.0033924,-0.0017362,0.0135518
-0.003001,0.002347,0.0096558,-0.0030028,0.0023485,0.0096036
-0.001984,-0.003253,0.0093878,-0.0019853,-0.0032551,0.0093361
-0.003389,0.001741,0.0136138,-0.0033894,0.0017412,0.0135548
-0.003797,0.000315,0.0136128,-0.0037974,0.000315,0.0135538
0.002587,0.002797,0.0138758,0.0025872,0.0027972,0.0138165
0.001729,0.003395,0.0136138,0.0017292,0.0033954,0.0135548
-0.003785,0.000435,0.0101818,-0.0037871,0.0004352,0.0101286
-0.003091,0.002227,0.0093928,-0.003093,0.0022284,0.0093411
-1.1e-05,0.00381,0.0099188,-1.1e-05,0.0038123,0.0098662
0.003763,0.0006,0.0099168,0.0037652,0.0006004,0.0098641
0.000888,0.003705,0.0136148,0.0008881,0.0037054,0.0135558
-0.003739,0.000731,0.0101818,-0.0037411,0.0007314,0.0101286
0.001982,-0.003254,0.0141348,0.0019821,-0.0032541,0.0140752
0.000742,0.003737,0.0138778,0.0007421,0.0037373,0.0138185
0.001024,0.00367,0.0096558,0.0010246,0.0036723,0.0096036
-0.00225,0.003075,0.0099178,-0.0022513,0.0030768,0.0098651
-0.002468,0.002903,0.0146628,-0.002468,0.002903,0.0146029
0.002899,0.002473,0.0141378,0.0028991,0.0024731,0.0140782
0.003668,0.00103,0.0138738,0.0036683,0.0010301,0.0138145
0.002352,-0.002998,0.0138728,0.0023522,-0.0029982,0.0138135
-0.001873,0.003318,0.0096558,-0.0018741,0.00332,0.0096036
-0.003806,0.000164,0.0133498,-0.0038066,0.000164,0.0132913
0.00258,0.002803,0.0091308,0.0025817,0.0028049,0.0090795
-0.003808,-0.000135,0.0133498,-0.0038086,-0.000135,0.0132913
0.003798,-0.000296,0.0099168,0.0038002,-0.0002962,0.0098641
-0.001047,-0.003663,0.0133468,-0.0010472,-0.0036636,0.0132883
-0.000889,0.003705,0.0136148,-0.0008891,0.0037054,0.0135558
0.003521,0.001455,0.0141368,0.0035212,0.0014551,0.0140772
0.003807,0.000152,0.0101798,0.0038091,0.0001521,0.0101266
-0.00211,-0.003172,0.0096508,-0.0021113,-0.0031739,0.0095986
0.000446,-0.003784,0.0096508,0.0004463,-0.0037864,0.0095986
-0.002806,0.002578,0.0101808,-0.0028076,0.0025795,0.0101276
0.002892,-0.00248,0.0136098,0.0028923,-0.0024803,0.0135508
0.001853,-0.003329,0.0138728,0.0018531,-0.0033292,0.0138135
-0.003782,-0.000464,0.0096558,-0.0037843,-0.0004643,0.0096036
0.003324,-0.001861,0.0101788,0.0033259,-0.001862,0.0101257
-0.001455,0.003521,0.0141398,-0.0014551,0.0035211,0.0140802
-0.000596,0.003763,0.0136148,-0.0005961,0.0037634,0.0135558
0.003737,-0.000741,0.0096538,0.0037393,-0.0007415,0.0096016
-0.001873,-0.003318,0.0133478,-0.0018733,-0.0033185,0.0132893
-0.000596,-0.003763,0.0099128,-0.0005964,-0.0037652,0.0098601
0.000298,0.003798,0.0141398,0.000298,0.0037982,0.0140802
-0.00367,0.001022,0.0101818,-0.0036721,0.0010226,0.0101286
-0.002468,-0.002903,0.0099148,-0.0024695,-0.0029047,0.0098621
0.002474,-0.002897,0.0093908,0.0024756,-0.0028989,0.0093391
0.003082,-0.002239,0.0099158,0.0030838,-0.0022403,0.0098631
-0.003766,-0.00058,0.0136128,-0.0037664,-0.0005801,0.0135538
0.002359,0.002992,0.0133498,0.0023594,0.0029925,0.0132913
-0.002595,0.00279,0.0101808,-0.0025965,0.0027916,0.0101276
0.003396,0.001727,0.0141368,0.0033961,0.0017271,0.0140772
0.003573,0.001323,0.0101798,0.003575,0.0013237,0.0101266
-0.001331,0.00357,0.0096558,-0.0013318,0.0035722,0.0096036
-0.000901,0.003702,0.0099188,-0.0009015,0.0037042,0.0098661
0.002116,-0.003169,0.0096528,0.0021173,-0.0031709,0.0096006
0.003665,-0.00104,0.0133478,0.0036656,-0.0010402,0.0132893
-0.001453,-0.003522,0.0093878,-0.0014539,-0.0035243,0.0093361
0.003458,0.001599,0.0101798,0.0034599,0.0015999,0.0101266
-0.001032,-0.003668,0.0096508,-0.0010326,-0.0036703,0.0095986
-0.002986,-0.002367,0.0101788,-0.0029877,-0.0023683,0.0101257
-0.000152,-0.003807,0.0101768,-0.0001521,-0.0038091,0.0101236
0.001317,0.003575,0.0133508,0.0013172,0.0035755,0.0132923
0.000732,-0.003739,0.0133458,0.0007321,-0.0037396,0.0132873
0.003798,-0.000304,0.0136108,0.0037984,-0.000304,0.0135518
-1.3e-05,-0.00381,0.0141358,-1.3e-05,-0.0038102,0.0140762
-0.000163,-0.003807,0.0138728,-0.000163,-0.0038073,0.0138135
0.00325,0.001988,0.0141368,0.0032501,0.0019881,0.0140772
-0.002128,-0.00316,0.0133478,-0.0021283,-0.0031605,0.0132893
0.002468,0.002902,0.0093928,0.0024696,0.0029039,0.0093411
0.001592,-0.003461,0.0101778,0.0015929,-0.0034629,0.0101247
-0.003701,-0.000906,0.0093928,-0.0037034,-0.0009066,0.0093411
-0.003387,-0.001744,0.0093918,-0.0033892,-0.0017451,0.0093401
0.003783,0.000451,0.0101798,0.0037851,0.0004513,0.0101267
-0.00316,0.002128,0.0144008,-0.0031601,0.002128,0.014341
0.002798,-0.002586,0.0096528,0.0027997,-0.0025876,0.0096006
0.002116,0.003168,0.0133498,0.0021163,0.0031685,0.0132913
-0.000756,-0.003734,0.0133468,-0.0007561,-0.0037346,0.0132883
0.001032,0.003667,0.0133508,0.0010322,0.0036676,0.0132923
-0.001471,-0.003515,0.0136108,-0.0014712,-0.0035154,0.0135518
-0.003701,0.000904,0.0136128,-0.0037014,0.0009041,0.0135538
-0.003331,-0.001849,0.0133488,-0.0033315,-0.0018493,0.0132903
0.001855,0.003328,0.0101818,0.001856,0.0033299,0.0101287
-0.003808,0.000137,0.0101818,-0.0038101,0.0001371,0.0101286
0.003736,-0.000749,0.0133478,0.0037366,-0.0007491,0.0132893
-0.003466,-0.001582,0.0133488,-0.0034665,-0.0015822,0.0132903
-0.00015,0.003807,0.0138778,-0.00015,0.0038073,0.0138185
-0.003455,0.001607,0.0133508,-0.0034555,0.0016072,0.0132923
0.003079,0.002244,0.0099178,0.0030808,0.0022453,0.0098651
0.001587,0.003464,0.0101818,0.0015879,0.0034659,0.0101286
0.003784,0.000444,0.0133478,0.0037846,0.0004441,0.0132893
-0.003002,-0.002346,0.0138748,-0.0030022,-0.0023462,0.0138155
0.002233,0.003087,0.0099178,0.0022343,0.0030888,0.0098651
-0.002111,0.003171,0.0144018,-0.002111,0.0031711,0.014342
0.001316,-0.003576,0.0101768,0.0013167,-0.003578,0.0101237
-0.002791,-0.002593,0.0101788,-0.0027926,-0.0025945,0.0101257
-0.00357,0.001331,0.0133498,-0.0035706,0.0013312,0.0132913
0.000595,-0.003763,0.0093888,0.0005954,-0.0037654,0.0093371
0.000741,-0.003737,0.0096518,0.0007415,-0.0037393,0.0095996
0.000147,-0.003807,0.0101768,0.0001471,-0.0038091,0.0101236
0.00346,-0.001594,0.0101788,0.0034619,-0.0015949,0.0101257
0.003321,-0.001868,0.0133478,0.0033215,-0.0018683,0.0132893
-0.00016,0.003807,0.0101818,-0.0001601,0.0038091,0.0101287
0.000887,-0.003705,0.0099138,0.0008875,-0.0037072,0.0098611
0.003322,0.001866,0.0101798,0.0033239,0.001867,0.0101266
0.003666,0.001038,0.0101798,0.0036681,0.0010386,0.0101267
-0.002486,-0.002888,0.0136108,-0.0024863,-0.0028883,0.0135518
0.001448,-0.003524,0.0136098,0.0014482,-0.0035244,0.0135508
0.001024,-0.00367,0.0133458,0.0010242,-0.0036706,0.0132873
-0.003256,0.001979,0.0099188,-0.0032579,0.0019802,0.0098661
-0.003176,0.002105,0.0096558,-0.0031779,0.0021063,0.0096036
-0.003241,0.002002,0.0141388,-0.0032411,0.0020021,0.0140792
0.003164,-0.002123,0.0133468,0.0031645,-0.0021233,0.0132883
0.003807,0.000145,0.0133478,0.0038076,0.000145,0.0132893
-0.003628,-0.001162,0.0136128,-0.0036284,-0.0011621,0.0135538
-0.000458,0.003782,0.0101818,-0.0004583,0.0037841,0.0101286
0.000287,-0.003799,0.0136098,0.000287,-0.0037994,0.0135509
0.002689,0.002699,0.0093928,0.0026907,0.0027007,0.0093411
0.003572,-0.001324,0.0133478,0.0035725,-0.0013242,0.0132893
-0.003782,0.000462,0.0133498,-0.0037826,0.0004621,0.0132913
0.000288,0.003799,0.0099188,0.0002882,0.0038012,0.0098661
-0.001331,-0.00357,0.0133468,-0.0013312,-0.0035705,0.0132883
-0.002889,0.002483,0.0146628,-0.002889,0.002483,0.0146029
0.003084,0.002237,0.0141368,0.0030841,0.0022371,0.0140772
-0.001317,0.003575,0.0138778,-0.0013171,0.0035753,0.0138185
-0.002999,0.002349,0.0101818,-0.0030007,0.0023503,0.0101287
0.002688,-0.0027,0.0136098,0.0026883,-0.0027003,0.0135508
0.003457,-0.001601,0.0133478,0.0034575,-0.0016012,0.0132893
0.000437,0.003785,0.0096558,0.0004373,0.0037873,0.0096036
-0.003514,-0.001473,0.0093918,-0.0035162,-0.0014739,0.0093401
0.002793,0.002591,0.0096548,0.0027947,0.0025926,0.0096026
-0.001726,0.003397,0.0141398,-0.0017261,0.0033971,0.0140802
-0.001724,-0.003398,0.0093878,-0.0017251,-0.0034002,0.0093361
-0.001607,-0.003454,0.0133468,-0.0016072,-0.0034545,0.0132883
0.002586,0.002798,0.0133488,0.0025864,0.0027984,0.0132903
0.003706,0.000886,0.0136118,0.0037064,0.0008861,0.0135528
0.003624,-0.001176,0.0099168,0.0036261,-0.0011767,0.0098641
0.003168,-0.002117,0.0101788,0.0031698,-0.0021182,0.0101257
-0.003618,-0.001194,0.0093928,-0.0036203,-0.0011948,0.0093411
0.003668,-0.001032,0.0096538,0.0036702,-0.0010326,0.0096016
-0.000449,-0.003783,0.0101768,-0.0004492,-0.0037851,0.0101236
0.001989,-0.00325,0.0099148,0.0019902,-0.0032519,0.0098621
0.001594,0.003461,0.0133508,0.0015942,0.0034615,0.0132923
-0.003579,0.001307,0.0101818,-0.003581,0.0013077,0.0101286
0.003738,0.00074,0.0133478,0.0037386,0.0007401,0.0132893
-0.003162,-0.002126,0.0101788,-0.0031638,-0.0021272,0.0101256
0.003518,0.001462,0.0104438,0.0035199,0.0014628,0.0103902
-0.001176,0.003624,0.0136148,-0.0011761,0.0036244,0.0135558
0.001859,-0.003325,0.0101778,0.00186,-0.0033268,0.0101246
0.002109,-0.003173,0.0138728,0.0021092,-0.0031732,0.0138135
-0.002687,0.002701,0.0146628,-0.002687,0.002701,0.0146029
0.001168,0.003626,0.0099188,0.0011687,0.0036281,0.0098661
0.00211,0.003172,0.0101818,0.0021112,0.0031738,0.0101286
-0.003176,-0.002105,0.0133488,-0.0031765,-0.0021053,0.0132903
-0.003319,0.001872,0.0133498,-0.0033195,0.0018723,0.0132913
-0.003242,-0.002002,0.0099168,-0.0032439,-0.0020032,0.0098641
-0.000312,-0.003797,0.0136098,-0.000312,-0.0037974,0.0135508
-0.001607,0.003455,0.0096558,-0.001608,0.0034571,0.0096036
-0.003465,0.001584,0.0101818,-0.0034669,0.0015849,0.0101286
-0.003761,0.000612,0.0136128,-0.0037614,0.0006121,0.0135538
-0.003797,-0.000314,0.0099188,-0.0037992,-0.0003142,0.0098661
-0.003709,-0.000873,0.0136128,-0.0037094,-0.0008731,0.0135538
-0.003317,-0.001874,0.0096538,-0.003319,-0.0018751,0.0096016
0.000139,0.003807,0.0101818,0.0001391,0.0038091,0.0101286
-0.003242,0.002001,0.0136138,-0.0032424,0.0020012,0.0135548
-0.002705,-0.002684,0.0136118,-0.0027053,-0.0026843,0.0135528
0.000436,-0.003785,0.0133468,0.0004361,-0.0037856,0.0132883
0.003807,-0.000147,0.0101798,0.0038091,-0.0001471,0.0101266
-0.00333,0.001851,0.0101818,-0.0033319,0.001852,0.0101287
0.003736,0.000747,0.0101798,0.0037381,0.0007474,0.0101267
-0.003765,0.000585,0.0104458,-0.003767,0.0005853,0.0103922
0.000137,-0.003808,0.0138728,0.000137,-0.0038083,0.0138135
-0.00309,0.002229,0.0099178,-0.0030918,0.0022303,0.0098651
-0.002368,0.002985,0.0101808,-0.0023693,0.0029867,0.0101277
-0.002353,0.002997,0.0144018,-0.0023531,0.0029971,0.014342
-0.001986,0.003251,0.0141398,-0.0019861,0.0032511,0.0140802
0.003575,-0.001318,0.0101798,0.003577,-0.0013187,0.0101266
0.000594,0.003763,0.0136148,0.0005941,0.0037634,0.0135558
-0.002001,0.003242,0.0099178,-0.0020022,0.0032439,0.0098651
0.002695,0.002693,0.0136128,0.0026953,0.0026933,0.0135538
0.003622,-0.001183,0.0130838,0.0036227,-0.0011832,0.0130258
-0.001189,-0.00362,0.0130838,-0.0011892,-0.0036207,0.0130258
-0.00381,1.3e-05,0.0130868,-0.0038108,1.3e-05,0.0130288
-0.001856,-0.003327,0.0096508,-0.0018571,-0.003329,0.0095986
-0.003175,0.002107,0.0101818,-0.0031768,0.0021082,0.0101287
0.001727,-0.003396,0.0104408,0.0017279,-0.0033978,0.0103872
0.003576,0.001315,0.0138748,0.0035763,0.0013151,0.0138155
-0.003785,-0.000433,0.0133498,-0.0037856,-0.0004331,0.0132913
-0.002369,-0.002984,0.0133478,-0.0023694,-0.0029845,0.0132893
0.003245,-0.001996,0.0130838,0.0032457,-0.0019964,0.0130258
-0.003091,-0.002227,0.0136118,-0.0030913,-0.0022272,0.0135528
-0.002233,-0.003087,0.0099138,-0.0022343,-0.0030888,0.0098611
0.002987,-0.002365,0.0133468,0.0029875,-0.0023654,0.0132883
0.001721,-0.003399,0.0136098,0.0017212,-0.0033994,0.0135508
-0.003734,-0.000759,0.0096558,-0.0037363,-0.0007595,0.0096036
0.003392,-0.001735,0.0130838,0.0033927,-0.0017354,0.0130258
-0.0003,0.003798,0.0136148,-0.0003,0.0037984,0.0135558
0.003763,-0.000594,0.0099168,0.0037652,-0.0005944,0.0098641
0.003704,-0.000894,0.0130838,0.0037048,-0.0008942,0.0130258
-0.000889,-0.003705,0.0099128,-0.0008895,-0.0037072,0.0098601
0.000594,-0.003763,0.0099138,0.0005943,-0.0037652,0.0098611
0.000447,0.003784,0.0138778,0.000447,0.0037843,0.0138185
-0.003707,0.000879,0.0104458,-0.003709,0.0008795,0.0103922
-0.001315,-0.003576,0.0096508,-0.0013158,-0.0035782,0.0095986
0.000733,0.003739,0.0096558,0.0007334,0.0037413,0.0096036
-0.001741,-0.003389,0.0130838,-0.0017414,-0.0033897,0.0130258
0.002474,0.002897,0.0130858,0.0024745,0.0028976,0.0130278
-0.003807,-0.000163,0.0101818,-0.0038091,-0.0001631,0.0101286
-0.002701,0.002687,0.0104448,-0.0027024,0.0026884,0.0103912
0.003461,0.001592,0.0138738,0.0034612,0.0015921,0.0138145
0.002358,-0.002993,0.0096528,0.0023594,-0.0029948,0.0096006
-0.000302,-0.003798,0.0104398,-0.0003022,-0.0038,0.0103862
-0.001189,0.00362,0.0099188,-0.0011897,0.0036221,0.0098661
-0.003797,0.000312,0.0130868,-0.0037978,0.0003121,0.0130288
-0.001034,0.003667,0.0133518,-0.0010342,0.0036676,0.0132933
0.000445,-0.003784,0.0101768,0.0004452,-0.0037861,0.0101236
-0.003663,0.001048,0.0133498,-0.0036636,0.0010482,0.0132913
-0.002985,0.002368,0.0144008,-0.0029851,0.0023681,0.014341
0.003393,0.001734,0.0104438,0.0033948,0.0017349,0.0103902
0.003807,-0.000154,0.0133478,0.0038076,-0.000154,0.0132893
0.003764,0.000593,0.0130848,0.0037648,0.0005931,0.0130268
-0.003077,-0.002247,0.0104428,-0.0030786,-0.0022482,0.0103892
0.003326,0.001859,0.0138748,0.0033262,0.0018591,0.0138155
0.003622,0.001181,0.0104438,0.0036239,0.0011816,0.0103902
0.002581,0.002803,0.0096558,0.0025826,0.0028047,0.0096036
-0.003799,0.000288,0.0104458,-0.003801,0.0002882,0.0103922
0.002897,-0.002475,0.0099158,0.0028987,-0.0024764,0.0098631
0.002239,0.003083,0.0130868,0.0022395,0.0030836,0.0130288
0.002469,0.002902,0.0099178,0.0024705,0.0029037,0.0098651
-0.000901,-0.003702,0.0130838,-0.0009012,-0.0037028,0.0130258
0.001175,0.003624,0.0130878,0.0011752,0.0036247,0.0130298
-0.000744,0.003737,0.0133508,-0.0007441,0.0037376,0.0132923
0.001861,0.003325,0.0133508,0.0018613,0.0033255,0.0132923
0.001984,0.003252,0.0104448,0.0019851,0.0032537,0.0103912
-0.003255,-0.00198,0.0130858,-0.0032557,-0.0019804,0.0130278
-0.00339,0.001739,0.0130868,-0.0033907,0.0017394,0.0130288
0.000741,0.003737,0.0133508,0.0007411,0.0037376,0.0132923
-0.00358,-0.001305,0.0133498,-0.0035805,-0.0013052,0.0132913
-0.00046,-0.003782,0.0133468,-0.0004601,-0.0037826,0.0132883
0.003165,0.002121,0.0101808,0.0031668,0.0021222,0.0101276
0.00131,0.003578,0.0101818,0.0013107,0.00358,0.0101286
-0.002892,-0.002481,0.0104418,-0.0028935,-0.0024823,0.0103882
0.001455,-0.003521,0.0104408,0.0014558,-0.0035229,0.0103872
-0.00258,-0.002803,0.0101778,-0.0025814,-0.0028046,0.0101246
-0.003516,0.001469,0.0130868,-0.0035167,0.0014693,0.0130288
0.001456,0.003521,0.0130878,0.0014563,0.0035217,0.0130298
-3e-06,-0.00381,0.0104398,-3e-06,-0.003812,0.0103862
0.003798,0.000301,0.0104428,0.0038,0.0003012,0.0103892
-0.0034,-0.001718,0.0130858,-0.0034007,-0.0017183,0.0130278
-0.000754,0.003735,0.0101818,-0.0007544,0.0037371,0.0101286
0.002468,-0.002903,0.0136098,0.0024683,-0.0029033,0.0135508
0.001031,-0.003668,0.0101768,0.0010316,-0.00367,0.0101237
0.000148,0.003807,0.0138778,0.000148,0.0038073,0.0138185
-1e-05,0.00381,0.0104458,-1e-05,0.003812,0.0103921
0.003799,0.000295,0.0130848,0.0037998,0.0002951,0.0130268
-0.002001,-0.003242,0.0130838,-0.0020014,-0.0032427,0.0130258
-0.003161,0.002127,0.0138768,-0.0031612,0.0021271,0.0138175
0.001723,0.003398,0.0104448,0.0017239,0.0033998,0.0103912
0.003783,-0.000453,0.0133478,0.0037836,-0.0004531,0.0132893
0.002799,0.002585,0.0138748,0.0027992,0.0025852,0.0138155
0.000585,-0.003765,0.0130828,0.0005851,-0.0037658,0.0130248
0.001309,-0.003578,0.0133458,0.0013092,-0.0035786,0.0132873
0.00381,2e-06,0.0104428,0.003812,2e-06,0.0103892
0.002893,0.002479,0.0099178,0.0028947,0.0024805,0.0098651
0.000879,-0.003707,0.0130828,0.0008792,-0.0037078,0.0130248
-0.002907,-0.002463,0.0136118,-0.0029073,-0.0024633,0.0135528
0.003395,-0.00173,0.0104428,0.0033968,-0.0017309,0.0103892
0.002586,-0.002798,0.0096528,0.0025876,-0.0027997,0.0096006
-0.002904,0.002467,0.0104448,-0.0029055,0.0024683,0.0103912
-0.000309,0.003797,0.0104458,-0.0003092,0.003799,0.0103921
0.003248,-0.001991,0.0104428,0.0032497,-0.0019921,0.0103892
0.002993,0.002357,0.0138748,0.0029932,0.0023572,0.0138155
-0.001318,0.003575,0.0133508,-0.0013182,0.0035756,0.0132923
-0.001469,-0.003515,0.0130838,-0.0014693,-0.0035157,0.0130258
0.000287,-0.003799,0.0130828,0.0002871,-0.0037998,0.0130248
0.003518,-0.001463,0.0130838,0.0035187,-0.0014633,0.0130258
0.000887,0.003705,0.0130878,0.0008872,0.0037058,0.0130298
-0.003799,-0.000286,0.0130868,-0.0037998,-0.0002861,0.0130288
-0.003254,0.001982,0.0104448,-0.0032557,0.001983,0.0103912
0.00088,0.003707,0.0099188,0.0008805,0.0037092,0.0098661
0.003169,0.002115,0.0138748,0.0031692,0.0021152,0.0138155
-0.003454,-0.001609,0.0096548,-0.0034561,-0.00161,0.0096026
0.003078,-0.002245,0.0130838,0.0030786,-0.0022455,0.0130258
0.002792,-0.002592,0.0133468,0.0027924,-0.0025924,0.0132883
0.000289,0.003799,0.0104458,0.0002892,0.003801,0.0103921
0.003705,-0.000887,0.0099168,0.0037072,-0.0008875,0.0098641
-0.001592,0.003461,0.0138768,-0.0015921,0.0034612,0.0138175
0.002694,0.002694,0.0130858,0.0026946,0.0026946,0.0130278
-0.003524,0.001448,0.0104448,-0.0035259,0.0014488,0.0103912
-0.003243,0.001999,0.0130868,-0.0032437,0.0019994,0.0130288
0.003625,0.001174,0.0136108,0.0036254,0.0011741,0.0135518
-0.000598,-0.003763,0.0104398,-0.0005983,-0.003765,0.0103862
0.002992,-0.002359,0.0101788,0.0029937,-0.0023603,0.0101257
0.002238,-0.003083,0.0099148,0.0022393,-0.0030848,0.0098621
-0.003627,0.001167,0.0104448,-0.0036289,0.0011676,0.0103912
-0.003243,-0.001999,0.0104428,-0.0032447,-0.0020001,0.0103892
-0.000744,-0.003737,0.0101758,-0.0007444,-0.0037391,0.0101226
0.001982,-0.003254,0.0136098,0.0019822,-0.0032543,0.0135508
-0.001456,0.003521,0.0136148,-0.0014561,0.0035214,0.0135558
0.002115,-0.003169,0.0101778,0.0021162,-0.0031708,0.0101246
0.000438,0.003785,0.0101818,0.0004383,0.0037871,0.0101286
0.003668,0.001031,0.0133478,0.0036686,0.0010312,0.0132893
-0.001591,-0.003462,0.0096498,-0.001592,-0.0034641,0.0095976
-1.3e-05,-0.00381,0.0136098,-1.3e-05,-0.0038104,0.0135508
-0.003318,-0.001872,0.0101798,-0.0033198,-0.001873,0.0101267
-0.00309,-0.002229,0.0130848,-0.0030906,-0.0022295,0.0130268
-0.002596,-0.002789,0.0133478,-0.0025964,-0.0027894,0.0132893
-0.003734,0.000758,0.0133498,-0.0037346,0.0007581,0.0132913
0.002689,0.002699,0.0099178,0.0026906,0.0027006,0.0098651
0.00352,-0.001458,0.0104428,0.0035219,-0.0014588,0.0103892
-0.003388,-0.001742,0.0099168,-0.00339,-0.001743,0.0098641
0.003763,0.000599,0.0104428,0.003765,0.0005993,0.0103892
-0.003761,-0.000611,0.0099188,-0.0037632,-0.0006114,0.0098661
0.003784,-0.000446,0.0101798,0.0037861,-0.0004462,0.0101266
0.00074,-0.003737,0.0101768,0.0007404,-0.0037391,0.0101236
-0.002482,0.00289,0.0104448,-0.0024833,0.0028915,0.0103912
0.000138,-0.003808,0.0133468,0.000138,-0.0038086,0.0132883
-0.003399,0.00172,0.0104448,-0.0034008,0.0017209,0.0103912
0.001988,-0.00325,0.0104408,0.0019891,-0.0032517,0.0103872
-0.003162,0.002126,0.0133508,-0.0031625,0.0021263,0.0132923
0.002234,0.003086,0.0104448,0.0022352,0.0030876,0.0103912
-0.003075,0.002249,0.0141388,-0.0030751,0.0022491,0.0140792
0.002232,-0.003088,0.0136098,0.0022322,-0.0030883,0.0135508
0.003705,0.000886,0.0130848,0.0037057,0.0008862,0.0130268
0.002353,0.002997,0.0101808,0.0023543,0.0029987,0.0101276
-0.003088,0.002231,0.0104448,-0.0030896,0.0022322,0.0103912
-0.002234,0.003086,0.0141398,-0.0022341,0.0030861,0.0140802
-0.001177,0.003624,0.0130878,-0.0011772,0.0036247,0.0130298
-0.001858,0.003326,0.0138768,-0.0018581,0.0033262,0.0138175
0.003667,-0.001033,0.0101798,0.003669,-0.0010336,0.0101267
-0.003525,-0.001446,0.0130858,-0.0035257,-0.0014463,0.0130278
-0.003782,-0.000461,0.0101818,-0.0037841,-0.0004613,0.0101286
-0.001741,0.003389,0.0099178,-0.001742,0.003391,0.0098651
-0.00279,0.002594,0.0144008,-0.0027901,0.0025941,0.014341
-0.001329,-0.003571,0.0128198,-0.0013293,-0.0035719,0.0127623
0.000437,-0.003785,0.0128188,0.0004371,-0.003786,0.0127613
0.003573,-0.001324,0.0128198,0.0035739,-0.0013243,0.0127623
0.001031,0.003668,0.0128238,0.0010313,0.0036689,0.0127663
-0.003807,-0.000138,0.0128228,-0.003808,-0.000138,0.0127653
-0.001985,-0.003252,0.0099138,-0.0019862,-0.0032539,0.0098611
0.001025,0.003669,0.0101818,0.0010256,0.003671,0.0101287
-0.002689,-0.002699,0.0104418,-0.0026904,-0.0027004,0.0103882
0.001728,0.003395,0.0130868,0.0017284,0.0033957,0.0130288
-0.003001,-0.002348,0.0133488,-0.0030015,-0.0023484,0.0132903
0.00258,-0.002803,0.0133468,0.0025804,-0.0028034,0.0132883
-0.002126,0.003161,0.0101808,-0.0021272,0.0031627,0.0101276
-1e-06,0.00381,0.0136148,-1e-06,0.0038104,0.0135558
0.001316,0.003575,0.0128238,0.0013163,0.0035759,0.0127663
0.000141,0.003807,0.0107098,0.0001411,0.0038089,0.0106557
0.001586,-0.003464,0.0133458,0.0015863,-0.0034645,0.0132873
-0.003663,-0.00105,0.0096548,-0.0036652,-0.0010506,0.0096026
0.003321,-0.001867,0.0128198,0.0033219,-0.0018675,0.0127623
0.000586,0.003765,0.0099188,0.0005864,0.0037672,0.0098661
-0.000449,0.003783,0.0133518,-0.0004491,0.0037836,0.0132933
0.003666,-0.001039,0.0128208,0.0036669,-0.0010393,0.0127633
-0.000606,0.003762,0.0104448,-0.0006063,0.003764,0.0103912
-0.003164,-0.002123,0.0107068,-0.0031656,-0.0021241,0.0106528
-0.003738,0.000735,0.0107088,-0.0037399,0.0007354,0.0106547
-0.001175,-0.003624,0.0099128,-0.0011757,-0.0036261,0.0098601
-0.000608,-0.003761,0.0130828,-0.0006081,-0.0037618,0.0130248
0.002798,0.002586,0.0133488,0.0027984,0.0025864,0.0132903
-0.003671,-0.00102,0.0133498,-0.0036716,-0.0010202,0.0132913
0.001858,-0.003326,0.0107048,0.0018589,-0.0033277,0.0106507
-0.00332,0.001869,0.0128228,-0.0033209,0.0018695,0.0127653
-0.002249,-0.003075,0.0130838,-0.0022495,-0.0030756,0.0130258
-0.003076,0.002248,0.0136138,-0.0030763,0.0022482,0.0135548
-0.00381,-1.1e-05,0.0104448,-0.003812,-1.1e-05,0.0103912
0.003521,0.001455,0.0136118,0.0035214,0.0014552,0.0135528
-0.000451,-0.003783,0.0107038,-0.0004512,-0.0037849,0.0106497
0.002988,0.002363,0.0101808,0.0029897,0.0023643,0.0101276
-0.001045,0.003664,0.0101818,-0.0010456,0.003666,0.0101287
-0.003761,0.000609,0.0130868,-0.0037618,0.0006091,0.0130288
-0.003807,0.000161,0.0128228,-0.003808,0.000161,0.0127653
-0.001605,-0.003455,0.0128198,-0.0016054,-0.0034559,0.0127623
-0.003569,-0.001334,0.0096548,-0.0035712,-0.0013348,0.0096026
-0.001469,0.003515,0.0099178,-0.0014698,0.003517,0.0098651
0.003396,0.001727,0.0136118,0.0033964,0.0017272,0.0135528
0.000295,-0.003799,0.0104398,0.0002951,-0.003801,0.0103862
-0.00362,0.001189,0.0130868,-0.0036208,0.0011892,0.0130288
-0.001045,-0.003664,0.0128198,-0.0010453,-0.0036649,0.0127623
0.003246,0.001995,0.0104438,0.0032477,0.001996,0.0103902
-0.001871,-0.003319,0.0128198,-0.0018715,-0.0033198,0.0127623
-0.000159,0.003807,0.0107088,-0.0001591,0.0038089,0.0106547
0.003458,0.001598,0.0107068,0.0034598,0.0015988,0.0106527
0.002358,0.002993,0.0128228,0.0023586,0.0029938,0.0127653
-0.002579,0.002804,0.0144018,-0.0025791,0.0028041,0.014342
-0.002807,-0.002576,0.0133488,-0.0028074,-0.0025764,0.0132903
-0.000154,-0.003807,0.0107038,-0.0001541,-0.0038089,0.0106497
-0.00089,0.003705,0.0130878,-0.0008902,0.0037058,0.0130298
0.00199,0.003249,0.0130868,0.0019904,0.0032497,0.0130288
-0.002353,-0.002996,0.0101768,-0.0023543,-0.0029977,0.0101237
-0.003174,-0.002108,0.0128218,-0.0031748,-0.0021085,0.0127643
0.002694,-0.002695,0.0099158,0.0026956,-0.0026966,0.0098631
0.003762,-0.000601,0.0130838,0.0037628,-0.0006011,0.0130258
0.000446,0.003784,0.0133518,0.0004461,0.0037846,0.0132933
0.001591,-0.003462,0.0107048,0.0015918,-0.0034637,0.0106508
0.00145,0.003523,0.0104448,0.0014508,0.0035249,0.0103912
0.003082,-0.00224,0.0104418,0.0030836,-0.0022412,0.0103882
-0.002804,0.00258,0.0107088,-0.0028054,0.0025813,0.0106547
-0.003456,0.001604,0.0128228,-0.0034569,0.0016044,0.0127653
-0.003329,-0.001852,0.0128218,-0.0033299,-0.0018525,0.0127643
0.003704,0.000893,0.0104428,0.003706,0.0008935,0.0103892
0.003798,-0.000297,0.0104428,0.0038,-0.0002972,0.0103892
-0.002988,-0.002364,0.0107058,-0.0029895,-0.0023652,0.0106517
0.001174,-0.003625,0.0104408,0.0011746,-0.0036269,0.0103872
0.003573,0.001322,0.0107068,0.0035748,0.0013227,0.0106527
-0.00374,-0.000729,0.0133498,-0.0037406,-0.0007291,0.0132913
0.002586,0.002798,0.0128218,0.0025867,0.0027987,0.0127643
0.00381,-4e-06,0.0130848,0.0038108,-4e-06,0.0130268
0.003784,0.000445,0.0128208,0.003785,0.0004451,0.0127633
-0.002593,0.002792,0.0107078,-0.0025943,0.0027934,0.0106537
0.001855,0.003328,0.0107088,0.0018559,0.0033297,0.0106547
0.002111,0.003172,0.0107088,0.0021121,0.0031736,0.0106547
0.001167,-0.003627,0.0130828,0.0011672,-0.0036277,0.0130248
0.003807,0.000151,0.0107068,0.0038089,0.0001511,0.0106527
0.000733,-0.003739,0.0128188,0.0007332,-0.00374,0.0127613
-0.000162,-0.003807,0.0133468,-0.000162,-0.0038076,0.0132883
0.003737,0.000741,0.0128208,0.003738,0.0007412,0.0127633
-0.003785,0.000439,0.0107088,-0.0037869,0.0004392,0.0106547
0.00346,-0.001595,0.0107058,0.0034618,-0.0015958,0.0106517
0.003324,-0.001862,0.0107058,0.0033257,-0.0018629,0.0106517
0.003164,-0.002122,0.0128198,0.0031648,-0.0021226,0.0127623
0.003783,0.00045,0.0107068,0.0037849,0.0004502,0.0106527
0.002898,0.002473,0.0136118,0.0028983,0.0024733,0.0135528
0.002115,0.003169,0.0128228,0.0021155,0.0031698,0.0127653
0.00074,0.003737,0.0128238,0.0007402,0.0037379,0.0127663
-0.003077,0.002247,0.0130868,-0.0030776,0.0022475,0.0130288
-0.003785,-0.000436,0.0128228,-0.003786,-0.0004361,0.0127653
0.002237,-0.003084,0.0104418,0.0022382,-0.0030856,0.0103882
0.000594,0.003763,0.0130878,0.0005941,0.0037638,0.0130298
0.003737,-0.000742,0.0101798,0.0037391,-0.0007424,0.0101267
0.000138,-0.003807,0.0128188,0.000138,-0.003808,0.0127613
0.002892,-0.00248,0.0130828,0.0028926,-0.0024805,0.0130248
-0.001593,0.003461,0.0133508,-0.0015932,0.0034615,0.0132923
0.000297,0.003798,0.0136148,0.000297,0.0037984,0.0135558
0.000592,-0.003764,0.0104398,0.0005923,-0.003766,0.0103862
0.001853,-0.003329,0.0133458,0.0018533,-0.0033295,0.0132873
0.003576,0.001316,0.0133488,0.0035765,0.0013162,0.0132903
-0.003669,0.001026,0.0107088,-0.0036709,0.0010265,0.0106547
-0.003164,0.002123,0.0128228,-0.0031648,0.0021235,0.0127653
0.002114,-0.00317,0.0107048,0.0021151,-0.0031716,0.0106507
-0.000746,-0.003736,0.0107038,-0.0007464,-0.0037379,0.0106497
0.002797,-0.002587,0.0101788,0.0027986,-0.0025884,0.0101257
0.003624,0.001175,0.0130848,0.0036247,0.0011752,0.0130268
-0.003765,-0.000583,0.0130858,-0.0037658,-0.0005831,0.0130278
-0.00332,-0.001869,0.0107068,-0.0033217,-0.00187,0.0106528
0.002357,-0.002993,0.0101778,0.0023583,-0.0029947,0.0101247
0.000587,0.003765,0.0104458,0.0005873,0.003767,0.0103921
0.003322,0.001865,0.0107068,0.0033237,0.0018659,0.0106527
-0.001467,-0.003516,0.0125558,-0.0014674,-0.0035171,0.0124988
-0.00339,-0.001739,0.0104438,-0.0033918,-0.0017399,0.0103902
-0.00289,0.002483,0.0141388,-0.0028901,0.0024831,0.0140792
0.003798,-0.000303,0.0130848,0.0037988,-0.0003031,0.0130268
-0.002484,-0.002889,0.0130848,-0.0024845,-0.0028896,0.0130268
-0.003702,0.000902,0.0130868,-0.0037028,0.0009022,0.0130288
0.002581,0.002802,0.0101808,0.0025824,0.0028036,0.0101277
0.003624,-0.001177,0.0104428,0.0036259,-0.0011776,0.0103892
-0.002997,0.002352,0.0107088,-0.0029985,0.0023532,0.0106547
-0.001457,0.00352,0.0130878,-0.0014573,0.0035207,0.0130298
-0.003514,-0.001471,0.0099178,-0.003516,-0.0014719,0.0098651
-0.002999,-0.00235,0.0128218,-0.0029998,-0.0023506,0.0127643
-0.003701,-0.000904,0.0099178,-0.0037032,-0.0009045,0.0098651
-0.001727,0.003396,0.0136138,-0.0017272,0.0033964,0.0135548
-0.002248,0.003076,0.0104448,-0.0022492,0.0030776,0.0103912
0.000439,0.003785,0.0107098,0.0004392,0.0037869,0.0106557
0.003807,0.000146,0.0128208,0.003808,0.000146,0.0127633
0.001588,0.003463,0.0107088,0.0015888,0.0034648,0.0106547
-0.003455,-0.001606,0.0101808,-0.0034569,-0.0016069,0.0101276
0.003458,-0.0016,0.0128198,0.0034589,-0.0016004,0.0127623
0.000885,-0.003706,0.0104408,0.0008855,-0.003708,0.0103872
0.002474,-0.002898,0.0099148,0.0024755,-0.0028997,0.0098621
-0.002985,0.002367,0.0138768,-0.0029852,0.0023672,0.0138175
0.002793,0.002591,0.0101808,0.0027946,0.0025924,0.0101276
0.003575,-0.001319,0.0107068,0.0035768,-0.0013197,0.0106527
-1.2e-05,-0.00381,0.0130828,-1.2e-05,-0.0038108,0.0130248
0.003807,-0.000148,0.0107068,0.0038089,-0.0001481,0.0106527
0.000148,0.003807,0.0133518,0.000148,0.0038076,0.0132933
0.00186,0.003325,0.0128228,0.0018605,0.0033258,0.0127653
0.002238,0.003084,0.0125588,0.0022387,0.0030849,0.0125018
-0.002112,0.003171,0.0138768,-0.0021121,0.0031712,0.0138175
0.00381,1e-06,0.0109708,0.0038118,1e-06,0.0109163
-0.003628,-0.001165,0.0130858,-0.0036287,-0.0011652,0.0130278
-0.003734,-0.000756,0.0101818,-0.0037361,-0.0007564,0.0101286
-0.001872,0.003319,0.0101808,-0.001873,0.0033208,0.0101276
0.000886,0.003706,0.0125598,0.0008863,0.0037071,0.0125028
-0.000457,0.003783,0.0107088,-0.0004572,0.0037849,0.0106547
0.001987,-0.003251,0.0109688,0.001988,-0.0032526,0.0109143
-0.00089,-0.003704,0.0104398,-0.0008905,-0.003706,0.0103862
-0.002112,-0.003171,0.0101768,-0.0021132,-0.0031728,0.0101237
0.000296,0.003798,0.0130878,0.0002961,0.0037988,0.0130298
-0.00247,-0.002901,0.0104408,-0.0024713,-0.0029025,0.0103872
0.00325,0.001989,0.0136118,0.0032503,0.0019892,0.0135528
0.002689,-0.0027,0.0130828,0.0026896,-0.0027006,0.0130248
-0.002905,-0.002465,0.0130848,-0.0029056,-0.0024655,0.0130268
0.001449,-0.003524,0.0130828,0.0014493,-0.0035247,0.0130248
0.002988,-0.002364,0.0128198,0.0029888,-0.0023646,0.0127623
-0.001725,-0.003397,0.0099138,-0.001726,-0.003399,0.0098611
0.003798,0.000296,0.0125568,0.0037992,0.0002961,0.0124998
0.003461,0.001593,0.0133478,0.0034615,0.0015932,0.0132893
0.003798,0.0003,0.0109708,0.0037998,0.0003001,0.0109163
0.003736,0.000746,0.0107068,0.0037379,0.0007464,0.0106527
-0.003464,0.001587,0.0107088,-0.0034658,0.0015878,0.0106547
0.003622,-0.001182,0.0125558,0.0036231,-0.0011823,0.0124988
-0.000899,0.003702,0.0104448,-0.0008995,0.003704,0.0103912
-0.003706,0.000883,0.0109728,-0.0037078,0.0008834,0.0109183
-0.003465,-0.001585,0.0128218,-0.0034659,-0.0015854,0.0127643
-0.001455,-0.003521,0.0099128,-0.0014559,-0.0035231,0.0098601
-0.000755,-0.003735,0.0128188,-0.0007552,-0.003736,0.0127613
0.002798,0.002586,0.0128218,0.0027987,0.0025867,0.0127643
-0.0006,-0.003762,0.0109678,-0.0006003,-0.0037638,0.0109133
-0.003253,-0.001983,0.0125578,-0.003254,-0.0019836,0.0125008
-0.002126,-0.003162,0.0128198,-0.0021265,-0.0031628,0.0127623
-0.003797,-0.00031,0.0104448,-0.003799,-0.0003102,0.0103912
-0.003328,0.001854,0.0107088,-0.0033297,0.0018549,0.0106547
-0.001035,0.003667,0.0128238,-0.0010353,0.003668,0.0127663
0.003079,0.002244,0.0104438,0.0030806,0.0022452,0.0103902
-0.002703,-0.002685,0.0130848,-0.0027036,-0.0026855,0.0130268
-0.001329,0.003571,0.0101818,-0.0013297,0.003573,0.0101286
0.003083,0.002238,0.0136118,0.0030833,0.0022382,0.0135528
-0.003782,0.000459,0.0128228,-0.003783,0.0004591,0.0127653
-8e-06,0.00381,0.0109738,-8e-06,0.0038118,0.0109193
0.003668,0.001032,0.0128208,0.0036689,0.0010323,0.0127633
-0.003577,0.001311,0.0107088,-0.0035788,0.0013117,0.0106547
-0.000597,0.003763,0.0130878,-0.0005971,0.0037638,0.0130298
0.002109,-0.003173,0.0133458,0.0021093,-0.0031735,0.0132873
-0.003571,0.001328,0.0128228,-0.0035719,0.0013283,0.0127653
-0.001187,-0.00362,0.0125548,-0.0011874,-0.0036211,0.0124978
-0.003245,0.001996,0.0125588,-0.003246,0.0019966,0.0125018
0.001725,-0.003397,0.0109688,0.0017258,-0.0033986,0.0109143
-0.002366,0.002987,0.0107088,-0.0023672,0.0029885,0.0106547
0.002473,0.002898,0.0125588,0.0024737,0.0028989,0.0125018
-0.002468,0.002902,0.0141388,-0.0024681,0.0029021,0.0140792
0.003393,0.001733,0.0109708,0.0033946,0.0017338,0.0109163
0.000145,-0.003807,0.0107038,0.0001451,-0.0038089,0.0106497
-0.001739,-0.00339,0.0125558,-0.0017395,-0.003391,0.0124988
0.000734,0.003739,0.0101818,0.0007344,0.0037411,0.0101287
-0.003799,-0.00029,0.0125588,-0.0038002,-0.0002901,0.0125018
0.003518,-0.001462,0.0125558,0.0035191,-0.0014624,0.0124988
0.003736,-0.000748,0.0128208,0.003737,-0.0007482,0.0127633
-0.003391,0.001736,0.0125588,-0.003392,0.0017365,0.0125018
-0.002901,0.002469,0.0109728,-0.0029024,0.0024702,0.0109183
-0.000311,-0.003797,0.0130828,-0.0003111,-0.0037978,0.0130248
0.003763,-0.000595,0.0104428,0.003765,-0.0005953,0.0103892
0.001314,-0.003576,0.0107048,0.0013147,-0.0035778,0.0106507
0.001169,0.003626,0.0104458,0.0011696,0.0036279,0.0103922
0.002896,-0.002475,0.0104418,0.0028975,-0.0024763,0.0103882
0.003167,-0.002118,0.0107058,0.0031686,-0.0021191,0.0106517
-0.001319,0.003574,0.0128238,-0.0013193,0.0035749,0.0127663
0.002897,0.002474,0.0130858,0.0028976,0.0024745,0.0130278
-0.002794,-0.002591,0.0107058,-0.0027954,-0.0025923,0.0106517
0.001593,0.003461,0.0128238,0.0015934,0.0034619,0.0127663
-0.001034,-0.003667,0.0101758,-0.0010346,-0.003669,0.0101226
-0.003087,-0.002232,0.0125578,-0.0030879,-0.0022327,0.0125008
-0.000304,-0.003798,0.0109678,-0.0003042,-0.0037998,0.0109133
0.00352,-0.001459,0.0109708,0.0035217,-0.0014597,0.0109163
0.003666,0.001037,0.0107068,0.0036679,0.0010375,0.0106527
0.000291,0.003799,0.0109738,0.0002911,0.0038008,0.0109193
-0.002986,0.002366,0.0133508,-0.0029865,0.0023664,0.0132923
0.000586,-0.003765,0.0125548,0.0005862,-0.0037661,0.0124978
0.003519,0.001461,0.0109708,0.0035207,0.0014617,0.0109163
-0.003246,-0.001995,0.0109708,-0.0032476,-0.001996,0.0109164
0.001985,0.003252,0.0109728,0.0019859,0.0032536,0.0109183
-0.002699,0.002689,0.0109728,-0.0027003,0.0026903,0.0109183
0.002352,-0.002997,0.0133468,0.0023524,-0.0029975,0.0132883
0.002354,0.002996,0.0107088,0.0023552,0.0029975,0.0106547
0.001724,0.003398,0.0109728,0.0017248,0.0033996,0.0109183
0.001024,-0.00367,0.0128188,0.0010243,-0.0036709,0.0127613
0.003392,-0.001734,0.0125558,0.003393,-0.0017345,0.0124988
-0.003079,-0.002244,0.0109708,-0.0030805,-0.0022451,0.0109163
0.003394,-0.001731,0.0109698,0.0033956,-0.0017318,0.0109153
0.001174,0.003625,0.0125598,0.0011743,0.0036261,0.0125028
-0.003807,0.000141,0.0107088,-0.0038089,0.0001411,0.0106547
0.000289,-0.003799,0.0125548,0.0002891,-0.0038001,0.0124978
0.003763,0.000594,0.0125568,0.0037641,0.0005942,0.0124998
-0.00381,9e-06,0.0125588,-0.0038111,9e-06,0.0125018
-0.003764,0.00059,0.0109728,-0.0037658,0.0005903,0.0109183
-0.000151,0.003807,0.0133518,-0.000151,0.0038076,0.0132933
0.002469,0.002901,0.0104448,0.0024703,0.0029025,0.0103912
-0.003173,0.00211,0.0107088,-0.0031746,0.0021111,0.0106547
0.003246,-0.001995,0.0125558,0.003247,-0.0019956,0.0124988
-0.003619,-0.001191,0.0099178,-0.0036211,-0.0011917,0.0098651
0.002236,-0.003085,0.0109688,0.0022371,-0.0030865,0.0109143
-0.001728,0.003396,0.0130878,-0.0017284,0.0033967,0.0130298
0.000735,0.003738,0.0107098,0.0007354,0.0037399,0.0106557
0.00381,-3e-06,0.0125568,0.0038112,-3e-06,0.0124998
-0.00357,-0.001331,0.0101808,-0.003572,-0.0013317,0.0101276
-0.001605,0.003455,0.0101818,-0.0016059,0.0034569,0.0101286
0.003704,-0.000893,0.0125568,0.0037051,-0.0008933,0.0124998
0.000443,-0.003784,0.0107038,0.0004432,-0.0037859,0.0106497
0.001721,-0.003399,0.0130828,0.0017214,-0.0033997,0.0130248
0.002585,-0.002799,0.0101788,0.0025864,-0.0028006,0.0101257
-0.002988,0.002364,0.0128228,-0.0029888,0.0023646,0.0127653
0.002356,-0.002994,0.0107048,0.0023572,-0.0029955,0.0106507
-0.000893,-0.003704,0.0109678,-0.0008934,-0.0037058,0.0109133
-0.003398,0.001724,0.0109728,-0.0033996,0.0017248,0.0109183
-0.000745,0.003736,0.0128238,-0.0007452,0.003737,0.0127663
-0.003735,0.000754,0.0128228,-0.003736,0.0007542,0.0127653
0.00103,-0.003668,0.0107038,0.0010305,-0.0036699,0.0106497
-0.000307,0.003798,0.0109738,-0.0003072,0.0037998,0.0109193
0.000445,0.003784,0.0128238,0.0004451,0.003785,0.0127663
-0.003079,0.002244,0.0125588,-0.0030799,0.0022447,0.0125018
0.000739,-0.003738,0.0107038,0.0007394,-0.0037399,0.0106497
0.003165,0.00212,0.0107078,0.0031666,0.0021211,0.0106537
0.003784,-0.000447,0.0107068,0.0037859,-0.0004472,0.0106527
-0.003456,-0.001603,0.0107078,-0.0034577,-0.0016038,0.0106538
0.003247,0.001994,0.0109718,0.0032486,0.001995,0.0109173
-0.002791,0.002593,0.0138768,-0.0027912,0.0025932,0.0138175
0.003798,-0.000298,0.0109708,0.0037998,-0.0002981,0.0109163
0.003705,-0.000888,0.0104428,0.0037069,-0.0008885,0.0103892
-0.002687,0.002701,0.0141388,-0.0026871,0.0027011,0.0140792
0.002473,-0.002899,0.0104418,0.0024743,-0.0029006,0.0103882
-0.003086,0.002234,0.0109728,-0.0030875,0.0022351,0.0109183
0.003521,0.001456,0.0130848,0.0035217,0.0014563,0.0130268
-0.003664,0.001044,0.0128228,-0.0036649,0.0010443,0.0127653
0.003783,-0.000452,0.0128208,0.003784,-0.0004521,0.0127633
-0.003625,0.001172,0.0109728,-0.0036267,0.0011726,0.0109183
0.003807,-0.000153,0.0128208,0.003808,-0.000153,0.0127633
0.003623,-0.001178,0.0109708,0.0036247,-0.0011786,0.0109163
-0.003764,-0.000587,0.0125588,-0.0037651,-0.0005872,0.0125018
0.000881,0.003707,0.0104458,0.0008815,0.003709,0.0103922
-0.002891,0.002482,0.0136138,-0.0028913,0.0024823,0.0135548
0.002235,0.003086,0.0109728,0.0022361,0.0030875,0.0109183
-0.002367,-0.002985,0.0128208,-0.0023676,-0.0029858,0.0127633
0.001311,0.003577,0.0107088,0.0013117,0.0035788,0.0106547
0.00088,-0.003707,0.0125548,0.0008803,-0.0037081,0.0124978
-0.003399,-0.001722,0.0125578,-0.0034,-0.0017225,0.0125008
-0.003516,-0.001468,0.0104438,-0.0035179,-0.0014688,0.0103902
0.003667,-0.001034,0.0107068,0.0036689,-0.0010345,0.0106527
0.002693,0.002695,0.0125578,0.0026938,0.0026958,0.0125008
0.001989,0.00325,0.0125588,0.0019896,0.003251,0.0125018
-0.001999,0.003243,0.0104448,-0.0020001,0.0032447,0.0103912
0.002993,0.002358,0.0133488,0.0029935,0.0023584,0.0132903
0.000592,0.003764,0.0125598,0.0005922,0.0037651,0.0125028
-0.003708,-0.000877,0.0130868,-0.0037088,-0.0008772,0.0130288
-0.003392,-0.001735,0.0109718,-0.0033936,-0.0017358,0.0109173
-0.002353,0.002996,0.0138768,-0.0023532,0.0029962,0.0138175
0.003763,0.000598,0.0109708,0.0037648,0.0005983,0.0109163
-0.003578,-0.001308,0.0128228,-0.0035789,-0.0013083,0.0127653
-0.003663,-0.001047,0.0101808,-0.003665,-0.0010476,0.0101276
-0.003799,0.000293,0.0109728,-0.0038008,0.0002931,0.0109183
0.001309,-0.003578,0.0128188,0.0013093,-0.0035789,0.0127613
-0.001036,-0.003666,0.0107038,-0.0010365,-0.0036678,0.0106497
-0.001859,0.003326,0.0133508,-0.0018593,0.0033265,0.0132923
-0.002903,-0.002468,0.0125568,-0.0029039,-0.0024688,0.0124998
0.002893,0.002479,0.0104438,0.0028945,0.0024803,0.0103902
-0.001858,-0.003326,0.0101768,-0.001859,-0.0033279,0.0101237
-0.003165,0.00212,0.0122948,-0.0031661,0.0021207,0.0122382
-0.002236,-0.003085,0.0104408,-0.0022372,-0.0030866,0.0103872
-0.003737,0.00074,0.0112378,-0.0037387,0.0007403,0.0111829
0.003325,0.00186,0.0133488,0.0033255,0.0018603,0.0132903
-0.003798,0.000308,0.0125588,-0.0037991,0.0003081,0.0125018
0.002468,-0.002902,0.0130828,0.0024685,-0.0029026,0.0130248
-0.002805,-0.002578,0.0128208,-0.0028057,-0.0025787,0.0127633
0.002793,-0.002591,0.0128198,0.0027937,-0.0025917,0.0127623
-0.000161,-0.003807,0.0128188,-0.000161,-0.003808,0.0127613
0.003807,0.000147,0.0122928,0.0038083,0.0001471,0.0122362
0.00269,0.002698,0.0104448,0.0026914,0.0026994,0.0103912
0.000142,0.003807,0.0112378,0.0001421,0.0038087,0.0111829
-0.000301,0.003798,0.0130878,-0.0003011,0.0037988,0.0130298
0.002582,0.002802,0.0107078,0.0025833,0.0028034,0.0106537
-0.000752,0.003735,0.0107088,-0.0007524,0.0037369,0.0106547
-0.002892,0.00248,0.0130868,-0.0028926,0.0024805,0.0130288
-0.001317,-0.003575,0.0101768,-0.0013177,-0.003577,0.0101236
-0.0009,-0.003702,0.0125548,-0.0009003,-0.0037031,0.0124978
-0.000748,-0.003736,0.0112318,-0.0007483,-0.0037377,0.0111769
-0.002894,-0.002478,0.0109698,-0.0028954,-0.0024792,0.0109153
-0.003252,0.001985,0.0109728,-0.0032536,0.001986,0.0109183
-0.000453,-0.003783,0.0112318,-0.0004532,-0.0037847,0.0111769
-0.001999,-0.003243,0.0125558,-0.0019996,-0.003244,0.0124988
0.001451,0.003523,0.0109728,0.0014517,0.0035247,0.0109183
-0.002801,0.002583,0.0112368,-0.0028023,0.0025842,0.0111819
-0.003761,-0.000607,0.0104448,-0.003763,-0.0006073,0.0103912
-0.000892,0.003704,0.0125598,-0.0008923,0.0037051,0.0125028
0.001983,-0.003253,0.0130828,0.0019834,-0.0032537,0.0130248
0.003705,0.000888,0.0125568,0.0037061,0.0008883,0.0124998
0.003575,0.001317,0.0128208,0.0035759,0.0013173,0.0127633
0.001857,-0.003327,0.0112328,0.0018578,-0.0033285,0.0111779
-0.003517,0.001465,0.0125588,-0.0035181,0.0014654,0.0125018
-0.001327,-0.003571,0.0122908,-0.0013275,-0.0035722,0.0122342
-0.003739,-0.000732,0.0128228,-0.00374,-0.0007322,0.0127653
-0.002594,-0.00279,0.0128208,-0.0025947,-0.0027907,0.0127633
0.001453,-0.003522,0.0109678,0.0014537,-0.0035237,0.0109133
0.003807,-0.000149,0.0112348,0.0038087,-0.0001491,0.0111799
-0.00248,0.002893,0.0109728,-0.0024812,0.0028944,0.0109183
-0.003668,0.001031,0.0112378,-0.0036697,0.0010315,0.0111829
0.003323,0.001864,0.0112358,0.0033245,0.0018649,0.0111809
-0.002583,-0.002801,0.0107048,-0.0025843,-0.0028024,0.0106507
-5e-06,-0.00381,0.0109678,-5e-06,-0.0038118,0.0109133
-0.002995,0.002355,0.0112368,-0.0029964,0.0023561,0.0111819
-0.003166,-0.002119,0.0112358,-0.0031674,-0.00212,0.0111809
0.003573,-0.001322,0.0122918,0.0035742,-0.0013225,0.0122352
-0.000459,-0.003782,0.0128188,-0.0004591,-0.003783,0.0127613
-0.001603,-0.003456,0.0122908,-0.0016035,-0.0034572,0.0122342
-0.002124,0.003163,0.0107088,-0.0021251,0.0031646,0.0106547
-0.003322,0.001866,0.0122948,-0.0033231,0.0018666,0.0122382
-2e-06,0.00381,0.0130878,-2e-06,0.0038108,0.0130298
0.003666,-0.001038,0.0122918,0.0036672,-0.0010384,0.0122352
-1.1e-05,-0.00381,0.0125548,-1.1e-05,-0.0038111,0.0124978
0.002991,-0.00236,0.0107058,0.0029925,-0.0023612,0.0106517
0.003248,-0.001992,0.0109698,0.0032496,-0.001993,0.0109153
0.003079,-0.002244,0.0125558,0.0030799,-0.0022447,0.0124988
-0.001179,0.003623,0.0125598,-0.0011794,0.0036241,0.0125028
0.002113,-0.003171,0.0112328,0.002114,-0.0031724,0.0111779
-0.003784,-0.000441,0.0122948,-0.0037853,-0.0004412,0.0122382
0.003623,0.00118,0.0109708,0.0036247,0.0011806,0.0109163
0.003322,-0.001866,0.0122918,0.0033231,-0.0018666,0.0122352
0.003459,0.001597,0.0112358,0.0034606,0.0015977,0.0111809
0.00247,0.002901,0.0109718,0.0024712,0.0029024,0.0109173
-0.003522,0.001452,0.0109728,-0.0035237,0.0014527,0.0109183
0.001455,0.003521,0.0125598,0.0014554,0.0035221,0.0125028
0.003807,0.00015,0.0112348,0.0038087,0.0001501,0.0111799
0.003458,-0.001599,0.0122918,0.0034592,-0.0015995,0.0122352
0.002897,0.002475,0.0125578,0.0028979,0.0024757,0.0125008
0.002112,0.003171,0.0112368,0.002113,0.0031724,0.0111819
0.000734,-0.003739,0.0122898,0.0007342,-0.0037403,0.0122332
0.000588,0.003764,0.0109738,0.0005883,0.0037658,0.0109193
0.002357,0.002994,0.0122938,0.0023578,0.002995,0.0122372
0.001856,0.003327,0.0112368,0.0018568,0.0033285,0.0111819
-0.003327,-0.001856,0.0122938,-0.0033281,-0.0018566,0.0122372
-0.003171,-0.002111,0.0122938,-0.0031721,-0.0021117,0.0122372
0.002114,0.003169,0.0122948,0.0021147,0.0031701,0.0122382
-0.001987,0.003251,0.0136138,-0.0019872,0.0032513,0.0135548
-0.001187,0.00362,0.0104448,-0.0011876,0.0036219,0.0103912
0.003459,-0.001597,0.0112348,0.0034606,-0.0015977,0.0111799
-0.003807,-0.000159,0.0107088,-0.0038089,-0.0001591,0.0106547
0.00103,0.003668,0.0122958,0.0010303,0.0036692,0.0122392
0.003784,0.000446,0.0122928,0.0037853,0.0004462,0.0122362
0.003574,-0.00132,0.0112348,0.0035756,-0.0013206,0.0111799
-0.000157,0.003807,0.0112378,-0.0001571,0.0038087,0.0111829
0.000438,-0.003785,0.0122898,0.0004381,-0.0037863,0.0122332
0.000739,0.003738,0.0122958,0.0007392,0.0037393,0.0122392
-0.001595,0.00346,0.0128238,-0.0015954,0.0034609,0.0127663
-0.003322,-0.001865,0.0112358,-0.0033235,-0.0018658,0.0111809
-0.003807,-0.000143,0.0122948,-0.0038083,-0.0001431,0.0122382
0.002992,0.002359,0.0128218,0.0029928,0.0023596,0.0127643
0.002693,-0.002695,0.0104418,0.0026944,-0.0026964,0.0103882
0.003083,0.002239,0.0130848,0.0030836,0.0022395,0.0130268
0.000147,0.003807,0.0128238,0.000147,0.003808,0.0127663
-0.002996,-0.002354,0.0122928,-0.002997,-0.0023548,0.0122362
-0.00299,0.002362,0.0122948,-0.002991,0.0023628,0.0122382
-0.003784,0.000444,0.0112378,-0.0037857,0.0004442,0.0111829
0.003807,-0.000152,0.0122928,0.0038083,-0.0001521,0.0122362
-0.001177,-0.003624,0.0104398,-0.0011776,-0.0036259,0.0103862
0.001587,-0.003464,0.0128188,0.0015874,-0.0034649,0.0127613
0.00059,-0.003764,0.0109678,0.0005903,-0.0037658,0.0109133
-0.003518,-0.001464,0.0109718,-0.0035197,-0.0014647,0.0109173
0.002472,-0.002899,0.0109688,0.0024732,-0.0029004,0.0109143
-0.000599,0.003763,0.0125598,-0.0005992,0.0037641,0.0125028
-0.003762,0.000605,0.0125588,-0.0037631,0.0006052,0.0125018
0.00308,0.002243,0.0109718,0.0030815,0.0022441,0.0109173
0.001172,-0.003625,0.0109678,0.0011726,-0.0036268,0.0109133
-0.003703,0.000898,0.0125588,-0.0037041,0.0008983,0.0125018
-0.000604,0.003762,0.0109728,-0.0006043,0.0037638,0.0109183
0.003169,0.002115,0.0133488,0.0031695,0.0021153,0.0132903
-0.003738,-0.000737,0.0122948,-0.0037393,-0.0007373,0.0122382
0.000441,0.003784,0.0112378,0.0004412,0.0037857,0.0111829
-0.002894,0.002478,0.0125588,-0.0028949,0.0024787,0.0125018
0.000884,-0.003706,0.0109678,0.0008844,-0.0037078,0.0109133
0.002989,0.002363,0.0107078,0.0029905,0.0023642,0.0106537
0.001727,0.003396,0.0125598,0.0017275,0.003397,0.0125028
0.003166,0.002119,0.0112358,0.0031674,0.00212,0.0111809
0.002585,0.002799,0.0122938,0.0025859,0.0027999,0.0122372
0.003763,-0.000596,0.0109708,0.0037648,-0.0005963,0.0109163
-0.00299,-0.002361,0.0112348,-0.0029914,-0.0023621,0.0111799
0.003737,-0.000743,0.0107068,0.0037389,-0.0007434,0.0106527
-0.00258,0.002804,0.0138768,-0.0025802,0.0028042,0.0138175
0.000293,-0.003799,0.0109678,0.0002931,-0.0038008,0.0109133
0.003798,-0.000302,0.0125568,0.0037991,-0.0003021,0.0124998
-0.003621,0.001186,0.0125588,-0.0036221,0.0011864,0.0125018
0.003763,-0.0006,0.0125568,0.0037641,-0.0006002,0.0124998
-0.001043,-0.003664,0.0122908,-0.0010434,-0.0036653,0.0122343
0.003784,-0.000448,0.0112348,0.0037857,-0.0004482,0.0111799
-0.002792,0.002592,0.0133508,-0.0027924,0.0025924,0.0132923
0.000295,0.003799,0.0125598,0.0002951,0.0038001,0.0125028
-0.00045,0.003783,0.0128238,-0.0004501,0.003784,0.0127663
-0.001038,-0.003666,0.0112318,-0.0010385,-0.0036677,0.0111769
-0.001592,-0.003461,0.0101758,-0.0015929,-0.0034629,0.0101226
-0.001739,0.00339,0.0104448,-0.0017399,0.0033918,0.0103912
0.003165,-0.002121,0.0122918,0.0031661,-0.0021217,0.0122352
0.001026,0.003669,0.0107098,0.0010265,0.0036709,0.0106557
-0.003707,-0.000881,0.0125588,-0.0037081,-0.0008813,0.0125018
0.003704,0.000891,0.0109708,0.0037058,0.0008914,0.0109163
-0.00259,0.002794,0.0112368,-0.0025912,0.0027953,0.0111819
0.001168,-0.003626,0.0125548,0.0011684,-0.0036271,0.0124978
0.002355,0.002995,0.0112368,0.0023561,0.0029964,0.0111819
0.001025,-0.003669,0.0122898,0.0010253,-0.0036702,0.0122332
-0.003523,-0.00145,0.0125578,-0.0035241,-0.0014504,0.0125008
-0.002247,-0.003077,0.0125558,-0.0022477,-0.0030779,0.0124988
-0.003463,-0.001589,0.0122938,-0.0034642,-0.0015895,0.0122372
-0.0027,-0.002688,0.0125568,-0.0027008,-0.0026888,0.0124998
0.002797,0.002587,0.0122938,0.0027979,0.0025879,0.0122372
0.001315,0.003576,0.0122958,0.0013154,0.0035772,0.0122392
0.003396,0.001728,0.0130848,0.0033967,0.0017284,0.0130268
0.003323,-0.001863,0.0112338,0.0033245,-0.0018638,0.0111789
-0.002688,0.0027,0.0136138,-0.0026883,0.0027003,0.0135548
0.00159,-0.003462,0.0112328,0.0015907,-0.0034636,0.0111779
0.002232,-0.003087,0.0130828,0.0022325,-0.0030876,0.0130248
0.002584,-0.0028,0.0107048,0.0025853,-0.0028014,0.0106507
-0.002696,0.002692,0.0115008,-0.0026971,0.0026931,0.0114454
-0.00381,-7e-06,0.0109728,-0.0038118,-7e-06,0.0109183
-0.00118,-0.003623,0.0109678,-0.0011806,-0.0036247,0.0109133
-0.001988,0.00325,0.0130868,-0.0019884,0.0032507,0.0130288
-0.00187,0.00332,0.0107088,-0.0018709,0.0033217,0.0106547
-0.003763,0.000595,0.0115018,-0.0037646,0.0005953,0.0114464
-0.002356,-0.002994,0.0107048,-0.0023572,-0.0029955,0.0106507
-0.003458,-0.001599,0.0112358,-0.0034596,-0.0015997,0.0111809
0.002472,0.002899,0.0120298,0.0024729,0.0029001,0.0119736
0.003574,0.001321,0.0112348,0.0035756,0.0013216,0.0111799
0.001854,-0.003329,0.0128188,0.0018545,-0.0033299,0.0127613
0.002581,-0.002803,0.0128188,0.0025817,-0.0028037,0.0127613
0.003519,-0.00146,0.0114988,0.0035205,-0.0014606,0.0114434
0.000587,-0.003764,0.0120258,0.0005872,-0.0037654,0.0119696
-0.001468,0.003516,0.0104448,-0.0014688,0.0035179,0.0103912
-0.003807,0.000156,0.0122948,-0.0038083,0.0001561,0.0122382
-0.003702,-0.0009,0.0104448,-0.003704,-0.0009005,0.0103912
-0.003462,0.001592,0.0112368,-0.0034636,0.0015927,0.0111819
-0.001043,0.003664,0.0107088,-0.0010435,0.0036659,0.0106547
-0.002692,-0.002697,0.0109698,-0.0026933,-0.0026983,0.0109153
-0.003571,-0.001327,0.0107078,-0.0035728,-0.0013277,0.0106538
0.002355,-0.002995,0.0112328,0.0023561,-0.0029964,0.0111779
-0.00362,-0.001188,0.0104448,-0.0036219,-0.0011886,0.0103912
-0.000747,0.003736,0.0122958,-0.0007473,0.0037373,0.0122392
-0.001869,-0.00332,0.0122918,-0.0018696,-0.0033211,0.0122352
-0.003326,0.001858,0.0112368,-0.0033275,0.0018589,0.0111819
-0.000156,-0.003807,0.0112318,-0.0001561,-0.0038087,0.0111769
-0.003396,-0.001726,0.0120298,-0.0033973,-0.0017266,0.0119736
0.00117,0.003626,0.0109738,0.0011706,0.0036277,0.0109193
-0.003799,-0.000295,0.0120308,-0.0038004,-0.0002951,0.0119746
-0.003783,-0.000457,0.0107088,-0.0037849,-0.0004572,0.0106547
-0.00031,-0.003797,0.0125548,-0.0003101,-0.0037981,0.0124978
0.002893,-0.002479,0.0125558,0.0028939,-0.0024798,0.0124988
0.001859,0.003326,0.0122948,0.0018596,0.0033271,0.0122382
-0.001988,-0.00325,0.0104398,-0.0019891,-0.0032517,0.0103862
0.003737,0.000742,0.0122928,0.0037383,0.0007423,0.0122362
-0.003764,-0.000592,0.0120308,-0.0037654,-0.0005922,0.0119746
0.003519,-0.001461,0.0120278,0.0035203,-0.0014615,0.0119716
0.003624,0.001176,0.0125568,0.0036251,0.0011763,0.0124998
-0.00367,-0.001024,0.0128228,-0.0036709,-0.0010243,0.0127653
-0.003458,0.0016,0.0122948,-0.0034592,0.0016005,0.0122382
-0.002794,0.002591,0.0128228,-0.0027947,0.0025917,0.0127653
-0.003576,0.001315,0.0112378,-0.0035776,0.0013156,0.0111829
-0.003705,0.000888,0.0115018,-0.0037066,0.0008884,0.0114464
-0.003251,-0.001987,0.0120288,-0.0032522,-0.0019877,0.0119727
-0.002245,0.003078,0.0109718,-0.0022461,0.0030795,0.0109173
-0.000607,-0.003761,0.0125548,-0.0006072,-0.0037621,0.0124978
0.001173,0.003625,0.0120308,0.0011734,0.0036263,0.0119746
0.003783,0.000449,0.0112348,0.0037847,0.0004492,0.0111799
-0.003082,-0.00224,0.0114998,-0.0030833,-0.0022409,0.0114445
-0.003248,-0.001991,0.0114998,-0.0032494,-0.0019918,0.0114445
0.001589,0.003463,0.0112378,0.0015897,0.0034646,0.0111829
-0.003247,0.001993,0.0120308,-0.0032482,0.0019937,0.0119746
0.000443,0.003784,0.0122958,0.0004432,0.0037853,0.0122392
-0.001465,-0.003517,0.0120268,-0.0014655,-0.0035183,0.0119706
-0.002802,-0.002581,0.0122928,-0.0028029,-0.0025819,0.0122362
-0.001185,-0.003621,0.0120258,-0.0011854,-0.0036223,0.0119696
0.003736,-0.000746,0.0122918,0.0037373,-0.0007463,0.0122353
0.003623,-0.00118,0.0120278,0.0036243,-0.0011804,0.0119716
-0.000602,-0.003762,0.0114968,-0.0006022,-0.0037636,0.0114415
0.003798,-0.0003,0.0114988,0.0037996,-0.0003001,0.0114435
0.003081,-0.002241,0.0109698,0.0030825,-0.0022421,0.0109153
0.001724,-0.003398,0.0114968,0.0017247,-0.0033994,0.0114415
-0.001037,0.003666,0.0122948,-0.0010374,0.0036672,0.0122382
-0.000895,-0.003703,0.0114968,-0.0008954,-0.0037046,0.0114415
0.003082,0.00224,0.0125578,0.0030829,0.0022407,0.0125008
0.003247,0.001993,0.0114998,0.0032484,0.0019938,0.0114444
0.000882,0.003707,0.0109738,0.0008824,0.0037088,0.0109193
-0.002899,0.002472,0.0115008,-0.0029002,0.002473,0.0114454
0.003394,0.001731,0.0114998,0.0033954,0.0017317,0.0114444
0.00381,-2e-06,0.0120278,0.0038114,-2e-06,0.0119716
0.000885,0.003706,0.0120308,0.0008853,0.0037074,0.0119746
0.003461,0.001594,0.0128208,0.0034619,0.0015944,0.0127633
0.002991,0.00236,0.0122938,0.002992,0.0023608,0.0122372
0.002236,0.003085,0.0115008,0.002237,0.0030863,0.0114455
0.003393,-0.001733,0.0120278,0.0033943,-0.0017336,0.0119716
0.000881,-0.003707,0.0120258,0.0008813,-0.0037084,0.0119696
0.001986,0.003251,0.0115018,0.0019868,0.0032524,0.0114464
-0.002481,-0.002891,0.0125568,-0.0024818,-0.0028919,0.0124998
-0.003081,0.002241,0.0120308,-0.0030821,0.0022418,0.0119746
0.003798,0.000298,0.0120278,0.0037994,0.0002981,0.0119716
0.002237,0.003084,0.0120298,0.0022378,0.0030851,0.0119736
-7e-06,0.00381,0.0115018,-7e-06,0.0038116,0.0114465
0.003246,-0.001994,0.0120268,0.0032472,-0.0019947,0.0119706
0.00381,-0.0,0.0114988,0.0038116,0.0,0.0114434
0.003394,-0.001732,0.0114988,0.0033954,-0.0017327,0.0114434
0.002796,-0.002588,0.0107058,0.0027974,-0.0025893,0.0106517
0.00014,-0.003807,0.0122898,0.00014,-0.0038083,0.0122332
-0.001459,0.00352,0.0125598,-0.0014594,0.0035211,0.0125028
0.003667,-0.001035,0.0112348,0.0036687,-0.0010355,0.0111799
0.002691,0.002698,0.0109718,0.0026923,0.0026993,0.0109173
-0.000455,0.003783,0.0112378,-0.0004552,0.0037847,0.0111829
0.001986,-0.003252,0.0114968,0.0019868,-0.0032534,0.0114414
-0.00317,0.002113,0.0112368,-0.0031714,0.002114,0.0111819
0.000292,0.003799,0.0115018,0.0002921,0.0038006,0.0114465
-0.002235,0.003086,0.0136138,-0.0022352,0.0030863,0.0135548
-0.00186,0.003325,0.0128238,-0.0018605,0.0033259,0.0127663
-0.000302,0.003798,0.0125598,-0.0003021,0.0037992,0.0125028
0.002583,0.002801,0.0112358,0.0025842,0.0028023,0.0111809
0.001592,0.003462,0.0122948,0.0015925,0.0034632,0.0122382
-0.003085,-0.002236,0.0120288,-0.0030861,-0.0022368,0.0119726
0.000737,-0.003738,0.0112318,0.0007373,-0.0037397,0.0111769
-0.003798,0.000298,0.0115018,-0.0037996,0.0002981,0.0114464
0.002692,0.002696,0.0120298,0.002693,0.002697,0.0119736
-0.003572,0.001324,0.0122948,-0.0035732,0.0013245,0.0122382
0.003623,-0.001179,0.0114988,0.0036245,-0.0011795,0.0114434
-4e-06,0.00381,0.0125598,-4e-06,0.0038112,0.0125028
-0.001319,-0.003574,0.0107038,-0.0013197,-0.0035758,0.0106497
0.002794,0.00259,0.0107078,0.0027954,0.0025913,0.0106537
0.00029,-0.003799,0.0120258,0.0002901,-0.0038004,0.0119696
0.00145,-0.003523,0.0125548,0.0014504,-0.0035241,0.0124978
-0.002123,-0.003163,0.0122918,-0.0021237,-0.0031641,0.0122352
0.003705,-0.000889,0.0109708,0.0037068,-0.0008894,0.0109163
0.003737,-0.000744,0.0112348,0.0037387,-0.0007443,0.0111799
-0.000452,0.003783,0.0122958,-0.0004522,0.0037843,0.0122392
-0.003521,-0.001454,0.0120298,-0.0035223,-0.0014545,0.0119736
-0.00381,4e-06,0.0120308,-0.0038114,4e-06,0.0119746
0.001454,0.003522,0.0120308,0.0014545,0.0035233,0.0119746
-0.003783,0.000455,0.0122948,-0.0037843,0.0004552,0.0122382
0.003783,-0.000451,0.0122928,0.0037843,-0.0004512,0.0122363
-0.000897,0.003703,0.0109728,-0.0008974,0.0037048,0.0109183
0.003249,0.00199,0.0130848,0.0032497,0.0019904,0.0130268
0.003459,-0.001598,0.0117628,0.0034604,-0.0015986,0.011707
0.000736,0.003738,0.0112378,0.0007363,0.0037397,0.0111829
-0.003626,-0.001169,0.0125588,-0.0036271,-0.0011694,0.0125018
-0.002797,-0.002588,0.0112348,-0.0027983,-0.0025892,0.0111799
0.001313,-0.003577,0.0112328,0.0013136,-0.0035786,0.0111779
0.00299,0.002362,0.0112358,0.0029914,0.0023631,0.0111809
-0.002689,0.002699,0.0130868,-0.0026896,0.0026996,0.0130288
-0.002897,-0.002474,0.0114988,-0.0028982,-0.002475,0.0114435
0.000441,-0.003784,0.0112318,0.0004412,-0.0037857,0.0111769
-0.002469,0.002902,0.0136138,-0.0024693,0.0029023,0.0135548
-0.001736,-0.003392,0.0120268,-0.0017366,-0.0033932,0.0119706
-0.001457,-0.00352,0.0104398,-0.0014578,-0.0035219,0.0103862
-0.002796,0.002588,0.0122948,-0.0027969,0.0025889,0.0122382
-0.000306,-0.003798,0.0114968,-0.0003061,-0.0037996,0.0114415
0.003763,-0.000597,0.0114988,0.0037646,-0.0005973,0.0114434
-0.003665,0.00104,0.0122948,-0.0036662,0.0010404,0.0122382
-0.002363,0.002989,0.0112368,-0.0023641,0.0029904,0.0111819
0.002989,-0.002363,0.0122908,0.00299,-0.0023638,0.0122342
0.003168,0.002116,0.0128218,0.0031688,0.0021165,0.0127643
-0.000753,-0.003735,0.0122908,-0.0007533,-0.0037363,0.0122343
-0.003669,-0.001028,0.0122948,-0.0036702,-0.0010283,0.0122382
0.001028,-0.003669,0.0112318,0.0010285,-0.0036707,0.0111769
0.003798,-0.000301,0.0120278,0.0037994,-0.0003011,0.0119716
0.00131,-0.003578,0.0122898,0.0013104,-0.0035792,0.0122332
0.000143,-0.003807,0.0112318,0.0001431,-0.0038087,0.0111769
-0.003393,0.001733,0.0120308,-0.0033942,0.0017336,0.0119746
-0.003577,-0.001313,0.0122938,-0.0035782,-0.0013134,0.0122372
0.002471,0.0029,0.0115008,0.0024721,0.0029012,0.0114454
-0.000305,0.003798,0.0115018,-0.0003051,0.0037996,0.0114465
0.003081,0.002242,0.0114998,0.0030823,0.002243,0.0114444
0.001452,-0.003523,0.0114968,0.0014526,-0.0035245,0.0114414
-0.003735,0.00075,0.0122948,-0.0037363,0.0007503,0.0122382
0.003167,-0.002119,0.0112338,0.0031684,-0.00212,0.0111789
-0.000152,0.003807,0.0128238,-0.000152,0.003808,0.0127663
-0.002113,0.00317,0.0133508,-0.0021133,0.0031705,0.0132923
-0.003807,0.000146,0.0112378,-0.0038087,0.0001461,0.0111829
-0.002477,0.002895,0.0115008,-0.0024781,0.0028962,0.0114455
0.003519,0.001459,0.0114998,0.0035205,0.0014596,0.0114444
-0.002581,0.002803,0.0133508,-0.0025814,0.0028034,0.0132923
-0.001322,-0.003573,0.0112328,-0.0013226,-0.0035746,0.0111779
0.002795,0.002589,0.0112358,0.0027963,0.0025902,0.0111809
-0.002587,0.002797,0.0117658,-0.002588,0.0027981,0.01171
-0.003783,0.000449,0.0117658,-0.0037845,0.0004492,0.01171
-0.001997,0.003245,0.0109728,-0.001998,0.0032466,0.0109183
0.002584,0.0028,0.0117648,0.002585,0.0028011,0.011709
-0.002472,-0.002899,0.0109688,-0.0024732,-0.0029004,0.0109143
-0.003394,-0.001731,0.0115008,-0.0033954,-0.0017317,0.0114455
0.003737,0.000745,0.0112348,0.0037387,0.0007453,0.0111799
-0.003798,-0.000305,0.0109728,-0.0037998,-0.0003051,0.0109183
0.001722,-0.003399,0.0125548,0.0017225,-0.0034,0.0124978
0.002352,-0.002997,0.0128188,0.0023526,-0.0029978,0.0127613
0.000145,0.003807,0.0122958,0.000145,0.0038083,0.0122392
-0.002896,0.002475,0.0120298,-0.0028971,0.0024759,0.0119736
-0.002591,-0.002793,0.0122918,-0.0025919,-0.002794,0.0122352
-0.001603,0.003456,0.0107088,-0.0016038,0.0034577,0.0106547
-0.001327,0.003571,0.0107088,-0.0013277,0.0035728,0.0106547
-0.003735,-0.000752,0.0107088,-0.0037369,-0.0007524,0.0106548
-0.002365,-0.002987,0.0122918,-0.0023658,-0.002988,0.0122352
-0.000601,0.003762,0.0120308,-0.0006012,0.0037634,0.0119746
-0.003736,0.000745,0.0117658,-0.0037375,0.0007453,0.01171
-0.003664,-0.001043,0.0107088,-0.0036659,-0.0010435,0.0106548
0.002894,0.002478,0.0109718,0.0028954,0.0024792,0.0109173
-0.003621,-0.001184,0.0109728,-0.0036227,-0.0011846,0.0109183
0.002583,-0.0028,0.0112328,0.0025842,-0.0028013,0.0111779
0.002356,0.002994,0.0117658,0.0023569,0.0029952,0.01171
-0.003461,-0.001594,0.0117648,-0.0034624,-0.0015946,0.011709
-0.003395,0.001728,0.0115018,-0.0033964,0.0017287,0.0114464
0.00044,-0.003785,0.0117608,0.0004402,-0.0037865,0.011705
0.003704,-0.000891,0.0114988,0.0037056,-0.0008914,0.0114434
-0.003807,-0.000148,0.0117658,-0.0038085,-0.0001481,0.01171
0.001312,0.003577,0.0112378,0.0013126,0.0035786,0.0111829
0.003247,-0.001993,0.0114988,0.0032484,-0.0019938,0.0114434
0.002689,-0.002699,0.0125548,0.0026898,-0.0026998,0.0124978
0.001988,0.00325,0.0120308,0.0019887,0.0032512,0.0119746
0.003667,0.001033,0.0122928,0.0036682,0.0010334,0.0122362
0.003763,0.000595,0.0120278,0.0037644,0.0005952,0.0119716
0.003325,0.001861,0.0128208,0.0033259,0.0018615,0.0127633
-0.003784,-0.000446,0.0117658,-0.0037855,-0.0004462,0.01171
0.003323,-0.001865,0.0117628,0.0033243,-0.0018657,0.011707
0.001169,-0.003626,0.0120258,0.0011694,-0.0036273,0.0119696
0.00352,0.001457,0.0125568,0.0035211,0.0014574,0.0124998
-0.002993,-0.002357,0.0117638,-0.0029942,-0.0023579,0.011708
-0.003624,0.001176,0.0115018,-0.0036255,0.0011765,0.0114464
0.003667,0.001036,0.0112348,0.0036687,0.0010365,0.0111799
-0.001182,-0.003622,0.0114968,-0.0011825,-0.0036235,0.0114415
-0.002114,-0.003169,0.0107048,-0.0021151,-0.0031706,0.0106507
-0.0029,-0.002471,0.0120288,-0.0029011,-0.0024719,0.0119726
-0.003325,-0.00186,0.0117648,-0.0033263,-0.0018607,0.0117091
0.003574,-0.001321,0.0117628,0.0035754,-0.0013215,0.011707
0.00308,-0.002243,0.0120268,0.0030811,-0.0022438,0.0119706
-0.000159,-0.003807,0.0122908,-0.0001591,-0.0038083,0.0122342
0.003798,0.000299,0.0114988,0.0037996,0.0002991,0.0114434
-0.003169,-0.002115,0.0117648,-0.0031703,-0.0021158,0.011709
-0.003573,-0.001323,0.0112368,-0.0035746,-0.0013236,0.0111819
0.000144,0.003807,0.0117668,0.0001441,0.0038085,0.011711
0.000591,0.003764,0.0120318,0.0005912,0.0037654,0.0119756
0.00059,0.003764,0.0115018,0.0005903,0.0037656,0.0114465
0.002692,-0.002696,0.0109688,0.0026933,-0.0026973,0.0109143
-0.001325,-0.003572,0.0117618,-0.0013255,-0.0035734,0.011706
-0.000456,-0.003783,0.0117608,-0.0004562,-0.0037845,0.0117051
0.00211,-0.003173,0.0128188,0.0021106,-0.0031738,0.0127613
0.003704,-0.000892,0.0120278,0.0037054,-0.0008923,0.0119716
0.002896,0.002476,0.0120288,0.0028971,0.0024769,0.0119726
0.003783,-0.000449,0.0117638,0.0037845,-0.0004492,0.011708
-0.00075,0.003735,0.0112378,-0.0007503,0.0037367,0.0111829
0.002896,-0.002476,0.0109698,0.0028974,-0.0024772,0.0109153
-0.003084,0.002238,0.0115008,-0.0030853,0.002239,0.0114455
-0.002691,0.002697,0.0125588,-0.0026918,0.0026978,0.0125018
-0.000893,0.003704,0.0120308,-0.0008933,0.0037054,0.0119746
-0.000751,-0.003735,0.0117618,-0.0007513,-0.0037365,0.011706
-0.001321,0.003574,0.0122948,-0.0013215,0.0035752,0.0122382
-0.001728,-0.003396,0.0104398,-0.0017289,-0.0033978,0.0103862
-0.000898,-0.003703,0.0120258,-0.0008983,-0.0037044,0.0119697
0.003323,0.001863,0.0117638,0.0033243,0.0018637,0.011708
-0.003706,-0.000886,0.0120298,-0.0037074,-0.0008863,0.0119736
0.001029,0.003668,0.0117668,0.0010294,0.0036695,0.011711
0.001314,0.003576,0.0117668,0.0013145,0.0035774,0.011711
0.003168,0.002117,0.0122928,0.0031691,0.0021177,0.0122362
0.003807,-0.000151,0.0117638,0.0038085,-0.0001511,0.011708
0.000735,-0.003738,0.0117608,0.0007353,-0.0037395,0.011705
-0.00352,0.001457,0.0115018,-0.0035215,0.0014576,0.0114464
0.001725,0.003397,0.0115018,0.0017257,0.0033984,0.0114465
-0.003324,0.001862,0.0117658,-0.0033253,0.0018627,0.01171
0.002113,0.00317,0.0117658,0.0021138,0.0031713,0.01171
-0.002798,0.002586,0.0117658,-0.0027991,0.002587,0.01171
0.002235,-0.003085,0.0114968,0.002236,-0.0030863,0.0114414
0.003807,0.000149,0.0117638,0.0038085,0.0001491,0.011708
-0.000155,0.003807,0.0117668,-0.000155,0.0038085,0.011711
-0.0016,-0.003458,0.0117618,-0.0016006,-0.0034594,0.011706
0.001589,-0.003463,0.0117608,0.0015896,-0.0034644,0.011705
0.003167,0.002118,0.0117648,0.0031682,0.0021188,0.011709
-0.00173,0.003395,0.0125588,-0.0017305,0.003396,0.0125018
-0.002236,0.003085,0.0130868,-0.0022365,0.0030856,0.0130288
-0.003168,0.002117,0.0117658,-0.0031692,0.0021178,0.01171
-0.002115,0.003169,0.0128228,-0.0021155,0.0031698,0.0127653
0.001856,-0.003327,0.0117608,0.0018567,-0.0033283,0.011705
0.003249,0.001991,0.0125568,0.00325,0.0019916,0.0124998
-0.002243,0.00308,0.0115008,-0.002244,0.0030813,0.0114455
0.002691,0.002697,0.0115008,0.0026921,0.0026981,0.0114454
-0.00236,0.002991,0.0117658,-0.0023609,0.0029922,0.01171
0.001726,0.003397,0.0120308,0.0017266,0.0033983,0.0119746
-0.003807,0.000151,0.0117658,-0.0038085,0.0001511,0.01171
0.002796,0.002588,0.0117648,0.0027971,0.002589,0.011709
-0.003519,0.001461,0.0120308,-0.0035203,0.0014615,0.0119746
-0.000154,0.003807,0.0122958,-0.0001541,0.0038083,0.0122392
-0.003798,0.000303,0.0120308,-0.0037994,0.0003031,0.0119746
-0.000304,0.003798,0.0120308,-0.0003041,0.0037994,0.0119746
0.00299,-0.002361,0.0112338,0.0029914,-0.0023621,0.0111789
0.002471,-0.0029,0.0114978,0.0024721,-0.0029012,0.0114424
-0.003575,-0.001318,0.0117658,-0.0035764,-0.0013185,0.01171
0.000442,0.003784,0.0117668,0.0004422,0.0037855,0.011711
-0.001041,-0.003665,0.0117618,-0.0010414,-0.0036665,0.011706
0.001028,0.003669,0.0112378,0.0010285,0.0036707,0.0111829
0.003763,-0.000598,0.0120278,0.0037644,-0.0005982,0.0119716
-0.001185,0.003621,0.0109728,-0.0011856,0.0036227,0.0109183
-0.0028,-0.002584,0.0117638,-0.0028011,-0.002585,0.011708
0.003666,-0.001036,0.0117638,0.0036674,-0.0010364,0.011708
-0.002122,0.003165,0.0112368,-0.002123,0.0031664,0.0111819
-9e-06,-0.00381,0.0120258,-9e-06,-0.0038114,0.0119696
-0.001996,-0.003245,0.0120268,-0.0019967,-0.0032462,0.0119706
-0.00146,-0.003519,0.0109678,-0.0014607,-0.0035207,0.0109133
-0.002583,0.002801,0.0128228,-0.0025837,0.0028017,0.0127653
-0.002695,-0.002694,0.0114988,-0.0026961,-0.0026951,0.0114435
0.000589,-0.003764,0.0114968,0.0005893,-0.0037656,0.0114415
0.001312,-0.003577,0.0117608,0.0013125,-0.0035784,0.011705
-0.000458,-0.003782,0.0122908,-0.0004581,-0.0037833,0.0122342
-7e-06,-0.00381,0.0114968,-7e-06,-0.0038116,0.0114415
-0.003622,0.001181,0.0120308,-0.0036233,0.0011814,0.0119746
0.002794,-0.002591,0.0122908,0.0027949,-0.0025919,0.0122342
0.003081,0.002241,0.0120288,0.0030821,0.0022418,0.0119726
0.001587,-0.003464,0.0122898,0.0015875,-0.0034652,0.0122332
0.002895,0.002477,0.0114998,0.0028962,0.0024781,0.0114444
-0.000158,-0.003807,0.0117608,-0.0001581,-0.0038085,0.011705
-0.002585,-0.002798,0.0112338,-0.0025862,-0.0027993,0.0111789
0.00346,0.001596,0.0117638,0.0034614,0.0015966,0.011708
-0.000602,0.003762,0.0115018,-0.0006022,0.0037636,0.0114465
0.000738,0.003738,0.0117668,0.0007383,0.0037395,0.011711
0.003784,0.000447,0.0117638,0.0037855,0.0004472,0.011708
-0.00325,0.001989,0.0115018,-0.0032514,0.0019898,0.0114465
-0.002354,0.002996,0.0133508,-0.0023544,0.0029965,0.0132923
-0.00346,0.001596,0.0117658,-0.0034614,0.0015966,0.01171
0.003395,0.001729,0.0125568,0.003396,0.0017295,0.0124998
0.000141,-0.003807,0.0117608,0.0001411,-0.0038085,0.011705
0.001171,-0.003626,0.0114968,0.0011715,-0.0036275,0.0114414
-0.003625,-0.001174,0.0120298,-0.0036263,-0.0011744,0.0119736
-0.002474,0.002897,0.0120298,-0.0024749,0.0028981,0.0119736
-0.001737,0.003391,0.0109728,-0.0017378,0.0033926,0.0109183
-0.003762,-0.000603,0.0109728,-0.0037638,-0.0006033,0.0109183
0.002991,0.002361,0.0117648,0.0029922,0.0023619,0.011709
0.000294,0.003799,0.0120308,0.0002941,0.0038004,0.0119746
-0.002694,0.002695,0.0120298,-0.002695,0.002696,0.0119736
-0.002698,-0.002691,0.0120278,-0.002699,-0.002692,0.0119716
-0.003704,0.000893,0.0120308,-0.0037054,0.0008933,0.0119746
0.00308,-0.002242,0.0114978,0.0030813,-0.0022429,0.0114424
0.003623,0.001178,0.0114998,0.0036245,0.0011785,0.0114444
-0.003667,0.001036,0.0117658,-0.0036685,0.0010364,0.01171
0.002691,-0.002697,0.0114978,0.0026922,-0.0026981,0.0114424
-0.003519,-0.001459,0.0115008,-0.0035205,-0.0014596,0.0114454
0.000883,0.003706,0.0115018,0.0008834,0.0037076,0.0114465
0.001984,-0.003253,0.0125548,0.0019846,-0.003254,0.0124978
0.001453,0.003522,0.0115018,0.0014536,0.0035235,0.0114465
-0.00381,-1e-06,0.0115018,-0.0038116,-1e-06,0.0114464
0.002469,-0.002902,0.0125548,0.0024697,-0.0029029,0.0124978
0.003705,0.000889,0.0120278,0.0037064,0.0008893,0.0119716
-0.003798,-0.0003,0.0115018,-0.0037996,-0.0003001,0.0114464
0.003166,-0.00212,0.0117628,0.0031673,-0.0021208,0.011707
0.001027,-0.003669,0.0117608,0.0010274,-0.0036704,0.011705
0.003575,0.001318,0.0122928,0.0035762,0.0013184,0.0122362
0.000882,-0.003706,0.0114968,0.0008824,-0.0037076,0.0114415
-0.00186,-0.003325,0.0107038,-0.0018609,-0.0033267,0.0106497
-0.002244,-0.003079,0.0120268,-0.0022448,-0.0030801,0.0119706
-0.000605,-0.003762,0.0120258,-0.0006052,-0.0037634,0.0119696
-0.003762,0.0006,0.0120308,-0.0037634,0.0006002,0.0119746
0.003763,0.000596,0.0114988,0.0037646,0.0005963,0.0114435
-0.001598,-0.003459,0.0112328,-0.0015987,-0.0034606,0.0111779
0.003394,0.00173,0.0120288,0.0033952,0.0017306,0.0119726
-0.003807,-0.000154,0.0112378,-0.0038087,-0.0001541,0.0111829
0.001451,-0.003523,0.0120258,0.0014515,-0.0035243,0.0119696
-0.000308,-0.003798,0.0120258,-0.0003081,-0.0037994,0.0119696
0.002795,-0.002589,0.0112338,0.0027963,-0.0025902,0.0111789
-0.001595,-0.00346,0.0107038,-0.0015958,-0.0034617,0.0106497
-0.001596,0.003459,0.0122948,-0.0015965,0.0034602,0.0122382
0.003736,-0.000745,0.0117638,0.0037375,-0.0007453,0.011708
-0.001041,0.003665,0.0112368,-0.0010415,0.0036667,0.0111819
0.001591,0.003462,0.0117668,0.0015916,0.0034634,0.011711
-0.00247,0.002901,0.0130868,-0.0024705,0.0029016,0.0130288
-0.003737,-0.000742,0.0117658,-0.0037385,-0.0007423,0.01171
-0.000749,0.003736,0.0117668,-0.0007493,0.0037375,0.011711
-0.001181,0.003622,0.0120308,-0.0011814,0.0036233,0.0119746
0.003248,0.001992,0.0120288,0.0032492,0.0019927,0.0119726
-0.000453,0.003783,0.0117668,-0.0004532,0.0037845,0.011711
-0.00199,0.003249,0.0125588,-0.0019906,0.00325,0.0125018
-0.002585,0.002799,0.0122948,-0.0025859,0.0028,0.0122382
-0.001462,-0.003518,0.0114968,-0.0014626,-0.0035195,0.0114415
0.000292,-0.003799,0.0114968,0.0002921,-0.0038006,0.0114415
0.001172,0.003625,0.0115018,0.0011725,0.0036265,0.0114465
-0.003666,-0.001038,0.0112368,-0.0036677,-0.0010385,0.0111819
0.001858,0.003326,0.0117658,0.0018587,0.0033273,0.01171
-5e-06,0.00381,0.0120308,-5e-06,0.0038114,0.0119746
0.001723,-0.003398,0.0120258,0.0017236,-0.0033993,0.0119697
0.003324,0.001862,0.0122928,0.0033251,0.0018626,0.0122362
-0.003703,-0.000896,0.0109728,-0.0037048,-0.0008964,0.0109183
0.002894,-0.002478,0.0120268,0.0028951,-0.0024789,0.0119706
-0.001866,-0.003322,0.0117618,-0.0018667,-0.0033233,0.011706
-0.002238,-0.003083,0.0109688,-0.0022391,-0.0030845,0.0109143
0.002112,-0.003171,0.0117618,0.0021128,-0.0031723,0.011706
0.003574,0.001319,0.0117638,0.0035754,0.0013195,0.011708
0.003705,0.00089,0.0114998,0.0037066,0.0008904,0.0114444
-0.003667,-0.001033,0.0117658,-0.0036684,-0.0010334,0.01171
-0.002479,-0.002894,0.0120278,-0.0024799,-0.0028951,0.0119716
-0.003574,0.00132,0.0117658,-0.0035754,0.0013205,0.01171
-0.003623,-0.001179,0.0115008,-0.0036245,-0.0011795,0.0114454
-0.001465,0.003517,0.0109728,-0.0014657,0.0035187,0.0109183
0.00352,0.001458,0.0120288,0.0035213,0.0014585,0.0119726
-0.00224,0.003082,0.0120298,-0.0022408,0.0030831,0.0119736
-0.002472,0.002899,0.0125588,-0.0024727,0.0028999,0.0125018
-0.002992,0.002359,0.0117658,-0.0029932,0.0023599,0.01171
0.001855,-0.003328,0.0122898,0.0018556,-0.0033291,0.0122332
0.002354,-0.002996,0.0117618,0.0023549,-0.0029972,0.011706
-0.002356,0.002994,0.0128228,-0.0023566,0.0029948,0.0127653
-0.002589,-0.002796,0.0117628,-0.00259,-0.0027971,0.011707
0.002581,-0.002802,0.0122908,0.0025819,-0.0028029,0.0122342
-0.001039,0.003666,0.0117658,-0.0010394,0.0036674,0.01171
-0.002119,0.003166,0.0117658,-0.0021198,0.0031673,0.01171
0.003737,0.000743,0.0117638,0.0037385,0.0007433,0.011708
-0.001733,-0.003393,0.0114968,-0.0017337,-0.0033944,0.0114415
-0.000895,0.003703,0.0115018,-0.0008954,0.0037046,0.0114465
-0.003763,-0.000597,0.0115018,-0.0037646,-0.0005973,0.0114464
0.002233,-0.003087,0.0125548,0.0022337,-0.0030879,0.0124978
0.002582,-0.002801,0.0117618,0.002583,-0.0028021,0.011706
-0.002238,0.003084,0.0125588,-0.0022387,0.0030849,0.0125018
-0.001867,0.003321,0.0112368,-0.0018679,0.0033225,0.0111819
0.002989,-0.002362,0.0117628,0.0029902,-0.0023629,0.011707
0.002895,-0.002477,0.0114978,0.0028962,-0.002478,0.0114424
0.00269,-0.002698,0.0120268,0.002691,-0.002699,0.0119706
-0.002358,0.002993,0.0122948,-0.0023588,0.002994,0.0122382
-0.003783,-0.000452,0.0112368,-0.0037847,-0.0004522,0.0111819
-0.001325,0.003572,0.0112368,-0.0013256,0.0035736,0.0111819
-0.00199,-0.003249,0.0109688,-0.001991,-0.0032506,0.0109143
-0.002475,-0.002896,0.0114978,-0.0024761,-0.0028972,0.0114424
-0.001863,-0.003323,0.0112328,-0.0018638,-0.0033245,0.0111779
0.003624,0.001177,0.0120278,0.0036253,0.0011774,0.0119716
-0.002359,-0.002992,0.0112338,-0.0023601,-0.0029934,0.0111789
-0.001995,0.003246,0.0115008,-0.0019959,0.0032474,0.0114455
-0.003704,-0.000891,0.0115018,-0.0037056,-0.0008914,0.0114464
0.001985,-0.003252,0.0120258,0.0019857,-0.0032532,0.0119696
-0.00173,-0.003394,0.0109688,-0.0017308,-0.0033956,0.0109143
0.002795,-0.00259,0.0117618,0.0027961,-0.002591,0.011706
-0.001461,0.003519,0.0120308,-0.0014615,0.0035203,0.0119746
-0.003736,-0.000747,0.0112368,-0.0037377,-0.0007473,0.0111819
-0.001862,0.003324,0.0122948,-0.0018626,0.0033251,0.0122382
-0.00212,-0.003165,0.0117628,-0.0021208,-0.0031663,0.011707
0.00346,0.001595,0.0122928,0.0034612,0.0015955,0.0122362
0.003667,0.001034,0.0117638,0.0036684,0.0010344,0.011708
-0.001993,-0.003247,0.0114978,-0.0019939,-0.0032484,0.0114424
-0.001601,0.003457,0.0112368,-0.0016017,0.0034586,0.0111819
0.00247,-0.002901,0.0120258,0.0024709,-0.0029021,0.0119696
0.002234,-0.003086,0.0120258,0.0022348,-0.0030871,0.0119696
0.002353,-0.002996,0.0122908,0.0023538,-0.002997,0.0122342
0.00211,-0.003172,0.0122898,0.0021107,-0.0031731,0.0122332
-0.001323,0.003573,0.0117658,-0.0013235,0.0035744,0.01171
-0.001183,0.003622,0.0115018,-0.0011835,0.0036235,0.0114464
-0.001992,0.003248,0.0120298,-0.0019927,0.0032492,0.0119736
-0.002117,-0.003167,0.0112328,-0.002118,-0.0031684,0.0111779
-0.001732,0.003394,0.0120308,-0.0017326,0.0033952,0.0119746
-0.001865,0.003323,0.0117658,-0.0018657,0.0033243,0.01171
-0.002362,-0.00299,0.0117628,-0.0023629,-0.0029912,0.011707
-0.002117,0.003168,0.0122948,-0.0021177,0.0031691,0.0122382
-0.002241,-0.003081,0.0114978,-0.002242,-0.0030823,0.0114425
-0.001463,0.003518,0.0115018,-0.0014636,0.0035195,0.0114464
-0.001734,0.003392,0.0115008,-0.0017347,0.0033934,0.0114454
-0.001599,0.003458,0.0117658,-0.0015996,0.0034594,0.01171
8.4e-05,-0.003545,2.98e-05,8.4e-05,-0.0035465,0.0
0.00039,-0.003521,2.98e-05,0.0003901,-0.0035225,0.0
0.000682,-0.003471,2.98e-05,0.0006823,-0.0034724,0.0
0.000967,-0.003399,2.98e-05,0.0009674,-0.0034004,0.0
0.001249,-0.003305,2.98e-05,0.0012495,-0.0033063,0.0
0.001534,-0.003187,2.98e-05,0.0015346,-0.0031883,0.0
0.00186,-0.00303,2.98e-05,0.0018607,-0.0030313,0.0
0.002155,-0.002817,2.98e-05,0.0021559,-0.0028181,0.0
0.002389,-0.002615,2.98e-05,0.00239,-0.002616,0.0
0.002594,-0.002399,2.98e-05,0.0025951,-0.0023999,0.0
0.002777,-0.002168,2.98e-05,0.0027781,-0.0021689,0.0
0.002946,-0.001923,2.98e-05,0.0029471,-0.0019238,0.0
0.003107,-0.001659,2.98e-05,0.0031082,-0.0016597,0.0
0.003283,-0.00135,2.98e-05,0.0032843,-0.0013506,0.0
0.003398,-0.001008,2.98e-05,0.0033994,-0.0010084,0.0
0.003466,-0.000709,2.98e-05,0.0034675,-0.0007093,0.0
0.003502,-0.000417,2.98e-05,0.0035034,-0.0004172,0.0
0.003518,-0.000124,2.98e-05,0.0035195,-0.0001241,0.0
0.003516,0.000172,2.98e-05,0.0035174,0.0001721,0.0
0.003494,0.00048,2.98e-05,0.0034954,0.0004802,0.0
0.003452,0.000838,2.98e-05,0.0034534,0.0008383,0.0
0.003343,0.001185,2.98e-05,0.0033444,0.0011855,0.0
0.003226,0.001472,2.98e-05,0.0032273,0.0014726,0.0
0.003086,0.001734,2.98e-05,0.0030872,0.0017346,0.0
0.002927,0.00198,2.98e-05,0.0029282,0.0019808,0.0
0.002749,0.002216,2.98e-05,0.0027501,0.002217,0.0
0.002549,0.002449,2.98e-05,0.00255,0.00245,0.0
0.002304,0.002709,2.98e-05,0.0023049,0.0027101,0.0
0.00201,0.002921,2.98e-05,0.0020109,0.0029222,0.0
0.001744,0.003074,2.98e-05,0.0017447,0.0030752,0.0
0.001476,0.003197,2.98e-05,0.0014766,0.0031983,0.0
0.001201,0.003302,2.98e-05,0.0012014,0.0033033,0.0
0.000916,0.003391,2.98e-05,0.0009164,0.0033924,0.0
0.000616,0.003466,2.98e-05,0.0006163,0.0034675,0.0
0.000267,0.003539,2.98e-05,0.0002671,0.0035405,0.0
-9.6e-05,0.003542,2.98e-05,-9.61e-05,0.0035434,0.0
-0.000402,0.003512,2.98e-05,-0.0004021,0.0035134,0.0
-0.000691,0.003453,2.98e-05,-0.0006913,0.0034544,0.0
-0.000975,0.003374,2.98e-05,-0.0009754,0.0033754,0.0
-0.001257,0.003279,2.98e-05,-0.0012575,0.0032804,0.0
-0.001543,0.003165,2.98e-05,-0.0015436,0.0031663,0.0
-0.001868,0.00302,2.98e-05,-0.0018687,0.0030213,0.0
-0.002163,0.00281,2.98e-05,-0.0021639,0.0028112,0.0
-0.002392,0.002604,2.98e-05,-0.002393,0.0026051,0.0
-0.00259,0.002384,2.98e-05,-0.0025911,0.0023849,0.0
-0.002773,0.002151,2.98e-05,-0.0027742,0.0021518,0.0
-0.002947,0.001908,2.98e-05,-0.0029482,0.0019087,0.0
-0.003116,0.00165,2.98e-05,-0.0031173,0.0016507,0.0
-0.003299,0.001355,2.98e-05,-0.0033004,0.0013556,0.0
-0.003408,0.001017,2.98e-05,-0.0034094,0.0010174,0.0
-0.003453,0.000722,2.98e-05,-0.0034544,0.0007223,0.0
-0.003486,0.000427,2.98e-05,-0.0034874,0.0004271,0.0
-0.003503,0.000128,2.98e-05,-0.0035044,0.000128,0.0
-0.003504,-0.000175,2.98e-05,-0.0035054,-0.000175,0.0
-0.003489,-0.000485,2.98e-05,-0.0034904,-0.0004852,0.0
-0.003462,-0.000836,2.98e-05,-0.0034634,-0.0008364,0.0
-0.003353,-0.001176,2.98e-05,-0.0033543,-0.0011765,0.0
-0.003222,-0.001446,2.98e-05,-0.0032233,-0.0014466,0.0
-0.003078,-0.001706,2.98e-05,-0.0030792,-0.0017067,0.0
-0.002919,-0.001956,2.98e-05,-0.0029202,-0.0019568,0.0
-0.002744,-0.002198,2.98e-05,-0.0027451,-0.0021989,0.0
-0.00255,-0.002438,2.98e-05,-0.0025511,-0.002439,0.0
-0.002311,-0.002705,2.98e-05,-0.002312,-0.0027061,0.0
-0.002021,-0.002922,2.98e-05,-0.0020218,-0.0029232,0.0
-0.001756,-0.003076,2.98e-05,-0.0017567,-0.0030772,0.0
-0.001489,-0.003197,2.98e-05,-0.0014896,-0.0031983,0.0
-0.001215,-0.003301,2.98e-05,-0.0012155,-0.0033023,0.0
-0.00093,-0.00339,2.98e-05,-0.0009304,-0.0033914,0.0
-0.00063,-0.003466,2.98e-05,-0.0006302,-0.0034674,0.0
-0.000278,-0.003539,2.98e-05,-0.0002781,-0.0035405,0.0
0.000481,-0.003244,2.98e-05,0.0004812,-0.0032453,0.0
0.00076,-0.003182,2.98e-05,0.0007603,-0.0031832,0.0
0.001035,-0.003099,2.98e-05,0.0010354,-0.0031002,0.0
0.00131,-0.002996,2.98e-05,0.0013105,-0.0029971,0.0
0.001588,-0.002874,2.98e-05,0.0015886,-0.0028751,0.0
0.002101,-0.002538,2.98e-05,0.0021018,-0.002539,0.0
0.003103,-0.001097,2.98e-05,0.0031042,-0.0010974,0.0
0.002306,-0.002332,2.98e-05,0.0023069,-0.0023329,0.0
0.002483,-0.002107,2.98e-05,0.0024839,-0.0021078,0.0
0.002646,-0.001869,2.98e-05,0.002647,-0.0018697,0.0
0.002802,-0.001618,2.98e-05,0.002803,-0.0016186,0.0
0.002959,-0.00136,2.98e-05,0.0029601,-0.0013605,0.0
0.003191,-0.000812,2.98e-05,0.0031922,-0.0008123,0.0
0.003155,0.00094,2.98e-05,0.0031562,0.0009404,0.0
0.00322,-0.000532,2.98e-05,0.0032212,-0.0005322,0.0
0.003235,-0.000249,2.98e-05,0.0032362,-0.0002491,0.0
0.003238,3.9e-05,2.98e-05,0.0032392,3.9e-05,0.0
0.003229,0.000332,2.98e-05,0.0032302,0.0003322,0.0
0.003207,0.000635,2.98e-05,0.0032082,0.0006353,0.0
0.003061,0.001229,2.98e-05,0.0030622,0.0012295,0.0
0.002011,0.002618,2.98e-05,0.0020118,0.002619,0.0
0.002933,0.00149,2.98e-05,0.0029341,0.0014906,0.0
0.002779,0.001728,2.98e-05,0.00278,0.0017286,0.0
0.00261,0.001956,2.98e-05,0.002611,0.0019567,0.0
0.002428,0.002183,2.98e-05,0.0024289,0.0021838,0.0
0.002229,0.002409,2.98e-05,0.0022298,0.0024099,0.0
0.00176,0.002778,2.98e-05,0.0017607,0.002779,0.0
7.7e-05,0.003291,2.98e-05,7.7e-05,0.0032922,0.0
0.001499,0.002888,2.98e-05,0.0014996,0.002889,0.0
0.001231,0.00299,2.98e-05,0.0012315,0.0029911,0.0
0.000954,0.003082,2.98e-05,0.0009544,0.0030832,0.0
0.000668,0.003163,2.98e-05,0.0006683,0.0031643,0.0
0.000373,0.003236,2.98e-05,0.0003731,0.0032373,0.0
-0.000222,0.003283,2.98e-05,-0.000222,0.0032843,0.0
-0.00188,0.00271,2.98e-05,-0.0018807,0.0027111,0.0
-0.000499,0.003218,2.98e-05,-0.0004991,0.0032192,0.0
-0.000774,0.003137,2.98e-05,-0.0007742,0.0031382,0.0
-0.00105,0.003045,2.98e-05,-0.0010504,0.0030461,0.0
-0.001327,0.002945,2.98e-05,-0.0013275,0.0029462,0.0
-0.001609,0.002837,2.98e-05,-0.0016096,0.0028381,0.0
-0.002115,0.002525,2.98e-05,-0.0021158,0.002526,0.0
-0.003155,0.001121,2.98e-05,-0.0031562,0.0011215,0.0
-0.002297,0.002306,2.98e-05,-0.0022979,0.0023069,0.0
-0.002471,0.002074,2.98e-05,-0.0024719,0.0020748,0.0
-0.002643,0.001833,2.98e-05,-0.0026439,0.0018337,0.0
-0.002816,0.001585,2.98e-05,-0.002817,0.0015856,0.0
-0.002993,0.001341,2.98e-05,-0.0029941,0.0013415,0.0
-0.003166,0.000854,2.98e-05,-0.0031673,0.0008543,0.0
-0.003201,-0.000938,2.98e-05,-0.0032022,-0.0009384,0.0
-0.003188,0.000563,2.98e-05,-0.0031892,0.0005632,0.0
-0.003206,0.000262,2.98e-05,-0.0032072,0.0002621,0.0
-0.003213,-4e-05,2.98e-05,-0.0032142,-4e-05,0.0
-0.00321,-0.000347,2.98e-05,-0.0032113,-0.0003471,0.0
-0.003202,-0.000657,2.98e-05,-0.0032031,-0.0006573,0.0
-0.003063,-0.001172,2.98e-05,-0.0030642,-0.0011725,0.0
-0.002029,-0.002619,2.98e-05,-0.0020298,-0.00262,0.0
-0.002921,-0.00143,2.98e-05,-0.0029221,-0.0014305,0.0
-0.002764,-0.001676,2.98e-05,-0.002765,-0.0016766,0.0
-0.002596,-0.001918,2.98e-05,-0.002597,-0.0019187,0.0
-0.002419,-0.002158,2.98e-05,-0.0024199,-0.0021588,0.0
-0.002233,-0.002397,2.98e-05,-0.0022338,-0.002398,0.0
-0.001783,-0.002785,2.98e-05,-0.0017837,-0.002786,0.0
-9.9e-05,-0.003291,2.98e-05,-9.91e-05,-0.0032923,0.0
-0.001524,-0.002891,2.98e-05,-0.0015246,-0.0028921,0.0
-0.001258,-0.002987,2.98e-05,-0.0012585,-0.0029881,0.0
-0.000982,-0.003077,2.98e-05,-0.0009823,-0.0030782,0.0
-0.000696,-0.003159,2.98e-05,-0.0006962,-0.0031602,0.0
-0.000399,-0.003235,2.98e-05,-0.0003992,-0.0032363,0.0
0.001858,-0.002723,2.98e-05,0.0018586,-0.002724,0.0
0.000201,-0.003289,2.98e-05,0.0002011,-0.0032903,0.0
0.000827,-0.002898,2.98e-05,0.0008273,-0.0028991,0.0
0.001088,-0.002805,2.98e-05,0.0010884,-0.002806,0.0
0.001347,-0.002698,2.98e-05,0.0013475,-0.002699,0.0
0.0022,-0.002054,2.98e-05,0.0022007,-0.0020548,0.0
0.002352,-0.001825,2.98e-05,0.0023528,-0.0018257,0.0
0.002499,-0.001581,2.98e-05,0.0024999,-0.0015816,0.0
0.002953,-0.000645,2.98e-05,0.0029541,-0.0006453,0.0
0.002888,0.001014,2.98e-05,0.0028891,0.0010144,0.0
0.00296,-0.000374,2.98e-05,0.002961,-0.0003742,0.0
0.002964,-9.5e-05,2.98e-05,0.0029651,-9.5e-05,0.0
0.002961,0.000187,2.98e-05,0.002962,0.0001871,0.0
0.002787,0.001267,2.98e-05,0.002788,0.0012675,0.0
0.001767,0.002521,2.98e-05,0.0017677,0.0025219,0.0
0.002638,0.001486,2.98e-05,0.002639,0.0014865,0.0
0.002475,0.0017,2.98e-05,0.002476,0.0017006,0.0
0.002303,0.001917,2.98e-05,0.0023038,0.0019177,0.0
0.001526,0.002592,2.98e-05,0.0015266,0.0025929,0.0
-7.3e-05,0.003079,2.98e-05,-7.29e-05,0.0030801,0.0
0.001265,0.002684,2.98e-05,0.0012654,0.002685,0.0
0.000997,0.002776,2.98e-05,0.0009974,0.002777,0.0
0.000721,0.002861,2.98e-05,0.0007213,0.002862,0.0
-0.00031,0.003,2.98e-05,-0.00031,0.0030011,0.0
-0.001877,0.002451,2.98e-05,-0.0018777,0.0024519,0.0
-0.000571,0.002913,2.98e-05,-0.0005712,0.002914,0.0
-0.000841,0.002818,2.98e-05,-0.0008413,0.0028191,0.0
-0.001113,0.002719,2.98e-05,-0.0011134,0.00272,0.0
-0.002015,0.002245,2.98e-05,-0.0020158,0.0022458,0.0
-0.002904,0.001031,2.98e-05,-0.0029051,0.0010314,0.0
0.002041,-0.002268,2.98e-05,0.0020417,-0.0022689,0.0
-0.002171,0.002013,2.98e-05,-0.0021718,0.0020137,0.0
-0.002337,0.001769,2.98e-05,-0.0023378,0.0017696,0.0
-0.00251,0.001518,2.98e-05,-0.0025109,0.0015186,0.0
-0.0029,0.00072,2.98e-05,-0.0029011,0.0007203,0.0
-0.002925,-0.000858,2.98e-05,-0.0029261,-0.0008583,0.0
0.002948,-0.000891,2.98e-05,0.0029491,-0.0008913,0.0
-0.00292,0.000408,2.98e-05,-0.002921,0.0004082,0.0
-0.002926,0.000101,2.98e-05,-0.002927,0.000101,0.0
-0.002926,-0.000207,2.98e-05,-0.0029271,-0.0002071,0.0
-0.002782,-0.001159,2.98e-05,-0.002783,-0.0011595,0.0
-0.001797,-0.002534,2.98e-05,-0.0017977,-0.0025349,0.0
0.000558,-0.00297,2.98e-05,0.0005582,-0.0029711,0.0
-0.002618,-0.001401,2.98e-05,-0.002619,-0.0014015,0.0
-0.00245,-0.001639,2.98e-05,-0.0024509,-0.0016396,0.0
-0.00228,-0.001876,2.98e-05,-0.0022809,-0.0018767,0.0
-0.001564,-0.002602,2.98e-05,-0.0015646,-0.002603,0.0
-0.001308,-0.002681,2.98e-05,-0.0013084,-0.002682,0.0
-0.001039,-0.002766,2.98e-05,-0.0010393,-0.002767,0.0
-0.000762,-0.002851,2.98e-05,-0.0007622,-0.002852,0.0
0.002795,-0.001091,2.98e-05,0.002796,-0.0010914,0.0
0.001836,-0.002449,2.98e-05,0.0018367,-0.0024499,0.0
-0.002695,0.001262,2.98e-05,-0.002696,0.0012624,0.0
4.7e-05,-0.003074,2.98e-05,4.7e-05,-0.0030752,0.0
-0.002926,-0.000519,2.98e-05,-0.002927,-0.0005191,0.0
0.002643,-0.001327,2.98e-05,0.002644,-0.0013275,0.0
-0.00048,-0.00293,2.98e-05,-0.0004802,-0.0029311,0.0
0.00295,0.000469,2.98e-05,0.0029511,0.0004691,0.0
0.002929,0.000747,2.98e-05,0.0029301,0.0007472,0.0
0.001935,0.002336,2.98e-05,0.0019357,0.0023368,0.0
0.002125,0.002132,2.98e-05,0.0021258,0.0021327,0.0
0.000164,0.003,2.98e-05,0.0001641,0.003001,0.0
0.000436,0.00293,2.98e-05,0.0004361,0.0029311,0.0
-0.001644,0.002532,2.98e-05,-0.0016446,0.0025329,0.0
-0.001384,0.002622,2.98e-05,-0.0013845,0.002623,0.0
-0.001945,-0.002337,2.98e-05,-0.0019457,-0.0023379,0.0
-0.00211,-0.002112,2.98e-05,-0.0021107,-0.0021127,0.0
0.001599,-0.00258,2.98e-05,0.0015996,-0.0025809,0.0
-0.000199,-0.003,2.98e-05,-0.0001991,-0.0030011,0.0
0.000288,-0.00302,2.98e-05,0.0002881,-0.0030211,0.0
0.001124,-0.002513,2.98e-05,0.0011244,-0.0025139,0.0
0.002203,-0.001558,2.98e-05,0.0022037,-0.0015586,0.0
-0.000353,0.002708,2.98e-05,-0.0003531,0.0027089,0.0
0.002693,-0.00023,2.98e-05,0.0026939,-0.00023,0.0
0.00269,5e-05,2.98e-05,0.0026909,5.01e-05,0.0
0.002656,0.001075,2.98e-05,0.002657,0.0010754,0.0
0.001314,0.002382,2.98e-05,0.0013145,0.0023828,0.0
0.002345,0.001446,2.98e-05,0.0023458,0.0014465,0.0
0.002177,0.001653,2.98e-05,0.0021778,0.0016536,0.0
0.001611,0.00229,2.98e-05,0.0016116,0.0022908,0.0
0.002508,0.001251,2.98e-05,0.0025089,0.0012515,0.0
0.001042,0.002472,2.98e-05,0.0010423,0.0024729,0.0
0.000774,0.002561,2.98e-05,0.0007743,0.0025619,0.0
-8.2e-05,0.002819,2.98e-05,-8.2e-05,0.00282,0.0
0.002695,-0.000512,2.98e-05,0.0026959,-0.0005122,0.0
-0.000626,0.002602,2.98e-05,-0.0006262,0.0026029,0.0
-0.000899,0.002493,2.98e-05,-0.0008993,0.0024938,0.0
-0.001728,0.002243,2.98e-05,-0.0017286,0.0022438,0.0
0.001927,-0.002012,2.98e-05,0.0019277,-0.0020127,0.0
-0.001866,0.001986,2.98e-05,-0.0018667,0.0019867,0.0
-0.002024,0.001729,2.98e-05,-0.0020247,0.0017296,0.0
-0.002194,0.001467,2.98e-05,-0.0021948,0.0014675,0.0
-0.002595,0.000913,2.98e-05,-0.0025959,0.0009133,0.0
0.002703,-0.000801,2.98e-05,0.0027039,-0.0008013,0.0
-0.002647,0.000559,2.98e-05,-0.0026479,0.0005592,0.0
-0.002648,0.000248,2.98e-05,-0.0026489,0.000248,0.0
-0.002643,-6e-05,2.98e-05,-0.0026439,-6e-05,0.0
-0.00265,-0.00093,2.98e-05,-0.0026509,-0.0009304,0.0
0.000628,-0.002705,2.98e-05,0.0006282,-0.002706,0.0
-0.002484,-0.001132,2.98e-05,-0.0024848,-0.0011324,0.0
-0.002311,-0.001357,2.98e-05,-0.0023118,-0.0013575,0.0
-0.002138,-0.001594,2.98e-05,-0.0021387,-0.0015946,0.0
-0.001657,-0.002326,2.98e-05,-0.0016576,-0.0023268,0.0
-0.001384,-0.002379,2.98e-05,-0.0013845,-0.0023799,0.0
-0.001109,-0.002455,2.98e-05,-0.0011094,-0.0024559,0.0
-0.000832,-0.002541,2.98e-05,-0.0008322,-0.0025419,0.0
0.002062,-0.001793,2.98e-05,0.0020627,-0.0017936,0.0
0.000876,-0.002613,2.98e-05,0.0008763,-0.0026139,0.0
-0.002379,0.001201,2.98e-05,-0.0023798,0.0012014,0.0
0.000357,-0.002761,2.98e-05,0.0003571,-0.002762,0.0
0.002337,-0.001301,2.98e-05,0.0023378,-0.0013015,0.0
5e-05,-0.002787,2.98e-05,5e-05,-0.002788,0.0
0.00181,-0.002209,2.98e-05,0.0018106,-0.0022098,0.0
-0.001175,0.002388,2.98e-05,-0.0011754,0.0023888,0.0
0.002685,0.000326,2.98e-05,0.0026859,0.0003261,0.0
0.002667,0.000848,2.98e-05,0.0026679,0.0008483,0.0
0.000501,0.002643,2.98e-05,0.0005012,0.0026439,0.0
0.002007,0.001865,2.98e-05,0.0020076,0.0018657,0.0
-0.001452,0.002303,2.98e-05,-0.0014525,0.0023038,0.0
-0.002641,-0.000367,2.98e-05,-0.0026419,-0.0003672,0.0
-0.00265,-0.000666,2.98e-05,-0.002651,-0.0006663,0.0
0.001368,-0.002405,2.98e-05,0.0013685,-0.0024058,0.0
-0.001803,-0.00208,2.98e-05,-0.0018036,-0.0020807,0.0
-0.001966,-0.001837,2.98e-05,-0.0019667,-0.0018376,0.0
-0.000551,-0.002625,2.98e-05,-0.0005511,-0.0026259,0.0
-0.000264,-0.002704,2.98e-05,-0.0002641,-0.002705,0.0
0.00243,-0.000367,2.98e-05,0.0024308,-0.0003671,0.0
0.002678,0.000594,2.98e-05,0.0026789,0.0005942,0.0
-0.001494,-0.002083,2.98e-05,-0.0014945,-0.0020837,0.0
-0.000122,0.002524,2.98e-05,-0.0001221,0.0025249,0.0
0.001835,0.002079,2.98e-05,0.0018356,0.0020797,0.0
0.001349,0.002091,2.98e-05,0.0013494,0.0020917,0.0
0.000183,0.002674,2.98e-05,0.0001831,0.002675,0.0
-0.002394,-0.000841,2.98e-05,-0.0023948,-0.0008413,0.0
0.00082,0.002258,2.98e-05,0.0008203,0.0022587,0.0
0.002465,-0.001004,2.98e-05,0.0024659,-0.0010043,0.0
-0.000399,0.002405,2.98e-05,-0.0003991,0.0024058,0.0
-0.000677,0.002285,2.98e-05,-0.0006772,0.0022858,0.0
0.002057,0.001383,2.98e-05,0.0020577,0.0013835,0.0
-0.001558,0.001999,2.98e-05,-0.0015585,0.0019997,0.0
-0.001703,0.001715,2.98e-05,-0.0017036,0.0017156,0.0
-0.001871,0.00144,2.98e-05,-0.0018716,0.0014405,0.0
0.002442,-0.000661,2.98e-05,0.0024428,-0.0006612,0.0
-0.002396,0.000676,2.98e-05,-0.0023968,0.0006762,0.0
-0.00238,0.000399,2.98e-05,-0.0023808,0.0003991,0.0
-0.002369,9.5e-05,2.98e-05,-0.0023697,9.5e-05,0.0
-0.002188,-0.001062,2.98e-05,-0.0021887,-0.0010623,0.0
-0.002002,-0.001303,2.98e-05,-0.0020027,-0.0013034,0.0
0.002421,-8.2e-05,2.98e-05,0.0024218,-8.2e-05,0.0
-0.001196,-0.00214,2.98e-05,-0.0011964,-0.0021407,0.0
0.001599,-0.0023,2.98e-05,0.0015996,-0.0023008,0.0
-0.000908,-0.002229,2.98e-05,-0.0009083,-0.0022298,0.0
0.001085,0.002169,2.98e-05,0.0010853,0.0021698,0.0
-0.00235,-0.000224,2.98e-05,-0.0023508,-0.0002241,0.0
0.002038,-0.00131,2.98e-05,0.0020387,-0.0013104,0.0
0.001765,-0.001785,2.98e-05,0.0017656,-0.0017856,0.0
0.000452,-0.002531,2.98e-05,0.0004522,-0.0025319,0.0
-0.000958,0.002154,2.98e-05,-0.0009583,0.0021547,0.0
0.002417,0.000195,2.98e-05,0.0024177,0.0001951,0.0
0.000207,-0.002514,2.98e-05,0.000207,-0.0025148,0.0
9e-05,0.002334,2.98e-05,9e-05,0.0023348,0.0
0.002432,0.000995,2.98e-05,0.0024328,0.0009954,0.0
0.000563,0.00235,2.98e-05,0.0005632,0.0023508,0.0
0.001881,0.001596,2.98e-05,0.0018816,0.0015965,0.0
-0.002353,-0.000538,2.98e-05,-0.0023538,-0.0005382,0.0
-0.001828,-0.001553,2.98e-05,-0.0018286,-0.0015534,0.0
0.002238,0.001181,2.98e-05,0.0022388,0.0011814,0.0
0.000907,-0.002329,2.98e-05,0.0009073,-0.0023298,0.0
-0.002044,0.001162,2.98e-05,-0.0020447,0.0011624,0.0
0.001152,-0.002222,2.98e-05,0.0011523,-0.0022227,0.0
-0.000627,-0.002319,2.98e-05,-0.0006272,-0.0023197,0.0
-6.9e-05,-0.002478,2.98e-05,-6.9e-05,-0.0024788,0.0
0.001908,-0.001552,2.98e-05,0.0019086,-0.0015525,0.0
0.000667,-0.002426,2.98e-05,0.0006672,-0.0024269,0.0
-0.000985,-0.001914,2.98e-05,-0.0009853,-0.0019146,0.0
-0.002125,0.000588,2.98e-05,-0.0021257,0.0005882,0.0
0.002416,0.000737,2.98e-05,0.0024168,0.0007372,0.0
0.001586,0.002017,2.98e-05,0.0015865,0.0020177,0.0
0.00219,-0.00078,2.98e-05,0.0021907,-0.0007803,0.0
-0.000171,0.002209,2.98e-05,-0.000171,0.0022097,0.0
-0.002229,0.000902,2.98e-05,-0.0022297,0.0009024,0.0
0.000413,-0.002268,2.98e-05,0.0004131,-0.0022687,0.0
-0.001371,0.001724,2.98e-05,-0.0013715,0.0017245,0.0
-0.000443,0.002102,2.98e-05,-0.0004431,0.0021027,0.0
0.001721,0.001811,2.98e-05,0.0017215,0.0018116,0.0
0.002172,-0.000497,2.98e-05,0.0021727,-0.0004972,0.0
-0.001541,0.00143,2.98e-05,-0.0015415,0.0014305,0.0
0.002146,-0.001059,2.98e-05,0.0021467,-0.0010593,0.0
-0.001649,-0.001811,2.98e-05,-0.0016495,-0.0018116,0.0
-0.001251,0.00205,2.98e-05,-0.0012514,0.0020507,0.0
-0.002102,0.000268,2.98e-05,-0.0021026,0.0002681,0.0
0.000328,0.002436,2.98e-05,0.0003281,0.0024368,0.0
-0.002092,-0.000749,2.98e-05,-0.0020927,-0.0007492,0.0
-0.001875,-0.000995,2.98e-05,-0.0018756,-0.0009954,0.0
0.002159,-0.000214,2.98e-05,0.0021597,-0.0002141,0.0
-0.000349,-0.002404,2.98e-05,-0.0003491,-0.0024048,0.0
-0.001305,-0.001797,2.98e-05,-0.0013054,-0.0017976,0.0
0.001648,-0.002024,2.98e-05,0.0016486,-0.0020246,0.0
0.001424,0.0018,2.98e-05,0.0014244,0.0018006,0.0
0.002416,0.000469,2.98e-05,0.0024167,0.0004692,0.0
0.000684,-0.002149,2.98e-05,0.0006842,-0.0021497,0.0
0.001618,-0.001552,2.98e-05,0.0016185,-0.0015525,0.0
0.002167,0.000904,2.98e-05,0.0021677,0.0009043,0.0
0.002145,7.1e-05,2.98e-05,0.0021457,7.1e-05,0.0
0.001757,-0.001317,2.98e-05,0.0017576,-0.0013174,0.0
0.000586,0.002052,2.98e-05,0.0005862,0.0020527,0.0
0.001849,-0.001079,2.98e-05,0.0018496,-0.0010793,0.0
0.001761,0.001326,2.98e-05,0.0017615,0.0013264,0.0
-0.001689,-0.001253,2.98e-05,-0.0016895,-0.0012534,0.0
0.001912,-0.000622,2.98e-05,0.0019126,-0.0006222,0.0
0.001573,0.001553,2.98e-05,0.0015735,0.0015535,0.0
0.001439,-0.001788,2.98e-05,0.0014394,-0.0017886,0.0
-0.002089,-4.9e-05,2.98e-05,-0.0020896,-4.9e-05,0.0
0.000112,-0.002252,2.98e-05,0.000112,-0.0022527,0.0
-0.001719,0.001152,2.98e-05,-0.0017195,0.0011524,0.0
0.001139,0.001859,2.98e-05,0.0011394,0.0018596,0.0
-0.00072,0.001958,2.98e-05,-0.0007202,0.0019587,0.0
0.000932,-0.002052,2.98e-05,0.0009323,-0.0020527,0.0
-0.000698,-0.002012,2.98e-05,-0.0006982,-0.0020126,0.0
0.001396,-0.002109,2.98e-05,0.0013965,-0.0021097,0.0
0.000859,0.001954,2.98e-05,0.0008592,0.0019547,0.0
0.001953,0.001102,2.98e-05,0.0019537,0.0011023,0.0
-0.002018,-0.000402,2.98e-05,-0.0020186,-0.0004022,0.0
0.002156,0.000629,2.98e-05,0.0021567,0.0006292,0.0
0.001513,-0.001323,2.98e-05,0.0015135,-0.0013234,0.0
0.002149,0.000347,2.98e-05,0.0021497,0.0003471,0.0
0.001948,-0.000867,2.98e-05,0.0019486,-0.0008672,0.0
0.000325,0.002164,2.98e-05,0.0003251,0.0021647,0.0
-0.001203,0.001414,2.98e-05,-0.0012033,0.0014145,0.0
-0.001022,-0.001601,2.98e-05,-0.0010224,-0.0016016,0.0
-0.00021,0.001892,2.98e-05,-0.0002101,0.0018927,0.0
-0.001835,0.000453,2.98e-05,-0.0018356,0.0004531,0.0
-0.001758,-0.000678,2.98e-05,-0.0017586,-0.0006782,0.0
-0.001873,0.000821,2.98e-05,-0.0018736,0.0008212,0.0
0.001898,-0.000348,2.98e-05,0.0018986,-0.0003481,0.0
6.6e-05,0.00201,2.98e-05,6.6e-05,0.0020107,0.0
-0.001009,0.001755,2.98e-05,-0.0010093,0.0017555,0.0
-0.001524,-0.001522,2.98e-05,-0.0015245,-0.0015225,0.0
0.001856,0.000789,2.98e-05,0.0018566,0.0007892,0.0
0.001334,-0.001479,2.98e-05,0.0013344,-0.0014795,0.0
-0.001536,-0.00094,2.98e-05,-0.0015365,-0.0009403,0.0
0.001888,-6.6e-05,2.98e-05,0.0018886,-6.6e-05,0.0
0.001568,-0.001086,2.98e-05,0.0015685,-0.0010863,0.0
0.000619,0.001754,2.98e-05,0.0006192,0.0017546,0.0
0.000329,0.001851,2.98e-05,0.0003291,0.0018516,0.0
-0.001823,0.000131,2.98e-05,-0.0018235,0.000131,0.0
-0.000154,-0.002184,2.98e-05,-0.0001541,-0.0021848,0.0
-0.001388,0.001132,2.98e-05,-0.0013885,0.0011324,0.0
0.00122,0.001517,2.98e-05,0.0012205,0.0015175,0.0
-0.000476,0.00183,2.98e-05,-0.0004762,0.0018306,0.0
0.000719,-0.001856,2.98e-05,0.0007192,-0.0018565,0.0
0.000262,-0.002052,2.98e-05,0.0002621,-0.0020526,0.0
-0.000753,-0.001707,2.98e-05,-0.0007533,-0.0017075,0.0
0.00166,0.001046,2.98e-05,0.0016606,0.0010464,0.0
0.001178,-0.001932,2.98e-05,0.0011784,-0.0019326,0.0
-0.000422,-0.002102,2.98e-05,-0.0004221,-0.0021026,0.0
0.000483,-0.00196,2.98e-05,0.0004832,-0.0019606,0.0
0.001457,0.00128,2.98e-05,0.0014574,0.0012804,0.0
0.001922,0.000506,2.98e-05,0.0019226,0.0005061,0.0
0.000909,0.001645,2.98e-05,0.0009093,0.0016456,0.0
-0.001566,0.000901,2.98e-05,-0.0015665,0.0009013,0.0
-0.001636,-0.000372,2.98e-05,-0.0016365,-0.0003721,0.0
3.5e-05,-0.001973,2.98e-05,3.5e-05,-0.0019736,0.0
-0.001258,-0.001483,2.98e-05,-0.0012584,-0.0014834,0.0
0.001631,-0.000491,2.98e-05,0.0016315,-0.0004911,0.0
0.000952,-0.001798,2.98e-05,0.0009523,-0.0017986,0.0
-0.001063,-0.001269,2.98e-05,-0.0010633,-0.0012694,0.0
3.3e-05,0.001631,2.98e-05,3.31e-05,0.0016315,0.0
-0.000869,0.001365,2.98e-05,-0.0008693,0.0013654,0.0
0.000256,-0.001795,2.98e-05,0.0002561,-0.0017955,0.0
0.000506,-0.001657,2.98e-05,0.0005061,-0.0016575,0.0
-0.001372,-0.001218,2.98e-05,-0.0013724,-0.0012184,0.0
-0.000668,0.001626,2.98e-05,-0.0006682,0.0016266,0.0
-0.001825,-0.000154,2.98e-05,-0.0018256,-0.0001541,0.0
0.001507,0.000779,2.98e-05,0.0015075,0.0007793,0.0
0.000803,-0.001535,2.98e-05,0.0008032,-0.0015355,0.0
0.001133,-0.001637,2.98e-05,0.0011333,-0.0016376,0.0
0.001652,-0.000806,2.98e-05,0.0016525,-0.0008062,0.0
-0.001396,-0.000614,2.98e-05,-0.0013964,-0.0006142,0.0
0.000668,0.001478,2.98e-05,0.0006682,0.0014785,0.0
0.001626,-0.000207,2.98e-05,0.0016265,-0.0002071,0.0
0.001296,-0.001187,2.98e-05,0.0012964,-0.0011873,0.0
0.00038,0.001523,2.98e-05,0.0003801,0.0015235,0.0
0.001838,0.000243,2.98e-05,0.0018386,0.0002431,0.0
-0.001556,0.000608,2.98e-05,-0.0015566,0.0006082,0.0
-0.001542,0.000281,2.98e-05,-0.0015424,0.0002811,0.0
-0.001062,0.001068,2.98e-05,-0.0010624,0.0010684,0.0
-0.000331,0.001588,2.98e-05,-0.0003311,0.0015885,0.0
-0.000481,-0.001802,2.98e-05,-0.0004812,-0.0018025,0.0
0.001389,0.001018,2.98e-05,0.0013894,0.0010184,0.0
0.001159,0.001162,2.98e-05,0.0011593,0.0011623,0.0
-0.000799,-0.001399,2.98e-05,-0.0007993,-0.0013995,0.0
0.000902,0.001317,2.98e-05,0.0009023,0.0013174,0.0
-0.000217,-0.001889,2.98e-05,-0.0002171,-0.0018896,0.0
-0.001305,-0.000265,2.98e-05,-0.0013054,-0.0002651,0.0
0.001636,4.9e-05,2.98e-05,0.0016365,4.9e-05,0.0
0.001329,-0.000903,2.98e-05,0.0013294,-0.0009033,0.0
0.001641,0.000519,2.98e-05,0.0016415,0.0005191,0.0
-0.001279,0.000801,2.98e-05,-0.0012794,0.0008013,0.0
-0.001555,-4.8e-05,2.98e-05,-0.0015555,-4.8e-05,0.0
0.001054,-0.001341,2.98e-05,0.0010544,-0.0013415,0.0
-0.001138,-0.000901,2.98e-05,-0.0011384,-0.0009013,0.0
3e-06,-0.001686,2.98e-05,3e-06,-0.0016865,0.0
-0.001246,0.000449,2.98e-05,-0.0012464,0.0004492,0.0
-0.000725,0.001028,2.98e-05,-0.0007252,0.0010283,0.0
0.000243,-0.001502,2.98e-05,0.0002431,-0.0015024,0.0
0.001354,-0.000316,2.98e-05,0.0013545,-0.0003161,0.0
0.00136,-0.000618,2.98e-05,0.0013604,-0.0006182,0.0
0.001301,0.000529,2.98e-05,0.0013014,0.0005292,0.0
0.001477,0.000269,2.98e-05,0.0014775,0.0002691,0.0
0.000552,0.001178,2.98e-05,0.0005522,0.0011784,0.0
0.00104,-0.001025,2.98e-05,0.0010403,-0.0010253,0.0
-0.000926,0.00067,2.98e-05,-0.0009263,0.0006702,0.0
0.000169,0.001264,2.98e-05,0.000169,0.0012644,0.0
0.000504,-0.001337,2.98e-05,0.0005042,-0.0013375,0.0
-0.001258,8.8e-05,2.98e-05,-0.0012584,8.8e-05,0.0
-0.001036,-0.0005,2.98e-05,-0.0010363,-0.0005002,0.0
-0.000527,0.001319,2.98e-05,-0.0005272,0.0013195,0.0
0.001177,0.000829,2.98e-05,0.0011775,0.0008292,0.0
-0.000804,-0.001065,2.98e-05,-0.0008043,-0.0010654,0.0
0.000879,0.000974,2.98e-05,0.0008793,0.0009743,0.0
-0.00053,-0.001508,2.98e-05,-0.0005302,-0.0015085,0.0
-3.4e-05,-0.001386,2.98e-05,-3.4e-05,-0.0013865,0.0
0.00136,-2e-05,2.98e-05,0.0013604,-2.01e-05,0.0
0.001063,-0.000724,2.98e-05,0.0010634,-0.0007243,0.0
0.00113,0.000228,2.98e-05,0.0011304,0.0002281,0.0
0.000284,0.000941,2.98e-05,0.0002841,0.0009413,0.0
-0.000975,-0.000129,2.98e-05,-0.0009753,-0.000129,0.0
0.000601,0.000796,2.98e-05,0.0006012,0.0007963,0.0
-0.000746,-0.000722,2.98e-05,-0.0007463,-0.0007223,0.0
-0.000261,-0.001592,2.98e-05,-0.0002611,-0.0015926,0.0
-0.000178,0.001303,2.98e-05,-0.0001781,0.0013034,0.0
0.001114,-0.000452,2.98e-05,0.0011144,-0.0004522,0.0
0.001015,-0.000144,2.98e-05,0.0010154,-0.0001441,0.0
-0.000577,-0.001237,2.98e-05,-0.0005772,-0.0012374,0.0
0.000769,-0.001175,2.98e-05,0.0007693,-0.0011754,0.0
-4.4e-05,0.000996,2.98e-05,-4.4e-05,0.0009963,0.0
0.000915,0.000564,2.98e-05,0.0009153,0.0005641,0.0
-0.000561,0.000726,2.98e-05,-0.0005612,0.0007262,0.0
-0.00095,0.000245,2.98e-05,-0.0009504,0.0002451,0.0
-0.000381,0.001019,2.98e-05,-0.0003811,0.0010193,0.0
-0.000675,-0.00035,2.98e-05,-0.0006753,-0.0003501,0.0
0.00021,-0.001186,2.98e-05,0.0002101,-0.0011864,0.0
0.000759,-0.000828,2.98e-05,0.0007592,-0.0008283,0.0
-0.000232,0.000732,2.98e-05,-0.0002321,0.0007322,0.0
0.000347,0.000652,2.98e-05,0.0003472,0.0006522,0.0
0.00077,0.000163,2.98e-05,0.0007703,0.0001631,0.0
-0.00038,0.000489,2.98e-05,-0.0003801,0.0004892,0.0
-0.000443,-0.000957,2.98e-05,-0.0004431,-0.0009573,0.0
-0.000648,0.000384,2.98e-05,-0.0006483,0.0003841,0.0
-0.000643,1.9e-05,2.98e-05,-0.0006433,1.9e-05,0.0
-0.000388,-0.000578,2.98e-05,-0.0003882,-0.0005782,0.0
0.000552,0.000438,2.98e-05,0.0005522,0.0004381,0.0
-0.000314,-0.00129,2.98e-05,-0.0003141,-0.0012905,0.0
0.000471,-0.000989,2.98e-05,0.0004711,-0.0009894,0.0
0.000813,-0.000483,2.98e-05,0.0008133,-0.0004832,0.0
7e-05,0.000692,2.98e-05,7e-05,0.0006922,0.0
0.000428,-0.000579,2.98e-05,0.0004282,-0.0005793,0.0
0.000601,-0.000192,2.98e-05,0.0006012,-0.0001921,0.0
-0.000157,-0.000793,2.98e-05,-0.000157,-0.0007933,0.0
0.000152,-0.000851,2.98e-05,0.000152,-0.0008513,0.0
-9.5e-05,-0.001079,2.98e-05,-9.5e-05,-0.0010794,0.0
-0.000338,0.00019,2.98e-05,-0.0003381,0.0001901,0.0
-0.000102,0.000429,2.98e-05,-0.0001021,0.0004292,0.0
-0.000262,-0.000194,2.98e-05,-0.0002621,-0.0001941,0.0
0.000211,0.000394,2.98e-05,0.0002111,0.0003941,0.0
-1e-06,-0.000519,2.98e-05,-1e-06,-0.0005192,0.0
0.000394,0.000111,2.98e-05,0.0003941,0.000111,0.0
1.6e-05,0.000109,2.98e-05,1.6e-05,0.0001091,0.0
0.000199,-0.000214,2.98e-05,0.0001991,-0.0002141,0.0
8.4e-05,0.003545,0.0234998,8.4e-05,0.003545,0.0234398
0.00039,0.003521,0.0234998,0.00039,0.003521,0.0234398
0.000682,0.003471,0.0234998,0.000682,0.003471,0.0234398
0.000967,0.003399,0.0234998,0.000967,0.003399,0.0234398
0.001249,0.003305,0.0234998,0.001249,0.003305,0.0234398
0.001534,0.003187,0.0234998,0.001534,0.003187,0.0234398
0.00186,0.00303,0.0234998,0.00186,0.00303,0.0234398
0.002155,0.002817,0.0234998,0.002155,0.002817,0.0234398
0.002389,0.002615,0.0234998,0.002389,0.002615,0.0234398
0.002594,0.002399,0.0234998,0.002594,0.002399,0.0234398
0.002777,0.002168,0.0234998,0.002777,0.002168,0.0234398
0.002946,0.001923,0.0234998,0.002946,0.001923,0.0234398
0.003107,0.001659,0.0234998,0.003107,0.001659,0.0234398
0.003283,0.00135,0.0234998,0.003283,0.00135,0.0234398
0.003398,0.001008,0.0234998,0.003398,0.001008,0.0234398
0.003466,0.000708,0.0234998,0.003466,0.000708,0.0234398
0.003502,0.000416,0.0234998,0.003502,0.000416,0.0234398
0.003518,0.000124,0.0234998,0.003518,0.000124,0.0234398
0.003516,-0.000173,0.0234998,0.003516,-0.000173,0.0234398
0.003494,-0.000481,0.0234998,0.003494,-0.000481,0.0234398
0.003451,-0.000838,0.0234998,0.003451,-0.000838,0.0234398
0.003342,-0.001186,0.0234998,0.003342,-0.001186,0.0234398
0.003226,-0.001472,0.0234998,0.003226,-0.001472,0.0234398
0.003086,-0.001734,0.0234998,0.003086,-0.001734,0.0234398
0.002927,-0.00198,0.0234998,0.002927,-0.00198,0.0234398
0.002749,-0.002216,0.0234998,0.002749,-0.002216,0.0234398
0.00255,-0.002449,0.0234998,0.00255,-0.002449,0.0234398
0.002304,-0.002709,0.0234998,0.002304,-0.002709,0.0234398
0.00201,-0.002921,0.0234998,0.00201,-0.002921,0.0234398
0.001744,-0.003074,0.0234998,0.001744,-0.003074,0.0234398
0.001476,-0.003197,0.0234998,0.001476,-0.003197,0.0234398
0.001201,-0.003302,0.0234998,0.001201,-0.003302,0.0234398
0.000917,-0.003391,0.0234998,0.000917,-0.003391,0.0234398
0.000616,-0.003466,0.0234998,0.000616,-0.003466,0.0234398
0.000267,-0.003539,0.0234998,0.000267,-0.003539,0.0234398
-9.6e-05,-0.003542,0.0234998,-9.6e-05,-0.003542,0.0234398
-0.000402,-0.003512,0.0234998,-0.000402,-0.003512,0.0234398
-0.000691,-0.003453,0.0234998,-0.000691,-0.003453,0.0234398
-0.000975,-0.003375,0.0234998,-0.000975,-0.003375,0.0234398
-0.001257,-0.003279,0.0234998,-0.001257,-0.003279,0.0234398
-0.001543,-0.003165,0.0234998,-0.001543,-0.003165,0.0234398
-0.001868,-0.00302,0.0234998,-0.001868,-0.00302,0.0234398
-0.002164,-0.002809,0.0234998,-0.002164,-0.002809,0.0234398
-0.002392,-0.002604,0.0234998,-0.002392,-0.002604,0.0234398
-0.00259,-0.002383,0.0234998,-0.00259,-0.002383,0.0234398
-0.002774,-0.002151,0.0234998,-0.002774,-0.002151,0.0234398
-0.002947,-0.001907,0.0234998,-0.002947,-0.001907,0.0234398
-0.003116,-0.00165,0.0234998,-0.003116,-0.00165,0.0234398
-0.003299,-0.001354,0.0234998,-0.003299,-0.001354,0.0234398
-0.003408,-0.001016,0.0234998,-0.003408,-0.001016,0.0234398
-0.003453,-0.000721,0.0234998,-0.003453,-0.000721,0.0234398
-0.003486,-0.000426,0.0234998,-0.003486,-0.000426,0.0234398
-0.003503,-0.000127,0.0234998,-0.003503,-0.000127,0.0234398
-0.003504,0.000176,0.0234998,-0.003504,0.000176,0.0234398
-0.003488,0.000486,0.0234998,-0.003488,0.000486,0.0234398
-0.003462,0.000837,0.0234998,-0.003462,0.000837,0.0234398
-0.003352,0.001177,0.0234998,-0.003352,0.001177,0.0234398
-0.003221,0.001447,0.0234998,-0.003221,0.001447,0.0234398
-0.003078,0.001707,0.0234998,-0.003078,0.001707,0.0234398
-0.002918,0.001957,0.0234998,-0.002918,0.001957,0.0234398
-0.002743,0.002199,0.0234998,-0.002743,0.002199,0.0234398
-0.002549,0.002439,0.0234998,-0.002549,0.002439,0.0234398
-0.00231,0.002706,0.0234998,-0.00231,0.002706,0.0234398
-0.00202,0.002923,0.0234998,-0.00202,0.002923,0.0234398
-0.001756,0.003077,0.0234998,-0.001756,0.003077,0.0234398
-0.001489,0.003198,0.0234998,-0.001489,0.003198,0.0234398
-0.001214,0.003301,0.0234998,-0.001214,0.003301,0.0234398
-0.00093,0.00339,0.0234998,-0.00093,0.00339,0.0234398
-0.00063,0.003466,0.0234998,-0.00063,0.003466,0.0234398
-0.000278,0.003539,0.0234998,-0.000278,0.003539,0.0234398
0.000481,0.003244,0.0234998,0.000481,0.003244,0.0234398
0.00076,0.003182,0.0234998,0.00076,0.003182,0.0234398
0.001035,0.003099,0.0234998,0.001035,0.003099,0.0234398
0.00131,0.002996,0.0234998,0.00131,0.002996,0.0234398
0.001588,0.002874,0.0234998,0.001588,0.002874,0.0234398
0.002101,0.002538,0.0234998,0.002101,0.002538,0.0234398
0.003103,0.001097,0.0234998,0.003103,0.001097,0.0234398
0.002306,0.002331,0.0234998,0.002306,0.002331,0.0234398
0.002483,0.002107,0.0234998,0.002483,0.002107,0.0234398
0.002646,0.001869,0.0234998,0.002646,0.001869,0.0234398
0.002802,0.001618,0.0234998,0.002802,0.001618,0.0234398
0.002959,0.00136,0.0234998,0.002959,0.00136,0.0234398
0.003191,0.000812,0.0234998,0.003191,0.000812,0.0234398
0.003155,-0.00094,0.0234998,0.003155,-0.00094,0.0234398
0.00322,0.000532,0.0234998,0.00322,0.000532,0.0234398
0.003235,0.000248,0.0234998,0.003235,0.000248,0.0234398
0.003238,-3.9e-05,0.0234998,0.003238,-3.9e-05,0.0234398
0.003229,-0.000332,0.0234998,0.003229,-0.000332,0.0234398
0.003207,-0.000636,0.0234998,0.003207,-0.000636,0.0234398
0.00306,-0.001229,0.0234998,0.00306,-0.001229,0.0234398
0.002012,-0.002618,0.0234998,0.002012,-0.002618,0.0234398
0.002932,-0.00149,0.0234998,0.002932,-0.00149,0.0234398
0.002779,-0.001728,0.0234998,0.002779,-0.001728,0.0234398
0.00261,-0.001956,0.0234998,0.00261,-0.001956,0.0234398
0.002428,-0.002183,0.0234998,0.002428,-0.002183,0.0234398
0.002229,-0.002409,0.0234998,0.002229,-0.002409,0.0234398
0.00176,-0.002778,0.0234998,0.00176,-0.002778,0.0234398
7.7e-05,-0.003291,0.0234998,7.7e-05,-0.003291,0.0234398
0.001499,-0.002888,0.0234998,0.001499,-0.002888,0.0234398
0.001231,-0.00299,0.0234998,0.001231,-0.00299,0.0234398
0.000954,-0.003082,0.0234998,0.000954,-0.003082,0.0234398
0.000668,-0.003163,0.0234998,0.000668,-0.003163,0.0234398
0.000373,-0.003236,0.0234998,0.000373,-0.003236,0.0234398
-0.000222,-0.003283,0.0234998,-0.000222,-0.003283,0.0234398
-0.001881,-0.002709,0.0234998,-0.001881,-0.002709,0.0234398
-0.000499,-0.003218,0.0234998,-0.000499,-0.003218,0.0234398
-0.000774,-0.003137,0.0234998,-0.000774,-0.003137,0.0234398
-0.00105,-0.003045,0.0234998,-0.00105,-0.003045,0.0234398
-0.001327,-0.002945,0.0234998,-0.001327,-0.002945,0.0234398
-0.001609,-0.002837,0.0234998,-0.001609,-0.002837,0.0234398
-0.002115,-0.002524,0.0234998,-0.002115,-0.002524,0.0234398
-0.003155,-0.00112,0.0234998,-0.003155,-0.00112,0.0234398
-0.002297,-0.002305,0.0234998,-0.002297,-0.002305,0.0234398
-0.002471,-0.002074,0.0234998,-0.002471,-0.002074,0.0234398
-0.002643,-0.001833,0.0234998,-0.002643,-0.001833,0.0234398
-0.002816,-0.001585,0.0234998,-0.002816,-0.001585,0.0234398
-0.002993,-0.00134,0.0234998,-0.002993,-0.00134,0.0234398
-0.003166,-0.000853,0.0234998,-0.003166,-0.000853,0.0234398
-0.0032,0.000939,0.0234998,-0.0032,0.000939,0.0234398
-0.003188,-0.000562,0.0234998,-0.003188,-0.000562,0.0234398
-0.003206,-0.000262,0.0234998,-0.003206,-0.000262,0.0234398
-0.003212,4.1e-05,0.0234998,-0.003212,4.1e-05,0.0234398
-0.00321,0.000348,0.0234998,-0.00321,0.000348,0.0234398
-0.003202,0.000658,0.0234998,-0.003202,0.000658,0.0234398
-0.003063,0.001173,0.0234998,-0.003063,0.001173,0.0234398
-0.002029,0.00262,0.0234998,-0.002029,0.00262,0.0234398
-0.00292,0.00143,0.0234998,-0.00292,0.00143,0.0234398
-0.002763,0.001677,0.0234998,-0.002763,0.001677,0.0234398
-0.002596,0.001919,0.0234998,-0.002596,0.001919,0.0234398
-0.002419,0.002158,0.0234998,-0.002419,0.002158,0.0234398
-0.002233,0.002397,0.0234998,-0.002233,0.002397,0.0234398
-0.001782,0.002785,0.0234998,-0.001782,0.002785,0.0234398
-9.9e-05,0.003291,0.0234998,-9.9e-05,0.003291,0.0234398
-0.001523,0.002892,0.0234998,-0.001523,0.002892,0.0234398
-0.001257,0.002988,0.0234998,-0.001257,0.002988,0.0234398
-0.000981,0.003077,0.0234998,-0.000981,0.003077,0.0234398
-0.000696,0.00316,0.0234998,-0.000696,0.00316,0.0234398
-0.000399,0.003235,0.0234998,-0.000399,0.003235,0.0234398
0.001858,0.002723,0.0234998,0.001858,0.002723,0.0234398
0.000201,0.003289,0.0234998,0.000201,0.003289,0.0234398
0.000827,0.002898,0.0234998,0.000827,0.002898,0.0234398
0.001088,0.002805,0.0234998,0.001088,0.002805,0.0234398
0.001347,0.002698,0.0234998,0.001347,0.002698,0.0234398
0.0022,0.002054,0.0234998,0.0022,0.002054,0.0234398
0.002352,0.001825,0.0234998,0.002352,0.001825,0.0234398
0.0025,0.001581,0.0234998,0.0025,0.001581,0.0234398
0.002953,0.000644,0.0234998,0.002953,0.000644,0.0234398
0.002888,-0.001015,0.0234998,0.002888,-0.001015,0.0234398
0.00296,0.000373,0.0234998,0.00296,0.000373,0.0234398
0.002963,9.5e-05,0.0234998,0.002963,9.5e-05,0.0234398
0.002961,-0.000187,0.0234998,0.002961,-0.000187,0.0234398
0.002787,-0.001268,0.0234998,0.002787,-0.001268,0.0234398
0.001767,-0.002521,0.0234998,0.001767,-0.002521,0.0234398
0.002638,-0.001486,0.0234998,0.002638,-0.001486,0.0234398
0.002475,-0.001701,0.0234998,0.002475,-0.001701,0.0234398
0.002303,-0.001917,0.0234998,0.002303,-0.001917,0.0234398
0.001526,-0.002592,0.0234998,0.001526,-0.002592,0.0234398
-7.3e-05,-0.003079,0.0234998,-7.3e-05,-0.003079,0.0234398
0.001265,-0.002684,0.0234998,0.001265,-0.002684,0.0234398
0.000997,-0.002776,0.0234998,0.000997,-0.002776,0.0234398
0.000721,-0.002861,0.0234998,0.000721,-0.002861,0.0234398
-0.00031,-0.003,0.0234998,-0.00031,-0.003,0.0234398
-0.001877,-0.002451,0.0234998,-0.001877,-0.002451,0.0234398
-0.000571,-0.002913,0.0234998,-0.000571,-0.002913,0.0234398
-0.000841,-0.002818,0.0234998,-0.000841,-0.002818,0.0234398
-0.001113,-0.002719,0.0234998,-0.001113,-0.002719,0.0234398
-0.002016,-0.002245,0.0234998,-0.002016,-0.002245,0.0234398
-0.002904,-0.00103,0.0234998,-0.002904,-0.00103,0.0234398
0.002041,0.002268,0.0234998,0.002041,0.002268,0.0234398
-0.002171,-0.002013,0.0234998,-0.002171,-0.002013,0.0234398
-0.002337,-0.001769,0.0234998,-0.002337,-0.001769,0.0234398
-0.00251,-0.001517,0.0234998,-0.00251,-0.001517,0.0234398
-0.0029,-0.000719,0.0234998,-0.0029,-0.000719,0.0234398
-0.002925,0.000859,0.0234998,-0.002925,0.000859,0.0234398
0.002948,0.000891,0.0234998,0.002948,0.000891,0.0234398
-0.00292,-0.000407,0.0234998,-0.00292,-0.000407,0.0234398
-0.002926,-0.0001,0.0234998,-0.002926,-0.0001,0.0234398
-0.002926,0.000208,0.0234998,-0.002926,0.000208,0.0234398
-0.002781,0.00116,0.0234998,-0.002781,0.00116,0.0234398
-0.001796,0.002535,0.0234998,-0.001796,0.002535,0.0234398
0.000558,0.00297,0.0234998,0.000558,0.00297,0.0234398
-0.002617,0.001402,0.0234998,-0.002617,0.001402,0.0234398
-0.00245,0.001639,0.0234998,-0.00245,0.001639,0.0234398
-0.00228,0.001876,0.0234998,-0.00228,0.001876,0.0234398
-0.001563,0.002603,0.0234998,-0.001563,0.002603,0.0234398
-0.001308,0.002682,0.0234998,-0.001308,0.002682,0.0234398
-0.001039,0.002767,0.0234998,-0.001039,0.002767,0.0234398
-0.000762,0.002851,0.0234998,-0.000762,0.002851,0.0234398
0.002795,0.00109,0.0234998,0.002795,0.00109,0.0234398
0.001836,0.002449,0.0234998,0.001836,0.002449,0.0234398
-0.002695,-0.001262,0.0234998,-0.002695,-0.001262,0.0234398
4.7e-05,0.003074,0.0234998,4.7e-05,0.003074,0.0234398
-0.002926,0.000519,0.0234998,-0.002926,0.000519,0.0234398
0.002643,0.001326,0.0234998,0.002643,0.001326,0.0234398
-0.00048,0.00293,0.0234998,-0.00048,0.00293,0.0234398
0.00295,-0.000469,0.0234998,0.00295,-0.000469,0.0234398
0.002929,-0.000747,0.0234998,0.002929,-0.000747,0.0234398
0.001935,-0.002336,0.0234998,0.001935,-0.002336,0.0234398
0.002125,-0.002132,0.0234998,0.002125,-0.002132,0.0234398
0.000164,-0.003,0.0234998,0.000164,-0.003,0.0234398
0.000436,-0.00293,0.0234998,0.000436,-0.00293,0.0234398
-0.001644,-0.002532,0.0234998,-0.001644,-0.002532,0.0234398
-0.001384,-0.002622,0.0234998,-0.001384,-0.002622,0.0234398
-0.001945,0.002337,0.0234998,-0.001945,0.002337,0.0234398
-0.00211,0.002112,0.0234998,-0.00211,0.002112,0.0234398
0.001599,0.00258,0.0234998,0.001599,0.00258,0.0234398
-0.000199,0.003,0.0234998,-0.000199,0.003,0.0234398
0.000289,0.00302,0.0234998,0.000289,0.00302,0.0234398
0.001124,0.002513,0.0234998,0.001124,0.002513,0.0234398
0.002203,0.001558,0.0234998,0.002203,0.001558,0.0234398
-0.000353,-0.002708,0.0234998,-0.000353,-0.002708,0.0234398
0.002693,0.000229,0.0234998,0.002693,0.000229,0.0234398
0.00269,-5e-05,0.0234998,0.00269,-5e-05,0.0234398
0.002656,-0.001075,0.0234998,0.002656,-0.001075,0.0234398
0.001314,-0.002382,0.0234998,0.001314,-0.002382,0.0234398
0.002345,-0.001446,0.0234998,0.002345,-0.001446,0.0234398
0.002177,-0.001653,0.0234998,0.002177,-0.001653,0.0234398
0.001611,-0.00229,0.0234998,0.001611,-0.00229,0.0234398
0.002508,-0.001251,0.0234998,0.002508,-0.001251,0.0234398
0.001042,-0.002472,0.0234998,0.001042,-0.002472,0.0234398
0.000774,-0.002561,0.0234998,0.000774,-0.002561,0.0234398
-8.2e-05,-0.002819,0.0234998,-8.2e-05,-0.002819,0.0234398
0.002695,0.000512,0.0234998,0.002695,0.000512,0.0234398
-0.000626,-0.002602,0.0234998,-0.000626,-0.002602,0.0234398
-0.0009,-0.002493,0.0234998,-0.0009,-0.002493,0.0234398
-0.001729,-0.002243,0.0234998,-0.001729,-0.002243,0.0234398
0.001927,0.002012,0.0234998,0.001927,0.002012,0.0234398
-0.001866,-0.001986,0.0234998,-0.001866,-0.001986,0.0234398
-0.002024,-0.001728,0.0234998,-0.002024,-0.001728,0.0234398
-0.002194,-0.001467,0.0234998,-0.002194,-0.001467,0.0234398
-0.002595,-0.000912,0.0234998,-0.002595,-0.000912,0.0234398
0.002703,0.000801,0.0234998,0.002703,0.000801,0.0234398
-0.002647,-0.000559,0.0234998,-0.002647,-0.000559,0.0234398
-0.002648,-0.000247,0.0234998,-0.002648,-0.000247,0.0234398
-0.002643,6.1e-05,0.0234998,-0.002643,6.1e-05,0.0234398
-0.00265,0.00093,0.0234998,-0.00265,0.00093,0.0234398
0.000628,0.002706,0.0234998,0.000628,0.002706,0.0234398
-0.002483,0.001132,0.0234998,-0.002483,0.001132,0.0234398
-0.00231,0.001357,0.0234998,-0.00231,0.001357,0.0234398
-0.002138,0.001595,0.0234998,-0.002138,0.001595,0.0234398
-0.001657,0.002327,0.0234998,-0.001657,0.002327,0.0234398
-0.001383,0.002379,0.0234998,-0.001383,0.002379,0.0234398
-0.001109,0.002455,0.0234998,-0.001109,0.002455,0.0234398
-0.000832,0.002541,0.0234998,-0.000832,0.002541,0.0234398
0.002062,0.001793,0.0234998,0.002062,0.001793,0.0234398
0.000876,0.002613,0.0234998,0.000876,0.002613,0.0234398
-0.002379,-0.0012,0.0234998,-0.002379,-0.0012,0.0234398
0.000357,0.002761,0.0234998,0.000357,0.002761,0.0234398
0.002337,0.001301,0.0234998,0.002337,0.001301,0.0234398
5e-05,0.002787,0.0234998,5e-05,0.002787,0.0234398
0.00181,0.002209,0.0234998,0.00181,0.002209,0.0234398
-0.001175,-0.002388,0.0234998,-0.001175,-0.002388,0.0234398
0.002685,-0.000326,0.0234998,0.002685,-0.000326,0.0234398
0.002667,-0.000848,0.0234998,0.002667,-0.000848,0.0234398
0.000501,-0.002643,0.0234998,0.000501,-0.002643,0.0234398
0.002007,-0.001865,0.0234998,0.002007,-0.001865,0.0234398
-0.001452,-0.002303,0.0234998,-0.001452,-0.002303,0.0234398
-0.00264,0.000368,0.0234998,-0.00264,0.000368,0.0234398
-0.002649,0.000666,0.0234998,-0.002649,0.000666,0.0234398
0.001368,0.002405,0.0234998,0.001368,0.002405,0.0234398
-0.001803,0.00208,0.0234998,-0.001803,0.00208,0.0234398
-0.001966,0.001837,0.0234998,-0.001966,0.001837,0.0234398
-0.000551,0.002626,0.0234998,-0.000551,0.002626,0.0234398
-0.000264,0.002705,0.0234998,-0.000264,0.002705,0.0234398
0.00243,0.000367,0.0234998,0.00243,0.000367,0.0234398
0.002678,-0.000594,0.0234998,0.002678,-0.000594,0.0234398
-0.001493,0.002084,0.0234998,-0.001493,0.002084,0.0234398
-0.000122,-0.002524,0.0234998,-0.000122,-0.002524,0.0234398
0.001835,-0.002079,0.0234998,0.001835,-0.002079,0.0234398
0.001349,-0.002091,0.0234998,0.001349,-0.002091,0.0234398
0.000183,-0.002674,0.0234998,0.000183,-0.002674,0.0234398
-0.002393,0.000842,0.0234998,-0.002393,0.000842,0.0234398
0.00082,-0.002258,0.0234998,0.00082,-0.002258,0.0234398
0.002465,0.001003,0.0234998,0.002465,0.001003,0.0234398
-0.000399,-0.002405,0.0234998,-0.000399,-0.002405,0.0234398
-0.000678,-0.002285,0.0234998,-0.000678,-0.002285,0.0234398
0.002057,-0.001384,0.0234998,0.002057,-0.001384,0.0234398
-0.001558,-0.001999,0.0234998,-0.001558,-0.001999,0.0234398
-0.001703,-0.001715,0.0234998,-0.001703,-0.001715,0.0234398
-0.001871,-0.00144,0.0234998,-0.001871,-0.00144,0.0234398
0.002442,0.000661,0.0234998,0.002442,0.000661,0.0234398
-0.002396,-0.000675,0.0234998,-0.002396,-0.000675,0.0234398
-0.00238,-0.000398,0.0234998,-0.00238,-0.000398,0.0234398
-0.002369,-9.4e-05,0.0234998,-0.002369,-9.4e-05,0.0234398
-0.002188,0.001063,0.0234998,-0.002188,0.001063,0.0234398
-0.002002,0.001303,0.0234998,-0.002002,0.001303,0.0234398
0.002421,8.2e-05,0.0234998,0.002421,8.2e-05,0.0234398
-0.001196,0.00214,0.0234998,-0.001196,0.00214,0.0234398
0.001599,0.0023,0.0234998,0.001599,0.0023,0.0234398
-0.000908,0.00223,0.0234998,-0.000908,0.00223,0.0234398
0.001085,-0.002169,0.0234998,0.001085,-0.002169,0.0234398
-0.00235,0.000224,0.0234998,-0.00235,0.000224,0.0234398
0.002038,0.00131,0.0234998,0.002038,0.00131,0.0234398
0.001765,0.001785,0.0234998,0.001765,0.001785,0.0234398
0.000452,0.002531,0.0234998,0.000452,0.002531,0.0234398
-0.000958,-0.002154,0.0234998,-0.000958,-0.002154,0.0234398
0.002417,-0.000196,0.0234998,0.002417,-0.000196,0.0234398
0.000207,0.002514,0.0234998,0.000207,0.002514,0.0234398
9e-05,-0.002334,0.0234998,9e-05,-0.002334,0.0234398
0.002431,-0.000995,0.0234998,0.002431,-0.000995,0.0234398
0.000563,-0.00235,0.0234998,0.000563,-0.00235,0.0234398
0.001881,-0.001596,0.0234998,0.001881,-0.001596,0.0234398
-0.002353,0.000539,0.0234998,-0.002353,0.000539,0.0234398
-0.001827,0.001554,0.0234998,-0.001827,0.001554,0.0234398
0.002238,-0.001181,0.0234998,0.002238,-0.001181,0.0234398
0.000907,0.002329,0.0234998,0.000907,0.002329,0.0234398
-0.002044,-0.001162,0.0234998,-0.002044,-0.001162,0.0234398
0.001152,0.002222,0.0234998,0.001152,0.002222,0.0234398
-0.000627,0.002319,0.0234998,-0.000627,0.002319,0.0234398
-6.8e-05,0.002478,0.0234998,-6.8e-05,0.002478,0.0234398
0.001908,0.001552,0.0234998,0.001908,0.001552,0.0234398
0.000667,0.002426,0.0234998,0.000667,0.002426,0.0234398
-0.000985,0.001914,0.0234998,-0.000985,0.001914,0.0234398
-0.002125,-0.000587,0.0234998,-0.002125,-0.000587,0.0234398
0.002416,-0.000737,0.0234998,0.002416,-0.000737,0.0234398
0.001586,-0.002017,0.0234998,0.001586,-0.002017,0.0234398
0.00219,0.00078,0.0234998,0.00219,0.00078,0.0234398
-0.000172,-0.002209,0.0234998,-0.000172,-0.002209,0.0234398
-0.002229,-0.000902,0.0234998,-0.002229,-0.000902,0.0234398
0.000413,0.002268,0.0234998,0.000413,0.002268,0.0234398
-0.001371,-0.001724,0.0234998,-0.001371,-0.001724,0.0234398
-0.000443,-0.002102,0.0234998,-0.000443,-0.002102,0.0234398
0.001721,-0.001811,0.0234998,0.001721,-0.001811,0.0234398
0.002172,0.000497,0.0234998,0.002172,0.000497,0.0234398
-0.001541,-0.001429,0.0234998,-0.001541,-0.001429,0.0234398
0.002146,0.001059,0.0234998,0.002146,0.001059,0.0234398
-0.001649,0.001812,0.0234998,-0.001649,0.001812,0.0234398
-0.001251,-0.002049,0.0234998,-0.001251,-0.002049,0.0234398
-0.002102,-0.000267,0.0234998,-0.002102,-0.000267,0.0234398
0.000328,-0.002436,0.0234998,0.000328,-0.002436,0.0234398
-0.002092,0.000749,0.0234998,-0.002092,0.000749,0.0234398
-0.001875,0.000996,0.0234998,-0.001875,0.000996,0.0234398
0.002159,0.000214,0.0234998,0.002159,0.000214,0.0234398
-0.000349,0.002404,0.0234998,-0.000349,0.002404,0.0234398
-0.001305,0.001798,0.0234998,-0.001305,0.001798,0.0234398
0.001648,0.002024,0.0234998,0.001648,0.002024,0.0234398
0.001424,-0.0018,0.0234998,0.001424,-0.0018,0.0234398
0.002416,-0.000469,0.0234998,0.002416,-0.000469,0.0234398
0.000684,0.002149,0.0234998,0.000684,0.002149,0.0234398
0.001618,0.001552,0.0234998,0.001618,0.001552,0.0234398
0.002167,-0.000904,0.0234998,0.002167,-0.000904,0.0234398
0.002145,-7.1e-05,0.0234998,0.002145,-7.1e-05,0.0234398
0.001757,0.001317,0.0234998,0.001757,0.001317,0.0234398
0.000586,-0.002052,0.0234998,0.000586,-0.002052,0.0234398
0.001849,0.001079,0.0234998,0.001849,0.001079,0.0234398
0.001761,-0.001326,0.0234998,0.001761,-0.001326,0.0234398
-0.001688,0.001254,0.0234998,-0.001688,0.001254,0.0234398
0.001912,0.000622,0.0234998,0.001912,0.000622,0.0234398
0.001573,-0.001554,0.0234998,0.001573,-0.001554,0.0234398
0.001439,0.001788,0.0234998,0.001439,0.001788,0.0234398
-0.002089,5e-05,0.0234998,-0.002089,5e-05,0.0234398
0.000112,0.002253,0.0234998,0.000112,0.002253,0.0234398
-0.001719,-0.001152,0.0234998,-0.001719,-0.001152,0.0234398
0.001139,-0.001859,0.0234998,0.001139,-0.001859,0.0234398
-0.00072,-0.001958,0.0234998,-0.00072,-0.001958,0.0234398
0.000932,0.002052,0.0234998,0.000932,0.002052,0.0234398
-0.000698,0.002013,0.0234998,-0.000698,0.002013,0.0234398
0.001396,0.002109,0.0234998,0.001396,0.002109,0.0234398
0.000859,-0.001954,0.0234998,0.000859,-0.001954,0.0234398
0.001953,-0.001102,0.0234998,0.001953,-0.001102,0.0234398
-0.002018,0.000403,0.0234998,-0.002018,0.000403,0.0234398
0.002156,-0.000629,0.0234998,0.002156,-0.000629,0.0234398
0.001513,0.001322,0.0234998,0.001513,0.001322,0.0234398
0.002149,-0.000347,0.0234998,0.002149,-0.000347,0.0234398
0.001948,0.000867,0.0234998,0.001948,0.000867,0.0234398
0.000325,-0.002164,0.0234998,0.000325,-0.002164,0.0234398
-0.001203,-0.001414,0.0234998,-0.001203,-0.001414,0.0234398
-0.001021,0.001601,0.0234998,-0.001021,0.001601,0.0234398
-0.00021,-0.001892,0.0234998,-0.00021,-0.001892,0.0234398
-0.001835,-0.000452,0.0234998,-0.001835,-0.000452,0.0234398
-0.001757,0.000679,0.0234998,-0.001757,0.000679,0.0234398
-0.001873,-0.000821,0.0234998,-0.001873,-0.000821,0.0234398
0.001897,0.000348,0.0234998,0.001897,0.000348,0.0234398
6.6e-05,-0.00201,0.0234998,6.6e-05,-0.00201,0.0234398
-0.001009,-0.001754,0.0234998,-0.001009,-0.001754,0.0234398
-0.001524,0.001522,0.0234998,-0.001524,0.001522,0.0234398
0.001856,-0.000789,0.0234998,0.001856,-0.000789,0.0234398
0.001334,0.001479,0.0234998,0.001334,0.001479,0.0234398
-0.001536,0.00094,0.0234998,-0.001536,0.00094,0.0234398
0.001888,6.6e-05,0.0234998,0.001888,6.6e-05,0.0234398
0.001568,0.001086,0.0234998,0.001568,0.001086,0.0234398
0.000619,-0.001754,0.0234998,0.000619,-0.001754,0.0234398
0.000329,-0.001851,0.0234998,0.000329,-0.001851,0.0234398
-0.001823,-0.000131,0.0234998,-0.001823,-0.000131,0.0234398
-0.000154,0.002184,0.0234998,-0.000154,0.002184,0.0234398
-0.001388,-0.001132,0.0234998,-0.001388,-0.001132,0.0234398
0.00122,-0.001517,0.0234998,0.00122,-0.001517,0.0234398
-0.000476,-0.00183,0.0234998,-0.000476,-0.00183,0.0234398
0.000719,0.001856,0.0234998,0.000719,0.001856,0.0234398
0.000262,0.002052,0.0234998,0.000262,0.002052,0.0234398
-0.000753,0.001708,0.0234998,-0.000753,0.001708,0.0234398
0.001659,-0.001046,0.0234998,0.001659,-0.001046,0.0234398
0.001178,0.001932,0.0234998,0.001178,0.001932,0.0234398
-0.000422,0.002102,0.0234998,-0.000422,0.002102,0.0234398
0.000483,0.00196,0.0234998,0.000483,0.00196,0.0234398
0.001457,-0.001281,0.0234998,0.001457,-0.001281,0.0234398
0.001922,-0.000506,0.0234998,0.001922,-0.000506,0.0234398
0.000909,-0.001645,0.0234998,0.000909,-0.001645,0.0234398
-0.001566,-0.0009,0.0234998,-0.001566,-0.0009,0.0234398
-0.001636,0.000373,0.0234998,-0.001636,0.000373,0.0234398
3.6e-05,0.001973,0.0234998,3.6e-05,0.001973,0.0234398
-0.001258,0.001483,0.0234998,-0.001258,0.001483,0.0234398
0.001631,0.000491,0.0234998,0.001631,0.000491,0.0234398
0.000952,0.001798,0.0234998,0.000952,0.001798,0.0234398
-0.001062,0.001269,0.0234998,-0.001062,0.001269,0.0234398
3.3e-05,-0.001631,0.0234998,3.3e-05,-0.001631,0.0234398
-0.000869,-0.001365,0.0234998,-0.000869,-0.001365,0.0234398
0.000256,0.001795,0.0234998,0.000256,0.001795,0.0234398
0.000506,0.001657,0.0234998,0.000506,0.001657,0.0234398
-0.001372,0.001219,0.0234998,-0.001372,0.001219,0.0234398
-0.000668,-0.001626,0.0234998,-0.000668,-0.001626,0.0234398
-0.001825,0.000155,0.0234998,-0.001825,0.000155,0.0234398
0.001507,-0.000779,0.0234998,0.001507,-0.000779,0.0234398
0.000803,0.001535,0.0234998,0.000803,0.001535,0.0234398
0.001133,0.001637,0.0234998,0.001133,0.001637,0.0234398
0.001652,0.000806,0.0234998,0.001652,0.000806,0.0234398
-0.001395,0.000615,0.0234998,-0.001395,0.000615,0.0234398
0.000668,-0.001478,0.0234998,0.000668,-0.001478,0.0234398
0.001626,0.000207,0.0234998,0.001626,0.000207,0.0234398
0.001296,0.001187,0.0234998,0.001296,0.001187,0.0234398
0.00038,-0.001523,0.0234998,0.00038,-0.001523,0.0234398
0.001838,-0.000243,0.0234998,0.001838,-0.000243,0.0234398
-0.001556,-0.000607,0.0234998,-0.001556,-0.000607,0.0234398
-0.001542,-0.000281,0.0234998,-0.001542,-0.000281,0.0234398
-0.001062,-0.001068,0.0234998,-0.001062,-0.001068,0.0234398
-0.000331,-0.001588,0.0234998,-0.000331,-0.001588,0.0234398
-0.000481,0.001802,0.0234998,-0.000481,0.001802,0.0234398
0.001389,-0.001019,0.0234998,0.001389,-0.001019,0.0234398
0.001159,-0.001162,0.0234998,0.001159,-0.001162,0.0234398
-0.000799,0.001399,0.0234998,-0.000799,0.001399,0.0234398
0.000902,-0.001317,0.0234998,0.000902,-0.001317,0.0234398
-0.000216,0.001889,0.0234998,-0.000216,0.001889,0.0234398
-0.001305,0.000266,0.0234998,-0.001305,0.000266,0.0234398
0.001636,-4.9e-05,0.0234998,0.001636,-4.9e-05,0.0234398
0.001329,0.000903,0.0234998,0.001329,0.000903,0.0234398
0.001641,-0.000519,0.0234998,0.001641,-0.000519,0.0234398
-0.001279,-0.0008,0.0234998,-0.001279,-0.0008,0.0234398
-0.001555,4.9e-05,0.0234998,-0.001555,4.9e-05,0.0234398
0.001054,0.001341,0.0234998,0.001054,0.001341,0.0234398
-0.001138,0.000901,0.0234998,-0.001138,0.000901,0.0234398
3e-06,0.001686,0.0234998,3e-06,0.001686,0.0234398
-0.001246,-0.000449,0.0234998,-0.001246,-0.000449,0.0234398
-0.000725,-0.001028,0.0234998,-0.000725,-0.001028,0.0234398
0.000243,0.001502,0.0234998,0.000243,0.001502,0.0234398
0.001354,0.000316,0.0234998,0.001354,0.000316,0.0234398
0.00136,0.000618,0.0234998,0.00136,0.000618,0.0234398
0.001301,-0.000529,0.0234998,0.001301,-0.000529,0.0234398
0.001477,-0.000269,0.0234998,0.001477,-0.000269,0.0234398
0.000552,-0.001178,0.0234998,0.000552,-0.001178,0.0234398
0.00104,0.001025,0.0234998,0.00104,0.001025,0.0234398
-0.000926,-0.00067,0.0234998,-0.000926,-0.00067,0.0234398
0.000169,-0.001264,0.0234998,0.000169,-0.001264,0.0234398
0.000504,0.001337,0.0234998,0.000504,0.001337,0.0234398
-0.001258,-8.8e-05,0.0234998,-0.001258,-8.8e-05,0.0234398
-0.001036,0.000501,0.0234998,-0.001036,0.000501,0.0234398
-0.000527,-0.001319,0.0234998,-0.000527,-0.001319,0.0234398
0.001177,-0.000829,0.0234998,0.001177,-0.000829,0.0234398
-0.000804,0.001065,0.0234998,-0.000804,0.001065,0.0234398
0.000879,-0.000974,0.0234998,0.000879,-0.000974,0.0234398
-0.00053,0.001509,0.0234998,-0.00053,0.001509,0.0234398
-3.4e-05,0.001386,0.0234998,-3.4e-05,0.001386,0.0234398
0.00136,2e-05,0.0234998,0.00136,2e-05,0.0234398
0.001063,0.000724,0.0234998,0.001063,0.000724,0.0234398
0.00113,-0.000228,0.0234998,0.00113,-0.000228,0.0234398
0.000284,-0.000941,0.0234998,0.000284,-0.000941,0.0234398
-0.000975,0.000129,0.0234998,-0.000975,0.000129,0.0234398
0.000601,-0.000796,0.0234998,0.000601,-0.000796,0.0234398
-0.000746,0.000722,0.0234998,-0.000746,0.000722,0.0234398
-0.000261,0.001592,0.0234998,-0.000261,0.001592,0.0234398
-0.000178,-0.001303,0.0234998,-0.000178,-0.001303,0.0234398
0.001114,0.000452,0.0234998,0.001114,0.000452,0.0234398
0.001014,0.000144,0.0234998,0.001014,0.000144,0.0234398
-0.000577,0.001237,0.0234998,-0.000577,0.001237,0.0234398
0.000769,0.001175,0.0234998,0.000769,0.001175,0.0234398
-4.4e-05,-0.000996,0.0234998,-4.4e-05,-0.000996,0.0234398
0.000915,-0.000564,0.0234998,0.000915,-0.000564,0.0234398
-0.000561,-0.000726,0.0234998,-0.000561,-0.000726,0.0234398
-0.00095,-0.000245,0.0234998,-0.00095,-0.000245,0.0234398
-0.000381,-0.001019,0.0234998,-0.000381,-0.001019,0.0234398
-0.000675,0.00035,0.0234998,-0.000675,0.00035,0.0234398
0.00021,0.001187,0.0234998,0.00021,0.001187,0.0234398
0.000759,0.000828,0.0234998,0.000759,0.000828,0.0234398
-0.000232,-0.000732,0.0234998,-0.000232,-0.000732,0.0234398
0.000346,-0.000652,0.0234998,0.000346,-0.000652,0.0234398
0.00077,-0.000163,0.0234998,0.00077,-0.000163,0.0234398
-0.00038,-0.000489,0.0234998,-0.00038,-0.000489,0.0234398
-0.000443,0.000958,0.0234998,-0.000443,0.000958,0.0234398
-0.000648,-0.000383,0.0234998,-0.000648,-0.000383,0.0234398
-0.000643,-1.8e-05,0.0234998,-0.000643,-1.8e-05,0.0234398
-0.000388,0.000578,0.0234998,-0.000388,0.000578,0.0234398
0.000552,-0.000438,0.0234998,0.000552,-0.000438,0.0234398
-0.000314,0.00129,0.0234998,-0.000314,0.00129,0.0234398
0.000471,0.000989,0.0234998,0.000471,0.000989,0.0234398
0.000813,0.000483,0.0234998,0.000813,0.000483,0.0234398
7e-05,-0.000692,0.0234998,7e-05,-0.000692,0.0234398
0.000428,0.00058,0.0234998,0.000428,0.00058,0.0234398
0.000601,0.000192,0.0234998,0.000601,0.000192,0.0234398
-0.000157,0.000793,0.0234998,-0.000157,0.000793,0.0234398
0.000152,0.000851,0.0234998,0.000152,0.000851,0.0234398
-9.5e-05,0.001079,0.0234998,-9.5e-05,0.001079,0.0234398
-0.000338,-0.000189,0.0234998,-0.000338,-0.000189,0.0234398
-0.000102,-0.000429,0.0234998,-0.000102,-0.000429,0.0234398
-0.000262,0.000194,0.0234998,-0.000262,0.000194,0.0234398
0.000211,-0.000394,0.0234998,0.000211,-0.000394,0.0234398
-1e-06,0.00052,0.0234998,-1e-06,0.00052,0.0234398
0.000394,-0.000111,0.0234998,0.000394,-0.000111,0.0234398
1.6e-05,-0.000109,0.0234998,1.6e-05,-0.000109,0.0234398
0.000199,0.000214,0.0234998,0.000199,0.000214,0.0234398
-0.000509,-0.00236,0.0018988,-0.0005092,-0.0023609,0.0018647
0.000857,-0.002313,0.0016658,0.0008573,-0.0023139,0.0016322
0.000671,-0.00241,0.0035098,0.0006713,-0.0024113,0.0034717
-0.000722,-0.000878,0.0017598,-0.0007222,-0.0008783,0.0017264
-0.002162,-0.000833,0.0019478,-0.0021628,-0.0008333,0.0019136
-0.001098,-0.002666,0.0008368,-0.0010984,-0.0026669,0.0008051
-0.001131,-0.002671,0.0015118,-0.0011314,-0.002672,0.0014784
-0.000692,-0.002165,0.0033638,-0.0006923,-0.002166,0.0033263
0.00234,-0.00078,0.0019158,0.0023409,-0.0007803,0.0018816
0.000863,-0.000633,0.0019528,0.0008633,-0.0006332,0.0019191
0.001389,-0.002621,0.0010168,0.0013895,-0.002622,0.0009846
0.001158,-0.002694,0.0013838,0.0011584,-0.002695,0.0013507
-0.000215,-0.00256,0.0008898,-0.0002151,-0.0025609,0.000858
0.000336,-0.001963,0.0007388,0.0003361,-0.0019636,0.0007075
0.000431,-0.002682,0.0008178,0.0004312,-0.0026829,0.0007861
0.000454,-0.00266,0.0015288,0.0004542,-0.002661,0.0014954
-0.000385,-0.001995,0.0007468,-0.0003851,-0.0019956,0.0007154
-0.000343,-0.002685,0.0015668,-0.0003431,-0.002686,0.0015334
-7.6e-05,-0.003476,0.0002788,-7.6e-05,-0.0034774,0.0002484
-0.000251,-0.003511,0.0005708,-0.0002511,-0.0035124,0.0005396
0.000945,-0.00073,0.0033188,0.0009454,-0.0007303,0.0032822
0.000924,0.000398,0.0031778,0.0009244,0.0003982,0.0031416
0.000972,-0.002459,0.0045978,0.0009726,-0.0024607,0.0045567
0.000345,-0.003502,0.0003208,0.0003451,-0.0035034,0.0002902
0.000343,-0.003128,0.0003198,0.0003431,-0.0031291,0.0002893
0.000135,-0.003562,0.0006238,0.000135,-0.0035635,0.0005925
0.001355,-0.001839,0.0009928,0.0013554,-0.0018396,0.0009608
0.000716,-0.003269,0.0003098,0.0007163,-0.0032703,0.0002793
0.001938,-0.001958,0.0008558,0.0019387,-0.0019587,0.000824
0.002314,-0.000819,0.0034088,0.0023152,-0.0008194,0.003371
0.001451,-0.003203,0.0003368,0.0014516,-0.0032043,0.0003062
0.001469,-0.002826,0.0003958,0.0014695,-0.002827,0.0003651
0.00101,-0.001181,0.0007308,0.0010103,-0.0011814,0.0006995
0.001115,-0.001208,0.0014468,0.0011154,-0.0012084,0.001414
0.002056,0.000527,0.0021718,0.0020568,0.0005272,0.0021372
0.00068,0.000735,0.0018198,0.0006802,0.0007352,0.0017863
0.00105,-0.001739,0.0015738,0.0010504,-0.0017396,0.0015406
0.001054,-0.002795,0.0024168,0.0010545,-0.0027962,0.0023811
0.001059,-0.003131,0.0002738,0.0010594,-0.0031322,0.0002433
0.001884,-0.002906,0.0003148,0.0018847,-0.0029072,0.0002843
0.001796,-0.003021,0.0006278,0.0017968,-0.0030222,0.0005965
0.001886,-0.001178,0.0008468,0.0018866,-0.0011784,0.0008151
0.001863,-0.001937,0.0015778,0.0018637,-0.0019377,0.0015443
0.002627,-0.001205,0.0007928,0.0026279,-0.0012055,0.0007612
0.00253,-0.00039,0.0007848,0.0025308,-0.0003902,0.0007532
0.002792,-0.001225,0.0016088,0.0027931,-0.0012255,0.0015751
0.003447,0.000147,0.0008118,0.0034484,0.000147,0.00078
0.00341,0.000257,0.0016018,0.0034115,0.0002571,0.0015679
0.002316,0.000857,0.0034548,0.0023171,0.0008574,0.0034169
0.002352,-0.000692,0.0048338,0.0023537,-0.0006925,0.0047923
0.002893,-0.001864,0.0002938,0.0028941,-0.0018647,0.0002633
0.002736,-0.001345,0.0002598,0.002737,-0.0013455,0.0002295
0.001931,-0.000607,0.0007468,0.0019317,-0.0006072,0.0007155
0.001893,-0.0012,0.0015048,0.0018937,-0.0012004,0.0014717
0.002642,0.000125,0.0008608,0.0026429,0.000125,0.000829
0.002768,-0.000463,0.0015218,0.002769,-0.0004632,0.0014884
0.00264,-0.001305,0.0021638,0.0026411,-0.0013055,0.0021288
0.003108,-0.001412,0.0003178,0.0031092,-0.0014125,0.0002873
0.00327,-0.000962,0.0003168,0.0032713,-0.0009624,0.0002863
0.0033,-0.00057,0.0003228,0.0033013,-0.0005702,0.0002923
0.003488,-0.000245,0.0002788,0.0034894,-0.0002451,0.0002483
0.002042,5.7e-05,0.0009768,0.0020427,5.7e-05,0.000945
0.002733,0.001068,0.0009228,0.002734,0.0010684,0.0008908
0.002591,0.000115,0.0015748,0.002592,0.000115,0.0015414
0.003296,0.000164,0.0021808,0.0032975,0.000164,0.0021455
0.003196,-0.00022,0.0003148,0.0031972,-0.0002201,0.0002843
0.003443,0.000123,0.0004548,0.0034444,0.000123,0.0004239
0.003499,-0.000424,0.0005878,0.0035004,-0.0004242,0.0005566
0.003429,0.000552,0.0003658,0.0034303,0.0005523,0.0003351
0.001913,0.000986,0.0008698,0.0019136,0.0009863,0.0008381
0.002702,0.00177,0.0008688,0.002703,0.0017707,0.0008369
0.002774,0.001868,0.0016358,0.0027752,0.0018688,0.0016019
0.000905,0.00196,0.0019908,0.0009053,0.0019608,0.0019566
0.002724,0.001049,0.0016108,0.002725,0.0010494,0.0015772
0.001922,0.001817,0.0008768,0.0019227,0.0018176,0.000845
0.003098,0.001243,0.0002668,0.0030992,0.0012434,0.0002364
0.001958,0.002611,0.0008638,0.0019587,0.002612,0.0008319
0.002959,0.001555,0.0002948,0.0029601,0.0015556,0.0002644
0.003036,0.001722,0.0006568,0.0030372,0.0017227,0.0006254
0.001102,0.001932,0.0010158,0.0011024,0.0019326,0.0009838
0.001104,0.001605,0.0014888,0.0011044,0.0016055,0.0014558
-0.000541,0.002089,0.0018168,-0.0005412,0.0020898,0.001783
0.000761,0.002128,0.0033598,0.0007614,0.002129,0.0033223
-0.000569,0.000598,0.0019738,-0.0005692,0.0005982,0.00194
0.001899,0.00172,0.0015488,0.0018997,0.0017206,0.0015154
0.00271,0.001763,0.0022388,0.0027112,0.0017638,0.0022034
0.002712,0.001806,0.0029338,0.0027133,0.0018069,0.0028966
0.002345,0.000818,0.0048698,0.0023467,0.0008186,0.0048282
0.001147,0.001173,0.0010088,0.0011474,0.0011734,0.0009769
0.00195,0.001042,0.0015838,0.0019507,0.0010424,0.0015504
0.002725,0.001029,0.0023848,0.0027262,0.0010294,0.0023492
0.001221,0.00262,0.0010968,0.0012214,0.002621,0.0010644
0.001973,0.002427,0.0014998,0.0019738,0.002428,0.0014663
0.000526,0.003231,0.0009648,0.0005262,0.0032323,0.0009326
0.000507,0.002525,0.0009528,0.0005072,0.0025259,0.0009209
0.001094,0.002539,0.0015268,0.0010944,0.0025399,0.0014934
0.001922,0.002486,0.0020668,0.0019228,0.002487,0.0020319
0.001796,0.003033,0.0004478,0.0017967,0.0030342,0.0004169
0.002102,0.002653,0.0003088,0.0021028,0.002654,0.0002783
-0.000151,0.003245,0.0009898,-0.000151,0.0032463,0.0009576
-0.000368,0.003233,0.0016688,-0.0003681,0.0032343,0.0016349
-0.000572,0.002221,0.0034658,-0.0005723,0.0022221,0.003428
0.000336,0.003093,0.0014928,0.0003361,0.0030942,0.0014594
0.000932,0.002163,0.0048028,0.0009327,0.0021646,0.0047615
0.001011,0.003353,0.0003588,0.0010114,0.0033543,0.0003281
0.001428,0.002965,0.0003418,0.0014285,0.0029661,0.0003112
-0.000306,0.002445,0.0009438,-0.0003061,0.0024458,0.0009119
0.000278,0.001551,0.0010948,0.0002781,0.0015515,0.0010627
0.000457,0.002402,0.0016218,0.0004572,0.0024029,0.0015883
0.000324,0.003117,0.0023868,0.0003242,0.0031184,0.0023511
0.000553,0.003431,0.0003598,0.0005532,0.0034324,0.0003291
-0.000968,0.002554,0.0009458,-0.0009684,0.0025549,0.0009138
-0.000301,0.001713,0.0009388,-0.0003011,0.0017136,0.0009071
-0.000263,0.002458,0.0017278,-0.0002631,0.0024589,0.0016941
-0.000394,0.003186,0.0022938,-0.0003942,0.0031874,0.0022583
-0.000135,0.003343,0.0003248,-0.0001351,0.0033443,0.0002943
0.000174,0.003488,0.0003488,0.0001741,0.0034894,0.0003182
-0.001942,0.002587,0.0008408,-0.0019428,0.002588,0.000809
-0.001891,0.002623,0.0015788,-0.0018918,0.0026241,0.0015451
-0.002214,0.000619,0.0018638,-0.0022148,0.0006192,0.0018298
-0.00108,0.001733,0.0008808,-0.0010804,0.0017336,0.0008491
-0.001061,0.002552,0.0015188,-0.0010614,0.0025529,0.0014854
-0.000491,0.003326,0.0003238,-0.0004912,0.0033273,0.0002932
-0.000826,0.003353,0.0003278,-0.0008263,0.0033543,0.0002972
-0.001643,0.001956,0.0010648,-0.0016436,0.0019567,0.0010326
-0.001227,0.003081,0.0003158,-0.0012275,0.0030822,0.0002853
-0.002447,0.001605,0.0007468,-0.0024479,0.0016056,0.0007153
-0.001708,0.003038,0.0003288,-0.0017087,0.0030392,0.0002983
-0.002097,0.000672,0.0032718,-0.002098,0.0006723,0.0032346
-0.002647,0.000845,0.0010138,-0.002648,0.0008453,0.0009816
-0.002419,0.001605,0.0014928,-0.0024199,0.0016056,0.0014595
-0.001779,0.000909,0.0007498,-0.0017796,0.0009093,0.0007185
-0.001827,0.001766,0.0016078,-0.0018277,0.0017666,0.0015743
-0.002666,3.9e-05,0.0009538,-0.0026669,3.9e-05,0.0009218
-0.002502,0.001043,0.0016328,-0.0025029,0.0010434,0.0015992
-0.002448,0.001996,0.0024418,-0.0024491,0.0019969,0.0024059
-0.003276,0.000154,0.0008898,-0.0032773,0.0001541,0.0008579
-0.003075,0.001681,0.0003378,-0.0030763,0.0016817,0.0003072
-0.00343,-0.000321,0.0007398,-0.0034314,-0.0003211,0.0007082
-0.00325,-0.000565,0.0015148,-0.0032513,-0.0005652,0.0014812
-0.002214,-0.000851,0.0032908,-0.002215,-0.0008514,0.0032534
-0.003211,0.000116,0.0015658,-0.0032123,0.0001161,0.0015321
-0.000593,0.000591,0.0032938,-0.0005933,0.0005913,0.0032574
-0.00211,0.000855,0.0049028,-0.0021116,0.0008556,0.0048613
-0.003023,0.001129,0.0003058,-0.0030242,0.0011294,0.0002753
-0.003385,0.000902,0.0003118,-0.0033864,0.0009023,0.0002813
-0.001812,0.000133,0.0007398,-0.0018126,0.000133,0.0007085
-0.002485,-0.000584,0.0008328,-0.0024858,-0.0005842,0.0008011
-0.002609,5.9e-05,0.0016718,-0.00261,5.9e-05,0.0016381
-0.003298,0.000148,0.0023578,-0.0032995,0.0001481,0.0023221
-0.003457,0.000424,0.0003508,-0.0034584,0.0004242,0.0003202
-0.001709,-0.000456,0.0009128,-0.0017096,-0.0004561,0.0008811
-0.002555,-0.001273,0.0007968,-0.0025559,-0.0012735,0.0007651
-0.002492,-0.000464,0.0015188,-0.0024929,-0.0004642,0.0014855
-0.003455,2e-05,0.0002888,-0.0034564,2e-05,0.0002583
-0.003336,-0.000447,0.0023358,-0.0033375,-0.0004472,0.0023001
-0.003266,-0.000461,0.0031228,-0.0032677,-0.0004612,0.0030851
-0.000763,-0.000661,0.0034908,-0.0007634,-0.0006614,0.0034539
-0.002091,-0.000786,0.0047488,-0.0020925,-0.0007866,0.0047078
-0.002075,-0.000879,0.0062008,-0.002077,-0.0008799,0.0061558
-0.003402,-0.000272,0.0003238,-0.0034033,-0.0002721,0.0002933
-0.003429,-0.000659,0.0002788,-0.0034304,-0.0006593,0.0002484
-0.001732,-0.001054,0.0008828,-0.0017325,-0.0010543,0.0008511
-0.002572,-0.001962,0.0007278,-0.002573,-0.0019627,0.0006962
-0.002654,-0.001234,0.0015958,-0.002655,-0.0012345,0.0015622
-0.003013,-0.000969,0.0003168,-0.0030141,-0.0009694,0.0002863
-0.001684,-0.002021,0.0007378,-0.0016846,-0.0020217,0.0007063
-0.002563,-0.002047,0.0014678,-0.002564,-0.0020478,0.0014344
-0.000956,-0.002014,0.0006458,-0.0009563,-0.0020147,0.0006146
-0.001812,-0.002084,0.0014848,-0.0018127,-0.0020848,0.0014515
-0.002415,-0.002081,0.0020978,-0.002416,-0.0020819,0.0020628
-0.00283,-0.002122,0.0003518,-0.0028311,-0.0021229,0.0003211
-0.002278,-0.002565,0.0003528,-0.0022789,-0.002566,0.0003221
-0.001233,-0.003185,0.0002768,-0.0012335,-0.0031863,0.0002463
-0.000636,0.002037,0.0219438,-0.000636,0.002037,0.0218838
0.000735,0.002307,0.0217658,0.000735,0.002307,0.0217058
0.000384,0.003091,0.0232708,0.000384,0.003091,0.0232108
0.000417,0.002329,0.0232178,0.000417,0.002329,0.0231578
0.000695,0.000508,0.0221808,0.000695,0.000508,0.0221208
0.00081,-0.000638,0.0220388,0.00081,-0.000638,0.0219788
0.000699,0.002042,0.0206748,0.000699,0.002042,0.0206148
-0.000436,0.003241,0.0230268,-0.000436,0.003241,0.0229668
0.00043,0.003203,0.0223228,0.00043,0.003203,0.0222628
-0.000455,0.002258,0.0232098,-0.000455,0.002258,0.0231498
-0.000247,0.002344,0.0223228,-0.000247,0.002344,0.0222628
-0.000594,0.000651,0.0219978,-0.000594,0.000651,0.0219378
-0.000559,0.002,0.0206808,-0.000559,0.002,0.0206208
-0.000534,0.002204,0.0192508,-0.000534,0.002204,0.0191908
-0.000279,0.003205,0.0223818,-0.000279,0.003205,0.0223218
-0.001248,0.002348,0.0230718,-0.001248,0.002348,0.0230118
0.000276,0.003459,0.0231748,0.000276,0.003459,0.0231148
0.002023,0.002278,0.0232628,0.002023,0.002278,0.0232028
0.002375,0.000828,0.0220398,0.002375,0.000828,0.0219798
0.001121,0.002363,0.0230798,0.001121,0.002363,0.0230198
0.000422,0.001677,0.0231968,0.000422,0.001677,0.0231368
0.000298,0.000819,0.0232118,0.000298,0.000819,0.0231518
0.00103,0.000462,0.0203958,0.00103,0.000462,0.0203358
0.000573,0.002367,0.0223778,0.000573,0.002367,0.0223178
0.000556,0.003044,0.0217238,0.000556,0.003044,0.0216638
-0.000175,0.001448,0.0232608,-0.000175,0.001448,0.0232008
-0.00029,0.003336,0.0215428,-0.00029,0.003336,0.0214828
-0.000147,0.003401,0.0231908,-0.000147,0.003401,0.0231308
-0.001792,0.002576,0.0223808,-0.001792,0.002576,0.0223208
-0.001989,0.00065,0.0219638,-0.001989,0.00065,0.0219038
-0.000928,0.002698,0.0224748,-0.000928,0.002698,0.0224148
-0.000351,0.001684,0.0222928,-0.000351,0.001684,0.0222328
-0.000274,0.001,0.0224198,-0.000274,0.001,0.0223598
-0.000638,-0.000908,0.0219988,-0.000638,-0.000908,0.0219388
-0.000589,0.000395,0.0203368,-0.000589,0.000395,0.0202768
-0.000284,0.002504,0.0217208,-0.000284,0.002504,0.0216608
-0.000272,0.002656,0.0209308,-0.000272,0.002656,0.0208708
0.000654,0.00187,0.0192098,0.000654,0.00187,0.0191498
-0.000171,0.003218,0.0207668,-0.000171,0.003218,0.0207068
0.001068,0.003391,0.0230048,0.001068,0.003391,0.0229448
0.00099,0.001478,0.0231818,0.00099,0.001478,0.0231218
0.001085,0.002548,0.0222648,0.001085,0.002548,0.0222048
0.000618,0.003343,0.0231628,0.000618,0.003343,0.0231028
0.001846,0.001752,0.0232178,0.001846,0.001752,0.0231578
0.001776,0.0009,0.0229958,0.001776,0.0009,0.0229358
0.002238,-0.000414,0.0220848,0.002238,-0.000414,0.0220248
0.002375,0.000771,0.0206468,0.002375,0.000771,0.0205868
0.002037,0.002333,0.0223098,0.002037,0.002333,0.0222498
0.00122,0.001608,0.0223948,0.00122,0.001608,0.0223348
0.001425,0.002559,0.0215988,0.001425,0.002559,0.0215388
0.001438,0.002911,0.0231698,0.001438,0.002911,0.0231098
0.001361,0.002445,0.0232268,0.001361,0.002445,0.0231668
0.002689,0.00171,0.0232178,0.002689,0.00171,0.0231578
0.002044,0.001651,0.0221848,0.002044,0.001651,0.0221248
0.001989,0.002369,0.0215218,0.001989,0.002369,0.0214618
0.002023,0.002423,0.0208048,0.002023,0.002423,0.0207448
0.001069,0.001075,0.0232238,0.001069,0.001075,0.0231638
0.00181,0.003005,0.0231988,0.00181,0.003005,0.0231388
0.002453,0.001108,0.0231828,0.002453,0.001108,0.0231228
0.002523,0.001676,0.0224338,0.002523,0.001676,0.0223738
0.002152,0.002669,0.0231858,0.002152,0.002669,0.0231258
0.002631,0.000208,0.0231178,0.002631,0.000208,0.0230578
0.002534,0.00098,0.0223418,0.002534,0.00098,0.0222818
0.00278,0.001713,0.0216418,0.00278,0.001713,0.0215818
0.003326,0.000211,0.0230538,0.003326,0.000211,0.0229938
0.002505,0.002337,0.0232138,0.002505,0.002337,0.0231538
0.002807,0.002067,0.0231798,0.002807,0.002067,0.0231198
0.002342,-0.000808,0.0204428,0.002342,-0.000808,0.0203828
0.003412,0.000154,0.0223558,0.003412,0.000154,0.0222958
0.002034,0.000796,0.0189538,0.002034,0.000796,0.0188938
0.002018,9.3e-05,0.0232498,0.002018,9.3e-05,0.0231898
0.001931,0.000691,0.0225148,0.001931,0.000691,0.0224548
0.002558,-0.000512,0.0229808,0.002558,-0.000512,0.0229208
0.002786,0.000213,0.0223498,0.002786,0.000213,0.0222898
0.002592,0.001029,0.0215388,0.002592,0.001029,0.0214788
0.001941,0.001648,0.0216888,0.001941,0.001648,0.0216288
0.002765,0.001715,0.0210698,0.002765,0.001715,0.0210098
0.003282,0.00031,0.0215418,0.003282,0.00031,0.0214818
0.003204,0.001347,0.0232168,0.003204,0.001347,0.0231568
0.001819,-0.000516,0.0229868,0.001819,-0.000516,0.0229268
0.002606,-0.001197,0.0230148,0.002606,-0.001197,0.0229548
0.002499,-0.000459,0.0223328,0.002499,-0.000459,0.0222728
0.000921,-0.000949,0.0202978,0.000921,-0.000949,0.0202378
0.002348,-0.00049,0.0191938,0.002348,-0.00049,0.0191338
0.003505,0.000487,0.0231908,0.003505,0.000487,0.0231308
0.00324,0.000841,0.0232258,0.00324,0.000841,0.0231658
0.001982,0.000326,0.0224608,0.001982,0.000326,0.0224008
0.002634,0.000304,0.0216628,0.002634,0.000304,0.0216028
0.003419,0.000194,0.0208308,0.003419,0.000194,0.0207708
0.003502,6.2e-05,0.0232298,0.003502,6.2e-05,0.0231698
0.003106,0.000107,0.0232028,0.003106,0.000107,0.0231428
0.002817,4e-06,0.0232088,0.002817,4e-06,0.0231488
0.001092,0.000317,0.0231658,0.001092,0.000317,0.0231058
0.001106,-0.000514,0.0230748,0.001106,-0.000514,0.0230148
0.001045,-0.000519,0.0225468,0.001045,-0.000519,0.0224868
0.000849,-0.002246,0.0219958,0.000849,-0.002246,0.0219358
0.001923,-0.001173,0.0230418,0.001923,-0.001173,0.0229818
0.001902,-0.000504,0.0223488,0.001902,-0.000504,0.0222888
0.002567,-0.001207,0.0222618,0.002567,-0.001207,0.0222018
0.00244,-0.000391,0.0218138,0.00244,-0.000391,0.0217538
0.003463,-0.000345,0.0231678,0.003463,-0.000345,0.0231078
0.003481,-7.6e-05,0.0229418,0.003481,-7.6e-05,0.0228818
0.003128,-0.000226,0.0231828,0.003128,-0.000226,0.0231228
0.003579,-0.000389,0.0228458,0.003579,-0.000389,0.0227858
0.001156,-0.001041,0.0230678,0.001156,-0.001041,0.0230078
0.002112,-0.002221,0.0229578,0.002112,-0.002221,0.0228978
0.002101,-0.001366,0.0224958,0.002101,-0.001366,0.0224358
0.002711,-0.001001,0.0216348,0.002711,-0.001001,0.0215748
0.003287,-0.001072,0.0231378,0.003287,-0.001072,0.0230778
0.001132,-0.001827,0.0231128,0.001132,-0.001827,0.0230528
0.001198,-0.001825,0.0224758,0.001198,-0.001825,0.0224158
-0.000465,-0.002122,0.0219738,-0.000465,-0.002122,0.0219138
0.000983,-0.002371,0.0203258,0.000983,-0.002371,0.0202658
0.001921,-0.00196,0.0223878,0.001921,-0.00196,0.0223278
0.002889,-0.00179,0.0231958,0.002889,-0.00179,0.0231358
0.001049,-0.0025,0.0232418,0.001049,-0.0025,0.0231818
0.001339,-0.002661,0.0223678,0.001339,-0.002661,0.0223078
0.000492,-0.002645,0.0231968,0.000492,-0.002645,0.0231368
-0.000558,-0.002151,0.0206048,-0.000558,-0.002151,0.0205448
0.000699,-0.002545,0.0191418,0.000699,-0.002545,0.0190818
0.000393,-0.002855,0.0225038,0.000393,-0.002855,0.0224438
0.001108,-0.00271,0.0217278,0.001108,-0.00271,0.0216678
0.001927,-0.001845,0.0216028,0.001927,-0.001845,0.0215428
-0.000207,-0.002592,0.0232998,-0.000207,-0.002592,0.0232398
0.000278,-0.002032,0.0232108,0.000278,-0.002032,0.0231508
0.001367,-0.00287,0.0232428,0.001367,-0.00287,0.0231828
0.00141,-0.003257,0.0231758,0.00141,-0.003257,0.0231158
0.00108,-0.003205,0.0231228,0.00108,-0.003205,0.0230628
-0.001051,-0.002429,0.0229298,-0.001051,-0.002429,0.0228698
-0.000224,-0.001882,0.0231858,-0.000224,-0.001882,0.0231258
-0.000192,-0.002642,0.0223208,-0.000192,-0.002642,0.0222608
0.000584,-0.001338,0.0232378,0.000584,-0.001338,0.0231778
0.000492,-0.001802,0.0223168,0.000492,-0.001802,0.0222568
0.00042,-0.00281,0.0216868,0.00042,-0.00281,0.0216268
-0.000141,-0.003445,0.0231308,-0.000141,-0.003445,0.0230708
-0.001754,-0.002625,0.0224808,-0.001754,-0.002625,0.0224208
-0.002102,-0.00084,0.0220388,-0.002102,-0.00084,0.0219788
-0.000899,-0.001984,0.0231488,-0.000899,-0.001984,0.0230888
-0.000891,-0.002713,0.0224148,-0.000891,-0.002713,0.0223548
-0.000346,-0.00104,0.0229808,-0.000346,-0.00104,0.0229208
-0.000408,-0.001223,0.0223658,-0.000408,-0.001223,0.0223058
-0.000602,-0.000808,0.0205678,-0.000602,-0.000808,0.0205078
-0.000206,-0.001895,0.0224388,-0.000206,-0.001895,0.0223788
-0.000318,-0.002701,0.0215648,-0.000318,-0.002701,0.0215048
-0.000211,-0.002526,0.0210078,-0.000211,-0.002526,0.0209478
-0.000451,-0.002153,0.0191128,-0.000451,-0.002153,0.0190528
0.000404,-0.003513,0.0231748,0.000404,-0.003513,0.0231148
0.000237,-0.003258,0.0232468,0.000237,-0.003258,0.0231868
0.00049,-0.003478,0.0227788,0.00049,-0.003478,0.0227188
-0.001747,-0.00196,0.0230988,-0.001747,-0.00196,0.0230388
-0.000865,-0.00111,0.0232018,-0.000865,-0.00111,0.0231418
-0.001212,-0.002129,0.0223368,-0.001212,-0.002129,0.0222768
-0.000884,-0.002562,0.0217978,-0.000884,-0.002562,0.0217378
-0.00236,-0.002112,0.0231908,-0.00236,-0.002112,0.0231308
-0.001913,-0.000986,0.0230988,-0.001913,-0.000986,0.0230388
-0.001922,-0.001334,0.0225058,-0.001922,-0.001334,0.0224458
-0.002025,-0.000933,0.0206418,-0.002025,-0.000933,0.0205818
-0.001746,-0.001931,0.0222408,-0.001746,-0.001931,0.0221808
-0.001776,-0.002719,0.0215478,-0.001776,-0.002719,0.0214878
-0.001728,-0.002555,0.0209248,-0.001728,-0.002555,0.0208648
-0.001284,-0.003213,0.0231618,-0.001284,-0.003213,0.0231018
-0.002354,-0.000999,0.0232358,-0.002354,-0.000999,0.0231758
-0.002595,-0.001993,0.0221248,-0.002595,-0.001993,0.0220648
-0.001631,-0.002913,0.0231818,-0.001631,-0.002913,0.0231218
-0.002642,-0.000629,0.0231848,-0.002642,-0.000629,0.0231248
-0.00248,-0.001182,0.0224458,-0.00248,-0.001182,0.0223858
-0.002475,-0.001903,0.0217098,-0.002475,-0.001903,0.0216498
-0.002323,-0.002544,0.0231678,-0.002323,-0.002544,0.0231078
-0.001963,-0.00212,0.0216698,-0.001963,-0.00212,0.0216098
-0.003234,-0.000414,0.0230248,-0.003234,-0.000414,0.0229648
-0.002786,-0.00216,0.0231218,-0.002786,-0.00216,0.0230618
-0.003196,0.000287,0.0230588,-0.003196,0.000287,0.0229988
-0.003277,0.000166,0.0222738,-0.003277,0.000166,0.0222138
-0.001947,0.000718,0.0206008,-0.001947,0.000718,0.0205408
-0.003213,-0.000389,0.0222998,-0.003213,-0.000389,0.0222398
-0.002107,-0.000874,0.0191288,-0.002107,-0.000874,0.0190688
-0.002547,-0.000532,0.0223908,-0.002547,-0.000532,0.0223308
-0.002576,-0.001183,0.0215478,-0.002576,-0.001183,0.0214878
-0.002614,-0.001962,0.0207858,-0.002614,-0.001962,0.0207258
-0.002749,-0.001844,0.0232228,-0.002749,-0.001844,0.0231628
-0.002839,-0.001492,0.0231438,-0.002839,-0.001492,0.0230838
-0.001638,-0.000464,0.0230398,-0.001638,-0.000464,0.0229798
-0.002413,0.00018,0.0231268,-0.002413,0.00018,0.0230668
-0.003217,-0.000462,0.0216448,-0.003217,-0.000462,0.0215848
-0.001816,0.000355,0.0231898,-0.001816,0.000355,0.0231298
-0.002477,0.00097,0.0230928,-0.002477,0.00097,0.0230328
-0.002401,0.000307,0.0224598,-0.002401,0.000307,0.0223998
-0.003264,0.000269,0.0216788,-0.003264,0.000269,0.0216188
-0.003247,0.000415,0.0209748,-0.003247,0.000415,0.0209148
-0.001961,0.000656,0.0190748,-0.001961,0.000656,0.0190148
-0.003435,-0.000693,0.0232058,-0.003435,-0.000693,0.0231458
-0.001775,-0.000474,0.0222728,-0.001775,-0.000474,0.0222128
-0.00244,-0.000493,0.0216678,-0.00244,-0.000493,0.0216078
-0.003399,-0.000583,0.0209088,-0.003399,-0.000583,0.0208488
-0.003506,-0.000274,0.0231628,-0.003506,-0.000274,0.0231028
-0.003416,5.8e-05,0.0231728,-0.003416,5.8e-05,0.0231128
-0.001842,0.000472,0.0225648,-0.001842,0.000472,0.0225048
-0.002437,0.001136,0.0223288,-0.002437,0.001136,0.0222688
-0.002454,0.000468,0.0217848,-0.002454,0.000468,0.0217248
-0.00345,0.000438,0.0231598,-0.00345,0.000438,0.0230998
-0.003365,0.000844,0.0231608,-0.003365,0.000844,0.0231008
-0.001702,0.000928,0.0229568,-0.001702,0.000928,0.0228968
-0.002521,0.001687,0.0230328,-0.002521,0.001687,0.0229728
-0.001797,0.000892,0.0225118,-0.001797,0.000892,0.0224518
-0.002572,0.001845,0.0222968,-0.002572,0.001845,0.0222368
-0.002576,0.001056,0.0214358,-0.002576,0.001056,0.0213758
-0.000962,0.000807,0.0231738,-0.000962,0.000807,0.0231138
-0.001779,0.001744,0.0232348,-0.001779,0.001744,0.0231748
-0.003089,0.001199,0.0231838,-0.003089,0.001199,0.0231238
-0.003133,0.001582,0.0231938,-0.003133,0.001582,0.0231338
-0.000938,0.001669,0.0230728,-0.000938,0.001669,0.0230128
-0.001799,0.002461,0.0231748,-0.001799,0.002461,0.0231148
-0.001815,0.001869,0.0222378,-0.001815,0.001869,0.0221778
-0.002586,0.001916,0.0215508,-0.002586,0.001916,0.0214908
-0.002691,0.001771,0.0208128,-0.002691,0.001771,0.0207528
-0.002845,0.001897,0.0232208,-0.002845,0.001897,0.0231608
-0.001858,0.002462,0.0216968,-0.001858,0.002462,0.0216368
-0.001674,0.00302,0.0231708,-0.001674,0.00302,0.0231108
-0.000974,0.001868,0.0224828,-0.000974,0.001868,0.0224228
-0.001001,0.002458,0.0216608,-0.001001,0.002458,0.0216008
-0.00051,0.003478,0.0232288,-0.00051,0.003478,0.0231688
-0.00082,0.0034,0.0231408,-0.00082,0.0034,0.0230808
0.00254,-0.002172,0.0003028,0.002541,-0.0021728,0.0002723
0.003592,-2e-06,0.0002338,0.0035934,-2e-06,0.0002035
0.003092,5.7e-05,0.0003138,0.0030931,5.7e-05,0.0002833
0.003571,0.000318,0.0002488,0.0035725,0.0003181,0.0002184
0.003104,0.000402,0.0002808,0.0031051,0.0004021,0.0002504
0.0035,0.000464,0.0007078,0.0035014,0.0004642,0.0006762
0.002947,0.000752,0.0003178,0.0029481,0.0007523,0.0002873
0.002869,0.001986,0.0003548,0.0028702,0.0019868,0.0003241
0.00252,0.002345,0.0003398,0.002521,0.0023459,0.0003092
-0.002068,0.002722,0.0003258,-0.0020688,0.0027231,0.0002952
-0.002178,0.00264,0.0006778,-0.0021788,0.002641,0.0006463
-0.001677,0.002429,0.0022158,-0.0016777,0.00243,0.0021807
-0.002813,0.001949,0.0003478,-0.0028141,0.0019497,0.0003172
-0.003147,-0.001302,0.0002798,-0.0031482,-0.0013026,0.0002494
-0.000793,-0.00312,0.0002828,-0.0007933,-0.0031211,0.0002524
-0.000459,-0.003214,0.0003308,-0.0004591,-0.0032152,0.0003003
0.003216,0.000465,0.0230898,0.003216,0.000465,0.0230298
0.003556,0.000293,0.0228838,0.003556,0.000293,0.0228238
0.00346,-0.000696,0.0232288,0.00346,-0.000696,0.0231688
0.003149,-0.000568,0.0232198,0.003149,-0.000568,0.0231598
0.002417,-0.002068,0.0231908,0.002417,-0.002068,0.0231308
0.002067,-0.002103,0.0232658,0.002067,-0.002103,0.0232058
0.001775,-0.002896,0.0231628,0.001775,-0.002896,0.0231028
0.000676,-0.00322,0.0231688,0.000676,-0.00322,0.0231088
6.8e-05,-0.003566,0.0232648,6.8e-05,-0.003566,0.0232048
-2.7e-05,-0.003144,0.0231568,-2.7e-05,-0.003144,0.0230968
-0.000137,-0.003596,0.0228468,-0.000137,-0.003596,0.0227868
-0.000431,-0.00352,0.0232388,-0.000431,-0.00352,0.0231788
-0.000414,-0.003128,0.0231678,-0.000414,-0.003128,0.0231078
-0.000852,-0.003382,0.0231948,-0.000852,-0.003382,0.0231348
-0.003129,-0.001015,0.0231758,-0.003129,-0.001015,0.0231158
-0.002038,0.002734,0.0231128,-0.002038,0.002734,0.0230528
-0.001184,0.003335,0.0231868,-0.001184,0.003335,0.0231268
-0.000878,0.002989,0.0231338,-0.000878,0.002989,0.0230738
-0.000817,0.003501,0.0228278,-0.000817,0.003501,0.0227678
-0.001241,0.003,0.0232028,-0.001241,0.003,0.0231428
0.001453,-0.003205,0.0006748,0.0014536,-0.0032063,0.0006433
0.000844,-0.003175,0.0006218,0.0008443,-0.0031762,0.0005905
-0.000341,-0.002011,0.0015388,-0.0003411,-0.0020117,0.0015057
-0.000246,-0.001236,0.0015708,-0.0002461,-0.0012364,0.0015378
-0.000402,-0.002777,0.0023428,-0.0004022,-0.0027781,0.0023074
-0.000412,-0.002741,0.0028928,-0.0004122,-0.0027423,0.0028561
-0.000487,-0.0023,0.0047688,-0.0004873,-0.0023016,0.0047276
-0.000521,-0.003291,0.0009018,-0.0005212,-0.0032923,0.0008698
-0.000438,-0.002802,0.0008078,-0.0004381,-0.002803,0.0007761
-0.000418,-0.001041,0.0007108,-0.0004181,-0.0010413,0.0006796
-0.000941,-0.001246,0.0008528,-0.0009413,-0.0012464,0.0008213
-0.000926,-0.002089,0.0015458,-0.0009263,-0.0020897,0.0015125
-0.001027,-0.002605,0.0023598,-0.0010274,-0.0026061,0.0023244
0.00013,0.003425,0.0228528,0.00013,0.003425,0.0227928
0.000214,0.003523,0.0224768,0.000214,0.003523,0.0224168
0.000508,0.001721,0.0222948,0.000508,0.001721,0.0222348
0.00037,0.002483,0.0215318,0.00037,0.002483,0.0214718
0.000264,0.003038,0.0210588,0.000264,0.003038,0.0209988
-0.000172,0.003468,0.0227648,-0.000172,0.003468,0.0227048
-8.3e-05,-0.003073,0.0003108,-8.3e-05,-0.0030741,0.0002803
-0.000498,0.003502,0.0228778,-0.000498,0.003502,0.0228178
0.001971,-0.002384,0.0005738,0.0019717,-0.0023849,0.0005426
0.002177,-0.002177,0.0007388,0.0021778,-0.0021778,0.0007073
0.001989,-0.002024,0.0022208,0.0019898,-0.0020248,0.0021857
0.0025,-0.00215,0.0006738,0.002501,-0.0021508,0.0006424
0.002814,-0.001995,0.0005868,0.0028151,-0.0019958,0.0005556
0.003164,-0.001636,0.0005788,0.0031653,-0.0016367,0.0005476
0.002903,-0.001421,0.0006528,0.0029041,-0.0014216,0.0006215
0.003311,-0.000923,0.0006968,0.0033123,-0.0009234,0.0006653
0.003259,-0.001352,0.0009548,0.0032604,-0.0013526,0.0009226
0.003164,-0.000628,0.0006168,0.0031652,-0.0006282,0.0005855
0.002848,-0.000699,0.0006248,0.002849,-0.0006993,0.0005935
0.001055,-0.000456,0.0008668,0.0010553,-0.0004562,0.0008352
0.001921,-0.00041,0.0014938,0.0019217,-0.0004102,0.0014608
0.0026,-0.000423,0.0021598,0.002601,-0.0004232,0.0021249
0.003144,-0.000335,0.0005908,0.0031452,-0.0003352,0.0005596
0.003406,-0.000398,0.0009318,0.0034074,-0.0003982,0.0008997
0.001917,0.000197,0.0016068,0.0019176,0.0001971,0.0015736
0.002705,0.000234,0.0023188,0.0027061,0.0002341,0.0022835
0.003379,0.000124,0.0030168,0.0033807,0.0001241,0.0029793
0.003116,0.000363,0.0006488,0.0031172,0.0003631,0.0006175
0.002946,-5.2e-05,0.0006068,0.0029471,-5.2e-05,0.0005756
0.000896,0.00037,0.0007558,0.0008963,0.0003701,0.0007245
0.003542,-2.1e-05,0.0010848,0.0035435,-2.1e-05,0.0010523
0.0035,0.000384,0.0010378,0.0035015,0.0003841,0.0010054
0.003345,0.000785,0.0006648,0.0033463,0.0007853,0.0006334
0.003225,0.0014,0.0005698,0.0032263,0.0014006,0.0005386
0.00286,0.002074,0.0007048,0.0028611,0.0020748,0.0006732
0.002503,0.00235,0.0006948,0.002504,0.0023509,0.0006633
0.002059,0.00169,0.0022568,0.0020598,0.0016907,0.0022217
0.002155,0.00273,0.0006648,0.0021559,0.0027311,0.0006334
0.001196,0.00251,0.0023888,0.0011965,0.0025111,0.0023533
0.002038,0.002385,0.0029308,0.002039,0.0023862,0.0028937
0.00108,0.003386,0.0006818,0.0010804,0.0033874,0.0006503
0.00139,0.003191,0.0006528,0.0013905,0.0031923,0.0006214
0.001318,0.002711,0.0006538,0.0013185,0.002712,0.0006225
0.000733,0.003405,0.0007208,0.0007333,0.0034064,0.0006892
0.000958,0.002973,0.0006138,0.0009584,0.0029741,0.0005826
0.001076,0.0034,0.0010358,0.0010765,0.0034014,0.0010034
0.000301,0.003491,0.0007038,0.0003011,0.0034924,0.0006723
0.00046,0.001757,0.0015948,0.0004602,0.0017576,0.0015616
0.000395,0.002364,0.0024748,0.0003952,0.002365,0.0024393
0.000512,0.00328,0.0029318,0.0005123,0.0032817,0.0028946
-0.00012,0.003447,0.0006738,-0.00012,0.0034484,0.0006423
-0.000588,0.003458,0.0006608,-0.0005882,0.0034594,0.0006294
-0.001134,0.001926,0.0016268,-0.0011344,0.0019267,0.0015934
-0.001107,0.001101,0.0014788,-0.0011074,0.0011014,0.0014459
-0.001017,0.002579,0.0022808,-0.0010174,0.00258,0.0022456
-0.00118,0.002421,0.0028948,-0.0011805,0.0024221,0.0028581
-0.000503,0.001998,0.0047068,-0.0005034,0.0019994,0.0046661
-0.000873,0.003402,0.0008988,-0.0008734,0.0034034,0.0008668
-0.001856,0.002946,0.0006428,-0.0018567,0.0029472,0.0006114
-0.001464,0.003164,0.0006498,-0.0014646,0.0031653,0.0006184
-0.001281,0.002753,0.0005958,-0.0012815,0.002754,0.0005646
-0.001057,0.001057,0.0007778,-0.0010574,0.0010574,0.0007464
-0.002435,0.002426,0.0006698,-0.002436,0.002427,0.0006384
-0.001701,0.001004,0.0017138,-0.0017016,0.0010043,0.0016803
-0.001654,0.00175,0.0022328,-0.0016546,0.0017507,0.0021979
-0.001801,0.002569,0.0030338,-0.0018019,0.0025703,0.0029964
-0.002788,0.001944,0.0007178,-0.0027891,0.0019448,0.0006862
-0.003073,0.001726,0.0006898,-0.0030742,0.0017267,0.0006583
-0.002563,0.000942,0.0021848,-0.002564,0.0009424,0.0021498
-0.002525,0.00181,0.0030188,-0.0025262,0.0018109,0.0029815
-0.002783,0.001544,0.0007158,-0.002784,0.0015445,0.0006843
-0.002692,0.001275,0.0006238,-0.002693,0.0012754,0.0005925
-0.003146,0.001387,0.0006588,-0.0031473,0.0013876,0.0006274
-0.003115,0.001741,0.0010908,-0.0031163,0.0017417,0.0010582
-0.003515,0.000705,0.0006278,-0.0035165,0.0007053,0.0005964
-0.002983,0.000805,0.0008358,-0.0029841,0.0008053,0.000804
-0.003485,0.000371,0.0007198,-0.0034864,0.0003711,0.0006883
-0.00343,0.000738,0.0009778,-0.0034314,0.0007383,0.0009456
-0.003563,9e-05,0.0005688,-0.0035645,9e-05,0.0005376
-0.003274,-8.8e-05,0.0005928,-0.0032753,-8.8e-05,0.0005616
-0.002913,5.5e-05,0.0006758,-0.0029141,5.5e-05,0.0006444
-0.002485,0.000247,0.0007108,-0.0024858,0.0002471,0.0006794
-0.001056,0.000203,0.0007408,-0.0010563,0.0002031,0.0007095
-0.001905,0.000114,0.0015528,-0.0019057,0.0001141,0.0015197
-0.002511,0.000215,0.0022408,-0.002512,0.0002151,0.0022058
-0.000956,-0.000456,0.0009548,-0.0009563,-0.0004561,0.0009231
-0.001778,-0.000512,0.0017118,-0.0017786,-0.0005122,0.0016784
-0.002504,-0.000451,0.0023268,-0.002505,-0.0004512,0.0022916
-0.003523,0.000114,0.0012738,-0.0035245,0.000114,0.0012408
-0.003233,0.000279,0.0032228,-0.0032347,0.0002792,0.0031848
-0.003588,-0.000201,0.0005508,-0.0035895,-0.0002011,0.0005196
-0.003069,-0.000267,0.0006988,-0.0030702,-0.0002671,0.0006673
-0.003373,-0.000618,0.0007748,-0.0033744,-0.0006183,0.0007431
-0.00353,-0.000431,0.0010098,-0.0035315,-0.0004312,0.0009774
-0.001755,-0.001299,0.0014478,-0.0017556,-0.0012995,0.0014148
-0.002395,-0.001135,0.0023488,-0.002396,-0.0011354,0.0023135
-0.003172,-0.001025,0.0007878,-0.0031732,-0.0010254,0.0007561
-0.002718,-0.001024,0.0006708,-0.002719,-0.0010244,0.0006395
-0.003128,-0.001483,0.0005958,-0.0031293,-0.0014836,0.0005646
-0.002939,-0.001742,0.0007068,-0.0029402,-0.0017427,0.0006753
-0.001704,-0.00207,0.0021998,-0.0017047,-0.0020708,0.0021649
-0.002501,-0.002221,0.0029118,-0.0025022,-0.0022221,0.0028746
-0.002879,-0.002087,0.0006898,-0.0028802,-0.0020878,0.0006583
-0.002312,-0.002625,0.0006928,-0.0023129,-0.0026261,0.0006613
-0.001984,-0.002623,0.0006038,-0.0019848,-0.002624,0.0005726
-0.001945,-0.00184,0.0006498,-0.0019456,-0.0018407,0.0006185
-0.002192,-0.00219,0.0005888,-0.0021928,-0.0021909,0.0005576
-0.002267,-0.002308,0.0009608,-0.0022679,-0.0023089,0.0009287
-0.001175,-0.003042,0.0007278,-0.0011754,-0.0030432,0.0006962
-0.001671,-0.002756,0.0006438,-0.0016717,-0.002757,0.0006125
-0.000684,-0.003035,0.0006018,-0.0006842,-0.0030361,0.0005706
0.000481,0.003365,0.0227958,0.000481,0.003365,0.0227358
0.001798,0.002959,0.0228528,0.001798,0.002959,0.0227928
0.002199,0.002689,0.0228268,0.002199,0.002689,0.0227668
0.00218,0.002724,0.0224638,0.00218,0.002724,0.0224038
0.002554,0.002307,0.0227688,0.002554,0.002307,0.0227088
0.002893,0.001983,0.0228108,0.002893,0.001983,0.0227508
0.003086,0.001544,0.0228308,0.003086,0.001544,0.0227708
0.00329,0.001142,0.0229398,0.00329,0.001142,0.0228798
0.002952,0.001082,0.0227798,0.002952,0.001082,0.0227198
0.002878,0.001231,0.0225198,0.002878,0.001231,0.0224598
0.001071,0.001094,0.0225008,0.001071,0.001094,0.0224408
0.001885,0.000879,0.0215698,0.001885,0.000879,0.0215098
0.002592,0.00097,0.0208508,0.002592,0.00097,0.0207908
0.003134,0.000788,0.0228038,0.003134,0.000788,0.0227438
0.003308,0.001217,0.0224948,0.003308,0.001217,0.0224348
0.003537,0.000427,0.0225048,0.003537,0.000427,0.0224448
0.003124,-2.8e-05,0.0228838,0.003124,-2.8e-05,0.0228238
0.003515,-2.3e-05,0.0225728,0.003515,-2.3e-05,0.0225128
0.0033,-0.000418,0.0227418,0.0033,-0.000418,0.0226818
0.003547,-0.000384,0.0225118,0.003547,-0.000384,0.0224518
0.003315,-0.000733,0.0228908,0.003315,-0.000733,0.0228308
0.002963,-0.001049,0.0228058,0.002963,-0.001049,0.0227458
0.003215,-0.001427,0.0227678,0.003215,-0.001427,0.0227078
0.003005,-0.001765,0.0228458,0.003005,-0.001765,0.0227858
0.002887,-0.001375,0.0229398,0.002887,-0.001375,0.0228798
0.002924,-0.00134,0.0224648,0.002924,-0.00134,0.0224048
0.001079,-0.001023,0.0222178,0.001079,-0.001023,0.0221578
0.001937,-0.001261,0.0215968,0.001937,-0.001261,0.0215368
0.002561,-0.001241,0.0209018,0.002561,-0.001241,0.0208418
0.003309,-0.001181,0.0224138,0.003309,-0.001181,0.0223538
0.002547,-0.002343,0.0228538,0.002547,-0.002343,0.0227938
0.001773,-0.002955,0.0227678,0.001773,-0.002955,0.0227078
0.001389,-0.003182,0.0227808,0.001389,-0.003182,0.0227208
0.001433,-0.002868,0.0226028,0.001433,-0.002868,0.0225428
0.00108,-0.001799,0.0217308,0.00108,-0.001799,0.0216708
0.001346,-0.002595,0.0210018,0.001346,-0.002595,0.0209418
0.001318,-0.003324,0.0224348,0.001318,-0.003324,0.0223748
0.000841,-0.003114,0.0227978,0.000841,-0.003114,0.0227378
-9.3e-05,-0.003563,0.0225798,-9.3e-05,-0.003563,0.0225198
0.000156,-0.003519,0.0229398,0.000156,-0.003519,0.0228798
0.00031,-0.003218,0.0229508,0.00031,-0.003218,0.0228908
0.000239,-0.003574,0.0224738,0.000239,-0.003574,0.0224138
-0.000983,-0.003062,0.0230018,-0.000983,-0.003062,0.0229418
-0.001047,-0.003366,0.0227368,-0.001047,-0.003366,0.0226768
-0.002472,-0.002527,0.0227938,-0.002472,-0.002527,0.0227338
-0.002729,-0.002214,0.0226468,-0.002729,-0.002214,0.0225868
-0.002967,-0.001853,0.0228018,-0.002967,-0.001853,0.0227418
-0.003216,-0.001451,0.0230128,-0.003216,-0.001451,0.0229528
-0.003341,-0.000915,0.0227758,-0.003341,-0.000915,0.0227158
-0.003499,-0.000547,0.0228688,-0.003499,-0.000547,0.0228088
-0.003184,-0.000633,0.0228828,-0.003184,-0.000633,0.0228228
-0.002888,-0.000801,0.0228448,-0.002888,-0.000801,0.0227848
-0.00099,-0.000615,0.0229468,-0.00099,-0.000615,0.0228868
-0.001023,-0.000508,0.0223688,-0.001023,-0.000508,0.0223088
-0.001812,-0.000415,0.0216858,-0.001812,-0.000415,0.0216258
-0.00247,-0.000491,0.0208468,-0.00247,-0.000491,0.0207868
-0.003523,-0.000174,0.0228058,-0.003523,-0.000174,0.0227458
-0.003539,-0.0007,0.0224708,-0.003539,-0.0007,0.0224108
-0.002884,-0.000379,0.0228188,-0.002884,-0.000379,0.0227588
-0.003464,0.000247,0.0227848,-0.003464,0.000247,0.0227248
-0.003557,-0.000289,0.0224268,-0.003557,-0.000289,0.0223668
-0.003533,0.000563,0.0227918,-0.003533,0.000563,0.0227318
-0.003503,0.000854,0.0228328,-0.003503,0.000854,0.0227728
-0.00289,0.001051,0.0227378,-0.00289,0.001051,0.0226778
-0.003218,0.000641,0.0227918,-0.003218,0.000641,0.0227318
-0.003475,0.000827,0.0224808,-0.003475,0.000827,0.0224208
-0.00313,0.001493,0.0228468,-0.00313,0.001493,0.0227868
-0.002872,0.001893,0.0228548,-0.002872,0.001893,0.0227948
-0.002807,0.002075,0.0225088,-0.002807,0.002075,0.0224488
-0.001799,0.001741,0.0216908,-0.001799,0.001741,0.0216308
-0.002766,0.001497,0.0227548,-0.002766,0.001497,0.0226948
-0.003076,0.001718,0.0225168,-0.003076,0.001718,0.0224568
-0.002108,0.002783,0.0224808,-0.002108,0.002783,0.0224208
-0.001834,0.002561,0.0208728,-0.001834,0.002561,0.0208128
-0.002452,0.002494,0.0230658,-0.002452,0.002494,0.0230058
-0.001462,0.003204,0.0228708,-0.001462,0.003204,0.0228108
-0.001081,0.003325,0.0227998,-0.001081,0.003325,0.0227398
0.000663,-0.003392,0.0009078,0.0006633,-0.0033934,0.0008758
0.000845,-0.002724,0.0006918,0.0008453,-0.002725,0.0006604
0.000498,-0.001241,0.0008778,0.0004982,-0.0012414,0.0008463
0.000357,-0.001858,0.0014608,0.0003571,-0.0018586,0.0014279
0.000573,-0.002606,0.0022998,0.0005732,-0.0026071,0.0022646
0.000301,-0.003285,0.0006668,0.0003011,-0.0032863,0.0006354
0.000267,-0.003522,0.0009528,0.0002671,-0.0035234,0.0009206
-0.000899,-0.003367,0.0009358,-0.0008994,-0.0033684,0.0009037
-0.000232,-0.003114,0.0007108,-0.0002321,-0.0031152,0.0006793
-0.000129,-0.003531,0.0009218,-0.0001291,-0.0035325,0.0008897
0.002367,-0.002002,0.0011258,0.0023679,-0.0020028,0.0010933
0.002959,-0.001897,0.0009058,0.0029602,-0.0018978,0.0008737
0.003307,-0.00106,0.0009258,0.0033084,-0.0010604,0.0008936
0.003064,-0.000732,0.0009628,0.0030651,-0.0007323,0.0009307
0.003141,0.000179,0.0010468,0.0031422,0.0001791,0.0010145
0.003539,0.000145,0.0013828,0.0035405,0.0001451,0.0013495
0.003124,0.000628,0.0010128,0.0031252,0.0006282,0.0009806
0.003525,0.000547,0.0014258,0.0035265,0.0005472,0.0013923
0.003211,0.001126,0.0009238,0.0032123,0.0011264,0.0008917
0.003037,0.001885,0.0010478,0.0030383,0.0018858,0.0010154
0.002468,0.002466,0.0010718,0.002469,0.002467,0.0010393
0.00224,0.002745,0.0010418,0.0022409,0.0027461,0.0010094
0.001543,0.003095,0.0009708,0.0015436,0.0030963,0.0009386
0.000244,0.003515,0.0010128,0.0002441,0.0035165,0.0009805
-9.2e-05,0.003524,0.0009978,-9.2e-05,0.0035255,0.0009655
-0.000146,0.003534,0.0013788,-0.0001461,0.0035355,0.0013455
-0.000349,0.001658,0.0015158,-0.0003491,0.0016586,0.0014829
-0.000213,0.00257,0.0022638,-0.0002131,0.002571,0.0022287
-0.000351,0.003356,0.0030528,-0.0003512,0.0033577,0.0030152
-0.000438,0.003475,0.0010328,-0.0004382,0.0034764,0.0010004
-0.001748,0.003085,0.0009518,-0.0017487,0.0030863,0.0009196
-0.002131,0.002793,0.0010188,-0.0021319,0.0027942,0.0009864
-0.002869,0.002039,0.0010228,-0.0028702,0.0020399,0.0009904
-0.003548,0.000358,0.0010298,-0.0035495,0.0003582,0.0009974
-0.00347,-0.000823,0.0009398,-0.0034714,-0.0008233,0.0009077
-0.003163,-0.0014,0.0009638,-0.0031643,-0.0014006,0.0009316
-0.00277,-0.002159,0.0011178,-0.0027712,-0.0021599,0.0010852
-0.00132,-0.003285,0.0009408,-0.0013205,-0.0032864,0.0009086
0.000598,0.00349,0.0224668,0.000598,0.00349,0.0224068
0.000685,0.001788,0.0217698,0.000685,0.001788,0.0217098
0.000594,0.002419,0.0209078,0.000594,0.002419,0.0208478
0.000444,0.003232,0.0201038,0.000444,0.003232,0.0200438
0.001772,0.003062,0.0224928,0.001772,0.003062,0.0224328
0.002552,0.002519,0.0224488,0.002552,0.002519,0.0223888
0.001025,0.001935,0.0218468,0.001025,0.001935,0.0217868
0.000942,0.002497,0.0209478,0.000942,0.002497,0.0208878
0.001921,0.001714,0.0209558,0.001921,0.001714,0.0208958
0.0021,0.002397,0.0203678,0.0021,0.002397,0.0203078
0.003028,0.001882,0.0224608,0.003028,0.001882,0.0224008
0.00339,0.000839,0.0223818,0.00339,0.000839,0.0223218
0.00175,0.000177,0.0215948,0.00175,0.000177,0.0215348
0.002661,0.000157,0.0208578,0.002661,0.000157,0.0207978
0.003523,0.000185,0.0202458,0.003523,0.000185,0.0201858
0.003196,0.000485,0.0225848,0.003196,0.000485,0.0225248
0.002812,0.000401,0.0226398,0.002812,0.000401,0.0225798
0.001055,0.000132,0.0224898,0.001055,0.000132,0.0224298
0.003523,0.000494,0.0221578,0.003523,0.000494,0.0220978
0.003128,5.1e-05,0.0225478,0.003128,5.1e-05,0.0224878
0.003511,7.7e-05,0.0219338,0.003511,7.7e-05,0.0218738
0.001827,-0.00046,0.0215488,0.001827,-0.00046,0.0214888
0.00275,-0.00043,0.0208988,0.00275,-0.00043,0.0208388
0.003145,-0.000761,0.0225208,0.003145,-0.000761,0.0224608
0.002764,-0.000593,0.0224258,0.002764,-0.000593,0.0223658
0.003039,-0.001894,0.0224678,0.003039,-0.001894,0.0224078
0.001612,-0.003065,0.0223828,0.001612,-0.003065,0.0223228
0.000851,-0.000663,0.0190838,0.000851,-0.000663,0.0190238
0.001027,-0.002326,0.0174718,0.001027,-0.002326,0.0174118
0.0005,-0.001986,0.0215328,0.0005,-0.001986,0.0214728
0.000404,-0.002762,0.0209538,0.000404,-0.002762,0.0208938
0.000951,-0.003131,0.0224528,0.000951,-0.003131,0.0223928
0.000332,-0.003228,0.0225438,0.000332,-0.003228,0.0224838
0.00039,-0.001112,0.0223568,0.00039,-0.001112,0.0222968
-0.000444,-0.001978,0.0215968,-0.000444,-0.001978,0.0215368
0.000199,-0.003519,0.0220538,0.000199,-0.003519,0.0219938
-0.000157,-0.003219,0.0225138,-0.000157,-0.003219,0.0224538
-0.000224,-0.003492,0.0220278,-0.000224,-0.003492,0.0219678
-0.000513,-0.003171,0.0225688,-0.000513,-0.003171,0.0225088
-0.001004,-0.002101,0.0215078,-0.001004,-0.002101,0.0214478
-0.000968,-0.002671,0.0209218,-0.000968,-0.002671,0.0208618
-0.00085,-0.00303,0.0224928,-0.00085,-0.00303,0.0224328
-0.001134,-0.001263,0.0222998,-0.001134,-0.001263,0.0222398
-0.001186,-0.003093,0.0224148,-0.001186,-0.003093,0.0223548
-0.002107,-0.002877,0.0224318,-0.002107,-0.002877,0.0223718
-0.002307,-0.002217,0.0224008,-0.002307,-0.002217,0.0223408
-0.003202,-0.001307,0.0225998,-0.003202,-0.001307,0.0225398
-0.002772,-0.001426,0.0224008,-0.002772,-0.001426,0.0223408
-0.001687,-0.001186,0.0216568,-0.001687,-0.001186,0.0215968
-0.002537,-0.001266,0.0209468,-0.002537,-0.001266,0.0208868
-0.003092,-0.000958,0.0225568,-0.003092,-0.000958,0.0224968
-0.003269,-0.000503,0.0203208,-0.003269,-0.000503,0.0202608
-0.003474,4e-05,0.0224878,-0.003474,4e-05,0.0224278
-0.001813,0.000189,0.0216208,-0.001813,0.000189,0.0215608
-0.0025,0.000301,0.0207018,-0.0025,0.000301,0.0206418
-0.003345,0.000307,0.0202968,-0.003345,0.000307,0.0202368
-0.003137,0.000354,0.0195428,-0.003137,0.000354,0.0194828
-0.000538,0.000578,0.0191508,-0.000538,0.000578,0.0190908
-0.001856,0.000741,0.0177198,-0.001856,0.000741,0.0176598
-0.001861,0.000604,0.0162078,-0.001861,0.000604,0.0161478
-0.003506,0.000428,0.0224088,-0.003506,0.000428,0.0223488
-0.001684,0.001123,0.0217118,-0.001684,0.001123,0.0216518
-0.002222,0.000986,0.0207268,-0.002222,0.000986,0.0206668
-0.001639,0.003152,0.0224978,-0.001639,0.003152,0.0224378
-0.001049,0.001715,0.0216038,-0.001049,0.001715,0.0215438
-0.000982,0.002484,0.0209428,-0.000982,0.002484,0.0208828
-0.001825,0.001686,0.0208928,-0.001825,0.001686,0.0208328
-0.001966,0.002306,0.0205768,-0.001966,0.002306,0.0205168
-0.00085,0.003474,0.0224748,-0.00085,0.003474,0.0224148
-0.001309,0.003121,0.0224868,-0.001309,0.003121,0.0224268
-0.001279,0.002692,0.0225438,-0.001279,0.002692,0.0224838
-0.000992,0.001021,0.0224628,-0.000992,0.001021,0.0224028
0.001389,-0.003283,0.0009998,0.0013896,-0.0032844,0.0009675
0.001053,0.003403,0.0224738,0.001053,0.003403,0.0224138
0.001359,0.003214,0.0227328,0.001359,0.003214,0.0226728
0.001285,0.002494,0.0225748,0.001285,0.002494,0.0225148
0.000283,-0.003151,0.0009578,0.0002831,-0.0031521,0.0009257
0.000218,-0.003549,0.0014478,0.0002181,-0.0035505,0.0014143
0.001816,-0.00263,0.0009978,0.0018167,-0.002631,0.0009656
0.002222,-0.002552,0.0009648,0.0022229,-0.002553,0.0009326
0.001072,-0.003257,0.0009818,0.0010724,-0.0032583,0.0009495
-0.00052,0.003501,0.0225118,-0.00052,0.003501,0.0224518
-0.000328,0.001688,0.0216868,-0.000328,0.001688,0.0216268
-0.000306,0.00334,0.0202018,-0.000306,0.00334,0.0201418
0.001468,-0.00323,0.0013438,0.0014686,-0.0032314,0.0013106
0.001497,-0.002818,0.0014658,0.0014976,-0.0028191,0.0014324
0.001151,-0.001787,0.0021888,0.0011514,-0.0017877,0.0021542
0.001333,-0.002701,0.0029648,0.0013337,-0.0027023,0.0029277
0.001038,-0.003358,0.0013788,0.0010385,-0.0033594,0.0013455
0.003087,-0.001787,0.0014018,0.0030883,-0.0017878,0.0013684
0.002937,-0.001351,0.0012998,0.0029381,-0.0013515,0.0012668
0.002158,-0.001291,0.0020898,0.0021588,-0.0012915,0.0020552
0.002726,-0.001199,0.0029328,0.0027273,-0.0011996,0.0028958
0.003237,-0.001473,0.0013388,0.0032384,-0.0014737,0.0013056
0.003102,-0.001044,0.0012248,0.0031032,-0.0010444,0.0011919
0.001952,-0.000503,0.0023188,0.0019527,-0.0005032,0.0022839
0.002604,-0.000402,0.0030788,0.0026052,-0.0004022,0.0030417
0.003261,-0.000676,0.0013778,0.0032623,-0.0006763,0.0013446
0.001187,-0.000253,0.0015898,0.0011874,-0.0002531,0.0015568
0.003522,-0.000319,0.0013618,0.0035235,-0.0003191,0.0013285
0.003582,-0.000554,0.0010928,0.0035836,-0.0005543,0.0010602
0.003179,-0.000243,0.0011628,0.0031802,-0.0002431,0.0011302
0.003501,-0.000328,0.0017208,0.0035025,-0.0003282,0.0016866
0.001973,0.000246,0.0023798,0.0019738,0.0002461,0.0023448
0.002606,0.000143,0.0030518,0.0026072,0.0001431,0.0030148
0.003446,0.000279,0.0036688,0.003448,0.0002792,0.0036295
0.002922,0.000114,0.0013758,0.0029231,0.000114,0.0013427
0.00095,0.00044,0.0014748,0.0009503,0.0004401,0.001442
0.003486,6.9e-05,0.0018038,0.0034876,6.9e-05,0.0017694
0.001832,0.001013,0.0023168,0.0018327,0.0010134,0.0022819
0.002629,0.00101,0.0030758,0.0026302,0.0010105,0.0030386
0.003296,0.000785,0.0014018,0.0032974,0.0007853,0.0013685
0.002891,0.000829,0.0013858,0.002892,0.0008293,0.0013526
0.001195,0.001075,0.0017358,0.0011954,0.0010754,0.0017024
0.003273,0.001256,0.0013408,0.0032744,0.0012565,0.0013076
0.003095,0.001546,0.0009648,0.0030963,0.0015466,0.0009326
0.003131,0.001623,0.0013318,0.0031324,0.0016237,0.0012986
0.001106,0.001563,0.0023998,0.0011064,0.0015636,0.0023648
0.001894,0.001682,0.0029528,0.0018949,0.0016828,0.0029161
0.002711,0.001583,0.0036118,0.0027125,0.0015839,0.0035729
0.002917,0.00199,0.0013858,0.0029183,0.0019909,0.0013525
0.001738,0.003046,0.0013448,0.0017388,0.0030473,0.0013116
0.002165,0.002753,0.0013628,0.0021659,0.0027542,0.0013296
0.000999,0.002339,0.0031458,0.0009995,0.0023401,0.0031086
0.001821,0.002313,0.0035358,0.001822,0.0023142,0.0034972
0.001003,0.003391,0.0013868,0.0010034,0.0033924,0.0013535
0.001355,0.002891,0.0013448,0.0013555,0.0028922,0.0013117
0.001521,0.002587,0.0014308,0.0015215,0.002588,0.0013976
0.000923,0.00073,0.0048298,0.0009237,0.0007306,0.0047897
0.000938,0.002223,0.0062388,0.0009389,0.0022252,0.0061936
0.000674,0.003349,0.0013638,0.0006743,0.0033504,0.0013306
0.000234,0.003528,0.0013508,0.0002341,0.0035295,0.0013176
-0.000304,0.001763,0.0023648,-0.0003041,0.0017636,0.0023299
-0.000279,0.002616,0.0029778,-0.0002792,0.0026172,0.002941
-0.000286,0.003281,0.0037848,-0.0002862,0.0032829,0.0037453
-0.000538,0.003491,0.0014238,-0.0005382,0.0034925,0.0013904
-0.000923,0.003389,0.0013038,-0.0009234,0.0033905,0.0012707
-0.00103,0.001673,0.0022488,-0.0010304,0.0016736,0.0022141
-0.001281,0.003191,0.0010368,-0.0012815,0.0031923,0.0010044
-0.001308,0.003192,0.0014438,-0.0013085,0.0031934,0.0014104
-0.00127,0.00278,0.0013978,-0.0012704,0.0027811,0.0013646
-0.001642,0.003087,0.0013078,-0.0016427,0.0030883,0.0012747
-0.003177,0.001472,0.0013748,-0.0031784,0.0014726,0.0013415
-0.003239,0.001162,0.0009588,-0.0032403,0.0011625,0.0009266
-0.002797,0.001271,0.0014158,-0.0027981,0.0012715,0.0013826
-0.001794,0.001056,0.0021878,-0.0017947,0.0010564,0.0021532
-0.002599,0.000952,0.0030218,-0.0026002,0.0009524,0.0029847
-0.003482,0.000848,0.0014118,-0.0034835,0.0008484,0.0013784
-0.000591,0.000391,0.0045458,-0.0005915,0.0003913,0.0045067
-0.001955,0.00088,0.0063098,-0.001957,0.0008809,0.0062646
-0.003465,0.000536,0.0013648,-0.0034665,0.0005362,0.0013315
-0.001815,0.000211,0.0021678,-0.0018157,0.0002111,0.0021334
-0.002587,0.000251,0.0029368,-0.0025881,0.0002511,0.0029001
-0.003294,0.000243,0.0036468,-0.0032959,0.0002431,0.0036077
-0.003504,-0.000318,0.0013658,-0.0035055,-0.0003182,0.0013325
-0.00348,-0.000687,0.0012888,-0.0034815,-0.0006873,0.0012557
-0.001746,-0.001116,0.0022838,-0.0017467,-0.0011164,0.002249
-0.002664,-0.001226,0.0029328,-0.0026652,-0.0012266,0.0028958
-0.003116,-0.000865,0.0014598,-0.0031172,-0.0008654,0.0014264
-0.002651,-0.001058,0.0013278,-0.002652,-0.0010584,0.0012949
-0.000929,-0.00135,0.0017048,-0.0009293,-0.0013505,0.0016715
-0.001051,-0.000459,0.0015058,-0.0010513,-0.0004591,0.001473
-0.001737,-0.000464,0.0024108,-0.0017377,-0.0004642,0.0023758
-0.002481,-0.000471,0.0029938,-0.0024821,-0.0004712,0.002957
-0.003167,-0.001259,0.0013768,-0.0031683,-0.0012595,0.0013436
-0.002908,-0.001765,0.0010138,-0.0029092,-0.0017657,0.0009815
-0.003035,-0.001812,0.0013268,-0.0030363,-0.0018128,0.0012937
-0.002426,-0.002561,0.0013008,-0.002427,-0.0025621,0.0012677
-0.001005,-0.002078,0.0021618,-0.0010054,-0.0020788,0.0021271
-0.001897,-0.002074,0.0031008,-0.0018979,-0.002075,0.0030635
-0.002349,-0.002159,0.0038818,-0.0023504,-0.0021603,0.0038422
-0.001123,-0.002678,0.0029478,-0.0011235,-0.0026793,0.0029108
-0.000692,-0.000889,0.0047538,-0.0006926,-0.0008897,0.0047139
-0.000448,-0.002294,0.0061048,-0.0004484,-0.0022962,0.00606
-0.001738,-0.002952,0.0009438,-0.0017387,-0.0029532,0.0009117
-0.001413,-0.003279,0.0013238,-0.0014136,-0.0032804,0.0012906
-0.001307,-0.002912,0.0013548,-0.0013075,-0.0029131,0.0013217
-0.001672,-0.002806,0.0013178,-0.0016727,-0.0028071,0.0012848
0.002877,0.002025,0.0220798,0.002877,0.002025,0.0220198
0.003031,0.001849,0.0217508,0.003031,0.001849,0.0216908
0.002796,0.001643,0.0201178,0.002796,0.001643,0.0200578
0.003127,0.001555,0.0224558,0.003127,0.001555,0.0223958
0.00296,0.001561,0.0221028,0.00296,0.001561,0.0220428
0.003232,0.001232,0.0221378,0.003232,0.001232,0.0220778
0.003341,0.000858,0.0220198,0.003341,0.000858,0.0219598
0.002982,0.000314,0.0220668,0.002982,0.000314,0.0220068
0.003539,-0.000414,0.0221458,0.003539,-0.000414,0.0220858
0.003594,-0.000154,0.0223158,0.003594,-0.000154,0.0222558
0.003086,-0.000355,0.0224408,0.003086,-0.000355,0.0223808
0.003261,-0.000184,0.0221878,0.003261,-0.000184,0.0221278
0.003468,-0.00032,0.0217878,0.003468,-0.00032,0.0217278
0.00329,-0.000632,0.0220748,0.00329,-0.000632,0.0220148
0.003203,-0.001457,0.0221118,0.003203,-0.001457,0.0220518
0.003352,-0.000942,0.0222088,0.003352,-0.000942,0.0221488
0.003018,-0.001832,0.0220088,0.003018,-0.001832,0.0219488
0.001965,-0.001912,0.0209028,0.001965,-0.001912,0.0208428
0.001219,-0.001215,0.0215698,0.001219,-0.001215,0.0215098
0.001195,-0.00121,0.0209908,0.001195,-0.00121,0.0209308
0.001839,-0.001181,0.0209558,0.001839,-0.001181,0.0208958
0.002639,-0.001265,0.0201368,0.002639,-0.001265,0.0200768
0.002608,-0.00122,0.0193248,0.002608,-0.00122,0.0192648
0.002207,-0.000738,0.0175778,0.002207,-0.000738,0.0175178
0.001425,-0.003237,0.0220278,0.001425,-0.003237,0.0219678
0.001008,-0.003281,0.0220218,0.001008,-0.003281,0.0219618
0.000699,-0.003369,0.0225128,0.000699,-0.003369,0.0224528
0.000714,-0.003296,0.0221958,0.000714,-0.003296,0.0221358
0.000294,-0.003183,0.0220878,0.000294,-0.003183,0.0220278
0.000255,-0.003574,0.0217838,0.000255,-0.003574,0.0217238
-0.000523,-0.003303,0.0220208,-0.000523,-0.003303,0.0219608
-0.000877,-0.003384,0.0220668,-0.000877,-0.003384,0.0220068
-0.001276,-0.003333,0.0220508,-0.001276,-0.003333,0.0219908
-0.001486,-0.0029,0.0224208,-0.001486,-0.0029,0.0223608
-0.001677,-0.003082,0.0220648,-0.001677,-0.003082,0.0220048
-0.00149,-0.002809,0.0218248,-0.00149,-0.002809,0.0217648
-0.001111,-0.001184,0.0215478,-0.001111,-0.001184,0.0214878
-0.000938,-0.000994,0.0207388,-0.000938,-0.000994,0.0206788
-0.000677,-0.000885,0.0191808,-0.000677,-0.000885,0.0191208
-0.001201,-0.001875,0.0206818,-0.001201,-0.001875,0.0206218
-0.001041,-0.002669,0.0201138,-0.001041,-0.002669,0.0200538
-0.000808,-0.002803,0.0196378,-0.000808,-0.002803,0.0195778
-0.000585,-0.002187,0.0177888,-0.000585,-0.002187,0.0177288
-0.001959,-0.001814,0.0207508,-0.001959,-0.001814,0.0206908
-0.001857,-0.00266,0.0201558,-0.001857,-0.00266,0.0200958
-0.002064,-0.002875,0.0220578,-0.002064,-0.002875,0.0219978
-0.002303,-0.002562,0.0221188,-0.002303,-0.002562,0.0220588
-0.002875,-0.002134,0.0221708,-0.002875,-0.002134,0.0221108
-0.002821,-0.002116,0.0217868,-0.002821,-0.002116,0.0217268
-0.002513,-0.002052,0.0202688,-0.002513,-0.002052,0.0202088
-0.002855,-0.001888,0.0224718,-0.002855,-0.001888,0.0224118
-0.002981,-0.001811,0.0221718,-0.002981,-0.001811,0.0221118
-0.003219,-0.001422,0.0221388,-0.003219,-0.001422,0.0220788
-0.00346,-0.00071,0.0220798,-0.00346,-0.00071,0.0220198
-0.003531,-0.0003,0.0220718,-0.003531,-0.0003,0.0220118
-0.003527,0.000142,0.0221088,-0.003527,0.000142,0.0220488
-0.00352,0.000604,0.0220828,-0.00352,0.000604,0.0220228
-0.003426,0.000956,0.0220948,-0.003426,0.000956,0.0220348
-0.002983,0.001318,0.0224568,-0.002983,0.001318,0.0223968
-0.002623,0.001212,0.0225908,-0.002623,0.001212,0.0225308
-0.003076,0.00086,0.0225218,-0.003076,0.00086,0.0224618
-0.003146,0.001223,0.0220158,-0.003146,0.001223,0.0219558
-0.003169,0.001619,0.0221158,-0.003169,0.001619,0.0220558
-0.002809,0.002089,0.0220418,-0.002809,0.002089,0.0219818
-0.002785,0.002197,0.0217008,-0.002785,0.002197,0.0216408
-0.002649,0.001716,0.0201558,-0.002649,0.001716,0.0200958
-0.001652,0.00313,0.0220598,-0.001652,0.00313,0.0219998
-0.00095,0.00339,0.0220798,-0.00095,0.00339,0.0220198
-0.00131,0.003149,0.0219788,-0.00131,0.003149,0.0219188
0.000645,-0.001978,0.0023848,0.0006453,-0.0019788,0.0023498
0.000469,-0.002623,0.0030948,0.0004692,-0.0026242,0.0030576
0.000497,-0.003423,0.0014918,0.0004972,-0.0034245,0.0014583
0.000523,-0.00291,0.0014038,0.0005232,-0.0029111,0.0013707
0.000395,-0.00119,0.0015018,0.0003951,-0.0011904,0.001469
0.001064,0.003392,0.0220698,0.001064,0.003392,0.0220098
0.000658,0.003402,0.0220098,0.000658,0.003402,0.0219498
0.001758,0.003003,0.0221378,0.001758,0.003003,0.0220778
0.001957,-0.00183,0.0031888,0.001958,-0.0018309,0.0031514
-0.000325,-0.002253,0.0022788,-0.0003251,-0.0022539,0.0022439
-0.000858,-0.003357,0.0013728,-0.0008583,-0.0033584,0.0013395
-0.000184,0.003569,0.0224678,-0.000184,0.003569,0.0224078
-0.000127,-0.003207,0.0010338,-0.000127,-0.0032083,0.0010015
-0.000178,-0.00358,0.0013728,-0.0001781,-0.0035816,0.0013395
0.002056,0.002662,0.0220488,0.002056,0.002662,0.0219888
0.002535,0.002401,0.0220918,0.002535,0.002401,0.0220318
0.001799,-0.002962,0.0013208,0.0017997,-0.0029632,0.0012877
0.002147,-0.002446,0.0014538,0.0021478,-0.002447,0.0014204
0.002112,-0.002118,0.0013908,0.0021128,-0.0021188,0.0013577
0.002548,-0.002151,0.0013808,0.002549,-0.0021518,0.0013476
0.003219,0.000394,0.0014258,0.0032203,0.0003941,0.0013925
0.003499,0.000479,0.0017528,0.0035006,0.0004792,0.0017185
0.00261,0.002412,0.0013578,0.0026111,0.002413,0.0013246
-0.001982,0.00294,0.0013378,-0.0019828,0.0029413,0.0013046
-0.00278,0.002031,0.0015168,-0.0027811,0.0020319,0.0014832
0.002965,0.000577,0.0222228,0.002965,0.000577,0.0221628
0.003529,0.000511,0.0217868,0.003529,0.000511,0.0217268
0.002269,-0.002289,0.0220938,0.002269,-0.002289,0.0220338
0.002031,-0.002128,0.0221928,0.002031,-0.002128,0.0221328
0.001197,-0.001921,0.0207848,0.001197,-0.001921,0.0207248
0.00191,-0.001887,0.0202318,0.00191,-0.001887,0.0201718
0.002601,-0.002289,0.0224958,0.002601,-0.002289,0.0224358
0.001824,-0.003012,0.0220318,0.001824,-0.003012,0.0219718
-2.9e-05,-0.003607,0.0222868,-2.9e-05,-0.003607,0.0222268
-0.000103,-0.003156,0.0220718,-0.000103,-0.003156,0.0220118
-0.000186,-0.003585,0.0217588,-0.000186,-0.003585,0.0216988
-0.003221,-0.000969,0.0221388,-0.003221,-0.000969,0.0220788
-0.002064,0.002859,0.0220918,-0.002064,0.002859,0.0220318
0.0014,0.003073,0.0220338,0.0014,0.003073,0.0219738
0.000204,-0.003196,0.0014448,0.0002041,-0.0031973,0.0014114
0.000258,-0.003494,0.0017888,0.0002581,-0.0034955,0.0017545
0.002139,0.002873,0.0217098,0.002139,0.002873,0.0216498
0.002568,0.002434,0.0217328,0.002568,0.002434,0.0216728
-0.000935,-0.003212,0.0017868,-0.0009354,-0.0032133,0.0017525
-0.0013,-0.003221,0.0016718,-0.0013005,-0.0032224,0.0016378
0.000251,0.003488,0.0220358,0.000251,0.003488,0.0219758
-8.9e-05,0.003531,0.0221628,-8.9e-05,0.003531,0.0221028
-0.000547,0.003469,0.0221268,-0.000547,0.003469,0.0220668
0.001276,0.001776,0.0210038,0.001276,0.001776,0.0209438
0.001196,0.001126,0.0208318,0.001196,0.001126,0.0207718
0.000978,0.000474,0.0189388,0.000978,0.000474,0.0188788
0.001809,0.001029,0.0208778,0.001809,0.001029,0.0208178
0.001948,0.001668,0.0202168,0.001948,0.001668,0.0201568
0.002574,0.001014,0.0201328,0.002574,0.001014,0.0200728
0.002651,0.001034,0.0194198,0.002651,0.001034,0.0193598
0.002428,0.000839,0.0177378,0.002428,0.000839,0.0176778
0.002514,0.001578,0.0194278,0.002514,0.001578,0.0193678
-0.000813,0.003472,0.0217678,-0.000813,0.003472,0.0217078
-0.001075,0.001707,0.0208508,-0.001075,0.001707,0.0207908
-0.000982,0.001057,0.0209168,-0.000982,0.001057,0.0208568
-0.000788,0.002528,0.0202498,-0.000788,0.002528,0.0201898
-0.001015,0.002454,0.0194748,-0.001015,0.002454,0.0194148
-0.000499,0.002003,0.0177518,-0.000499,0.002003,0.0176918
-0.001221,0.002682,0.0218758,-0.001221,0.002682,0.0218158
-0.000867,0.000871,0.0218588,-0.000867,0.000871,0.0217988
0.001457,0.002632,0.0222208,0.001457,0.002632,0.0221608
0.00181,0.003011,0.0217428,0.00181,0.003011,0.0216828
0.003353,-0.000765,0.0017668,0.0033545,-0.0007653,0.0017325
0.003182,-0.000188,0.0019118,0.0031833,-0.0001881,0.0018773
0.003536,-0.000442,0.0021268,0.0035376,-0.0004422,0.0020915
0.00312,0.000122,0.0017488,0.0031213,0.000122,0.0017147
0.003589,1.7e-05,0.0021868,0.0035907,1.7e-05,0.0021514
0.003212,0.000378,0.0018838,0.0032134,0.0003782,0.0018493
0.003532,0.000406,0.0020598,0.0035336,0.0004062,0.0020247
0.00343,0.000872,0.0016958,0.0034315,0.0008724,0.0016616
0.003149,0.001147,0.0016678,0.0031503,0.0011475,0.0016338
0.003013,0.001608,0.0017008,0.0030143,0.0016087,0.0016667
0.002987,0.001965,0.0017868,0.0029883,0.0019659,0.0017524
0.002524,0.002336,0.0019808,0.0025251,0.0023371,0.001946
0.002033,0.00293,0.0017238,0.0020339,0.0029313,0.0016896
0.001634,0.00299,0.0017178,0.0016347,0.0029912,0.0016837
0.000957,0.003432,0.0017198,0.0009575,0.0034336,0.0016856
0.001435,0.003138,0.0020158,0.0014356,0.0031394,0.0019809
0.000622,0.003315,0.0018298,0.0006223,0.0033164,0.0017954
0.000668,0.003476,0.0021238,0.0006683,0.0034776,0.0020885
0.000413,0.001904,0.0022568,0.0004132,0.0019047,0.0022221
0.000379,0.002339,0.0028668,0.0003792,0.00234,0.0028304
0.000451,0.003231,0.0036228,0.0004512,0.0032328,0.0035838
0.000967,0.003075,0.0017018,0.0009674,0.0030763,0.0016678
0.00117,0.003359,0.0020968,0.0011705,0.0033606,0.0020616
0.000174,0.003585,0.0016818,0.0001741,0.0035866,0.0016477
-0.00016,0.003541,0.0018228,-0.0001601,0.0035426,0.0017883
-0.000554,0.003548,0.0017198,-0.0005542,0.0035496,0.0016856
-0.00085,0.003346,0.0017248,-0.0008504,0.0033474,0.0016906
-0.001554,0.003204,0.0016648,-0.0015547,0.0032054,0.0016307
-0.001252,0.003256,0.0017478,-0.0012525,0.0032574,0.0017136
-0.002063,0.002886,0.0021038,-0.0020639,0.0028873,0.0020686
-0.001792,0.001802,0.0030108,-0.0017928,0.0018028,0.0029739
-0.001839,0.002657,0.0037568,-0.0018401,0.0026585,0.0037174
-0.002224,0.002695,0.0016688,-0.002225,0.0026962,0.0016348
-0.00284,0.00209,0.0019658,-0.0028413,0.0020909,0.001931
-0.002593,0.001968,0.0037278,-0.0025945,0.0019691,0.0036885
-0.003196,0.001614,0.0017168,-0.0031974,0.0016147,0.0016826
-0.002691,0.001633,0.0017828,-0.0026921,0.0016337,0.0017486
-0.003104,0.001261,0.0017918,-0.0031053,0.0012616,0.0017575
-0.003092,0.001749,0.0020728,-0.0030934,0.0017498,0.0020377
-0.003495,0.000794,0.0017088,-0.0034965,0.0007944,0.0016746
-0.003021,0.00087,0.0017698,-0.0030222,0.0008703,0.0017356
-0.00344,0.000495,0.0017318,-0.0034415,0.0004952,0.0016976
-0.003426,0.000951,0.0020548,-0.0034276,0.0009514,0.0020197
-0.003581,0.00024,0.0016098,-0.0035826,0.0002401,0.0015759
-0.003355,9.8e-05,0.0017158,-0.0033564,9.81e-05,0.0016817
-0.003015,-5e-05,0.0016808,-0.0030162,-5e-05,0.0016469
-0.00116,0.000319,0.0014308,-0.0011604,0.0003191,0.0013981
-0.000972,0.000104,0.0022218,-0.0009723,0.000104,0.0021876
-0.001036,9.1e-05,0.0028238,-0.0010364,9.1e-05,0.0027883
-0.001706,0.000272,0.0028598,-0.0017068,0.0002721,0.0028238
-0.002461,8.2e-05,0.0037458,-0.0024623,8.21e-05,0.0037071
-0.003559,-0.000144,0.0016808,-0.0035606,-0.0001441,0.0016467
-0.003465,-0.000303,0.0020718,-0.0034666,-0.0003031,0.0020367
-0.003303,-0.000444,0.0038058,-0.003305,-0.0004442,0.0037663
-0.003504,0.000142,0.0021918,-0.0035056,0.0001421,0.0021564
-0.003261,-0.000295,0.0017178,-0.0032624,-0.0002951,0.0016837
-0.003496,-0.000517,0.0017168,-0.0034976,-0.0005173,0.0016826
-0.003171,-0.001017,0.0019758,-0.0031724,-0.0010174,0.001941
-0.003198,-0.001543,0.0015838,-0.0031994,-0.0015436,0.00155
-0.002912,-0.00189,0.0017168,-0.0029133,-0.0018908,0.0016826
-0.002762,-0.00221,0.0017398,-0.0027632,-0.002211,0.0017055
-0.002396,-0.002579,0.0017498,-0.0023971,-0.0025802,0.0017155
-0.001991,-0.002454,0.0018178,-0.0019918,-0.002455,0.0017835
-0.001948,-0.002123,0.0016958,-0.0019488,-0.0021238,0.0016619
-0.001014,-0.001251,0.0023518,-0.0010144,-0.0012515,0.002317
-0.000892,-0.002086,0.0030528,-0.0008924,-0.0020869,0.003016
-0.001711,-0.001216,0.0030038,-0.0017118,-0.0012165,0.0029673
-0.001896,-0.002207,0.0036728,-0.001897,-0.0022082,0.0036339
-0.002036,-0.002804,0.0020298,-0.0020369,-0.0028053,0.0019948
-0.002348,-0.002252,0.0017228,-0.0023489,-0.002253,0.0016887
-0.002197,-0.002372,0.0021878,-0.002198,-0.002373,0.0021526
-0.001512,-0.002727,0.0015678,-0.0015126,-0.0027281,0.0015342
0.003138,-0.00149,0.0017518,0.0031394,-0.0014906,0.0017176
0.002914,-0.001942,0.0016428,0.0029153,-0.0019429,0.0016089
0.002926,-0.001408,0.0021758,0.0029273,-0.0014086,0.0021406
0.001122,-0.001184,0.0021998,0.0011224,-0.0011845,0.0021654
0.001154,-0.001251,0.0028328,0.0011545,-0.0012515,0.002797
0.000926,-0.000687,0.0048338,0.0009268,-0.0006875,0.0047937
0.001728,-0.001176,0.0028918,0.0017287,-0.0011765,0.0028555
0.002627,-0.001209,0.0036418,0.0026284,-0.0012096,0.003603
0.002628,-0.001291,0.0044118,0.0026297,-0.0012919,0.004371
0.002287,-0.000716,0.0064018,0.0022892,-0.0007167,0.0063562
0.003275,-0.001368,0.0021308,0.0032765,-0.0013686,0.0020955
0.00324,0.001232,0.0217668,0.00324,0.001232,0.0217068
0.002851,0.001002,0.0216698,0.002851,0.001002,0.0216098
0.00124,0.001156,0.0216328,0.00124,0.001156,0.0215728
0.001182,3.4e-05,0.0215338,0.001182,3.4e-05,0.0214738
0.002073,4e-06,0.0210338,0.002073,4e-06,0.0209738
0.002532,3.2e-05,0.0202538,0.002532,3.2e-05,0.0201938
0.003135,0.000137,0.0218668,0.003135,0.000137,0.0218068
0.003549,7.8e-05,0.0214218,0.003549,7.8e-05,0.0213618
0.003552,3e-05,0.0210208,0.003552,3e-05,0.0209608
0.003378,0.000281,0.0193908,0.003378,0.000281,0.0193308
0.001955,-0.000365,0.0209358,0.001955,-0.000365,0.0208758
0.002601,-0.000432,0.0202448,0.002601,-0.000432,0.0201848
0.003074,-0.000293,0.0216588,0.003074,-0.000293,0.0215988
0.002843,-0.000287,0.0219338,0.002843,-0.000287,0.0218738
0.001103,-0.000377,0.0217288,0.001103,-0.000377,0.0216688
0.00351,-0.000274,0.0214348,0.00351,-0.000274,0.0213748
0.00311,-0.000753,0.0217138,0.00311,-0.000753,0.0216538
0.003258,-0.001454,0.0217058,0.003258,-0.001454,0.0216458
0.003252,-0.001146,0.0215958,0.003252,-0.001146,0.0215358
0.001253,-0.002841,0.0217638,0.001253,-0.002841,0.0217038
0.001257,-0.002659,0.0202428,0.001257,-0.002659,0.0201828
0.000342,-0.002099,0.0209948,0.000342,-0.002099,0.0209348
0.000481,-0.002702,0.0202258,0.000481,-0.002702,0.0201658
0.000616,-0.00344,0.0218838,0.000616,-0.00344,0.0218238
0.00067,-0.002855,0.0217028,0.00067,-0.002855,0.0216428
0.000577,-0.001267,0.0218028,0.000577,-0.001267,0.0217428
-0.000214,-0.001921,0.0209758,-0.000214,-0.001921,0.0209158
-0.000244,-0.00253,0.0202778,-0.000244,-0.00253,0.0202178
0.000343,-0.003269,0.0217588,0.000343,-0.003269,0.0216988
0.000279,-0.003552,0.0214108,0.000279,-0.003552,0.0213508
-0.000667,-0.002991,0.0216728,-0.000667,-0.002991,0.0216128
-0.000514,-0.001373,0.0217708,-0.000514,-0.001373,0.0217108
-0.00093,-0.003173,0.0218188,-0.00093,-0.003173,0.0217588
-0.001413,-0.003215,0.0217328,-0.001413,-0.003215,0.0216728
-0.002074,-0.002889,0.0217198,-0.002074,-0.002889,0.0216598
-0.002325,-0.002598,0.0217178,-0.002325,-0.002598,0.0216578
-0.002799,-0.001783,0.0217928,-0.002799,-0.001783,0.0217328
-0.00285,-0.001418,0.0216668,-0.00285,-0.001418,0.0216068
-0.001758,-0.001041,0.0209218,-0.001758,-0.001041,0.0208618
-0.002381,-0.001228,0.0200888,-0.002381,-0.001228,0.0200288
-0.002599,-0.001198,0.0195098,-0.002599,-0.001198,0.0194498
-0.00214,-0.0008,0.0176418,-0.00214,-0.0008,0.0175818
-0.003186,-0.001493,0.0218068,-0.003186,-0.001493,0.0217468
-0.003499,-0.000507,0.0218228,-0.003499,-0.000507,0.0217628
-0.001781,-0.000473,0.0208528,-0.001781,-0.000473,0.0207928
-0.002462,-0.000528,0.0202298,-0.002462,-0.000528,0.0201698
-0.003297,-0.000453,0.0194318,-0.003297,-0.000453,0.0193718
-0.00347,-0.000264,0.0217598,-0.00347,-0.000264,0.0216998
-0.003453,6.2e-05,0.0217968,-0.003453,6.2e-05,0.0217368
-0.001795,0.000296,0.0210398,-0.001795,0.000296,0.0209798
-0.0025,0.000235,0.0201668,-0.0025,0.000235,0.0201068
-0.003473,0.000469,0.0217948,-0.003473,0.000469,0.0217348
-0.003497,0.000863,0.0217578,-0.003497,0.000863,0.0216978
-0.001678,0.001142,0.0210318,-0.001678,0.001142,0.0209718
-0.002476,0.0011,0.0202018,-0.002476,0.0011,0.0201418
-0.003282,0.001097,0.0216948,-0.003282,0.001097,0.0216348
-0.002658,0.001315,0.0217898,-0.002658,0.001315,0.0217298
-0.003204,0.001566,0.0217458,-0.003204,0.001566,0.0216858
-0.001761,0.003051,0.0217018,-0.001761,0.003051,0.0216418
0.001452,-0.003252,0.0016968,0.0014526,-0.0032534,0.0016627
0.000589,-0.00333,0.0019508,0.0005893,-0.0033315,0.0019161
0.00103,-0.003145,0.0016908,0.0010305,-0.0031463,0.0016568
0.001669,-0.002674,0.0017148,0.0016697,-0.0026751,0.0016809
0.000324,0.001635,0.0208398,0.000324,0.001635,0.0207798
0.000318,0.002292,0.0200728,0.000318,0.002292,0.0200128
0.00051,0.002384,0.0194468,0.00051,0.002384,0.0193868
0.000759,0.0022,0.0174988,0.000759,0.0022,0.0174388
0.000481,0.003177,0.0195568,0.000481,0.003177,0.0194968
0.000431,0.003512,0.0216948,0.000431,0.003512,0.0216348
0.001453,0.002467,0.0202998,0.001453,0.002467,0.0202398
0.000912,0.003427,0.0216738,0.000912,0.003427,0.0216138
0.001354,0.002966,0.0216728,0.001354,0.002966,0.0216128
0.002373,-0.002253,0.0016518,0.002374,-0.0022539,0.0016179
0.003275,-0.001057,0.0019728,0.0032765,-0.0010575,0.001938
0.001873,0.001031,0.0029528,0.0018738,0.0010314,0.0029164
0.001235,0.00106,0.0030418,0.0012356,0.0010605,0.0030055
0.002736,0.001085,0.0037568,0.0027375,0.0010856,0.0037177
0.002694,0.00111,0.0043718,0.0026957,0.0011107,0.0043311
0.002398,0.00045,0.0060258,0.0024003,0.0004504,0.0059812
0.003304,0.000731,0.0020608,0.0033054,0.0007313,0.0020258
0.002848,0.000871,0.0021478,0.0028492,0.0008714,0.0021128
0.001203,0.001022,0.0023688,0.0012034,0.0010224,0.002334
0.001077,0.00045,0.0021458,0.0010774,0.0004501,0.0021116
0.002086,0.000119,0.0030758,0.0020869,0.000119,0.0030391
0.002787,0.000281,0.0036798,0.0027885,0.0002812,0.003641
0.003233,0.000455,0.0022168,0.0032345,0.0004552,0.0021814
0.003556,0.000334,0.0024028,0.0035578,0.0003342,0.0023669
0.003518,0.000518,0.0027408,0.0035198,0.0005183,0.0027039
0.003422,0.000188,0.0044558,0.0034243,0.0001881,0.0044146
0.003202,0.00139,0.0020868,0.0032034,0.0013906,0.0020517
0.002861,0.002073,0.0020758,0.0028623,0.0020739,0.0020407
0.002203,0.002717,0.0020378,0.002204,0.0027182,0.0020028
0.00185,0.003052,0.0020558,0.0018508,0.0030534,0.0020207
0.001041,0.001758,0.0029208,0.0010414,0.0017587,0.0028845
0.00124,0.002567,0.0038278,0.0012407,0.0025685,0.0037886
0.001423,0.002674,0.0020678,0.0014236,0.0026751,0.002033
0.000539,0.001792,0.0029938,0.0005393,0.0017928,0.0029575
0.000461,0.002452,0.0037318,0.0004613,0.0024533,0.0036932
0.000365,0.00317,0.0043238,0.0003652,0.0031721,0.004283
0.000275,0.003533,0.0020048,0.0002751,0.0035346,0.0019698
-0.000211,0.001802,0.0030918,-0.0002111,0.0018028,0.0030553
-0.000335,0.002451,0.0038218,-0.0003352,0.0024523,0.0037829
-0.000292,0.002553,0.0044308,-0.0002922,0.0025547,0.0043903
-0.000671,0.001924,0.0062248,-0.0006717,0.001926,0.0061798
-0.000117,0.003078,0.0043068,-0.0001171,0.00308,0.0042661
-0.000518,0.003403,0.0019958,-0.0005183,0.0034045,0.0019609
-0.000847,0.003471,0.0021258,-0.0008474,0.0034726,0.0020905
-0.001049,0.001769,0.0030358,-0.0010495,0.0017698,0.0029992
-0.000997,0.002491,0.0037768,-0.0009976,0.0024924,0.0037378
-0.001596,0.003169,0.0020658,-0.0015967,0.0031705,0.0020307
-0.001932,0.000933,0.0031268,-0.0019329,0.0009334,0.0030899
-0.001889,0.001853,0.0036678,-0.00189,0.001854,0.0036292
-0.002511,0.001008,0.0037428,-0.0025124,0.0010086,0.0037039
-0.002653,0.001811,0.0044398,-0.0026547,0.0018122,0.0043987
-0.003436,0.000363,0.0020308,-0.0034375,0.0003632,0.0019959
-0.003294,9.5e-05,0.0044648,-0.0032962,9.51e-05,0.0044236
-0.001769,-0.000484,0.0030398,-0.0017698,-0.0004842,0.0030034
-0.002545,-0.000517,0.0037818,-0.0025464,-0.0005173,0.0037429
-0.002564,-0.000462,0.0044228,-0.0025657,-0.0004623,0.0043822
-0.0033,-0.000488,0.0044708,-0.0033022,-0.0004883,0.0044295
-0.003503,-0.000733,0.0020318,-0.0035046,-0.0007333,0.0019968
-0.002509,-0.001134,0.0038098,-0.0025104,-0.0011346,0.0037707
-0.003203,-0.001425,0.0020278,-0.0032045,-0.0014257,0.0019928
-0.002825,-0.001547,0.0021848,-0.0028262,-0.0015477,0.0021496
-0.002905,-0.002138,0.0020638,-0.0029063,-0.002139,0.0020287
-0.001087,-0.002695,0.0035908,-0.0010876,-0.0026965,0.0035522
-0.001287,-0.003314,0.0020128,-0.0012876,-0.0033155,0.0019778
-0.001226,-0.002983,0.0020218,-0.0012265,-0.0029843,0.001987
-0.001696,-0.003061,0.0020388,-0.0016968,-0.0030624,0.0020038
0.003198,-0.000619,0.0021098,0.0031994,-0.0006193,0.0020747
0.002837,-0.000552,0.0021968,0.0028382,-0.0005522,0.0021617
0.001105,-0.000409,0.0022558,0.0011053,-0.0004091,0.0022214
0.002029,-0.000562,0.0028358,0.0020299,-0.0005623,0.0027997
0.002555,-0.00033,0.0037638,0.0025564,-0.0003302,0.003725
0.003198,0.000811,0.0212918,0.003198,0.000811,0.0212318
0.003488,0.00054,0.0214128,0.003488,0.00054,0.0213528
0.003052,-0.000234,0.0213158,0.003052,-0.000234,0.0212558
0.003404,-0.00028,0.0210378,0.003404,-0.00028,0.0209778
0.002935,9.4e-05,0.0214968,0.002935,9.4e-05,0.0214368
0.003408,-0.000947,0.0213528,0.003408,-0.000947,0.0212928
0.003231,-0.001405,0.0212598,0.003231,-0.001405,0.0211998
0.002996,-0.001833,0.0213868,0.002996,-0.001833,0.0213268
0.002903,-0.00198,0.0210728,0.002903,-0.00198,0.0210128
0.001987,-0.001265,0.0200888,0.001987,-0.001265,0.0200288
0.002432,-0.002052,0.0217718,0.002432,-0.002052,0.0217118
0.002617,-0.0022,0.0213318,0.002617,-0.0022,0.0212718
0.001589,-0.00297,0.0216948,0.001589,-0.00297,0.0216348
0.001447,-0.003215,0.0213218,0.001447,-0.003215,0.0212618
0.001871,-0.00295,0.0213308,0.001871,-0.00295,0.0212708
0.001092,-0.003362,0.0212878,0.001092,-0.003362,0.0212278
-6.6e-05,-0.00354,0.0213698,-6.6e-05,-0.00354,0.0213098
0.000294,-0.003174,0.0213458,0.000294,-0.003174,0.0212858
0.000173,-0.00359,0.0209888,0.000173,-0.00359,0.0209288
4.2e-05,-0.00363,0.0216188,4.2e-05,-0.00363,0.0215588
-0.000278,-0.003088,0.0216628,-0.000278,-0.003088,0.0216028
-0.000142,-0.003203,0.0212768,-0.000142,-0.003203,0.0212168
-0.000107,-0.003561,0.0210398,-0.000107,-0.003561,0.0209798
-0.00055,-0.003318,0.0212928,-0.00055,-0.003318,0.0212328
-0.000897,-0.003255,0.0213188,-0.000897,-0.003255,0.0212588
-0.001292,-0.003281,0.0213368,-0.001292,-0.003281,0.0212768
-0.002122,-0.00287,0.0213938,-0.002122,-0.00287,0.0213338
-0.001922,-0.002884,0.0211328,-0.001922,-0.002884,0.0210728
-0.001916,-0.002137,0.0201318,-0.001916,-0.002137,0.0200718
-0.00184,-0.002662,0.0194048,-0.00184,-0.002662,0.0193448
-0.002369,-0.002571,0.0213248,-0.002369,-0.002571,0.0212648
-0.002849,-0.002175,0.0213658,-0.002849,-0.002175,0.0213058
-0.002783,-0.002193,0.0210238,-0.002783,-0.002193,0.0209638
-0.002562,-0.00196,0.0193908,-0.002562,-0.00196,0.0193308
-0.003191,-0.001395,0.0213418,-0.003191,-0.001395,0.0212818
-0.003077,-0.000941,0.0218478,-0.003077,-0.000941,0.0217878
-0.003249,-0.000998,0.0213668,-0.003249,-0.000998,0.0213068
-0.003478,-0.000817,0.0214108,-0.003478,-0.000817,0.0213508
-0.003563,-0.000265,0.0213888,-0.003563,-0.000265,0.0213288
-0.00355,0.000171,0.0214678,-0.00355,0.000171,0.0214078
-0.003491,0.00051,0.0213758,-0.003491,0.00051,0.0213158
-0.003449,0.000823,0.0213798,-0.003449,0.000823,0.0213198
-0.003119,0.001758,0.0213708,-0.003119,0.001758,0.0213108
-0.002073,0.002768,0.0218038,-0.002073,0.002768,0.0217438
-0.001722,0.002998,0.0213298,-0.001722,0.002998,0.0212698
-0.002143,0.002852,0.0213898,-0.002143,0.002852,0.0213298
-0.002244,0.002635,0.0209788,-0.002244,0.002635,0.0209188
-0.00158,0.001955,0.0201848,-0.00158,0.001955,0.0201248
-0.001799,0.002517,0.0194358,-0.001799,0.002517,0.0193758
0.000674,0.003367,0.0213688,0.000674,0.003367,0.0213088
0.000261,0.003498,0.0213688,0.000261,0.003498,0.0213088
0.00355,-0.000601,0.0214498,0.00355,-0.000601,0.0213898
0.003256,-0.000548,0.0214018,0.003256,-0.000548,0.0213418
-0.000503,-0.003199,0.0013708,-0.0005032,-0.0032003,0.0013377
-0.000495,-0.002859,0.0013378,-0.0004952,-0.0028601,0.0013048
-0.000145,-0.003563,0.0017968,-0.0001451,-0.0035646,0.0017624
-0.000592,-0.00338,0.0016898,-0.0005922,-0.0033814,0.0016558
0.001109,-0.001878,0.0029908,0.0011095,-0.0018788,0.0029542
0.001248,-0.00257,0.0036918,0.0012487,-0.0025714,0.0036529
0.00117,-0.002698,0.0043678,0.0011708,-0.0026998,0.0043271
0.000776,-0.002368,0.0064138,0.0007768,-0.0023703,0.0063682
0.001041,-0.003344,0.0020108,0.0010415,-0.0033455,0.0019759
0.000941,-0.002994,0.0019218,0.0009414,-0.0029953,0.0018873
0.000372,-0.001192,0.0021418,0.0003721,-0.0011924,0.0021076
0.000334,-0.002108,0.0031078,0.0003342,-0.0021089,0.003071
0.000478,-0.002616,0.0038378,0.0004783,-0.0026174,0.0037987
0.00164,0.003198,0.0214268,0.00164,0.003198,0.0213668
0.002224,0.002677,0.0213738,0.002224,0.002677,0.0213138
0.002336,0.002553,0.0210108,0.002336,0.002553,0.0209508
0.001805,0.002463,0.0194018,0.001805,0.002463,0.0193418
0.002905,0.001971,0.0213498,0.002905,0.001971,0.0212898
0.003137,0.001578,0.0214468,0.003137,0.001578,0.0213868
0.002964,-0.001877,0.0020398,0.0029653,-0.0018779,0.0020048
0.003588,-0.000163,0.0019738,0.0035896,-0.0001631,0.0019389
0.003509,-0.000273,0.0025158,0.0035107,-0.0002731,0.0024795
0.003523,6.1e-05,0.0024638,0.0035247,6.1e-05,0.0024277
0.002594,0.002377,0.0213618,0.002594,0.002377,0.0213018
-0.000943,0.003396,0.0213558,-0.000943,0.003396,0.0212958
-0.001362,0.003174,0.0214238,-0.001362,0.003174,0.0213638
0.001878,-0.001923,0.0037348,0.001879,-0.0019241,0.0036959
0.001428,-0.003233,0.0020048,0.0014287,-0.0032344,0.0019699
0.001786,-0.002995,0.0020658,0.0017868,-0.0029963,0.0020308
0.001023,0.003405,0.0212888,0.001023,0.003405,0.0212288
0.002975,0.001989,0.0023668,0.0029765,0.00199,0.0023309
0.002909,0.002039,0.0027488,0.0029105,0.00204,0.0027119
0.002049,0.001854,0.0037908,0.0020501,0.001855,0.0037517
0.002704,0.001793,0.0043748,0.0027058,0.0017942,0.0043339
0.003066,0.001718,0.0020938,0.0030674,0.0017188,0.0020587
0.003041,0.001688,0.0024518,0.0030425,0.0016888,0.0024157
0.003268,0.00137,0.0024578,0.0032696,0.0013707,0.0024216
0.002535,0.002402,0.0023808,0.0025362,0.0024031,0.0023449
0.001622,0.00302,0.0024228,0.0016228,0.0030214,0.0023868
0.002326,0.002671,0.0023938,0.0023271,0.0026723,0.0023578
0.002194,0.002755,0.0027528,0.0021951,0.0027564,0.0027159
0.002082,0.002437,0.0045928,0.0020834,0.0024387,0.0045513
0.000983,0.00347,0.0023568,0.0009835,0.0034717,0.0023209
0.001277,0.003266,0.0024168,0.0012776,0.0032676,0.0023808
0.000721,0.00345,0.0024698,0.0007214,0.0034517,0.0024336
0.000233,0.003473,0.0024308,0.0002331,0.0034747,0.0023948
-0.000132,0.003565,0.0024128,-0.0001321,0.0035667,0.0023768
-0.000505,0.003511,0.0023738,-0.0005053,0.0035127,0.0023379
-0.000818,0.003469,0.0024798,-0.0008184,0.0034707,0.0024436
-0.001198,0.00328,0.0020288,-0.0011985,0.0032815,0.0019938
-0.0012,0.002749,0.0021118,-0.0012005,0.0027501,0.0020769
-0.001061,0.001055,0.0022688,-0.0010614,0.0010554,0.0022342
-0.00117,0.003272,0.0023878,-0.0011706,0.0032736,0.0023519
-0.001657,0.003012,0.0024338,-0.0016578,0.0030135,0.0023978
-0.003212,0.001565,0.0023958,-0.0032136,0.0015657,0.0023598
-0.003196,0.001257,0.0021098,-0.0031975,0.0012576,0.0020746
-0.002709,0.001325,0.0020748,-0.0027101,0.0013255,0.00204
-0.002978,0.001357,0.0023698,-0.0029794,0.0013576,0.002334
-0.003336,0.001067,0.0024098,-0.0033376,0.0010675,0.0023738
-0.003515,0.000353,0.0024268,-0.0035167,0.0003532,0.0023908
-0.003569,1e-05,0.0023968,-0.0035707,1e-05,0.0023608
-0.003395,-0.000212,0.0024588,-0.0033966,-0.0002121,0.0024227
-0.003417,-0.000509,0.0025368,-0.0034187,-0.0005093,0.0025005
-0.002996,-0.000867,0.0025108,-0.0029974,-0.0008674,0.0024748
-0.002987,-0.001249,0.0023788,-0.0029884,-0.0012496,0.002343
-0.003014,-0.00183,0.0021068,-0.0030154,-0.0018308,0.0020716
-0.002652,-0.001837,0.0024328,-0.0026532,-0.0018379,0.0023969
-0.003013,-0.001825,0.0028288,-0.0030145,-0.0018259,0.0027917
-0.002534,-0.002093,0.0044318,-0.0025357,-0.0020944,0.0043907
-0.001242,-0.001344,0.0028458,-0.0012425,-0.0013446,0.0028098
-0.001805,-0.00116,0.0036958,-0.0018059,-0.0011606,0.0036576
-0.002629,-0.001187,0.0044588,-0.0026307,-0.0011878,0.0044179
-0.002744,-0.002199,0.0023238,-0.0027453,-0.0022,0.002288
-0.002374,-0.002531,0.0026628,-0.0023752,-0.0025323,0.0026262
0.003241,-0.000251,0.0024558,0.0032425,-0.0002511,0.0024198
0.003566,-0.000295,0.0028258,0.0035678,-0.0002952,0.0027887
0.00323,-0.001359,0.0024808,0.0032315,-0.0013597,0.0024446
0.00329,-0.000775,0.0025198,0.0032915,-0.0007753,0.0024836
0.000694,-0.003383,0.0212818,0.000694,-0.003383,0.0212218
-0.00162,-0.003016,0.0213868,-0.00162,-0.003016,0.0213268
-0.002951,-0.001794,0.0213868,-0.002951,-0.001794,0.0213268
-0.003438,0.001126,0.0214118,-0.003438,0.001126,0.0213518
-0.003107,0.001086,0.0213368,-0.003107,0.001086,0.0212768
-0.003114,0.000834,0.0214738,-0.003114,0.000834,0.0214138
-0.00344,0.000983,0.0210848,-0.00344,0.000983,0.0210248
-0.002842,0.002023,0.0213268,-0.002842,0.002023,0.0212668
-0.00293,0.001975,0.0210158,-0.00293,0.001975,0.0209558
-0.00253,0.001777,0.0194648,-0.00253,0.001777,0.0194048
0.003386,0.001088,0.0214238,0.003386,0.001088,0.0213638
0.003299,0.000845,0.0027708,0.0033006,0.0008454,0.0027339
0.003078,0.000538,0.0214188,0.003078,0.000538,0.0213588
0.0035,0.000363,0.0210938,0.0035,0.000363,0.0210338
-0.000947,-0.003321,0.0021418,-0.0009474,-0.0033225,0.0021066
0.001792,0.003098,0.0211308,0.001792,0.003098,0.0210708
0.001893,0.000173,0.0201618,0.001893,0.000173,0.0201018
0.002601,0.00016,0.0193728,0.002601,0.00016,0.0193128
0.003425,0.000198,0.0187538,0.003425,0.000198,0.0186938
0.003155,0.000135,0.0211558,0.003155,0.000135,0.0210958
0.002776,9e-05,0.0211668,0.002776,9e-05,0.0211068
0.001125,0.000391,0.0207928,0.001125,0.000391,0.0207328
0.001069,-0.000481,0.0210018,0.001069,-0.000481,0.0209418
0.001742,-0.000513,0.0201558,0.001742,-0.000513,0.0200958
0.002565,-0.000346,0.0194768,0.002565,-0.000346,0.0194168
0.003576,1.7e-05,0.0206798,0.003576,1.7e-05,0.0206198
-0.000152,-0.003206,0.0013788,-0.000152,-0.0032073,0.0013456
-0.000208,-0.003234,0.0017658,-0.0002081,-0.0032354,0.0017316
-8.5e-05,-0.003574,0.0022778,-8.5e-05,-0.0035757,0.0022421
0.001873,0.000953,0.0202158,0.001873,0.000953,0.0201558
0.003274,0.001184,0.0210908,0.003274,0.001184,0.0210308
0.002957,0.000741,0.0209788,0.002957,0.000741,0.0209188
0.000268,-0.003557,0.0021178,0.0002681,-0.0035587,0.0020826
0.000287,-0.003564,0.0024718,0.0002871,-0.0035657,0.0024356
0.000585,-0.003368,0.0024288,0.0005853,-0.0033696,0.0023928
0.001256,-0.003333,0.0023788,0.0012566,-0.0033347,0.0023428
0.001004,-0.003135,0.0024138,0.0010045,-0.0031364,0.0023779
0.000297,-0.003217,0.0017088,0.0002971,-0.0032183,0.0016748
0.003063,-0.001745,0.0024248,0.0030645,-0.0017458,0.0023887
-0.000115,0.003498,0.0212798,-0.000115,0.003498,0.0212198
-0.000124,0.003541,0.0209578,-0.000124,0.003541,0.0208978
-0.000354,0.001724,0.0208508,-0.000354,0.001724,0.0207908
-0.000245,0.002539,0.0202148,-0.000245,0.002539,0.0201548
-0.000236,0.003144,0.0193988,-0.000236,0.003144,0.0193388
-7.8e-05,0.003529,0.0217238,-7.8e-05,0.003529,0.0216638
-0.000494,0.003471,0.0217788,-0.000494,0.003471,0.0217188
-0.001058,0.001701,0.0201508,-0.001058,0.001701,0.0200908
-0.001576,0.003172,0.0209038,-0.001576,0.003172,0.0208438
-0.002059,0.002837,0.0024958,-0.00206,0.0028384,0.0024596
-0.002038,0.002855,0.0028738,-0.002039,0.0028565,0.0028366
-0.001953,0.002632,0.0044198,-0.0019543,0.0026337,0.0043787
-0.00289,0.001979,0.0024628,-0.0028914,0.00198,0.0024267
-0.00114,-0.003232,0.0024018,-0.0011406,-0.0032335,0.0023659
-0.001789,-0.002944,0.0027118,-0.0017899,-0.0029455,0.0026751
0.002982,0.001987,0.0210228,0.002982,0.001987,0.0209628
0.00313,0.001643,0.0209868,0.00313,0.001643,0.0209268
0.001971,-0.002434,0.0212698,0.001971,-0.002434,0.0212098
0.002174,-0.002239,0.0209998,0.002174,-0.002239,0.0209398
0.0011,-0.001714,0.0200708,0.0011,-0.001714,0.0200108
0.001971,-0.001803,0.0196038,0.001971,-0.001803,0.0195438
0.002544,-0.002052,0.0209738,0.002544,-0.002052,0.0209138
0.003164,-0.001608,0.0208918,0.003164,-0.001608,0.0208318
0.001422,-0.002725,0.0193938,0.001422,-0.002725,0.0193338
0.001688,-0.002698,0.0211448,0.001688,-0.002698,0.0210848
0.00162,-0.003076,0.0209198,0.00162,-0.003076,0.0208598
0.001316,-0.003328,0.0209238,0.001316,-0.003328,0.0208638
0.000817,-0.000732,0.0176058,0.000817,-0.000732,0.0175458
0.000743,-0.002146,0.0162368,0.000743,-0.002146,0.0161768
0.000503,-0.001821,0.0200368,0.000503,-0.001821,0.0199768
0.000576,-0.002762,0.0195388,0.000576,-0.002762,0.0194788
0.000863,-0.003153,0.0209818,0.000863,-0.003153,0.0209218
0.000736,-0.002826,0.0209768,0.000736,-0.002826,0.0209168
0.000496,-0.001132,0.0209868,0.000496,-0.001132,0.0209268
0.000351,-0.003562,0.0206588,0.000351,-0.003562,0.0205988
-0.000215,-0.002084,0.0201518,-0.000215,-0.002084,0.0200918
-0.000226,-0.002675,0.0194528,-0.000226,-0.002675,0.0193928
-0.000114,-0.00281,0.0210758,-0.000114,-0.00281,0.0210158
-0.00037,-0.001198,0.0208248,-0.00037,-0.001198,0.0207648
-0.000124,-0.003532,0.0207088,-0.000124,-0.003532,0.0206488
-0.000396,-0.003555,0.0211028,-0.000396,-0.003555,0.0210428
-0.000605,-0.003078,0.0209308,-0.000605,-0.003078,0.0208708
-0.001035,-0.00331,0.0209318,-0.001035,-0.00331,0.0208718
-0.000886,-0.002923,0.0209978,-0.000886,-0.002923,0.0209378
-0.000991,-0.002005,0.0199758,-0.000991,-0.002005,0.0199158
-0.00138,-0.003251,0.0209108,-0.00138,-0.003251,0.0208508
-0.001594,-0.002964,0.0209778,-0.001594,-0.002964,0.0209178
-0.002022,-0.002436,0.0210698,-0.002022,-0.002436,0.0210098
-0.001996,-0.002074,0.0209728,-0.001996,-0.002074,0.0209128
-0.001764,-0.001336,0.0201328,-0.001764,-0.001336,0.0200728
-0.001841,-0.001954,0.0193758,-0.001841,-0.001954,0.0193158
-0.001904,-0.002794,0.0208178,-0.001904,-0.002794,0.0207578
-0.002047,-0.002881,0.0202828,-0.002047,-0.002881,0.0202228
-0.001744,-0.00274,0.0189438,-0.001744,-0.00274,0.0188838
-0.002566,-0.002506,0.0210738,-0.002566,-0.002506,0.0210138
-0.002421,-0.002242,0.0210708,-0.002421,-0.002242,0.0210108
-0.002887,-0.001894,0.0210568,-0.002887,-0.001894,0.0209968
-0.002957,-0.001252,0.0209408,-0.002957,-0.001252,0.0208808
-0.002814,-0.002182,0.0206218,-0.002814,-0.002182,0.0205618
-0.002718,-0.001931,0.0186348,-0.002718,-0.001931,0.0185748
-0.003283,-0.001459,0.0210148,-0.003283,-0.001459,0.0209548
-0.003066,-0.000942,0.0211038,-0.003066,-0.000942,0.0210438
-0.003539,-0.000632,0.0211518,-0.003539,-0.000632,0.0210918
-0.001778,-0.000476,0.0201668,-0.001778,-0.000476,0.0201068
-0.002533,-0.000474,0.0195118,-0.002533,-0.000474,0.0194518
-0.003256,-0.00049,0.0187138,-0.003256,-0.00049,0.0186538
-0.003457,-0.000315,0.0210748,-0.003457,-0.000315,0.0210148
-0.003507,1.7e-05,0.0210778,-0.003507,1.7e-05,0.0210178
-0.003011,5.5e-05,0.0209898,-0.003011,5.5e-05,0.0209298
-0.002579,0.000107,0.0210768,-0.002579,0.000107,0.0210168
-0.000938,0.000253,0.0210058,-0.000938,0.000253,0.0209458
-0.001641,9.5e-05,0.0202998,-0.001641,9.5e-05,0.0202398
-0.00232,0.000109,0.0196308,-0.00232,0.000109,0.0195708
-0.001032,-0.000547,0.0208748,-0.001032,-0.000547,0.0208148
-0.000995,0.000186,0.0216078,-0.000995,0.000186,0.0215478
-0.003551,0.000171,0.0206778,-0.003551,0.000171,0.0206178
-0.003481,2.5e-05,0.0203478,-0.003481,2.5e-05,0.0202878
-0.003233,0.000285,0.0187588,-0.003233,0.000285,0.0186988
-0.003249,0.000263,0.0180988,-0.003249,0.000263,0.0180388
-0.000518,0.000588,0.0176798,-0.000518,0.000588,0.0176198
-0.003555,0.000372,0.0210868,-0.003555,0.000372,0.0210268
-0.002936,0.00075,0.0209908,-0.002936,0.00075,0.0209308
-0.003468,0.000524,0.0206568,-0.003468,0.000524,0.0205968
-0.001567,0.000801,0.0202578,-0.001567,0.000801,0.0201978
-0.002361,0.001111,0.0195848,-0.002361,0.001111,0.0195248
-0.003218,0.001224,0.0210288,-0.003218,0.001224,0.0209688
-0.002761,0.001289,0.0212588,-0.002761,0.001289,0.0211988
-0.00315,0.001625,0.0209688,-0.00315,0.001625,0.0209088
-0.002567,0.00233,0.0209388,-0.002567,0.00233,0.0208788
0.003176,1.6e-05,0.0025518,0.0031775,1.6e-05,0.0025157
0.003527,0.000138,0.0027798,0.0035288,0.0001381,0.0027429
0.00028,-0.003211,0.0021738,0.0002801,-0.0032124,0.0021386
0.002074,-0.002437,0.0022258,0.0020749,-0.0024381,0.0021905
0.002122,-0.002198,0.0019898,0.0021229,-0.0021989,0.0019551
0.001617,-0.002786,0.0024318,0.0016177,-0.0027872,0.0023959
0.00195,-0.002402,0.0025568,0.0019509,-0.0024031,0.0025207
0.001122,0.003359,0.0209148,0.001122,0.003359,0.0208548
0.001177,0.001609,0.0202388,0.001177,0.001609,0.0201788
0.00118,0.002405,0.0195588,0.00118,0.002405,0.0194988
0.000631,0.003478,0.0209558,0.000631,0.003478,0.0208958
0.002764,0.001494,0.0213768,0.002764,0.001494,0.0213168
0.002925,0.001458,0.0217258,0.002925,0.001458,0.0216658
0.000246,0.003535,0.0210188,0.000246,0.003535,0.0209588
-0.000382,0.001667,0.0201338,-0.000382,0.001667,0.0200738
-0.00023,0.002722,0.0195228,-0.00023,0.002722,0.0194628
-0.000279,0.003268,0.0187708,-0.000279,0.003268,0.0187108
-0.000236,-0.002062,0.0029978,-0.0002361,-0.0020629,0.0029613
-0.000242,-0.002571,0.0038278,-0.0002421,-0.0025725,0.0037888
-0.000384,-0.003097,0.0022568,-0.0003841,-0.0030984,0.0022214
-0.000502,-0.002871,0.0021228,-0.0005022,-0.0028722,0.0020879
-0.000247,-0.001203,0.0022328,-0.0002471,-0.0012034,0.0021984
0.003514,0.000735,0.0211968,0.003514,0.000735,0.0211368
0.003219,0.000506,0.0211358,0.003219,0.000506,0.0210758
0.003532,0.000416,0.0206318,0.003532,0.000416,0.0205718
-0.000922,-0.002117,0.0037048,-0.0009225,-0.0021181,0.0036664
-0.001169,-0.002732,0.0042848,-0.0011697,-0.0027337,0.0042443
-0.000574,-0.000783,0.0062668,-0.0005747,-0.0007839,0.0062227
-0.00049,-0.002158,0.0077878,-0.0004905,-0.0021601,0.0077387
-0.001256,-0.003277,0.0028088,-0.0012566,-0.0032787,0.0027718
-0.001343,-0.002875,0.0027378,-0.0013436,-0.0028764,0.0027011
0.000288,-0.003112,0.0024558,0.0002881,-0.0031134,0.0024199
0.000346,-0.00356,0.0027818,0.0003462,-0.0035618,0.0027448
0.00268,0.002215,0.0209858,0.00268,0.002215,0.0209258
-0.000576,0.003458,0.0213788,-0.000576,0.003458,0.0213188
0.002543,0.002437,0.0027668,0.0025443,0.0024382,0.0027299
0.002074,-0.000608,0.0038558,0.0020752,-0.0006084,0.0038171
0.002649,-0.000391,0.0043608,0.0026507,-0.0003913,0.0043203
0.003161,-0.000388,0.0027028,0.0031625,-0.0003882,0.0026662
0.002873,-0.00037,0.0029718,0.0028744,-0.0003702,0.0029347
0.001353,-0.00046,0.0029068,0.0013535,-0.0004602,0.0028709
0.001152,0.000132,0.0030748,0.0011525,0.0001321,0.0030387
0.001866,0.000303,0.0037898,0.001867,0.0003032,0.0037516
0.002724,0.00027,0.0044618,0.0027258,0.0002702,0.004421
0.003529,-0.000502,0.0031378,0.0035309,-0.0005023,0.0030998
0.003386,-0.001122,0.0209258,0.003386,-0.001122,0.0208658
0.003337,-0.000733,0.0210638,0.003337,-0.000733,0.0210038
-0.001667,0.003146,0.0204428,-0.001667,0.003146,0.0203828
0.003582,-0.00045,0.0211938,0.003582,-0.00045,0.0211338
0.003539,-0.000388,0.0206868,0.003539,-0.000388,0.0206268
0.001398,0.003199,0.0211728,0.001398,0.003199,0.0211128
0.002843,-0.001448,0.0210068,0.002843,-0.001448,0.0209468
0.003241,-0.001369,0.0205368,0.003241,-0.001369,0.0204768
0.003283,0.000375,0.0025418,0.0032845,0.0003752,0.0025056
0.003193,0.000414,0.0207538,0.003193,0.000414,0.0206938
0.001077,0.003419,0.0028158,0.0010776,0.0034208,0.0027787
0.001282,0.003092,0.0027738,0.0012826,0.0030935,0.0027369
0.001357,0.002601,0.0027288,0.0013576,0.0026022,0.0026923
0.001024,0.001852,0.0037518,0.0010245,0.001853,0.0037134
0.001126,0.002401,0.0043698,0.0011267,0.0024025,0.0043293
0.000828,0.00072,0.0061958,0.000829,0.0007208,0.0061518
0.000996,0.001967,0.0077488,0.000997,0.001969,0.0076998
0.001775,0.003058,0.0028268,0.0017759,0.0030595,0.0027897
0.000707,0.003466,0.0028378,0.0007074,0.0034678,0.0028007
0.001171,0.003397,0.0031788,0.0011716,0.0033989,0.0031407
0.000298,0.003514,0.0028148,0.0002981,0.0035157,0.0027777
0.000419,0.001671,0.0038738,0.0004192,0.0016719,0.0038355
0.000414,0.002354,0.0044368,0.0004143,0.0023555,0.0043964
0.000315,0.003053,0.0052698,0.0003152,0.0030553,0.0052267
-0.000132,0.003558,0.0028738,-0.000132,0.0035599,0.0028366
-0.000555,0.003495,0.0027618,-0.0005553,0.0034968,0.0027249
-0.000912,0.001743,0.0037158,-0.0009125,0.0017439,0.0036777
-0.000999,0.0025,0.0045228,-0.0009997,0.0025016,0.0044819
-0.000933,0.003417,0.0027468,-0.0009335,0.0034187,0.0027099
-0.001713,0.003108,0.0028078,-0.0017139,0.0031096,0.0027708
-0.0013,0.003141,0.0028048,-0.0013007,0.0031426,0.0027678
-0.001221,0.002754,0.0028788,-0.0012216,0.0027553,0.0028419
-0.001073,0.001002,0.0029358,-0.0010735,0.0010024,0.0028998
-0.002541,0.002373,0.0027338,-0.0025423,0.0023742,0.002697
-0.001797,0.001014,0.0037248,-0.0017979,0.0010145,0.0036866
-0.001839,0.001787,0.0044318,-0.0018402,0.0017882,0.0043912
-0.001844,0.002631,0.0051128,-0.0018454,0.0026329,0.00507
-0.001844,0.002503,0.0058088,-0.0018455,0.0025051,0.0057644
-0.000638,0.000527,0.0061278,-0.0006387,0.0005276,0.0060842
-0.000605,0.001882,0.0076608,-0.0006056,0.001884,0.007612
-0.002785,0.002052,0.0028048,-0.0027864,0.002053,0.0027678
-0.003086,0.001644,0.0027578,-0.0030876,0.0016448,0.0027209
-0.002563,0.000956,0.0043658,-0.0025647,0.0009566,0.0043252
-0.00241,0.001666,0.0052918,-0.0024119,0.0016673,0.0052487
-0.00272,0.001608,0.0028508,-0.0027213,0.0016087,0.0028138
-0.002623,0.001253,0.0028988,-0.0026242,0.0012536,0.0028619
-0.00321,0.00125,0.0027768,-0.0032116,0.0012506,0.0027399
-0.003078,0.001685,0.0031488,-0.0030796,0.0016859,0.0031109
-0.003412,0.000935,0.0027928,-0.0034138,0.0009355,0.0027558
-0.003026,0.000891,0.0028848,-0.0030275,0.0008914,0.0028478
-0.003548,0.000585,0.0028038,-0.0035499,0.0005853,0.0027667
-0.003508,0.000813,0.0031708,-0.0035099,0.0008134,0.0031327
-0.003436,0.000312,0.0028458,-0.0034378,0.0003122,0.0028087
-0.003598,-0.000277,0.0026918,-0.0035998,-0.0002771,0.002655
-0.003354,-0.000296,0.0027958,-0.0033557,-0.0002961,0.0027588
-0.003102,-0.000194,0.0028688,-0.0031035,-0.0001941,0.0028319
-0.002593,-0.000355,0.0026848,-0.0025941,-0.0003552,0.0026487
-0.001047,-0.000401,0.0029528,-0.0010474,-0.0004012,0.002917
-0.001728,-0.00035,0.0037718,-0.0017289,-0.0003502,0.0037337
-0.00177,0.000269,0.0037778,-0.0017709,0.0002691,0.0037396
-0.002666,0.000213,0.0043388,-0.0026677,0.0002132,0.0042984
-0.001081,-0.000465,0.0022548,-0.0010814,-0.0004651,0.0022204
-0.003437,-0.000692,0.0027718,-0.0034387,-0.0006923,0.0027348
-0.003404,-0.000295,0.0034518,-0.0034059,-0.0002952,0.0034131
-0.003251,-0.000335,0.0051818,-0.0032534,-0.0003353,0.0051388
-0.003284,-0.000414,0.0059638,-0.0032867,-0.0004143,0.005919
-0.002064,-0.000814,0.0077018,-0.0020661,-0.0008148,0.007653
-0.003429,0.000211,0.0050978,-0.0034315,0.0002112,0.005055
-0.003094,-0.0006,0.0028578,-0.0030955,-0.0006003,0.0028209
-0.003485,-0.000573,0.0032858,-0.0034869,-0.0005733,0.0032475
-0.003217,-0.001028,0.0028038,-0.0032186,-0.0010285,0.0027668
-0.003221,-0.001405,0.0027118,-0.0032226,-0.0014057,0.002675
-0.001931,-0.002179,0.0045528,-0.0019323,-0.0021804,0.0045117
-0.00265,-0.002043,0.0051488,-0.0026519,-0.0020445,0.0051059
-0.002637,-0.002059,0.0058178,-0.0026391,-0.0020607,0.0057733
-0.002871,-0.002137,0.0026748,-0.0028725,-0.0021381,0.0026381
-0.002018,-0.002605,0.0026968,-0.002019,-0.0026062,0.0026602
-0.001955,-0.002106,0.0028358,-0.0019559,-0.002107,0.0027991
-0.002174,-0.002217,0.0026438,-0.002175,-0.002218,0.0026075
-0.002285,-0.002398,0.0031608,-0.0022862,-0.0023992,0.003123
0.002527,-0.002091,0.0024048,0.0025282,-0.0020919,0.0023689
0.002603,-0.002245,0.0020428,0.0026042,-0.002246,0.0020078
0.001363,-0.003193,0.0205258,0.001363,-0.003193,0.0204658
0.001858,-0.002916,0.0205258,0.001858,-0.002916,0.0204658
0.001008,-0.003337,0.0206268,0.001008,-0.003337,0.0205668
0.000637,-0.003385,0.0205288,0.000637,-0.003385,0.0204688
0.000267,-0.00321,0.0205858,0.000267,-0.00321,0.0205258
0.000348,-0.003553,0.0203048,0.000348,-0.003553,0.0202448
-0.000517,-0.003361,0.0205738,-0.000517,-0.003361,0.0205138
-0.000848,-0.003397,0.0205228,-0.000848,-0.003397,0.0204628
-0.001247,-0.003373,0.0206268,-0.001247,-0.003373,0.0205668
-0.001717,-0.003067,0.0206198,-0.001717,-0.003067,0.0205598
-0.002433,-0.002574,0.0206478,-0.002433,-0.002574,0.0205878
-0.00301,-0.001807,0.0207058,-0.00301,-0.001807,0.0206458
-0.003243,-0.00145,0.0206548,-0.003243,-0.00145,0.0205948
-0.003497,-0.000736,0.0206608,-0.003497,-0.000736,0.0206008
-0.00354,-0.000266,0.0207598,-0.00354,-0.000266,0.0206998
-0.003454,0.000971,0.0206458,-0.003454,0.000971,0.0205858
-0.003215,0.001295,0.0206328,-0.003215,0.001295,0.0205728
-0.003094,0.001763,0.0206448,-0.003094,0.001763,0.0205848
-0.002863,0.002072,0.0206598,-0.002863,0.002072,0.0205998
-0.0029,0.001998,0.0202348,-0.0029,0.001998,0.0201748
-0.001787,0.001773,0.0194848,-0.001787,0.001773,0.0194248
-0.002705,0.001691,0.0187048,-0.002705,0.001691,0.0186448
0.00298,0.001577,0.0027778,0.0029815,0.0015778,0.0027409
0.002906,0.001199,0.0026678,0.0029074,0.0011996,0.0026314
0.001915,0.000985,0.0036678,0.001916,0.0009855,0.0036296
0.003312,0.001274,0.0027908,0.0033137,0.0012747,0.0027537
0.000631,-0.002077,0.0036308,0.0006313,-0.0020781,0.0035927
0.000493,-0.002639,0.0044348,0.0004933,-0.0026407,0.0043941
0.000693,-0.003434,0.0027798,0.0006934,-0.0034357,0.0027428
0.00055,-0.002731,0.0027048,0.0005502,-0.0027322,0.0026685
0.001356,-0.001852,0.0038278,0.0013567,-0.001853,0.0037891
0.000423,-0.001157,0.0028708,0.0004232,-0.0011575,0.0028351
0.003379,-0.000992,0.0205688,0.003379,-0.000992,0.0205088
0.002538,0.00239,0.0206128,0.002538,0.00239,0.0205528
0.002896,0.001892,0.0206508,0.002896,0.001892,0.0205908
0.00297,0.001845,0.0202688,0.00297,0.001845,0.0202088
0.001938,0.001627,0.0194228,0.001938,0.001627,0.0193628
0.002743,0.001565,0.0187778,0.002743,0.001565,0.0187178
0.00107,0.003049,0.0213328,0.00107,0.003049,0.0212728
0.001109,0.002725,0.0210668,0.001109,0.002725,0.0210068
0.000435,0.000935,0.0208258,0.000435,0.000935,0.0207658
0.000634,0.001746,0.0202388,0.000634,0.001746,0.0201788
0.000969,0.003374,0.0205808,0.000969,0.003374,0.0205208
-0.000888,-0.003324,0.0025718,-0.0008884,-0.0033256,0.0025354
0.003003,-5.1e-05,0.0028348,0.0030044,-5.1e-05,0.002798
0.003551,-4.2e-05,0.0031528,0.0035529,-4.2e-05,0.0031148
0.003551,0.000136,0.0034718,0.003553,0.0001361,0.003433
0.003322,0.000262,0.0050328,0.0033244,0.0002622,0.0049902
-0.000798,0.003477,0.0209618,-0.000798,0.003477,0.0209018
-0.001205,0.003319,0.0210948,-0.001205,0.003319,0.0210348
-0.000463,0.003431,0.0210028,-0.000463,0.003431,0.0209428
-0.000774,0.003079,0.0209968,-0.000774,0.003079,0.0209368
-0.000964,0.002726,0.0210878,-0.000964,0.002726,0.0210278
-0.000142,0.00102,0.0209548,-0.000142,0.00102,0.0208948
-0.001011,0.003393,0.0206928,-0.001011,0.003393,0.0206328
-0.001127,0.002961,0.0208858,-0.001127,0.002961,0.0208258
0.000283,0.003534,0.0206328,0.000283,0.003534,0.0205728
0.000223,0.003491,0.0202588,0.000223,0.003491,0.0201988
0.000595,0.003193,0.0188018,0.000595,0.003193,0.0187418
-3.7e-05,0.003469,0.0205758,-3.7e-05,0.003469,0.0205158
0.002184,0.002738,0.0206698,0.002184,0.002738,0.0206098
0.002075,0.002824,0.0203908,0.002075,0.002824,0.0203308
0.002044,0.002425,0.0185898,0.002044,0.002425,0.0185298
0.000611,0.003375,0.0205158,0.000611,0.003375,0.0204558
0.003396,-0.000666,0.0206808,0.003396,-0.000666,0.0206208
-0.000101,-0.003183,0.0021598,-0.000101,-0.0031844,0.0021246
0.001105,-0.003328,0.0027388,0.0011056,-0.0033297,0.0027019
0.003221,-0.001426,0.0028218,0.0032227,-0.0014267,0.0027847
0.002866,-0.001519,0.0027628,0.0028674,-0.0015197,0.002726
0.001987,-0.00117,0.0037468,0.0019881,-0.0011706,0.0037083
0.003041,-0.001826,0.0028038,0.0030426,-0.0018269,0.0027668
0.003315,-0.001083,0.0027368,0.0033167,-0.0010836,0.0027
0.003135,-0.001557,0.0031608,0.0031367,-0.0015579,0.0031228
0.001503,-0.003225,0.0028148,0.0015038,-0.0032267,0.0027778
0.001889,-0.002945,0.0027718,0.00189,-0.0029465,0.0027349
0.002892,0.001115,0.0209128,0.002892,0.001115,0.0208528
0.003131,0.001344,0.0208548,0.003131,0.001344,0.0207948
0.003252,0.001508,0.0206708,0.003252,0.001508,0.0206108
0.003261,7.2e-05,0.0204678,0.003261,7.2e-05,0.0204078
0.002215,-0.002638,0.0027088,0.0022161,-0.0026393,0.0026721
0.002075,-0.002163,0.0027918,0.0020759,-0.002164,0.0027551
0.00196,-0.00206,0.0044228,0.0019613,-0.0020613,0.004382
0.00316,-0.000335,0.0205498,0.00316,-0.000335,0.0204898
0.00346,-0.000356,0.0202398,0.00346,-0.000356,0.0201798
0.003203,0.000323,0.0029108,0.0032046,0.0003232,0.0028737
0.003514,0.000325,0.0031498,0.0035159,0.0003252,0.0031118
0.001967,-0.001355,0.0193328,0.001967,-0.001355,0.0192728
0.001255,-0.000883,0.0196108,0.001255,-0.000883,0.0195508
0.002647,-0.001194,0.0187038,0.002647,-0.001194,0.0186438
0.002688,-0.001295,0.0179528,0.002688,-0.001295,0.0178928
0.002299,-0.000738,0.0162548,0.002299,-0.000738,0.0161948
0.002936,-0.00132,0.0202838,0.002936,-0.00132,0.0202238
0.001225,-0.001167,0.0201258,0.001225,-0.001167,0.0200658
0.002274,0.002702,0.0031348,0.0022752,0.0027035,0.0030969
0.002143,0.002834,0.0034818,0.0021442,0.0028356,0.003443
0.001925,0.001727,0.0044158,0.0019262,0.0017281,0.0043753
0.001912,0.002431,0.0051458,0.0019134,0.0024328,0.005103
0.002587,0.002483,0.0031208,0.0025884,0.0024844,0.0030829
0.000843,0.003507,0.0031368,0.0008435,0.0035089,0.0030988
0.001421,0.002862,0.0031518,0.0014217,0.0028635,0.0031141
0.000129,0.003513,0.0031398,0.0001291,0.0035149,0.0031018
-0.000141,0.003499,0.0033978,-0.0001411,0.0035009,0.0033592
-0.000255,0.001834,0.0037628,-0.0002551,0.001835,0.0037246
-0.000339,0.003229,0.0051188,-0.0003392,0.0032313,0.005076
-0.000583,0.003491,0.0032038,-0.0005833,0.0034929,0.0031657
-0.000972,0.003396,0.0031338,-0.0009725,0.0033978,0.0030959
-0.001586,0.003175,0.0032078,-0.0015869,0.0031767,0.0031697
-0.002042,0.002733,0.0031778,-0.0020431,0.0027345,0.0031398
-0.002866,0.002036,0.0031418,-0.0028675,0.0020371,0.0031039
-0.003521,0.000447,0.0032098,-0.0035229,0.0004473,0.0031717
-0.003418,-2.9e-05,0.0030478,-0.0034198,-2.9e-05,0.0030102
-0.003157,-0.001331,0.0032168,-0.0031587,-0.0013317,0.0031787
-0.00282,-0.002158,0.0030268,-0.0028215,-0.0021591,0.0029891
0.001399,0.003102,0.0206398,0.001399,0.003102,0.0205798
0.000971,0.002953,0.0205878,0.000971,0.002953,0.0205278
0.001347,0.003267,0.0202668,0.001347,0.003267,0.0202068
0.002568,-0.002305,0.0027408,0.0025693,-0.0023061,0.002704
0.002339,-0.002271,0.0031298,0.0023402,-0.0022722,0.0030921
0.002996,-0.001908,0.0031848,0.0029976,-0.001909,0.0031468
0.003393,0.000819,0.0205518,0.003393,0.000819,0.0204918
0.001353,-0.002897,0.0203028,0.001353,-0.002897,0.0202428
0.001182,-0.001814,0.0194088,0.001182,-0.001814,0.0193488
0.001158,-0.002748,0.0188398,0.001158,-0.002748,0.0187798
0.001594,-0.002658,0.0202528,0.001594,-0.002658,0.0201928
0.000449,-0.001981,0.0192878,0.000449,-0.001981,0.0192278
0.000405,-0.002773,0.0187778,0.000405,-0.002773,0.0187178
0.00087,-0.003297,0.0202168,0.00087,-0.003297,0.0201568
0.000444,-0.003323,0.0201738,0.000444,-0.003323,0.0201138
0.000355,-0.002755,0.0204638,0.000355,-0.002755,0.0204038
0.000579,-0.001014,0.0203158,0.000579,-0.001014,0.0202558
-0.000227,-0.001187,0.0201248,-0.000227,-0.001187,0.0200648
-0.000403,-0.00125,0.0194558,-0.000403,-0.00125,0.0193958
-0.000614,-0.000793,0.0176388,-0.000614,-0.000793,0.0175788
-0.000118,-0.002128,0.0195358,-0.000118,-0.002128,0.0194758
-0.000283,-0.002725,0.0188248,-0.000283,-0.002725,0.0187648
-0.000203,-0.00256,0.0180888,-0.000203,-0.00256,0.0180288
-0.000565,-0.002196,0.0162838,-0.000565,-0.002196,0.0162238
0.000297,-0.003548,0.0199988,0.000297,-0.003548,0.0199388
6.4e-05,-0.0036,0.0204738,6.4e-05,-0.0036,0.0204138
-0.000119,-0.003198,0.0206268,-0.000119,-0.003198,0.0205668
-0.000244,-0.003043,0.0203018,-0.000244,-0.003043,0.0202418
-0.000177,-0.003512,0.0199628,-0.000177,-0.003512,0.0199028
-0.000115,-0.0036,0.0195828,-0.000115,-0.0036,0.0195228
-0.000897,-0.001834,0.0196028,-0.000897,-0.001834,0.0195428
-0.001039,-0.002807,0.0187108,-0.001039,-0.002807,0.0186508
-0.000771,-0.002819,0.0204088,-0.000771,-0.002819,0.0203488
-0.001108,-0.001344,0.0201878,-0.001108,-0.001344,0.0201278
-0.001426,-0.003207,0.0202878,-0.001426,-0.003207,0.0202278
-0.002211,-0.002338,0.0203058,-0.002211,-0.002338,0.0202458
-0.002672,-0.001376,0.0204408,-0.002672,-0.001376,0.0203808
-0.001754,-0.001101,0.0194868,-0.001754,-0.001101,0.0194268
-0.002494,-0.001176,0.0188068,-0.002494,-0.001176,0.0187468
-0.002525,-0.001153,0.0180548,-0.002525,-0.001153,0.0179948
-0.002222,-0.000719,0.0160428,-0.002222,-0.000719,0.0159828
-0.003176,-0.000989,0.0206438,-0.003176,-0.000989,0.0205838
-0.003061,-0.000892,0.0203158,-0.003061,-0.000892,0.0202558
-0.003517,-0.000604,0.0202898,-0.003517,-0.000604,0.0202298
-0.001618,-0.000437,0.0195958,-0.001618,-0.000437,0.0195358
-0.00259,-0.00048,0.0187848,-0.00259,-0.00048,0.0187248
-0.003261,-0.00029,0.0181428,-0.003261,-0.00029,0.0180828
-0.003525,-0.000296,0.0203538,-0.003525,-0.000296,0.0202938
-0.001674,0.000202,0.0193848,-0.001674,0.000202,0.0193248
-0.000813,0.000199,0.0194598,-0.000813,0.000199,0.0193998
-0.002487,0.000279,0.0187288,-0.002487,0.000279,0.0186688
-0.003479,0.000639,0.0203208,-0.003479,0.000639,0.0202608
-0.003468,0.000929,0.0202698,-0.003468,0.000929,0.0202098
-0.00167,0.001121,0.0194418,-0.00167,0.001121,0.0193818
-0.00249,0.000995,0.0189488,-0.00249,0.000995,0.0188888
-0.00301,0.001194,0.0202728,-0.00301,0.001194,0.0202128
-0.002707,0.001217,0.0202928,-0.002707,0.001217,0.0202328
-0.000936,0.000978,0.0202418,-0.000936,0.000978,0.0201818
-0.003158,0.001593,0.0203108,-0.003158,0.001593,0.0202508
-0.001848,0.002625,0.0188118,-0.001848,0.002625,0.0187518
-0.002275,0.002667,0.0203258,-0.002275,0.002667,0.0202658
-0.002132,0.002809,0.0206378,-0.002132,0.002809,0.0205778
-0.000987,0.001745,0.0194658,-0.000987,0.001745,0.0194058
-0.001021,0.002482,0.0187508,-0.001021,0.002482,0.0186908
-0.001053,0.002452,0.0180688,-0.001053,0.002452,0.0180088
-0.000616,0.002158,0.0163138,-0.000616,0.002158,0.0162538
-0.001793,0.001854,0.0187558,-0.001793,0.001854,0.0186958
-0.001775,0.00264,0.0182198,-0.001775,0.00264,0.0181598
0.001824,0.00299,0.0032048,0.001825,0.0029916,0.0031667
0.00179,0.003092,0.0206798,0.00179,0.003092,0.0206198
0.002499,-0.002284,0.0206218,0.002499,-0.002284,0.0205618
0.00294,-0.001964,0.0207078,0.00294,-0.001964,0.0206478
0.002482,-0.002062,0.0202928,0.002482,-0.002062,0.0202328
0.002146,-0.002056,0.0203248,0.002146,-0.002056,0.0202648
0.001875,-0.001984,0.0187288,0.001875,-0.001984,0.0186688
0.003067,-0.001698,0.0203788,0.003067,-0.001698,0.0203188
-0.000851,-0.003233,0.0028718,-0.0008514,-0.0032346,0.0028347
0.003035,0.001899,0.0031338,0.0030366,0.0019,0.0030958
0.002929,0.002016,0.0034728,0.0029307,0.0020171,0.003434
0.002687,0.001894,0.0051358,0.002689,0.0018954,0.0050929
-7.4e-05,-0.003162,0.0026098,-7.4e-05,-0.0031635,0.0025735
-0.000124,-0.003481,0.0028478,-0.0001241,-0.0034828,0.0028107
-0.00033,-0.002193,0.0036548,-0.0003302,-0.0021941,0.0036166
-0.000245,-0.002714,0.0043878,-0.0002451,-0.0027158,0.0043472
0.003262,0.001333,0.0032318,0.0032638,0.0013337,0.0031936
0.001309,0.001887,0.0196488,0.001309,0.001887,0.0195888
0.001118,0.000984,0.0195528,0.001118,0.000984,0.0194928
0.000834,0.000759,0.0176588,0.000834,0.000759,0.0175988
0.001273,0.00245,0.0188078,0.001273,0.00245,0.0187478
0.001198,0.002576,0.0180818,0.001198,0.002576,0.0180218
0.000816,0.002113,0.0160568,0.000816,0.002113,0.0159968
0.00137,0.00114,0.0202078,0.00137,0.00114,0.0201478
0.003155,0.000105,0.0031898,0.0031566,0.0001051,0.003152
-0.001314,0.0032,0.0205838,-0.001314,0.0032,0.0205238
-0.000387,0.003534,0.0207088,-0.000387,0.003534,0.0206488
0.001851,0.001011,0.0194428,0.001851,0.001011,0.0193828
0.002888,0.00107,0.0187758,0.002888,0.00107,0.0187158
0.002788,0.000801,0.0182008,0.002788,0.000801,0.0181408
0.002101,0.000831,0.0164778,0.002101,0.000831,0.0164178
0.003281,0.001081,0.0202508,0.003281,0.001081,0.0201908
0.002807,0.00087,0.0203158,0.002807,0.00087,0.0202558
0.001182,0.000192,0.0202868,0.001182,0.000192,0.0202268
0.001951,0.000322,0.0195588,0.001951,0.000322,0.0194988
0.002565,0.000307,0.0187448,0.002565,0.000307,0.0186848
0.003473,-0.000667,0.0027788,0.0034747,-0.0006673,0.0027418
0.003074,-0.000734,0.0028138,0.0030755,-0.0007343,0.002777
0.002836,-0.001516,0.0205858,0.002836,-0.001516,0.0205258
0.00355,0.000153,0.0198978,0.00355,0.000153,0.0198378
0.003551,6.3e-05,0.0195318,0.003551,6.3e-05,0.0194718
0.003499,0.000323,0.0180998,0.003499,0.000323,0.0180398
0.001924,-0.000297,0.0194678,0.001924,-0.000297,0.0194078
0.00265,-0.000525,0.0187058,0.00265,-0.000525,0.0186458
0.00321,0.000386,0.0203388,0.00321,0.000386,0.0202788
0.003526,0.000554,0.0199068,0.003526,0.000554,0.0198468
0.001349,-0.003325,0.0031348,0.0013497,-0.0033268,0.0030969
0.00172,-0.002719,0.0031708,0.0017209,-0.0027204,0.003133
0.002859,-0.001347,0.0031648,0.0028605,-0.0013477,0.0031271
0.002841,-0.001449,0.0035688,0.0028426,-0.0014498,0.00353
0.00124,-0.001168,0.0036778,0.0012406,-0.0011686,0.00364
0.001156,-0.001269,0.0043218,0.0011567,-0.0012698,0.0042824
0.000885,-0.000797,0.0061138,0.000886,-0.0007979,0.00607
0.001795,-0.001185,0.0043838,0.0017961,-0.0011857,0.0043438
0.002619,-0.001253,0.0051768,0.002621,-0.001254,0.0051341
0.002705,-0.00121,0.0058438,0.0027073,-0.001211,0.0057994
0.00203,-0.00086,0.0076248,0.0020321,-0.0008609,0.0075761
0.003274,-0.000822,0.0031398,0.0032757,-0.0008225,0.003102
0.003229,-0.00142,0.0034918,0.0032308,-0.0014208,0.003453
0.000269,-0.003552,0.0031388,0.0002692,-0.0035539,0.0031009
0.000616,-0.003446,0.0031288,0.0006163,-0.0034479,0.0030909
0.0026,0.002463,0.0202698,0.0026,0.002463,0.0202098
0.001679,0.002447,0.0031368,0.0016798,0.0024482,0.0030993
0.001795,0.003015,0.0035438,0.001796,0.0030167,0.0035049
0.001592,0.002689,0.0206828,0.001592,0.002689,0.0206228
0.001825,0.003039,0.0203268,0.001825,0.003039,0.0202668
0.003349,0.000933,0.0032788,0.0033508,0.0009335,0.0032405
0.000289,-0.003244,0.0027738,0.0002891,-0.0032456,0.002737
0.001095,-0.003171,0.0031858,0.0010956,-0.0031727,0.0031479
-0.001281,0.003252,0.0031868,-0.0012817,0.0032538,0.0031488
-0.003091,0.001254,0.0032428,-0.0030927,0.0012547,0.0032047
-0.003081,-0.000995,0.0032098,-0.0030826,-0.0009955,0.0031719
-0.002909,-0.001871,0.0033428,-0.0029106,-0.001872,0.0033044
0.003093,0.000401,0.0032408,0.0030946,0.0004012,0.0032029
0.003544,0.00054,0.0034878,0.003546,0.0005403,0.0034489
0.003337,-0.000726,0.0202668,0.003337,-0.000726,0.0202068
0.002833,-0.000681,0.0202918,0.002833,-0.000681,0.0202318
0.001106,-0.000416,0.0202668,0.001106,-0.000416,0.0202068
-0.001623,-0.002895,0.0202528,-0.001623,-0.002895,0.0201928
-0.002855,-0.001869,0.0203778,-0.002855,-0.001869,0.0203178
0.003068,0.001575,0.0031408,0.0030696,0.0015758,0.0031029
-0.001177,-0.003176,0.0032528,-0.0011776,-0.0031777,0.0032147
0.000378,0.00155,0.0195098,0.000378,0.00155,0.0194498
0.000471,0.002417,0.0187078,0.000471,0.002417,0.0186478
0.00068,0.003329,0.0182798,0.00068,0.003329,0.0182198
0.002588,0.002299,0.0034018,0.0025894,0.0023002,0.0033632
0.000291,0.003495,0.0034368,0.0002912,0.003497,0.0033981
0.000475,0.001752,0.0044928,0.0004753,0.0017532,0.0044529
0.000525,0.00103,0.0045008,0.0005254,0.0010307,0.0044615
0.000441,0.002409,0.0051048,0.0004413,0.0024109,0.0050626
0.000478,0.003187,0.0057988,0.0004784,0.0031896,0.0057544
-0.001053,-0.001923,0.0042668,-0.0010537,-0.0019242,0.0042271
-0.000656,-0.001219,0.0043498,-0.0006564,-0.0012198,0.0043106
-0.001026,-0.002508,0.0051948,-0.0010268,-0.00251,0.0051521
-0.0017,-0.001077,0.0043828,-0.0017011,-0.0010777,0.004343
-0.001832,-0.002054,0.0052278,-0.0018334,-0.0020556,0.005185
0.003122,-0.000364,0.0032228,0.0031236,-0.0003642,0.0031849
0.003541,-0.000313,0.0034498,0.003543,-0.0003132,0.0034111
2.7e-05,-0.003583,0.0026018,2.7e-05,-0.0035848,0.0025653
-0.000112,-0.002846,0.0028398,-0.000112,-0.0028473,0.0028031
-0.000257,-0.001197,0.0029498,-0.0002571,-0.0011975,0.0029139
-0.000121,-0.003562,0.0031618,-0.0001211,-0.0035639,0.0031238
0.002893,0.00138,0.0211128,0.002893,0.00138,0.0210528
0.002825,0.001411,0.0207148,0.002825,0.001411,0.0206548
0.003143,0.001544,0.0203988,0.003143,0.001544,0.0203388
0.00138,-0.003154,0.0198528,0.00138,-0.003154,0.0197928
-0.000133,0.003532,0.0202748,-0.000133,0.003532,0.0202148
-0.000378,0.001635,0.0194298,-0.000378,0.001635,0.0193698
-0.000157,0.002644,0.0188488,-0.000157,0.002644,0.0187888
-0.000183,0.003244,0.0181058,-0.000183,0.003244,0.0180458
0.000965,0.003356,0.0033918,0.0009655,0.0033579,0.0033532
0.001142,0.001737,0.0044638,0.0011427,0.0017381,0.0044237
0.001288,0.002542,0.0052998,0.001289,0.002544,0.0052568
0.000682,0.003434,0.0034898,0.0006824,0.003436,0.0034509
0.003274,0.000853,0.0198428,0.003274,0.000853,0.0197828
0.003566,-0.000192,0.0204708,0.003566,-0.000192,0.0204108
0.003552,-0.000241,0.0199678,0.003552,-0.000241,0.0199078
-0.000485,0.003522,0.0203908,-0.000485,0.003522,0.0203308
-0.000206,-0.003145,0.0031238,-0.0002061,-0.0031466,0.0030862
-0.00011,-0.00356,0.0035368,-0.0001101,-0.0035621,0.0034979
0.001516,0.003032,0.0036428,0.0015169,0.0030338,0.0036037
0.001321,0.002626,0.0035688,0.0013217,0.0026274,0.0035302
0.00113,0.00121,0.0039358,0.0011307,0.0012106,0.0038974
0.001938,0.000157,0.0044068,0.0019393,0.0001571,0.004367
0.002604,0.000206,0.0051298,0.002606,0.0002061,0.0050874
0.002732,0.000387,0.0057948,0.0027344,0.0003873,0.0057506
0.002269,0.000642,0.0077308,0.0022712,0.0006426,0.0076819
0.003361,0.000197,0.0058388,0.0033637,0.0001972,0.0057942
0.002963,7.7e-05,0.0034928,0.0029646,7.7e-05,0.0034544
0.001058,0.000374,0.0035668,0.0010586,0.0003742,0.0035297
0.001176,-0.000494,0.0036228,0.0011766,-0.0004942,0.0035854
0.001845,-0.000401,0.0044168,0.0018462,-0.0004012,0.004377
0.002692,-0.000521,0.0051618,0.0026941,-0.0005214,0.0051192
0.003566,0.000115,0.0038428,0.0035681,0.0001151,0.0038031
-0.00098,0.003389,0.0035078,-0.0009806,0.0033909,0.0034689
-0.001133,0.001745,0.0044568,-0.0011337,0.0017461,0.0044167
-0.000923,0.002488,0.0050688,-0.0009237,0.0024899,0.0050265
-0.001316,0.003231,0.0035678,-0.0013168,0.0032328,0.0035288
-0.001229,0.002839,0.0035748,-0.0012297,0.0028406,0.003536
-0.001084,0.000967,0.0037048,-0.0010846,0.0009675,0.0036671
-0.001642,0.003124,0.0035388,-0.001643,0.0031258,0.0034998
-0.001964,0.002938,0.0034508,-0.0019651,0.0029397,0.003412
-0.002589,0.002279,0.0035008,-0.0025905,0.0022803,0.003462
-0.002861,0.002115,0.0035248,-0.0028626,0.0021162,0.0034859
-0.003108,0.001711,0.0035448,-0.0031098,0.001712,0.0035058
-0.001801,0.000972,0.0045508,-0.0018022,0.0009727,0.0045105
-0.001847,0.001794,0.0052198,-0.0018485,0.0017954,0.0051772
-0.002443,0.001002,0.0051428,-0.0024449,0.0010028,0.0051003
-0.00255,0.001018,0.0058518,-0.0025522,0.0010189,0.0058075
-0.002155,0.000586,0.0076708,-0.0021571,0.0005866,0.007622
-0.002583,0.001889,0.0057688,-0.0025851,0.0018906,0.0057245
-0.003059,0.00133,0.0035998,-0.0030608,0.0013308,0.0035608
-0.002642,0.001245,0.0035948,-0.0026434,0.0012457,0.0035561
-0.003463,0.000848,0.0035698,-0.003465,0.0008485,0.0035307
-0.003097,0.000984,0.0035488,-0.0030987,0.0009846,0.00351
-0.003475,0.000476,0.0035278,-0.003477,0.0004763,0.0034889
-0.003476,0.000935,0.0038758,-0.0034781,0.0009356,0.0038359
-0.003001,0.000428,0.0035318,-0.0030026,0.0004282,0.0034932
-0.002679,0.000426,0.0033508,-0.0026803,0.0004262,0.0033129
-0.000952,0.000311,0.0037698,-0.0009525,0.0003112,0.0037323
-0.001776,0.000217,0.0044148,-0.0017771,0.0002171,0.0043751
-0.002484,0.000287,0.0052098,-0.002486,0.0002872,0.0051672
-0.003521,5.7e-05,0.0034288,-0.003523,5.7e-05,0.0033901
-0.003334,0.000344,0.0039698,-0.003336,0.0003442,0.0039298
-0.003534,0.000461,0.0042118,-0.0035362,0.0004613,0.0041711
-0.003266,0.000274,0.0059478,-0.0032687,0.0002742,0.005903
-0.001746,-0.0005,0.0044098,-0.0017471,-0.0005003,0.0043701
-0.002532,-0.000456,0.0052458,-0.002534,-0.0004564,0.0052031
-0.003498,-0.000526,0.0035988,-0.0035,-0.0005263,0.0035597
-0.003074,-0.000903,0.0035718,-0.0030757,-0.0009035,0.003533
-0.002698,-0.001044,0.0035678,-0.0026995,-0.0010445,0.0035292
-0.000933,-0.001266,0.0036838,-0.0009335,-0.0012667,0.0036461
-0.002768,-0.001425,0.0053108,-0.0027701,-0.0014261,0.0052676
-0.00097,-0.000464,0.0036348,-0.0009705,-0.0004642,0.0035975
-0.003158,-0.001299,0.0036318,-0.0031598,-0.0012998,0.0035927
-0.002564,-0.002248,0.0032748,-0.0025654,-0.0022492,0.0032366
-0.002256,-0.002431,0.0034768,-0.0022573,-0.0024324,0.0034382
0.003349,-0.000939,0.0199068,0.003349,-0.000939,0.0198468
0.001051,-0.00331,0.0198718,0.001051,-0.00331,0.0198118
0.0018,-0.002936,0.0199048,0.0018,-0.002936,0.0198448
0.001099,0.003382,0.0198768,0.001099,0.003382,0.0198168
0.000207,-0.003231,0.0199198,0.000207,-0.003231,0.0198598
0.00032,-0.003557,0.0196548,0.00032,-0.003557,0.0195948
2.8e-05,-0.003625,0.0202048,2.8e-05,-0.003625,0.0201448
-0.000132,-0.003122,0.0199308,-0.000132,-0.003122,0.0198708
-0.000457,-0.003278,0.0199098,-0.000457,-0.003278,0.0198498
-0.001226,-0.003277,0.0199208,-0.001226,-0.003277,0.0198608
-0.000871,-0.003227,0.0199108,-0.000871,-0.003227,0.0198508
-0.002053,-0.002858,0.0199698,-0.002053,-0.002858,0.0199098
-0.002008,-0.002965,0.0196398,-0.002008,-0.002965,0.0195798
-0.001697,-0.002057,0.0187148,-0.001697,-0.002057,0.0186548
-0.001838,-0.002699,0.0179948,-0.001838,-0.002699,0.0179348
-0.001953,-0.002411,0.0199658,-0.001953,-0.002411,0.0199058
-0.002206,-0.00212,0.0199148,-0.002206,-0.00212,0.0198548
-0.001098,-0.001253,0.0193838,-0.001098,-0.001253,0.0193238
-0.000828,-0.002113,0.0188878,-0.000828,-0.002113,0.0188278
-0.00185,-0.001366,0.0187278,-0.00185,-0.001366,0.0186678
-0.001798,-0.001988,0.0178308,-0.001798,-0.001988,0.0177708
-0.002297,-0.002464,0.0199178,-0.002297,-0.002464,0.0198578
-0.002643,-0.002259,0.0198948,-0.002643,-0.002259,0.0198348
-0.002804,-0.00218,0.0195818,-0.002804,-0.00218,0.0195218
-0.002597,-0.001975,0.0180318,-0.002597,-0.001975,0.0179718
-0.00274,-0.00179,0.0200398,-0.00274,-0.00179,0.0199798
-0.003143,-0.001347,0.0199448,-0.003143,-0.001347,0.0198848
-0.003108,-0.000924,0.0199628,-0.003108,-0.000924,0.0199028
-0.003458,-0.000752,0.0199978,-0.003458,-0.000752,0.0199378
-0.003526,-0.000244,0.0199448,-0.003526,-0.000244,0.0198848
-0.003395,0.000134,0.0199338,-0.003395,0.000134,0.0198738
-0.003574,0.000364,0.0200268,-0.003574,0.000364,0.0199668
-0.003337,0.000546,0.0200178,-0.003337,0.000546,0.0199578
-0.003001,0.000457,0.0198768,-0.003001,0.000457,0.0198168
-0.002569,0.000491,0.0197338,-0.002569,0.000491,0.0196738
-0.00098,9.8e-05,0.0202188,-0.00098,9.8e-05,0.0201588
-0.001697,0.000219,0.0188118,-0.001697,0.000219,0.0187518
-0.002568,0.000242,0.0181158,-0.002568,0.000242,0.0180558
-0.003418,0.000893,0.0199408,-0.003418,0.000893,0.0198808
-0.003436,0.000469,0.0196648,-0.003436,0.000469,0.0196048
-0.003085,0.001045,0.0199498,-0.003085,0.001045,0.0198898
-0.003434,0.001012,0.0195758,-0.003434,0.001012,0.0195158
-0.00325,0.001404,0.0199098,-0.00325,0.001404,0.0198498
-0.003054,0.001797,0.0199458,-0.003054,0.001797,0.0198858
-0.002886,0.001982,0.0195938,-0.002886,0.001982,0.0195338
-0.002317,0.001785,0.0180908,-0.002317,0.001785,0.0180308
-0.002381,0.002513,0.0199028,-0.002381,0.002513,0.0198428
-0.002105,0.002831,0.0199708,-0.002105,0.002831,0.0199108
-0.001626,0.003105,0.0199328,-0.001626,0.003105,0.0198728
0.002607,-0.002181,0.0034818,0.0026085,-0.0021822,0.0034431
0.002077,-0.002172,0.0035408,0.0020781,-0.0021732,0.0035022
0.001099,-0.002078,0.0045878,0.0010997,-0.0020794,0.004547
0.001974,-0.002024,0.0051678,0.0019755,-0.0020255,0.0051251
0.002982,-0.001843,0.0035208,0.0029837,-0.0018441,0.0034819
0.002556,0.002409,0.0199478,0.002556,0.002409,0.0198878
0.002904,0.002014,0.0199488,0.002904,0.002014,0.0198888
0.003013,0.001848,0.0195558,0.003013,0.001848,0.0194958
0.001831,0.001703,0.0187028,0.001831,0.001703,0.0186428
0.002525,0.001604,0.0179488,0.002525,0.001604,0.0178888
0.001817,0.003049,0.0199148,0.001817,0.003049,0.0198548
0.002031,0.002716,0.0200028,0.002031,0.002716,0.0199428
0.002085,0.002779,0.0195998,0.002085,0.002779,0.0195398
0.001917,0.002491,0.0180168,0.001917,0.002491,0.0179568
0.003301,0.001272,0.0035578,0.0033029,0.0012727,0.0035188
0.002842,0.001322,0.0034928,0.0028436,0.0013227,0.0034542
0.00192,0.00102,0.0043958,0.0019212,0.0010206,0.0043558
0.002798,0.001158,0.0051708,0.0028001,0.0011589,0.005128
0.000323,-0.003192,0.0031568,0.0003231,-0.0031936,0.003119
0.000245,-0.003552,0.0035748,0.0002451,-0.003554,0.0035357
0.000268,-0.003194,0.0035418,0.0002681,-0.0031958,0.003503
0.000292,-0.002856,0.0035928,0.0002922,-0.0028576,0.0035541
0.000713,-0.001316,0.0034928,0.0007134,-0.0013166,0.0034556
0.000473,-0.001959,0.0043628,0.0004733,-0.0019602,0.004323
0.000622,-0.002543,0.0053438,0.0006225,-0.002545,0.0053008
0.00044,-0.002745,0.0059118,0.0004404,-0.0027474,0.0058673
0.001091,-0.002457,0.0075068,0.001092,-0.0024593,0.0074584
-0.000258,-0.001101,0.0037848,-0.0002581,-0.0011016,0.0037472
-0.000115,-0.002083,0.0042678,-0.0001151,-0.0020843,0.0042282
-0.000261,-0.002629,0.0053668,-0.0002612,-0.0026311,0.0053237
0.000279,-0.00357,0.0038778,0.0002792,-0.0035721,0.0038379
0.000173,-0.003545,0.0041838,0.0001731,-0.0035472,0.0041432
0.003251,1.5e-05,0.0200338,0.003251,1.5e-05,0.0199738
0.001375,-0.003279,0.0035048,0.0013758,-0.0032809,0.0034659
0.001358,-0.002912,0.0036738,0.0013588,-0.0029137,0.0036347
0.000931,-0.002633,0.0051348,0.0009317,-0.002635,0.0050922
0.001703,-0.003009,0.0034998,0.001704,-0.0030107,0.003461
0.001085,0.003401,0.0036858,0.0010856,0.003403,0.0036465
0.001059,0.003058,0.0035488,0.0010596,0.0030597,0.00351
0.000774,0.003425,0.0038328,0.0007745,0.0034271,0.0037931
0.000837,0.002871,0.0038528,0.0008375,0.0028727,0.0038134
0.00107,0.003377,0.0041478,0.0010707,0.0033791,0.0041072
0.002575,-0.002231,0.0199398,0.002575,-0.002231,0.0198798
0.002997,-0.001811,0.0199028,0.002997,-0.001811,0.0198428
0.003238,0.00045,0.0035088,0.0032398,0.0004502,0.0034701
0.003511,0.000506,0.0038318,0.0035131,0.0005063,0.0037921
0.003154,0.000424,0.0199368,0.003154,0.000424,0.0198768
0.003548,0.000394,0.0196218,0.003548,0.000394,0.0195618
-0.002498,-0.002516,0.0038228,-0.0024995,-0.0025175,0.0037831
0.001738,0.003123,0.0039188,0.0017391,0.0031249,0.0038789
0.003419,-0.000274,0.0037808,0.003421,-0.0002742,0.0037413
0.003569,-0.000235,0.0042458,0.0035713,-0.0002351,0.004205
-0.000504,0.003511,0.0039508,-0.0005043,0.0035132,0.0039108
-0.000503,0.00344,0.0043688,-0.0005033,0.0034423,0.0043277
-0.000139,0.001581,0.0043348,-0.0001391,0.001582,0.0042955
-0.000199,0.002557,0.0051858,-0.0001992,0.002559,0.0051432
-0.000103,0.003151,0.0056398,-0.0001031,0.0031535,0.0055958
-0.000827,0.003426,0.0038138,-0.0008275,0.0034281,0.0037741
0.003228,0.001453,0.0038648,0.0032299,0.0014539,0.003825
0.001983,-0.002539,0.0030008,0.001984,-0.0025403,0.0029634
0.001983,-0.002707,0.0035468,0.0019841,-0.0027086,0.0035079
0.00158,-0.003168,0.0038358,0.001581,-0.0031699,0.0037961
0.001399,-0.003315,0.0041888,0.0013999,-0.0033171,0.0041482
0.001143,-0.001886,0.0051088,0.0011439,-0.0018875,0.0050668
0.001104,-0.002798,0.0056698,0.0011049,-0.0028003,0.0056258
0.001648,-0.002731,0.0038098,0.001649,-0.0027326,0.0037704
0.003163,0.001309,0.0200708,0.003163,0.001309,0.0200108
0.001488,0.003125,0.0198358,0.001488,0.003125,0.0197758
0.00152,0.002677,0.0199868,0.00152,0.002677,0.0199268
0.001795,0.003014,0.0194038,0.001795,0.003014,0.0193438
0.000712,0.003443,0.0198738,0.000712,0.003443,0.0198138
0.00111,0.002965,0.0198988,0.00111,0.002965,0.0198388
-0.000591,-0.003492,0.0026888,-0.0005913,-0.0034937,0.0026521
-0.000506,-0.003183,0.0025208,-0.0005062,-0.0031845,0.0024847
-0.000423,-0.003182,0.0028448,-0.0004232,-0.0031835,0.0028079
0.002267,0.002657,0.0038308,0.0022684,0.0026586,0.0037911
0.002189,0.002637,0.0042038,0.0021904,0.0026387,0.0041632
0.002066,0.001835,0.0051648,0.0020676,0.0018364,0.0051222
0.002115,0.002363,0.0057038,0.0021167,0.0023649,0.0056596
0.003159,0.000136,0.0039228,0.0031609,0.0001361,0.0038831
0.003503,5.1e-05,0.0042208,0.0035052,5.1e-05,0.0041801
0.003223,-0.001435,0.0200578,0.003223,-0.001435,0.0199978
0.002878,-0.00132,0.0199068,0.002878,-0.00132,0.0198468
0.002895,-0.001274,0.0195138,0.002895,-0.001274,0.0194538
0.001914,-0.001326,0.0185988,0.001914,-0.001326,0.0185388
0.003224,-0.001178,0.0196238,0.003224,-0.001178,0.0195638
0.00055,-0.003364,0.0034688,0.0005503,-0.0033659,0.0034301
0.003154,-0.000255,0.0198058,0.003154,-0.000255,0.0197458
0.003527,-0.000238,0.0196478,0.003527,-0.000238,0.0195878
0.003065,0.001658,0.0035308,0.0030667,0.001659,0.0034919
0.002867,0.001508,0.0038538,0.0028687,0.0015089,0.0038142
0.002856,0.001648,0.0041778,0.0028578,0.0016491,0.0041373
0.002564,0.001616,0.0056738,0.0025661,0.0016173,0.0056298
0.001043,0.001188,0.0042678,0.0010437,0.0011887,0.0042286
0.001996,0.000981,0.0050228,0.0019975,0.0009818,0.004981
0.002501,0.000866,0.0059578,0.0025032,0.0008668,0.0059132
-0.003158,0.001625,0.0038698,-0.0031599,0.001626,0.00383
-0.002871,0.001104,0.0037678,-0.0028726,0.0011046,0.0037285
-0.003474,6.5e-05,0.0038268,-0.0034761,6.51e-05,0.0037871
-0.003488,-0.000213,0.0038388,-0.0034901,-0.0002131,0.0037991
-0.003408,-0.000702,0.0041198,-0.0034101,-0.0007024,0.0040794
-0.003076,-0.000907,0.0039108,-0.0030778,-0.0009075,0.0038711
-0.003084,-0.00126,0.0039248,-0.0030859,-0.0012607,0.0038849
-0.002638,-0.002217,0.0040168,-0.0026396,-0.0022184,0.0039767
-0.000544,-0.003217,0.0032678,-0.0005443,-0.0032187,0.0032297
-0.000829,0.003496,0.0203738,-0.000829,0.003496,0.0203138
0.001287,-0.003348,0.0195818,0.001287,-0.003348,0.0195218
0.001387,-0.002764,0.0196518,0.001387,-0.002764,0.0195918
0.001117,-0.001718,0.0187028,0.001117,-0.001718,0.0186428
0.001255,-0.002633,0.0181078,0.001255,-0.002633,0.0180478
0.000687,-0.0007,0.0160138,0.000687,-0.0007,0.0159538
0.001048,-0.002506,0.0146798,0.001048,-0.002506,0.0146199
-0.000408,-0.001824,0.0189558,-0.000408,-0.001824,0.0188958
-0.00036,-0.002741,0.0197678,-0.00036,-0.002741,0.0197078
-0.001031,-0.002747,0.0179568,-0.001031,-0.002747,0.0178968
0.000369,-0.003201,0.0196728,0.000369,-0.003201,0.0196128
0.000401,-0.002864,0.0196688,0.000401,-0.002864,0.0196088
0.000294,-0.001262,0.0196018,0.000294,-0.001262,0.0195418
0.000542,-0.001988,0.0186948,0.000542,-0.001988,0.0186348
0.000569,-0.002706,0.0179298,0.000569,-0.002706,0.0178698
0.000215,-0.003545,0.0192658,0.000215,-0.003545,0.0192058
0.000257,-0.003573,0.0188448,0.000257,-0.003573,0.0187848
-0.001017,-0.003102,0.0195428,-0.001017,-0.003102,0.0194828
-0.001432,-0.003234,0.0196088,-0.001432,-0.003234,0.0195488
-0.001629,-0.002879,0.0196048,-0.001629,-0.002879,0.0195448
-0.00178,-0.002741,0.0172568,-0.00178,-0.002741,0.0171968
-0.002506,-0.002505,0.0195708,-0.002506,-0.002505,0.0195108
-0.002832,-0.001811,0.0194698,-0.002832,-0.001811,0.0194098
-0.002866,-0.001537,0.0196828,-0.002866,-0.001537,0.0196228
-0.003231,-0.001476,0.0195958,-0.003231,-0.001476,0.0195358
-0.000588,-0.000936,0.0162698,-0.000588,-0.000936,0.0162098
-0.002103,-0.000788,0.0147808,-0.002103,-0.000788,0.0147209
-0.00352,-0.000681,0.0196008,-0.00352,-0.000681,0.0195408
-0.001706,-0.00072,0.0186228,-0.001706,-0.00072,0.0185628
-0.002536,-0.000425,0.0180208,-0.002536,-0.000425,0.0179608
-0.003285,-0.000484,0.0173048,-0.003285,-0.000484,0.0172448
-0.003551,-0.000278,0.0195978,-0.003551,-0.000278,0.0195378
-0.003535,0.000122,0.0195888,-0.003535,0.000122,0.0195288
-0.003239,0.000374,0.0174278,-0.003239,0.000374,0.0173678
-0.003121,0.000306,0.0166288,-0.003121,0.000306,0.0165688
-0.000569,0.000571,0.0162698,-0.000569,0.000571,0.0162098
-0.002111,0.000747,0.0148458,-0.002111,0.000747,0.0147859
-0.00203,0.000771,0.0132528,-0.0020302,0.0007711,0.0131942
-0.001736,0.001045,0.0187888,-0.001736,0.001045,0.0187288
-0.002357,0.00103,0.0180298,-0.002357,0.00103,0.0179698
-0.0032,0.001252,0.0196038,-0.0032,0.001252,0.0195438
-0.002688,0.00129,0.0196128,-0.002688,0.00129,0.0195528
-0.000914,0.001051,0.0196098,-0.000914,0.001051,0.0195498
-0.003146,0.0017,0.0195708,-0.003146,0.0017,0.0195108
0.003115,0.001596,0.0199108,0.003115,0.001596,0.0198508
0.001796,9.2e-05,0.0186798,0.001796,9.2e-05,0.0186198
0.002693,0.000366,0.0182368,0.002693,0.000366,0.0181768
0.003459,3.9e-05,0.0174798,0.003459,3.9e-05,0.0174198
0.003149,0.000415,0.0195548,0.003149,0.000415,0.0194948
0.003019,0.00068,0.0195538,0.003019,0.00068,0.0194938
0.001073,0.00025,0.0195768,0.001073,0.00025,0.0195168
0.001882,0.001021,0.0187318,0.001882,0.001021,0.0186718
0.003503,0.000495,0.0191968,0.003503,0.000495,0.0191368
-0.000163,0.003561,0.0038878,-0.0001631,0.0035632,0.0038479
-8e-05,-0.003207,0.0035628,-8.01e-05,-0.0032088,0.003524
-8.3e-05,-0.003601,0.0038968,-8.3e-05,-0.0036032,0.0038569
0.000324,-0.003214,0.0038718,0.0003242,-0.0032159,0.0038321
-0.000775,-0.003405,0.0031438,-0.0007754,-0.0034068,0.0031059
0.000633,-0.003401,0.0197988,0.000633,-0.003401,0.0197388
-0.001235,0.00333,0.0039108,-0.0012357,0.003332,0.0038709
-0.001017,0.003032,0.0038298,-0.0010176,0.0030338,0.0037902
-0.000835,0.003386,0.0041888,-0.0008356,0.0033881,0.0041482
-0.001305,0.003101,0.0042428,-0.0013058,0.003103,0.0042021
-0.001227,0.003265,0.0201458,-0.001227,0.003265,0.0200858
-0.001328,0.002573,0.0203618,-0.001328,0.002573,0.0203018
0.000672,-0.003234,0.0038888,0.0006724,-0.0032359,0.003849
0.001135,0.001816,0.0187538,0.001135,0.001816,0.0186938
-0.001691,0.003094,0.0039138,-0.001692,0.0030959,0.0038739
0.003421,-0.000567,0.0199168,0.003421,-0.000567,0.0198568
0.002951,-0.000466,0.0195298,0.002951,-0.000466,0.0194698
0.001091,-0.000522,0.0194898,0.001091,-0.000522,0.0194298
0.00186,-0.000452,0.0186528,0.00186,-0.000452,0.0185928
0.002661,-0.000567,0.0179888,0.002661,-0.000567,0.0179288
0.003315,-0.000697,0.0035378,0.0033169,-0.0006974,0.0034989
-0.001135,-0.003239,0.0037328,-0.0011356,-0.0032409,0.0036934
-0.00126,-0.002916,0.0036578,-0.0012607,-0.0029177,0.0036188
-0.001707,-0.002812,0.0035388,-0.001708,-0.0028136,0.0035
0.00303,0.001848,0.0038598,0.0030318,0.0018491,0.00382
0.002414,0.002577,0.0196068,0.002414,0.002577,0.0195468
0.000291,0.003513,0.0198528,0.000291,0.003513,0.0197928
-0.000934,0.003435,0.0200678,-0.000934,0.003435,0.0200078
0.000205,0.0035,0.0037848,0.0002051,0.0035021,0.0037452
-0.000101,0.003474,0.0199588,-0.000101,0.003474,0.0198988
0.003161,0.000124,0.0196428,0.003161,0.000124,0.0195828
0.003492,6.1e-05,0.0190678,0.003492,6.1e-05,0.0190078
0.003354,0.000885,0.0036248,0.0033559,0.0008855,0.0035856
0.001127,-0.00317,0.0036448,0.0011277,-0.0031719,0.0036057
0.001253,0.003026,0.0038428,0.0012537,0.0030278,0.0038032
-0.002012,0.00293,0.0042298,-0.0020133,0.0029319,0.004189
-0.002825,0.002141,0.0038998,-0.0028267,0.0021423,0.0038599
-0.002904,0.001975,0.0042078,-0.0029059,0.0019763,0.0041671
-0.003139,0.001651,0.0042448,-0.003141,0.0016521,0.004204
-0.000949,0.001708,0.0051628,-0.0009498,0.0017094,0.0051209
-0.001788,0.001074,0.0051588,-0.0017894,0.0010749,0.0051168
-0.001847,0.001833,0.0058728,-0.0018486,0.0018346,0.0058285
-0.002603,0.0019,0.0066158,-0.0026053,0.0019017,0.0065695
-0.000705,0.000513,0.0075988,-0.0007061,0.0005138,0.0075499
-0.002205,0.000649,0.0091668,-0.0022067,0.0006495,0.0091149
-0.003502,0.000844,0.0041908,-0.0035042,0.0008445,0.0041501
-0.003509,8.8e-05,0.0041248,-0.0035112,8.81e-05,0.0040843
-0.003529,-0.000294,0.0041728,-0.0035312,-0.0002942,0.0041322
-0.001724,-0.000349,0.0052048,-0.0017255,-0.0003493,0.005163
-0.00256,-0.000422,0.0059408,-0.0025623,-0.0004224,0.0058963
-0.003074,-0.000392,0.0063928,-0.0030768,-0.0003923,0.006347
-0.003227,-0.000451,0.0073038,-0.0032298,-0.0004514,0.007256
-0.000452,-0.000574,0.0076008,-0.0004528,-0.000575,0.0075519
-0.002025,-0.000855,0.0090938,-0.0020266,-0.0008557,0.009042
-0.003217,-0.001357,0.0041598,-0.003219,-0.0013578,0.0041193
-0.002856,-0.001431,0.0041988,-0.0028578,-0.0014319,0.0041583
-0.001753,-0.001138,0.0051338,-0.0017544,-0.0011389,0.0050918
-0.002637,-0.001226,0.0058288,-0.0026393,-0.001227,0.0057844
-0.002932,-0.002093,0.0040998,-0.0029338,-0.0020943,0.0040594
-0.002322,-0.002569,0.0041708,-0.0023235,-0.0025706,0.0041302
-0.000185,-0.003517,0.0192638,-0.000185,-0.003517,0.0192038
-0.000531,-0.003315,0.0192258,-0.000531,-0.003315,0.0191658
-0.000895,-0.003348,0.0192338,-0.000895,-0.003348,0.0191738
-0.000129,-0.003264,0.0196558,-0.000129,-0.003264,0.0195958
-0.000111,-0.003164,0.0193678,-0.000111,-0.003164,0.0193078
-0.000107,-0.003546,0.0189298,-0.000107,-0.003546,0.0188698
-0.001284,-0.003255,0.0192068,-0.001284,-0.003255,0.0191468
-0.00201,-0.002897,0.0192228,-0.00201,-0.002897,0.0191628
-0.002312,-0.002525,0.0191998,-0.002312,-0.002525,0.0191398
-0.002931,-0.00202,0.0192448,-0.002931,-0.00202,0.0191848
-0.002874,-0.002119,0.0188148,-0.002874,-0.002119,0.0187548
-0.002651,-0.002048,0.0172248,-0.002651,-0.002048,0.0171648
-0.003188,-0.001363,0.0191738,-0.003188,-0.001363,0.0191138
-0.002979,-0.001134,0.0195958,-0.002979,-0.001134,0.0195358
-0.003239,-0.000973,0.0191668,-0.003239,-0.000973,0.0191068
-0.003468,-0.000712,0.0192128,-0.003468,-0.000712,0.0191528
-0.003535,-0.00026,0.0192428,-0.003535,-0.00026,0.0191828
-0.003518,0.000108,0.0190558,-0.003518,0.000108,0.0189958
-0.003534,0.000559,0.0192358,-0.003534,0.000559,0.0191758
-0.003438,0.000936,0.0192118,-0.003438,0.000936,0.0191518
-0.00319,0.001153,0.0192488,-0.00319,0.001153,0.0191888
-0.003017,0.001856,0.0191948,-0.003017,0.001856,0.0191348
0.003083,0.00108,0.0194768,0.003083,0.00108,0.0194168
-0.002091,0.00286,0.0038718,-0.0020923,0.0028617,0.003832
-0.001667,0.003147,0.0042738,-0.0016681,0.003149,0.0042329
-0.000938,0.002469,0.0057538,-0.0009388,0.0024711,0.0057097
-0.001675,0.002712,0.0067268,-0.0016765,0.0027144,0.0066802
0.001433,-0.003268,0.0192568,0.001433,-0.003268,0.0191968
0.000997,-0.003292,0.0192218,0.000997,-0.003292,0.0191618
0.002087,-0.002427,0.0038748,0.0020882,-0.0024284,0.0038352
0.002878,-0.002,0.0195878,0.002878,-0.002,0.0195278
-0.000939,-0.002005,0.0052038,-0.0009398,-0.0020066,0.0051615
-0.00111,-0.00259,0.0057968,-0.001111,-0.0025922,0.0057526
-0.001871,-0.0022,0.0059738,-0.0018726,-0.0022019,0.0059291
0.002867,-0.002003,0.0038358,0.0028687,-0.0020042,0.0037961
0.003206,-0.00146,0.0041498,0.003208,-0.001461,0.0041093
0.003018,-0.001834,0.0042088,0.0030199,-0.0018352,0.0041681
0.002865,-0.001396,0.0042708,0.0028668,-0.0013969,0.0042302
0.001982,-0.001139,0.0051668,0.0019836,-0.0011399,0.0051246
0.001974,-0.002023,0.0059048,0.0019757,-0.0020247,0.0058603
-0.000275,0.001747,0.0188898,-0.000275,0.001747,0.0188298
-1.6e-05,0.002493,0.0180878,-1.6e-05,0.002493,0.0180278
-0.000335,0.003126,0.0175158,-0.000335,0.003126,0.0174558
0.000276,0.00348,0.0193168,0.000276,0.00348,0.0192568
0.000288,0.00348,0.0189448,0.000288,0.00348,0.0188848
0.000623,0.001625,0.0186898,0.000623,0.001625,0.0186298
0.000582,0.002455,0.0180828,0.000582,0.002455,0.0180228
0.00055,0.003236,0.0173898,0.00055,0.003236,0.0173298
0.000705,0.003457,0.0192418,0.000705,0.003457,0.0191818
0.003315,0.001267,0.0041868,0.0033171,0.0012678,0.0041462
-0.00134,-0.003176,0.0041838,-0.0013408,-0.003178,0.0041432
-0.001658,-0.002903,0.0041288,-0.001659,-0.0029048,0.0040884
0.00354,0.000294,0.0040478,0.0035422,0.0002942,0.0040075
0.0032,0.00049,0.0039388,0.0032019,0.0004903,0.003899
0.003471,0.000516,0.0042828,0.0034732,0.0005163,0.0042419
0.00299,0.000523,0.0042628,0.0029918,0.0005233,0.0042223
0.001084,0.00042,0.0042598,0.0010847,0.0004202,0.0042211
0.001918,0.000323,0.0053798,0.0019197,0.0003233,0.0053373
0.003529,0.000327,0.0046588,0.0035314,0.0003272,0.004617
0.00353,0.000557,0.0049028,0.0035325,0.0005574,0.0048604
0.003295,0.000251,0.0064118,0.0032979,0.0002512,0.0063659
-0.000547,0.00343,0.0199728,-0.000547,0.00343,0.0199128
0.000272,0.003537,0.0042478,0.0002722,0.0035393,0.004207
0.000559,0.001794,0.0052778,0.0005595,0.0017955,0.0052357
0.000457,0.002457,0.0058288,0.0004574,0.0024592,0.0057846
0.000475,0.003064,0.0066578,0.0004754,0.0030668,0.0066114
-0.000163,0.003507,0.0042918,-0.0001631,0.0035093,0.0042509
0.001934,-0.001942,0.0180468,0.001934,-0.001942,0.0179868
0.002966,-0.001901,0.0192248,0.002966,-0.001901,0.0191648
0.003182,-0.001476,0.0192638,0.003182,-0.001476,0.0192038
0.001657,-0.002753,0.0196708,0.001657,-0.002753,0.0196108
0.002015,-0.002242,0.0196448,0.002015,-0.002242,0.0195848
-0.001539,0.003242,0.0195948,-0.001539,0.003242,0.0195348
-0.002163,0.002743,0.0196078,-0.002163,0.002743,0.0195478
-0.001027,0.001784,0.0187958,-0.001027,0.001784,0.0187358
-0.001731,0.001761,0.0179628,-0.001731,0.001761,0.0179028
-0.001844,0.0024,0.0171338,-0.001844,0.0024,0.0170738
-0.00161,0.003123,0.0191588,-0.00161,0.003123,0.0190988
-0.002074,0.002897,0.0191888,-0.002074,0.002897,0.0191288
0.001141,0.003366,0.0192458,0.001141,0.003366,0.0191858
0.0004,-0.002012,0.0051328,0.0004003,-0.0020136,0.0050909
0.000686,-0.003267,0.0042938,0.0006865,-0.0032691,0.004253
0.000627,-0.002813,0.0041878,0.0006274,-0.0028148,0.0041476
0.000526,-0.001222,0.0044108,0.0005264,-0.0012228,0.0043715
-0.000439,-0.003169,0.0036018,-0.0004393,-0.0031708,0.0035629
0.002509,0.002396,0.0037788,0.0025105,0.0023974,0.0037392
0.002589,0.002355,0.0041218,0.0025906,0.0023565,0.0040813
0.002902,0.00203,0.0042288,0.0029039,0.0020313,0.0041881
0.001034,0.001788,0.0051928,0.0010349,0.0017894,0.0051507
0.001895,0.001734,0.0057198,0.0018967,0.0017355,0.0056759
0.002764,0.001837,0.0065448,0.0027664,0.0018386,0.0064986
0.001671,0.002737,0.0196678,0.001671,0.002737,0.0196078
0.002149,0.002746,0.0192188,0.002149,0.002746,0.0191588
0.002292,0.002659,0.0188858,0.002292,0.002659,0.0188258
0.001916,0.00175,0.0180828,0.001916,0.00175,0.0180228
0.001934,0.002588,0.0173188,0.001934,0.002588,0.0172588
0.002554,0.002437,0.0192688,0.002554,0.002437,0.0192088
0.002879,0.001918,0.0191278,0.002879,0.001918,0.0190678
0.003014,0.001981,0.0188838,0.003014,0.001981,0.0188238
0.002751,0.001842,0.0173118,0.002751,0.001842,0.0172518
0.003517,-0.000341,0.0192908,0.003517,-0.000341,0.0192308
0.003293,-0.0007,0.0192578,0.003293,-0.0007,0.0191978
0.002386,-0.002202,0.0196218,0.002386,-0.002202,0.0195618
0.002603,-0.002289,0.0192738,0.002603,-0.002289,0.0192138
0.001767,-0.002971,0.0041778,0.0017681,-0.0029729,0.0041373
0.002129,-0.002588,0.0042298,0.0021303,-0.0025897,0.0041891
0.002119,-0.002176,0.0042208,0.0021203,-0.0021774,0.0041804
0.001818,0.002961,0.0042408,0.0018192,0.0029629,0.0042001
0.003359,-0.00094,0.0194708,0.003359,-0.00094,0.0194108
0.003239,-8.1e-05,0.0043728,0.0032411,-8.1e-05,0.0043319
0.003563,-3.1e-05,0.0045738,0.0035654,-3.1e-05,0.0045322
0.00312,0.000551,0.0192608,0.00312,0.000551,0.0192008
0.003569,0.000429,0.0189278,0.003569,0.000429,0.0188678
0.003038,-0.000709,0.0038298,0.0030398,-0.0007094,0.0037903
0.001316,0.002526,0.0059418,0.0013171,0.0025282,0.0058972
0.001483,0.003166,0.0041908,0.001484,0.003168,0.0041502
0.001417,0.002644,0.0041518,0.0014179,0.0026456,0.0041116
0.002801,0.00142,0.0199318,0.002801,0.00142,0.0198718
0.003235,0.001464,0.0195858,0.003235,0.001464,0.0195258
0.002815,0.001612,0.0195898,0.002815,0.001612,0.0195298
0.003065,0.001595,0.0192648,0.003065,0.001595,0.0192048
-0.003147,0.001229,0.0042008,-0.003149,0.0012298,0.0041602
-0.002709,0.001244,0.0042858,-0.0027107,0.0012448,0.0042453
-0.001114,0.000897,0.0043288,-0.0011147,0.0008976,0.0042897
-0.003211,0.000759,0.0041198,-0.003213,0.0007595,0.0040794
-0.003472,0.000866,0.0046018,-0.0034743,0.0008666,0.0045601
-0.003242,-0.001009,0.0041958,-0.0032441,-0.0010096,0.0041552
-0.003058,-0.001789,0.0041938,-0.00306,-0.0017901,0.0041532
-0.002848,-0.001825,0.0038898,-0.0028497,-0.0018261,0.00385
0.001092,-0.003285,0.0042988,0.0010927,-0.0032871,0.0042579
-0.001576,-0.002983,0.0191648,-0.001576,-0.002983,0.0191048
-0.00283,0.002046,0.0188938,-0.00283,0.002046,0.0188338
-0.002554,0.00178,0.0172808,-0.002554,0.00178,0.0172208
-0.002401,0.00258,0.0192648,-0.002401,0.00258,0.0192048
-0.002574,0.002425,0.0195568,-0.002574,0.002425,0.0194968
0.003329,0.000914,0.0191768,0.003329,0.000914,0.0191168
0.00328,0.001331,0.0191788,0.00328,0.001331,0.0191188
-0.000837,-0.003064,0.0034698,-0.0008374,-0.0030657,0.0034312
0.001782,-0.002895,0.0191808,0.001782,-0.002895,0.0191208
0.001041,-0.003259,0.0039858,0.0010416,-0.003261,0.0039457
0.003336,0.000872,0.0040808,0.0033381,0.0008725,0.0040405
-0.00327,0.001149,0.0047268,-0.0032723,0.0011498,0.0046849
-0.002288,-0.002418,0.0046418,-0.0022896,-0.0024197,0.0046001
-0.000141,0.003533,0.0195878,-0.000141,0.003533,0.0195278
-0.000581,0.003425,0.0195838,-0.000581,0.003425,0.0195238
0.003265,0.000423,0.0046338,0.0032672,0.0004233,0.0045922
0.001876,-0.000426,0.0051458,0.0018775,-0.0004264,0.005104
0.00255,-0.000646,0.0057558,0.0025522,-0.0006466,0.0057118
-0.000237,-0.003147,0.0039528,-0.0002371,-0.0031489,0.003913
-0.000194,-0.003469,0.0042358,-0.0001941,-0.0034712,0.0041951
-0.000128,-0.002794,0.0041058,-0.0001281,-0.0027957,0.0040659
-0.000194,-0.001123,0.0044368,-0.0001941,-0.0011238,0.0043977
-0.000212,-0.001974,0.0050408,-0.0002122,-0.0019755,0.0049992
-0.000206,-0.002485,0.0058358,-0.0002062,-0.0024873,0.0057917
-0.00021,-0.003534,0.0046438,-0.0002101,-0.0035364,0.0046021
-0.000149,-0.003541,0.0049968,-0.0001491,-0.0035435,0.0049542
-0.000338,-0.00233,0.0090058,-0.0003383,-0.0023319,0.0089542
0.000702,0.003484,0.0041588,0.0007024,0.0034862,0.0041182
0.001116,0.003048,0.0042258,0.0011167,0.0030499,0.0041852
0.001009,0.003335,0.0045978,0.0010097,0.0033373,0.0045561
0.000313,-0.003205,0.0192498,0.000313,-0.003205,0.0191898
0.003217,-0.001089,0.0038358,0.0032189,-0.0010897,0.0037961
0.003222,0.001355,0.0045908,0.0032242,0.0013559,0.0045491
0.003572,-0.000448,0.0039738,0.0035742,-0.0004483,0.0039337
0.002955,-0.000315,0.0037448,0.0029566,-0.0003152,0.0037057
0.003281,-0.000302,0.0041618,0.003283,-0.0003022,0.0041214
0.002938,-0.000237,0.0041948,0.0029398,-0.0002371,0.0041545
0.001083,-0.000453,0.0043188,0.0010837,-0.0004533,0.0042799
0.003479,-0.000392,0.0045398,0.0034813,-0.0003923,0.0044983
0.003149,0.000212,0.0192158,0.003149,0.000212,0.0191558
0.003154,-0.000275,0.0191598,0.003154,-0.000275,0.0190998
0.003474,-0.000339,0.0189328,0.003474,-0.000339,0.0188728
-0.000724,-0.003312,0.0038438,-0.0007244,-0.003314,0.0038041
0.002546,0.002378,0.0188868,0.002546,0.002378,0.0188268
0.000868,0.003409,0.0189308,0.000868,0.003409,0.0188708
-0.003236,0.001485,0.0045308,-0.0032382,0.001486,0.0044893
-0.003485,0.00039,0.0046098,-0.0034873,0.0003903,0.0045681
-0.003086,0.00035,0.0045538,-0.0030881,0.0003503,0.0045125
-0.002775,0.000495,0.0045998,-0.0027769,0.0004953,0.0045586
-0.001052,0.000257,0.0043938,-0.0010527,0.0002572,0.0043548
-0.001655,0.000243,0.0050458,-0.0016563,0.0002432,0.0050045
-0.002493,0.000161,0.0057548,-0.0024952,0.0001611,0.0057109
-0.000896,9.6e-05,0.0050708,-0.0008968,9.61e-05,0.0050302
-0.000946,0.000198,0.0057078,-0.000947,0.0001982,0.0056654
-0.001797,0.000234,0.0057158,-0.0017987,0.0002342,0.0056725
-0.00236,0.000157,0.0065478,-0.0023624,0.0001572,0.0065018
-0.00301,0.000558,0.0049288,-0.0030122,0.0005584,0.0048866
-0.003125,0.000228,0.0063988,-0.0031277,0.0002282,0.006353
-0.003539,0.000438,0.0049618,-0.0035415,0.0004383,0.0049192
-0.003583,0.000105,0.0044508,-0.0035854,0.0001051,0.0044095
-0.002992,1.1e-05,0.0044398,-0.002994,1.1e-05,0.0043988
-0.003487,-0.000174,0.0045808,-0.0034893,-0.0001741,0.0045392
-0.003578,2.8e-05,0.0049238,-0.0035805,2.8e-05,0.0048814
-0.00344,-0.000751,0.0047548,-0.0034424,-0.0007515,0.0047128
-0.003113,-0.000878,0.0047338,-0.0031152,-0.0008786,0.004692
-0.003025,-0.001199,0.0045378,-0.003027,-0.0011998,0.0044964
-0.002719,-0.002197,0.0045808,-0.0027208,-0.0021985,0.0045392
-0.002632,-0.002239,0.0048538,-0.0026338,-0.0022406,0.0048116
-0.002497,-0.00196,0.0064698,-0.0024992,-0.0019617,0.0064238
-0.002952,-0.001911,0.0045498,-0.002954,-0.0019123,0.0045083
-0.001572,0.003175,0.0045878,-0.0015731,0.0031771,0.0045462
-0.002843,0.00209,0.0045868,-0.0028449,0.0020914,0.0045452
-0.000839,-0.002004,0.0179478,-0.000839,-0.002004,0.0178878
-0.0011,-0.001239,0.0179148,-0.0011,-0.001239,0.0178548
-0.001002,-0.002806,0.0172288,-0.001002,-0.002806,0.0171688
-0.001107,-0.002774,0.0166118,-0.001107,-0.002774,0.0165518
-0.000521,-0.002298,0.0147538,-0.000521,-0.002298,0.0146939
-0.002072,-0.0028,0.0189738,-0.002072,-0.0028,0.0189138
0.001139,-0.001917,0.0178178,0.001139,-0.001917,0.0177578
0.001026,-0.000944,0.0178148,0.001026,-0.000944,0.0177548
0.001356,-0.002724,0.0173158,0.001356,-0.002724,0.0172558
0.001229,-0.00328,0.0188678,0.001229,-0.00328,0.0188078
0.000925,-0.003005,0.0188398,0.000925,-0.003005,0.0187798
0.000907,-0.001136,0.0187008,0.000907,-0.001136,0.0186408
0.000458,-0.00105,0.0188718,0.000458,-0.00105,0.0188118
0.000555,-0.002049,0.0180228,0.000555,-0.002049,0.0179628
0.000463,-0.002656,0.0173118,0.000463,-0.002656,0.0172518
-0.001341,-0.00293,0.0187818,-0.001341,-0.00293,0.0187218
-0.001139,-0.00119,0.0186888,-0.001139,-0.00119,0.0186288
0.001345,0.002895,0.0047508,0.0013459,0.002897,0.004709
0.001687,0.003043,0.0045748,0.0016881,0.003045,0.0045332
0.001826,0.000978,0.0181278,0.001826,0.000978,0.0180678
0.001099,0.000963,0.0180488,0.001099,0.000963,0.0179888
0.000919,0.00049,0.0160008,0.000919,0.00049,0.0159408
0.002714,0.00103,0.0172918,0.002714,0.00103,0.0172318
0.002677,0.000938,0.0167408,0.002677,0.000938,0.0166808
0.002435,0.000835,0.0148888,0.002435,0.000835,0.0148289
0.003063,0.000797,0.0188458,0.003063,0.000797,0.0187858
0.001074,0.000986,0.0186778,0.001074,0.000986,0.0186178
0.00116,0.000231,0.0188148,0.00116,0.000231,0.0187548
0.001967,0.00032,0.0180738,0.001967,0.00032,0.0180138
0.002584,0.000323,0.0173438,0.002584,0.000323,0.0172838
-0.002553,-0.002498,0.0188218,-0.002553,-0.002498,0.0187618
-0.002988,-0.001119,0.0188018,-0.002988,-0.001119,0.0187418
-0.00275,-0.001416,0.0188578,-0.00275,-0.001416,0.0187978
-0.001859,-0.001231,0.0179708,-0.001859,-0.001231,0.0179108
-0.002381,-0.00116,0.0174088,-0.002381,-0.00116,0.0173488
-0.003277,-0.000807,0.0188658,-0.003277,-0.000807,0.0188058
-0.003522,-0.000667,0.0188208,-0.003522,-0.000667,0.0187608
-0.001732,-0.000305,0.0182068,-0.001732,-0.000305,0.0181468
-0.002463,-0.000422,0.0172428,-0.002463,-0.000422,0.0171828
-0.003246,-0.000453,0.0165848,-0.003246,-0.000453,0.0165248
-0.003523,-0.000272,0.0188858,-0.003523,-0.000272,0.0188258
-0.001703,0.000427,0.0183048,-0.001703,0.000427,0.0182448
-0.001069,0.000252,0.0179258,-0.001069,0.000252,0.0178658
-0.002497,0.000169,0.0172838,-0.002497,0.000169,0.0172238
-0.003505,0.000461,0.0189238,-0.003505,0.000461,0.0188638
-0.003484,0.000824,0.0188408,-0.003484,0.000824,0.0187808
-0.001757,0.000996,0.0178548,-0.001757,0.000996,0.0177948
-0.00251,0.001057,0.0174808,-0.00251,0.001057,0.0174208
-0.003247,0.001141,0.0188318,-0.003247,0.001141,0.0187718
-0.002758,0.001242,0.0191398,-0.002758,0.001242,0.0190798
-0.000918,0.000802,0.0185418,-0.000918,0.000802,0.0184818
-0.003174,0.001633,0.0188298,-0.003174,0.001633,0.0187698
0.001922,-0.001273,0.0179768,0.001922,-0.001273,0.0179168
0.00265,-0.001294,0.0172208,0.00265,-0.001294,0.0171608
0.002595,-0.00115,0.0166798,0.002595,-0.00115,0.0166198
0.002154,-0.000726,0.0147018,0.002154,-0.000726,0.0146419
0.003297,-0.000736,0.0189188,0.003297,-0.000736,0.0188588
0.002681,-0.001028,0.0190378,0.002681,-0.001028,0.0189778
0.001128,-0.000418,0.0188588,0.001128,-0.000418,0.0187988
0.001933,-0.000346,0.0179908,0.001933,-0.000346,0.0179308
0.002695,-0.000462,0.0174318,0.002695,-0.000462,0.0173718
-0.000798,-0.003419,0.0188178,-0.000798,-0.003419,0.0187578
-0.002623,0.002295,0.0044728,-0.0026247,0.0022965,0.0044315
0.002878,-0.001967,0.0188398,0.002878,-0.001967,0.0187798
0.003137,-0.001509,0.0189118,0.003137,-0.001509,0.0188518
-0.00014,0.003555,0.0046008,-0.0001401,0.0035574,0.0045591
-0.000121,0.00353,0.0049388,-0.0001211,0.0035325,0.0048963
-0.000118,0.001929,0.0052708,-0.0001181,0.0019306,0.0052286
-0.000265,0.002519,0.0057758,-0.0002652,0.0025212,0.0057318
-0.000255,0.003229,0.0067838,-0.0002552,0.0032319,0.0067371
-0.000483,0.003497,0.0048778,-0.0004833,0.0034995,0.0048355
-0.000792,0.003482,0.0045988,-0.0007925,0.0034843,0.0045572
0.001406,0.003042,0.0192228,0.001406,0.003042,0.0191628
0.003283,-0.000876,0.0042568,0.0032851,-0.0008766,0.0042161
0.003342,-0.001358,0.0045428,0.0033442,-0.0013589,0.0045013
0.001656,0.003092,0.0188468,0.001656,0.003092,0.0187868
0.000477,-0.003557,0.0043508,0.0004773,-0.0035593,0.0043097
0.000203,-0.003218,0.0041258,0.0002031,-0.00322,0.0040855
0.000275,-0.003543,0.0046168,0.0002752,-0.0035454,0.0045751
0.000294,-0.003216,0.0046778,0.0002942,-0.0032182,0.0046361
0.000261,-0.003549,0.0050008,0.0002612,-0.0035515,0.0049582
-0.000947,0.003415,0.0196258,-0.000947,0.003415,0.0195658
-0.001232,0.00314,0.0196038,-0.001232,0.00314,0.0195438
-0.001215,0.002649,0.0196118,-0.001215,0.002649,0.0195518
0.001352,-0.00304,0.0040538,0.0013528,-0.0030419,0.0040136
0.001369,-0.0033,0.0046018,0.0013699,-0.0033022,0.0045601
0.00252,0.002399,0.0048248,0.0025218,0.0024007,0.0047826
0.00291,0.001946,0.0046098,0.002912,0.0019473,0.0045681
0.003006,-0.001836,0.0045808,0.003008,-0.0018372,0.0045392
0.00168,-0.002866,0.0045128,0.0016812,-0.0028679,0.0044715
0.002047,-0.002275,0.0045788,0.0020484,-0.0022765,0.0045375
0.00315,0.000766,0.0045308,0.0031521,0.0007665,0.0044895
-0.000223,-0.00188,0.0181698,-0.000223,-0.00188,0.0181098
-0.000185,-0.002589,0.0174758,-0.000185,-0.002589,0.0174158
3.9e-05,-0.003263,0.0190758,3.9e-05,-0.003263,0.0190158
-6.4e-05,-0.00288,0.0192118,-6.4e-05,-0.00288,0.0191518
-0.000354,-0.001262,0.0188338,-0.000354,-0.001262,0.0187738
-6.7e-05,-0.003538,0.0185458,-6.7e-05,-0.003538,0.0184858
0.001027,0.001786,0.0180658,0.001027,0.001786,0.0180058
0.001381,0.002479,0.0173988,0.001381,0.002479,0.0173388
0.001331,0.002472,0.0165658,0.001331,0.002472,0.0165058
0.001041,0.002066,0.0148868,0.001041,0.002066,0.0148269
0.002396,-0.002224,0.0045618,0.0023976,-0.0022255,0.0045204
0.002463,-0.002294,0.0042068,0.0024646,-0.0022955,0.0041662
0.000742,-0.003365,0.0194178,0.000742,-0.003365,0.0193578
0.001748,-0.002778,0.0187868,0.001748,-0.002778,0.0187268
-0.00209,0.002875,0.0045788,-0.0020914,0.0028769,0.0045372
0.001069,-0.003238,0.0046498,0.0010697,-0.0032402,0.0046081
-0.000451,-0.003465,0.0188948,-0.000451,-0.003465,0.0188348
0.003242,0.000437,0.0188938,0.003242,0.000437,0.0188338
0.003516,0.000426,0.0185318,0.003516,0.000426,0.0184718
0.003299,0.000172,0.0163998,0.003299,0.000172,0.0163398
0.000629,-0.003306,0.0046028,0.0006294,-0.0033082,0.0045613
-9.9e-05,0.003464,0.0191008,-9.9e-05,0.003464,0.0190408
-0.003538,-0.000667,0.0050228,-0.0035405,-0.0006675,0.0049801
-0.001725,-0.000489,0.0059028,-0.0017267,-0.0004895,0.0058589
-0.002345,-0.000501,0.0065298,-0.0023473,-0.0005015,0.0064839
-0.00347,-0.000347,0.0048998,-0.0034724,-0.0003473,0.0048574
-0.003495,8.8e-05,0.0073678,-0.0034979,8.81e-05,0.0073198
-0.003124,-0.001216,0.0049178,-0.0031262,-0.0012168,0.0048755
-0.002794,-0.001367,0.0048518,-0.002796,-0.001368,0.0048097
-0.000968,-0.001209,0.0052448,-0.0009688,-0.00121,0.0052032
-0.00178,-0.001203,0.0058118,-0.0017817,-0.0012041,0.0057679
-0.002632,-0.001474,0.0066098,-0.0026344,-0.0014753,0.0065635
-0.002308,-0.002367,0.0049768,-0.0023097,-0.0023687,0.0049343
0.001302,0.003188,0.0190028,0.001302,0.003188,0.0189428
0.001553,0.002771,0.0189048,0.001553,0.002771,0.0188448
-0.002058,-0.002904,0.0184618,-0.002058,-0.002904,0.0184018
-0.002102,-0.002902,0.0181598,-0.002102,-0.002902,0.0180998
-0.001744,-0.001978,0.0171598,-0.001744,-0.001978,0.0170998
-0.001875,-0.002719,0.0165268,-0.001875,-0.002719,0.0164668
-8.7e-05,-0.003205,0.0046058,-8.7e-05,-0.0032072,0.0045643
0.003165,0.001617,0.0187908,0.003165,0.001617,0.0187308
-0.003217,0.001355,0.0051968,-0.0032193,0.001356,0.0051537
-0.002692,0.001272,0.0050018,-0.002694,0.0012729,0.0049594
-0.001071,0.001027,0.0050818,-0.0010719,0.0010278,0.0050407
-0.001764,0.000945,0.0058178,-0.0017657,0.0009459,0.005774
-0.002629,0.000965,0.0064498,-0.0026314,0.0009659,0.006404
-0.003469,0.000896,0.0049538,-0.0034715,0.0008966,0.0049113
-0.002346,-0.00269,0.0185518,-0.002346,-0.00269,0.0184918
-0.002855,-0.002101,0.0183518,-0.002855,-0.002101,0.0182918
-0.002617,-0.001983,0.0166048,-0.002617,-0.001983,0.0165448
-0.003156,0.001523,0.0049138,-0.0031582,0.0015241,0.0048714
-0.003248,-0.001386,0.0184798,-0.003248,-0.001386,0.0184198
-0.003458,-0.000718,0.0184878,-0.003458,-0.000718,0.0184278
-0.003437,-0.000327,0.0185558,-0.003437,-0.000327,0.0184958
-0.003457,7.8e-05,0.0185268,-0.003457,7.8e-05,0.0184668
-0.003523,0.000484,0.0185648,-0.003523,0.000484,0.0185048
-0.003338,0.000838,0.0184048,-0.003338,0.000838,0.0183448
-0.003056,0.001282,0.0185448,-0.003056,0.001282,0.0184848
-0.003088,0.001748,0.0185418,-0.003088,0.001748,0.0184818
-0.002865,0.002045,0.0185118,-0.002865,0.002045,0.0184518
-0.002963,0.001952,0.0181828,-0.002963,0.001952,0.0181228
-0.000881,0.00175,0.0180498,-0.000881,0.00175,0.0179898
-0.001794,0.001713,0.0172398,-0.001794,0.001713,0.0171798
-0.00264,0.001709,0.0164368,-0.00264,0.001709,0.0163768
-0.0026,0.00237,0.0188638,-0.0026,0.00237,0.0188038
-0.002454,0.002454,0.0184858,-0.002454,0.002454,0.0184258
0.002048,0.002871,0.0045888,0.0020494,0.0028729,0.0045472
0.002181,0.002768,0.0049488,0.0021826,0.00277,0.0049063
0.001987,0.002591,0.0065818,0.0019888,0.0025933,0.0065356
-0.000517,-0.003279,0.0041868,-0.0005173,-0.0032811,0.0041463
-0.00085,-0.003128,0.0185938,-0.00085,-0.003128,0.0185338
-0.001302,-0.003221,0.0184928,-0.001302,-0.003221,0.0184328
0.003261,2.7e-05,0.0046818,0.0032633,2.7e-05,0.0046401
0.003561,3.8e-05,0.0049278,0.0035635,3.8e-05,0.0048854
-0.001645,-0.002963,0.0185638,-0.001645,-0.002963,0.0185038
0.002827,-0.001304,0.0189438,0.002827,-0.001304,0.0188838
0.003223,-0.001406,0.0184918,0.003223,-0.001406,0.0184318
0.0003,0.003524,0.0185318,0.0003,0.003524,0.0184718
0.00017,0.00337,0.0181888,0.00017,0.00337,0.0181288
0.000506,0.001721,0.0179568,0.000506,0.001721,0.0178968
0.000602,0.002494,0.0173138,0.000602,0.002494,0.0172538
0.00046,0.003038,0.0167188,0.00046,0.003038,0.0166588
-0.000301,0.001784,0.0179438,-0.000301,0.001784,0.0178838
-0.000226,0.002489,0.0174198,-0.000226,0.002489,0.0173598
-0.000348,0.002471,0.0167348,-0.000348,0.002471,0.0166748
-0.000591,0.002269,0.0149928,-0.000591,0.002269,0.0149329
-0.000348,0.003301,0.0165678,-0.000348,0.003301,0.0165078
-0.000116,0.003532,0.0185878,-0.000116,0.003532,0.0185278
0.001373,-0.003239,0.0183768,0.001373,-0.003239,0.0183168
0.001037,-0.003314,0.0184568,0.001037,-0.003314,0.0183968
0.003005,-0.001804,0.0185168,0.003005,-0.001804,0.0184568
0.003112,-0.001631,0.0181298,0.003112,-0.001631,0.0180698
0.00192,-0.001936,0.0172828,0.00192,-0.001936,0.0172228
0.002008,-0.001156,0.0172838,0.002008,-0.001156,0.0172238
0.003512,-0.000383,0.0185898,0.003512,-0.000383,0.0185298
0.003531,-0.000462,0.0182538,0.003531,-0.000462,0.0181938
-0.001568,0.003212,0.0049238,-0.0015691,0.0032143,0.0048813
-0.001145,0.00183,0.0058338,-0.0011461,0.0018317,0.0057898
-0.001061,0.002502,0.0066178,-0.001062,0.0025044,0.0065716
-0.001117,0.002561,0.0072448,-0.001118,0.0025634,0.007197
-0.000857,0.00195,0.0092218,-0.0008577,0.0019516,0.0091696
0.0004,-0.001983,0.0060208,0.0004004,-0.001985,0.0059764
0.000441,-0.001036,0.0057368,0.0004415,-0.0010371,0.0056942
0.000954,-0.000723,0.0077198,0.0009553,-0.000724,0.0076706
0.000628,-0.002683,0.0065408,0.0006286,-0.0026855,0.0064948
0.000489,-0.002591,0.0071848,0.0004895,-0.0025935,0.0071372
0.000677,-0.002122,0.0092348,0.0006775,-0.0021237,0.0091827
0.000288,-0.003229,0.0050128,0.0002882,-0.0032313,0.0049703
0.000175,-0.002937,0.0048688,0.0001751,-0.0029391,0.0048268
0.00044,-0.001063,0.0051198,0.0004404,-0.0010639,0.005079
-0.000224,-0.0011,0.0051818,-0.0002242,-0.001101,0.0051408
-0.000345,-0.002171,0.0058528,-0.0003453,-0.0021731,0.0058088
-0.000147,-0.002419,0.0065968,-0.0001472,-0.0024214,0.0065507
0.000303,-0.003575,0.0053398,0.0003032,-0.0035777,0.0052964
0.003033,0.00167,0.0045458,0.003035,0.0016711,0.0045043
0.003112,0.001703,0.0049158,0.0031142,0.0017042,0.0048734
0.002835,0.001333,0.0048508,0.002837,0.0013339,0.0048087
0.001418,0.001138,0.0052658,0.0014192,0.001139,0.0052238
0.001051,0.001091,0.0058668,0.0010521,0.0010921,0.0058234
0.000913,0.000728,0.0077548,0.0009142,0.000729,0.0077054
0.001925,0.001018,0.0058828,0.0019269,0.001019,0.0058387
0.002558,0.000987,0.0065628,0.0025604,0.0009879,0.0065167
0.002617,0.001019,0.0073028,0.0026195,0.0010199,0.0072549
0.002218,0.000732,0.0089748,0.0022198,0.0007326,0.0089233
0.003267,0.001346,0.0049378,0.0032693,0.001347,0.0048953
0.001215,0.001752,0.0058318,0.0012162,0.0017537,0.0057879
0.001951,0.001792,0.0064898,0.0019529,0.0017937,0.0064439
0.002734,0.00177,0.0072628,0.0027364,0.0017716,0.007215
0.001095,0.003031,0.0046308,0.0010958,0.0030331,0.0045892
0.001079,0.003398,0.0049828,0.0010798,0.0034004,0.0049402
-0.000298,0.001729,0.0057918,-0.0002983,0.0017307,0.0057484
-0.000315,0.002351,0.0065258,-0.0003153,0.0023534,0.0064799
-0.000321,0.003194,0.0074478,-0.0003213,0.0031968,0.0073997
-0.000429,0.00352,0.0192838,-0.000429,0.00352,0.0192238
0.00352,-0.00059,0.0042358,0.0035222,-0.0005904,0.004195
0.00316,-0.000607,0.0040978,0.003162,-0.0006074,0.0040576
0.003283,-0.000644,0.0044578,0.0032852,-0.0006444,0.0044166
0.003011,0.001927,0.0185328,0.003011,0.001927,0.0184728
0.002988,0.001889,0.0181938,0.002988,0.001889,0.0181338
0.001971,0.001774,0.0172948,0.001971,0.001774,0.0172348
0.002583,0.001676,0.0166368,0.002583,0.001676,0.0165768
0.001716,0.003039,0.0049608,0.0017172,0.0030412,0.0049183
-0.002225,0.002639,0.0188988,-0.002225,0.002639,0.0188388
0.000596,-0.003399,0.0049508,0.0005964,-0.0034014,0.0049084
0.00311,6.5e-05,0.0188968,0.00311,6.5e-05,0.0188368
0.003563,-2.7e-05,0.0185588,0.003563,-2.7e-05,0.0184988
0.002868,0.002091,0.0049108,0.00287,0.0020925,0.0048684
-0.002886,0.00209,0.0048778,-0.002888,0.0020915,0.0048354
0.001847,0.003003,0.0184748,0.001847,0.003003,0.0184148
0.001093,0.003387,0.0185328,0.001093,0.003387,0.0184728
0.001494,0.003192,0.0184608,0.001494,0.003192,0.0184008
0.00329,0.001153,0.0188138,0.00329,0.001153,0.0187538
0.003278,0.001364,0.0184888,0.003278,0.001364,0.0184288
0.002017,0.000335,0.0059598,0.002019,0.0003353,0.0059156
0.002643,0.000269,0.0066438,0.0026456,0.0002693,0.0065975
0.003305,0.000226,0.0072348,0.0033079,0.0002262,0.0071871
0.00305,0.000183,0.0048888,0.0030522,0.0001831,0.0048467
0.002889,-2.3e-05,0.0050318,0.0028912,-2.3e-05,0.0049894
0.001032,0.000328,0.0051778,0.0010329,0.0003283,0.0051368
0.001059,-0.000345,0.0052418,0.00106,-0.0003453,0.0052006
0.001898,-0.000487,0.0058498,0.0018998,-0.0004875,0.0058059
0.002792,-0.000379,0.0065818,0.0027946,-0.0003794,0.0065356
0.002659,-0.000557,0.0072778,0.0026615,-0.0005575,0.00723
0.002258,-0.000726,0.0091508,0.0022598,-0.0007266,0.0090989
0.003527,-0.000378,0.0051618,0.0035296,-0.0003783,0.0051188
0.003526,0.000128,0.0053348,0.0035287,0.0001281,0.0052914
-0.000824,-0.003193,0.0042108,-0.0008245,-0.003195,0.0041702
-0.001212,0.0031,0.0046798,-0.0012128,0.0031021,0.004638
0.000279,0.003499,0.0047388,0.0002792,0.0035014,0.0046968
0.003275,-0.001024,0.0184248,0.003275,-0.001024,0.0183648
-0.000793,0.003484,0.0049528,-0.0007936,0.0034865,0.0049103
0.0034,-0.00073,0.0185988,0.0034,-0.00073,0.0185388
0.000321,-0.003544,0.0184558,0.000321,-0.003544,0.0183958
-0.000125,-0.003163,0.0184638,-0.000125,-0.003163,0.0184038
-2.3e-05,-0.003524,0.0181908,-2.3e-05,-0.003524,0.0181308
0.000714,0.003416,0.0185788,0.000714,0.003416,0.0185188
0.000372,-0.003274,0.0189638,0.000372,-0.003274,0.0189038
0.00021,-0.003298,0.0186738,0.00021,-0.003298,0.0186138
0.00028,-0.003562,0.0181648,0.00028,-0.003562,0.0181048
-0.000787,0.003451,0.0192148,-0.000787,0.003451,0.0191548
-0.001196,0.003241,0.0191448,-0.001196,0.003241,0.0190848
0.002107,-0.002257,0.0185358,0.002107,-0.002257,0.0184758
0.001059,-0.001745,0.0172338,0.001059,-0.001745,0.0171738
0.001903,-0.001952,0.0165318,0.001903,-0.001952,0.0164718
0.002656,-0.002194,0.0184698,0.002656,-0.002194,0.0184098
-0.003105,-0.001232,0.0053738,-0.0031074,-0.0012329,0.0053304
-0.002746,-0.002195,0.0054308,-0.0027481,-0.0021967,0.0053871
-0.002583,-0.002355,0.0056658,-0.0025851,-0.0023568,0.0056216
-0.00087,-0.001998,0.0059098,-0.0008708,-0.0019999,0.0058656
-0.001823,-0.002097,0.0066028,-0.0018247,-0.002099,0.0065566
-0.002575,-0.00181,0.0072098,-0.0025773,-0.0018116,0.0071621
-0.001366,0.003128,0.0051808,-0.001367,0.0031303,0.0051378
-0.001294,0.00275,0.0049268,-0.0012949,0.002752,0.0048846
-0.00314,0.001714,0.0052858,-0.0031423,0.0017153,0.0052424
0.001348,0.002967,0.0050388,0.001349,0.0029692,0.0049962
0.001387,0.002643,0.0049968,0.001388,0.0026449,0.0049545
0.001268,0.002501,0.0065818,0.0012692,0.0025034,0.0065357
0.00113,0.002322,0.0071118,0.0011311,0.0023243,0.0070643
0.00096,0.002136,0.0091448,0.0009607,0.0021377,0.009093
0.001739,0.002692,0.0050768,0.0017403,0.002694,0.0050341
0.001731,0.003143,0.0053458,0.0017323,0.0031453,0.0053023
-0.003186,-0.000983,0.0185368,-0.003186,-0.000983,0.0184768
-0.003533,-0.0002,0.0052948,-0.0035356,-0.0002002,0.0052514
-0.003497,-0.000566,0.0052978,-0.0034996,-0.0005664,0.0052545
-0.00338,0.000393,0.0053328,-0.0033826,0.0003933,0.0052894
-0.003504,0.000714,0.0053058,-0.0035066,0.0007145,0.0052624
2.7e-05,-0.003633,0.0048578,2.7e-05,-0.0036356,0.0048155
-7.9e-05,-0.003129,0.0050188,-7.91e-05,-0.0031313,0.0049763
-5.5e-05,-0.003578,0.0053318,-5.5e-05,-0.0035807,0.0052884
-6.3e-05,-0.003492,0.0056378,-6.31e-05,-0.0034947,0.0055937
0.001093,-0.001816,0.0058878,0.001094,-0.0018177,0.0058437
0.001859,-0.001212,0.0057888,0.0018607,-0.0012131,0.0057449
0.00194,-0.001927,0.0066228,0.0019419,-0.0019288,0.0065766
0.002699,-0.001183,0.0064038,0.0027015,-0.0011841,0.006358
-0.003542,9.3e-05,0.0053078,-0.0035447,9.31e-05,0.0052644
0.000687,-0.003375,0.0184898,0.000687,-0.003375,0.0184298
0.001504,-0.003252,0.0049788,0.0015051,-0.0032543,0.0049362
0.001345,-0.003038,0.0048068,0.0013459,-0.0030401,0.0047648
0.001196,-0.00126,0.0050478,0.0011969,-0.001261,0.0050065
0.001231,-0.00274,0.0064778,0.0012321,-0.0027425,0.0064319
0.001148,-0.003345,0.0049358,0.0011488,-0.0033474,0.0048933
0.00139,-0.002858,0.0182808,0.00139,-0.002858,0.0182208
0.001254,-0.002712,0.0166728,0.001254,-0.002712,0.0166128
0.000917,-0.003442,0.0180638,0.000917,-0.003442,0.0180038
0.002348,0.002547,0.0052998,0.0023497,0.0025489,0.0052565
0.002205,0.002748,0.0056608,0.0022067,0.0027502,0.0056166
0.002088,0.002406,0.0071568,0.0020899,0.0024081,0.0071093
0.002691,0.00225,0.0052708,0.002693,0.0022517,0.0052275
-0.002094,0.00282,0.0185238,-0.002094,0.00282,0.0184638
-0.002166,0.002705,0.0182278,-0.002166,0.002705,0.0181678
-0.000932,0.002426,0.0174118,-0.000932,0.002426,0.0173518
-0.001782,0.002582,0.0167938,-0.001782,0.002582,0.0167338
-0.001851,0.003025,0.0052258,-0.0018524,0.0030272,0.0051826
0.003389,0.000899,0.0184308,0.003389,0.000899,0.0183708
-0.00079,-0.003257,0.0182248,-0.00079,-0.003257,0.0181648
-0.00079,-0.002937,0.0181158,-0.00079,-0.002937,0.0180558
-0.000409,-0.001252,0.0179818,-0.000409,-0.001252,0.0179218
-0.000311,-0.001933,0.0171448,-0.000311,-0.001933,0.0170848
-0.000235,-0.002645,0.0166228,-0.000235,-0.002645,0.0165628
-0.001114,-0.002063,0.0174908,-0.001114,-0.002063,0.0174308
-0.000719,-0.000627,0.0148938,-0.000719,-0.000627,0.0148339
-0.000561,-0.002096,0.0134328,-0.000561,-0.0020961,0.013374
-0.00131,-0.003206,0.0180928,-0.00131,-0.003206,0.0180328
0.003606,0.000294,0.0050358,0.0036085,0.0002942,0.004993
0.003184,0.000567,0.0049388,0.0031863,0.0005674,0.0048965
0.003511,0.000443,0.0052548,0.0035136,0.0004433,0.0052116
0.003134,0.000464,0.0052358,0.0031364,0.0004644,0.0051928
0.003504,0.000471,0.0056378,0.0035067,0.0004714,0.0055936
0.001776,0.003008,0.0180978,0.001776,0.003008,0.0180378
0.001848,0.002677,0.0182408,0.001848,0.002677,0.0181808
0.00218,0.002645,0.0164208,0.00218,0.002645,0.0163608
0.001053,0.00176,0.0172518,0.001053,0.00176,0.0171918
0.001061,0.003406,0.0181808,0.001061,0.003406,0.0181208
0.001338,0.003183,0.0181108,0.001338,0.003183,0.0180508
0.003061,-0.0011,0.0180238,0.003061,-0.0011,0.0179638
0.000679,-0.003274,0.0189008,0.000679,-0.003274,0.0188408
0.002496,0.002431,0.0183638,0.002496,0.002431,0.0183038
0.003024,-0.001826,0.0049438,0.0030261,-0.0018273,0.0049013
0.002864,-0.001275,0.0050098,0.0028661,-0.0012759,0.0049673
0.003213,-0.001484,0.0048998,0.0032153,-0.0014851,0.0048574
-0.00193,0.002934,0.0048808,-0.0019314,0.0029361,0.0048385
0.000343,-0.00318,0.0053608,0.0003433,-0.0031825,0.0053174
0.000242,-0.003532,0.0056188,0.0002422,-0.0035348,0.0055747
-0.000128,0.003473,0.0053678,-0.0001281,0.0034756,0.0053243
-0.000582,0.003472,0.0052958,-0.0005824,0.0034746,0.0052524
0.003374,0.000942,0.0049028,0.0033764,0.0009427,0.0048604
-9.5e-05,-0.003194,0.0053728,-9.51e-05,-0.0031965,0.0053294
0.001186,0.003386,0.0189498,0.001186,0.003386,0.0188898
0.00099,0.003139,0.0191248,0.00099,0.003139,0.0190648
0.00109,0.003026,0.0194678,0.00109,0.003026,0.0194078
0.003069,0.00053,0.0184368,0.003069,0.00053,0.0183768
-0.002222,-0.002558,0.0181508,-0.002222,-0.002558,0.0180908
0.003231,0.001481,0.0052878,0.0032334,0.0014821,0.0052445
-0.000393,-0.003583,0.0185818,-0.000393,-0.003583,0.0185218
-0.000421,-0.00327,0.0186148,-0.000421,-0.00327,0.0185548
0.00255,-0.002299,0.0049208,0.0025518,-0.0023006,0.0048784
0.002084,-0.002194,0.0049258,0.0020855,-0.0021956,0.0048836
0.002458,-0.002102,0.0052988,0.0024599,-0.0021036,0.0052556
0.002851,-0.00203,0.0052018,0.0028531,-0.0020315,0.0051587
0.003036,0.001867,0.0052248,0.0030383,0.0018684,0.0051816
-9.1e-05,-0.003248,0.0181218,-9.1e-05,-0.003248,0.0180618
-0.000132,-0.003518,0.0178288,-0.000132,-0.003518,0.0177688
-0.003083,-0.00094,0.0053258,-0.0030853,-0.0009407,0.0052825
-0.003139,-0.000894,0.0050168,-0.0031413,-0.0008946,0.0049743
-0.002927,-0.001911,0.0053078,-0.0029292,-0.0019124,0.0052644
-0.002835,-0.00184,0.0049208,-0.002837,-0.0018413,0.0048784
-0.001677,-0.001251,0.0172228,-0.001677,-0.001251,0.0171628
-0.001854,-0.001885,0.0163918,-0.001854,-0.001885,0.0163318
-0.001812,-0.002746,0.0158608,-0.001812,-0.002746,0.0158008
0.001703,-0.003038,0.0184528,0.001703,-0.003038,0.0183928
0.002105,0.001095,0.0173278,0.002105,0.001095,0.0172678
0.003123,0.000815,0.0181138,0.003123,0.000815,0.0180538
0.001089,0.000362,0.0178308,0.001089,0.000362,0.0177708
0.002011,0.000285,0.0172618,0.002011,0.000285,0.0172018
0.002669,0.000285,0.0167738,0.002669,0.000285,0.0167138
0.001707,-0.002936,0.0048468,0.0017082,-0.0029381,0.0048046
0.002058,-0.002429,0.0051138,0.0020595,-0.0024308,0.005071
0.001654,-0.002678,0.0051908,0.0016552,-0.00268,0.0051479
0.001924,-0.002526,0.0053608,0.0019255,-0.0025279,0.0053174
-0.002895,-0.00183,0.0181698,-0.002895,-0.00183,0.0181098
-0.002898,-0.001523,0.0182928,-0.002898,-0.001523,0.0182328
-0.002486,-0.001153,0.0167028,-0.002486,-0.001153,0.0166428
-0.00316,-0.00156,0.0181178,-0.00316,-0.00156,0.0180578
-0.002055,-0.000695,0.0135168,-0.0020551,-0.000695,0.0134578
-0.003217,-0.0009,0.0182138,-0.003217,-0.0009,0.0181538
-0.003474,-0.000689,0.0180958,-0.003474,-0.000689,0.0180358
-0.002977,-0.000537,0.0182738,-0.002977,-0.000537,0.0182138
-0.002742,-0.000641,0.0181888,-0.002742,-0.000641,0.0181288
-0.001093,-0.000554,0.0179458,-0.001093,-0.000554,0.0178858
-0.001658,-0.000338,0.0174708,-0.001658,-0.000338,0.0174108
-0.002461,-0.000454,0.0166308,-0.002461,-0.000454,0.0165708
-0.0011,-0.000487,0.0187028,-0.0011,-0.000487,0.0186428
-0.003573,-0.000299,0.0182808,-0.003573,-0.000299,0.0182208
-0.003505,-0.000686,0.0174648,-0.003505,-0.000686,0.0174048
-0.003183,-0.000373,0.0159558,-0.003183,-0.000373,0.0158958
-0.003525,4.4e-05,0.0180938,-0.003525,4.4e-05,0.0180338
-0.003543,-0.000216,0.0178828,-0.003543,-0.000216,0.0178228
-0.001914,0.000223,0.0172268,-0.001914,0.000223,0.0171668
-0.002341,0.000255,0.0167508,-0.002341,0.000255,0.0166908
-0.003316,0.00021,0.0159698,-0.003316,0.00021,0.0159098
-0.003225,0.000286,0.0152258,-0.003225,0.000286,0.0151658
-0.000642,0.000707,0.0147248,-0.000642,0.000707,0.0146649
-0.003507,0.000455,0.0181978,-0.003507,0.000455,0.0181378
-0.003495,0.00081,0.0181258,-0.003495,0.00081,0.0180658
-0.00179,0.00098,0.0171028,-0.00179,0.00098,0.0170428
-0.002302,0.000894,0.0164708,-0.002302,0.000894,0.0164108
-0.003418,0.001144,0.0183308,-0.003418,0.001144,0.0182708
-0.003128,0.001266,0.0181868,-0.003128,0.001266,0.0181268
-0.002686,0.001244,0.0181188,-0.002686,0.001244,0.0180588
-0.000958,0.000999,0.0181588,-0.000958,0.000999,0.0180988
-0.003085,0.00088,0.0181508,-0.003085,0.00088,0.0180908
-0.003459,0.000854,0.0177838,-0.003459,0.000854,0.0177238
-0.003121,0.001645,0.0181608,-0.003121,0.001645,0.0181008
-0.002434,0.002583,0.0181408,-0.002434,0.002583,0.0180808
-0.000539,-0.003089,0.0046588,-0.0005394,-0.0030911,0.0046172
0.003272,-0.001067,0.0044938,0.0032742,-0.0010677,0.0044525
0.003531,-0.000259,0.0048288,0.0035335,-0.0002592,0.0047866
0.003142,-0.000284,0.0048828,0.0031443,-0.0002842,0.0048406
0.003488,-0.000303,0.0055118,0.0034907,-0.0003032,0.005468
0.000655,0.001761,0.0175108,0.000655,0.001761,0.0174508
0.000426,0.002392,0.0165468,0.000426,0.002392,0.0164868
0.000457,0.003181,0.0158668,0.000457,0.003181,0.0158068
-0.002467,-0.002568,0.0052518,-0.0024688,-0.0025699,0.0052086
-0.002371,-0.002224,0.0053478,-0.0023728,-0.0022257,0.0053045
-0.000866,-0.001364,0.0058938,-0.0008669,-0.0013654,0.0058502
-0.001091,-0.001961,0.0065908,-0.0010921,-0.001963,0.0065448
-0.00193,-0.00117,0.0064238,-0.0019319,-0.0011712,0.0063782
-0.001893,-0.002049,0.0073898,-0.0018948,-0.0020509,0.0073417
-0.001271,-0.003113,0.0046978,-0.0012719,-0.0031151,0.004656
-0.001668,-0.00271,0.0046888,-0.0016691,-0.0027119,0.0046471
-0.000881,-0.003058,0.0046608,-0.0008816,-0.0030601,0.0046192
0.003425,0.000735,0.0052498,0.0034275,0.0007355,0.0052066
-0.003244,-0.001021,0.0056898,-0.0032466,-0.0010218,0.0056456
-0.002747,-0.000961,0.0057138,-0.0027493,-0.0009618,0.0056697
-0.002218,-0.001441,0.0070958,-0.0022202,-0.0014424,0.0070483
-0.001014,-0.000363,0.0058098,-0.0010151,-0.0003634,0.005767
-0.001729,-0.000541,0.0065928,-0.0017309,-0.0005416,0.006547
-0.002613,-0.000732,0.0073088,-0.0026155,-0.0007327,0.0072609
-0.00348,-0.000676,0.0056898,-0.0034827,-0.0006765,0.0056455
-0.000611,-0.000791,0.0091978,-0.0006115,-0.0007916,0.0091441
-0.002088,-0.000785,0.0105248,-0.002089,-0.0007854,0.01047
-0.003241,-0.000479,0.0079118,-0.0032436,-0.0004794,0.0078627
0.000973,0.003435,0.0053698,0.0009737,0.0034376,0.0053262
0.001335,0.003245,0.0052598,0.001336,0.0032474,0.0052165
-0.00308,0.001145,0.0054058,-0.0030823,0.0011459,0.0053623
-0.003129,0.001569,0.0056168,-0.0031314,0.0015702,0.0055727
-0.002791,0.001614,0.0056978,-0.0027933,0.0016153,0.0056536
-0.001717,0.002016,0.0063738,-0.0017186,0.0020179,0.0063282
-0.002567,0.001707,0.0073298,-0.0025693,0.0017085,0.0072818
-0.001042,0.001051,0.0057478,-0.001043,0.001052,0.0057048
-0.00163,0.000871,0.0064108,-0.0016318,0.000872,0.0063654
-0.002548,0.000957,0.0073118,-0.0025504,0.0009579,0.0072639
0.003154,-0.000431,0.0183608,0.003154,-0.000431,0.0183008
-0.002103,-0.002856,0.0178308,-0.002103,-0.002856,0.0177708
0.00165,-0.002754,0.0181238,0.00165,-0.002754,0.0180638
0.002583,0.002372,0.0056528,0.002585,0.0023739,0.0056086
0.003239,-0.000117,0.0186038,0.003239,-0.000117,0.0185438
0.003533,1.1e-05,0.0181948,0.003533,1.1e-05,0.0181348
0.003313,0.001182,0.0181448,0.003313,0.001182,0.0180848
-0.001526,-0.002876,0.0182308,-0.001526,-0.002876,0.0181708
-0.003532,-0.000278,0.0056848,-0.0035348,-0.0002782,0.0056405
0.000415,-0.003198,0.0183278,0.000415,-0.003198,0.0182678
0.000386,-0.002748,0.0182698,0.000386,-0.002748,0.0182098
0.000453,-0.001134,0.0179378,0.000453,-0.001134,0.0178778
0.000475,-0.001879,0.0171588,0.000475,-0.001879,0.0170988
0.000439,-0.002723,0.0165988,0.000439,-0.002723,0.0165388
0.00027,-0.003556,0.0177978,0.00027,-0.003556,0.0177378
0.000451,-0.003461,0.0174268,0.000451,-0.003461,0.0173668
0.003219,-0.001382,0.0177248,0.003219,-0.001382,0.0176648
0.003329,-0.001019,0.0176548,0.003329,-0.001019,0.0175948
0.001815,-0.000495,0.0171928,0.001815,-0.000495,0.0171328
0.002698,-0.000492,0.0165648,0.002698,-0.000492,0.0165048
-0.000381,-0.003471,0.0181858,-0.000381,-0.003471,0.0181258
-0.00041,-0.003117,0.0181998,-0.00041,-0.003117,0.0181398
0.003003,0.00195,0.0178068,0.003003,0.00195,0.0177468
0.003003,0.001974,0.0174268,0.003003,0.001974,0.0173668
0.002016,0.001765,0.0165938,0.002016,0.001765,0.0165338
0.002744,0.001701,0.0159748,0.002744,0.001701,0.0159148
0.001974,-0.002466,0.0181328,0.001974,-0.002466,0.0180728
0.003132,6.6e-05,0.0052868,0.0031344,6.61e-05,0.0052437
0.003547,2.7e-05,0.0056648,0.0035498,2.7e-05,0.0056206
-0.000161,0.003528,0.0182048,-0.000161,0.003528,0.0181448
-0.000349,0.001725,0.0173618,-0.000349,0.001725,0.0173018
-0.0003,0.003251,0.0158868,-0.0003,0.003251,0.0158268
0.000706,-0.003236,0.0053108,0.0007065,-0.0032385,0.0052675
0.002185,0.002795,0.0185588,0.002185,0.002795,0.0184988
-0.002221,0.002687,0.0051878,-0.0022226,0.002689,0.0051447
-0.002047,0.00288,0.0055588,-0.0020486,0.0028822,0.0055148
-0.001835,0.002604,0.0072488,-0.0018366,0.0026063,0.0072011
-0.002469,0.002371,0.0054828,-0.0024709,0.0023728,0.005439
-0.000959,0.003418,0.0188408,-0.000959,0.003418,0.0187808
-0.00116,0.002721,0.0189838,-0.00116,0.002721,0.0189238
-0.000487,0.003482,0.0185318,-0.000487,0.003482,0.0184718
-0.000478,0.0035,0.0189648,-0.000478,0.0035,0.0189048
0.002897,0.001513,0.0051918,0.0028992,0.0015141,0.0051488
-0.00238,-0.002626,0.0177908,-0.00238,-0.002626,0.0177308
-0.002671,-0.00226,0.0177328,-0.002671,-0.00226,0.0176728
-0.00282,-0.002078,0.0174348,-0.00282,-0.002078,0.0173748
-0.002602,-0.002088,0.0158648,-0.002602,-0.002088,0.0158048
0.003172,0.000399,0.0181578,0.003172,0.000399,0.0180978
0.003512,0.000536,0.0177848,0.003512,0.000536,0.0177248
0.003529,0.000369,0.0174798,0.003529,0.000369,0.0174198
0.003199,0.000204,0.0158128,0.003199,0.000204,0.0157528
-0.001049,0.003375,0.0052168,-0.0010498,0.0033775,0.0051736
-0.000475,-0.003122,0.0050078,-0.0004753,-0.0031243,0.0049654
-0.000982,-0.002589,0.0066598,-0.0009829,-0.0025915,0.0066135
0.001809,0.002992,0.0056588,0.0018104,0.0029943,0.0056146
-0.002353,-0.00262,0.0056358,-0.0023548,-0.002622,0.0055917
-0.002006,-0.002642,0.0055108,-0.0020076,-0.002644,0.005467
-0.002356,-0.002093,0.0081038,-0.0023579,-0.0020947,0.0080543
-0.003161,-0.00136,0.0177238,-0.003161,-0.00136,0.0176638
0.00334,-0.000697,0.0048548,0.0033423,-0.0006975,0.0048126
0.000646,0.003401,0.0176978,0.000646,0.003401,0.0176378
0.000306,0.003558,0.0178068,0.000306,0.003558,0.0177468
-0.003056,-0.000979,0.0178568,-0.003056,-0.000979,0.0177968
-0.000637,-0.003254,0.0179738,-0.000637,-0.003254,0.0179138
0.003235,0.001413,0.0178808,0.003235,0.001413,0.0178208
-0.000445,0.0035,0.0181688,-0.000445,0.0035,0.0181088
0.000409,-0.001999,0.0066348,0.0004094,-0.0020011,0.0065887
0.000615,-0.003411,0.0055678,0.0006155,-0.0034137,0.0055238
0.000709,-0.002833,0.0056508,0.0007096,-0.0028353,0.0056069
0.001175,-0.001161,0.0058838,0.0011762,-0.0011622,0.0058402
0.001203,-0.001833,0.0065618,0.0012042,-0.0018349,0.0065158
0.00139,-0.002596,0.0073308,0.0013913,-0.0025984,0.0072829
-0.003524,0.000144,0.0176688,-0.003524,0.000144,0.0176088
-0.003482,0.000465,0.0178608,-0.003482,0.000465,0.0178008
-0.003114,0.001229,0.0176888,-0.003114,0.001229,0.0176288
-0.003097,0.001777,0.0178548,-0.003097,0.001777,0.0177948
0.002074,4.6e-05,0.0066568,0.0020762,4.61e-05,0.0066106
0.002652,0.000219,0.0073788,0.0026545,0.0002192,0.0073307
0.00331,0.000266,0.0078958,0.0033127,0.0002662,0.0078468
0.003082,0.000376,0.0058298,0.0030845,0.0003763,0.0057854
0.002909,0.00075,0.0055918,0.0029114,0.0007506,0.005548
0.001009,0.000157,0.0060298,0.0010102,0.0001572,0.0059864
0.001903,0.000917,0.0066388,0.001905,0.000918,0.0065927
0.003587,0.000429,0.0059978,0.0035899,0.0004293,0.0059528
0.00069,0.003389,0.0048848,0.0006905,0.0033914,0.0048425
0.001384,-0.003199,0.0177628,0.001384,-0.003199,0.0177028
0.000234,0.003487,0.0052268,0.0002342,0.0034896,0.0051836
0.000295,0.00351,0.0056138,0.0002952,0.0035127,0.0055697
0.000515,0.001733,0.0057648,0.0005155,0.0017347,0.0057213
0.000649,0.002496,0.0063808,0.0006496,0.0024984,0.0063352
0.00043,0.003148,0.0073728,0.0004304,0.0031508,0.0073248
0.000471,0.001901,0.0063788,0.0004715,0.001903,0.0063334
0.000545,0.002453,0.0072368,0.0005455,0.0024554,0.007189
0.00031,0.003225,0.0080798,0.0003102,0.0032276,0.0080304
-0.00011,0.003511,0.0056978,-0.0001101,0.0035137,0.0056535
0.002203,0.002712,0.0181828,0.002203,0.002712,0.0181228
0.001648,0.003189,0.0177868,0.001648,0.003189,0.0177268
0.002139,0.002776,0.0178668,0.002139,0.002776,0.0178068
0.002254,0.002731,0.0173408,0.002254,0.002731,0.0172808
0.002132,0.002389,0.0158658,0.002132,0.002389,0.0158058
-0.002465,0.002462,0.0049618,-0.0024668,0.0024637,0.0049193
-0.001672,0.003102,0.0055588,-0.0016733,0.0031044,0.0055148
0.003146,-0.00112,0.0051688,0.0031483,-0.0011208,0.0051258
0.00111,0.003395,0.0057288,0.0011109,0.0033977,0.0056844
0.001482,0.003167,0.0056128,0.0014832,0.0031695,0.0055687
0.001422,0.00277,0.0055948,0.0014231,0.0027722,0.0055509
0.001113,0.001843,0.0065268,0.0011142,0.0018449,0.006481
-0.003225,-0.001401,0.0056138,-0.0032275,-0.0014021,0.0055697
0.00331,-0.000759,0.0182058,0.00331,-0.000759,0.0181458
0.002924,-0.00069,0.0181968,0.002924,-0.00069,0.0181368
0.001198,-0.000461,0.0179538,0.001198,-0.000461,0.0178938
0.000559,-0.003475,0.0181148,0.000559,-0.003475,0.0180548
-0.001668,0.003123,0.0184008,-0.001668,0.003123,0.0183408
0.003185,-0.000415,0.0053258,0.0031874,-0.0004153,0.0052825
0.002995,-0.001857,0.0178128,0.002995,-0.001857,0.0177528
0.001472,-0.003272,0.0053318,0.0014731,-0.0032744,0.0052883
0.001401,-0.003237,0.0056328,0.0014021,-0.0032395,0.0055887
0.001855,-0.002953,0.0056028,0.0018564,-0.0029553,0.0055587
0.00235,-0.002271,0.0181008,0.00235,-0.002271,0.0180408
0.002695,-0.002263,0.0177688,0.002695,-0.002263,0.0177088
0.001221,-0.003337,0.0052658,0.0012219,-0.0033395,0.0052225
0.00305,0.001538,0.0181898,0.00305,0.001538,0.0181298
0.002909,0.001584,0.0185718,0.002909,0.001584,0.0185118
-0.00225,-0.002131,0.0177928,-0.00225,-0.002131,0.0177328
-0.001037,-0.001199,0.0172528,-0.001037,-0.001199,0.0171928
-0.000918,-0.001261,0.0167368,-0.000918,-0.001261,0.0166768
-0.000875,-0.002052,0.0165428,-0.000875,-0.002052,0.0164828
-0.001719,-0.001114,0.0165888,-0.001719,-0.001114,0.0165288
-0.001683,-0.002068,0.0157528,-0.001683,-0.002068,0.0156928
-0.002819,-0.0016,0.0178498,-0.002819,-0.0016,0.0177898
0.003188,-2.6e-05,0.0056078,0.0031905,-2.6e-05,0.0055639
0.003538,0.000109,0.0060618,0.0035409,0.0001091,0.0060167
0.002586,-0.002255,0.0056538,0.002588,-0.0022568,0.0056096
0.002154,-0.002148,0.0056578,0.0021558,-0.0021498,0.0056138
0.00192,-0.001091,0.0066148,0.001922,-0.0010921,0.0065687
0.00193,-0.001761,0.0073568,0.0019318,-0.0017627,0.0073087
0.002976,-0.001891,0.0055948,0.0029783,-0.0018925,0.0055508
0.002902,-0.001321,0.0056888,0.0029043,-0.0013221,0.0056447
0.002831,-0.001328,0.0072208,0.0028335,-0.0013292,0.0071731
0.000215,-0.003207,0.0056378,0.0002152,-0.0032096,0.0055938
0.000247,-0.003532,0.0060478,0.0002472,-0.0035349,0.0060027
-0.003262,0.00121,0.0056238,-0.0032645,0.0012109,0.0055797
-0.003445,0.000924,0.0056598,-0.0034477,0.0009247,0.0056156
0.000216,-0.003273,0.0179828,0.000216,-0.003273,0.0179228
0.003307,0.001251,0.0055638,0.0033095,0.001252,0.0055198
-0.003607,0.000399,0.0055098,-0.0036098,0.0003993,0.0054659
-0.003453,0.000577,0.0056888,-0.0034557,0.0005775,0.0056445
-0.003096,0.000386,0.0056528,-0.0030985,0.0003863,0.0056088
-0.002736,0.000394,0.0057498,-0.0027383,0.0003943,0.0057057
-0.001876,0.000121,0.0065378,-0.0018781,0.0001211,0.0064921
-0.002557,0.000185,0.0071738,-0.0025595,0.0001852,0.0071262
-0.003497,0.00012,0.0056598,-0.0034998,0.0001201,0.0056156
-0.003412,0.000431,0.0062788,-0.0034149,0.0004314,0.0062332
-0.003264,0.000142,0.0080088,-0.0032666,0.0001421,0.0079595
0.002885,0.001981,0.0055848,0.0028872,0.0019825,0.0055408
0.003073,0.00159,0.0056248,0.0030754,0.0015912,0.0055807
-0.000887,0.003401,0.0055668,-0.0008877,0.0034036,0.0055228
-0.001205,0.00311,0.0055948,-0.001206,0.0031125,0.0055508
-0.00122,0.002607,0.0055858,-0.001221,0.0026091,0.005542
-0.001058,0.001806,0.0065228,-0.0010591,0.0018079,0.006477
-9.2e-05,-0.001998,0.0064188,-9.21e-05,-0.0020001,0.0063733
-0.000171,-0.002602,0.0074568,-0.0001712,-0.0026045,0.0074085
-8.5e-05,-0.003186,0.0056648,-8.51e-05,-0.0031886,0.0056207
-4.4e-05,-0.002683,0.0056218,-4.4e-05,-0.0026853,0.0055781
-0.000267,-0.001141,0.0058868,-0.0002673,-0.0011422,0.0058437
-0.000235,-0.003547,0.0060448,-0.0002352,-0.0035499,0.0059997
-0.001355,-0.003274,0.0177578,-0.001355,-0.003274,0.0176978
0.002235,-0.002594,0.0055878,0.0022367,-0.002596,0.0055438
-1.9e-05,0.00348,0.0178118,-1.9e-05,0.00348,0.0177518
-0.000866,0.001648,0.0174318,-0.000866,0.001648,0.0173718
-0.001002,0.002604,0.0166338,-0.001002,0.002604,0.0165738
-0.000392,0.003479,0.0178538,-0.000392,0.003479,0.0177938
0.003292,0.000781,0.0055528,0.0032946,0.0007816,0.0055089
-0.002462,-0.002465,0.0174548,-0.002462,-0.002465,0.0173948
-0.00255,-0.00116,0.0160618,-0.00255,-0.00116,0.0160018
-0.002532,-0.00211,0.0151778,-0.002532,-0.00211,0.0151178
0.001101,0.003371,0.0178468,0.001101,0.003371,0.0177868
-0.003312,-0.000734,0.0059568,-0.0033147,-0.0007346,0.0059119
-0.002723,-0.001392,0.0173888,-0.002723,-0.001392,0.0173288
-0.002976,-0.001043,0.0173918,-0.002976,-0.001043,0.0173318
0.000961,-0.003093,0.0055308,0.0009618,-0.0030954,0.005487
-0.003484,-0.000313,0.0175398,-0.003484,-0.000313,0.0174798
-0.001786,0.000286,0.0167328,-0.001786,0.000286,0.0166728
-0.000808,0.000137,0.0167118,-0.000808,0.000137,0.0166518
-0.002439,0.000244,0.0157378,-0.002439,0.000244,0.0156778
-0.003486,0.000654,0.0174748,-0.003486,0.000654,0.0174148
-0.003303,0.001054,0.0174588,-0.003303,0.001054,0.0173988
-0.00191,0.000888,0.0166298,-0.00191,0.000888,0.0165698
-0.002601,0.001097,0.0158008,-0.002601,0.001097,0.0157408
-0.002727,0.001278,0.0176868,-0.002727,0.001278,0.0176268
-0.00102,0.001039,0.0173328,-0.00102,0.001039,0.0172728
-0.001896,0.001831,0.0166518,-0.001896,0.001831,0.0165918
-0.002567,0.001893,0.0159118,-0.002567,0.001893,0.0158518
-0.00317,0.001582,0.0174478,-0.00317,0.001582,0.0173878
-0.002819,0.002093,0.0178178,-0.002819,0.002093,0.0177578
-0.002888,0.001998,0.0174898,-0.002888,0.001998,0.0174298
-0.000827,-0.003101,0.0050118,-0.0008276,-0.0031032,0.0049693
-0.000763,-0.002695,0.0050208,-0.0007636,-0.002697,0.0049785
0.002695,0.002262,0.0178038,0.002695,0.002262,0.0177438
-0.000902,0.003439,0.0184648,-0.000902,0.003439,0.0184048
0.00067,-0.003399,0.0177838,0.00067,-0.003399,0.0177238
0.001047,-0.003271,0.0176878,0.001047,-0.003271,0.0176278
-0.00039,-0.003477,0.0055258,-0.0003903,-0.0034797,0.0054819
-0.000551,-0.003175,0.0056528,-0.0005514,-0.0031775,0.0056088
-0.000495,-0.003193,0.0053558,-0.0004954,-0.0031955,0.0053125
-0.002732,-0.002322,0.0059348,-0.0027342,-0.0023239,0.0058899
-0.001009,-0.003389,0.0178968,-0.001009,-0.003389,0.0178368
-0.002064,-0.00251,0.0177408,-0.002064,-0.00251,0.0176808
-0.00198,-0.002954,0.0175398,-0.00198,-0.002954,0.0174798
0.001468,-0.003296,0.0174778,0.001468,-0.003296,0.0174178
0.001437,-0.002851,0.0176048,0.001437,-0.002851,0.0175448
0.001081,-0.00116,0.0172928,0.001081,-0.00116,0.0172328
0.001193,-0.001106,0.0166138,0.001193,-0.001106,0.0165538
0.000749,-0.000686,0.0148938,0.000749,-0.000686,0.0148339
0.0013,-0.001882,0.0166858,0.0013,-0.001882,0.0166258
0.001263,-0.002693,0.0159588,0.001263,-0.002693,0.0158988
0.001166,-0.002639,0.0151288,0.001166,-0.002639,0.0150688
0.001093,-0.002396,0.0132918,0.0010931,-0.0023962,0.0132331
0.00107,0.003082,0.0049698,0.0010708,0.0030842,0.0049274
0.000586,0.003514,0.0052198,0.0005864,0.0035166,0.0051766
0.000883,0.002849,0.0052888,0.0008837,0.0028512,0.0052457
-0.002905,-0.001777,0.0056408,-0.0029073,-0.0017784,0.0055967
-0.002905,-0.00194,0.0060138,-0.0029074,-0.0019416,0.0059688
-0.00318,-0.001257,0.0060718,-0.0031826,-0.001258,0.0060267
0.003107,0.000568,0.0062598,0.0031097,0.0005685,0.0062143
0.003492,0.000534,0.0063158,0.0034949,0.0005345,0.0062701
-0.003109,0.001686,0.0060168,-0.0031116,0.0016874,0.0059718
0.001321,0.003147,0.0176548,0.001321,0.003147,0.0175948
0.003152,0.000447,0.0178608,0.003152,0.000447,0.0178008
0.003593,2.3e-05,0.0177878,0.003593,2.3e-05,0.0177278
0.001899,0.001074,0.0165918,0.001899,0.001074,0.0165318
0.00116,0.000943,0.0166038,0.00116,0.000943,0.0165438
0.000921,0.000469,0.0146748,0.000921,0.000469,0.014615
0.002904,0.001046,0.0158808,0.002904,0.001046,0.0158208
0.002644,0.000975,0.0151858,0.002644,0.000975,0.0151258
0.002214,0.000504,0.0134488,0.0022141,0.000504,0.0133899
0.003267,0.001285,0.0175278,0.003267,0.001285,0.0174678
0.003037,0.00106,0.0173478,0.003037,0.00106,0.0172878
0.001061,0.001069,0.0171128,0.001061,0.001069,0.0170528
-0.001877,0.002418,0.0159208,-0.001877,0.002418,0.0158608
-0.001666,-0.002978,0.0178558,-0.001666,-0.002978,0.0177958
-0.001374,-0.003197,0.0174258,-0.001374,-0.003197,0.0173658
-0.001208,-0.002818,0.0174728,-0.001208,-0.002818,0.0174128
-0.001007,-0.002746,0.0158608,-0.001007,-0.002746,0.0158008
-0.001559,-0.002996,0.0175538,-0.001559,-0.002996,0.0174938
-0.001904,-0.002664,0.0152088,-0.001904,-0.002664,0.0151488
-0.00273,0.002213,0.0056808,-0.0027321,0.0022147,0.0056365
-0.002754,0.002266,0.0060888,-0.0027562,0.0022678,0.0060436
-0.002802,0.002175,0.0064238,-0.0028044,0.0021768,0.0063778
-0.001881,0.00192,0.0073088,-0.0018828,0.0019218,0.0072609
-0.002656,0.001694,0.0079788,-0.0026582,0.0016954,0.0079295
0.001918,-0.001205,0.0166368,0.001918,-0.001205,0.0165768
0.002675,-0.001207,0.0157808,0.002675,-0.001207,0.0157208
0.002796,-0.000957,0.0150118,0.002796,-0.000957,0.0149518
0.002314,-0.000833,0.0134788,0.0023141,-0.000833,0.0134198
0.002912,-0.000706,0.0175018,0.002912,-0.000706,0.0174418
0.000923,-0.000308,0.0172508,0.000923,-0.000308,0.0171908
0.001941,-0.000333,0.0166198,0.001941,-0.000333,0.0165598
0.002757,-0.000309,0.0159438,0.002757,-0.000309,0.0158838
-0.001312,0.003201,0.0186048,-0.001312,0.003201,0.0185448
0.0019,-0.000419,0.0065518,0.0019021,-0.0004194,0.006506
0.003186,-0.000398,0.0057948,0.0031886,-0.0003983,0.0057504
0.002917,-0.000253,0.0056648,0.0029194,-0.0002532,0.0056208
0.001027,-0.000538,0.0059258,0.0010281,-0.0005386,0.0058826
0.003572,-0.000253,0.0059558,0.0035749,-0.0002532,0.0059109
-0.003445,-4.2e-05,0.0059888,-0.0034478,-4.2e-05,0.0059439
0.000264,-0.003125,0.0060358,0.0002642,-0.0031277,0.0059909
0.000238,-0.003517,0.0064028,0.0002382,-0.00352,0.0063569
-0.000706,0.003364,0.0181358,-0.000706,0.003364,0.0180758
-0.000453,0.003439,0.0056338,-0.0004534,0.0034417,0.0055897
0.003319,-0.000195,0.0182848,0.003319,-0.000195,0.0182248
0.003544,-0.000437,0.0178078,0.003544,-0.000437,0.0177478
0.000767,0.003406,0.0174218,0.000767,0.003406,0.0173618
0.00056,0.001708,0.0167098,0.00056,0.001708,0.0166498
0.000404,0.002399,0.0158468,0.000404,0.002399,0.0157868
0.000648,0.002458,0.0153048,0.000648,0.002458,0.0152448
0.001081,0.00215,0.0134818,0.0010811,0.0021501,0.0134229
-0.000613,0.001979,0.0133538,-0.000613,0.0019791,0.0132951
0.000324,0.003086,0.0150658,0.000324,0.003086,0.0150058
0.000257,0.003487,0.0174848,0.000257,0.003487,0.0174248
0.001629,0.003184,0.0060418,0.0016303,0.0031866,0.0059967
0.000958,0.003424,0.0060608,0.0009588,0.0034268,0.0060157
0.001363,0.003256,0.0059328,0.0013641,0.0032586,0.005888
0.000716,0.003432,0.0056628,0.0007166,0.0034347,0.0056186
0.001072,0.003058,0.0056028,0.0010729,0.0030604,0.0055588
0.003071,2.7e-05,0.0182258,0.003071,2.7e-05,0.0181658
-0.000132,0.003566,0.0060418,-0.0001321,0.0035689,0.0059967
-8.1e-05,0.003425,0.0063808,-8.11e-05,0.0034279,0.006335
-0.000349,0.001642,0.0065678,-0.0003494,0.0016439,0.0065221
-0.000376,0.002444,0.0074138,-0.0003764,0.0024464,0.0073656
-4e-06,0.00325,0.0081308,-4e-06,0.0032526,0.0080813
-0.000521,0.003511,0.0060508,-0.0005214,0.0035139,0.0060057
0.001757,0.003043,0.0174258,0.001757,0.003043,0.0173658
-0.001694,0.0031,0.0059378,-0.0016954,0.0031025,0.005893
0.003097,0.001696,0.0060088,0.0030995,0.0016974,0.0059638
0.003064,0.001753,0.0063908,0.0030666,0.0017545,0.0063449
0.001964,0.001803,0.0073008,0.0019659,0.0018047,0.0072529
0.002715,0.00188,0.0079798,0.0027172,0.0018815,0.0079306
0.001197,0.001039,0.0066598,0.0011984,0.0010402,0.0066139
0.001062,0.0011,0.0071388,0.0010634,0.0011014,0.0070914
0.001011,0.000494,0.0089058,0.0010121,0.0004945,0.0088532
0.001934,0.00099,0.0072848,0.001936,0.000991,0.0072369
0.002728,0.00104,0.0082378,0.0027302,0.0010409,0.008188
0.002707,0.000961,0.0087488,0.0027091,0.0009617,0.0086979
0.002409,0.000883,0.0105988,0.0024103,0.0008835,0.0105442
0.003217,0.001376,0.0059898,0.0032196,0.0013771,0.0059448
0.000352,0.003516,0.0059868,0.0003523,0.0035188,0.0059418
-0.000312,-0.001905,0.0166508,-0.000312,-0.001905,0.0165908
-0.000242,-0.002652,0.0159378,-0.000242,-0.002652,0.0158778
-0.000879,-0.003335,0.0174938,-0.000879,-0.003335,0.0174338
-0.003091,0.000876,0.0056928,-0.0030935,0.0008767,0.0056486
-0.003453,0.000803,0.0060328,-0.0034558,0.0008036,0.0059877
-0.000796,-0.003117,0.0053698,-0.0007966,-0.0031194,0.0053264
-0.000918,-0.002644,0.0073198,-0.0009188,-0.0026465,0.0072719
0.002617,0.002303,0.0174018,0.002617,0.002303,0.0173418
-0.000138,0.003564,0.0175118,-0.000138,0.003564,0.0174518
-0.000486,0.001694,0.0166268,-0.000486,0.001694,0.0165668
-0.00028,0.002481,0.0159058,-0.00028,0.002481,0.0158458
-0.000318,0.003254,0.0152558,-0.000318,0.003254,0.0151958
-0.000532,0.003471,0.0174838,-0.000532,0.003471,0.0174238
-0.003475,-0.000321,0.0062918,-0.003478,-0.0003213,0.0062462
-0.000202,-0.003142,0.0178268,-0.000202,-0.003142,0.0177668
3.4e-05,-0.003559,0.0174498,3.4e-05,-0.003559,0.0173898
-3.8e-05,-0.002925,0.0175538,-3.8e-05,-0.002925,0.0174938
0.000418,-0.001185,0.0173658,0.000418,-0.001185,0.0173058
0.000491,-0.001974,0.0163778,0.000491,-0.001974,0.0163178
0.000382,-0.002832,0.0158868,0.000382,-0.002832,0.0158268
-0.000243,-0.001104,0.0173388,-0.000243,-0.001104,0.0172788
-7.7e-05,-0.003517,0.0170998,-7.7e-05,-0.003517,0.0170398
0.002588,0.002475,0.0060008,0.0025901,0.002477,0.0059558
0.002977,0.001994,0.0060308,0.0029794,0.0019956,0.0059857
0.002305,0.002616,0.0059988,0.0023069,0.0026181,0.0059538
0.002163,0.002786,0.0063678,0.0021648,0.0027884,0.006322
0.001917,0.002652,0.0079618,0.0019185,0.0026541,0.0079126
0.003183,-0.001423,0.0055748,0.0031855,-0.0014241,0.0055308
0.00302,-0.001844,0.0060478,0.0030225,-0.0018455,0.0060027
0.003191,-0.001464,0.0060388,0.0031936,-0.0014652,0.0059937
0.003125,0.00012,0.0061408,0.0031277,0.0001201,0.0060956
0.003581,0.000138,0.0063948,0.003584,0.0001381,0.0063489
-0.001257,-0.003087,0.0049978,-0.0012579,-0.0030892,0.0049553
0.00341,-0.000753,0.0178308,0.00341,-0.000753,0.0177708
-0.00202,0.002836,0.0059598,-0.0020216,0.0028383,0.0059149
-0.002014,0.002786,0.0064118,-0.0020157,0.0027884,0.0063659
-0.001681,0.002757,0.0081928,-0.0016823,0.0027592,0.0081432
-0.000312,-0.003213,0.0059618,-0.0003122,-0.0032157,0.005917
0.001643,0.00267,0.0174988,0.001643,0.00267,0.0174388
0.00119,0.001852,0.0165308,0.00119,0.001852,0.0164708
0.001443,0.002488,0.0159068,0.001443,0.002488,0.0158468
0.001807,0.002925,0.0171028,0.001807,0.002925,0.0170428
0.002377,0.001943,0.0061468,0.0023791,0.0019447,0.0061016
0.002019,0.001899,0.0059788,0.0020208,0.0019007,0.0059342
0.001096,0.001635,0.0071788,0.0010972,0.0016368,0.0071312
0.002079,0.001708,0.0078428,0.0020808,0.0017095,0.0077937
0.002876,0.002078,0.0063568,0.0028784,0.0020798,0.006311
0.001777,-0.002858,0.0177618,0.001777,-0.002858,0.0177018
0.001273,-0.002878,0.0179268,0.001273,-0.002878,0.0178668
0.00172,-0.002738,0.0173858,0.00172,-0.002738,0.0173258
-0.003464,-0.000742,0.0170868,-0.003464,-0.000742,0.0170268
-0.003518,-0.000634,0.0167118,-0.003518,-0.000634,0.0166518
-0.001853,-0.000538,0.0166008,-0.001853,-0.000538,0.0165408
-0.002509,-0.0005,0.0158938,-0.002509,-0.0005,0.0158338
-0.003234,-0.000569,0.0149658,-0.003234,-0.000569,0.0149058
-0.003502,-0.000335,0.0171728,-0.003502,-0.000335,0.0171128
0.003198,-0.000727,0.0056428,0.0032005,-0.0007276,0.0055988
0.000632,-0.003376,0.0060118,0.0006325,-0.0033788,0.0059668
-0.000773,0.003421,0.0177818,-0.000773,0.003421,0.0177218
-0.000862,0.003479,0.0174788,-0.000862,0.003479,0.0174188
-0.001116,0.001748,0.0166278,-0.001116,0.001748,0.0165678
-0.001031,0.002434,0.0159038,-0.001031,0.002434,0.0158438
0.000836,-0.003181,0.0173888,0.000836,-0.003181,0.0173288
2.2e-05,-0.003622,0.0058898,2.2e-05,-0.0036249,0.0058451
-0.000114,-0.003005,0.0060828,-0.0001141,-0.0030076,0.0060378
-0.000118,-0.00347,0.0063848,-0.0001181,-0.0034729,0.0063389
-0.000914,-0.003155,0.0060278,-0.0009148,-0.0031576,0.0059828
-0.000869,-0.002723,0.0060308,-0.0008698,-0.0027254,0.005986
-0.000928,-0.001222,0.0066028,-0.0009291,-0.0012235,0.0065571
-0.000988,-0.001011,0.0074308,-0.0009893,-0.0010123,0.0073825
-0.000944,-0.001931,0.0073058,-0.000945,-0.001933,0.0072579
-0.00084,-0.002723,0.0079798,-0.0008407,-0.0027253,0.0079304
-0.000891,-0.002635,0.0087548,-0.0008917,-0.0026371,0.0087039
-0.000667,-0.002385,0.0104868,-0.0006674,-0.0023863,0.0104324
-0.000956,0.003432,0.0060008,-0.0009567,0.0034348,0.0059558
-0.001313,0.003211,0.0059838,-0.0013141,0.0032136,0.0059389
0.002587,-0.002336,0.0173798,0.002587,-0.002336,0.0173198
0.002145,-0.002165,0.0174618,0.002145,-0.002165,0.0174018
0.001918,-0.001874,0.0158518,0.001918,-0.001874,0.0157918
0.003087,-0.001672,0.0174218,0.003087,-0.001672,0.0173618
0.002389,-0.002226,0.0059868,0.002391,-0.0022278,0.0059419
0.002131,0.002764,0.0168978,0.002131,0.002764,0.0168378
0.001915,0.001682,0.0159368,0.001915,0.001682,0.0158768
0.001899,0.00263,0.0152498,0.001899,0.00263,0.0151898
-0.003053,0.00132,0.0062028,-0.0030556,0.0013211,0.0061574
0.001387,-0.003311,0.0059958,0.0013881,-0.0033137,0.0059508
0.001661,-0.002832,0.0060488,0.0016624,-0.0028344,0.0060038
0.003177,0.000728,0.0177628,0.003177,0.000728,0.0177028
0.003346,0.000771,0.0174558,0.003346,0.000771,0.0173958
0.001981,0.000299,0.0166678,0.001981,0.000299,0.0166078
0.002672,0.000205,0.0157998,0.002672,0.000205,0.0157398
0.003499,7.3e-05,0.0153388,0.003499,7.3e-05,0.0152788
0.003347,-0.000721,0.0174338,0.003347,-0.000721,0.0173738
0.003536,-0.000307,0.0174638,0.003536,-0.000307,0.0174038
0.003389,-0.001107,0.0171978,0.003389,-0.001107,0.0171378
-0.002413,-0.002609,0.0059868,-0.002415,-0.0026111,0.0059418
0.003235,0.001331,0.0170648,0.003235,0.001331,0.0170048
0.00106,-0.003325,0.0170608,0.00106,-0.003325,0.0170008
-0.0009,-0.003156,0.0056798,-0.0009007,-0.0031585,0.0056356
0.001006,0.003457,0.0175358,0.001006,0.003457,0.0174758
-0.00032,-0.003022,0.0174478,-0.00032,-0.003022,0.0173878
0.000637,0.003429,0.0063598,0.0006375,0.0034319,0.006314
-0.003495,0.000735,0.0063968,-0.0034979,0.0007356,0.0063509
-0.001952,0.000865,0.0074388,-0.001954,0.0008659,0.0073905
-0.001011,0.001059,0.0073318,-0.0010123,0.0010603,0.0072839
-0.000578,0.000803,0.0091748,-0.0005785,0.0008037,0.0091212
-0.002507,0.000997,0.0080668,-0.0025092,0.0009979,0.0080172
-0.002552,0.00094,0.0087238,-0.002554,0.0009407,0.0086729
-0.00209,0.000826,0.0106308,-0.002091,0.0008264,0.0105758
0.003174,0.001372,0.0063968,0.0031767,0.0013732,0.006351
0.002546,0.002371,0.0170048,0.002546,0.002371,0.0169448
0.002869,0.002099,0.0170918,0.002869,0.002099,0.0170318
0.002966,0.001843,0.0167388,0.002966,0.001843,0.0166788
0.00282,0.001733,0.0151668,0.00282,0.001733,0.0151068
0.003201,-0.000367,0.0176228,0.003201,-0.000367,0.0175628
0.001874,0.000278,0.0073898,0.0018761,0.0002783,0.0073417
0.002745,0.00041,0.0081858,0.0027473,0.0004104,0.008136
0.003375,0.00014,0.0087608,0.0033774,0.0001401,0.0087101
0.002881,0.000201,0.0064098,0.0028837,0.0002012,0.006364
0.001066,0.000113,0.0066518,0.0010674,0.0001131,0.0066062
0.001121,-0.000554,0.0066978,0.0011225,-0.0005547,0.006652
0.001134,-0.000383,0.0072218,0.0011356,-0.0003835,0.0071742
0.000926,-0.000818,0.0090778,0.0009269,-0.0008188,0.0090249
0.001945,-0.000643,0.0070898,0.0019471,-0.0006437,0.0070424
0.00259,-0.000465,0.0080888,0.0025923,-0.0004654,0.0080391
0.002667,-0.000369,0.0088178,0.0026691,-0.0003693,0.0087667
0.002318,-0.000783,0.0105488,0.0023192,-0.0007834,0.0104942
0.003537,-0.000288,0.0062838,0.0035399,-0.0002882,0.0062382
0.003524,-2.2e-05,0.0066718,0.003527,-2.2e-05,0.0066253
-0.003382,0.00072,0.0170858,-0.003382,0.00072,0.0170258
-0.003007,0.000509,0.0172118,-0.003007,0.000509,0.0171518
-0.002649,0.000436,0.0171768,-0.002649,0.000436,0.0171168
-0.000949,0.00034,0.0174668,-0.000949,0.00034,0.0174068
-0.001719,0.000229,0.0157748,-0.001719,0.000229,0.0157148
-0.002509,0.000203,0.0150128,-0.002509,0.000203,0.0149528
-0.003523,0.000253,0.0172088,-0.003523,0.000253,0.0171488
-0.003518,0.00039,0.0167418,-0.003518,0.00039,0.0166818
-0.000429,0.001896,0.0072518,-0.0004295,0.0018981,0.0072041
-0.000236,0.002574,0.0080368,-0.0002362,0.0025763,0.0079872
-0.000229,0.002701,0.0087368,-0.0002292,0.0027031,0.0086859
0.000869,0.002313,0.0106478,0.0008694,0.0023142,0.010593
-0.000644,0.002101,0.0105628,-0.0006443,0.002102,0.0105078
-0.000415,0.003181,0.0086788,-0.0004153,0.0031834,0.0086282
-0.000404,0.003479,0.0064398,-0.0004043,0.003482,0.0063938
-0.003427,0.001114,0.0171558,-0.003427,0.001114,0.0170958
-0.00309,0.001144,0.0172008,-0.00309,0.001144,0.0171408
-0.002977,0.000794,0.0170078,-0.002977,0.000794,0.0169478
-0.003465,0.000947,0.0167358,-0.003465,0.000947,0.0166758
-0.003119,0.001743,0.0170468,-0.003119,0.001743,0.0169868
-0.00285,0.001831,0.0171268,-0.00285,0.001831,0.0170668
-0.002897,0.001988,0.0167418,-0.002897,0.001988,0.0166818
-0.001607,0.001971,0.0159948,-0.001607,0.001971,0.0159348
-0.002544,0.001865,0.0154578,-0.002544,0.001865,0.0153978
-0.001544,0.003206,0.0063458,-0.0015453,0.0032087,0.0063
-0.003174,-0.000937,0.0170408,-0.003174,-0.000937,0.0169808
-0.003211,-0.001334,0.0170678,-0.003211,-0.001334,0.0170078
-0.003046,0.000139,0.0172128,-0.003046,0.000139,0.0171528
-0.003492,6.5e-05,0.0167148,-0.003492,6.5e-05,0.0166548
-0.003146,0.001623,0.0063818,-0.0031486,0.0016244,0.006336
-0.002011,-0.002949,0.0170408,-0.002011,-0.002949,0.0169808
-0.002353,-0.002664,0.0170388,-0.002353,-0.002664,0.0169788
-0.001989,-0.002499,0.0170618,-0.001989,-0.002499,0.0170018
-0.002267,-0.002212,0.0170558,-0.002267,-0.002212,0.0169958
-0.002296,-0.002487,0.0167158,-0.002296,-0.002487,0.0166558
-0.002882,-0.002088,0.0170878,-0.002882,-0.002088,0.0170278
-0.000992,-0.003417,0.0171948,-0.000992,-0.003417,0.0171348
0.001751,0.00304,0.0063388,0.0017524,0.0030426,0.0062931
-0.003428,-0.000738,0.0063018,-0.0034309,-0.0007386,0.0062561
-0.001656,-0.000313,0.0075558,-0.0016579,-0.0003133,0.0075072
-0.002325,-0.000504,0.0080148,-0.0023272,-0.0005045,0.0079653
-0.003103,-0.000258,0.0088668,-0.0031053,-0.0002582,0.0088158
0.000197,0.003476,0.0171458,0.000197,0.003476,0.0170858
-0.000114,0.003531,0.0171308,-0.000114,0.003531,0.0170708
-0.001102,-0.002979,0.0053448,-0.0011029,-0.0029813,0.0053015
-0.001478,-0.003056,0.0052368,-0.0014791,-0.0030583,0.0051937
-0.002851,-0.002205,0.0062578,-0.0028534,-0.0022068,0.0062122
-0.000148,-0.00201,0.0073058,-0.0001482,-0.0020122,0.0072579
-0.00022,-0.00257,0.0080898,-0.0002202,-0.0025723,0.0080402
-0.000828,-0.002975,0.0063468,-0.0008287,-0.0029776,0.0063011
-0.002794,-0.001852,0.0064088,-0.0027964,-0.0018536,0.0063629
-0.002824,-0.001445,0.0063628,-0.0028265,-0.0014463,0.0063171
-0.00171,-0.001393,0.0071758,-0.0017118,-0.0013945,0.0071282
-0.002581,-0.001167,0.0078358,-0.0025832,-0.001168,0.0077867
-0.003201,-0.001356,0.0063838,-0.0032037,-0.0013571,0.006338
-0.001574,0.003141,0.0178578,-0.001574,0.003141,0.0177978
-0.001276,-0.003253,0.0171008,-0.001276,-0.003253,0.0170408
-0.001601,-0.003108,0.0169828,-0.001601,-0.003108,0.0169228
0.002491,0.002382,0.0063208,0.0024931,0.002384,0.0062751
0.000667,-0.001967,0.0072368,0.0006677,-0.0019691,0.0071891
0.000345,-0.002812,0.0081468,0.0003453,-0.0028144,0.0080971
0.000442,-0.002575,0.0086958,0.0004423,-0.0025771,0.008645
0.00103,-0.002204,0.0105728,0.0010305,-0.0022052,0.0105182
0.000278,-0.003124,0.0064498,0.0002782,-0.0031268,0.0064039
0.000308,-0.002694,0.0064358,0.0003083,-0.0026966,0.00639
0.000391,-0.001081,0.0063438,0.0003915,-0.0010823,0.0062992
-0.000223,-0.00108,0.0067768,-0.0002233,-0.0010814,0.0067307
0.000292,-0.003507,0.0066978,0.0002923,-0.00351,0.0066513
0.002105,-0.002194,0.0170488,0.002105,-0.002194,0.0169888
0.002029,-0.002252,0.0166808,0.002029,-0.002252,0.0166208
0.001185,-0.001813,0.0159258,0.001185,-0.001813,0.0158658
0.001884,-0.001102,0.0157928,0.001884,-0.001102,0.0157328
0.001991,-0.00199,0.0151568,0.001991,-0.00199,0.0150968
0.002527,-0.002146,0.0170638,0.002527,-0.002146,0.0170038
0.002941,2.6e-05,0.0178168,0.002941,2.6e-05,0.0177568
0.001037,-0.003367,0.0059628,0.0010379,-0.0033697,0.0059179
0.000436,-0.003189,0.0176368,0.000436,-0.003189,0.0175768
0.000315,-0.003549,0.0171138,0.000315,-0.003549,0.0170538
-0.001647,-0.002961,0.0055268,-0.0016483,-0.0029633,0.005483
-0.000105,-0.003043,0.0064378,-0.0001051,-0.0030457,0.006392
-9.6e-05,-0.003513,0.0067398,-9.61e-05,-0.003516,0.0066932
-0.00048,0.003371,0.0170508,-0.00048,0.003371,0.0169908
-0.00086,0.003329,0.0171708,-0.00086,0.003329,0.0171108
0.000227,0.003532,0.0063368,0.0002272,0.003535,0.006291
0.003366,0.000754,0.0059768,0.0033688,0.0007546,0.0059319
-0.002577,0.002377,0.0063118,-0.0025792,0.002379,0.0062661
0.003024,-0.001012,0.0055228,0.0030264,-0.0010128,0.0054791
0.002905,-0.001976,0.0170638,0.002905,-0.001976,0.0170038
0.001002,0.003422,0.0064868,0.0010029,0.0034249,0.0064407
0.001448,0.002934,0.0063998,0.0014492,0.0029365,0.006354
0.001384,0.00268,0.0063738,0.0013852,0.0026824,0.0063281
0.00122,0.002448,0.0080518,0.0012211,0.0024501,0.0080023
-1.4e-05,0.003553,0.0067488,-1.4e-05,0.003556,0.0067021
-0.001073,0.001678,0.0073018,-0.0010742,0.0016798,0.0072539
-0.00084,0.002609,0.0081638,-0.0008407,0.0026112,0.0081141
-0.000529,0.003488,0.0068028,-0.0005295,0.003491,0.006756
0.003364,-0.000724,0.0170958,0.003364,-0.000724,0.0170358
0.003539,-0.000338,0.0171128,0.003539,-0.000338,0.0170528
0.003053,-0.00177,0.0064158,0.0030556,-0.0017715,0.0063699
0.002914,-0.001332,0.0064308,0.0029166,-0.0013332,0.0063849
0.001158,-0.001237,0.0064488,0.0011593,-0.0012384,0.0064034
0.001904,-0.0014,0.0071158,0.0019059,-0.0014014,0.0070683
0.002529,-0.00109,0.0078638,0.0025312,-0.001091,0.0078147
0.003235,-0.001421,0.0064228,0.0032377,-0.0014222,0.0063769
0.003515,0.000376,0.0066768,0.003518,0.0003763,0.0066303
0.003313,0.000867,0.0064298,0.0033158,0.0008677,0.0063838
0.003209,-0.001505,0.0171268,0.003209,-0.001505,0.0170668
0.001086,0.003094,0.0060228,0.0010869,0.0030966,0.0059778
0.001168,0.002995,0.0063978,0.001169,0.0029976,0.006352
0.001137,0.003336,0.0067938,0.001138,0.0033389,0.0067471
-0.003509,0.000219,0.0065058,-0.003512,0.0002192,0.0064597
-0.003458,-0.000985,0.0060028,-0.0034608,-0.0009858,0.0059578
-0.003129,-0.000944,0.0061118,-0.0031316,-0.0009448,0.0060666
-0.003081,-0.000628,0.0061298,-0.0030837,-0.0006285,0.0060846
-0.003155,-0.001068,0.0063528,-0.0031577,-0.0010689,0.006307
0.003321,0.000922,0.0169738,0.003321,0.000922,0.0169138
0.003495,0.000523,0.0170778,0.003495,0.000523,0.0170178
0.001461,-0.003237,0.0170558,0.001461,-0.003237,0.0169958
0.001182,-0.001839,0.0072808,0.0011832,-0.0018409,0.0072329
0.001248,-0.002702,0.0079988,0.0012491,-0.0027043,0.0079495
0.001994,-0.002054,0.0080128,0.0019957,-0.0020557,0.0079634
0.001804,-0.003001,0.0063398,0.0018055,-0.0030035,0.006294
0.001513,-0.002805,0.0064378,0.0015143,-0.0028075,0.0063919
0.002164,-0.002386,0.0064598,0.0021659,-0.0023881,0.0064138
0.002061,-0.002063,0.0064268,0.0020629,-0.0020649,0.006381
-0.003159,0.001248,0.0064738,-0.0031617,0.0012491,0.0064277
-0.002735,0.001279,0.0064808,-0.0027375,0.0012801,0.0064348
-0.001174,0.000923,0.0064518,-0.0011754,0.0009241,0.0064066
0.001015,0.003381,0.0169668,0.001015,0.003381,0.0169068
0.000626,0.003345,0.0170488,0.000626,0.003345,0.0169888
0.001245,-0.002997,0.0058728,0.001246,-0.0029995,0.0058282
0.00139,-0.003251,0.0063768,0.0013912,-0.0032537,0.006331
0.000739,-0.003386,0.0171088,0.000739,-0.003386,0.0170488
-0.003493,-0.000339,0.0067028,-0.003496,-0.0003393,0.0066562
-0.003527,-0.000742,0.0066838,-0.00353,-0.0007426,0.0066373
-0.001735,0.003055,0.0066438,-0.0017365,0.0030576,0.0065974
0.003247,0.001411,0.0067938,0.0032498,0.0014122,0.006747
-0.00348,0.00083,0.0067698,-0.003483,0.0008307,0.0067231
-9.7e-05,-0.003078,0.0067488,-9.71e-05,-0.0030808,0.0067022
-5.1e-05,-0.003538,0.0070958,-5.1e-05,-0.003541,0.0070484
-0.000777,0.003447,0.0064098,-0.0007776,0.0034499,0.0063639
-0.000863,0.003467,0.0067898,-0.0008638,0.00347,0.006743
0.002871,-0.001355,0.0060698,0.0028734,-0.0013561,0.0060248
0.003035,-0.001102,0.0058968,0.0030375,-0.0011029,0.0058522
-0.0032,0.001166,0.0167778,-0.0032,0.001166,0.0167178
-0.00277,0.001177,0.0167298,-0.00277,0.001177,0.0166698
-0.000976,0.000984,0.0167028,-0.000976,0.000984,0.0166428
-0.001764,0.001147,0.0160138,-0.001764,0.001147,0.0159538
-0.002592,0.00114,0.0151368,-0.002592,0.00114,0.0150768
-0.000587,0.000696,0.0132688,-0.000587,0.0006961,0.0132103
-0.002005,0.000733,0.0119298,-0.0020053,0.0007331,0.0118723
-0.003197,0.00163,0.0167458,-0.003197,0.00163,0.0166858
-0.003066,0.000106,0.0142988,-0.003066,0.000106,0.014239
-0.003544,-0.000276,0.0167468,-0.003544,-0.000276,0.0166868
-0.001563,-0.001312,0.0161178,-0.001563,-0.001312,0.0160578
-0.002474,-0.00113,0.0153468,-0.002474,-0.00113,0.0152868
0.001725,0.003119,0.0066888,0.0017265,0.0031217,0.0066423
-0.002995,-0.001705,0.0171658,-0.002995,-0.001705,0.0171058
0.003228,0.00017,0.0068348,0.0032309,0.0001701,0.006788
0.003471,-0.000428,0.0066028,0.003474,-0.0004284,0.0065565
0.003539,-0.000313,0.0069978,0.003542,-0.0003133,0.0069506
0.003537,3.4e-05,0.0070658,0.0035401,3.4e-05,0.0070185
0.002569,0.002403,0.0067798,0.0025712,0.0024051,0.0067331
0.003022,0.001939,0.0067428,0.0030246,0.0019407,0.0066961
0.002944,0.001981,0.0070908,0.0029465,0.0019827,0.0070434
0.002739,0.001826,0.0086768,0.002741,0.0018273,0.0086262
-0.003127,0.001667,0.0067718,-0.0031297,0.0016684,0.0067251
-1.9e-05,-0.003128,0.0172358,-1.9e-05,-0.003128,0.0171758
-0.000202,-0.003523,0.0167398,-0.000202,-0.003523,0.0166798
-0.000351,-0.003248,0.0170708,-0.000351,-0.003248,0.0170108
0.002477,-0.002176,0.0063628,0.0024792,-0.0021779,0.006317
-0.000817,-0.003362,0.0066408,-0.0008177,-0.0033649,0.0065944
0.000606,-0.003388,0.0065138,0.0006065,-0.0033909,0.0064676
-0.001278,-0.003269,0.0055938,-0.001279,-0.0032716,0.0055498
0.000294,0.003366,0.0070068,0.0002943,0.003369,0.0069596
0.000488,0.001962,0.0071698,0.0004885,0.0019641,0.0071222
0.000481,0.002564,0.0079408,0.0004814,0.0025663,0.0078915
0.000507,0.003168,0.0088768,0.0005074,0.0031703,0.0088258
0.001478,0.00311,0.0169888,0.001478,0.00311,0.0169288
0.003204,-0.000386,0.0061538,0.0032067,-0.0003863,0.0061086
0.003144,0.00061,0.0170668,0.003144,0.00061,0.0170068
0.001097,0.000472,0.0172048,0.001097,0.000472,0.0171448
0.001151,0.000266,0.0166868,0.001151,0.000266,0.0166268
0.001889,5.1e-05,0.0157848,0.001889,5.1e-05,0.0157248
0.002881,0.000483,0.0153118,0.002881,0.000483,0.0152518
0.003529,9.3e-05,0.0171318,0.003529,9.3e-05,0.0170718
0.00353,0.000237,0.0167898,0.00353,0.000237,0.0167298
-0.001303,-0.003362,0.0168578,-0.001303,-0.003362,0.0167978
-0.001406,-0.003112,0.0167088,-0.001406,-0.003112,0.0166488
-0.001047,-0.001818,0.0157828,-0.001047,-0.001818,0.0157228
-0.001037,-0.002727,0.0150308,-0.001037,-0.002727,0.0149708
-0.000636,-0.000757,0.0135158,-0.000636,-0.000757,0.013457
-0.000602,-0.002055,0.0119268,-0.0006021,-0.0020553,0.0118693
0.003382,-0.000812,0.0167748,0.003382,-0.000812,0.0167148
0.002764,-0.000885,0.0166198,0.002764,-0.000885,0.0165598
0.001093,-0.000394,0.0166658,0.001093,-0.000394,0.0166058
0.001935,-0.000415,0.0158148,0.001935,-0.000415,0.0157548
0.0027,-0.000393,0.0152038,0.0027,-0.000393,0.0151438
-0.000425,-0.003532,0.0064848,-0.0004254,-0.003535,0.0064387
-0.000425,-0.00312,0.0063408,-0.0004254,-0.0031228,0.0062952
-0.000611,-0.003125,0.0069178,-0.0006115,-0.0031278,0.0068708
-0.001249,0.00316,0.0182258,-0.001249,0.00316,0.0181658
-0.001028,0.00275,0.0182188,-0.001028,0.00275,0.0181588
0.000683,0.003504,0.0167658,0.000683,0.003504,0.0167058
0.000434,0.001615,0.0158978,0.000434,0.001615,0.0158378
0.000553,0.003201,0.0145388,0.000553,0.003201,0.0144789
0.000294,0.003521,0.0167998,0.000294,0.003521,0.0167398
-0.002718,-0.002239,0.0167908,-0.002718,-0.002239,0.0167308
-0.001736,-0.002008,0.0150618,-0.001736,-0.002008,0.0150018
-0.002609,-0.001995,0.0143848,-0.002609,-0.001995,0.014325
-0.002392,-0.002065,0.0138648,-0.0023921,-0.0020651,0.0138054
-0.00203,-0.000836,0.0119588,-0.0020303,-0.0008361,0.0119013
-0.002171,-0.002837,0.0166708,-0.002171,-0.002837,0.0166108
-0.001755,-0.002619,0.0143668,-0.001755,-0.002619,0.014307
0.001781,0.003065,0.0167178,0.001781,0.003065,0.0166578
0.000742,0.003344,0.0067628,0.0007427,0.0033469,0.0067161
0.001458,-0.003279,0.0067408,0.0014592,-0.0032818,0.0066942
0.00164,-0.002947,0.0067438,0.0016414,-0.0029496,0.0066972
-0.000827,-0.003446,0.0167368,-0.000827,-0.003446,0.0166768
0.001896,0.001004,0.0160128,0.001896,0.001004,0.0159528
0.003179,0.001504,0.0167268,0.003179,0.001504,0.0166668
0.002732,0.001399,0.0167258,0.002732,0.001399,0.0166658
-0.001224,-0.003261,0.0059718,-0.001225,-0.0032636,0.0059269
0.00238,-0.002036,0.0067048,0.0023822,-0.0020378,0.0066583
0.002794,-0.001927,0.0066178,0.0027964,-0.0019287,0.0065714
0.003175,-0.000371,0.0169538,0.003175,-0.000371,0.0168938
0.003501,-0.000432,0.0167128,0.003501,-0.000432,0.0166528
0.001247,-0.003312,0.0166698,0.001247,-0.003312,0.0166098
0.00096,-0.003013,0.0166888,0.00096,-0.003013,0.0166288
0.00052,-0.001126,0.0166588,0.00052,-0.001126,0.0165988
0.000468,-0.001873,0.0157488,0.000468,-0.001873,0.0156888
0.000486,-0.002522,0.0150358,0.000486,-0.002522,0.0149758
0.000993,-0.00336,0.0064658,0.0009938,-0.0033629,0.0064197
-0.003536,4.9e-05,0.0067298,-0.003539,4.91e-05,0.0066832
-0.003573,5.8e-05,0.0070768,-0.0035761,5.8e-05,0.0070295
-0.001685,7.7e-05,0.0072618,-0.001687,7.71e-05,0.0072141
-0.002431,0.000406,0.0079108,-0.0024332,0.0004064,0.0078615
-0.003229,0.000299,0.0088338,-0.0032313,0.0002992,0.0087829
-0.001255,0.003166,0.0063818,-0.0012561,0.0031687,0.0063359
-0.001384,0.002871,0.0062198,-0.0013852,0.0028735,0.0061744
-0.00312,-0.001286,0.0067458,-0.0031228,-0.0012871,0.0066991
0.002976,0.001677,0.0170658,0.002976,0.001677,0.0170058
0.003065,0.001603,0.0173828,0.003065,0.001603,0.0173228
-0.00089,0.003418,0.0167458,-0.00089,0.003418,0.0166858
-0.000847,0.00175,0.0160218,-0.000847,0.00175,0.0159618
-0.000917,0.002393,0.0150388,-0.000917,0.002393,0.0149788
0.000303,-0.00313,0.0170978,0.000303,-0.00313,0.0170378
0.000191,-0.003531,0.0167438,0.000191,-0.003531,0.0166838
0.000322,-0.003193,0.0068548,0.0003223,-0.0031959,0.0068079
0.000253,-0.003544,0.0070538,0.0002532,-0.0035471,0.0070065
-0.003086,0.001761,0.0164248,-0.003086,0.001761,0.0163648
0.00236,-0.002249,0.0167038,0.00236,-0.002249,0.0166438
0.003044,-0.00181,0.0167908,0.003044,-0.00181,0.0167308
-0.00307,-0.001307,0.0168148,-0.00307,-0.001307,0.0167548
-0.002744,-0.001393,0.0166808,-0.002744,-0.001393,0.0166208
-0.000251,-0.001977,0.0159208,-0.000251,-0.001977,0.0158608
-0.000161,-0.002604,0.0152408,-0.000161,-0.002604,0.0151808
-0.000513,-0.003494,0.0166918,-0.000513,-0.003494,0.0166318
-0.00062,-0.003137,0.0167588,-0.00062,-0.003137,0.0166988
-0.000338,-0.001123,0.0165578,-0.000338,-0.001123,0.0164978
-0.001262,-0.003331,0.0164778,-0.001262,-0.003331,0.0164178
0.00311,0.000789,0.0067088,0.0031128,0.0007897,0.0066623
0.00316,-0.001268,0.0067778,0.0031628,-0.0012691,0.0067311
-0.003525,0.000505,0.0163648,-0.003525,0.000505,0.0163048
-0.00342,0.000898,0.0163988,-0.00342,0.000898,0.0163388
-0.003527,9.3e-05,0.0161908,-0.003527,9.3e-05,0.0161308
0.00323,0.000352,0.0175948,0.00323,0.000352,0.0175348
-0.002074,0.002822,0.0067018,-0.0020758,0.0028245,0.0066553
-0.002075,0.002884,0.0071168,-0.0020768,0.0028865,0.0070694
-0.001844,0.002037,0.0078688,-0.0018456,0.0020388,0.0078197
-0.001862,0.002609,0.0087348,-0.0018634,0.0026109,0.0086841
-0.003563,-0.000309,0.0070358,-0.003566,-0.0003092,0.0069885
-0.001473,-0.000649,0.0078358,-0.0014747,-0.0006498,0.0077864
-0.002454,-0.000364,0.0088648,-0.002456,-0.0003643,0.0088136
-0.003245,-0.000437,0.0094238,-0.0032471,-0.0004373,0.0093718
-0.003288,-0.000479,0.0103268,-0.0032898,-0.0004793,0.0102732
-0.000613,-0.00078,0.0105468,-0.0006131,-0.0007801,0.0104906
-0.003504,0.000493,0.0067378,-0.003507,0.0004934,0.0066912
-0.003442,0.000357,0.0070518,-0.003445,0.0003573,0.0070045
-0.003365,0.001002,0.0070508,-0.0033679,0.0010029,0.0070035
-0.001779,0.001061,0.0081608,-0.0017807,0.001062,0.0081109
-0.003126,0.001171,0.0164018,-0.003126,0.001171,0.0163418
-0.002418,-0.002513,0.0063128,-0.00242,-0.0025151,0.0062671
-0.002314,-0.002363,0.0068578,-0.0023161,-0.0023651,0.0068109
-0.002779,-0.002084,0.0067118,-0.0027814,-0.0020858,0.0066652
-0.002904,-0.00212,0.0072888,-0.0029064,-0.0021218,0.007241
-0.001799,-0.002206,0.0079708,-0.0018005,-0.0022079,0.0079215
-0.002494,-0.0021,0.0087768,-0.0024958,-0.0021015,0.008726
-0.00246,0.002478,0.0170888,-0.00246,0.002478,0.0170288
0.00187,0.002546,0.0086188,0.0018714,0.0025479,0.0085683
0.002534,0.002456,0.0071158,0.0025362,0.0024581,0.0070683
0.001305,0.001723,0.0078478,0.0013063,0.0017247,0.0077986
0.001954,0.000953,0.0080448,0.0019559,0.0009539,0.0079951
0.00203,0.001769,0.0086248,0.0020316,0.0017704,0.0085741
-0.002798,-0.00176,0.0068728,-0.0028005,-0.0017616,0.0068259
-0.002981,-0.001863,0.0071168,-0.0029836,-0.0018646,0.0070694
-0.002899,-0.001489,0.0071828,-0.0029016,-0.0014903,0.0071352
-0.001712,-0.000996,0.0081438,-0.0017137,-0.000997,0.0080939
-0.002409,-0.001081,0.0088998,-0.0024109,-0.0010819,0.0088486
-0.003248,-0.001332,0.0070678,-0.0032508,-0.0013331,0.0070205
-0.000934,-0.001981,0.0080908,-0.0009349,-0.0019829,0.0080411
-0.001558,-0.002017,0.0088968,-0.0015592,-0.0020186,0.0088456
-0.002368,-0.002123,0.0095658,-0.0023696,-0.0021244,0.0095135
-0.002495,-0.002079,0.0100358,-0.0024965,-0.0020803,0.0099827
-0.003165,0.001686,0.0071618,-0.0031677,0.0016874,0.0071143
-0.002949,0.001519,0.0069628,-0.0029516,0.0015203,0.0069157
-0.002407,0.001672,0.0086408,-0.0024089,0.0016733,0.0085902
0.000855,-0.003436,0.0167288,0.000855,-0.003436,0.0166688
0.000303,-0.003541,0.0163558,0.000303,-0.003541,0.0162958
0.000686,-0.00333,0.0163258,0.000686,-0.00333,0.0162658
-0.003098,-0.001034,0.0167828,-0.003098,-0.001034,0.0167228
-0.003202,-0.00099,0.0163658,-0.003202,-0.00099,0.0163058
-0.003457,-0.000724,0.0163668,-0.003457,-0.000724,0.0163068
-0.003491,-0.000494,0.0161158,-0.003491,-0.000494,0.0160558
-0.001815,-0.000415,0.0158588,-0.001815,-0.000415,0.0157988
-0.002417,-0.000348,0.0152758,-0.002417,-0.000348,0.0152158
-0.003217,-0.000633,0.0143518,-0.003217,-0.000633,0.014292
0.001384,0.003157,0.0066348,0.0013852,0.0031597,0.0065884
0.001094,0.002988,0.0067458,0.001095,0.0029907,0.0066992
0.001071,0.003396,0.0071068,0.0010719,0.0033989,0.0070594
0.001912,-0.001138,0.0079088,0.0019139,-0.0011391,0.0078595
0.002691,-0.001145,0.0087418,0.0026931,-0.0011459,0.008691
0.002927,-0.001951,0.0070468,0.0029295,-0.0019527,0.0069995
0.002833,-0.001542,0.0069498,0.0028356,-0.0015434,0.0069027
0.001244,-0.001231,0.0072468,0.0012455,-0.0012324,0.0071991
0.00323,-0.001502,0.0069988,0.0032327,-0.0015033,0.0069516
-0.002852,0.002088,0.0067428,-0.0028545,0.0020898,0.0066962
-0.003109,0.001269,0.0068158,-0.0031118,0.0012701,0.006769
-0.003117,0.000882,0.0068138,-0.0031198,0.0008828,0.006767
-0.003024,0.001334,0.0072288,-0.0030266,0.0013352,0.0071811
-0.000336,-0.002032,0.0080658,-0.0003363,-0.002034,0.0080161
-0.000273,-0.002622,0.0089338,-0.0002732,-0.002624,0.0088825
-0.000171,-0.003197,0.0071768,-0.0001712,-0.0031999,0.0071292
1.5e-05,-0.002957,0.0070568,1.5e-05,-0.0029597,0.0070095
0.000464,-0.001271,0.0075408,0.0004646,-0.0012726,0.0074922
0.000398,-0.002047,0.0081008,0.0003984,-0.002049,0.008051
-0.000174,-0.001201,0.0073778,-0.0001742,-0.0012026,0.0073296
-0.000192,-0.003497,0.0074088,-0.0001922,-0.0034999,0.0073607
0.002188,0.00277,0.0067688,0.0021899,0.0027724,0.0067221
-0.001188,-0.003155,0.0066868,-0.0011891,-0.0031578,0.0066403
-0.000534,0.003543,0.0167058,-0.000534,0.003543,0.0166458
-0.001956,-0.002985,0.0163508,-0.001956,-0.002985,0.0162908
-0.002472,-0.00256,0.0163328,-0.002472,-0.00256,0.0162728
0.001113,0.002384,0.0086678,0.0011139,0.0023859,0.008617
0.001398,0.003205,0.0070138,0.0013992,0.0032078,0.0069666
0.001357,0.00261,0.0071908,0.0013582,0.0026124,0.0071432
-0.002901,-0.002102,0.0164328,-0.002901,-0.002102,0.0163728
-0.003543,-0.000298,0.0163758,-0.003543,-0.000298,0.0163158
0.003193,-0.001265,0.0169228,0.003193,-0.001265,0.0168628
0.0033,-0.001037,0.0163188,0.0033,-0.001037,0.0162588
-0.003535,-0.000737,0.0070308,-0.003538,-0.0007376,0.0069836
0.00326,0.001351,0.0163278,0.00326,0.001351,0.0162678
0.00352,8.3e-05,0.0145328,0.00352,8.3e-05,0.0144729
-6e-05,0.003433,0.0167818,-6e-05,0.003433,0.0167218
-0.000144,0.00347,0.0070948,-0.0001441,0.003473,0.0070474
-0.000242,0.001906,0.0079828,-0.0002423,0.001908,0.0079332
-0.000204,0.003273,0.0096338,-0.0002041,0.0032751,0.0095814
-0.000488,0.003402,0.0071668,-0.0004884,0.003405,0.0071192
0.003477,-0.000683,0.0059358,0.0034798,-0.0006836,0.0058909
0.003171,-0.00079,0.0060158,0.0031737,-0.0007907,0.0059709
0.001758,0.003097,0.0070828,0.0017595,0.0030997,0.0070354
0.003193,-0.000201,0.0068568,0.0031959,-0.0002012,0.0068099
0.002855,-0.000226,0.0070678,0.0028577,-0.0002262,0.0070205
0.001924,-0.000462,0.0080558,0.001926,-0.0004625,0.0080061
0.001175,0.0003,0.0073518,0.0011766,0.0003004,0.0073037
0.002003,0.00025,0.0079928,0.002005,0.0002503,0.0079432
0.002629,0.000158,0.0087348,0.0026311,0.0001581,0.0086839
0.003457,-0.000315,0.0074468,0.0034599,-0.0003153,0.0073987
0.003556,-0.000278,0.0077968,0.0035588,-0.0002782,0.007748
0.003464,0.000219,0.0093998,0.0034663,0.0002191,0.0093479
0.003486,0.000321,0.0102548,0.0034879,0.0003212,0.0102014
0.000991,0.000453,0.0104488,0.0009912,0.0004531,0.0103927
0.002451,0.000784,0.0120418,0.0024515,0.0007842,0.0119845
-0.000831,0.003464,0.0071138,-0.0008317,0.003467,0.0070664
-0.000971,0.001631,0.0079118,-0.000972,0.0016327,0.0078624
-0.001037,0.002513,0.0087038,-0.0010378,0.002515,0.008653
-0.00162,-0.003014,0.0164048,-0.00162,-0.003014,0.0163448
-0.001173,0.003384,0.0177438,-0.001173,0.003384,0.0176838
-0.000956,0.003047,0.0178328,-0.000956,0.003047,0.0177728
-0.001255,0.003141,0.0178938,-0.001255,0.003141,0.0178338
-0.001301,0.003151,0.0175458,-0.001301,0.003151,0.0174858
-0.00118,0.00271,0.0176048,-0.00118,0.00271,0.0175448
-0.002589,0.002355,0.0066708,-0.0025912,0.002357,0.0066243
0.003201,0.000487,0.0066068,0.0032039,0.0004874,0.0065605
0.003542,0.000451,0.0070518,0.003545,0.0004514,0.0070045
-0.001517,0.00321,0.0071068,-0.0015183,0.0032128,0.0070594
0.00022,-0.00352,0.0074208,0.0002202,-0.0035229,0.0073727
0.00026,-0.003558,0.0078358,0.0002602,-0.0035608,0.0077869
0.003246,0.001285,0.0071208,0.0032488,0.0012861,0.0070733
0.002839,0.001271,0.0072568,0.0028415,0.0012721,0.007209
-0.001164,0.003386,0.0173198,-0.001164,0.003386,0.0172598
-0.001254,0.003043,0.0171998,-0.001254,0.003043,0.0171398
-0.001256,-0.003186,0.0063678,-0.0012571,-0.0031887,0.006322
0.003331,-0.000746,0.0164388,0.003331,-0.000746,0.0163788
0.003538,-0.000396,0.0163588,0.003538,-0.000396,0.0162988
-0.001793,-0.002482,0.0167398,-0.001793,-0.002482,0.0166798
-0.001938,-0.002174,0.0167688,-0.001938,-0.002174,0.0167088
-0.002378,-0.00213,0.0166858,-0.002378,-0.00213,0.0166258
0.001472,-0.003227,0.0163018,0.001472,-0.003227,0.0162418
0.001084,-0.003342,0.0162858,0.001084,-0.003342,0.0162258
0.001861,-0.002984,0.0170648,0.001861,-0.002984,0.0170048
0.001083,0.001806,0.0160258,0.001083,0.001806,0.0159658
0.001216,0.002416,0.0152758,0.001216,0.002416,0.0152158
-0.001763,0.00309,0.0175608,-0.001763,0.00309,0.0175008
-0.00211,0.002831,0.0174518,-0.00211,0.002831,0.0173918
-0.002166,0.002808,0.0177918,-0.002166,0.002808,0.0177318
-0.001355,0.00315,0.0067078,-0.0013562,0.0031527,0.0066612
0.001887,0.002899,0.0164068,0.001887,0.002899,0.0163468
0.002323,0.002643,0.0160198,0.002323,0.002643,0.0159598
0.002083,0.001769,0.0151158,0.002083,0.001769,0.0150558
0.001953,0.002506,0.0144138,0.001953,0.002506,0.014354
0.003218,-1.4e-05,0.0167728,0.003218,-1.4e-05,0.0167128
-0.000795,-0.003222,0.0071348,-0.0007957,-0.0032248,0.0070873
-0.000769,-0.002864,0.0071738,-0.0007697,-0.0028666,0.0071262
-0.001293,-0.003266,0.0070538,-0.0012941,-0.0032688,0.0070065
0.001023,0.003373,0.0163578,0.001023,0.003373,0.0162978
0.000633,0.003349,0.0163228,0.000633,0.003349,0.0162628
0.001138,-0.00334,0.0067308,0.001139,-0.0033429,0.0066842
-0.000834,-0.003334,0.0165098,-0.000834,-0.003334,0.0164498
0.000322,-0.003211,0.0167698,0.000322,-0.003211,0.0167098
0.001497,-0.002893,0.0170888,0.001497,-0.002893,0.0170288
0.003176,0.000542,0.0070728,0.0031789,0.0005425,0.0070254
0.003534,0.000439,0.0074198,0.0035369,0.0004394,0.0073718
0.003113,2.7e-05,0.0175248,0.003113,2.7e-05,0.0174648
0.002212,-0.002323,0.0072288,0.002214,-0.0023251,0.0071811
0.002063,-0.002045,0.0070668,0.0020649,-0.0020469,0.0070195
0.001304,-0.001806,0.0078208,0.0013053,-0.0018078,0.0077717
0.002007,-0.001976,0.0087268,0.0020086,-0.0019775,0.008676
0.002485,-0.002153,0.0070668,0.0024872,-0.0021549,0.0070195
0.00258,-0.002298,0.0163588,0.00258,-0.002298,0.0162988
0.003044,-0.00174,0.0163068,0.003044,-0.00174,0.0162468
0.002069,0.002838,0.0070928,0.0020708,0.0028405,0.0070454
0.003269,-0.001356,0.0162848,0.003269,-0.001356,0.0162248
0.002923,-0.00135,0.0163798,0.002923,-0.00135,0.0163198
0.00297,-0.00131,0.0160098,0.00297,-0.00131,0.0159498
0.001403,-0.000951,0.0159008,0.001403,-0.000951,0.0158408
0.001351,-0.001386,0.0149478,0.001351,-0.001386,0.0148879
0.000905,-0.000811,0.0133508,0.0009051,-0.0008111,0.0132922
0.001847,-0.001227,0.0151528,0.001847,-0.001227,0.0150928
0.002653,-0.001259,0.0144518,0.002653,-0.001259,0.014392
0.002537,-0.001086,0.0135498,0.0025371,-0.0010861,0.0134907
0.002318,-0.00081,0.0120738,0.0023184,-0.0008101,0.0120163
-0.000375,-0.003498,0.0070108,-0.0003753,-0.003501,0.0069636
-0.000467,-0.003177,0.0072398,-0.0004674,-0.0031798,0.0071921
0.001505,-0.003226,0.0071048,0.0015063,-0.0032288,0.0070574
0.001406,-0.002821,0.0070848,0.0014073,-0.0028235,0.0070374
0.001154,-0.002713,0.0086428,0.0011549,-0.0027151,0.0085922
0.001805,-0.002999,0.0070368,0.0018066,-0.0030016,0.0069896
0.003549,-0.000133,0.0168788,0.003549,-0.000133,0.0168188
0.003531,-5.3e-05,0.0165758,0.003531,-5.3e-05,0.0165158
-0.001136,0.003236,0.0070208,-0.001137,0.0032389,0.0069735
-0.001397,0.002842,0.0069838,-0.0013983,0.0028446,0.0069366
-0.000228,-0.003071,0.0167148,-0.000228,-0.003071,0.0166548
-8.8e-05,-0.003561,0.0164278,-8.8e-05,-0.003561,0.0163678
-0.002823,0.002014,0.0163188,-0.002823,0.002014,0.0162588
-0.002844,0.002159,0.0160198,-0.002844,0.002159,0.0159598
-0.001804,0.0019,0.0152728,-0.001804,0.0019,0.0152128
-0.002634,0.001827,0.0144768,-0.002634,0.001827,0.014417
-0.002555,0.00187,0.0138568,-0.0025551,0.0018701,0.0137974
-0.001834,0.002567,0.0152588,-0.001834,0.002567,0.0151988
0.003225,-0.00056,0.0070718,0.0032279,-0.0005605,0.0070245
0.001602,-0.002757,0.0167868,0.001602,-0.002757,0.0167268
0.000249,0.003522,0.0163648,0.000249,0.003522,0.0163048
0.003358,0.000923,0.0164018,0.003358,0.000923,0.0163418
0.003561,0.000379,0.0164638,0.003561,0.000379,0.0164038
-0.003248,0.001521,0.0159938,-0.003248,0.001521,0.0159338
-0.00169,0.001222,0.0154148,-0.00169,0.001222,0.0153548
-0.000916,0.000892,0.0152298,-0.000916,0.000892,0.0151698
-0.002554,0.001198,0.0146578,-0.002554,0.001198,0.0145979
-0.001207,0.003375,0.0166948,-0.001207,0.003375,0.0166348
-0.000756,0.003128,0.0168698,-0.000756,0.003128,0.0168098
-0.000845,0.002765,0.0168448,-0.000845,0.002765,0.0167848
-0.000332,0.000885,0.0165318,-0.000332,0.000885,0.0164718
-0.000176,0.001955,0.0159398,-0.000176,0.001955,0.0158798
-0.000377,0.002635,0.0151218,-0.000377,0.002635,0.0150618
-0.000786,0.003506,0.0164348,-0.000786,0.003506,0.0163748
-0.001222,0.00327,0.0169748,-0.001222,0.00327,0.0169148
-0.001373,0.003191,0.0163258,-0.001373,0.003191,0.0162658
-0.002076,-0.002901,0.0160118,-0.002076,-0.002901,0.0159518
-0.002612,-0.002447,0.0160178,-0.002612,-0.002447,0.0159578
-0.000971,-0.002061,0.0152998,-0.000971,-0.002061,0.0152398
-0.000929,-0.001208,0.0151748,-0.000929,-0.001208,0.0151148
-0.001072,-0.002641,0.0143028,-0.001072,-0.002641,0.0142431
-0.001778,-0.001131,0.0151738,-0.001778,-0.001131,0.0151138
-0.001654,-0.002181,0.0142198,-0.001654,-0.002181,0.0141601
-0.001663,-0.002609,0.0136058,-0.0016631,-0.0026091,0.0135466
0.003397,-0.000764,0.0063528,0.0033999,-0.0007647,0.006307
0.003267,-0.00082,0.0067788,0.0032699,-0.0008207,0.0067321
0.001478,0.00317,0.0163068,0.001478,0.00317,0.0162468
0.001752,0.003101,0.0160958,0.001752,0.003101,0.0160358
0.003368,-0.001071,0.0159588,0.003368,-0.001071,0.0158988
0.002555,0.002412,0.0163598,0.002555,0.002412,0.0162998
0.002915,0.001963,0.0163098,0.002915,0.001963,0.0162498
0.003066,0.001905,0.0160018,0.003066,0.001905,0.0159418
0.00271,0.001823,0.0145008,0.00271,0.001823,0.014441
-0.00351,0.000457,0.0159658,-0.00351,0.000457,0.0159058
-0.001696,0.000292,0.0152008,-0.001696,0.000292,0.0151408
-0.002297,-2.2e-05,0.0146768,-0.002297,-2.2e-05,0.0146169
-0.003137,0.000213,0.0138738,-0.0031371,0.000213,0.0138143
0.000779,-0.003262,0.0067978,0.0007797,-0.0032649,0.006751
0.000773,-0.003376,0.0071678,0.0007737,-0.0033789,0.0071202
-0.001503,0.003095,0.0167438,-0.001503,0.003095,0.0166838
0.000364,-0.003259,0.0165088,0.000364,-0.003259,0.0164488
0.000161,-0.003582,0.0159648,0.000161,-0.003582,0.0159048
-0.003505,-0.000294,0.0073888,-0.0035079,-0.0002942,0.0073408
-0.003583,-2.3e-05,0.0077758,-0.0035858,-2.3e-05,0.007727
-0.001796,0.000239,0.0079038,-0.001798,0.0002393,0.0078544
-0.00253,-8e-05,0.0087178,-0.0025321,-8.01e-05,0.0086669
-0.003252,0.000305,0.0096348,-0.0032541,0.0003052,0.0095824
0.002987,0.000108,0.0070838,0.0029898,0.0001081,0.0070364
0.003454,7e-05,0.0075238,0.0034568,7.01e-05,0.0074755
0.001024,-0.003409,0.0070448,0.0010249,-0.0034119,0.0069975
0.002577,0.002376,0.0077318,0.002579,0.0023779,0.0076831
0.003017,0.001906,0.0074848,0.0030195,0.0019076,0.0074366
0.002925,0.002014,0.0078148,0.0029273,0.0020156,0.007766
0.002812,0.001704,0.0092908,0.0028139,0.0017052,0.009239
-0.000493,-0.00291,0.0075118,-0.0004935,-0.0029126,0.0074634
0.001512,-0.003225,0.0074858,0.0015133,-0.0032276,0.0074376
0.001764,-0.002714,0.0073318,0.0017655,-0.0027164,0.0072839
0.003218,-0.000253,0.0163608,0.003218,-0.000253,0.0163008
0.003512,-0.000395,0.0159588,0.003512,-0.000395,0.0158988
0.003111,-0.000914,0.0071868,0.0031138,-0.0009148,0.0071392
0.00318,-0.001456,0.0076788,0.0031826,-0.0014572,0.0076303
0.003223,0.000385,0.0166928,0.003223,0.000385,0.0166328
0.001862,0.000934,0.0152498,0.001862,0.000934,0.0151898
0.000996,0.00102,0.0153548,0.000996,0.00102,0.0152948
0.001155,0.000393,0.0132928,0.0011551,0.000393,0.0132343
0.002738,0.001059,0.0144478,0.002738,0.001059,0.014388
0.002496,0.000907,0.0138788,0.0024961,0.000907,0.0138194
0.003318,0.001148,0.0160088,0.003318,0.001148,0.0159488
0.002933,0.000818,0.0162288,0.002933,0.000818,0.0161688
0.001067,0.000854,0.0159688,0.001067,0.000854,0.0159088
0.001343,0.000199,0.0160608,0.001343,0.000199,0.0160008
0.002036,0.000194,0.0151788,0.002036,0.000194,0.0151188
0.002561,0.000227,0.0143988,0.002561,0.000227,0.014339
0.003523,0.000331,0.0160188,0.003523,0.000331,0.0159588
-0.000228,0.003538,0.0074858,-0.0002282,0.0035409,0.0074376
-0.000578,0.003415,0.0076698,-0.0005785,0.0034178,0.0076212
-0.002832,-0.002112,0.0160718,-0.002832,-0.002112,0.0160118
-0.001774,-0.000424,0.0152178,-0.001774,-0.000424,0.0151578
-0.002469,-0.00061,0.0142238,-0.002469,-0.00061,0.0141641
-0.003284,-0.00052,0.0136688,-0.0032842,-0.00052,0.0136096
0.000683,0.003474,0.0070538,0.0006836,0.003477,0.0070065
-0.002521,0.00247,0.0070908,-0.0025232,0.0024721,0.0070434
-0.002093,0.002799,0.0074208,-0.0020948,0.0028014,0.0073728
-0.001972,0.002898,0.0077088,-0.0019736,0.0029003,0.0076602
-0.001886,0.001791,0.0087038,-0.0018875,0.0017924,0.0086529
-0.00167,0.00269,0.0096168,-0.0016711,0.0026917,0.0095644
-0.002407,0.002482,0.0074228,-0.002409,0.0024841,0.0073747
0.000963,0.003109,0.0070018,0.0009639,0.0031118,0.0069546
0.001097,0.003402,0.0074438,0.0010979,0.0034048,0.0073957
0.00075,0.00339,0.0074368,0.0007506,0.0033929,0.0073887
0.000674,0.003379,0.0077748,0.0006745,0.0033817,0.007726
0.000534,0.001731,0.0081218,0.0005346,0.0017328,0.0080719
0.000425,0.002535,0.0084798,0.0004254,0.0025371,0.0084294
0.000583,0.003435,0.0094828,0.0005834,0.0034372,0.0094308
0.001045,0.003075,0.0074228,0.0010459,0.0030777,0.0073747
0.00098,0.003381,0.0080428,0.0009807,0.0033836,0.0079935
0.000964,0.003464,0.0166308,0.000964,0.003464,0.0165708
0.00111,0.003063,0.0167618,0.00111,0.003063,0.0167018
0.001122,0.003025,0.0163068,0.001122,0.003025,0.0162468
0.00103,0.00343,0.0160148,0.00103,0.00343,0.0159548
-0.001754,0.003052,0.0073728,-0.0017555,0.0030546,0.0073248
-0.002636,-0.002209,0.0074128,-0.0026382,-0.0022109,0.0073648
0.001144,0.001633,0.0150898,0.001144,0.001633,0.0150298
0.001356,0.002512,0.0146588,0.001356,0.002512,0.0145989
0.00136,0.002298,0.0137818,0.00136,0.0022981,0.0137225
0.000841,0.002075,0.0118608,0.0008411,0.0020753,0.0118035
0.000631,-0.002035,0.0150748,0.000631,-0.002035,0.0150148
0.00062,-0.002522,0.0145998,0.00062,-0.002522,0.0145399
0.000476,-0.002719,0.0138118,0.000476,-0.0027191,0.0137524
0.000807,-0.002324,0.0120078,0.0008071,-0.0023244,0.0119504
0.000646,-0.002712,0.0159498,0.000646,-0.002712,0.0158898
0.001161,-0.001856,0.0151818,0.001161,-0.001856,0.0151218
0.001362,-0.0028,0.0144628,0.001362,-0.0028,0.014403
0.000403,-0.001234,0.0159458,0.000403,-0.001234,0.0158858
0.002858,-0.001947,0.0074238,0.0028604,-0.0019486,0.0073757
0.003043,-0.001849,0.0078198,0.0030454,-0.0018505,0.007771
0.001156,-0.001215,0.0079518,0.0011573,-0.0012163,0.0079022
0.001184,-0.001332,0.0085838,0.0011852,-0.0013333,0.0085327
0.000895,-0.000774,0.0105318,0.0008952,-0.0007742,0.0104757
0.001805,-0.001236,0.0086698,0.0018066,-0.0012371,0.0086188
0.002544,-0.001086,0.0093788,0.0025458,-0.0010868,0.0093267
0.002742,-0.001151,0.0104438,0.0027435,-0.0011516,0.0103898
0.003106,-0.000269,0.0076898,0.0031086,-0.0002692,0.0076411
5.7e-05,-0.003249,0.0165478,5.7e-05,-0.003249,0.0164878
-6.1e-05,-0.003537,0.0161238,-6.1e-05,-0.003537,0.0160638
0.003409,0.000933,0.0070468,0.0034119,0.0009338,0.0069995
-0.003105,0.00167,0.0074828,-0.0031076,0.0016714,0.0074346
-0.003035,-0.000909,0.0067848,-0.0030378,-0.0009098,0.0067381
-0.003221,-0.000888,0.0071258,-0.0032239,-0.0008888,0.0070783
-0.000863,-0.00308,0.0074508,-0.0008637,-0.0030827,0.0074027
-0.001179,-0.002907,0.0073988,-0.00118,-0.0029096,0.0073507
-0.000298,-0.003292,0.0163668,-0.000298,-0.003292,0.0163068
-0.002602,0.002368,0.0166788,-0.002602,0.002368,0.0166188
0.003239,0.000959,0.0075948,0.0032417,0.0009598,0.0075464
-0.000485,0.003494,0.0160228,-0.000485,0.003494,0.0159628
-0.000286,0.003214,0.0146078,-0.000286,0.003214,0.0145479
-0.000848,0.003492,0.0161228,-0.000848,0.003492,0.0160628
-0.000962,0.00169,0.0152048,-0.000962,0.00169,0.0151448
-0.00099,0.00256,0.0143658,-0.00099,0.00256,0.014306
-0.000928,0.002627,0.0139428,-0.000928,0.0026271,0.0138833
-0.000581,0.00214,0.0120598,-0.0005811,0.0021403,0.0120022
-0.001156,0.00333,0.0160248,-0.001156,0.00333,0.0159648
-0.001185,0.002818,0.0159898,-0.001185,0.002818,0.0159298
-0.000985,0.001,0.0160128,-0.000985,0.001,0.0159528
-0.001853,0.002663,0.0144558,-0.001853,0.002663,0.014396
-0.001637,-0.002766,0.0071268,-0.0016385,-0.0027685,0.0070793
-0.001339,-0.003228,0.0161848,-0.001339,-0.003228,0.0161248
-0.001101,-0.002864,0.0161908,-0.001101,-0.002864,0.0161308
-0.000973,-0.001314,0.0158258,-0.000973,-0.001314,0.0157658
0.003075,0.000125,0.0075708,0.0030777,0.0001251,0.0075223
0.003567,6.5e-05,0.0078608,0.0035698,6.51e-05,0.0078119
-0.00324,-0.001394,0.0163768,-0.00324,-0.001394,0.0163168
-0.003034,-0.001224,0.0160008,-0.003034,-0.001224,0.0159408
-0.002736,-0.001396,0.0160028,-0.002736,-0.001396,0.0159428
-0.002418,-0.001028,0.0144958,-0.002418,-0.001028,0.014436
0.003184,0.000505,0.0162958,0.003184,0.000505,0.0162358
0.001834,-0.002954,0.0163398,0.001834,-0.002954,0.0162798
-0.003058,0.001262,0.0075468,-0.0030606,0.0012631,0.0074984
-0.003482,0.00082,0.0074368,-0.0034849,0.0008207,0.0073887
-0.003133,0.000858,0.0075008,-0.0031357,0.0008587,0.0074525
-0.003518,0.000411,0.0074698,-0.0035209,0.0004113,0.0074217
-0.003432,0.000911,0.0078698,-0.0034347,0.0009117,0.0078209
-0.000164,0.003554,0.0164548,-0.000164,0.003554,0.0163948
-0.000488,0.003491,0.0163548,-0.000488,0.003491,0.0162948
-0.003439,-0.000708,0.0074098,-0.0034419,-0.0007086,0.0073618
-0.003124,-0.000782,0.0074618,-0.0031267,-0.0007827,0.0074136
-0.002831,-0.000806,0.0074708,-0.0028336,-0.0008067,0.0074226
-0.00099,-0.000704,0.0071068,-0.0009914,-0.000705,0.0070595
-0.000883,-0.000435,0.0080338,-0.0008843,-0.0004356,0.0079835
-0.000993,-0.00033,0.0086958,-0.0009942,-0.0003304,0.0086437
-0.000679,0.000684,0.0104938,-0.0006791,0.0006841,0.0104376
-0.001846,-0.000395,0.0086178,-0.0018478,-0.0003954,0.0085668
-0.002287,-0.000513,0.0093418,-0.0022887,-0.0005134,0.0092896
-0.003446,-0.000626,0.0077548,-0.0034488,-0.0006265,0.0077061
0.001414,0.003217,0.0074088,0.0014152,0.0032197,0.0073608
0.001752,0.003149,0.0074388,0.0017534,0.0031516,0.0073907
-0.001608,0.003132,0.0171908,-0.001608,0.003132,0.0171308
0.000286,-0.003087,0.0074948,0.0002862,-0.0030897,0.0074465
0.003268,0.001192,0.0074398,0.0032707,0.001193,0.0073917
0.002871,0.001323,0.0076398,0.0028735,0.0013241,0.0075912
0.002812,0.001027,0.0078858,0.0028144,0.0010279,0.0078367
0.001104,0.000868,0.0080248,0.0011053,0.0008691,0.0079748
0.001105,0.001116,0.0086038,0.0011062,0.0011172,0.0085525
0.001914,0.001103,0.0087678,0.0019157,0.001104,0.0087167
0.002736,0.000963,0.0095418,0.0027379,0.0009637,0.0094895
0.003295,0.001261,0.0077818,0.0032976,0.001262,0.007733
0.000474,0.00181,0.0151798,0.000474,0.00181,0.0151198
0.000438,0.002563,0.0144298,0.000438,0.002563,0.01437
0.000546,0.003213,0.0139648,0.000546,0.0032131,0.0139053
-0.000119,-0.003032,0.0074768,-0.0001191,-0.0030347,0.0074285
-5.1e-05,-0.003574,0.0077918,-5.1e-05,-0.0035768,0.007743
0.003077,0.00155,0.0074628,0.0030796,0.0015513,0.0074146
0.003134,0.001618,0.0071228,0.0031367,0.0016194,0.0070753
-0.001529,-0.003254,0.0060198,-0.0015302,-0.0032566,0.0059748
-0.001252,-0.00275,0.0059768,-0.0012531,-0.0027524,0.0059321
-0.001626,-0.002748,0.0060798,-0.0016274,-0.0027503,0.0060347
-0.001505,-0.002839,0.0064478,-0.0015063,-0.0028415,0.0064019
-0.002918,-0.001788,0.0159988,-0.002918,-0.001788,0.0159388
-0.002412,-0.002395,0.0071988,-0.0024141,-0.0023971,0.0071512
-0.002847,0.00211,0.0071428,-0.0028494,0.0021118,0.0070953
-0.00285,0.002003,0.0074818,-0.0028523,0.0020047,0.0074336
-0.002848,0.002161,0.0077918,-0.0028502,0.0021627,0.007743
-0.002638,0.001903,0.0095118,-0.0026397,0.0019043,0.0094596
-0.00326,0.001102,0.0160388,-0.00326,0.001102,0.0159788
-0.002802,0.001223,0.0161018,-0.002802,0.001223,0.0160418
-0.003482,0.000811,0.0160858,-0.003482,0.000811,0.0160258
-0.000825,0.003271,0.0073778,-0.0008257,0.0032738,0.0073298
0.001805,0.003004,0.0156378,0.001805,0.003004,0.0155778
0.002193,0.002743,0.0156258,0.002193,0.002743,0.0155658
0.002265,0.002723,0.0153088,0.002265,0.002723,0.0152488
0.002068,0.001617,0.0143658,0.002068,0.001617,0.014306
0.001954,0.002364,0.0136728,0.0019541,0.0023641,0.0136136
0.001249,0.002879,0.0159448,0.001249,0.002879,0.0158848
0.003083,-0.00183,0.0159808,0.003083,-0.00183,0.0159208
0.003326,-0.000673,0.0160678,0.003326,-0.000673,0.0160078
0.002876,-0.000606,0.0160478,0.002876,-0.000606,0.0159878
0.000982,-0.000286,0.0157578,0.000982,-0.000286,0.0156978
0.001998,-0.000576,0.0151248,0.001998,-0.000576,0.0150648
0.002584,-0.000434,0.0143998,0.002584,-0.000434,0.01434
-0.001636,0.003164,0.0078108,-0.0016373,0.0031665,0.007762
-0.000887,0.001768,0.0088828,-0.0008878,0.0017696,0.0088313
-0.001071,0.002509,0.0094178,-0.0010718,0.0025108,0.0093656
-0.001026,0.00246,0.0101738,-0.0010266,0.0024615,0.0101202
-0.001772,0.000978,0.0087308,-0.0017736,0.0009789,0.0086796
-0.002013,0.002078,0.0093298,-0.0020144,0.0020795,0.0092778
-0.001755,0.002343,0.0101398,-0.001756,0.0023444,0.0100864
0.001143,0.003359,0.0157138,0.001143,0.003359,0.0156538
0.003214,0.000431,0.0074658,0.0032168,0.0004314,0.0074176
0.003525,0.000478,0.0077468,0.0035278,0.0004784,0.0076981
0.003539,0.000588,0.0162158,0.003539,0.000588,0.0161558
0.003235,0.000352,0.0160348,0.003235,0.000352,0.0159748
0.003498,-1e-05,0.0161438,0.003498,-1e-05,0.0160838
0.003545,0.000464,0.0156118,0.003545,0.000464,0.0155518
0.003565,0.000398,0.0152538,0.003565,0.000398,0.0151938
0.003476,0.000152,0.0137188,0.0034762,0.000152,0.0136595
0.001151,0.001661,0.0086888,0.0011521,0.0016625,0.0086377
0.001303,0.002516,0.0094448,0.0013039,0.0025178,0.0093926
0.001146,0.002368,0.0100678,0.0011467,0.0023695,0.0100143
0.001397,0.003161,0.0079888,0.0013981,0.0031635,0.0079396
0.001356,0.002738,0.0079358,0.0013571,0.0027403,0.0078866
0.002138,0.002353,0.0092038,0.0021395,0.0023546,0.0091522
0.002553,0.002395,0.0160008,0.002553,0.002395,0.0159408
-0.000126,-0.00199,0.0150988,-0.000126,-0.00199,0.0150388
-0.000146,-0.002738,0.0145038,-0.000146,-0.002738,0.014444
-0.000846,-0.003406,0.0160008,-0.000846,-0.003406,0.0159408
0.003265,-0.001394,0.0155518,0.003265,-0.001394,0.0154918
0.003283,-0.001024,0.0155218,0.003283,-0.001024,0.0154618
0.002396,-0.002117,0.0074678,0.0023981,-0.0021188,0.0074196
-0.002938,-0.002094,0.0156998,-0.002938,-0.002094,0.0156398
-0.002747,-0.002172,0.0153488,-0.002747,-0.002172,0.0152888
-0.00209,0.002767,0.0171018,-0.00209,0.002767,0.0170418
-0.002901,-0.001816,0.0074848,-0.0029034,-0.0018175,0.0074366
-0.003097,-0.001316,0.0074398,-0.0030996,-0.0013171,0.0073917
-0.003253,0.001223,0.0156488,-0.003253,0.001223,0.0155888
-0.003459,0.000861,0.0156898,-0.003459,0.000861,0.0156298
0.000971,0.003455,0.0076998,0.0009718,0.0034578,0.0076512
0.001131,0.003008,0.0078308,0.0011319,0.0030105,0.0077819
-0.00021,-0.001896,0.0087968,-0.0002102,-0.0018977,0.0087454
-0.000351,-0.002738,0.0095238,-0.0003513,-0.0027399,0.0094714
-0.000336,-0.002636,0.0100608,-0.0003362,-0.0026376,0.0100074
-0.00075,-0.003071,0.0078858,-0.0007506,-0.0030735,0.0078367
-0.000574,-0.002642,0.0078718,-0.0005745,-0.0026443,0.0078226
-0.000115,-0.001034,0.0081998,-0.0001152,-0.0010355,0.0081491
-0.000862,-0.001197,0.0079388,-0.000863,-0.0011984,0.0078891
-0.000864,-0.002076,0.0088018,-0.0008647,-0.0020778,0.0087506
-0.000995,-0.002828,0.0093918,-0.0009957,-0.0028299,0.0093398
-0.003481,-0.00023,0.0160758,-0.003481,-0.00023,0.0160158
0.002074,0.002622,0.0074398,0.0020758,0.0026242,0.0073917
-0.000267,0.001608,0.0088068,-0.0002673,0.0016096,0.0087552
-8e-05,0.002314,0.0093338,-8e-05,0.0023157,0.0092816
-0.000263,0.003201,0.0103218,-0.0002632,0.0032028,0.0102682
-0.000958,0.003357,0.0076698,-0.0009588,0.0033597,0.0076212
-0.003118,0.001686,0.0078998,-0.0031204,0.0016873,0.0078508
-0.002339,0.000958,0.0093718,-0.0023407,0.0009587,0.0093196
-0.002584,0.000908,0.0101438,-0.0025856,0.0009086,0.0100903
-0.001558,-0.003193,0.0065648,-0.0015594,-0.0031957,0.0065185
-0.001249,-0.002775,0.0067498,-0.0012501,-0.0027775,0.0067032
-0.001632,-0.002679,0.0068088,-0.0016335,-0.0026814,0.006762
-0.001998,-0.002875,0.0155628,-0.001998,-0.002875,0.0155028
-0.002396,-0.002545,0.0156478,-0.002396,-0.002545,0.0155878
0.00237,-0.002215,0.0159928,0.00237,-0.002215,0.0159328
0.002028,-0.002116,0.0159788,0.002028,-0.002116,0.0159188
0.001985,-0.001982,0.0146098,0.001985,-0.001982,0.0145499
0.002582,-0.002287,0.0156138,0.002582,-0.002287,0.0155538
0.002967,-0.001785,0.0156168,0.002967,-0.001785,0.0155568
0.003093,-0.000357,0.0159668,0.003093,-0.000357,0.0159068
0.003529,-0.000232,0.0156448,0.003529,-0.000232,0.0155848
-0.002981,-0.00082,0.0160588,-0.002981,-0.00082,0.0159988
0.001427,0.003149,0.0155908,0.001427,0.003149,0.0155308
0.000185,0.00354,0.0073408,0.0001852,0.003543,0.0072929
0.00195,-0.000459,0.0089608,0.0019517,-0.0004594,0.0089091
0.002817,-0.000509,0.0094908,0.0028189,-0.0005093,0.0094385
0.002762,-0.000271,0.0079298,0.0027644,-0.0002712,0.0078806
0.001181,-0.000471,0.0080048,0.0011825,-0.0004716,0.0079548
0.000981,0.000308,0.0081168,0.0009824,0.0003084,0.0080663
0.001873,0.000251,0.0086348,0.0018748,0.0002512,0.0085837
0.002739,0.000368,0.0096318,0.0027409,0.0003682,0.0095792
0.003432,-0.000365,0.0081288,0.0034347,-0.0003653,0.0080793
0.003322,0.000698,0.0156008,0.003322,0.000698,0.0155408
-0.001215,-0.002997,0.0156988,-0.001215,-0.002997,0.0156388
-0.00291,-0.002096,0.0079358,-0.0029122,-0.0020976,0.0078868
-0.003464,-0.000732,0.0156448,-0.003464,-0.000732,0.0155848
-0.003535,-0.000287,0.0156238,-0.003535,-0.000287,0.0155638
-0.003481,-0.000313,0.0077318,-0.0034838,-0.0003132,0.0076831
-0.001615,-0.003188,0.0070598,-0.0016164,-0.0031907,0.0070125
-0.001318,-0.002826,0.0071048,-0.0013192,-0.0028286,0.0070574
-0.001697,-0.002647,0.0075578,-0.0016985,-0.0026493,0.0075094
-0.001588,-0.002753,0.0078828,-0.0015893,-0.0027553,0.0078338
0.002993,0.000234,0.0079178,0.0029955,0.0002342,0.0078686
0.003527,-2.6e-05,0.0082568,0.0035296,-2.6e-05,0.0082071
0.003562,0.000148,0.0085788,0.0035646,0.0001481,0.0085285
0.001074,-0.003289,0.0156138,0.001074,-0.003289,0.0155538
0.001394,-0.00326,0.0078008,0.0013951,-0.0032626,0.007752
0.001486,-0.002802,0.0079088,0.0014872,-0.0028043,0.0078597
0.001329,-0.001908,0.0087908,0.0013301,-0.0019096,0.0087397
0.001315,-0.002594,0.0095608,0.0013159,-0.0025958,0.0095084
0.001738,-0.002979,0.0077178,0.0017394,-0.0029814,0.0076692
-0.003499,0.000473,0.0154488,-0.003499,0.000473,0.0153888
-0.003522,0.00015,0.0156828,-0.003522,0.00015,0.0156228
0.003251,0.000327,0.0154628,0.003251,0.000327,0.0154028
0.003537,0.000115,0.0157088,0.003537,0.000115,0.0156488
-0.001747,0.003076,0.0163748,-0.001747,0.003076,0.0163148
-0.003146,0.001656,0.0156848,-0.003146,0.001656,0.0156248
0.00358,-0.000551,0.0073118,0.003583,-0.0005515,0.007264
0.003179,-0.0005,0.0074758,0.0031817,-0.0005004,0.0074276
-0.001628,0.003027,0.0159828,-0.001628,0.003027,0.0159228
-0.001161,-0.003249,0.0077028,-0.0011619,-0.0032516,0.0076542
-0.00152,-0.002912,0.0161058,-0.00152,-0.002912,0.0160458
-0.003125,0.001262,0.0078398,-0.0031275,0.001263,0.0077909
-0.002893,0.001417,0.0077988,-0.0028954,0.0014182,0.0077499
-0.001052,0.001037,0.0079668,-0.0010532,0.0010382,0.007917
-0.003177,0.001464,0.0081748,-0.0031794,0.0014651,0.0081252
-0.003432,0.000889,0.0083718,-0.0034345,0.0008897,0.0083219
0.003258,-0.001134,0.0074298,0.0032607,-0.001135,0.0073817
0.000237,0.003449,0.0160508,0.000237,0.003449,0.0159908
-0.000116,0.003542,0.0160308,-0.000116,0.003542,0.0159708
-0.000812,-0.003264,0.0157768,-0.000812,-0.003264,0.0157168
-0.002963,0.000831,0.0156698,-0.002963,0.000831,0.0156098
-0.003515,0.000757,0.0152508,-0.003515,0.000757,0.0151908
0.003371,0.000888,0.0078288,0.0033737,0.0008887,0.0077799
0.00108,-0.003289,0.0078308,0.0010808,-0.0032916,0.0077819
0.001267,-0.00337,0.0081158,0.0012679,-0.0033726,0.0080664
0.002032,-0.002395,0.0075318,0.0020338,-0.0023971,0.0074834
0.002042,-0.002039,0.0094268,0.0020434,-0.0020404,0.0093747
0.000326,-0.003566,0.0156598,0.000326,-0.003566,0.0155998
-5.6e-05,-0.00355,0.0157028,-5.6e-05,-0.00355,0.0156428
0.000235,-0.003282,0.0158238,0.000235,-0.003282,0.0157638
0.00029,-0.003548,0.0153508,0.00029,-0.003548,0.0152908
0.00062,-0.003344,0.0155698,0.00062,-0.003344,0.0155098
0.001766,-0.002974,0.0084278,0.0017673,-0.0029762,0.0083778
0.00254,0.002383,0.0156078,0.00254,0.002383,0.0155478
0.003275,-0.000878,0.0079888,0.0032776,-0.0008787,0.0079396
0.003416,-0.000657,0.0156468,0.003416,-0.000657,0.0155868
-0.000793,-0.003181,0.0082098,-0.0007936,-0.0031835,0.0081601
0.000429,0.001917,0.0086338,0.0004294,0.0019188,0.0085828
0.00055,0.002717,0.0093918,0.0005504,0.0027189,0.0093397
0.000435,0.003163,0.0102028,0.0004352,0.0031648,0.0101494
-9.1e-05,-0.003281,0.0159638,-9.1e-05,-0.003281,0.0159038
-6e-05,-0.002889,0.0163198,-6e-05,-0.002889,0.0162598
-0.000287,-0.001042,0.0159718,-0.000287,-0.001042,0.0159118
0.002963,0.001569,0.0164368,0.002963,0.001569,0.0163768
0.003049,0.00158,0.0160648,0.003049,0.00158,0.0160048
0.000324,0.003447,0.0077638,0.0003243,0.0034497,0.0077151
-1.6e-05,0.003547,0.0078158,-1.6e-05,0.0035498,0.007767
-0.000436,0.003512,0.0080748,-0.0004363,0.0035147,0.0080255
-0.000806,0.00347,0.0080978,-0.0008066,0.0034726,0.0080484
-0.00096,0.00338,0.0085398,-0.0009607,0.0033825,0.0084896
0.003313,0.001362,0.0156998,0.003313,0.001362,0.0156398
-0.002121,0.002851,0.0164218,-0.002121,0.002851,0.0163618
-0.002059,0.002779,0.0160668,-0.002059,0.002779,0.0160068
-0.000934,0.003439,0.0156888,-0.000934,0.003439,0.0156288
-0.001342,0.003268,0.0157208,-0.001342,0.003268,0.0156608
0.000699,0.003428,0.0156258,0.000699,0.003428,0.0155658
0.000268,0.003486,0.0157008,0.000268,0.003486,0.0156408
0.001478,-0.00322,0.0156278,0.001478,-0.00322,0.0155678
0.00324,0.001389,0.0081648,0.0032425,0.00139,0.0081153
0.001137,-0.003352,0.0074008,0.001138,-0.0033548,0.0073528
-5e-06,-0.003247,0.0079998,-5e-06,-0.0032496,0.0079505
-0.000155,-0.003532,0.0081378,-0.0001551,-0.0035347,0.0080884
0.000274,-0.002116,0.0088658,0.0002742,-0.0021178,0.0088144
0.000519,-0.002676,0.0093278,0.0005194,-0.0026779,0.0092758
0.002951,0.002048,0.0081438,0.0029532,0.0020495,0.0080944
0.00289,0.002059,0.0084878,0.0028921,0.0020605,0.0084377
0.002029,0.001793,0.0094168,0.0020304,0.0017943,0.0093646
0.002784,0.001902,0.0102108,0.0027856,0.0019031,0.0101574
-0.002722,-0.002213,0.0081408,-0.0027241,-0.0022147,0.0080913
-0.002845,-0.002185,0.0084698,-0.0028471,-0.0021866,0.0084197
-0.001759,-0.001151,0.0087028,-0.0017606,-0.001152,0.0086517
-0.001902,-0.001902,0.0093658,-0.0019034,-0.0019034,0.0093137
-0.002461,-0.00141,0.0092778,-0.0024628,-0.001411,0.0092259
-0.000908,-0.003015,0.0153198,-0.000908,-0.003015,0.0152598
-0.00034,-0.001041,0.0151828,-0.00034,-0.001041,0.0151228
-0.000108,-0.002116,0.0145378,-0.000108,-0.002116,0.014478
-0.000204,-0.002592,0.0138758,-0.000204,-0.0025921,0.0138164
-0.000924,-0.002005,0.0144618,-0.000924,-0.002005,0.014402
-0.000932,-0.00278,0.0137398,-0.000932,-0.0027801,0.0136805
-0.000527,-0.000766,0.0119428,-0.0005271,-0.0007661,0.0118851
-0.001327,-0.003266,0.0151478,-0.001327,-0.003266,0.0150878
0.001265,0.001878,0.0146108,0.001265,0.001878,0.0145509
0.001045,0.003411,0.0153988,0.001045,0.003411,0.0153388
0.00145,0.003173,0.0152438,0.00145,0.003173,0.0151838
0.00142,0.002554,0.0154038,0.00142,0.002554,0.0153438
0.003049,-0.001843,0.0082058,0.0030513,-0.0018444,0.0081562
0.003116,-0.001717,0.0085488,0.0031183,-0.0017182,0.0084986
0.001895,-0.001069,0.0093938,0.0018965,-0.0010698,0.0093413
0.003251,-0.001098,0.0082278,0.0032535,-0.0010988,0.0081781
0.003168,0.001627,0.0078218,0.0031705,0.0016283,0.007773
0.003011,0.001725,0.0081628,0.0030133,0.0017263,0.0081133
-0.002319,-0.002419,0.0075098,-0.002321,-0.002421,0.0074615
-0.001537,-1.7e-05,0.0088358,-0.0015386,-1.7e-05,0.008784
-0.002378,0.000347,0.0094168,-0.0023798,0.0003473,0.0093644
-0.003309,7.8e-05,0.0103118,-0.0033109,7.8e-05,0.0102582
0.003154,0.000567,0.0077508,0.0031566,0.0005675,0.007702
0.003545,0.000326,0.0081428,0.0035477,0.0003262,0.0080933
-0.001529,-0.003206,0.0075988,-0.0015303,-0.0032086,0.0075504
-0.00115,-0.002822,0.0078358,-0.001151,-0.0028244,0.0077868
-0.001228,-0.003208,0.0080778,-0.0012289,-0.0032105,0.0080284
-0.003396,-0.000535,0.0081848,-0.0033986,-0.0005354,0.0081352
-0.003383,-0.000182,0.0082448,-0.0033856,-0.0001821,0.0081951
0.003088,8.3e-05,0.0161388,0.003088,8.3e-05,0.0160788
0.003174,-0.000169,0.0083198,0.0031765,-0.0001691,0.0082699
0.003516,-0.000328,0.0085598,0.0035185,-0.0003282,0.0085095
-0.003163,0.00149,0.0153818,-0.003163,0.00149,0.0153218
-0.002713,0.001205,0.0153818,-0.002713,0.001205,0.0153218
-0.001837,0.001083,0.0144848,-0.001837,0.001083,0.014425
-0.002381,0.000914,0.0137258,-0.0023811,0.000914,0.0136666
-0.001758,0.001716,0.0143658,-0.001758,0.001716,0.014306
-0.000548,0.000855,0.0118408,-0.0005481,0.0008551,0.0117832
0.003217,-8.1e-05,0.0156978,0.003217,-8.1e-05,0.0156378
0.001756,0.003042,0.0077948,0.0017574,0.0030444,0.007746
-0.001179,0.003397,0.0073418,-0.00118,0.0033998,0.0072939
-0.000808,0.002938,0.0074508,-0.0008087,0.0029406,0.0074026
-0.001295,0.003124,0.0074288,-0.0012961,0.0031267,0.0073807
-0.003486,4.7e-05,0.0152858,-0.003486,4.7e-05,0.0152258
-0.001938,0.000278,0.0145278,-0.001938,0.000278,0.014468
-0.002367,0.000368,0.0137898,-0.0023671,0.000368,0.0137305
-0.003193,0.000224,0.0131198,-0.0031934,0.000224,0.0130613
-0.001597,-0.001361,0.0142438,-0.001597,-0.001361,0.0141841
-0.002688,-0.001034,0.0136158,-0.0026881,-0.001034,0.0135566
0.002806,0.001707,0.0137498,0.0028061,0.0017071,0.0136905
-0.003248,-0.001411,0.0156498,-0.003248,-0.001411,0.0155898
0.003533,-0.000652,0.0077728,0.0035358,-0.0006525,0.0077241
0.003268,-0.000611,0.0077858,0.0032707,-0.0006115,0.007737
0.003138,-0.000711,0.0081888,0.0031405,-0.0007116,0.0081391
-0.002235,-0.002374,0.0078098,-0.0022368,-0.002376,0.0077609
-0.002255,-0.002403,0.0081698,-0.0022568,-0.0024049,0.0081202
0.002492,-0.002197,0.0077728,0.002494,-0.0021988,0.007724
0.002177,-0.002215,0.0077648,0.0021788,-0.0022169,0.007716
-0.003471,0.000326,0.0078448,-0.0034737,0.0003263,0.0077959
0.002854,-0.001993,0.0153168,0.002854,-0.001993,0.0152568
0.002792,-0.001264,0.0152518,0.002792,-0.001264,0.0151918
0.002034,-0.001273,0.0145608,0.002034,-0.001273,0.014501
-0.001761,0.00308,0.0156418,-0.001761,0.00308,0.0155818
-0.00247,-0.002484,0.0152848,-0.00247,-0.002484,0.0152248
0.001273,-0.003233,0.0153198,0.001273,-0.003233,0.0152598
0.00143,-0.002893,0.0154078,0.00143,-0.002893,0.0153478
0.001073,-0.001817,0.0143168,0.001073,-0.001817,0.0142571
0.001279,-0.002608,0.0138418,0.001279,-0.0026081,0.0137824
0.000723,-0.003279,0.0074488,0.0007236,-0.0032818,0.0074007
-0.003478,-0.000685,0.0153088,-0.003478,-0.000685,0.0152488
0.001999,0.000961,0.0143968,0.001999,0.000961,0.014337
0.003275,0.001296,0.0153438,0.003275,0.001296,0.0152838
0.002828,0.001313,0.0152868,0.002828,0.001313,0.0152268
-0.001574,0.003165,0.0082118,-0.0015752,0.0031674,0.0081622
-0.002082,0.002845,0.0081788,-0.0020836,0.0028471,0.0081293
0.002198,0.002794,0.0077788,0.0021997,0.0027962,0.0077301
-0.000351,-0.003529,0.0160808,-0.000351,-0.003529,0.0160208
-0.000536,-0.003151,0.0159888,-0.000536,-0.003151,0.0159288
-0.002965,-0.00178,0.0078118,-0.0029674,-0.0017814,0.007763
-0.002823,-0.001418,0.0078408,-0.0028253,-0.0014192,0.0077918
-0.003192,-0.001499,0.0077318,-0.0031946,-0.0015002,0.0076831
-0.00284,-0.001881,0.0082098,-0.0028422,-0.0018824,0.0081602
-0.003173,-0.001302,0.0082328,-0.0031754,-0.001303,0.0081831
-0.00321,-0.001408,0.0085228,-0.0032123,-0.001409,0.0084726
-0.000948,-0.001139,0.0086678,-0.000949,-0.0011402,0.0086163
-0.001903,-0.0011,0.0092698,-0.0019045,-0.0011009,0.0092176
-0.002312,-0.001176,0.0102788,-0.0023134,-0.0011767,0.0102249
-0.003124,-0.001091,0.0074778,-0.0031267,-0.0010919,0.0074296
-0.003123,-0.001272,0.0153608,-0.003123,-0.001272,0.0153008
-0.002857,-0.00143,0.0152738,-0.002857,-0.00143,0.0152138
0.001916,0.002985,0.0152628,0.001916,0.002985,0.0152028
0.002027,0.001734,0.0137468,0.0020271,0.0017341,0.0136875
0.002023,0.002485,0.0129118,0.0020233,0.0024854,0.0128537
-0.001954,-0.002985,0.0152218,-0.001954,-0.002985,0.0151618
-0.003538,-0.000291,0.0151718,-0.003538,-0.000291,0.0151118
-0.002989,0.001224,0.0087078,-0.0029912,0.0012249,0.0086572
-0.002667,0.001236,0.0086298,-0.0026691,0.001237,0.0085792
-0.000735,0.001017,0.0086268,-0.0007359,0.0010182,0.0085752
-0.001821,0.001204,0.0094198,-0.0018224,0.0012049,0.0093673
-0.002622,0.001873,0.0101828,-0.0026235,0.0018741,0.0101294
0.002509,0.002442,0.0152608,0.002509,0.002442,0.0152008
0.000615,0.0033,0.0081948,0.0006155,0.0033026,0.0081452
0.001091,0.002972,0.0081608,0.0010919,0.0029744,0.0081112
0.001001,0.003399,0.0084758,0.0010017,0.0034015,0.0084257
0.002206,-0.002622,0.0163328,0.002206,-0.002622,0.0162728
0.001998,-0.002942,0.0159658,0.001998,-0.002942,0.0159058
0.002005,-0.002498,0.0160008,0.002005,-0.002498,0.0159408
0.00181,0.003017,0.0081708,0.0018114,0.0030193,0.0081213
-0.003448,-0.000945,0.0077378,-0.0034507,-0.0009458,0.0076891
-0.003246,-0.001143,0.0077358,-0.0032486,-0.0011439,0.0076871
-0.00309,-0.000807,0.0077958,-0.0030926,-0.0008077,0.007747
0.000529,-0.002164,0.0144868,0.000529,-0.002164,0.014427
0.000879,-0.003112,0.0152348,0.000879,-0.003112,0.0151748
0.000757,-0.002854,0.0152778,0.000757,-0.002854,0.0152178
0.000495,-0.001162,0.0151698,0.000495,-0.001162,0.0151098
-0.000469,-0.003239,0.0081818,-0.0004694,-0.0032415,0.0081322
-9.1e-05,0.003448,0.0155848,-9.1e-05,0.003448,0.0155248
-0.000177,0.003539,0.0152788,-0.000177,0.003539,0.0152188
-0.000393,0.001666,0.0153248,-0.000393,0.001666,0.0152648
-0.000369,0.002471,0.0145778,-0.000369,0.002471,0.014518
-5.3e-05,0.003205,0.0138928,-5.3e-05,0.0032051,0.0138333
-0.000522,0.003377,0.0155828,-0.000522,0.003377,0.0155228
-9.2e-05,-0.003026,0.0156688,-9.2e-05,-0.003026,0.0156088
-0.000201,-0.003528,0.0153498,-0.000201,-0.003528,0.0152898
0.003397,-0.000761,0.0152578,0.003397,-0.000761,0.0151978
0.003367,0.001049,0.0081468,0.0033696,0.0010498,0.0080973
0.000282,-0.003208,0.0078648,0.0002822,-0.0032106,0.0078158
0.000372,-0.002511,0.0077938,0.0003724,-0.0025133,0.0077447
0.000626,-0.001041,0.0081788,0.0006268,-0.0010423,0.0081283
0.000287,-0.003514,0.0081798,0.0002872,-0.0035166,0.0081303
-0.002899,-0.001839,0.0153248,-0.002899,-0.001839,0.0152648
0.002585,-0.002328,0.0081018,0.002587,-0.0023298,0.0080524
0.003251,0.000158,0.0082778,0.0032535,0.0001581,0.008228
0.002452,-0.002093,0.0153308,0.002452,-0.002093,0.0152708
0.002007,-0.00214,0.0153698,0.002007,-0.00214,0.0153098
0.002013,-0.001999,0.0135918,0.0020131,-0.0019991,0.0135327
0.003283,0.000903,0.0153948,0.003283,0.000903,0.0153348
0.002481,0.002397,0.0081538,0.0024829,0.0023988,0.0081043
-0.001661,-0.002719,0.0082528,-0.0016623,-0.0027211,0.008203
-0.001621,-0.002791,0.0085598,-0.0016222,-0.0027931,0.0085094
-0.000939,-0.002067,0.0095298,-0.0009397,-0.0020685,0.0094771
-0.001045,-0.002724,0.0100328,-0.0010456,-0.0027257,0.0099796
0.003256,-0.001364,0.0085108,0.0032584,-0.001365,0.0084606
-0.001602,-0.002997,0.0156628,-0.001602,-0.002997,0.0156028
-0.003469,6.1e-05,0.0081148,-0.0034717,6.1e-05,0.0080654
0.001019,-0.003271,0.0082158,0.0010198,-0.0032735,0.0081662
-0.003568,-0.000266,0.0084148,-0.0035706,-0.0002662,0.0083648
-0.001603,-0.000606,0.0094458,-0.0016043,-0.0006065,0.0093928
-0.002431,-0.00049,0.0099498,-0.0024326,-0.0004903,0.0098965
-0.003203,-0.000337,0.0108598,-0.0032046,-0.0003372,0.0108052
-0.003576,9.1e-05,0.0084138,-0.0035786,9.1e-05,0.0083638
-0.002374,-0.00258,0.0084928,-0.0023758,-0.0025819,0.0084427
-0.001614,-0.002099,0.0102578,-0.0016149,-0.0021002,0.010204
-0.002447,-0.002007,0.0106958,-0.0024483,-0.002008,0.0106415
-0.003178,-0.000975,0.0155968,-0.003178,-0.000975,0.0155368
0.001199,0.001686,0.0093178,0.0012,0.0016873,0.0092654
0.001348,0.002832,0.0083658,0.0013491,0.0028342,0.0083158
0.001291,0.002566,0.0086408,0.001292,0.002568,0.0085902
0.002073,0.002406,0.0099708,0.0020743,0.0024075,0.0099178
0.00313,0.000444,0.0081998,0.0031325,0.0004444,0.0081501
0.003498,0.000501,0.0084458,0.0035006,0.0005014,0.0083957
-0.000294,-0.002215,0.0094998,-0.0002942,-0.0022166,0.0094472
-8.6e-05,-0.003565,0.0085488,-8.61e-05,-0.0035676,0.0084986
-0.000478,-0.003248,0.0085238,-0.0004784,-0.0032504,0.0084735
-0.000453,-0.00264,0.0085008,-0.0004534,-0.0026422,0.0084504
-0.000388,-0.001191,0.0085648,-0.0003885,-0.0011924,0.0085134
-0.000355,-0.003362,0.0156838,-0.000355,-0.003362,0.0156238
0.000774,0.00344,0.0152948,0.000774,0.00344,0.0152348
0.001063,0.00306,0.0155918,0.001063,0.00306,0.0155318
0.001007,0.003413,0.0149958,0.001007,0.003413,0.0149358
-0.000204,0.001923,0.0093708,-0.0002041,0.0019245,0.0093182
-0.000212,0.002565,0.0102448,-0.0002121,0.0025665,0.010191
-0.000202,0.003318,0.0109558,-0.0002021,0.0033196,0.0109011
0.001156,-0.001842,0.0093868,0.0011569,-0.0018434,0.0093343
0.001225,-0.002623,0.0101518,0.0012257,-0.0026246,0.0100983
0.00144,-0.003256,0.0084608,0.001441,-0.0032584,0.0084107
0.00143,-0.002898,0.0085768,0.0014311,-0.0029002,0.0085264
0.001944,-0.000384,0.0095638,0.0019455,-0.0003843,0.0095108
0.002792,-0.000399,0.0102718,0.0027936,-0.0003992,0.0102181
0.002988,-0.000314,0.0085948,0.0029903,-0.0003143,0.0085443
0.001206,-0.000439,0.0086548,0.0012074,-0.0004395,0.0086032
0.001162,0.000113,0.0088928,0.0011632,0.0001131,0.0088404
0.002028,0.000163,0.0096208,0.0020295,0.0001631,0.0095678
0.002831,0.000276,0.0101698,0.0028327,0.0002762,0.0101163
0.003504,-8.2e-05,0.0088958,0.0035065,-8.21e-05,0.0088449
-0.000797,0.00297,0.0077368,-0.0007977,0.0029725,0.007688
-0.000969,0.002655,0.0078538,-0.0009699,0.0026573,0.0078047
-0.000218,0.000943,0.0080268,-0.0002183,0.0009444,0.0079765
-0.001272,0.003215,0.0077568,-0.001273,0.0032176,0.007708
-0.001326,0.003224,0.0080798,-0.001327,0.0032265,0.0080304
0.001897,0.001014,0.0094918,0.0018984,0.0010148,0.0094391
0.002585,0.001027,0.0101178,0.0025866,0.0010276,0.0100643
0.003271,0.001303,0.0085118,0.0032734,0.001304,0.0084616
0.002872,0.001371,0.0083508,0.0028742,0.0013721,0.0083008
-0.000951,0.001815,0.0145458,-0.000951,0.001815,0.014486
-0.001655,0.003197,0.0152908,-0.001655,0.003197,0.0152308
-0.001722,0.002762,0.0154848,-0.001722,0.002762,0.0154248
-0.001759,0.002505,0.0137948,-0.0017591,0.0025051,0.0137354
0.002213,-0.002612,0.0155918,0.002213,-0.002612,0.0155318
0.000249,0.003529,0.0083128,0.0002492,0.0035316,0.008263
0.001929,-0.000388,0.0143658,0.001929,-0.000388,0.0143061
0.002654,-0.000372,0.0137458,0.0026541,-0.000372,0.0136865
0.002881,-0.00072,0.0153008,0.002881,-0.00072,0.0152408
0.001091,-0.000393,0.0152628,0.001091,-0.000393,0.0152028
0.00358,-0.00017,0.0152058,0.00358,-0.00017,0.0151458
0.000447,0.001896,0.0143908,0.000447,0.001896,0.0143311
0.000409,0.002627,0.0137568,0.000409,0.0026271,0.0136975
0.000331,0.002818,0.0131938,0.000331,0.0028182,0.0131352
0.000251,0.00346,0.0153188,0.000251,0.00346,0.0152588
0.002909,0.002032,0.0156778,0.002909,0.002032,0.0156178
0.003215,-0.000645,0.0085168,0.0032174,-0.0006455,0.0084665
0.000162,-0.003224,0.0152058,0.000162,-0.003224,0.0151458
0.000238,-0.003538,0.0150558,0.000238,-0.003538,0.0149958
0.003169,-0.000372,0.0155888,0.003169,-0.000372,0.0155288
-0.002064,-0.002883,0.0149148,-0.002064,-0.002883,0.0148549
-0.002034,-0.002872,0.0145678,-0.002034,-0.002872,0.0145079
-0.001743,-0.00219,0.0138548,-0.0017431,-0.0021901,0.0137954
-0.001711,-0.002791,0.0127448,-0.0017113,-0.0027916,0.012687
-0.002308,-0.00244,0.0148878,-0.002308,-0.00244,0.0148279
-0.002862,-0.002161,0.0149688,-0.002862,-0.002161,0.0149088
-0.002816,-0.00197,0.0146618,-0.002816,-0.00197,0.0146019
-0.002482,-0.002037,0.0128818,-0.0024824,-0.0020373,0.0128237
0.001747,0.002989,0.0149448,0.001747,0.002989,0.0148848
0.002236,0.002747,0.0149618,0.002236,0.002747,0.0149018
-0.003123,0.001591,0.0085028,-0.0031253,0.0015922,0.0084526
0.001766,0.000198,0.0143208,0.001766,0.000198,0.0142611
0.002847,0.000373,0.0138398,0.0028471,0.000373,0.0137804
0.00345,0.000186,0.0130098,0.0034506,0.000186,0.0129517
0.003189,3.5e-05,0.0153458,0.003189,3.5e-05,0.0152858
0.002877,0.000128,0.0152968,0.002877,0.000128,0.0152368
0.000979,0.000156,0.0152718,0.000979,0.000156,0.0152118
0.003556,0.000115,0.0149268,0.003556,0.000115,0.0148669
-0.002124,0.002868,0.0156838,-0.002124,0.002868,0.0156238
-0.003444,-0.000287,0.0146998,-0.003444,-0.000287,0.0146399
-0.001952,-0.000403,0.0144228,-0.001952,-0.000403,0.014363
-0.002426,-0.000414,0.0136828,-0.0024261,-0.000414,0.0136236
-0.003244,-0.000341,0.0130448,-0.0032445,-0.000341,0.0129865
-0.003536,-0.000665,0.0149378,-0.003536,-0.000665,0.0148779
-0.00087,0.003267,0.0153228,-0.00087,0.003267,0.0152628
-0.001279,0.003261,0.0153498,-0.001279,0.003261,0.0152898
-0.003134,0.000969,0.0085718,-0.0031363,0.0009697,0.0085214
-0.003552,0.000539,0.0084458,-0.0035546,0.0005394,0.0083958
-0.003448,0.000887,0.0088568,-0.0034504,0.0008876,0.008806
-0.002861,0.002066,0.0156928,-0.002861,0.002066,0.0156328
0.001466,-0.00325,0.0149188,0.001466,-0.00325,0.0148589
0.001134,-0.003279,0.0149988,0.001134,-0.003279,0.0149388
0.003239,-0.001473,0.0149398,0.003239,-0.001473,0.0148798
0.003392,-0.001041,0.0148798,0.003392,-0.001041,0.0148199
0.003508,0.000585,0.0148918,0.003508,0.000585,0.0148319
0.00333,0.000869,0.0150228,0.00333,0.000869,0.0149628
-0.003472,0.000859,0.0149458,-0.003472,0.000859,0.0148858
-0.00351,0.00046,0.0149498,-0.00351,0.00046,0.0148898
-0.001304,-0.003043,0.0085678,-0.001305,-0.0030453,0.0085174
0.000328,-0.003165,0.0082348,0.0003283,-0.0031675,0.008185
0.000329,-0.003566,0.0085078,0.0003292,-0.0035686,0.0084577
-0.003569,1e-06,0.0148758,-0.003569,1e-06,0.0148159
0.003037,-0.001842,0.0149918,0.003037,-0.001842,0.0149318
0.000741,-0.003255,0.0149768,0.000741,-0.003255,0.0149168
0.001317,0.002847,0.0148978,0.001317,0.002847,0.0148379
-0.003493,-0.000721,0.0085318,-0.0034955,-0.0007215,0.0084816
0.003218,0.001326,0.0149768,0.003218,0.001326,0.0149168
-0.000222,-0.003248,0.0086798,-0.0002222,-0.0032504,0.0086292
-0.000221,-0.003552,0.0088578,-0.0002212,-0.0035545,0.008807
0.003556,0.000117,0.0091798,0.0035584,0.0001171,0.0091284
0.003419,0.000208,0.0109488,0.0034207,0.0002081,0.0108942
0.001823,-0.002887,0.0155878,0.001823,-0.002887,0.0155278
0.001335,-0.002899,0.0157168,0.001335,-0.002899,0.0156568
0.003034,0.001602,0.0156738,0.003034,0.001602,0.0156138
0.001096,-0.003336,0.0085758,0.0010968,-0.0033384,0.0085255
0.001363,-0.003296,0.0088618,0.001364,-0.0032983,0.008811
-7.4e-05,0.003494,0.0085248,-7.41e-05,0.0034966,0.0084746
0.00175,0.002953,0.0084988,0.0017513,0.0029552,0.0084486
0.003321,0.000809,0.0084388,0.0033235,0.0008096,0.0083887
-0.001488,-0.003251,0.0154638,-0.001488,-0.003251,0.0154038
-0.001241,-0.003015,0.0152858,-0.001241,-0.003015,0.0152258
-0.001621,-0.002925,0.0152648,-0.001621,-0.002925,0.0152048
-0.000578,0.003484,0.0152628,-0.000578,0.003484,0.0152028
-0.000818,0.003485,0.0150268,-0.000818,0.003485,0.0149668
-0.00042,-0.003513,0.0084268,-0.0004203,-0.0035156,0.0083768
-0.000172,-0.003182,0.0083138,-0.0001721,-0.0031845,0.0082639
0.003086,0.001708,0.0085208,0.0030883,0.0017092,0.0084706
-0.001679,0.003112,0.0085078,-0.0016802,0.0031143,0.0084576
-0.002042,0.002866,0.0085288,-0.0020435,0.0028681,0.0084786
-0.002893,-0.001743,0.0149368,-0.002893,-0.001743,0.0148768
-0.003149,-0.001274,0.0150568,-0.003149,-0.001274,0.0149968
0.001674,-0.002716,0.0088628,0.0016752,-0.002718,0.0088118
0.001662,-0.002927,0.0091808,0.0016631,-0.002929,0.0091293
0.001994,-0.001941,0.0102388,0.0019952,-0.0019421,0.0101851
0.00039,-0.001972,0.0093448,0.0003903,-0.0019736,0.0092923
0.000426,-0.002755,0.0103788,0.0004262,-0.0027566,0.0103248
0.00105,-0.001148,0.0092808,0.0010509,-0.001149,0.0092279
0.00109,-0.001325,0.0100158,0.0010906,-0.0013257,0.0099614
0.000976,-0.00072,0.0119668,0.0009761,-0.0007201,0.0119091
0.001231,-0.00184,0.0101238,0.0012318,-0.0018411,0.0100699
0.001261,-0.00272,0.0108568,0.0012616,-0.0027213,0.0108021
0.001186,-0.002659,0.0115028,0.0011864,-0.00266,0.0114468
-0.003503,0.00036,0.0082118,-0.0035056,0.0003603,0.0081622
0.003038,0.001916,0.0088658,0.0030401,0.0019173,0.008815
0.002876,0.002074,0.0092178,0.0028779,0.0020754,0.0091663
0.001971,0.001816,0.0100918,0.0019722,0.0018171,0.0100383
0.002774,0.001655,0.0107348,0.0027754,0.0016558,0.0106804
-0.002202,0.002661,0.0153628,-0.002202,0.002661,0.0153028
0.001192,-0.001872,0.0136118,0.0011921,-0.0018721,0.0135527
0.001099,-0.001218,0.0136388,0.0010991,-0.0012181,0.0135798
0.001168,-0.002692,0.0128838,0.0011682,-0.0026923,0.0128256
0.001567,-0.003135,0.0146078,0.001567,-0.003135,0.0145479
0.001293,-0.002899,0.0147938,0.001293,-0.002899,0.0147339
0.001172,-0.001218,0.0143888,0.001172,-0.001218,0.0143291
0.00112,-0.003158,0.0146778,0.00112,-0.003158,0.0146179
0.003045,0.001879,0.0153468,0.003045,0.001879,0.0152868
0.001063,-0.003232,0.0089408,0.0010637,-0.0032343,0.0088898
0.00135,-0.002911,0.0089378,0.001351,-0.0029131,0.0088867
0.001577,-0.003202,0.0093498,0.001578,-0.0032041,0.009298
-0.001612,0.003164,0.0089638,-0.0016131,0.0031662,0.0089128
-0.002144,0.002702,0.0088918,-0.0021455,0.0027039,0.0088409
-0.001945,0.002936,0.0091348,-0.0019463,0.002938,0.0090834
-0.001065,0.001834,0.0094488,-0.0010658,0.0018354,0.0093961
-0.002056,0.002027,0.0100618,-0.0020573,0.0020282,0.0100085
-0.0019,0.002607,0.0108898,-0.0019009,0.0026083,0.0108352
-0.002354,-0.002565,0.0144878,-0.002354,-0.002565,0.014428
-0.000933,-0.002051,0.0137448,-0.000933,-0.0020511,0.0136856
-0.000986,-0.001532,0.0135098,-0.0009861,-0.0015321,0.0134509
-0.001038,-0.002776,0.0128058,-0.0010382,-0.0027764,0.0127477
-0.001741,-0.001229,0.0135018,-0.0017411,-0.0012291,0.0134429
-0.001949,-0.002065,0.0131088,-0.0019492,-0.0020652,0.0130503
-0.001686,-0.002795,0.0122138,-0.0016865,-0.0027958,0.0121569
-0.00229,-0.002447,0.0089298,-0.0022916,-0.0024487,0.0088788
-0.002672,-0.002196,0.0089208,-0.0026739,-0.0021975,0.0088698
0.002564,0.002401,0.0084958,0.0025659,0.0024028,0.0084456
-0.000604,0.003456,0.0088398,-0.0006044,0.0034584,0.008789
-0.000911,0.003347,0.0088728,-0.0009116,0.0033493,0.0088219
-0.000715,0.003367,0.0092598,-0.0007155,0.0033693,0.0092082
0.002274,0.002698,0.0081258,0.0022757,0.0027001,0.0080764
-0.003462,0.000107,0.0145448,-0.003462,0.000107,0.0144849
-0.001784,0.000337,0.0138158,-0.0017841,0.000337,0.0137565
-0.000812,0.000112,0.0138728,-0.000812,0.000112,0.0138136
-0.002633,0.000385,0.0128488,-0.0026333,0.000385,0.0127906
-0.003106,9.4e-05,0.0124078,-0.0031067,9.4e-05,0.0123504
-0.000275,-0.003198,0.0152878,-0.000275,-0.003198,0.0152278
-0.000248,-0.003453,0.0149818,-0.000248,-0.003453,0.0149218
0.001033,0.003413,0.0088428,0.0010337,0.0034154,0.008792
0.00134,0.003178,0.0087328,0.001341,0.0031803,0.0086822
-0.00088,-0.00347,0.0149278,-0.00088,-0.00347,0.0148679
-0.000451,-0.002991,0.0088638,-0.0004513,-0.0029932,0.0088128
0.001625,0.003174,0.0146458,0.001625,0.003174,0.0145859
0.002208,0.002673,0.0146148,0.002208,0.002673,0.0145549
-0.000258,0.001649,0.0145898,-0.000258,0.001649,0.01453
-0.000287,0.00253,0.0137638,-0.000287,0.0025301,0.0137045
-0.000267,0.00325,0.0131058,-0.000267,0.0032504,0.0130474
0.00332,0.000997,0.0088158,0.0033223,0.0009977,0.0087651
0.003519,0.000327,0.0089078,0.0035214,0.0003272,0.0088569
0.00066,0.003399,0.0085208,0.0006605,0.0034015,0.0084706
0.000729,0.001985,0.0095848,0.0007295,0.0019865,0.0095319
0.000422,0.002668,0.0100338,0.0004223,0.0026697,0.0099804
0.00038,0.003132,0.0108898,0.0003802,0.0031335,0.0108351
-0.002504,0.002527,0.0085048,-0.0025058,0.0025288,0.0084546
-0.002428,0.002564,0.0082368,-0.0024298,0.0025659,0.0081872
-0.003117,0.001279,0.0089818,-0.0031192,0.0012799,0.0089307
0.003325,-0.000381,0.0088298,0.0033274,-0.0003813,0.008779
0.003537,-0.000331,0.0091848,0.0035394,-0.0003312,0.0091334
0.000645,-0.002192,0.0137468,0.000645,-0.0021921,0.0136876
0.000525,-0.00278,0.0131718,0.000525,-0.0027802,0.0131132
-0.003127,-0.000918,0.0149708,-0.003127,-0.000918,0.0149108
-0.003547,0.000156,0.0088298,-0.0035495,0.0001561,0.008779
-0.003559,1.5e-05,0.0092058,-0.0035614,1.5e-05,0.0091543
-0.001751,0.000332,0.0096318,-0.0017523,0.0003322,0.0095784
-0.002614,8.8e-05,0.0102398,-0.0026156,8.8e-05,0.010186
-0.003238,0.000281,0.0109578,-0.0032396,0.0002811,0.0109031
-0.00354,-0.000237,0.0088428,-0.0035425,-0.0002372,0.008792
-0.00126,-0.003151,0.0147518,-0.00126,-0.003151,0.0146919
-0.001173,-0.002866,0.0145948,-0.001173,-0.002866,0.0145349
-0.000912,-0.001186,0.0143578,-0.000912,-0.001186,0.0142981
-0.002928,0.001921,0.0154188,-0.002928,0.001921,0.0153588
-0.003378,0.00109,0.0152008,-0.003378,0.00109,0.0151408
-0.003214,0.001438,0.0149898,-0.003214,0.001438,0.0149298
-0.003122,0.000912,0.0150058,-0.003122,0.000912,0.0149458
-0.003479,0.000766,0.0146108,-0.003479,0.000766,0.0145509
0.00201,-0.001333,0.0136568,0.0020101,-0.0013331,0.0135976
0.002684,-0.00122,0.0129648,0.0026843,-0.0012201,0.0129065
0.002769,-0.001141,0.0123138,0.0027696,-0.0011413,0.0122564
0.003161,-0.001345,0.0146428,0.003161,-0.001345,0.0145829
0.002834,-0.001371,0.0146618,0.002834,-0.001371,0.0146019
-0.003469,-0.000659,0.0145648,-0.003469,-0.000659,0.0145049
0.00314,0.000565,0.0149168,0.00314,0.000565,0.0148569
0.003475,0.000399,0.0146098,0.003475,0.000399,0.0145499
0.003021,0.000402,0.0146718,0.003021,0.000402,0.0146119
0.002725,0.000628,0.0147808,0.002725,0.000628,0.0147209
0.001179,0.000278,0.0145458,0.001179,0.000278,0.014486
0.001054,0.000414,0.0136028,0.0010541,0.000414,0.0135439
0.000836,0.000467,0.0120098,0.0008361,0.0004671,0.0119521
0.001998,0.000281,0.0136238,0.0019981,0.000281,0.0135647
0.002516,0.0004,0.0127618,0.0025163,0.0004001,0.0127037
0.002661,0.000288,0.0124138,0.0026614,0.000288,0.0123561
0.001103,0.000973,0.0144508,0.001103,0.000973,0.014391
0.002134,0.001022,0.0138238,0.0021341,0.001022,0.0137645
0.002598,0.000984,0.0129088,0.0025983,0.0009841,0.0128505
0.003491,0.000453,0.0142418,0.0034911,0.000453,0.0141821
0.003548,0.000378,0.0138878,0.0035482,0.000378,0.0138284
0.003269,0.000333,0.0122648,0.00327,0.0003331,0.0122079
0.000637,-0.003372,0.0079108,0.0006375,-0.0033747,0.0078618
0.00068,-0.003389,0.0082278,0.0006805,-0.0033916,0.0081782
0.001073,0.001856,0.0138498,0.001073,0.0018561,0.0137905
0.001265,0.002459,0.0131448,0.0012651,0.0024592,0.0130862
0.001303,0.002516,0.0123038,0.0013033,0.0025165,0.0122463
0.00099,0.00341,0.0145628,0.00099,0.00341,0.0145029
0.001295,0.003206,0.0145098,0.001295,0.003206,0.0144499
-0.002995,-0.001138,0.0147748,-0.002995,-0.001138,0.0147149
-0.002682,-0.001416,0.0146448,-0.002682,-0.001416,0.0145849
-0.00245,-0.001046,0.0131758,-0.0024502,-0.0010461,0.0131172
-0.002419,-0.00126,0.0122158,-0.0024195,-0.0012603,0.0121583
0.002972,-0.001905,0.0088528,0.0029741,-0.0019063,0.008802
0.003014,-0.001795,0.0092648,0.003016,-0.0017962,0.0092132
0.001824,-0.001235,0.0101798,0.0018251,-0.0012357,0.0101257
0.002645,-0.001141,0.0107968,0.0026463,-0.0011416,0.0107421
0.003178,-0.00142,0.0088908,0.0031803,-0.001421,0.0088399
0.003283,0.001333,0.0088958,0.0032853,0.0013339,0.0088449
-0.00178,0.001007,0.0138728,-0.0017801,0.001007,0.0138135
-0.002559,0.001026,0.0129008,-0.0025593,0.0010261,0.0128425
0.00318,0.000108,0.0089468,0.0031823,0.0001081,0.0088956
0.001595,-0.002704,0.0152258,0.001595,-0.002704,0.0151658
-0.003515,0.000417,0.0146018,-0.003515,0.000417,0.0145419
-0.001196,0.00339,0.0083508,-0.0011969,0.0033925,0.0083009
-0.000765,0.003099,0.0086178,-0.0007656,0.0031013,0.0085673
-0.000826,0.002663,0.0085658,-0.0008267,0.0026651,0.0085153
-0.00025,0.000936,0.0087458,-0.0002503,0.0009371,0.0086934
-0.001204,0.003129,0.0085488,-0.0012049,0.0031313,0.0084985
0.001766,0.003018,0.0088398,0.0017672,0.0030201,0.008789
0.003583,-0.000438,0.0154048,0.003583,-0.000438,0.0153448
0.003323,-0.000311,0.0153068,0.003323,-0.000311,0.0152468
0.003538,-0.0004,0.0149808,0.003538,-0.0004,0.0149208
-0.001013,-0.003234,0.0087508,-0.0010137,-0.0032363,0.0087001
-0.000726,-0.003187,0.0089828,-0.0007265,-0.0031892,0.0089316
0.003222,-6.3e-05,0.0150158,0.003222,-6.3e-05,0.0149558
0.003114,0.001626,0.0088718,0.0031162,0.0016271,0.008821
0.002852,-0.001315,0.0089768,0.0028541,-0.0013159,0.0089256
0.003214,-0.000999,0.0088398,0.0032163,-0.0009997,0.0087889
0.003203,-0.001429,0.0092388,0.0032051,-0.00143,0.0091872
0.00198,-0.00252,0.0152288,0.00198,-0.00252,0.0151688
0.002491,-0.002243,0.0149838,0.002491,-0.002243,0.0149238
-0.000826,0.003477,0.0146918,-0.000826,0.003477,0.0146319
-0.000968,0.001869,0.0138388,-0.000968,0.0018691,0.0137795
-0.001126,0.002428,0.0129518,-0.0011261,0.0024283,0.0128935
-0.000936,0.002518,0.0123508,-0.0009362,0.0025184,0.0122931
0.000584,0.003498,0.0088458,0.0005844,0.0035004,0.008795
0.001057,0.003016,0.0088848,0.0010578,0.0030182,0.0088338
0.000934,0.003429,0.0092018,0.0009346,0.0034313,0.0091503
0.003103,0.001634,0.0146358,0.003103,0.001634,0.0145759
0.002694,0.001533,0.0145898,0.002694,0.001533,0.0145299
0.002724,0.001822,0.0130138,0.0027244,0.0018223,0.0129556
0.003095,0.001018,0.0148008,0.003095,0.001018,0.0147409
-0.002997,-0.001793,0.0085498,-0.0029992,-0.0017943,0.0084995
0.003163,0.000463,0.0089568,0.0031652,0.0004633,0.0089057
0.003548,0.00051,0.0092698,0.0035504,0.0005103,0.0092182
0.000293,-0.003249,0.0085628,0.0002932,-0.0032514,0.0085124
0.000361,-0.002815,0.0085958,0.0003613,-0.0028172,0.0085452
0.000437,-0.001059,0.0085548,0.0004375,-0.0010603,0.0085032
0.000237,-0.003588,0.0088758,0.0002372,-0.0035905,0.008825
0.000169,0.003539,0.0149488,0.000169,0.003539,0.0148888
0.000611,0.003359,0.0150408,0.000611,0.003359,0.0149808
-0.000515,0.003539,0.0149478,-0.000515,0.003539,0.0148878
0.002965,-0.001913,0.0146338,0.002965,-0.001913,0.0145739
0.000689,-0.00338,0.0085558,0.0006895,-0.0033825,0.0085055
0.001818,0.003048,0.0143258,0.001818,0.0030481,0.014266
0.002207,0.002756,0.0142718,0.002207,0.0027561,0.0142121
0.002278,0.002716,0.0138768,0.0022781,0.0027161,0.0138174
0.001977,0.001894,0.0129928,0.0019772,0.0018942,0.0129344
0.002123,0.002357,0.0121758,0.0021236,0.0023577,0.0121189
-0.000111,-0.003155,0.0089978,-0.0001111,-0.0031573,0.0089466
-1.7e-05,-0.003517,0.0092218,-1.7e-05,-0.0035194,0.0091703
-0.002921,0.001963,0.0081388,-0.0029232,0.0019645,0.0080893
-0.002903,0.002029,0.0084978,-0.0029051,0.0020305,0.0084477
-0.001655,0.003136,0.0149338,-0.001655,0.003136,0.0148738
-0.003502,0.000536,0.0088628,-0.0035044,0.0005364,0.008812
0.002386,-0.002207,0.0146068,0.002386,-0.002207,0.0145469
0.001991,-0.001959,0.0130418,0.0019912,-0.0019592,0.0129834
-0.000838,-0.003185,0.0146078,-0.000838,-0.003185,0.0145479
-0.001169,0.003291,0.0149278,-0.001169,0.003291,0.0148678
-0.00131,0.003175,0.0145988,-0.00131,0.003175,0.0145389
-0.001251,0.002665,0.0146388,-0.001251,0.002665,0.0145789
-0.001018,0.001007,0.0144318,-0.001018,0.001007,0.0143721
-0.001681,0.001708,0.0137018,-0.0016811,0.0017081,0.0136426
-0.001651,0.002202,0.0128218,-0.0016512,0.0022023,0.0127636
-0.003175,-0.001239,0.0143088,-0.0031751,-0.001239,0.014249
-0.003378,0.001103,0.0147178,-0.003378,0.001103,0.0146579
-0.003181,0.001101,0.0144738,-0.003181,0.001101,0.014414
-0.002588,0.001866,0.0130098,-0.0025884,0.0018663,0.0129515
-0.003078,0.000843,0.0146658,-0.003078,0.000843,0.0146059
-0.003439,0.000925,0.0143058,-0.0034391,0.000925,0.014246
-0.001983,-0.002558,0.0146668,-0.001983,-0.002558,0.0146069
-0.001989,-0.002142,0.0145318,-0.001989,-0.002142,0.014472
-0.002397,-0.002108,0.0146238,-0.002397,-0.002108,0.0145639
-0.002534,-0.002509,0.0141278,-0.0025341,-0.0025091,0.0140682
-0.000179,0.003467,0.0089328,-0.0001791,0.0034694,0.0088818
-0.001288,-0.003023,0.0089408,-0.0012889,-0.0030251,0.0088897
0.002472,0.002473,0.0088648,0.0024737,0.0024747,0.008814
0.002569,0.002305,0.0149378,0.002569,0.002305,0.0148778
0.002489,0.002501,0.0146248,0.002489,0.002501,0.0145649
0.003349,0.000758,0.0145968,0.003349,0.000758,0.0145369
-0.002993,0.001205,0.0142578,-0.002993,0.001205,0.0141981
-0.003116,-0.000991,0.0081598,-0.0031184,-0.0009918,0.0081102
-0.003165,-0.000919,0.0084758,-0.0031674,-0.0009197,0.0084256
-0.001778,0.000251,0.0102218,-0.0017789,0.0002511,0.010167
-0.001127,0.000356,0.0100748,-0.0011274,0.0003561,0.0100194
-0.002459,0.000205,0.0109498,-0.00246,0.0002051,0.0108944
-0.003207,0.000313,0.0116938,-0.0032082,0.0003131,0.0116378
-0.00345,-0.000347,0.0091948,-0.0034523,-0.0003472,0.0091433
0.000391,-0.003227,0.0149708,0.000391,-0.003227,0.0149108
0.000279,-0.003548,0.0146238,0.000279,-0.003548,0.0145639
0.000725,0.003358,0.0147058,0.000725,0.003358,0.0146459
0.00106,0.003005,0.0147138,0.00106,0.003005,0.0146539
0.001111,0.003389,0.0142538,0.001111,0.0033891,0.0141941
-0.003384,-0.00057,0.0088618,-0.0033864,-0.0005704,0.0088109
0.002017,0.00031,0.0103168,0.0020181,0.0003102,0.0102622
0.00106,0.000302,0.0101798,0.0010603,0.0003021,0.0101241
0.002817,0.000173,0.0107828,0.0028184,0.0001731,0.0107281
0.003391,0.000248,0.0115808,0.0033924,0.0002481,0.0115251
0.002945,-3.2e-05,0.0092638,0.0029471,-3.2e-05,0.009212
0.001069,0.000137,0.0095308,0.0010696,0.0001371,0.0094764
0.001038,-0.00056,0.0095418,0.0010386,-0.0005603,0.0094876
0.002013,-0.000399,0.0102108,0.0020141,-0.0003992,0.0101565
0.002729,-0.000518,0.0109088,0.0027303,-0.0005182,0.0108539
0.00356,-7e-06,0.0095218,0.0035623,-7e-06,0.0094698
-0.002486,0.002521,0.0089098,-0.0024877,0.0025228,0.0088589
-5.6e-05,0.003516,0.0093138,-5.6e-05,0.0035183,0.0092621
-0.000358,0.001839,0.0100408,-0.0003582,0.0018401,0.0099866
-0.000254,0.002498,0.0109098,-0.0002541,0.0024991,0.0108545
-0.000354,0.003227,0.0116928,-0.0003541,0.0032282,0.0116368
-0.00044,0.003565,0.0091458,-0.0004403,0.0035674,0.0090944
-0.002,-0.002914,0.0142488,-0.002,-0.0029141,0.0141891
-0.002265,-0.002414,0.0092728,-0.0022665,-0.0024156,0.0092211
-0.002633,-0.002008,0.0092808,-0.0026348,-0.0020094,0.0092291
-0.002432,0.001829,0.0109748,-0.0024332,0.0018299,0.0109199
-0.00262,0.002339,0.0091718,-0.0026218,0.0023406,0.0091204
-0.002446,0.002045,0.0093128,-0.0024477,0.0020464,0.009261
-0.00109,0.001009,0.0094328,-0.0010909,0.0010098,0.0093794
-0.00099,0.001901,0.0101158,-0.0009906,0.0019022,0.0100618
-0.001803,0.001033,0.0102268,-0.001804,0.0010336,0.0101725
-0.001838,0.001732,0.0109058,-0.0018388,0.0017328,0.0108506
0.003233,0.000111,0.0147098,0.003233,0.000111,0.0146499
0.003475,-0.000279,0.0146198,0.003475,-0.000279,0.0145599
0.003571,7e-06,0.0142298,0.0035711,7e-06,0.0141701
0.001908,-0.000455,0.0138538,0.0019081,-0.000455,0.0137945
0.002658,-0.000481,0.0130428,0.0026583,-0.000481,0.0129844
0.003156,0.000531,0.0143768,0.003156,0.000531,0.014317
0.00326,-0.000682,0.0149298,0.00326,-0.000682,0.0148698
0.001723,-0.002983,0.0149148,0.001723,-0.002983,0.0148549
0.001316,-0.002965,0.0151188,0.001316,-0.002965,0.0150588
0.003329,-0.000722,0.0089538,0.0033314,-0.0007225,0.0089027
-0.000253,-0.002068,0.0101988,-0.0002532,-0.0020692,0.0101445
-0.000221,-0.002571,0.0108878,-0.0002211,-0.0025722,0.0108327
-0.000504,-0.003175,0.0092488,-0.0005043,-0.0031772,0.0091971
-0.000633,-0.002869,0.0092748,-0.0006335,-0.002871,0.009223
-0.000207,-0.001075,0.0095048,-0.0002071,-0.0010757,0.0094505
-0.000895,-0.001023,0.0093578,-0.0008957,-0.0010238,0.0093044
-0.000892,-0.00204,0.0101458,-0.0008925,-0.0020412,0.0100918
-0.000968,-0.002609,0.0109248,-0.0009685,-0.0026102,0.0108698
0.003222,-0.001433,0.0142598,0.0032221,-0.001433,0.0142001
-0.000335,-0.002019,0.0136958,-0.000335,-0.0020191,0.0136367
-0.00018,-0.002573,0.0130018,-0.00018,-0.0025733,0.0129434
-0.000784,-0.003396,0.0141378,-0.000784,-0.0033961,0.0140781
-0.00318,0.001592,0.0088568,-0.0031822,0.0015931,0.008806
-0.003032,0.001771,0.0091528,-0.003034,0.0017722,0.0091014
-0.002439,0.001014,0.0109258,-0.0024401,0.0010145,0.0108707
0.003168,-0.000364,0.0149818,0.003168,-0.000364,0.0149218
0.001919,0.001131,0.0101128,0.0019202,0.0011317,0.0100589
0.002754,0.001146,0.0109858,0.0027553,0.0011465,0.0109309
0.003184,0.000728,0.0090968,0.0031862,0.0007285,0.0090454
0.002857,0.0008,0.0092868,0.002859,0.0008006,0.0092349
0.001323,0.001206,0.0094918,0.001324,0.0012069,0.0094388
0.001005,-0.003386,0.0144328,0.001005,-0.003386,0.014373
0.001666,0.003123,0.0092288,0.0016671,0.0031251,0.0091773
0.001896,0.00253,0.0093298,0.0018973,0.0025317,0.0092779
0.001978,0.002538,0.0108418,0.001979,0.0025393,0.0107873
0.001157,0.001649,0.0100928,0.0011577,0.00165,0.0100387
0.001252,0.002521,0.0109128,0.0012526,0.0025222,0.0108579
0.001357,0.00322,0.0091128,0.0013579,0.0032222,0.0090615
0.001981,-0.002929,0.0144928,0.001981,-0.002929,0.0144329
0.002969,0.001987,0.0149358,0.002969,0.001987,0.0148758
0.001501,0.002987,0.0142648,0.001501,0.002987,0.014205
-0.001673,-0.002734,0.0089408,-0.0016742,-0.002736,0.0088897
-0.00196,-0.002467,0.0089278,-0.0019614,-0.0024688,0.0088767
-0.001842,-0.002134,0.0090028,-0.0018434,-0.0021356,0.0089514
-0.001487,-0.001058,0.0103218,-0.0014877,-0.0010585,0.0102668
-0.00165,-0.001923,0.0110308,-0.0016507,-0.0019238,0.0109754
0.000212,0.003477,0.0088428,0.0002121,0.0034795,0.008792
-0.00361,-0.000129,0.0144268,-0.0036101,-0.000129,0.014367
-0.00346,-0.000371,0.0142668,-0.0034601,-0.000371,0.0142071
-0.003096,-0.000307,0.0141818,-0.0030961,-0.000307,0.0141221
-0.002693,-0.000261,0.0142598,-0.002693,-0.000261,0.0142001
-0.001086,-0.000436,0.0143208,-0.001086,-0.000436,0.0142611
-0.001879,-0.000443,0.0138768,-0.0018791,-0.000443,0.0138175
-0.002477,-0.00041,0.0130198,-0.0024772,-0.00041,0.0129614
-0.00108,0.000238,0.0143568,-0.00108,0.000238,0.0142971
-0.000932,-0.000497,0.0134478,-0.0009321,-0.000497,0.0133891
-0.001722,-0.000431,0.0132258,-0.0017221,-0.000431,0.0131673
-0.002419,-0.000431,0.0122568,-0.0024194,-0.0004311,0.0121991
-0.00326,-0.000688,0.0121058,-0.0032611,-0.0006882,0.0120492
-0.003578,2.4e-05,0.0141268,-0.0035781,2.4e-05,0.0140672
-0.003483,-0.000716,0.0142508,-0.0034831,-0.000716,0.0141911
-0.003519,-0.00039,0.0138918,-0.0035192,-0.00039,0.0138323
-0.001407,-0.002729,0.0141528,-0.001407,-0.002729,0.0140931
-0.002074,-0.002472,0.0142398,-0.002074,-0.002472,0.0141801
-0.001995,-0.002961,0.0138928,-0.0019951,-0.0029611,0.0138334
-0.002841,-0.002192,0.0144508,-0.002841,-0.002192,0.014391
-0.002777,-0.002137,0.0141018,-0.0027771,-0.0021371,0.0140422
-0.002615,-0.00205,0.0121768,-0.0026158,-0.0020507,0.0121201
0.003373,-0.000626,0.0093008,0.0033753,-0.0006264,0.0092491
0.003074,0.001755,0.0092318,0.003076,0.0017562,0.0091803
0.003226,0.001408,0.0092668,0.0032281,0.0014089,0.0092152
0.003419,-0.001029,0.0086498,0.0034214,-0.0010297,0.0085994
0.003068,-0.000983,0.0085298,0.0030703,-0.0009837,0.0084795
0.002815,-0.000992,0.0085908,0.0028172,-0.0009928,0.0085403
0.000464,0.001866,0.0137148,0.000464,0.0018661,0.0136557
0.000445,0.002655,0.0129378,0.000445,0.0026553,0.0128795
0.000412,0.003098,0.0123748,0.0004121,0.0030987,0.0123175
0.000231,0.003468,0.0145208,0.000231,0.003468,0.0144609
-0.000498,0.003498,0.0145998,-0.000498,0.003498,0.0145399
0.000287,-0.003078,0.0088548,0.0002872,-0.0030803,0.0088038
0.000315,-0.003536,0.0092588,0.0003152,-0.0035383,0.0092072
-0.001664,0.003116,0.0145748,-0.001664,0.003116,0.0145149
0.002028,-0.002529,0.0088738,0.0020295,-0.0025308,0.0088228
0.002148,-0.002148,0.0090068,0.0021496,-0.0021496,0.0089555
0.002069,-0.002028,0.0106648,0.0020701,-0.0020291,0.0106104
-0.001513,0.003208,0.0092448,-0.001514,0.0032101,0.0091933
0.002551,-0.002276,0.0142498,0.002551,-0.002276,0.0141901
0.003039,-0.001788,0.0142798,0.0030391,-0.001788,0.0142201
-0.000201,0.003484,0.0149168,-0.000201,0.003484,0.0148569
0.003258,-0.000756,0.0145988,0.003258,-0.000756,0.0145389
0.002892,-0.000703,0.0146338,0.002892,-0.000703,0.0145739
0.001277,-0.000519,0.0144008,0.001277,-0.000519,0.0143411
0.003078,-0.001001,0.0143418,0.003078,-0.001001,0.014282
-0.000928,-0.003118,0.0092028,-0.0009286,-0.0031201,0.0091512
-0.00312,0.001545,0.0142518,-0.0031201,0.001545,0.0141921
-0.003595,0.000394,0.0091378,-0.0035974,0.0003942,0.0090865
-0.003341,0.000337,0.0091818,-0.0033433,0.0003372,0.0091303
-0.003019,0.000331,0.0091898,-0.0030211,0.0003312,0.0091381
-0.002736,0.000323,0.0093478,-0.002738,0.0003232,0.0092958
-0.000878,0.000226,0.0094278,-0.0008785,0.0002261,0.0093734
-0.000973,0.000278,0.0086968,-0.0009742,0.0002783,0.0086446
-0.003468,0.000764,0.0092508,-0.0034703,0.0007645,0.0091992
0.003261,0.000804,0.0142288,0.0032611,0.000804,0.0141691
0.001414,-0.003244,0.0142808,0.001414,-0.0032441,0.0142211
0.002219,0.002746,0.0084678,0.0022206,0.002748,0.0084177
0.001539,0.002527,0.0084088,0.0015402,0.002529,0.0083586
0.003192,-0.000282,0.0091468,0.0031942,-0.0002822,0.0090953
0.00355,-0.00036,0.0095898,0.0035523,-0.0003602,0.0095376
-0.001644,-0.002937,0.0145808,-0.001644,-0.002937,0.0145209
-0.001008,0.00243,0.0108488,-0.0010085,0.0024312,0.0107938
-0.003175,0.001257,0.0092808,-0.0031771,0.0012578,0.0092291
-0.001076,-0.003005,0.0142388,-0.001076,-0.003005,0.0141791
0.003475,0.000674,0.0090718,0.0034774,0.0006745,0.0090206
0.003235,0.000352,0.0092718,0.0032372,0.0003523,0.0092201
0.003485,0.000405,0.0096238,0.0034872,0.0004053,0.0095715
0.003151,0.000207,0.0143108,0.003151,0.000207,0.014251
0.003488,-0.000422,0.0142348,0.0034881,-0.000422,0.0141751
0.003565,-9e-06,0.0138788,0.0035652,-9e-06,0.0138194
0.00322,9.2e-05,0.0095658,0.0032221,9.21e-05,0.0095135
0.003507,5e-05,0.0099158,0.0035091,5e-05,0.009863
-0.002285,-0.002385,0.0096508,-0.0022865,-0.0023865,0.0095984
-0.002811,-0.002176,0.0095988,-0.0028128,-0.0021774,0.0095466
-0.002747,-0.002135,0.0099228,-0.0027486,-0.0021363,0.00987
-0.002459,-0.001158,0.0108978,-0.0024602,-0.0011586,0.0108428
-0.002468,-0.002027,0.0115678,-0.002469,-0.0020278,0.011512
0.002998,0.002,0.0096268,0.0029999,0.0020012,0.0095746
0.002892,0.002091,0.0099638,0.0028937,0.0020922,0.009911
0.002092,0.001805,0.0109448,0.002093,0.0018058,0.0108898
0.002732,0.001805,0.0115398,0.0027331,0.0018057,0.0114841
0.001746,0.003051,0.0095678,0.0017471,0.0030529,0.0095156
0.003022,-0.000356,0.0146128,0.003022,-0.000356,0.0145529
0.00299,0.001985,0.0145718,0.00299,0.001985,0.0145119
-0.0006,-0.002978,0.0150158,-0.0006,-0.002978,0.0149558
-7.1e-05,-0.003572,0.0145768,-7.1e-05,-0.003572,0.0145169
-0.000431,-0.002958,0.0145988,-0.000431,-0.002958,0.0145389
-0.000293,-0.00108,0.0143558,-0.000293,-0.00108,0.0142961
0.001256,-0.003301,0.0096308,0.0012568,-0.0033031,0.0095785
-0.003164,0.001565,0.0146568,-0.003164,0.001565,0.0145969
-0.003435,5e-05,0.0096008,-0.0034372,5e-05,0.0095485
0.000746,-0.003208,0.0146158,0.000746,-0.003208,0.0145559
0.000736,-0.002865,0.0146148,0.000736,-0.002865,0.0145549
0.000574,-0.001125,0.0146298,0.000574,-0.001125,0.01457
0.000214,-0.003552,0.0142548,0.000214,-0.0035521,0.0141951
0.000753,-0.003213,0.0142518,0.000753,-0.0032131,0.0141921
0.003016,-0.001851,0.0096588,0.0030179,-0.0018522,0.0096065
0.00317,-0.001498,0.0096238,0.003172,-0.0014989,0.0095715
-0.000529,0.003514,0.0096028,-0.0005293,0.0035162,0.0095506
-0.000843,0.003253,0.0095858,-0.0008435,0.0032551,0.0095335
0.00076,0.003345,0.0142418,0.00076,0.0033451,0.0141821
-0.000434,0.003415,0.0142538,-0.000434,0.0034151,0.0141941
-0.000543,0.003494,0.0138778,-0.000543,0.0034942,0.0138184
-0.000188,0.00187,0.0137748,-0.000188,0.0018701,0.0137156
-0.000345,0.002579,0.0130248,-0.000345,0.0025793,0.0129664
-0.000249,0.003201,0.0126198,-0.0002491,0.0032017,0.0125622
-0.000805,0.003457,0.0142838,-0.000805,0.0034571,0.0142241
0.002146,0.002779,0.0088008,0.0021475,0.002781,0.0087501
0.001831,0.002525,0.0089898,0.0018323,0.0025268,0.0089386
0.002239,0.002695,0.0091498,0.0022405,0.0026968,0.0090984
-0.003161,0.000893,0.0093478,-0.0031631,0.0008936,0.009296
-0.003446,0.000764,0.0095808,-0.0034482,0.0007645,0.0095286
-0.003284,0.00118,0.0095568,-0.0032861,0.0011808,0.0095046
-0.000274,-0.003595,0.0093828,-0.0002742,-0.0035973,0.009331
-0.000143,-0.003227,0.0094048,-0.0001431,-0.0032292,0.0093528
-0.00011,-0.003513,0.0096218,-0.0001101,-0.0035152,0.0095695
0.000281,-0.003538,0.0095828,0.0002812,-0.0035403,0.0095306
0.000392,-0.003514,0.0100438,0.0003922,-0.003516,0.0099908
0.000442,-0.001912,0.0101158,0.0004422,-0.0019131,0.0100615
0.000458,-0.002614,0.0109068,0.0004582,-0.0026152,0.0108517
-6.3e-05,-0.003542,0.0100008,-6.3e-05,-0.0035441,0.0099478
-0.003113,-0.000812,0.0146328,-0.003113,-0.000812,0.0145729
0.003371,0.000836,0.0094978,0.0033732,0.0008365,0.0094457
0.003024,0.001069,0.0140728,0.0030241,0.001069,0.0140132
0.001321,-0.003262,0.0138688,0.0013211,-0.0032621,0.0138094
0.001357,-0.002899,0.0139428,0.001357,-0.0028991,0.0138833
0.001199,-0.001804,0.0130878,0.0011991,-0.0018042,0.0130294
0.001023,-0.002651,0.0123968,0.0010232,-0.0026515,0.0123392
0.001086,-0.003194,0.0140858,0.001086,-0.0031941,0.0140262
0.00258,0.002387,0.0142758,0.00258,0.002387,0.0142161
-0.002895,-0.001916,0.0089218,-0.002897,-0.0019173,0.0088708
-0.00316,-0.00154,0.0088528,-0.0031622,-0.0015411,0.008802
0.000493,-0.003079,0.0091758,0.0004933,-0.0030811,0.0091242
0.000181,-0.00293,0.0092718,0.0001811,-0.0029321,0.00922
0.000354,-0.001109,0.0091658,0.0003543,-0.00111,0.0091125
0.001035,-0.003284,0.0093008,0.0010357,-0.0032862,0.0092491
0.002908,-0.00021,0.0142808,0.002908,-0.00021,0.0142211
0.003496,-0.000383,0.0138698,0.0034962,-0.000383,0.0138104
7.7e-05,-0.003612,0.0148398,7.7e-05,-0.003612,0.0147799
-0.000257,-0.00335,0.0145728,-0.000257,-0.00335,0.0145129
-0.00022,-0.003514,0.0142468,-0.00022,-0.0035141,0.0141871
0.001081,0.001833,0.0128718,0.0010811,0.0018332,0.0128136
0.001099,0.003391,0.0139558,0.001099,0.0033911,0.0138963
0.001344,0.002934,0.0138478,0.001344,0.0029341,0.0137884
0.001483,0.002641,0.0138918,0.001483,0.0026411,0.0138323
0.001126,0.000948,0.0137718,0.001126,0.000948,0.0137126
-0.002824,-0.001348,0.0085188,-0.0028261,-0.001349,0.0084685
-0.003078,0.00176,0.0139798,-0.0030781,0.0017601,0.0139203
-0.002723,0.00162,0.0139508,-0.0027231,0.00162,0.0138913
-0.001735,0.001934,0.0131348,-0.0017352,0.0019342,0.0130763
-0.002485,0.001588,0.0123688,-0.0024855,0.0015883,0.0123113
-0.000972,0.001208,0.0137928,-0.000972,0.001208,0.0137336
-0.001833,0.000985,0.0131278,-0.0018332,0.0009851,0.0130693
-0.00251,0.001176,0.0124398,-0.0025104,0.0011762,0.0123821
0.001874,0.000354,0.0129898,0.0018742,0.000354,0.0129315
0.003267,0.000155,0.0139598,0.0032671,0.000155,0.0139003
0.002931,-1.9e-05,0.0139118,0.0029311,-1.9e-05,0.0138523
0.001358,-0.000393,0.0136768,0.0013581,-0.000393,0.0136178
0.001969,-0.000373,0.0128488,0.0019692,-0.000373,0.0127906
0.002888,-0.000389,0.0122538,0.0028887,-0.0003891,0.0121965
0.003573,-1.8e-05,0.0135348,0.0035733,-1.8e-05,0.0134758
0.001088,0.003018,0.0141038,0.001088,0.0030181,0.0140441
-0.002905,0.001995,0.0088518,-0.002907,0.0019964,0.008801
-0.001027,-0.003338,0.0137398,-0.0010271,-0.0033382,0.0136805
-0.000815,-0.002992,0.0138778,-0.000815,-0.0029921,0.0138183
-0.000213,-0.001061,0.0137398,-0.000213,-0.001061,0.0136807
-0.000165,-0.002011,0.0129248,-0.000165,-0.0020112,0.0128665
-0.000368,-0.002517,0.0122538,-0.0003681,-0.0025174,0.0121962
-0.00087,-0.002061,0.0131768,-0.0008701,-0.0020612,0.0131183
-0.001032,-0.002667,0.0122048,-0.0010322,-0.0026676,0.0121475
-0.001381,-0.003298,0.0138018,-0.0013811,-0.0032982,0.0137425
-0.003454,-0.000741,0.0091678,-0.0034563,-0.0007415,0.0091164
-0.001286,-0.003264,0.0093068,-0.0012869,-0.0032662,0.0092551
0.001778,0.002994,0.0139088,0.0017781,0.0029941,0.0138493
-0.003441,0.000407,0.0142828,-0.0034411,0.000407,0.014223
-0.001512,-0.001392,0.0127818,-0.0015122,-0.0013922,0.0127237
-0.003032,-0.001406,0.0140488,-0.0030321,-0.001406,0.0139892
-0.002709,-0.001368,0.0138868,-0.0027091,-0.001368,0.0138273
-0.001206,0.003391,0.0089498,-0.0012068,0.0033933,0.0088988
-0.000799,0.003063,0.0089698,-0.0007996,0.0030652,0.0089186
-0.001307,0.003107,0.0088618,-0.0013079,0.0031092,0.0088109
-0.001272,0.003081,0.0092858,-0.0012729,0.0030831,0.0092341
-0.001258,0.002718,0.0092728,-0.0012589,0.0027199,0.009221
0.000356,-0.003267,0.0142078,0.000356,-0.0032671,0.0141481
0.000271,-0.003549,0.0139698,0.000271,-0.0035491,0.0139103
0.00204,-0.001207,0.0128998,0.0020402,-0.0012071,0.0128415
0.003354,-0.000812,0.0139228,0.0033541,-0.000812,0.0138633
0.002746,-0.000967,0.0137568,0.0027461,-0.000967,0.0136975
-0.000435,-0.003131,0.0141628,-0.000435,-0.0031311,0.0141031
0.00317,-0.001269,0.0139228,0.0031701,-0.001269,0.0138633
0.002091,-0.002298,0.0143508,0.002091,-0.002298,0.014291
-0.003118,0.001563,0.0095058,-0.00312,0.001564,0.0094537
-0.000177,0.003585,0.0096408,-0.0001771,0.0035872,0.0095886
0.003139,0.000331,0.0096878,0.003141,0.0003312,0.0096353
0.00355,0.000546,0.0099388,0.0035521,0.0005463,0.009886
-0.003268,-0.000485,0.0115488,-0.0032693,-0.0004852,0.0114931
-0.003537,2.4e-05,0.0137598,-0.0035372,2.4e-05,0.0137005
0.000597,-0.00199,0.0132008,0.000597,-0.0019902,0.0131422
0.000477,-0.002741,0.0121638,0.0004771,-0.0027416,0.0121065
0.000763,-0.003194,0.0139498,0.000763,-0.0031941,0.0138903
0.000734,-0.002892,0.0138588,0.000734,-0.0028921,0.0137994
0.000378,-0.001334,0.0138228,0.000378,-0.001334,0.0137636
0.003239,0.001233,0.0095508,0.0032411,0.0012338,0.0094986
0.000657,-0.003174,0.0089048,0.0006575,-0.0031763,0.0088538
-0.002102,0.002833,0.0149748,-0.002102,0.002833,0.0149148
-0.00198,0.002886,0.0146248,-0.00198,0.002886,0.0145649
0.002554,-0.002214,0.0091578,0.0025557,-0.0022155,0.0091063
0.001655,-0.002888,0.0142418,0.001655,-0.002888,0.0141821
0.003146,-0.000244,0.0140418,0.0031461,-0.000244,0.0139822
0.003542,-0.000394,0.0133868,0.0035424,-0.000394,0.013328
0.000368,-0.003107,0.0146048,0.000368,-0.003107,0.0145449
0.000297,-0.003215,0.0095068,0.0002972,-0.0032171,0.0094546
-0.000132,0.003533,0.0145668,-0.000132,0.003533,0.0145069
-9.9e-05,0.003491,0.0142588,-9.9e-05,0.0034911,0.0141991
0.003166,0.001482,0.0142218,0.0031661,0.001482,0.0141621
0.003088,0.001666,0.0150238,0.003088,0.001666,0.0149638
0.002078,0.002819,0.0095098,0.0020793,0.0028208,0.0094577
0.002106,0.002848,0.0099488,0.0021073,0.0028497,0.0098959
0.002007,0.002388,0.0114468,0.0020078,0.002389,0.0113912
0.001413,0.003014,0.0095478,0.0014139,0.003016,0.0094956
0.001608,0.002708,0.0094608,0.0016091,0.0027098,0.0094087
0.001718,0.003093,0.0098828,0.001719,0.0030949,0.0098301
0.003012,-0.001904,0.0139418,0.0030121,-0.0019041,0.0138823
0.002076,-9.1e-05,0.0108098,0.0020768,-9.1e-05,0.0107542
0.002618,0.000232,0.0116338,0.0026187,0.0002321,0.0115772
0.003211,0.000497,0.0100018,0.0032129,0.0004973,0.0099488
0.002911,0.00047,0.0098768,0.0029128,0.0004703,0.0098239
0.001072,0.001095,0.0100238,0.0010725,0.0010955,0.0099691
0.001926,0.001029,0.0108508,0.0019268,0.0010294,0.0107952
0.002747,0.000978,0.0116018,0.002748,0.0009784,0.0115457
0.000572,0.003389,0.0091428,0.0005724,0.0033913,0.0090914
0.003477,-0.000727,0.0143668,0.0034771,-0.000727,0.014307
0.003095,-0.000646,0.0141988,0.0030951,-0.000646,0.0141391
-0.002967,-0.001903,0.0092658,-0.002969,-0.0019043,0.0092142
-0.002883,-0.001466,0.0093258,-0.0028849,-0.001467,0.009274
-0.003266,-0.001343,0.0092278,-0.0032682,-0.0013439,0.0091763
0.001916,-0.002057,0.0121578,0.0019164,-0.0020575,0.0121005
0.002566,-0.002353,0.0138798,0.0025661,-0.0023531,0.0138203
0.002091,-0.002295,0.0139878,0.0020911,-0.0022951,0.0139282
0.000984,0.003433,0.0096368,0.0009846,0.0034352,0.0095845
0.000296,0.003458,0.0098958,0.0002962,0.0034601,0.009843
0.000473,0.001717,0.0102638,0.0004732,0.0017178,0.0102089
0.000522,0.002457,0.0109388,0.0005222,0.0024581,0.0108835
0.000464,0.00322,0.0116368,0.0004642,0.0032213,0.0115809
-4.4e-05,0.003419,0.0099348,-4.4e-05,0.0034211,0.009882
-0.000256,0.001822,0.0109238,-0.0002561,0.0018225,0.0108676
-0.00013,0.002366,0.0114798,-0.00013,0.0023666,0.0114232
-0.000444,0.003385,0.0099578,-0.0004443,0.003387,0.0099049
-0.003459,0.000815,0.0099148,-0.0034611,0.0008155,0.009862
-0.001733,0.001008,0.0109548,-0.0017335,0.0010083,0.0108988
-0.002623,0.000947,0.0115748,-0.0026239,0.0009473,0.0115185
0.000223,0.00331,0.0091998,0.0002232,0.0033123,0.0091482
0.000573,-0.001934,0.0110038,0.0005732,-0.0019346,0.0109477
0.000515,-0.002653,0.0115738,0.0005152,-0.0026538,0.0115174
-0.000178,-0.003187,0.0098098,-0.0001781,-0.003189,0.0097571
-7.5e-05,-0.002857,0.0100018,-7.51e-05,-0.0028588,0.0099486
0.000694,-0.001322,0.0102208,0.0006943,-0.0013225,0.0101655
-0.000146,-0.001224,0.0101598,-0.000146,-0.0012244,0.0101043
-0.000221,-0.002206,0.0108648,-0.0002211,-0.0022069,0.0108093
-0.000218,-0.002714,0.0115558,-0.0002181,-0.0027149,0.0114995
-9e-05,-0.003517,0.0104918,-9e-05,-0.0035189,0.010438
-0.002115,0.002846,0.0100148,-0.0021162,0.0028477,0.0099618
-0.001805,0.002703,0.0115618,-0.0018057,0.0027041,0.0115061
-0.00279,0.002131,0.0099478,-0.0027917,0.0021323,0.009895
-0.002623,0.001836,0.0116018,-0.002624,0.0018367,0.011546
-0.001765,0.002998,0.0142358,-0.001765,0.0029981,0.0141761
-0.000866,-0.003014,0.0096608,-0.0008666,-0.0030159,0.0096084
-0.000498,-0.003065,0.0096408,-0.0004983,-0.003067,0.0095884
0.000282,0.003476,0.0141258,0.000282,0.0034761,0.0140661
-0.002979,0.001959,0.0149338,-0.002979,0.001959,0.0148738
0.003252,-0.000888,0.0093278,0.0032542,-0.0008886,0.009276
0.003049,-0.000694,0.0096068,0.003051,-0.0006944,0.0095544
-0.003468,-0.000766,0.0139558,-0.0034681,-0.000766,0.0138963
-0.003193,-0.000617,0.0139798,-0.0031931,-0.000617,0.0139202
-0.003506,-0.000731,0.0135738,-0.0035063,-0.0007311,0.0135148
0.003264,0.000503,0.0139118,0.0032641,0.000503,0.0138523
0.003521,0.000402,0.0135248,0.0035213,0.000402,0.0134658
0.003125,0.000807,0.0137978,0.0031251,0.000807,0.0137384
0.002822,0.000786,0.0139268,0.0028221,0.000786,0.0138673
0.001923,0.001021,0.0129578,0.0019232,0.0010211,0.0128995
0.00276,0.001007,0.0122168,0.0027607,0.0010072,0.0121595
-0.002372,-0.002418,0.0100178,-0.0023734,-0.0024194,0.0099648
-0.000954,-0.002112,0.0107698,-0.0009544,-0.0021129,0.0107146
-0.001823,-0.001179,0.0108918,-0.0018237,-0.0011794,0.0108361
-0.001909,-0.00209,0.0116798,-0.0019096,-0.0020907,0.0116234
-0.00253,-0.000496,0.0109088,-0.0025312,-0.0004962,0.0108537
-0.00264,-0.001164,0.0115408,-0.002641,-0.0011644,0.0114847
-0.003493,-0.000277,0.0095398,-0.0034952,-0.0002772,0.0094877
-0.003528,-0.000318,0.0099368,-0.0035301,-0.0003182,0.009884
-0.001756,-0.000363,0.0103088,-0.0017568,-0.0003632,0.0102538
-0.002934,0.001335,0.0138738,-0.0029341,0.001335,0.0138143
-0.003432,0.000856,0.0139678,-0.0034321,0.000856,0.0139083
-0.000131,-0.003147,0.0143408,-0.000131,-0.003147,0.014281
-4.7e-05,-0.003549,0.0139048,-4.7e-05,-0.0035492,0.0138453
0.001619,0.003136,0.0135378,0.0016191,0.0031363,0.0134788
0.002215,0.002729,0.0135288,0.0022152,0.0027292,0.0134698
0.002277,0.00274,0.0131408,0.0022774,0.0027404,0.0130825
0.002727,0.0018,0.0122998,0.0027278,0.0018005,0.0122428
0.001918,0.001693,0.0122798,0.0019183,0.0016933,0.0122221
0.001143,-0.001815,0.0108568,0.0011434,-0.0018157,0.0108012
0.001537,-0.003248,0.0099398,0.0015379,-0.0032499,0.009887
0.001426,-0.002788,0.0099218,0.0014269,-0.0027897,0.0098689
0.003198,0.001412,0.0099668,0.0031999,0.0014128,0.0099139
0.002015,-0.001131,0.0109208,0.0020158,-0.0011315,0.0108653
0.002734,-0.001183,0.0115508,0.002735,-0.0011834,0.0114948
0.003064,-0.001798,0.0099598,0.0030658,-0.0017991,0.0099069
0.002929,-0.001462,0.0098718,0.0029308,-0.0014629,0.009819
0.003236,-0.001454,0.0099898,0.0032379,-0.0014549,0.0099369
-0.002312,-0.00236,0.0139238,-0.0023121,-0.0023601,0.0138643
-0.00165,-0.002087,0.0123768,-0.0016503,-0.0020874,0.0123191
-0.003472,0.000394,0.0139278,-0.0034721,0.000394,0.0138683
-0.00352,0.000441,0.0098858,-0.0035221,0.0004413,0.0098331
-0.003594,9.8e-05,0.0098458,-0.0035962,9.81e-05,0.0097932
-0.003181,-0.000912,0.0142288,-0.0031811,-0.000912,0.0141691
-0.003168,-0.001036,0.0138578,-0.0031681,-0.001036,0.0137984
-0.000305,0.00164,0.0131558,-0.000305,0.0016401,0.0130974
-0.000274,0.002586,0.0123178,-0.000274,0.0025864,0.0122601
-0.00087,0.003335,0.0138808,-0.00087,0.0033351,0.0138213
0.003354,0.000799,0.0098528,0.003356,0.0007995,0.0098001
0.000959,-0.003089,0.0137128,0.000959,-0.0030891,0.0136535
0.002566,0.002402,0.0092198,0.0025677,0.0024036,0.0091683
0.002693,0.002242,0.0095288,0.0026947,0.0022434,0.0094767
-0.002947,-0.001767,0.0139948,-0.0029471,-0.0017671,0.0139352
-0.002126,-0.002833,0.0135518,-0.0021262,-0.0028332,0.0134928
0.002905,0.001989,0.0142548,0.0029051,0.001989,0.0141951
0.002984,0.001976,0.0138698,0.0029841,0.0019761,0.0138104
0.00016,0.003499,0.0095668,0.0001601,0.0035012,0.0095146
0.003059,0.001658,0.0095658,0.0030609,0.0016591,0.0095136
0.003095,0.00173,0.0099218,0.0030968,0.001731,0.009869
-0.001627,-0.002985,0.0137518,-0.0016271,-0.0029851,0.0136925
0.003115,0.000482,0.0134248,0.0031152,0.000482,0.0133659
0.003456,0.000402,0.0131938,0.0034565,0.0004021,0.0131353
0.001622,-0.002942,0.0096348,0.001623,-0.0029439,0.0095825
0.00135,-0.00294,0.0094988,0.0013509,-0.0029419,0.0094467
0.001813,-0.003041,0.0099348,0.0018141,-0.0030428,0.009882
-0.003148,0.001704,0.0099988,-0.0031499,0.001705,0.0099459
-0.000938,-0.003006,0.0135208,-0.0009381,-0.0030062,0.0134617
0.003385,-0.001146,0.0136788,0.0033852,-0.0011461,0.0136196
0.003015,-0.00182,0.0135468,0.0030153,-0.0018202,0.0134878
0.003194,-0.001435,0.0135098,0.0031943,-0.0014351,0.0134508
-0.002413,0.002553,0.0095668,-0.0024145,0.0025546,0.0095146
-0.002862,0.00205,0.0096578,-0.0028638,0.0020513,0.0096055
-0.001599,-0.002774,0.0092918,-0.0016001,-0.0027759,0.00924
-0.001917,-0.002537,0.0092608,-0.0019183,-0.0025387,0.0092091
-0.003044,0.001748,0.0136728,-0.0030442,0.0017481,0.0136136
-0.003569,2.9e-05,0.0134588,-0.0035694,2.9e-05,0.0133999
-0.003521,0.000118,0.0130918,-0.0035216,0.000118,0.0130336
-0.001787,0.000252,0.0130408,-0.0017872,0.000252,0.0129825
-0.002374,0.000267,0.0122898,-0.0023744,0.000267,0.0122321
-0.003507,0.000451,0.0135628,-0.0035073,0.000451,0.0135038
0.00075,0.003491,0.0138968,0.00075,0.0034912,0.0138374
0.001034,0.003389,0.0135698,0.0010341,0.0033893,0.0135108
0.000621,0.003428,0.0135738,0.000621,0.0034283,0.0135147
0.000766,0.003452,0.0132798,0.0007661,0.0034525,0.0132212
0.000512,0.001551,0.0130228,0.000512,0.0015511,0.0129645
0.000537,0.002617,0.0122458,0.0005371,0.0026175,0.0121882
0.001063,0.003067,0.0136888,0.0010631,0.0030672,0.0136295
0.00085,0.003181,0.0130128,0.0008501,0.0031815,0.0129546
-0.001555,0.003162,0.0096348,-0.001556,0.003164,0.0095825
-0.002088,0.002824,0.0095938,-0.0020893,0.0028258,0.0095416
-0.001529,0.003221,0.0100608,-0.0015299,0.0032229,0.0100078
-0.001025,0.001683,0.0108048,-0.0010254,0.0016836,0.010749
-0.001029,0.00252,0.0115498,-0.0010293,0.0025208,0.0114935
-0.001795,0.001742,0.0115308,-0.0017955,0.0017425,0.0114743
-0.001635,0.002679,0.0124648,-0.0016354,0.0026796,0.0124074
0.003272,0.001245,0.0138358,0.0032722,0.0012451,0.0137764
-0.001761,0.000105,0.0123438,-0.0017612,0.000105,0.0122859
-0.000932,0.000256,0.0122888,-0.0009321,0.000256,0.0122309
-0.002546,0.000257,0.0114758,-0.0025468,0.0002571,0.0114194
-0.003473,0.000426,0.0132278,-0.0034735,0.0004261,0.0131693
0.003514,-0.000477,0.0099188,0.0035161,-0.0004773,0.009866
0.00325,-0.000167,0.0097598,0.003252,-0.0001671,0.0097072
0.003134,-0.000443,0.0099058,0.0031359,-0.0004433,0.0098529
0.002913,-0.000231,0.0099748,0.0029148,-0.0002311,0.0099217
0.001104,-0.000574,0.0100848,0.0011044,-0.0005742,0.0100295
0.001888,-0.000467,0.0109118,0.0018886,-0.0004671,0.0108558
0.002635,-0.000332,0.0115798,0.0026358,-0.0003321,0.0115234
0.003482,-0.000474,0.0102988,0.0034839,-0.0004743,0.0102453
0.003557,-0.000334,0.0106948,0.0035588,-0.0003342,0.0106407
-0.001405,-0.00324,0.0135058,-0.0014051,-0.0032403,0.0134468
0.000677,-0.003378,0.0093618,0.0006774,-0.0033802,0.00931
0.003111,0.000129,0.0099888,0.0031129,0.0001291,0.0099358
0.003504,-2.2e-05,0.0104438,0.0035059,-2.2e-05,0.0103901
-0.002538,0.002463,0.0099268,-0.0025395,0.0024645,0.009874
0.001663,-0.003077,0.0138778,0.0016631,-0.0030771,0.0138183
0.001523,-0.003217,0.0135148,0.0015231,-0.0032173,0.0134558
-0.003492,-0.000649,0.0095768,-0.0034942,-0.0006494,0.0095246
-0.001449,-0.002832,0.0134178,-0.0014491,-0.0028322,0.0133589
-0.001089,-0.002592,0.0115758,-0.0010894,-0.0025929,0.0115196
-0.000451,-0.003079,0.0099578,-0.0004513,-0.0030809,0.0099048
-0.002992,0.001392,0.0101148,-0.0029937,0.0013928,0.0100616
-0.002711,0.001157,0.0100228,-0.0027127,0.0011577,0.0099696
-0.001034,0.000965,0.0101248,-0.0010344,0.0009654,0.0100697
-0.00315,0.000816,0.0100138,-0.0031519,0.0008165,0.0099608
-0.003379,0.00098,0.0102518,-0.0033809,0.0009806,0.0101984
0.002366,-0.002198,0.0095298,0.0023676,-0.0021994,0.0094776
0.002513,-0.002288,0.0098648,0.0025145,-0.0022894,0.0098121
0.002004,-0.002198,0.0097978,0.0020053,-0.0021994,0.009745
0.002038,-0.0018,0.0117908,0.0020385,-0.0018005,0.011734
0.002791,0.001584,0.0143038,0.002791,0.001584,0.014244
0.003125,0.001663,0.0138428,0.0031252,0.0016631,0.0137834
-0.001175,0.003374,0.0094098,-0.0011758,0.0033762,0.009358
-0.000827,0.003395,0.0099428,-0.0008275,0.003397,0.00989
-0.001212,0.003205,0.0096828,-0.0012127,0.003207,0.0096304
-0.001355,-0.003277,0.0096538,-0.0013558,-0.003279,0.0096015
-0.002155,-0.002201,0.0099188,-0.0021563,-0.0022024,0.0098659
-0.001837,-0.001971,0.0099838,-0.0018382,-0.0019722,0.0099305
-0.000923,-0.001129,0.0099178,-0.0009235,-0.0011296,0.0098632
-0.002646,-0.001686,0.0099298,-0.0026476,-0.001687,0.0098769
-0.002887,-0.001513,0.0100458,-0.0028887,-0.0015139,0.0099927
-0.002806,-0.002198,0.0102128,-0.0028076,-0.0021992,0.0101595
0.001271,0.003095,0.0134348,0.0012711,0.0030953,0.0133759
0.00024,-0.003531,0.0135788,0.00024,-0.0035313,0.0135197
0.000697,-0.003218,0.0135668,0.000697,-0.0032182,0.0135077
-0.000406,-0.003519,0.0138858,-0.000406,-0.0035192,0.0138263
-7.1e-05,-0.002943,0.0138908,-7.1e-05,-0.0029431,0.0138313
-0.000182,-0.003533,0.0135568,-0.000182,-0.0035333,0.0134978
-0.00027,-0.003174,0.0137378,-0.00027,-0.0031741,0.0136785
-0.00284,0.002097,0.0145848,-0.00284,0.002097,0.0145249
-0.002669,0.002209,0.0142578,-0.002669,0.002209,0.0141981
-0.000966,-0.002004,0.0124008,-0.0009661,-0.0020043,0.0123429
-0.00109,-0.003355,0.0134048,-0.0010901,-0.0033554,0.013346
-0.000887,-0.00306,0.0131378,-0.0008871,-0.0030603,0.0130793
-0.000461,-0.001374,0.0132058,-0.000461,-0.0013741,0.0131473
-0.000399,-0.002018,0.0123378,-0.000399,-0.0020183,0.0122799
-0.001011,-0.001245,0.0129618,-0.0010111,-0.0012451,0.0129036
0.0019,-0.001449,0.0120548,0.0019003,-0.0014492,0.0119973
0.001339,-0.001134,0.0122848,0.0013392,-0.0011341,0.0122269
0.003427,-0.001024,0.0133398,0.0034274,-0.0010241,0.0132811
0.002969,-0.001028,0.0131228,0.0029693,-0.0010281,0.0130643
0.001256,-0.001234,0.0129908,0.0012561,-0.0012341,0.0129325
0.001179,-0.000443,0.0129598,0.0011791,-0.000443,0.0129016
0.001805,-0.000334,0.0122128,0.0018052,-0.000334,0.012155
-0.003021,-0.001332,0.0135958,-0.0030212,-0.0013321,0.0135367
-0.000135,0.003567,0.0138668,-0.000135,0.0035672,0.0138074
0.001113,0.003383,0.0100088,0.0011136,0.003385,0.0099559
0.00145,0.003122,0.0099958,0.0014508,0.0031238,0.0099428
0.001637,0.002686,0.0099578,0.001638,0.0026876,0.0099048
0.001141,0.001911,0.0108968,0.0011414,0.0019117,0.0108412
0.001108,0.00238,0.0114268,0.0011084,0.0023808,0.0113707
0.003376,0.000765,0.0134768,0.0033763,0.0007651,0.0134179
-0.002097,0.002874,0.0142658,-0.002097,0.0028741,0.0142061
-0.00211,0.002839,0.0138638,-0.0021101,0.0028391,0.0138044
0.001432,-0.003252,0.0103188,0.0014328,-0.0032538,0.0102653
0.001648,-0.002683,0.0104518,0.0016489,-0.0026845,0.0103979
0.001768,-0.002983,0.0105938,0.0017689,-0.0029846,0.0105398
0.001253,-0.001196,0.0108208,0.0012533,-0.0011963,0.0107647
0.001207,-0.001833,0.0116228,0.0012072,-0.0018334,0.0115658
-0.003077,0.001265,0.0135738,-0.0030772,0.0012651,0.0135147
-0.003402,0.000866,0.0136118,-0.0034023,0.0008661,0.0135527
0.000704,-0.003215,0.0096828,0.0007044,-0.003217,0.0096303
0.000137,-0.003617,0.0098298,0.0001371,-0.0036192,0.0097772
0.000394,-0.003236,0.0098818,0.0003942,-0.003238,0.009829
0.000203,-0.003559,0.0103078,0.0002031,-0.0035609,0.0102543
0.00306,-0.001104,0.0097848,0.0030619,-0.0011047,0.0097322
0.003266,-0.001382,0.0103218,0.0032678,-0.0013828,0.0102683
0.001229,-0.003364,0.0101118,0.0012297,-0.0033659,0.0100587
-0.002833,0.002137,0.0093208,-0.0028349,0.0021384,0.0092691
0.003035,5e-06,0.0134308,0.0030352,5e-06,0.0133719
0.003489,-2.2e-05,0.0132338,0.0034895,-2.2e-05,0.0131753
0.000389,-0.003275,0.0138848,0.000389,-0.0032751,0.0138253
-0.00132,-0.003194,0.0131548,-0.0013202,-0.0031945,0.0130964
-0.001255,0.003273,0.0138578,-0.0012551,0.0032732,0.0137984
-0.000908,0.003027,0.0140308,-0.000908,0.0030271,0.0139712
-0.000468,0.000931,0.0138818,-0.000468,0.000931,0.0138225
-0.001117,0.001823,0.0129538,-0.0011171,0.0018232,0.0128955
-0.00084,0.003288,0.0134988,-0.0008401,0.0032883,0.0134398
-0.000884,0.00344,0.0132098,-0.0008841,0.0034405,0.0131514
-0.001373,0.003151,0.0142738,-0.001373,0.0031511,0.014214
0.0029,-0.001972,0.0130728,0.0029005,-0.0019723,0.0130146
0.003242,-0.001327,0.0132048,0.0032425,-0.0013272,0.0131464
-0.00198,-0.002866,0.0132158,-0.0019803,-0.0028664,0.0131573
0.003282,-0.00117,0.0094728,0.0032841,-0.0011708,0.0094208
-6.1e-05,-0.003033,0.0103598,-6.1e-05,-0.0030347,0.010306
0.001507,0.002967,0.0132518,0.0015072,0.0029673,0.0131932
0.001402,0.002699,0.0132438,0.0014021,0.0026992,0.0131851
0.001307,0.001128,0.0132758,0.0013071,0.0011281,0.0132172
0.001297,0.001262,0.0123628,0.0012972,0.0012622,0.0123049
0.000998,0.001789,0.0123908,0.0009981,0.0017892,0.0123329
0.001934,0.000241,0.0120528,0.0019342,0.000241,0.0119951
0.00312,0.00047,0.0130878,0.0031204,0.0004701,0.0130294
0.002842,0.000642,0.0131608,0.0028423,0.0006421,0.0131022
0.001252,0.000168,0.0129978,0.0012521,0.000168,0.0129396
0.001796,0.001191,0.0123298,0.0017962,0.0011912,0.0122719
0.00355,0.000416,0.0128498,0.0035508,0.0004161,0.0127921
0.003018,0.001636,0.0102528,0.0030197,0.0016369,0.0101994
0.003075,0.001707,0.0106668,0.0030766,0.0017079,0.0106127
0.001864,0.001752,0.0115498,0.0018645,0.0017525,0.0114933
0.001402,0.001158,0.0110538,0.0014023,0.0011583,0.0109974
0.00186,0.00095,0.0114648,0.0018604,0.0009502,0.011408
0.003234,0.001407,0.0103588,0.0032358,0.0014078,0.0103052
0.001668,0.003175,0.0102268,0.0016689,0.0031768,0.0101735
0.001991,0.002697,0.0104308,0.0019921,0.0026985,0.010377
0.002189,0.002792,0.0106948,0.0021901,0.0027934,0.0106407
-0.002859,-0.00212,0.0134338,-0.0028593,-0.0021202,0.013375
-0.002707,-0.001998,0.0131388,-0.0027074,-0.0019983,0.0130804
-0.002665,-0.001849,0.0136008,-0.0026652,-0.0018491,0.0135416
-0.0019,-0.001158,0.0120348,-0.0019003,-0.0011582,0.0119772
-0.001921,0.001952,0.0122548,-0.0019214,0.0019524,0.0121973
-0.002728,0.002251,0.0130878,-0.0027285,0.0022514,0.0130296
-0.003152,0.001661,0.0131868,-0.0031525,0.0016612,0.0131284
-0.000453,-0.003406,0.0134028,-0.000453,-0.0034063,0.013344
0.000225,0.003541,0.0103438,0.0002251,0.0035429,0.0102902
0.000368,0.003432,0.0106458,0.0003682,0.0034338,0.0105917
0.000528,0.001822,0.0109378,0.0005281,0.0018225,0.0108817
0.000507,0.002474,0.0115698,0.0005071,0.0024747,0.0115132
-0.000167,0.003555,0.0102388,-0.0001671,0.003557,0.0101855
0.001167,-0.001825,0.0123588,0.0011671,-0.0018252,0.0123009
0.000257,-0.003536,0.0131508,0.000257,-0.0035366,0.0130925
0.000718,-0.003154,0.0132478,0.0007181,-0.0031543,0.0131892
0.000506,-0.001241,0.0129428,0.0005061,-0.0012411,0.0128846
0.000353,-0.002024,0.0124258,0.000353,-0.0020243,0.0123679
0.003198,9e-05,0.0103208,0.0031998,9.01e-05,0.0102672
0.003575,6.4e-05,0.0107508,0.0035768,6.4e-05,0.0106966
-0.003482,0.00039,0.0103738,-0.0034839,0.0003902,0.0103202
-0.00304,0.000525,0.0103558,-0.0030417,0.0005253,0.010302
-0.002696,0.000402,0.0104048,-0.0026975,0.0004022,0.0103507
-0.001688,0.000217,0.0108868,-0.0016884,0.0002171,0.0108306
-0.001004,9.9e-05,0.0109198,-0.0010041,9.9e-05,0.0108633
-0.001786,-0.000465,0.0110328,-0.0017864,-0.0004651,0.0109765
-0.00175,0.000109,0.0117098,-0.0017502,0.000109,0.0116525
-0.002296,-0.000597,0.0114618,-0.0022966,-0.0005972,0.0114052
-0.003059,0.000532,0.0107488,-0.0030606,0.0005323,0.0106943
-0.00334,0.000471,0.0106798,-0.0033417,0.0004713,0.0106256
0.002496,0.002408,0.0139328,0.0024961,0.0024081,0.0138733
0.002587,0.002369,0.0136038,0.0025872,0.0023692,0.0135447
-0.003524,-0.000335,0.0135008,-0.0035243,-0.000335,0.0134419
-0.003553,-0.000267,0.0131128,-0.0035536,-0.000267,0.0130546
-0.002923,0.001955,0.0102708,-0.0029246,0.0019561,0.0102174
-0.002762,0.002173,0.0105858,-0.0027634,0.0021741,0.0105318
-0.003121,0.001638,0.0103178,-0.0031227,0.0016389,0.0102643
-0.002364,-0.002577,0.0135378,-0.0023642,-0.0025772,0.0134788
0.002508,-0.002373,0.0134698,0.0025082,-0.0023732,0.0134109
-0.00048,0.00351,0.0133218,-0.0004801,0.0035104,0.0132631
-0.001642,-0.002763,0.0096418,-0.0016431,-0.0027648,0.0095894
-0.00308,-0.000282,0.0100628,-0.0030818,-0.0002822,0.0100096
-0.002504,-8.7e-05,0.0100138,-0.0025056,-8.71e-05,0.0099604
-0.000971,-0.000337,0.0102178,-0.0009712,-0.0003371,0.010162
-0.001112,-0.000355,0.0093498,-0.0011128,-0.0003552,0.009296
-0.003449,-0.000836,0.0098868,-0.0034511,-0.0008365,0.0098341
-0.003386,-0.000204,0.0104658,-0.0033878,-0.0002041,0.010412
-0.003583,-0.000318,0.0106588,-0.0035849,-0.0003182,0.0106048
0.00286,0.001386,0.0140018,0.0028601,0.001386,0.0139422
-0.000439,-0.003538,0.0101938,-0.0004392,-0.00354,0.0101405
-0.000561,-0.003163,0.0102658,-0.0005613,-0.0031648,0.0102123
0.000664,-0.003262,0.0099918,0.0006644,-0.003264,0.0099388
-0.003099,0.001286,0.0132128,-0.0030994,0.0012862,0.0131543
-0.002791,0.00132,0.0131288,-0.0027913,0.0013201,0.0130703
-0.001067,0.001123,0.0130038,-0.0010671,0.0011231,0.0129455
-0.001729,0.000908,0.0123828,-0.0017292,0.0009081,0.0123249
-0.003467,0.000889,0.0131968,-0.0034675,0.0008891,0.0131384
0.003211,-0.000358,0.0134168,0.0032113,-0.000358,0.0133579
0.001801,0.00302,0.0132078,0.0018013,0.0030204,0.0131493
0.000438,0.001644,0.0122998,0.0004381,0.0016442,0.0122419
-0.003124,-0.001258,0.0132898,-0.0031243,-0.0012581,0.0132311
-0.002716,-0.00136,0.0132868,-0.0027162,-0.0013601,0.013228
0.0034,-0.000718,0.0135678,0.0034003,-0.0007181,0.0135087
0.003272,-0.000712,0.0131978,0.0032724,-0.0007121,0.0131392
6.4e-05,-0.002881,0.0135318,6.4e-05,-0.0028812,0.0134727
-0.000118,-0.003522,0.0132198,-0.000118,-0.0035225,0.0131613
-0.00228,-0.002469,0.0104158,-0.0022812,-0.0024704,0.0103621
0.000346,-0.003208,0.0102618,0.0003462,-0.0032098,0.0102083
0.000303,-0.003554,0.0106028,0.0003032,-0.0035559,0.0105488
0.003145,0.000454,0.0103778,0.0031468,0.0004543,0.0103241
0.003544,0.000464,0.0106668,0.0035458,0.0004642,0.0106127
-0.002865,0.002034,0.0139448,-0.0028651,0.0020341,0.0138853
-0.002899,0.001972,0.0134238,-0.0028993,0.0019722,0.013365
0.000334,-0.003192,0.0135598,0.000334,-0.0031922,0.0135007
0.003257,-0.000358,0.0105418,0.0032587,-0.0003582,0.0104878
0.002615,0.002343,0.0099368,0.0026166,0.0023444,0.0098839
0.003067,-0.00175,0.0103408,0.0030687,-0.001751,0.0102873
-0.000856,0.003455,0.0103158,-0.0008565,0.0034569,0.0102623
-0.000537,0.003449,0.0103398,-0.0005373,0.0034509,0.0102863
-0.001226,0.003331,0.0133458,-0.0012261,0.0033314,0.0132871
-0.001031,0.002912,0.0133878,-0.0010311,0.0029122,0.0133289
-0.001265,0.003052,0.0135438,-0.0012651,0.0030522,0.0134847
-0.001281,0.00301,0.0132218,-0.0012811,0.0030103,0.0131632
-0.001255,0.002631,0.0132338,-0.0012551,0.0026312,0.0131751
-0.00093,0.001688,0.0120428,-0.0009301,0.0016882,0.0119851
0.001142,0.003362,0.0132158,0.0011422,0.0033625,0.0131574
0.001071,0.003057,0.0131368,0.0010711,0.0030574,0.0130783
0.001064,0.003365,0.0125788,0.0010643,0.0033659,0.0125215
0.001091,0.003018,0.0095778,0.0010917,0.00302,0.0095255
0.000693,0.003445,0.0099258,0.0006934,0.0034471,0.009873
0.001161,0.003035,0.0099398,0.0011617,0.0030368,0.0098869
0.001139,0.003356,0.0103478,0.0011396,0.0033578,0.0102943
-0.002979,-0.00117,0.0095068,-0.002981,-0.0011708,0.0094546
-0.00162,0.003162,0.0139398,-0.0016201,0.0031621,0.0138803
0.002935,0.002013,0.0132168,0.0029354,0.0020133,0.0131584
0.002671,0.002307,0.0131268,0.0026714,0.0023074,0.0130685
-0.003094,0.00124,0.0103838,-0.0030957,0.0012407,0.0103301
-0.00161,-0.003011,0.0131208,-0.0016102,-0.0030114,0.0130624
0.003233,0.001421,0.0135598,0.0032333,0.0014211,0.0135008
-0.002106,-0.002485,0.0134138,-0.0021062,-0.0024852,0.0133549
-0.002223,-0.002169,0.0133738,-0.0022232,-0.0021692,0.0133149
-0.002439,-0.002474,0.0132598,-0.0024393,-0.0024743,0.0132012
0.002969,-0.001375,0.0103058,0.0029707,-0.0013758,0.0102522
0.002914,-0.001284,0.0107658,0.0029155,-0.0012846,0.0107114
0.001865,-0.001205,0.0115088,0.0018654,-0.0012053,0.011452
0.003261,-0.000789,0.0103248,0.0032628,-0.0007894,0.0102712
0.003164,-0.001472,0.0106468,0.0031656,-0.0014728,0.0105927
0.003282,0.001048,0.0131888,0.0032824,0.0010481,0.0131303
-0.003196,-0.000661,0.0100288,-0.0031979,-0.0006614,0.0099757
-0.001432,-0.003244,0.0127698,-0.0014323,-0.0032448,0.0127122
0.000217,-0.003575,0.0127938,0.000217,-0.0035758,0.0127362
0.000826,-0.003292,0.0128298,0.0008262,-0.0032926,0.0127719
0.003212,-0.001401,0.0128288,0.0032127,-0.0014013,0.012771
0.003044,-0.001005,0.0127698,0.0030446,-0.0010052,0.0127119
-0.003451,-0.000362,0.0127368,-0.0034518,-0.0003621,0.0126792
-0.003526,-0.000242,0.0124328,-0.0035271,-0.0002421,0.0123758
-0.001947,-0.000443,0.0120748,-0.0019473,-0.0004431,0.0120171
-0.003591,-0.0,0.0127508,-0.0035919,-0.0,0.0126933
0.002115,-0.002339,0.0136158,0.0021151,-0.0023391,0.0135566
-8.7e-05,0.003495,0.0133658,-8.7e-05,0.0034954,0.013307
0.001097,0.003381,0.0129368,0.0010972,0.0033817,0.0128789
0.001471,0.002903,0.0129368,0.0014712,0.0029035,0.0128787
0.000726,0.003448,0.0128188,0.0007262,0.0034488,0.0127611
0.001088,0.003005,0.0127408,0.0010882,0.0030056,0.012683
-3.1e-05,0.003492,0.0106798,-3.1e-05,0.0034938,0.0106256
0.001784,-0.00301,0.0134728,0.0017842,-0.0030103,0.0134139
-0.003115,-0.000713,0.0095878,-0.003117,-0.0007135,0.0095355
0.003038,-0.001779,0.0127758,0.0030387,-0.0017794,0.0127182
0.002996,-0.001843,0.0124268,0.0029969,-0.0018436,0.0123698
-0.002845,-0.002055,0.0105168,-0.0028465,-0.0020561,0.0104629
-0.003154,-0.001279,0.0107188,-0.0031556,-0.0012797,0.0106646
-0.001102,-0.001293,0.0107958,-0.0011023,-0.0012933,0.0107397
-0.001776,-0.001235,0.0114568,-0.0017764,-0.0012352,0.0114
-0.000824,-0.002048,0.0117188,-0.0008241,-0.0020484,0.0116616
-0.003427,0.00092,0.0106798,-0.0034288,0.0009205,0.0106257
-0.00191,0.000877,0.0115958,-0.0019103,0.0008772,0.0115388
-0.000856,-0.003069,0.0100168,-0.0008565,-0.0030708,0.0099637
-0.001371,-0.003217,0.0099828,-0.0013718,-0.0032189,0.0099299
-0.003121,-0.000724,0.0135268,-0.0031212,-0.000724,0.0134677
-0.002845,0.002051,0.0128188,-0.0028456,0.0020514,0.0127611
-0.002866,0.002074,0.0124418,-0.0028669,0.0020746,0.0123848
-0.003238,0.001553,0.0127998,-0.0032388,0.0015534,0.0127422
-0.003582,8.3e-05,0.0101918,-0.003584,8.3e-05,0.0101385
-0.00297,8.2e-05,0.0103118,-0.0029717,8.2e-05,0.0102581
-0.003566,0.000241,0.0107438,-0.0035678,0.0002411,0.0106896
-0.000283,-0.001937,0.0114528,-0.000283,-0.0019373,0.0113959
-0.000485,-0.00322,0.0107028,-0.0004852,-0.0032217,0.0106485
-0.00033,-0.002759,0.0106268,-0.0003302,-0.0027604,0.0105724
-0.000235,-0.001183,0.0108568,-0.000235,-0.0011832,0.0108004
0.000802,-0.003316,0.0103008,0.0008024,-0.0033179,0.0102473
0.003032,0.001916,0.0102728,0.0030337,0.0019171,0.0102194
-0.001391,-0.002888,0.0127818,-0.0013912,-0.0028885,0.0127239
-0.00171,-0.003017,0.0124688,-0.0017105,-0.0030179,0.0124117
-0.000891,-0.00122,0.0122688,-0.0008911,-0.0012201,0.0122109
-0.002043,-0.002859,0.0128838,-0.0020434,-0.0028596,0.012826
-0.003496,-0.000705,0.0132538,-0.0034965,-0.0007051,0.0131953
-0.001555,0.003183,0.0135248,-0.0015551,0.0031833,0.0134658
0.003247,0.0014,0.0107028,0.0032487,0.0014007,0.0106486
0.001812,0.003002,0.0128478,0.0018124,0.0030026,0.01279
0.002167,0.002736,0.0127678,0.0021675,0.0027366,0.0127102
0.002059,0.002878,0.0124818,0.0020596,0.0028788,0.0124247
-0.002804,-0.002156,0.0128148,-0.0028046,-0.0021565,0.0127571
0.001493,-0.003207,0.0106758,0.0014938,-0.0032086,0.0106217
0.001352,0.003212,0.0102558,0.0013527,0.0032138,0.0102024
-0.003253,-0.001366,0.0098858,-0.0032549,-0.0013668,0.0098331
-0.002895,-0.001796,0.0095538,-0.0028968,-0.0017971,0.0095016
0.003141,0.000803,0.0103258,0.0031428,0.0008035,0.0102722
0.001169,-0.003256,0.0104278,0.0011696,-0.0032578,0.0103741
0.003168,0.00011,0.0131218,0.0031684,0.00011,0.0130633
0.003582,5.6e-05,0.0128208,0.0035828,5.6e-05,0.0127631
0.003295,0.0006,0.0128798,0.0032956,0.0006001,0.0128218
0.003504,0.000441,0.0124308,0.003505,0.0004411,0.0123738
0.001709,0.003033,0.0105958,0.0017099,0.0030346,0.0105418
0.000215,0.003467,0.0135828,0.000215,0.0034673,0.0135237
0.000284,0.003504,0.0132158,0.000284,0.0035045,0.0131573
0.001302,0.002884,0.0105308,0.0013027,0.0028856,0.0104768
0.001415,0.002642,0.0107048,0.0014157,0.0026434,0.0106504
0.001085,0.001694,0.0114798,0.0010852,0.0016943,0.0114229
0.001765,0.002719,0.0107318,0.0017659,0.0027204,0.0106774
0.001893,0.002973,0.0109808,0.0018939,0.0029744,0.0109262
0.001462,-0.003294,0.0131988,0.0014622,-0.0032945,0.0131404
0.000964,-0.003288,0.0131828,0.0009641,-0.0032884,0.0131243
0.001788,0.000246,0.0114698,0.0017883,0.000246,0.0114128
0.003063,5.9e-05,0.0106108,0.0030646,5.9e-05,0.0105566
0.001165,0.000297,0.0109238,0.0011652,0.000297,0.0108673
0.000936,-0.000307,0.0109628,0.0009361,-0.000307,0.0109062
0.001809,-0.000484,0.0115888,0.0018093,-0.0004841,0.0115316
0.003498,7.5e-05,0.0112238,0.0034996,7.5e-05,0.0111687
0.002974,-0.001897,0.0107188,0.0029755,-0.001898,0.0106646
0.003257,-0.000767,0.0099648,0.003259,-0.0007674,0.0099119
0.000448,-0.003585,0.0129278,0.0004481,-0.0035858,0.01287
-7.7e-05,-0.003567,0.0128278,-7.7e-05,-0.0035678,0.0127701
-4.9e-05,-0.003524,0.0124938,-4.9e-05,-0.003525,0.0124367
0.000388,-0.003262,0.0128488,0.0003881,-0.0032626,0.0127908
0.00028,-0.003584,0.0124418,0.0002801,-0.0035851,0.0123848
0.000366,-0.003273,0.0132178,0.000366,-0.0032734,0.0131592
-0.001599,0.003147,0.0131038,-0.0015993,0.0031475,0.0130456
-0.000853,-0.00308,0.0107208,-0.0008534,-0.0030816,0.0106664
-0.000209,-0.003155,0.0130638,-0.000209,-0.0031554,0.0130054
0.00206,-0.002466,0.0101608,0.0020612,-0.0024674,0.0101075
0.000665,0.003411,0.0103588,0.0006654,0.0034129,0.0103052
-0.00281,-0.001798,0.0102598,-0.0028116,-0.001799,0.0102063
-0.003072,-0.001257,0.0104438,-0.0030737,-0.0012577,0.01039
0.003548,-0.000339,0.0128468,0.0035488,-0.0003391,0.0127891
-0.002027,0.002851,0.0103068,-0.0020281,0.0028526,0.0102533
-0.002494,0.002464,0.0103368,-0.0024954,0.0024654,0.0102833
0.003113,0.000163,0.0126118,0.0031136,0.000163,0.0125541
0.003509,0.000131,0.0125238,0.00351,0.000131,0.0124666
0.003575,-0.000213,0.0110108,0.0035767,-0.0002131,0.0109561
0.003516,-0.000292,0.0113818,0.0035175,-0.0002921,0.0113265
0.003008,5.8e-05,0.0110998,0.0030094,5.8e-05,0.0110447
0.003548,0.000442,0.0110728,0.0035497,0.0004422,0.0110181
-0.000416,0.003474,0.0106908,-0.0004162,0.0034758,0.0106366
0.001458,-0.003266,0.0110638,0.0014587,-0.0032676,0.0110091
0.001521,-0.003188,0.0113678,0.0015217,-0.0031894,0.0113125
0.000548,-0.002024,0.0116818,0.0005481,-0.0020243,0.0116246
0.001107,-0.001234,0.0115098,0.0011071,-0.0012342,0.0114527
0.001554,-0.002907,0.0110338,0.0015547,-0.0029084,0.010979
-0.001679,-0.002728,0.0100618,-0.00168,-0.0027296,0.0100087
0.003097,0.001652,0.0134938,0.0030973,0.0016522,0.0134349
0.003243,0.000332,0.0107468,0.0032447,0.0003322,0.0106924
0.00324,0.000427,0.0111238,0.0032415,0.0004272,0.0110688
0.00348,0.000503,0.0113798,0.0034815,0.0005032,0.0113245
0.003302,0.000797,0.0106608,0.0033037,0.0007974,0.0106066
-0.003131,0.00163,0.0106438,-0.0031326,0.0016308,0.0105897
-0.00041,0.001864,0.0121118,-0.00041,0.0018642,0.0120541
-0.003509,0.000748,0.0109528,-0.0035107,0.0007484,0.0108983
-0.000861,-0.00337,0.0128368,-0.0008612,-0.0033707,0.012779
0.002561,0.002424,0.0127618,0.0025616,0.0024246,0.0127042
-5.5e-05,-0.003549,0.0109728,-5.5e-05,-0.0035507,0.0109182
-0.000436,-0.003202,0.0110098,-0.0004362,-0.0032035,0.010955
-0.000817,0.003345,0.0128448,-0.0008172,0.0033457,0.012787
0.002433,0.002233,0.0102608,0.0024344,0.0022343,0.0102073
-0.001142,0.003406,0.0100258,-0.0011427,0.003408,0.0099728
-0.000685,0.002941,0.0099598,-0.0006854,0.0029428,0.0099068
-0.000849,0.002625,0.0099968,-0.0008495,0.0026267,0.0099436
-0.000291,0.000991,0.0101498,-0.0002911,0.0009912,0.0100942
-0.001259,0.003092,0.0099728,-0.0012598,0.0030939,0.0099199
-0.001299,0.003142,0.0103338,-0.0012997,0.0031437,0.0102802
-0.003558,0.000373,0.0128238,-0.0035588,0.0003731,0.0127661
0.000297,0.003523,0.0110058,0.0002971,0.0035247,0.0109511
0.000274,0.003491,0.0114018,0.0002741,0.0034925,0.0113465
0.000505,0.001764,0.0115738,0.0005051,0.0017642,0.0115167
-0.000243,0.001692,0.0115778,-0.000243,0.0016922,0.0115206
-8e-05,0.003535,0.0111188,-8.01e-05,0.0035366,0.0110639
0.003204,0.001374,0.0131978,0.0032044,0.0013742,0.0131393
0.00332,0.001339,0.0128928,0.0033207,0.0013393,0.012835
-0.002506,0.002542,0.0142628,-0.0025061,0.0025421,0.0142031
0.00288,0.002055,0.0106488,0.0028815,0.0020561,0.0105947
0.00308,0.001868,0.0109798,0.0030815,0.0018689,0.0109252
0.002865,0.002052,0.0112828,0.0028663,0.0020529,0.0112277
0.00035,-0.003216,0.0106748,0.0003502,-0.0032177,0.0106206
0.000225,-0.002943,0.0105508,0.0002251,-0.0029446,0.0104966
0.000587,-0.001109,0.0109178,0.0005871,-0.0011092,0.0108613
0.00025,-0.003595,0.0109668,0.0002501,-0.0035967,0.0109122
0.000191,-0.003523,0.0113118,0.0001911,-0.0035246,0.0112566
-0.001267,-0.003054,0.0124508,-0.0012673,-0.0030548,0.0123936
0.003324,-0.000666,0.0127918,0.0033247,-0.0006661,0.012734
-0.003162,0.001443,0.0124228,-0.0031629,0.0014434,0.0123658
0.001016,-0.003411,0.0107058,0.0010165,-0.0034127,0.0106516
0.001458,-0.002857,0.0106288,0.0014588,-0.0028585,0.0105746
-0.002281,-0.002445,0.0107678,-0.0022822,-0.0024462,0.0107134
0.003175,-0.001348,0.0110928,0.0031765,-0.0013486,0.011038
-0.002922,-0.001635,0.0107198,-0.0029235,-0.0016358,0.0106655
-0.002789,-0.002097,0.0109068,-0.0027904,-0.002098,0.0108523
0.002186,0.002847,0.0110068,0.002187,0.0028484,0.0109522
0.002111,0.002817,0.0113548,0.0021119,0.0028182,0.0112996
0.001467,-0.003253,0.0128428,0.0014673,-0.0032537,0.0127851
0.0011,-0.003123,0.0128998,0.0011002,-0.0031235,0.0128418
-0.003535,0.000385,0.0110278,-0.0035367,0.0003852,0.0109731
-0.003565,0.000486,0.0112998,-0.0035666,0.0004862,0.0112447
0.000971,0.003442,0.0106558,0.0009715,0.0034438,0.0106017
0.000676,0.003449,0.0106568,0.0006763,0.0034508,0.0106027
0.002807,-4.3e-05,0.0123648,0.0028075,-4.3e-05,0.0123072
0.001165,0.000173,0.0124018,0.0011651,0.000173,0.0123439
0.001217,-0.000467,0.0122408,0.0012171,-0.0004671,0.0121829
0.003491,-0.000258,0.0125418,0.0034919,-0.0002581,0.0124846
0.003515,0.000174,0.0121198,0.0035162,0.0001741,0.0120633
0.003172,-0.000894,0.0125568,0.0031728,-0.0008942,0.0124994
0.003172,-0.001221,0.0125938,0.0031728,-0.0012213,0.0125364
0.000653,-0.00342,0.0106378,0.0006533,-0.0034218,0.0105837
0.001806,-0.002754,0.0130438,0.0018063,-0.0027544,0.0129855
-0.002454,0.00245,0.0130348,-0.0024544,0.0024504,0.0129766
0.002132,-0.002357,0.0106898,0.0021331,-0.0023582,0.0106355
-0.003019,0.001545,0.0110078,-0.0030204,0.0015457,0.0109531
-0.003463,0.000923,0.0128408,-0.0034638,0.0009232,0.0127831
-0.002492,0.00246,0.0139278,-0.0024921,0.0024601,0.0138683
-0.002525,0.002421,0.0107128,-0.0025263,0.0024222,0.0106586
-0.002437,0.002595,0.0110688,-0.0024381,0.0025962,0.011014
-0.002933,0.001989,0.0109268,-0.0029344,0.00199,0.0108723
-0.002909,0.001955,0.0113138,-0.0029103,0.0019559,0.0112586
-0.001101,0.001788,0.0116288,-0.0011012,0.0017883,0.0115717
-0.003164,0.001286,0.0128588,-0.0031646,0.0012863,0.0128009
0.003082,-0.000281,0.0127338,0.0030825,-0.000281,0.0126759
-0.003557,-0.000703,0.0128318,-0.0035578,-0.0007032,0.0127742
-0.003501,-0.000652,0.0123988,-0.0035021,-0.0006522,0.0123419
-0.001866,-0.000638,0.0113988,-0.0018663,-0.0006381,0.011342
0.000741,-0.00321,0.0124628,0.0007412,-0.0032108,0.0124055
0.000664,-0.00288,0.0124548,0.0006641,-0.0028806,0.0123972
0.000387,-0.001348,0.0124058,0.0003871,-0.0013482,0.0123479
-0.002797,-0.002021,0.0124648,-0.0027978,-0.0020216,0.0124077
0.003082,-0.001103,0.0105518,0.0030836,-0.0011036,0.0104978
0.001716,0.003041,0.0124348,0.0017165,0.0030419,0.0123778
-0.001694,0.003148,0.0103158,-0.0016949,0.0031497,0.0102623
0.00298,0.001938,0.0135368,0.0029803,0.0019382,0.0134778
0.000686,0.003281,0.0125258,0.0006862,0.0032818,0.0124685
-0.002965,-0.00113,0.0127068,-0.0029656,-0.0011302,0.012649
-0.003147,-0.001026,0.0098948,-0.0031489,-0.0010266,0.009842
-0.0012,-0.003292,0.0109208,-0.0012006,-0.0032936,0.0108663
-0.002603,0.002359,0.0123768,-0.0026038,0.0023597,0.0123199
-0.002011,0.002347,0.0125368,-0.0020114,0.0023475,0.0124792
-0.000916,0.00091,0.0124378,-0.0009161,0.0009101,0.0123798
-0.001636,-0.002749,0.0104428,-0.0016369,-0.0027505,0.010389
-0.001892,-0.002558,0.0103828,-0.0018931,-0.0025594,0.010329
-0.002404,-0.002405,0.0128878,-0.0024045,-0.0024055,0.0128299
-0.002163,-0.00224,0.0127858,-0.0021634,-0.0022404,0.0127278
-0.002664,-0.001743,0.0129628,-0.0026644,-0.0017433,0.0129046
0.00256,-0.00221,0.0127448,0.0025605,-0.0022105,0.0126871
0.002034,-0.002167,0.0128168,0.0020343,-0.0021673,0.0127587
-3.2e-05,-0.002999,0.0127418,-3.2e-05,-0.0029995,0.0126838
-0.000817,0.003481,0.0105948,-0.0008174,0.0034828,0.0105408
-0.000802,-0.003364,0.0109808,-0.0008024,-0.0033656,0.0109261
-6.6e-05,-0.003156,0.0110078,-6.6e-05,-0.0031575,0.0109529
-0.000204,-0.003541,0.0113098,-0.0002041,-0.0035426,0.0112546
0.003343,0.000996,0.0127628,0.0033438,0.0009962,0.0127052
-0.000867,-0.003272,0.0124608,-0.0008672,-0.0032729,0.0124036
0.003304,-0.000191,0.0111328,0.0033055,-0.0001911,0.0110778
-0.003463,0.000849,0.0113678,-0.0034645,0.0008494,0.0113126
-7.7e-05,-0.003209,0.0106778,-7.7e-05,-0.0032107,0.0106235
0.002062,-0.002523,0.0129858,0.0020623,-0.0025234,0.0129276
0.002808,-0.001994,0.0110308,0.0028093,-0.0019949,0.0109761
-0.001186,0.003354,0.0129628,-0.0011862,0.0033547,0.0129048
-0.000477,0.00346,0.0128028,-0.0004771,0.0034608,0.0127451
-0.000768,0.002897,0.0128658,-0.0007681,0.0028974,0.0128076
-0.000868,0.003146,0.0124088,-0.0008682,0.0031468,0.0123516
-0.001217,0.003047,0.0128638,-0.0012172,0.0030475,0.0128058
0.003169,0.001486,0.0110548,0.0031705,0.0014867,0.011
0.002826,0.001522,0.0110038,0.0028273,0.0015227,0.010949
0.002955,0.001995,0.0124548,0.0029559,0.0019956,0.0123978
0.002373,0.002585,0.0124368,0.0023737,0.0025858,0.0123798
0.003536,0.00066,0.0126648,0.0035369,0.0006602,0.0126075
0.003235,0.000572,0.0125698,0.0032358,0.0005721,0.0125123
0.00353,0.000548,0.0120648,0.0035313,0.0005482,0.0120085
0.00334,0.000924,0.0124398,0.003341,0.0009243,0.0123827
0.002913,0.000811,0.0125078,0.0029136,0.0008112,0.0124502
0.003302,-0.001084,0.0113548,0.0033034,-0.0010845,0.0112995
-0.000508,0.003467,0.0111338,-0.0005082,0.0034686,0.0110789
0.000399,-0.003275,0.0124498,0.0003991,-0.0032759,0.0123925
0.000277,-0.003586,0.0121208,0.0002771,-0.0035872,0.0120644
-0.001545,0.003166,0.0127268,-0.0015454,0.0031668,0.0126693
-0.003491,7.1e-05,0.0124088,-0.003492,7.1e-05,0.0123518
0.002937,0.002008,0.0128168,0.0029377,0.0020085,0.0127591
-7.5e-05,0.003519,0.0128598,-7.5e-05,0.0035197,0.012802
0.000273,0.003455,0.0126958,0.0002731,0.0034558,0.0126382
-0.003048,0.001299,0.0107168,-0.0030496,0.0012997,0.0106625
-0.002671,0.001307,0.0106818,-0.0026724,0.0013077,0.0106274
-0.000839,0.000819,0.0108118,-0.0008391,0.0008191,0.0107554
-0.003265,0.001055,0.0110098,-0.0032666,0.0010555,0.0109551
0.003137,-0.000215,0.0123758,0.0031378,-0.0002151,0.0123185
0.003464,-0.000278,0.0120648,0.0034652,-0.0002781,0.0120084
-0.001251,-0.002958,0.0102778,-0.0012517,-0.0029597,0.0102242
-0.000831,-0.003359,0.0103158,-0.0008315,-0.0033609,0.0102623
0.001823,-0.003009,0.0128198,0.0018234,-0.0030097,0.0127621
0.000829,-0.003363,0.0109978,0.0008294,-0.0033646,0.0109431
-0.002958,-0.001167,0.0111658,-0.0029593,-0.0011675,0.0111107
-0.000564,0.00344,0.0124158,-0.0005642,0.003441,0.0123588
0.001022,-0.003151,0.0109638,0.0010225,-0.0031525,0.0109091
0.003509,-0.000675,0.0106618,0.0035108,-0.0006753,0.0106077
0.003176,-0.000779,0.0106868,0.0031776,-0.0007794,0.0106325
-0.000157,0.003524,0.0114278,-0.0001571,0.0035255,0.0113724
-0.002841,-0.002243,0.0112268,-0.0028423,-0.002244,0.0111718
0.00315,-0.000379,0.0112658,0.0031514,-0.0003792,0.0112105
0.00291,-0.000118,0.0114348,0.0029111,-0.000118,0.011379
0.001069,-0.00036,0.0115898,0.0010691,-0.00036,0.0115325
0.001155,0.000115,0.0116378,0.0011551,0.000115,0.0115805
0.003563,-0.000221,0.0117398,0.0035644,-0.0002211,0.011684
-0.00259,0.002316,0.0134758,-0.0025902,0.0023162,0.0134169
-0.000778,-0.003418,0.0113658,-0.0007783,-0.0034195,0.0113105
-0.00088,-0.002799,0.0114168,-0.0008803,-0.0028001,0.011361
-0.000226,-0.001142,0.0115708,-0.000226,-0.0011421,0.0115136
-0.001015,-0.001216,0.0116188,-0.0010151,-0.0012162,0.0115615
0.003313,0.000903,0.0113498,0.0033145,0.0009034,0.0112945
0.00171,0.003083,0.0112898,0.0017108,0.0030844,0.0112347
0.001029,-0.003188,0.0125808,0.0010293,-0.0031888,0.0125234
0.001429,0.003142,0.0126328,0.0014294,0.0031428,0.0125754
0.001521,0.002684,0.0124188,0.0015213,0.0026846,0.0123614
0.001176,0.003034,0.0124408,0.0011763,0.0030348,0.0123835
0.000941,0.003428,0.0122108,0.0009413,0.0034291,0.0121542
0.002978,-0.001866,0.0113448,0.0029793,-0.0018668,0.0112896
0.002911,-0.001361,0.0113258,0.0029123,-0.0013616,0.0112704
0.003195,-0.001492,0.0114348,0.0031964,-0.0014926,0.0113794
0.001899,-0.002841,0.0113188,0.0018998,-0.0028422,0.0112636
-0.003488,8.6e-05,0.0109728,-0.0034897,8.6e-05,0.0109182
-0.001534,0.003196,0.0106968,-0.0015348,0.0031976,0.0106426
0.002192,0.002795,0.0121098,0.0021928,0.002796,0.0120534
0.002573,0.002415,0.0121558,0.0025739,0.0024158,0.0120993
-0.002818,0.001259,0.0124558,-0.0028186,0.0012593,0.0123983
-0.003424,0.000888,0.0125068,-0.003425,0.0008883,0.0124497
0.000733,-0.003259,0.0121228,0.0007332,-0.0032601,0.0120662
-0.003502,0.000388,0.0124908,-0.003503,0.0003881,0.0124337
0.002312,-0.002489,0.0112858,0.002313,-0.0024901,0.0112306
-0.002035,-0.002831,0.0124558,-0.0020356,-0.0028318,0.0123987
0.002567,0.002397,0.0106448,0.0025683,0.0023983,0.0105907
-0.000477,-0.003348,0.0112838,-0.0004772,-0.0033495,0.0112286
-0.003058,-0.001297,0.0124428,-0.0030588,-0.0012973,0.0123856
-0.002692,-0.001299,0.0124528,-0.0026926,-0.0012993,0.0123952
-0.003158,-0.001264,0.0121348,-0.0031591,-0.0012644,0.0120782
0.001077,0.003445,0.0109848,0.0010775,0.0034467,0.0109302
0.0013,0.003202,0.0109748,0.0013006,0.0032035,0.0109201
-0.0035,-0.000346,0.0120578,-0.0035012,-0.0003461,0.0120014
-0.003578,-3e-06,0.0120318,-0.0035793,-3e-06,0.0119755
-0.003488,-0.000633,0.0105638,-0.0034898,-0.0006333,0.0105099
-0.000368,-0.003521,0.0129248,-0.0003681,-0.0035217,0.0128669
-0.000483,-0.003155,0.0128698,-0.0004831,-0.0031555,0.0128117
-0.003535,-0.000686,0.0120578,-0.0035363,-0.0006863,0.0120015
0.003192,-0.001436,0.0120888,0.0031931,-0.0014365,0.0120324
-0.003173,-0.00083,0.0132278,-0.0031734,-0.0008301,0.0131692
-0.003123,-0.000896,0.0127568,-0.0031236,-0.0008962,0.012699
-0.002835,0.001609,0.0124128,-0.0028357,0.0016094,0.0123556
-0.003129,0.001673,0.0120938,-0.0031301,0.0016736,0.0120374
-0.002055,0.002863,0.0107248,-0.002056,0.0028645,0.0106706
-0.00213,0.00281,0.0110868,-0.002131,0.0028113,0.011032
0.001501,0.003175,0.0120698,0.0015015,0.0031761,0.0120134
0.003304,-0.000787,0.0110128,0.0033056,-0.0007874,0.010958
-0.002839,0.00216,0.0121088,-0.00284,0.0021608,0.0120524
-0.001283,-0.003127,0.0121538,-0.0012834,-0.003128,0.0120971
-0.00242,-0.002519,0.0124738,-0.0024207,-0.0025197,0.0124167
-0.002307,-0.002039,0.0124168,-0.0023075,-0.0020395,0.0123594
-0.001914,-0.002088,0.0124888,-0.0019143,-0.0020884,0.0124311
-0.003008,-0.001702,0.0123258,-0.0030089,-0.0017025,0.0122689
0.003271,-0.000637,0.0123838,0.0032719,-0.0006372,0.0123267
0.002577,-0.00222,0.0106388,0.0025783,-0.0022211,0.0105847
0.002472,-0.002035,0.0110308,0.0024732,-0.002036,0.0109759
0.000681,0.003509,0.0109858,0.0006813,0.0035107,0.0109312
0.003125,6.2e-05,0.0121608,0.0031259,6.2e-05,0.0121039
0.003552,8.3e-05,0.0117378,0.0035534,8.3e-05,0.0116819
0.000635,0.003393,0.0121498,0.0006352,0.0033941,0.0120932
0.001122,0.003065,0.0121098,0.0011224,0.003066,0.0120531
0.000993,0.003448,0.0117508,0.0009934,0.0034494,0.011695
0.001129,-0.00336,0.0120468,0.0011294,-0.0033612,0.0119905
0.003571,0.000424,0.0117618,0.0035724,0.0004242,0.0117059
0.002992,-0.001751,0.0121348,0.002993,-0.0017516,0.0120783
-0.000123,-0.002938,0.0123918,-0.000123,-0.0029386,0.0123343
-0.000227,-0.001052,0.0124238,-0.000227,-0.0010521,0.0123659
-0.000108,-0.003554,0.0120028,-0.000108,-0.0035553,0.0119465
0.002686,0.002267,0.0109728,0.0026873,0.0022681,0.0109182
-0.000178,0.003511,0.0123998,-0.0001781,0.0035121,0.0123428
0.003236,-0.000497,0.0114948,0.0032373,-0.0004972,0.0114392
-0.000979,0.003391,0.0109868,-0.0009795,0.0033926,0.0109322
0.003086,-0.001732,0.0117638,0.0030872,-0.0017327,0.0117079
0.003283,-0.001266,0.0117298,0.0032843,-0.0012665,0.0116739
0.000683,0.003459,0.0113748,0.0006833,0.0034605,0.0113195
-0.002332,-0.002502,0.0112928,-0.002333,-0.0025031,0.0112376
-0.001956,-0.002643,0.0114028,-0.0019568,-0.0026441,0.0113474
-0.002117,-0.002903,0.0120118,-0.0021178,-0.0029041,0.0119555
-0.001568,-0.003042,0.0122058,-0.0015685,-0.003043,0.0121491
-0.003063,-0.000969,0.0103068,-0.0030647,-0.0009696,0.0102532
0.001259,-0.003217,0.0124108,0.0012594,-0.0032179,0.0123538
0.000356,-0.003208,0.0110298,0.0003562,-0.0032095,0.0109749
0.001124,-0.003284,0.0113348,0.0011245,-0.0032854,0.0112796
0.001492,-0.002857,0.0114328,0.0014926,-0.0028582,0.0113773
0.00131,-0.003325,0.0116888,0.0013105,-0.0033263,0.011633
-0.002103,0.002873,0.0134968,-0.0021032,0.0028733,0.0134379
-0.00209,0.002827,0.0130948,-0.0020903,0.0028275,0.0130365
0.003036,0.001731,0.0113238,0.0030373,0.0017318,0.0112686
0.00285,0.001242,0.0112398,0.0028513,0.0012426,0.0111845
0.001048,0.001211,0.0114658,0.0010481,0.0012111,0.0114088
0.003188,0.001336,0.0113688,0.0031894,0.0013366,0.0113135
-0.001363,-0.003211,0.0113548,-0.0013636,-0.0032124,0.0112995
0.002596,0.002393,0.0113458,0.0025971,0.002394,0.0112906
-0.001992,0.002955,0.0113428,-0.0019929,0.0029563,0.0112876
-0.002524,0.002407,0.0113488,-0.0025251,0.002408,0.0112935
0.003612,-0.000113,0.0122998,0.0036132,-0.000113,0.0122431
-0.003571,1.4e-05,0.0113078,-0.0035726,1.4e-05,0.0112527
-0.003468,6.5e-05,0.0116788,-0.0034694,6.5e-05,0.011623
-0.003548,0.000416,0.0117648,-0.0035494,0.0004162,0.0117089
-0.001497,0.00319,0.0110878,-0.0014977,0.0031915,0.011033
-0.002031,-0.002427,0.0124718,-0.0020315,-0.0024276,0.0124144
-0.00247,-0.002512,0.0119338,-0.0024709,-0.0025129,0.0118776
-0.000517,0.003507,0.0120988,-0.0005172,0.0035082,0.0120424
-0.000833,0.003477,0.0121278,-0.0008333,0.0034782,0.0120714
-0.00348,0.000864,0.0117628,-0.0034814,0.0008643,0.0117069
-0.00306,-0.000935,0.0106528,-0.0030616,-0.0009355,0.0105985
0.00105,0.003042,0.0107058,0.0010505,0.0030436,0.0106515
0.000851,0.00288,0.0109888,0.0008514,0.0028814,0.0109339
0.001101,0.003387,0.0113638,0.0011015,0.0033885,0.0113086
-0.003249,-0.001196,0.0116758,-0.0032503,-0.0011965,0.01162
-0.002759,-0.001491,0.0116688,-0.0027601,-0.0014916,0.0116128
-0.003176,0.001585,0.0113528,-0.0031774,0.0015857,0.0112976
0.000262,-0.00356,0.0118228,0.0002621,-0.0035614,0.0117668
0.000712,-0.003282,0.0117418,0.0007123,-0.0032833,0.0116858
0.000702,-0.002854,0.0118198,0.0007022,-0.0028549,0.0117632
0.000507,-0.001193,0.0115788,0.000507,-0.0011931,0.0115215
-0.003526,-0.00029,0.0116508,-0.0035274,-0.0002901,0.0115951
0.001828,0.003002,0.0120668,0.0018286,0.0030031,0.0120104
0.003178,0.001373,0.0125428,0.0031789,0.0013734,0.0124856
-0.002288,-0.002222,0.0116978,-0.0022889,-0.0022228,0.0116418
-0.002604,-0.00213,0.0117918,-0.002605,-0.0021308,0.0117357
0.002341,-0.002284,0.0123908,0.0023416,-0.0022846,0.0123336
0.002643,-0.002226,0.0119988,0.002644,-0.0022268,0.0119425
0.002968,0.000537,0.0113238,0.0029693,0.0005372,0.0112683
0.000212,0.00354,0.0117378,0.0002121,0.0035414,0.011682
-0.000104,0.003577,0.0117538,-0.000104,0.0035784,0.011698
0.000314,0.003457,0.0121058,0.0003141,0.0034582,0.0120493
-0.00123,-0.003132,0.0118288,-0.0012305,-0.0031332,0.0117727
-2.7e-05,-0.003561,0.0116888,-2.7e-05,-0.0035624,0.011633
-0.00029,-0.003026,0.0116148,-0.0002901,-0.0030271,0.0115588
0.003395,-0.001101,0.0120118,0.0033962,-0.0011014,0.0119555
0.003297,-0.00037,0.0117398,0.0032983,-0.0003701,0.0116838
-0.00058,0.003461,0.0114708,-0.0005802,0.0034625,0.0114154
-0.000933,0.003418,0.0113728,-0.0009334,0.0034195,0.0113175
-0.000988,-0.003336,0.0116588,-0.0009884,-0.0033373,0.0116031
-0.00118,0.003344,0.0125518,-0.0011803,0.0033449,0.0124946
-0.000849,0.002751,0.0124958,-0.0008492,0.0027515,0.0124381
-0.000248,0.000975,0.0122418,-0.000248,0.0009751,0.0121839
-0.00127,0.003036,0.0124558,-0.0012703,0.0030368,0.0123985
-0.000777,-0.003387,0.0120038,-0.0007773,-0.0033882,0.0119475
0.002966,0.001986,0.0117518,0.0029672,0.0019868,0.0116959
0.001408,0.003213,0.0113568,0.0014086,0.0032144,0.0113016
0.001425,0.0027,0.0112988,0.0014256,0.0027012,0.0112434
0.001788,0.002692,0.0113038,0.0017888,0.0026932,0.0112485
0.001573,0.003103,0.0117108,0.0015736,0.0031042,0.011655
-0.002824,0.002117,0.0117028,-0.0028251,0.0021178,0.011647
-0.003141,0.001578,0.0117968,-0.0031422,0.0015786,0.0117408
0.002175,0.002794,0.0117118,0.0021759,0.0027951,0.011656
0.003142,3.4e-05,0.0117898,0.0031431,3.4e-05,0.0117335
0.001992,-0.002933,0.0117688,0.0019928,-0.0029341,0.0117129
0.003098,0.001634,0.0128288,0.0030987,0.0016344,0.0127711
0.003036,0.001705,0.0131858,0.0030364,0.0017052,0.0131274
-0.001851,0.002894,0.0127698,-0.0018514,0.0028946,0.0127121
-0.003155,0.001177,0.0120898,-0.0031561,0.0011774,0.0120332
-0.003496,0.000835,0.0121408,-0.0034972,0.0008353,0.0120843
-0.003558,0.000495,0.0121738,-0.0035592,0.0004952,0.0121173
0.003148,-0.000757,0.0117028,0.0031492,-0.0007573,0.0116468
-0.00028,-0.003244,0.0119348,-0.0002801,-0.0032451,0.0118784
3.8e-05,-0.003582,0.0122538,3.8e-05,-0.0035832,0.0121971
0.00037,-0.003271,0.0121108,0.0003701,-0.003272,0.0120541
-0.003089,-0.000824,0.0124618,-0.0030897,-0.0008242,0.0124044
0.000709,-0.003325,0.0113258,0.0007093,-0.0033265,0.0112705
-0.000408,-0.003545,0.0124898,-0.0004081,-0.003546,0.0124327
-0.000491,-0.003176,0.0122798,-0.0004911,-0.0031769,0.0122227
-8.8e-05,-0.003171,0.0113698,-8.8e-05,-0.0031724,0.0113143
0.003524,-0.000557,0.0116848,0.0035254,-0.0005572,0.011629
0.00254,0.00244,0.0117998,0.002541,0.0024409,0.0117438
0.002947,0.001995,0.0121608,0.002948,0.0019957,0.0121043
0.003098,0.001591,0.0117078,0.0030992,0.0015916,0.011652
0.003297,0.001225,0.0117388,0.0032983,0.0012255,0.0116829
-0.00349,-0.000226,0.0109818,-0.0034917,-0.0002261,0.0109272
-0.003328,-0.000788,0.0111048,-0.0033295,-0.0007884,0.0110499
-0.002438,0.002556,0.0120638,-0.0024389,0.0025569,0.0120074
-0.003169,0.000882,0.0121028,-0.00317,0.0008823,0.0120461
-0.003196,-0.001473,0.0114678,-0.0031974,-0.0014736,0.0114124
0.00065,0.003457,0.0117868,0.0006503,0.0034583,0.0117309
0.003274,0.000724,0.0121458,0.0032751,0.0007242,0.0120891
0.00147,-0.003232,0.0121048,0.0014705,-0.0032331,0.0120484
0.001042,-0.003239,0.0117498,0.0010424,-0.0032402,0.0116938
-0.003267,0.001228,0.0113528,-0.0032684,0.0012285,0.0112975
-0.002701,0.001243,0.0114478,-0.0027021,0.0012435,0.011392
-0.00092,0.000923,0.0115778,-0.0009201,0.0009231,0.0115206
-0.001648,-0.002787,0.0107508,-0.0016488,-0.0027884,0.0106964
-0.003057,-0.000932,0.0109698,-0.0030585,-0.0009324,0.010915
-0.001597,0.003138,0.0124458,-0.0015975,0.0031389,0.0123888
-0.003354,-0.000519,0.0118518,-0.0033553,-0.0005192,0.0117957
-0.00042,0.003547,0.0117828,-0.0004202,0.0035484,0.0117269
-0.000816,0.003422,0.0117478,-0.0008163,0.0034233,0.0116919
-0.001406,0.003213,0.0121158,-0.0014065,0.0032141,0.0120593
-7.2e-05,0.003435,0.0120328,-7.2e-05,0.0034362,0.0119764
0.000369,-0.003239,0.0117608,0.0003691,-0.0032402,0.0117047
0.001099,0.003096,0.0117588,0.0010994,0.0030972,0.0117027
-0.00349,-0.000327,0.0113208,-0.0034915,-0.0003271,0.0112656
0.001673,-0.002886,0.0120888,0.0016736,-0.002887,0.0120322
0.000439,-0.003607,0.0112408,0.0004392,-0.0036086,0.0111858
0.000351,-0.003237,0.0113648,0.0003512,-0.0032384,0.0113094
-0.003198,-0.001005,0.0113428,-0.0031994,-0.0010054,0.0112875
-0.003458,-0.000703,0.0113828,-0.0034595,-0.0007033,0.0113275
-0.001613,-0.002868,0.0119308,-0.0016136,-0.002869,0.0118744
-0.002215,-0.002638,0.0116928,-0.0022159,-0.002639,0.011637
-0.003135,-0.000936,0.0120938,-0.003136,-0.0009363,0.0120371
-0.00322,-0.000862,0.0116938,-0.0032213,-0.0008623,0.0116379
0.003052,0.001703,0.0120788,0.0030531,0.0017036,0.0120224
0.003228,0.001399,0.0121028,0.0032291,0.0013995,0.0120464
0.003419,-0.000734,0.0120488,0.0034202,-0.0007343,0.0119924
-0.001209,0.003066,0.0108548,-0.0012096,0.0030675,0.0108003
-0.00144,0.002863,0.0105458,-0.0014408,0.0028645,0.0104917
-0.000297,-0.003582,0.0117948,-0.0002971,-0.0035834,0.0117389
-6.9e-05,-0.003166,0.0116928,-6.9e-05,-0.0031672,0.0116367
-0.001591,-0.003149,0.0109798,-0.0015918,-0.0031505,0.0109252
-0.001164,-0.00293,0.0110008,-0.0011646,-0.0029314,0.010946
-0.001898,-0.002925,0.0111068,-0.0018989,-0.0029264,0.0110519
-0.001603,-0.002785,0.0112878,-0.0016037,-0.0027862,0.0112325
-0.001992,0.002943,0.0116928,-0.0019928,0.0029442,0.011637
-0.002561,0.002436,0.0117128,-0.002562,0.002437,0.011657
-0.002192,0.002724,0.0122708,-0.0021927,0.0027249,0.0122141
0.001756,-0.002853,0.0125378,0.0017564,-0.0028537,0.0124804
0.001448,-0.00276,0.0125578,0.0014483,-0.0027606,0.0125002
0.002077,-0.002482,0.0125868,0.0020775,-0.0024826,0.0125293
0.003186,0.000505,0.0116648,0.0031872,0.0005052,0.0116089
0.003433,0.000791,0.0117448,0.0034343,0.0007913,0.0116889
-0.003114,0.001211,0.0117768,-0.0031152,0.0012115,0.0117207
-0.003137,0.000858,0.0117638,-0.0031382,0.0008583,0.0117077
-0.001661,0.003061,0.0113718,-0.0016617,0.0030623,0.0113165
-0.003058,-0.000642,0.0113838,-0.0030593,-0.0006423,0.0113283
-0.002659,-0.000519,0.0113838,-0.00266,-0.0005192,0.0113278
-0.000821,-0.000401,0.0116038,-0.0008211,-0.0004011,0.0115465
-0.001069,-0.00053,0.0108518,-0.0010692,-0.0005301,0.0107954
-0.001676,0.003117,0.0121628,-0.0016766,0.0031181,0.0121063
0.002951,0.001163,0.0116268,0.0029521,0.0011635,0.0115709
-0.001238,0.003268,0.0117308,-0.0012385,0.0032693,0.0116749
-0.001183,0.002663,0.0117838,-0.0011834,0.0026638,0.0117273
-0.001621,0.003137,0.0117188,-0.0016216,0.0031382,0.011663
0.003049,0.001675,0.0124478,0.0030499,0.0016755,0.0123907
-0.001964,0.002683,0.0125148,-0.0019645,0.0026837,0.0124575
0.002002,-0.002515,0.0122158,0.0020026,-0.0025157,0.0121589
-0.001246,0.003209,0.0113628,-0.0012466,0.0032104,0.0113075
0.000634,-0.002798,0.0002928,0.0006342,-0.002799,0.0002624
0.001087,-0.002741,0.0003458,0.0010874,-0.002742,0.0003153
0.002853,-0.001042,0.0003168,0.0028541,-0.0010424,0.0002863
0.002077,-0.002522,0.0002518,0.0020778,-0.002523,0.0002214
0.002094,-0.002116,0.0002708,0.0020948,-0.0021168,0.0002404
0.002462,-0.001781,0.0002758,0.0024628,-0.0017816,0.0002454
0.00297,-0.000691,0.0002738,0.0029711,-0.0006913,0.0002434
0.002739,0.001176,0.0003078,0.00274,0.0011764,0.0002773
0.001677,0.002732,0.0003338,0.0016777,0.002733,0.0003032
0.002055,0.002376,0.0006338,0.0020558,0.0023769,0.0006024
0.002444,0.001871,0.0002848,0.0024449,0.0018717,0.0002544
0.000225,0.003068,0.0002688,0.0002251,0.0030691,0.0002384
0.001092,0.002925,0.0003178,0.0010924,0.0029261,0.0002873
0.000665,0.003039,0.0003548,0.0006653,0.0030401,0.0003242
-0.001635,0.00263,0.0003078,-0.0016356,0.002631,0.0002773
-0.00187,0.002325,0.0002438,-0.0018707,0.0023258,0.0002135
-0.000518,0.002938,0.0002738,-0.0005182,0.002939,0.0002434
-0.000818,0.002964,0.0002638,-0.0008183,0.0029651,0.0002334
-0.002307,0.002389,0.0003128,-0.0023079,0.0023899,0.0002823
-0.002608,0.001205,0.0003298,-0.0026089,0.0012054,0.0002993
-0.003016,0.000796,0.0003568,-0.0030171,0.0007963,0.0003262
-0.002339,0.001919,0.0002868,-0.0023398,0.0019197,0.0002564
-0.002636,0.001608,0.0003768,-0.0026369,0.0016086,0.0003462
-0.002941,0.000396,0.0002978,-0.002942,0.0003962,0.0002673
-0.003053,-0.000649,0.0003078,-0.0030541,-0.0006492,0.0002773
-0.002934,-0.000292,0.0003448,-0.002935,-0.0002921,0.0003142
-0.002748,-0.001406,0.0002728,-0.0027489,-0.0014065,0.0002424
-0.001564,-0.00283,0.0002968,-0.0015646,-0.002831,0.0002664
-0.00188,-0.002511,0.0003138,-0.0018807,-0.0025119,0.0002833
-0.003081,-0.001672,0.0002958,-0.0030823,-0.0016726,0.0002653
-0.002729,-0.001752,0.0003998,-0.00273,-0.0017527,0.0003691
-0.002425,-0.002157,0.0002928,-0.0024259,-0.0021578,0.0002623
-0.001148,-0.002872,0.0002938,-0.0011484,-0.0028731,0.0002633
-0.00048,-0.00282,0.0002698,-0.0004802,-0.002821,0.0002394
0.001787,-0.002454,0.0002848,0.0017876,-0.0024549,0.0002544
0.000926,-0.002394,0.0002878,0.0009263,-0.0023948,0.0002574
0.001174,-0.003059,0.0005848,0.0011744,-0.0030602,0.0005535
0.001352,-0.002463,0.0003138,0.0013525,-0.0024638,0.0002833
0.001536,-0.002919,0.0006908,0.0015366,-0.0029201,0.0006593
0.002386,-0.001357,0.0002828,0.0023868,-0.0013575,0.0002524
0.002816,-0.000332,0.0003388,0.002817,-0.0003321,0.0003082
0.002346,0.001179,0.0003368,0.0023468,0.0011794,0.0003063
0.002898,0.001238,0.0007398,0.0028991,0.0012385,0.0007082
0.002664,3e-05,0.0002928,0.0026649,3e-05,0.0002624
0.002721,0.000467,0.0004068,0.002722,0.0004672,0.0003761
0.002488,0.001534,0.0002758,0.0024888,0.0015345,0.0002454
0.00143,0.002556,0.0002738,0.0014305,0.0025569,0.0002434
0.001726,0.00218,0.0003148,0.0017266,0.0021808,0.0002843
0.00168,0.002762,0.0007208,0.0016807,0.002763,0.0006893
0.001982,0.001815,0.0002368,0.0019827,0.0018156,0.0002065
0.002065,0.002032,0.0006608,0.0020657,0.0020327,0.0006295
0.002486,0.001977,0.0006398,0.002487,0.0019778,0.0006085
-0.000109,0.002904,0.0003138,-0.000109,0.002905,0.0002833
-0.000126,0.002598,0.0002908,-0.000126,0.0025989,0.0002604
-0.000109,0.002619,0.0006348,-0.000109,0.0026199,0.0006036
0.000518,0.000957,0.0008868,0.0005181,0.0009573,0.0008552
-0.000192,0.000881,0.0007038,-0.0001921,0.0008813,0.0006726
-0.000109,0.003055,0.0007548,-0.000109,0.0030561,0.0007232
0.000941,0.002597,0.0003598,0.0009413,0.0025979,0.0003292
0.001295,0.003241,0.0002688,0.0012955,0.0032423,0.0002384
0.000576,0.002342,0.0003198,0.0005762,0.0023428,0.0002893
0.00068,0.002966,0.0008018,0.0006802,0.0029671,0.0007701
-0.000449,0.002591,0.0003088,-0.0004492,0.0025919,0.0002784
-0.000412,0.003037,0.0006258,-0.0004122,0.0030381,0.0005946
-0.001593,0.002214,0.0003178,-0.0015936,0.0022148,0.0002873
-0.001971,0.002011,0.0003328,-0.0019717,0.0020117,0.0003022
-0.001987,0.002017,0.0006998,-0.0019877,0.0020177,0.0006684
-0.002194,0.002198,0.0008788,-0.0021949,0.0021988,0.0008469
-0.000852,0.00262,0.0003498,-0.0008523,0.0026209,0.0003192
-0.000801,0.003046,0.0007498,-0.0008013,0.0030471,0.0007182
-0.001224,0.002536,0.0002748,-0.0012244,0.0025369,0.0002444
-0.001217,0.002176,0.0002818,-0.0012174,0.0021768,0.0002514
-0.001429,0.002835,0.0002398,-0.0014296,0.002836,0.0002095
-0.002697,0.000901,0.0004628,-0.0026979,0.0009013,0.0004319
-0.002229,0.001469,0.0003208,-0.0022297,0.0014695,0.0002903
-0.002337,0.001905,0.0006158,-0.0023378,0.0019057,0.0005846
-0.002629,-0.001008,0.0003208,-0.0026299,-0.0010084,0.0002903
-0.003055,-1.6e-05,0.0002838,-0.0030562,-1.6e-05,0.0002534
-0.00263,9.3e-05,0.0003698,-0.0026309,9.31e-05,0.0003392
-0.002344,-0.001384,0.0002728,-0.0023448,-0.0013845,0.0002424
-0.002654,-0.001355,0.0005498,-0.002655,-0.0013555,0.0005187
-0.001432,-0.002372,0.0002938,-0.0014325,-0.0023728,0.0002634
-0.001897,-0.002118,0.0003098,-0.0018977,-0.0021187,0.0002793
-0.002312,-0.001729,0.0004188,-0.0023128,-0.0017296,0.0003881
-0.001871,-0.001697,0.0003238,-0.0018716,-0.0016976,0.0002933
-0.000806,-0.002807,0.0002638,-0.0008063,-0.002808,0.0002334
-0.001118,-0.002454,0.0002608,-0.0011184,-0.0024548,0.0002305
-0.001406,-0.002722,0.0007738,-0.0014066,-0.002723,0.0007422
-0.000809,-0.002523,0.0003188,-0.0008093,-0.0025239,0.0002884
0.002513,-0.001086,0.0002548,0.0025139,-0.0010864,0.0002245
0.002995,-0.001034,0.0006588,0.0029961,-0.0010344,0.0006274
0.001667,-0.002171,0.0003448,0.0016676,-0.0021718,0.0003143
0.001614,-0.002557,0.0006918,0.0016146,-0.0025579,0.0006604
0.002032,-0.001361,0.0002578,0.0020327,-0.0013615,0.0002275
0.00208,-0.00135,0.0006668,0.0020807,-0.0013505,0.0006355
0.002465,-0.001419,0.0006138,0.0024659,-0.0014195,0.0005826
-0.00234,0.001101,0.0003028,-0.0023408,0.0011014,0.0002724
0.000247,-0.002801,0.0002948,0.0002471,-0.0028019,0.0002643
-0.000129,-0.002511,0.0003018,-0.0001291,-0.0025118,0.0002714
-0.002684,-0.000655,0.0002678,-0.0026849,-0.0006552,0.0002374
-0.003048,-0.000579,0.0006848,-0.0030491,-0.0005792,0.0006534
-0.002497,-0.000265,0.0003268,-0.0024978,-0.0002651,0.0002963
-0.000455,-0.002438,0.0002488,-0.0004551,-0.0024388,0.0002185
0.003261,0.000894,0.0002878,0.0032623,0.0008944,0.0002573
0.001337,0.002296,0.0003728,0.0013375,0.0022968,0.0003422
0.001677,0.001812,0.0002258,0.0016776,0.0018126,0.0001955
0.001697,0.002206,0.0006428,0.0016976,0.0022068,0.0006115
0.002081,0.001496,0.0002848,0.0020817,0.0014965,0.0002544
0.002145,0.002116,0.0003088,0.0021458,0.0021168,0.0002783
0.001311,-0.00217,0.0002708,0.0013114,-0.0021707,0.0002404
0.0014,-0.002086,0.0006198,0.0014005,-0.0020867,0.0005886
0.001267,-0.002518,0.0007028,0.0012674,-0.0025189,0.0006714
0.002464,-0.001745,0.0006578,0.0024649,-0.0017457,0.0006265
-0.000457,0.002204,0.0004378,-0.0004572,0.0022047,0.0004071
-0.00051,0.002576,0.0006938,-0.0005102,0.0025769,0.0006624
0.002379,-0.000193,0.0002818,0.0023798,-0.0001931,0.0002514
0.002788,-0.000354,0.0006408,0.0027889,-0.0003541,0.0006095
0.002875,0.000224,0.0002838,0.002876,0.0002241,0.0002534
0.002393,0.000109,0.0004218,0.0023938,0.000109,0.0003911
0.002382,0.000399,0.0002678,0.0023828,0.0003991,0.0002374
0.002807,0.000523,0.0007538,0.002808,0.0005232,0.0007222
0.00237,0.000709,0.0004038,0.0023708,0.0007092,0.0003732
0.002018,0.001217,0.0002898,0.0020187,0.0012174,0.0002594
0.002045,0.00119,0.0006548,0.0020457,0.0011904,0.0006236
0.002498,0.001117,0.0006708,0.0024989,0.0011174,0.0006394
0.001021,0.002198,0.0003508,0.0010213,0.0021987,0.0003202
0.000887,0.002569,0.0008448,0.0008873,0.0025699,0.0008131
0.002461,0.001567,0.0006248,0.0024619,0.0015676,0.0005935
0.000216,0.002528,0.0003268,0.0002161,0.0025289,0.0002963
0.000581,0.002656,0.0006208,0.0005812,0.0026569,0.0005896
-0.001528,0.001871,0.0003018,-0.0015285,0.0018716,0.0002714
-0.0019,0.001653,0.0004038,-0.0019006,0.0016535,0.0003731
0.002553,-0.0006,0.0004098,0.0025539,-0.0006002,0.0003791
-0.002492,0.000498,0.0003518,-0.0024929,0.0004982,0.0003213
-0.002806,0.000522,0.0005708,-0.002807,0.0005222,0.0005397
-0.003106,0.000403,0.0007488,-0.0031072,0.0004031,0.0007172
-0.002158,-0.000287,0.0003268,-0.0021587,-0.0002871,0.0002963
-0.002743,-0.000418,0.0005918,-0.0027439,-0.0004182,0.0005607
-0.002248,-0.001068,0.0003478,-0.0022487,-0.0010684,0.0003173
0.00062,-0.002451,0.0002718,0.0006202,-0.0024518,0.0002414
-0.001965,-0.001407,0.0002928,-0.0019657,-0.0014075,0.0002624
-0.002062,-0.001476,0.0006548,-0.0020627,-0.0014765,0.0006235
-0.00235,-0.001373,0.0006348,-0.0023508,-0.0013735,0.0006035
-0.001553,-0.001522,0.0002868,-0.0015535,-0.0015225,0.0002564
-0.001596,-0.002042,0.0003508,-0.0015965,-0.0020427,0.0003203
-0.001588,-0.002418,0.0006158,-0.0015885,-0.0024188,0.0005846
-0.001162,-0.00206,0.0003228,-0.0011624,-0.0020607,0.0002923
-0.001378,-0.00206,0.0006178,-0.0013785,-0.0020607,0.0005867
-0.001146,-0.002365,0.0006468,-0.0011464,-0.0023658,0.0006155
-0.000789,-0.002163,0.0003428,-0.0007893,-0.0021637,0.0003123
-0.000734,-0.002442,0.0007258,-0.0007342,-0.0024428,0.0006944
0.001723,-0.001662,0.0002718,0.0017236,-0.0016626,0.0002414
0.002092,-0.001748,0.0006738,0.0020927,-0.0017486,0.0006425
-0.001925,0.001082,0.0002598,-0.0019256,0.0010823,0.0002295
-0.001957,0.001206,0.0006018,-0.0019576,0.0012064,0.0005707
-0.002286,0.00082,0.0004028,-0.0022868,0.0008203,0.0003721
-0.002335,0.001257,0.0006648,-0.0023358,0.0012575,0.0006335
0.000305,-0.002433,0.0002988,0.0003051,-0.0024338,0.0002684
0.000162,-0.002934,0.0006598,0.000162,-0.0029351,0.0006285
0.001703,-0.0013,0.0002598,0.0017035,-0.0013004,0.0002295
0.002052,-0.001014,0.0002738,0.0020527,-0.0010143,0.0002434
-0.000118,-0.002741,0.0006338,-0.000118,-0.002742,0.0006025
-0.000907,0.002291,0.0002838,-0.0009073,0.0022918,0.0002534
-0.001161,0.001849,0.0002748,-0.0011614,0.0018496,0.0002444
-0.001267,0.001936,0.0006058,-0.0012674,0.0019366,0.0005747
-0.001229,0.002369,0.0005768,-0.0012294,0.0023698,0.0005457
0.000272,0.002591,0.0007738,0.0002721,0.0025919,0.0007423
0.001364,0.00184,0.0003018,0.0013645,0.0018406,0.0002714
0.001366,0.002004,0.0006448,0.0013665,0.0020046,0.0006136
-0.001636,0.002265,0.0007068,-0.0016365,0.0022658,0.0006754
-0.001679,0.002604,0.0006348,-0.0016796,0.0026049,0.0006035
-0.002276,-0.000664,0.0003378,-0.0022768,-0.0006643,0.0003073
-0.002725,-0.000719,0.0008088,-0.002726,-0.0007192,0.0007772
-0.002704,0.000715,0.0002368,-0.002705,0.0007153,0.0002065
-0.002062,-0.001915,0.0002558,-0.0020628,-0.0019157,0.0002255
-0.000415,-0.002081,0.0003378,-0.0004151,-0.0020817,0.0003073
-0.000181,-0.000447,0.0009208,-0.000181,-0.0004472,0.0008892
-0.000493,-0.002399,0.0005038,-0.0004931,-0.0023998,0.0004729
0.002859,0.000845,0.0006478,0.0028601,0.0008453,0.0006165
-0.001244,-0.001698,0.0003308,-0.0012444,-0.0016986,0.0003003
-2.1e-05,0.002248,0.0003048,-2.1e-05,0.0022487,0.0002744
-0.001889,-0.001041,0.0002938,-0.0018896,-0.0010413,0.0002634
-0.002385,-0.000985,0.0006398,-0.0023858,-0.0009853,0.0006086
0.000511,0.002753,0.0002848,0.0005111,0.002754,0.0002544
0.000275,0.003045,0.0006078,0.0002751,0.0030461,0.0005766
0.000566,0.001834,0.0003478,0.0005662,0.0018346,0.0003173
0.000519,0.001804,0.0007438,0.0005191,0.0018046,0.0007125
0.000221,1.6e-05,0.0009048,0.0002211,1.6e-05,0.0008731
0.000449,0.000867,0.0015338,0.0004491,0.0008673,0.0015009
0.000587,0.002065,0.0006608,0.0005872,0.0020657,0.0006296
0.002497,-0.000884,0.0006128,0.0024979,-0.0008843,0.0005816
-0.000875,0.002693,0.0006958,-0.0008753,0.0026939,0.0006644
-0.000894,0.001962,0.0003618,-0.0008943,0.0019626,0.0003313
-0.000867,0.002314,0.0007078,-0.0008673,0.0023148,0.0006764
0.001672,0.001478,0.0003308,0.0016726,0.0014785,0.0003003
0.00206,0.001603,0.0006878,0.0020607,0.0016035,0.0006564
-0.001605,0.001565,0.0002588,-0.0016055,0.0015655,0.0002285
-0.001669,0.001953,0.0006328,-0.0016696,0.0019536,0.0006016
-0.002051,0.00157,0.0006938,-0.0020517,0.0015706,0.0006624
-0.002254,0.000125,0.0003318,-0.0022547,0.000125,0.0003013
-0.001946,4.7e-05,0.0003448,-0.0019466,4.7e-05,0.0003143
-0.002212,-5.1e-05,0.0006748,-0.0022127,-5.1e-05,0.0006435
-0.000173,6.4e-05,0.0009518,-0.0001731,6.4e-05,0.00092
0.00205,7.4e-05,0.0003508,0.0020507,7.4e-05,0.0003203
0.001996,-2.9e-05,0.0006688,0.0019966,-2.9e-05,0.0006376
0.000448,-0.000532,0.0007898,0.0004481,-0.0005322,0.0007585
0.001332,-0.001759,0.0003058,0.0013324,-0.0017596,0.0002753
0.001654,-0.001764,0.0006088,0.0016545,-0.0017646,0.0005777
0.001825,-0.001964,0.0002058,0.0018257,-0.0019647,0.0001756
0.001749,-0.002134,0.0007118,0.0017496,-0.0021347,0.0006804
0.000716,-0.002043,0.0003528,0.0007162,-0.0020437,0.0003223
0.00059,-0.00207,0.0006438,0.0005902,-0.0020707,0.0006126
0.000607,-0.002403,0.0005998,0.0006072,-0.0024038,0.0005687
0.002061,0.000429,0.0002968,0.0020617,0.0004291,0.0002664
0.002493,0.000325,0.0007048,0.0024938,0.0003251,0.0006735
-7.6e-05,0.001895,0.0003698,-7.6e-05,0.0018956,0.0003393
-0.000142,0.001855,0.0006928,-0.0001421,0.0018556,0.0006616
-0.000168,0.000824,0.0014648,-0.000168,0.0008242,0.0014321
-0.000184,0.002237,0.0007118,-0.0001841,0.0022378,0.0006804
0.002579,0.000914,0.0002708,0.0025799,0.0009143,0.0002404
0.001994,0.000857,0.0004108,0.0019946,0.0008573,0.0003802
0.001742,0.001962,0.0007568,0.0017426,0.0019627,0.0007253
-0.001889,-0.00062,0.0002878,-0.0018896,-0.0006202,0.0002574
-0.002278,-0.000653,0.0006668,-0.0022788,-0.0006532,0.0006356
0.001023,0.001849,0.0003128,0.0010233,0.0018496,0.0002823
-0.001602,-0.001748,0.0006408,-0.0016025,-0.0017486,0.0006096
-0.001909,0.000742,0.0004258,-0.0019096,0.0007422,0.0003951
-0.002144,0.000906,0.0007498,-0.0021448,0.0009063,0.0007184
0.00174,0.001124,0.0003518,0.0017406,0.0011244,0.0003213
0.000995,-0.002035,0.0002818,0.0009953,-0.0020356,0.0002514
0.001019,-0.002284,0.0006168,0.0010193,-0.0022848,0.0005857
-0.001611,0.00119,0.0003718,-0.0016115,0.0011904,0.0003413
0.000977,-0.001682,0.0003258,0.0009773,-0.0016826,0.0002954
-0.001684,0.000396,0.0003808,-0.0016846,0.0003961,0.0003503
-0.002239,0.000548,0.0006708,-0.0022397,0.0005482,0.0006396
-6.8e-05,-0.002175,0.0003478,-6.8e-05,-0.0021757,0.0003173
-0.000139,-0.002466,0.0006378,-0.0001391,-0.0024668,0.0006066
-0.000509,-0.001745,0.0003138,-0.0005091,-0.0017456,0.0002834
-0.000855,-0.001741,0.0003218,-0.0008553,-0.0017416,0.0002914
0.002086,-0.000676,0.0003508,0.0020867,-0.0006762,0.0003203
0.001748,-0.000681,0.0002648,0.0017485,-0.0006812,0.0002345
0.001905,-0.000353,0.0002538,0.0019056,-0.0003531,0.0002235
0.002086,-0.000901,0.0006638,0.0020867,-0.0009013,0.0006326
0.002333,-0.000853,0.0002598,0.0023338,-0.0008533,0.0002295
-0.000322,0.002312,0.0001998,-0.0003221,0.0023127,0.0001697
-0.000454,0.001824,0.0003128,-0.0004542,0.0018246,0.0002824
-0.000517,0.00224,0.0007898,-0.0005172,0.0022407,0.0007583
0.00018,-0.002024,0.0004098,0.0001801,-0.0020246,0.0003792
0.000204,-0.001687,0.0003068,0.0002041,-0.0016875,0.0002764
0.000163,-0.002507,0.0005548,0.0001631,-0.0025079,0.0005238
-0.001301,0.001532,0.0003138,-0.0013014,0.0015325,0.0002834
-0.001607,0.001556,0.0006338,-0.0016076,0.0015565,0.0006027
0.001994,-0.000325,0.0005398,0.0019946,-0.0003251,0.0005089
0.002274,-0.000486,0.0002618,0.0022747,-0.0004861,0.0002315
0.002344,-0.000294,0.0005858,0.0023448,-0.0002941,0.0005547
-0.001226,-0.001364,0.0003198,-0.0012264,-0.0013644,0.0002894
-0.001167,-0.001405,0.0008118,-0.0011674,-0.0014054,0.0007803
-0.001194,-0.001785,0.0006578,-0.0011944,-0.0017856,0.0006267
0.001345,-0.001436,0.0003198,0.0013454,-0.0014365,0.0002893
0.001635,-0.001349,0.0005968,0.0016355,-0.0013494,0.0005657
0.001645,-0.000945,0.0002608,0.0016455,-0.0009453,0.0002305
0.001591,0.000767,0.0002588,0.0015915,0.0007672,0.0002285
0.001647,1e-06,0.0003298,0.0016475,1e-06,0.0002994
-0.001514,-0.000679,0.0003228,-0.0015145,-0.0006792,0.0002924
-0.001872,-0.000296,0.0002978,-0.0018726,-0.0002962,0.0002674
-0.002087,-0.000801,0.0006378,-0.0020877,-0.0008013,0.0006066
-0.002075,-0.000866,0.0002248,-0.0020757,-0.0008663,0.0001946
-0.001563,-0.001041,0.0003748,-0.0015635,-0.0010413,0.0003443
-0.001901,-0.001042,0.0006548,-0.0019016,-0.0010423,0.0006237
0.001416,0.001083,0.0003368,0.0014165,0.0010833,0.0003064
0.00137,0.001288,0.0006178,0.0013705,0.0012884,0.0005867
0.001665,0.001354,0.0006658,0.0016656,0.0013544,0.0006346
0.001672,0.001674,0.0007658,0.0016726,0.0016746,0.0007343
0.001351,-0.001629,0.0006408,0.0013514,-0.0016295,0.0006096
-0.002317,-0.000394,0.0006188,-0.0023178,-0.0003942,0.0005877
0.00102,0.001541,0.0004208,0.0010203,0.0015416,0.0003902
0.000884,0.001885,0.0006208,0.0008843,0.0018856,0.0005897
-0.000791,0.001523,0.0003458,-0.0007912,0.0015235,0.0003153
-0.000786,0.001902,0.0006678,-0.0007862,0.0019026,0.0006366
0.000222,0.00184,0.0002918,0.0002221,0.0018406,0.0002615
0.000225,0.002224,0.0005848,0.0002251,0.0022247,0.0005537
0.000771,0.002066,0.0003418,0.0007713,0.0020667,0.0003113
0.00086,0.002229,0.0006828,0.0008603,0.0022297,0.0006515
0.001043,-0.001212,0.0003858,0.0010433,-0.0012124,0.0003553
0.001424,-0.001127,0.0003128,0.0014244,-0.0011273,0.0002824
0.000675,0.001445,0.0003218,0.0006753,0.0014455,0.0002914
-0.000842,-0.001389,0.0003348,-0.0008423,-0.0013895,0.0003043
-0.000839,-0.001696,0.0006378,-0.0008393,-0.0016966,0.0006067
-0.001546,7e-06,0.0003578,-0.0015465,7e-06,0.0003273
-0.001143,-0.001072,0.0003598,-0.0011434,-0.0010723,0.0003293
-0.001577,-0.001106,0.0006918,-0.0015775,-0.0011063,0.0006606
-0.00158,0.000798,0.0002778,-0.0015805,0.0007983,0.0002474
-7.1e-05,0.001497,0.0003688,-7.1e-05,0.0014975,0.0003383
-0.001546,-0.000331,0.0003068,-0.0015465,-0.0003311,0.0002764
-0.001855,-0.000237,0.0006408,-0.0018556,-0.0002371,0.0006097
0.001547,-0.001923,0.0002598,0.0015475,-0.0019236,0.0002295
0.001604,-0.001052,0.0007898,0.0016045,-0.0010523,0.0007584
-0.001439,-0.001468,0.0006408,-0.0014394,-0.0014685,0.0006096
0.001291,-0.000207,0.0003248,0.0012914,-0.0002071,0.0002944
0.001308,-0.000345,0.0006658,0.0013084,-0.0003451,0.0006347
0.000301,-0.000324,0.0014218,0.0003011,-0.0003241,0.0013892
0.000638,0.000446,0.0016548,0.0006382,0.0004461,0.0016217
0.00162,-0.000325,0.0005518,0.0016205,-0.0003251,0.0005209
-0.001091,0.001238,0.0003558,-0.0010914,0.0012384,0.0003254
-0.001265,0.001411,0.0006548,-0.0012655,0.0014115,0.0006236
-0.002066,0.000408,0.0002968,-0.0020667,0.0004082,0.0002665
-0.00203,0.0003,0.0006088,-0.0020307,0.0003001,0.0005777
-0.000141,-0.001807,0.0002808,-0.0001411,-0.0018076,0.0002505
4.2e-05,-0.002197,0.0006838,4.2e-05,-0.0021977,0.0006525
-0.001495,0.001149,0.0008008,-0.0014955,0.0011494,0.0007694
-0.000232,0.002069,0.0002078,-0.0002321,0.0020697,0.0001776
-0.000419,0.001489,0.0002498,-0.0004192,0.0014895,0.0002195
-0.000476,0.001891,0.0007658,-0.0004762,0.0018916,0.0007344
0.000998,0.00109,0.0003618,0.0009983,0.0010903,0.0003313
0.00061,-0.001622,0.0002798,0.0006102,-0.0016225,0.0002495
0.001016,-0.001537,0.0006478,0.0010163,-0.0015375,0.0006167
-0.00048,-0.001375,0.0003138,-0.0004801,-0.0013755,0.0002834
-0.000596,-0.001562,0.0006118,-0.0005962,-0.0015625,0.0005808
-0.000355,-0.000578,0.0014758,-0.0003551,-0.0005781,0.0014431
-0.000639,-0.002006,0.0006098,-0.0006392,-0.0020066,0.0005787
0.001706,0.000371,0.0002848,0.0017065,0.0003711,0.0002545
0.001277,0.000799,0.0003288,0.0012774,0.0007992,0.0002984
0.001571,0.000733,0.0005628,0.0015715,0.0007332,0.0005319
0.00131,-0.000673,0.0003248,0.0013104,-0.0006732,0.0002944
0.001657,-0.000715,0.0006308,0.0016575,-0.0007152,0.0005997
0.000439,-0.00217,0.0002938,0.0004392,-0.0021707,0.0002634
0.001843,0.000606,0.0003348,0.0018436,0.0006062,0.0003043
0.002123,0.000428,0.0006558,0.0021237,0.0004281,0.0006246
0.001402,0.000402,0.0003408,0.0014024,0.0004021,0.0003104
0.001746,0.000293,0.0006438,0.0017466,0.0002931,0.0006127
-0.001277,0.000922,0.0004408,-0.0012774,0.0009223,0.0004102
-0.001516,0.000728,0.0006108,-0.0015165,0.0007283,0.0005798
-0.001099,-0.00074,0.0003118,-0.0010993,-0.0007403,0.0002814
-0.001342,-0.000901,0.0006508,-0.0013424,-0.0009013,0.0006197
-0.001612,-0.000756,0.0007088,-0.0016125,-0.0007562,0.0006776
0.000292,-0.001389,0.0002828,0.0002921,-0.0013894,0.0002525
0.000303,-0.00134,0.0007418,0.0003031,-0.0013404,0.0007106
0.000306,-0.001719,0.0006538,0.0003061,-0.0017196,0.0006227
-0.00119,0.000403,0.0003748,-0.0011904,0.0004031,0.0003443
-0.000333,0.00024,0.0015108,-0.0003331,0.00024,0.001478
-0.001464,0.000302,0.0008098,-0.0014645,0.0003021,0.0007784
0.000316,0.001417,0.0003158,0.0003161,0.0014175,0.0002854
0.000239,0.001902,0.0006928,0.0002391,0.0019026,0.0006616
-0.000767,-0.00105,0.0004248,-0.0007672,-0.0010503,0.0003942
-0.000888,-0.001385,0.0006578,-0.0008883,-0.0013855,0.0006267
-0.000719,0.001153,0.0003188,-0.0007192,0.0011534,0.0002884
0.000448,-0.001861,0.0003348,0.0004481,-0.0018616,0.0003043
0.000717,-0.001369,0.0003558,0.0007172,-0.0013694,0.0003253
0.000652,-0.001727,0.0006038,0.0006523,-0.0017276,0.0005728
-0.000757,0.001573,0.0007508,-0.0007573,0.0015735,0.0007195
0.000996,0.000732,0.0002578,0.0009963,0.0007322,0.0002275
0.0013,0.000439,0.0007668,0.0013004,0.0004391,0.0007355
0.000514,-0.00109,0.0002838,0.0005142,-0.0010903,0.0002535
0.000563,0.001057,0.0003378,0.0005632,0.0010573,0.0003074
0.000605,0.001206,0.0006388,0.0006052,0.0012064,0.0006077
0.000475,0.000908,0.0021438,0.0004752,0.0009083,0.0021097
0.000691,0.00154,0.0007268,0.0006912,0.0015405,0.0006955
0.001386,-0.000924,0.0005898,0.0013864,-0.0009243,0.0005589
-0.001163,3e-06,0.0002688,-0.0011634,3e-06,0.0002386
-0.00151,-9.7e-05,0.0007528,-0.0015105,-9.71e-05,0.0007215
-0.000331,0.001177,0.0003658,-0.0003311,0.0011774,0.0003353
-0.000544,0.001282,0.0006708,-0.0005442,0.0012824,0.0006396
-0.000279,0.001023,0.0022708,-0.0002791,0.0010233,0.0022364
0.001294,0.00139,0.0002798,0.0012944,0.0013904,0.0002495
0.001452,0.00159,0.0005458,0.0014525,0.0015905,0.0005148
-0.000923,0.000836,0.0003688,-0.0009233,0.0008363,0.0003383
-0.000863,0.001266,0.0006638,-0.0008633,0.0012664,0.0006327
-0.00081,-0.000585,0.0003898,-0.0008103,-0.0005852,0.0003592
-0.001172,-0.000341,0.0003598,-0.0011724,-0.0003411,0.0003293
0.001261,9.5e-05,0.0002688,0.0012615,9.51e-05,0.0002385
0.000156,0.001086,0.0003388,0.000156,0.0010864,0.0003084
0.000272,0.00158,0.0006348,0.0002721,0.0015805,0.0006037
-0.001449,-0.000347,0.0006298,-0.0014495,-0.0003471,0.0005988
0.001004,-0.000388,0.0003628,0.0010043,-0.0003881,0.0003323
0.001006,0.000397,0.0003858,0.0010064,0.0003971,0.0003553
0.000917,-2.5e-05,0.0003358,0.0009173,-2.5e-05,0.0003054
0.001297,8e-05,0.0006058,0.0012974,8e-05,0.0005749
0.000652,0.000706,0.0002948,0.0006522,0.0007062,0.0002645
-0.000108,-0.001307,0.0003508,-0.000108,-0.0013074,0.0003203
0.000178,-0.001089,0.0002648,0.0001781,-0.0010894,0.0002345
0.000936,-0.000676,0.0003008,0.0009363,-0.0006762,0.0002704
0.000607,-0.000727,0.0002718,0.0006072,-0.0007273,0.0002415
0.000753,-0.000688,0.0006108,0.0007532,-0.0006882,0.0005799
0.000489,-0.000378,0.0023168,0.0004892,-0.0003781,0.0022825
0.00112,-0.00092,0.0002668,0.0011203,-0.0009203,0.0002365
0.001032,-0.000909,0.0006038,0.0010323,-0.0009093,0.0005728
-0.000889,1.5e-05,0.0004358,-0.0008893,1.5e-05,0.0004052
-0.001266,8e-06,0.0005788,-0.0012664,8e-06,0.0005479
0.001552,-0.000448,0.0003168,0.0015525,-0.0004481,0.0002864
0.001418,-0.000594,0.0006648,0.0014185,-0.0005942,0.0006337
-0.00084,-0.000277,0.0002638,-0.0008403,-0.0002771,0.0002335
-0.001079,-0.00051,0.0006538,-0.0010794,-0.0005102,0.0006227
0.000906,0.000813,0.0007018,0.0009063,0.0008133,0.0006706
0.00097,0.001299,0.0006958,0.0009703,0.0012994,0.0006646
-0.000418,-0.001041,0.0003238,-0.0004181,-0.0010414,0.0002934
-0.001338,-0.000898,0.0002408,-0.0013384,-0.0008983,0.0002106
-0.001145,-0.001077,0.0007908,-0.0011454,-0.0010774,0.0007594
0.000328,0.000661,0.0003358,0.0003281,0.0006612,0.0003053
0.000185,0.001254,0.0006378,0.0001851,0.0012545,0.0006067
-0.000155,0.001503,0.0007558,-0.000155,0.0015035,0.0007245
0.000581,0.000302,0.0003158,0.0005812,0.0003021,0.0002854
0.000592,0.000459,0.0006118,0.0005922,0.0004591,0.0005808
0.000499,8.5e-05,0.0023228,0.0004992,8.5e-05,0.0022885
-0.000842,-0.001038,0.0007418,-0.0008423,-0.0010383,0.0007106
-4.4e-05,-0.000951,0.0003408,-4.4e-05,-0.0009514,0.0003104
-3.9e-05,-0.001317,0.0006928,-3.9e-05,-0.0013175,0.0006616
-4e-06,-0.001551,0.0002678,-4e-06,-0.0015515,0.0002375
-6.6e-05,-0.001667,0.0005898,-6.6e-05,-0.0016675,0.0005588
-0.001427,0.00058,0.0002578,-0.0014275,0.0005802,0.0002275
-0.000772,0.000394,0.0003048,-0.0007723,0.0003941,0.0002744
0.000693,-0.000388,0.0002818,0.0006933,-0.0003881,0.0002515
0.00105,-0.000206,0.0006868,0.0010503,-0.0002061,0.0006556
-7.5e-05,0.000813,0.0003548,-7.5e-05,0.0008133,0.0003243
-0.000131,0.00119,0.0006478,-0.000131,0.0011904,0.0006167
-0.00051,0.000851,0.0003838,-0.0005102,0.0008513,0.0003532
-0.000715,0.000879,0.0006988,-0.0007152,0.0008793,0.0006676
-0.00046,-0.000695,0.0003018,-0.0004602,-0.0006952,0.0002714
-0.000615,-0.000813,0.0006658,-0.0006152,-0.0008133,0.0006347
-0.000277,-0.000517,0.0023508,-0.0002771,-0.0005171,0.0023164
-0.000817,-0.000637,0.0007618,-0.0008173,-0.0006372,0.0007305
0.00026,-0.000733,0.0003138,0.0002601,-0.0007333,0.0002834
0.000268,-0.001007,0.0005368,0.0002681,-0.0010073,0.000506
0.000571,-4.5e-05,0.0003338,0.0005712,-4.5e-05,0.0003034
0.000174,0.000376,0.0004558,0.0001741,0.0003761,0.0004251
0.000103,0.000836,0.0006318,0.000103,0.0008363,0.0006007
-0.000461,0.000434,0.0003748,-0.0004612,0.0004342,0.0003443
-0.000343,0.000276,0.0007228,-0.0003431,0.0002761,0.0006915
-0.000423,0.000186,0.0022888,-0.0004231,0.0001861,0.0022545
-0.000793,0.000481,0.0006438,-0.0007933,0.0004812,0.0006127
-0.000447,8.9e-05,0.0003658,-0.0004471,8.9e-05,0.0003353
-0.000484,-0.000318,0.0003168,-0.0004842,-0.0003181,0.0002864
-0.000831,-0.000314,0.0006218,-0.0008313,-0.0003141,0.0005908
0.000802,-0.000974,0.0003328,0.0008023,-0.0009743,0.0003024
0.000666,-0.001078,0.0005978,0.0006662,-0.0010783,0.0005669
0.000297,8.2e-05,0.0003138,0.0002971,8.2e-05,0.0002834
0.000676,-0.000282,0.0005648,0.0006762,-0.0002821,0.0005339
-7.5e-05,-0.000668,0.0004088,-7.5e-05,-0.0006683,0.0003782
-9.4e-05,-0.001019,0.0006338,-9.41e-05,-0.0010193,0.0006028
-2.2e-05,-0.000346,0.0003388,-2.2e-05,-0.0003462,0.0003084
-0.000158,-0.000683,0.0007348,-0.000158,-0.0006832,0.0007035
0.000344,-0.000301,0.0002868,0.0003442,-0.0003011,0.0002564
0.00017,-0.000775,0.0006848,0.00017,-0.0007753,0.0006536
-0.000123,0.000358,0.0003078,-0.0001231,0.0003581,0.0002774
-0.000496,-0.000223,0.0005828,-0.0004962,-0.0002231,0.0005518
-0.000274,0.000609,0.0002688,-0.0002741,0.0006092,0.0002385
2.7e-05,4.1e-05,0.0003548,2.7e-05,4.1e-05,0.0003243
-0.000119,0.000513,0.0006478,-0.000119,0.0005132,0.0006167
0.000283,-0.000201,0.0006038,0.0002831,-0.0002011,0.0005728
-0.000238,-0.000515,0.0002298,-0.0002381,-0.0005152,0.0001996
-0.000146,-0.000339,0.0006238,-0.000146,-0.0003391,0.0005928
-0.0002,-0.000119,0.0003178,-0.0002001,-0.0001191,0.0002874
-6.2e-05,2.9e-05,0.0006418,-6.2e-05,2.9e-05,0.0006107
0.000204,0.000101,0.0006158,0.0002041,0.000101,0.0005847
-0.001941,-0.00261,0.0231948,-0.001941,-0.00261,0.0231348
-0.001982,-0.00213,0.0232098,-0.001982,-0.00213,0.0231498
0.000669,0.002849,0.0232038,0.000669,0.002849,0.0231438
0.000606,0.0025,0.0232118,0.000606,0.0025,0.0231518
0.00084,0.003472,0.0232788,0.00084,0.003472,0.0232188
0.001079,0.002979,0.0231168,0.001079,0.002979,0.0230568
0.001681,0.002645,0.0232198,0.001681,0.002645,0.0231598
0.00229,0.001904,0.0232168,0.00229,0.001904,0.0231568
0.003037,0.001704,0.0231748,0.003037,0.001704,0.0231148
0.002819,0.001334,0.0230998,0.002819,0.001334,0.0230398
0.002742,0.000807,0.0231548,0.002742,0.000807,0.0230948
0.002853,-0.001097,0.0232488,0.002853,-0.001097,0.0231888
0.002832,-0.000763,0.0231768,0.002832,-0.000763,0.0231168
0.003195,-0.001468,0.0232248,0.003195,-0.001468,0.0231648
0.002771,-0.001354,0.0232838,0.002771,-0.001354,0.0232238
0.002266,-0.002524,0.0231878,0.002266,-0.002524,0.0231278
0.002474,-0.001711,0.0232778,0.002474,-0.001711,0.0232178
0.001818,-0.00249,0.0232388,0.001818,-0.00249,0.0231788
0.000979,-0.002841,0.0232668,0.000979,-0.002841,0.0232068
0.000644,-0.002806,0.0232588,0.000644,-0.002806,0.0231988
-0.000509,-0.002781,0.0232598,-0.000509,-0.002781,0.0231998
-0.001214,-0.00286,0.0232728,-0.001214,-0.00286,0.0232128
-0.001592,-0.002445,0.0232078,-0.001592,-0.002445,0.0231478
-0.002754,-0.001048,0.0232398,-0.002754,-0.001048,0.0231798
-0.003035,-0.000605,0.0231978,-0.003035,-0.000605,0.0231378
-0.002946,0.000114,0.0232098,-0.002946,0.000114,0.0231498
-0.002593,6.6e-05,0.0232618,-0.002593,6.6e-05,0.0232018
-0.000826,0.000201,0.0232238,-0.000826,0.000201,0.0231638
-0.003012,0.000534,0.0232078,-0.003012,0.000534,0.0231478
-0.002836,0.000867,0.0231398,-0.002836,0.000867,0.0230798
-0.002694,0.001463,0.0231828,-0.002694,0.001463,0.0231228
-0.001964,0.002237,0.0231758,-0.001964,0.002237,0.0231158
-0.00231,0.001963,0.0231818,-0.00231,0.001963,0.0231218
-0.001591,0.002608,0.0232138,-0.001591,0.002608,0.0231538
-0.001315,0.002693,0.0232778,-0.001315,0.002693,0.0232178
-0.000403,0.000971,0.0228648,-0.000403,0.000971,0.0228048
-0.000444,0.002895,0.0232048,-0.000444,0.002895,0.0231448
0.000197,0.00289,0.0231838,0.000197,0.00289,0.0231238
0.000639,0.00292,0.0227848,0.000639,0.00292,0.0227248
0.000875,0.003151,0.0232528,0.000875,0.003151,0.0231928
0.001008,0.002575,0.0232068,0.001008,0.002575,0.0231468
0.001291,0.003258,0.0232038,0.001291,0.003258,0.0231438
0.002429,0.00149,0.0231178,0.002429,0.00149,0.0230578
0.002559,0.001858,0.0229018,0.002559,0.001858,0.0228418
0.00044,0.000242,0.0230168,0.00044,0.000242,0.0229568
0.002861,0.000454,0.0231278,0.002861,0.000454,0.0230678
0.002449,-0.000965,0.0232538,0.002449,-0.000965,0.0231938
0.002691,-0.000331,0.0232418,0.002691,-0.000331,0.0231818
0.002478,-0.001276,0.0232788,0.002478,-0.001276,0.0232188
0.001362,-0.002396,0.0231538,0.001362,-0.002396,0.0230938
0.001803,-0.00205,0.0231948,0.001803,-0.00205,0.0231348
0.001738,-0.002418,0.0228388,0.001738,-0.002418,0.0227788
0.002071,-0.001787,0.0231848,0.002071,-0.001787,0.0231248
0.002434,-0.001849,0.0228428,0.002434,-0.001849,0.0227828
0.002711,-0.002246,0.0231918,0.002711,-0.002246,0.0231318
0.000297,-0.002844,0.0231548,0.000297,-0.002844,0.0230948
-9.8e-05,-0.002848,0.0231658,-9.8e-05,-0.002848,0.0231058
0.001098,-0.002807,0.0226778,0.001098,-0.002807,0.0226178
0.000397,-0.000368,0.0230408,0.000397,-0.000368,0.0229808
0.000682,-0.002479,0.0231998,0.000682,-0.002479,0.0231398
0.0006,-0.002783,0.0229598,0.0006,-0.002783,0.0228998
-0.001779,-0.00233,0.0228888,-0.001779,-0.00233,0.0228288
-0.000264,-0.000608,0.0229568,-0.000264,-0.000608,0.0228968
-0.000928,-0.002717,0.0232368,-0.000928,-0.002717,0.0231768
-0.000811,-0.002309,0.0232168,-0.000811,-0.002309,0.0231568
-0.000869,-0.002791,0.0229248,-0.000869,-0.002791,0.0228648
-0.000738,-0.003002,0.0232028,-0.000738,-0.003002,0.0231428
-0.001243,-0.002507,0.0232158,-0.001243,-0.002507,0.0231558
-0.001214,-0.002811,0.0229948,-0.001214,-0.002811,0.0229348
-0.002997,-0.00021,0.0231688,-0.002997,-0.00021,0.0231088
0.001615,0.002276,0.0233018,0.001615,0.002276,0.0232418
0.001977,0.002002,0.0229818,0.001977,0.002002,0.0229218
-0.002291,-0.00175,0.0231868,-0.002291,-0.00175,0.0231268
-0.002227,-0.002276,0.0228668,-0.002227,-0.002276,0.0228068
-0.001933,-0.001664,0.0231648,-0.001933,-0.001664,0.0231048
-0.002357,-0.00137,0.0231118,-0.002357,-0.00137,0.0230518
-0.002217,-0.00181,0.0227648,-0.002217,-0.00181,0.0227048
-0.002939,-0.00152,0.0227228,-0.002939,-0.00152,0.0226628
-0.002597,0.001151,0.0232628,-0.002597,0.001151,0.0232028
-0.002631,-0.000257,0.0232638,-0.002631,-0.000257,0.0232038
-0.003143,-3.6e-05,0.0228588,-0.003143,-3.6e-05,0.0227988
-0.002265,0.001524,0.0231638,-0.002265,0.001524,0.0231038
-0.001578,0.002316,0.0232158,-0.001578,0.002316,0.0231558
-0.001749,0.002673,0.0229048,-0.001749,0.002673,0.0228448
-0.001905,0.001966,0.0232798,-0.001905,0.001966,0.0232198
-0.00268,0.002222,0.0231728,-0.00268,0.002222,0.0231128
-0.00099,0.002636,0.0231608,-0.00099,0.002636,0.0231008
0.002355,0.000796,0.0232828,0.002355,0.000796,0.0232228
0.001572,0.002697,0.0229108,0.001572,0.002697,0.0228508
-0.000139,0.002907,0.0232448,-0.000139,0.002907,0.0231848
0.000322,0.002595,0.0232628,0.000322,0.002595,0.0232028
0.000278,0.003012,0.0226768,0.000278,0.003012,0.0226168
7.5e-05,0.003123,0.0232628,7.5e-05,0.003123,0.0232028
0.001303,0.002138,0.0232678,0.001303,0.002138,0.0232078
0.001345,0.002518,0.0229248,0.001345,0.002518,0.0228648
-0.002574,0.000504,0.0231838,-0.002574,0.000504,0.0231238
-0.002927,0.000313,0.0228338,-0.002927,0.000313,0.0227738
-0.000645,0.00312,0.0232348,-0.000645,0.00312,0.0231748
-0.000598,0.002575,0.0231798,-0.000598,0.002575,0.0231198
-0.000549,0.003007,0.0229138,-0.000549,0.003007,0.0228538
0.002313,-0.000244,0.0231878,0.002313,-0.000244,0.0231278
0.001991,-0.000283,0.0232058,0.001991,-0.000283,0.0231458
0.002903,-0.000358,0.0228258,0.002903,-0.000358,0.0227658
2e-06,-0.002461,0.0231668,2e-06,-0.002461,0.0231068
-2.1e-05,-0.002833,0.0225818,-2.1e-05,-0.002833,0.0225218
-0.001198,-0.002083,0.0232128,-0.001198,-0.002083,0.0231528
-0.001901,0.002392,0.0227648,-0.001901,0.002392,0.0227048
0.000941,0.002196,0.0232498,0.000941,0.002196,0.0231898
0.001004,0.002524,0.0228008,0.001004,0.002524,0.0227408
0.002054,0.001545,0.0231158,0.002054,0.001545,0.0230558
-0.000433,-0.002407,0.0232488,-0.000433,-0.002407,0.0231888
-0.000592,-0.002953,0.0228728,-0.000592,-0.002953,0.0228128
0.00242,5.9e-05,0.0232508,0.00242,5.9e-05,0.0231908
0.002791,0.00014,0.0229048,0.002791,0.00014,0.0228448
0.002088,-0.000948,0.0231918,0.002088,-0.000948,0.0231318
0.002374,-0.000631,0.0232458,0.002374,-0.000631,0.0231858
0.002448,-0.000871,0.0228398,0.002448,-0.000871,0.0227798
0.00145,-0.001963,0.0232158,0.00145,-0.001963,0.0231558
0.001401,-0.002513,0.0226678,0.001401,-0.002513,0.0226078
0.001689,-0.00167,0.0231738,0.001689,-0.00167,0.0231138
0.002055,-0.001388,0.0232548,0.002055,-0.001388,0.0231948
0.001797,-0.001857,0.0228148,0.001797,-0.001857,0.0227548
-0.002543,-0.000871,0.0227628,-0.002543,-0.000871,0.0227028
0.002397,0.000437,0.0231838,0.002397,0.000437,0.0231238
-0.001531,-0.002119,0.0232428,-0.001531,-0.002119,0.0231828
-0.001954,-0.002181,0.0225678,-0.001954,-0.002181,0.0225078
0.001553,0.001852,0.0232838,0.001553,0.001852,0.0232238
0.001994,0.001934,0.0224528,0.001994,0.001934,0.0223928
-0.002532,0.000798,0.0232668,-0.002532,0.000798,0.0232068
-0.002256,-0.000681,0.0230638,-0.002256,-0.000681,0.0230038
-0.002249,-0.00039,0.0232238,-0.002249,-0.00039,0.0231638
-0.000274,0.000157,0.0231058,-0.000274,0.000157,0.0230458
-0.001004,0.000241,0.0223648,-0.001004,0.000241,0.0223048
-0.002303,-4.7e-05,0.0232058,-0.002303,-4.7e-05,0.0231458
-0.002666,6.7e-05,0.0226338,-0.002666,6.7e-05,0.0225738
-0.002253,0.000766,0.0231578,-0.002253,0.000766,0.0230978
-0.0025,0.00074,0.0228428,-0.0025,0.00074,0.0227828
-0.002242,0.001206,0.0231228,-0.002242,0.001206,0.0230628
-0.002629,0.001168,0.0229438,-0.002629,0.001168,0.0228838
-0.001906,0.00148,0.0230708,-0.001906,0.00148,0.0230108
-0.001528,0.00201,0.0231878,-0.001528,0.00201,0.0231278
-0.001918,0.001958,0.0229808,-0.001918,0.001958,0.0229208
-0.001907,0.00202,0.0225308,-0.001907,0.00202,0.0224708
-0.001394,0.0028,0.0228548,-0.001394,0.0028,0.0227948
-0.000905,0.002261,0.0232268,-0.000905,0.002261,0.0231668
-0.000932,0.002557,0.0227918,-0.000932,0.002557,0.0227318
-0.001978,-0.001312,0.0231368,-0.001978,-0.001312,0.0230768
-0.002328,-0.001395,0.0226388,-0.002328,-0.001395,0.0225788
0.00054,0.001018,0.0224698,0.00054,0.001018,0.0224098
0.002019,0.001199,0.0231598,0.002019,0.001199,0.0230998
0.001648,0.001452,0.0231808,0.001648,0.001452,0.0231208
0.002304,0.001069,0.0228818,0.002304,0.001069,0.0228218
-0.000236,0.00255,0.0231288,-0.000236,0.00255,0.0230688
-0.000108,0.003,0.0228798,-0.000108,0.003,0.0228198
0.002851,0.001091,0.0232998,0.002851,0.001091,0.0232398
-0.000709,-0.002606,0.0227028,-0.000709,-0.002606,0.0226428
0.00033,-0.002416,0.0232728,0.00033,-0.002416,0.0232128
0.000606,-0.002078,0.0232348,0.000606,-0.002078,0.0231748
0.000731,-0.002419,0.0228318,0.000731,-0.002419,0.0227718
-0.001572,-0.001779,0.0231988,-0.001572,-0.001779,0.0231388
-0.001385,-0.002271,0.0229458,-0.001385,-0.002271,0.0228858
-0.001433,-0.002613,0.0227888,-0.001433,-0.002613,0.0227288
-0.002786,0.00033,0.0232798,-0.002786,0.00033,0.0232198
-0.002192,0.00038,0.0231548,-0.002192,0.00038,0.0230948
-0.002672,0.000487,0.0224858,-0.002672,0.000487,0.0224258
0.001272,0.001835,0.0232188,0.001272,0.001835,0.0231588
0.001327,0.002138,0.0228728,0.001327,0.002138,0.0228128
-0.000459,0.002681,0.0227818,-0.000459,0.002681,0.0227218
-0.000598,0.002498,0.0223978,-0.000598,0.002498,0.0223378
0.002,0.000444,0.0232018,0.002,0.000444,0.0231418
0.002435,0.000505,0.0227068,0.002435,0.000505,0.0226468
0.002797,-0.000714,0.0227518,0.002797,-0.000714,0.0226918
-0.00106,0.001935,0.0232098,-0.00106,0.001935,0.0231498
-0.001381,0.002121,0.0227748,-0.001381,0.002121,0.0227148
-0.000467,-0.002039,0.0232188,-0.000467,-0.002039,0.0231588
-0.00039,-0.002348,0.0228778,-0.00039,-0.002348,0.0228178
0.001025,-0.002108,0.0231868,0.001025,-0.002108,0.0231268
0.001338,-0.001578,0.0231648,0.001338,-0.001578,0.0231048
0.001282,-0.00192,0.0228848,0.001282,-0.00192,0.0228248
0.001318,-0.002112,0.0225518,0.001318,-0.002112,0.0224918
-0.001926,0.000817,0.0231938,-0.001926,0.000817,0.0231338
-0.002072,0.000807,0.0227668,-0.002072,0.000807,0.0227068
-0.002393,0.001024,0.0233178,-0.002393,0.001024,0.0232578
-0.001862,0.001183,0.0232408,-0.001862,0.001183,0.0231808
-0.002311,0.001086,0.0226888,-0.002311,0.001086,0.0226288
0.000177,-0.002977,0.0228098,0.000177,-0.002977,0.0227498
0.002065,0.000825,0.0231848,0.002065,0.000825,0.0231248
0.002409,0.000758,0.0229658,0.002409,0.000758,0.0229058
0.00171,-0.001325,0.0232868,0.00171,-0.001325,0.0232268
0.0021,-0.001484,0.0228418,0.0021,-0.001484,0.0227818
-0.001931,-0.001742,0.0225548,-0.001931,-0.001742,0.0224948
-0.00157,-0.001386,0.0231798,-0.00157,-0.001386,0.0231198
-0.002062,-0.001537,0.0227958,-0.002062,-0.001537,0.0227358
-0.001985,2.9e-05,0.0232018,-0.001985,2.9e-05,0.0231418
-0.002264,9.4e-05,0.0228478,-0.002264,9.4e-05,0.0227878
-0.002035,0.001696,0.0232328,-0.002035,0.001696,0.0231728
-0.001579,0.001524,0.0232538,-0.001579,0.001524,0.0231938
0.001128,-0.002348,0.0228268,0.001128,-0.002348,0.0227668
0.001563,0.001842,0.0229918,0.001563,0.001842,0.0229318
0.000569,0.002126,0.0232788,0.000569,0.002126,0.0232188
0.000592,0.002599,0.0228228,0.000592,0.002599,0.0227628
0.000781,0.002511,0.0225268,0.000781,0.002511,0.0224668
0.000212,0.002198,0.0232448,0.000212,0.002198,0.0231848
9.5e-05,0.002621,0.0228418,9.5e-05,0.002621,0.0227818
-0.001133,-0.001628,0.0231448,-0.001133,-0.001628,0.0230848
-0.001233,-0.002171,0.0226528,-0.001233,-0.002171,0.0225928
0.002484,-0.000137,0.0228628,0.002484,-0.000137,0.0228028
-0.000739,0.001783,0.0232748,-0.000739,0.001783,0.0232148
-0.001304,0.001542,0.0231358,-0.001304,0.001542,0.0230758
-0.001187,0.001867,0.0229558,-0.001187,0.001867,0.0228958
-0.001223,0.001898,0.0226188,-0.001223,0.001898,0.0225588
-4.4e-05,-0.002143,0.0231808,-4.4e-05,-0.002143,0.0231208
5.4e-05,-0.002571,0.0228368,5.4e-05,-0.002571,0.0227768
0.001441,-0.00189,0.0226688,0.001441,-0.00189,0.0226088
-0.001554,0.001192,0.0231238,-0.001554,0.001192,0.0230638
-0.001717,0.001724,0.0228578,-0.001717,0.001724,0.0227978
0.0016,-0.002239,0.0232708,0.0016,-0.002239,0.0232108
0.001524,-0.002156,0.0228098,0.001524,-0.002156,0.0227498
-0.001536,-0.00084,0.0231698,-0.001536,-0.00084,0.0231098
-0.00189,-0.000645,0.0231998,-0.00189,-0.000645,0.0231398
-0.001947,-0.001002,0.0226758,-0.001947,-0.001002,0.0226158
0.000946,0.0019,0.0232318,0.000946,0.0019,0.0231718
0.000996,0.002183,0.0227948,0.000996,0.002183,0.0227348
-0.002282,-0.000693,0.0227568,-0.002282,-0.000693,0.0226968
-0.000146,0.002186,0.0232968,-0.000146,0.002186,0.0232368
-0.000364,0.001891,0.0232288,-0.000364,0.001891,0.0231688
-0.000698,0.002296,0.0228898,-0.000698,0.002296,0.0228298
1.4e-05,0.002665,0.0232338,1.4e-05,0.002665,0.0231738
-0.000254,0.000276,0.0224988,-0.000254,0.000276,0.0224388
-0.000371,0.001018,0.0215158,-0.000371,0.001018,0.0214558
-0.000786,0.001469,0.0232078,-0.000786,0.001469,0.0231478
-0.000756,0.0019,0.0228838,-0.000756,0.0019,0.0228238
-0.000672,0.002058,0.0232538,-0.000672,0.002058,0.0231938
-0.001881,-0.000288,0.0232058,-0.001881,-0.000288,0.0231458
-0.002202,-0.000259,0.0228548,-0.002202,-0.000259,0.0227948
0.000566,0.000303,0.0224638,0.000566,0.000303,0.0224038
0.001782,0.000751,0.0232778,0.001782,0.000751,0.0232178
0.002092,0.000797,0.0227738,0.002092,0.000797,0.0227138
-0.000252,-0.000501,0.0222778,-0.000252,-0.000501,0.0222178
-0.000476,-0.001642,0.0231938,-0.000476,-0.001642,0.0231338
-0.000607,-0.001966,0.0229078,-0.000607,-0.001966,0.0228478
-0.000326,-0.002156,0.0225938,-0.000326,-0.002156,0.0225338
0.001699,0.001095,0.0232548,0.001699,0.001095,0.0231948
0.001972,0.001068,0.0228428,0.001972,0.001068,0.0227828
0.000316,0.001916,0.0232528,0.000316,0.001916,0.0231928
0.000204,0.002125,0.0228508,0.000204,0.002125,0.0227908
-0.001124,-0.00129,0.0232278,-0.001124,-0.00129,0.0231678
-0.00143,-0.00158,0.0228088,-0.00143,-0.00158,0.0227488
-0.001485,-0.001963,0.0228668,-0.001485,-0.001963,0.0228068
0.001691,-0.000983,0.0232648,0.001691,-0.000983,0.0232048
0.001956,-0.00064,0.0232378,0.001956,-0.00064,0.0231778
0.001964,-0.000853,0.0228258,0.001964,-0.000853,0.0227658
-0.001937,0.001139,0.0228128,-0.001937,0.001139,0.0227528
-0.001858,0.001268,0.0224738,-0.001858,0.001268,0.0224138
0.001707,2.5e-05,0.0232828,0.001707,2.5e-05,0.0232228
0.002169,0.000122,0.0229168,0.002169,0.000122,0.0228568
0.002504,0.000103,0.0225778,0.002504,0.000103,0.0225178
-0.00164,0.002302,0.0229568,-0.00164,0.002302,0.0228968
0.000885,-0.001704,0.0232218,0.000885,-0.001704,0.0231618
0.00141,-0.001237,0.0232408,0.00141,-0.001237,0.0231808
0.001434,-0.001591,0.0227218,0.001434,-0.001591,0.0226618
0.001347,0.001504,0.0232998,0.001347,0.001504,0.0232398
0.001664,0.001575,0.0228778,0.001664,0.001575,0.0228178
0.000435,-0.000509,0.0224338,0.000435,-0.000509,0.0223738
0.001574,-0.000633,0.0231958,0.001574,-0.000633,0.0231358
0.002197,-0.000637,0.0224768,0.002197,-0.000637,0.0224168
0.001708,-0.000339,0.0232618,0.001708,-0.000339,0.0232018
0.002028,-0.000271,0.0228338,0.002028,-0.000271,0.0227738
-0.001519,0.00082,0.0232008,-0.001519,0.00082,0.0231408
0.000503,-0.001694,0.0231868,0.000503,-0.001694,0.0231268
0.000605,-0.002188,0.0224898,0.000605,-0.002188,0.0224298
0.001363,0.001208,0.0231918,0.001363,0.001208,0.0231318
0.001643,0.001177,0.0228938,0.001643,0.001177,0.0228338
0.001773,-0.001287,0.0227058,0.001773,-0.001287,0.0226458
-0.002161,0.000434,0.0227308,-0.002161,0.000434,0.0226708
-0.000758,-0.00174,0.0232578,-0.000758,-0.00174,0.0231978
-0.000815,-0.002235,0.0227998,-0.000815,-0.002235,0.0227398
0.000637,0.001797,0.0231618,0.000637,0.001797,0.0231018
0.000992,0.001796,0.0228918,0.000992,0.001796,0.0228318
0.0011,0.001952,0.0225908,0.0011,0.001952,0.0225308
0.00052,0.000939,0.0214788,0.00052,0.000939,0.0214188
0.000607,0.002186,0.0226698,0.000607,0.002186,0.0226098
7.3e-05,-0.001779,0.0231538,7.3e-05,-0.001779,0.0230938
0.000254,-0.002008,0.0226758,0.000254,-0.002008,0.0226158
-0.00035,-0.001292,0.0231748,-0.00035,-0.001292,0.0231148
-0.000527,-0.001637,0.0229008,-0.000527,-0.001637,0.0228408
-0.001055,-0.000451,0.0216658,-0.001055,-0.000451,0.0216058
-0.001465,-0.000215,0.0231888,-0.001465,-0.000215,0.0231288
-0.001886,-0.000229,0.0225728,-0.001886,-0.000229,0.0225128
-0.001255,0.001075,0.0232558,-0.001255,0.001075,0.0231958
-0.00154,0.001061,0.0226918,-0.00154,0.001061,0.0226318
-0.002256,-0.001044,0.0229148,-0.002256,-0.001044,0.0228548
1e-05,-0.002231,0.0227998,1e-05,-0.002231,0.0227398
-0.001249,-0.001777,0.0225528,-0.001249,-0.001777,0.0224928
-0.002043,-0.00079,0.0228108,-0.002043,-0.00079,0.0227508
-0.001068,0.001445,0.0228718,-0.001068,0.001445,0.0228118
-0.001537,0.000499,0.0231928,-0.001537,0.000499,0.0231328
-0.001151,0.000382,0.0232098,-0.001151,0.000382,0.0231498
0.001697,0.000389,0.0232658,0.001697,0.000389,0.0232058
0.001371,9e-05,0.0231768,0.001371,9e-05,0.0231168
0.001524,6.2e-05,0.0228808,0.001524,6.2e-05,0.0228208
0.00149,0.000815,0.0232258,0.00149,0.000815,0.0231658
0.001355,0.000848,0.0228918,0.001355,0.000848,0.0228318
0.000702,-0.001566,0.0228948,0.000702,-0.001566,0.0228348
-0.000717,-0.001379,0.0232268,-0.000717,-0.001379,0.0231668
-0.001114,-0.00097,0.0230878,-0.001114,-0.00097,0.0230278
-0.001299,-0.001287,0.0228888,-0.001299,-0.001287,0.0228288
-0.001258,-0.001382,0.0225638,-0.001258,-0.001382,0.0225038
-0.001558,0.000128,0.0232168,-0.001558,0.000128,0.0231568
-0.001936,0.000116,0.0225718,-0.001936,0.000116,0.0225118
5.3e-05,0.002413,0.0231878,5.3e-05,0.002413,0.0231278
-2.1e-05,0.001846,0.0231958,-2.1e-05,0.001846,0.0231358
-0.000127,0.002191,0.0230238,-0.000127,0.002191,0.0229638
-0.001559,-0.001015,0.0228338,-0.001559,-0.001015,0.0227738
0.000985,-0.001346,0.0232118,0.000985,-0.001346,0.0231518
0.001062,-0.001558,0.0228208,0.001062,-0.001558,0.0227608
0.000565,0.001461,0.0232618,0.000565,0.001461,0.0232018
0.000605,0.001882,0.0228168,0.000605,0.001882,0.0227568
0.000195,0.001581,0.0232368,0.000195,0.001581,0.0231768
-0.000511,0.001634,0.0231198,-0.000511,0.001634,0.0230598
-0.000911,0.001148,0.0232098,-0.000911,0.001148,0.0231498
-0.000366,0.001999,0.0229048,-0.000366,0.001999,0.0228448
-0.000461,0.002072,0.0225168,-0.000461,0.002072,0.0224568
0.001372,-0.000908,0.0231908,0.001372,-0.000908,0.0231308
0.001562,-0.000742,0.0228148,0.001562,-0.000742,0.0227548
0.001287,-0.000664,0.0232438,0.001287,-0.000664,0.0231838
0.002059,0.000449,0.0227998,0.002059,0.000449,0.0227398
0.001375,0.000494,0.0231788,0.001375,0.000494,0.0231188
0.001736,0.000594,0.0229448,0.001736,0.000594,0.0228848
0.000977,-0.000816,0.0231758,0.000977,-0.000816,0.0231158
0.001347,-0.001164,0.0228258,0.001347,-0.001164,0.0227658
0.001536,-0.000593,0.0224748,0.001536,-0.000593,0.0224148
0.000509,-0.000448,0.0217058,0.000509,-0.000448,0.0216458
-0.001262,-0.000584,0.0231918,-0.001262,-0.000584,0.0231318
-0.00172,-0.000707,0.0228078,-0.00172,-0.000707,0.0227478
0.000241,-0.001404,0.0231028,0.000241,-0.001404,0.0230428
0.000333,-0.001715,0.0229038,0.000333,-0.001715,0.0228438
0.00103,0.001481,0.0226768,0.00103,0.001481,0.0226168
0.000193,0.001227,0.0232298,0.000193,0.001227,0.0231698
0.000179,0.001452,0.0227988,0.000179,0.001452,0.0227388
-0.000805,-0.001661,0.0229318,-0.000805,-0.001661,0.0228718
0.000617,0.001151,0.0231328,0.000617,0.001151,0.0230728
0.000704,0.0016,0.0227068,0.000704,0.0016,0.0226468
0.0014,0.001369,0.0228018,0.0014,0.001369,0.0227418
-0.001714,0.000982,0.0232968,-0.001714,0.000982,0.0232368
-0.001262,0.000699,0.0231698,-0.001262,0.000699,0.0231098
-0.001457,0.00071,0.0228438,-0.001457,0.00071,0.0227838
0.000653,-0.001032,0.0232358,0.000653,-0.001032,0.0231758
0.00068,-0.001282,0.0226078,0.00068,-0.001282,0.0225478
0.001385,0.001148,0.0225318,0.001385,0.001148,0.0224718
0.001373,-0.000293,0.0232228,0.001373,-0.000293,0.0231628
-0.000318,-0.000471,0.0216098,-0.000318,-0.000471,0.0215498
-0.000539,-0.000954,0.0232048,-0.000539,-0.000954,0.0231448
-0.000927,-0.001303,0.0229238,-0.000927,-0.001303,0.0228638
-0.000534,0.001262,0.0231678,-0.000534,0.001262,0.0231078
-0.000789,0.001138,0.0228438,-0.000789,0.001138,0.0227838
-0.00087,0.001315,0.0225578,-0.00087,0.001315,0.0224978
-0.000354,0.00023,0.0214818,-0.000354,0.00023,0.0214218
-0.001613,0.000351,0.0228628,-0.001613,0.000351,0.0228028
0.001537,-0.000291,0.0228538,0.001537,-0.000291,0.0227938
-2.6e-05,0.001886,0.0227108,-2.6e-05,0.001886,0.0226508
-0.001221,0.000821,0.0225788,-0.001221,0.000821,0.0225188
-1.5e-05,-0.001345,0.0232288,-1.5e-05,-0.001345,0.0231688
0.000218,-0.001026,0.0231408,0.000218,-0.001026,0.0230808
0.00038,-0.001453,0.0227238,0.00038,-0.001453,0.0226638
-0.001164,3.2e-05,0.0232068,-0.001164,3.2e-05,0.0231468
-0.001408,5e-06,0.0229148,-0.001408,5e-06,0.0228548
-0.001611,-0.000443,0.0232948,-0.001611,-0.000443,0.0232348
-0.001154,-0.000263,0.0232508,-0.001154,-0.000263,0.0231908
-0.001548,-0.000296,0.0227458,-0.001548,-0.000296,0.0226858
-0.001079,0.001374,0.0232568,-0.001079,0.001374,0.0231968
-0.001221,0.001049,0.0229268,-0.001221,0.001049,0.0228668
-0.00134,-0.001104,0.0231778,-0.00134,-0.001104,0.0231178
-0.001306,-0.001012,0.0229028,-0.001306,-0.001012,0.0228428
0.000509,0.000232,0.0215948,0.000509,0.000232,0.0215348
0.000714,0.000396,0.0231528,0.000714,0.000396,0.0230928
0.001428,0.000321,0.0228678,0.001428,0.000321,0.0228078
0.001599,0.000498,0.0226198,0.001599,0.000498,0.0225598
0.00088,-0.000358,0.0231728,0.00088,-0.000358,0.0231128
0.001054,0.000709,0.0232428,0.001054,0.000709,0.0231828
0.000601,0.000737,0.0231988,0.000601,0.000737,0.0231388
0.00086,0.000868,0.0229338,0.00086,0.000868,0.0228738
-0.000205,0.00113,0.0231028,-0.000205,0.00113,0.0230428
0.000307,0.001193,0.0225738,0.000307,0.001193,0.0225138
-0.000808,-0.000138,0.0231788,-0.000808,-0.000138,0.0231188
-0.001141,-0.000243,0.0229008,-0.001141,-0.000243,0.0228408
-0.001248,-0.000368,0.0225168,-0.001248,-0.000368,0.0224568
0.000996,-0.000891,0.0227738,0.000996,-0.000891,0.0227138
-0.000445,0.001486,0.0228998,-0.000445,0.001486,0.0228398
0.001093,-0.001247,0.0225438,0.001093,-0.001247,0.0224838
0.000938,-5e-06,0.0232138,0.000938,-5e-06,0.0231538
-0.000178,-0.00157,0.0231568,-0.000178,-0.00157,0.0230968
-1.7e-05,-0.001809,0.0227488,-1.7e-05,-0.001809,0.0226888
-0.000185,-0.000984,0.0232098,-0.000185,-0.000984,0.0231498
-9.3e-05,-0.001244,0.0229518,-9.3e-05,-0.001244,0.0228918
-0.000108,-0.00131,0.0225868,-0.000108,-0.00131,0.0225268
0.000662,-0.000642,0.0232338,0.000662,-0.000642,0.0231738
0.000634,-0.000939,0.0228868,0.000634,-0.000939,0.0228268
0.000597,-0.000216,0.0231748,0.000597,-0.000216,0.0231148
0.0011,-0.000252,0.0228998,0.0011,-0.000252,0.0228398
0.000286,-0.000596,0.0231438,0.000286,-0.000596,0.0230838
0.000281,-0.001024,0.0228338,0.000281,-0.001024,0.0227738
-0.000819,0.000493,0.0230508,-0.000819,0.000493,0.0229908
-0.001283,0.000328,0.0228978,-0.001283,0.000328,0.0228378
0.001049,0.001182,0.0228768,0.001049,0.001182,0.0228168
-0.000687,-0.001475,0.0227118,-0.000687,-0.001475,0.0226518
-0.000577,0.00086,0.0231678,-0.000577,0.00086,0.0231078
-0.000821,0.000786,0.0227888,-0.000821,0.000786,0.0227288
-0.000142,0.001515,0.0229538,-0.000142,0.001515,0.0228938
-0.000645,-0.000563,0.0231008,-0.000645,-0.000563,0.0230408
-0.001251,-0.000789,0.0228098,-0.001251,-0.000789,0.0227498
0.000524,6.3e-05,0.0232488,0.000524,6.3e-05,0.0231888
0.001197,7.1e-05,0.0228168,0.001197,7.1e-05,0.0227568
-2.5e-05,-0.000651,0.0232018,-2.5e-05,-0.000651,0.0231418
-9.8e-05,-0.000976,0.0228408,-9.8e-05,-0.000976,0.0227808
-0.0009,-0.000816,0.0232358,-0.0009,-0.000816,0.0231758
-0.000828,-0.000921,0.0229128,-0.000828,-0.000921,0.0228528
-0.000356,-0.000611,0.0232688,-0.000356,-0.000611,0.0232088
-0.0005,-0.000873,0.0227668,-0.0005,-0.000873,0.0227068
-0.000476,0.000406,0.0231478,-0.000476,0.000406,0.0230878
0.00111,-0.000527,0.0233228,0.00111,-0.000527,0.0232628
0.000877,-0.000549,0.0228518,0.000877,-0.000549,0.0227918
0.000639,0.000631,0.0228828,0.000639,0.000631,0.0228228
-0.00011,0.000777,0.0231738,-0.00011,0.000777,0.0231138
-4.6e-05,0.001167,0.0226338,-4.6e-05,0.001167,0.0225738
-0.000423,0.001277,0.0226908,-0.000423,0.001277,0.0226308
0.0002,-0.000253,0.0232108,0.0002,-0.000253,0.0231508
9.9e-05,-0.000761,0.0227938,9.9e-05,-0.000761,0.0227338
0.000215,-0.000616,0.0225558,0.000215,-0.000616,0.0224958
0.000388,-0.000582,0.0208408,0.000388,-0.000582,0.0207808
-0.000301,-0.000434,0.0208618,-0.000301,-0.000434,0.0208018
-0.000517,6e-05,0.0232218,-0.000517,6e-05,0.0231618
-0.001007,0.000114,0.0229218,-0.001007,0.000114,0.0228618
-0.001233,1.6e-05,0.0225668,-0.001233,1.6e-05,0.0225068
-0.000466,-0.00029,0.0232438,-0.000466,-0.00029,0.0231838
-0.000402,-0.000543,0.0226808,-0.000402,-0.000543,0.0226208
-0.00036,0.000649,0.0228958,-0.00036,0.000649,0.0228358
0.000431,-0.000816,0.0232128,0.000431,-0.000816,0.0231528
0.00058,-0.000557,0.0229378,0.00058,-0.000557,0.0228778
0.000289,0.000402,0.0232368,0.000289,0.000402,0.0231768
0.000237,0.000846,0.0225398,0.000237,0.000846,0.0224798
0.001057,0.000507,0.0228238,0.001057,0.000507,0.0227638
0.000799,0.000948,0.0232848,0.000799,0.000948,0.0232248
0.0006,0.001287,0.0227438,0.0006,0.001287,0.0226838
0.000599,0.000377,0.0227568,0.000599,0.000377,0.0226968
0.000496,0.000319,0.0210018,0.000496,0.000319,0.0209418
0.000252,6.2e-05,0.0232398,0.000252,6.2e-05,0.0231798
0.000775,8e-05,0.0228948,0.000775,8e-05,0.0228348
-8.5e-05,0.000389,0.0231468,-8.5e-05,0.000389,0.0230868
-9.5e-05,0.000848,0.0227828,-9.5e-05,0.000848,0.0227228
-0.000161,-0.000326,0.0232218,-0.000161,-0.000326,0.0231618
-0.000387,-0.000179,0.0229138,-0.000387,-0.000179,0.0228538
-1.3e-05,4.7e-05,0.0231748,-1.3e-05,4.7e-05,0.0231148
-1.7e-05,0.000459,0.0227538,-1.7e-05,0.000459,0.0226938
-0.000384,0.000176,0.0208628,-0.000384,0.000176,0.0208028
-0.000487,0.00044,0.0227068,-0.000487,0.00044,0.0226468
0.00022,-0.000191,0.0227848,0.00022,-0.000191,0.0227248
-4.9e-05,-0.000198,0.0229248,-4.9e-05,-0.000198,0.0228648
-0.000511,-1.2e-05,0.0225258,-0.000511,-1.2e-05,0.0224658
0.00059,-0.000232,0.0227978,0.00059,-0.000232,0.0227378
-0.000266,-7e-05,0.0232678,-0.000266,-7e-05,0.0232078
-7e-05,0.000112,0.0228468,-7e-05,0.000112,0.0227868
0.000343,0.000153,0.0227378,0.000343,0.000153,0.0226778
-0.000915,-0.002476,0.0016248,-0.0009153,-0.0024769,0.0015912
-0.000756,-0.002449,0.0019328,-0.0007563,-0.0024499,0.0018985
-0.00057,-0.002525,0.0016998,-0.0005702,-0.0025259,0.0016661
-0.000281,-0.002501,0.0017968,-0.0002811,-0.0025019,0.0017629
-0.000536,-0.002149,0.0017248,-0.0005362,-0.0021498,0.0016912
-9.3e-05,-0.002193,0.0017858,-9.31e-05,-0.0021938,0.0017521
0.000367,-0.002159,0.0018658,0.0003671,-0.0021598,0.0018319
-7.5e-05,-0.001691,0.0017868,-7.5e-05,-0.0016916,0.0017533
-0.000353,-0.000385,0.0028878,-0.0003531,-0.0003852,0.0028524
-0.001216,-0.002168,0.0017878,-0.0012165,-0.0021688,0.0017539
-0.000478,-0.00179,0.0018508,-0.0004782,-0.0017907,0.0018171
-0.000629,-0.002138,0.0020208,-0.0006292,-0.0021388,0.0019865
-0.000516,-0.002101,0.0028678,-0.0005162,-0.0021019,0.0028316
-0.000504,-0.002188,0.0014268,-0.0005042,-0.0021888,0.0013939
-0.000504,-0.002538,0.0021018,-0.0005042,-0.002539,0.0020671
-5.5e-05,-0.002499,0.0020398,-5.5e-05,-0.0025,0.0020053
-0.00102,-0.002457,0.0020428,-0.0010204,-0.002458,0.0020082
-0.000469,-0.001629,0.0021358,-0.0004692,-0.0016296,0.0021015
-0.000495,-0.002487,0.0024408,-0.0004952,-0.002488,0.0024053
-0.000889,-0.0022,0.0018158,-0.0008894,-0.0022008,0.0017819
-0.000909,-0.001811,0.0017908,-0.0009093,-0.0018117,0.0017571
-0.000746,-0.001787,0.0021318,-0.0007463,-0.0017877,0.0020974
-0.000875,-0.001724,0.0014048,-0.0008753,-0.0017246,0.001372
-0.000868,-0.002174,0.0024658,-0.0008683,-0.0021749,0.0024304
-0.000932,-0.002087,0.0012368,-0.0009323,-0.0020877,0.0012042
-0.00089,-0.002427,0.0028228,-0.0008904,-0.002428,0.0027864
0.000635,-0.00251,0.0017218,0.0006352,-0.0025109,0.001688
0.000932,-0.002599,0.0015838,0.0009323,-0.0025999,0.0015503
0.001009,-0.002016,0.0017428,0.0010094,-0.0020167,0.0017092
0.001361,-0.002062,0.0017428,0.0013615,-0.0020628,0.001709
0.001303,-0.001475,0.0018408,0.0013035,-0.0014756,0.001807
0.000641,-0.00204,0.0017988,0.0006412,-0.0020407,0.0017651
0.00102,-0.001647,0.0019008,0.0010204,-0.0016476,0.0018669
0.000929,-0.002193,0.0019628,0.0009294,-0.0021939,0.0019286
0.001125,-0.002378,0.0026848,0.0011255,-0.002379,0.0026487
0.000402,-0.00045,0.0029638,0.0004022,-0.0004502,0.0029282
0.00113,-0.002015,0.0013928,0.0011304,-0.0020157,0.0013599
0.001077,-0.002485,0.0020588,0.0010774,-0.002486,0.0020242
0.001477,-0.002368,0.0019878,0.0014776,-0.0023689,0.0019533
0.000697,-0.002412,0.0020378,0.0006973,-0.002413,0.0020034
0.000619,-0.001605,0.0017438,0.0006192,-0.0016055,0.0017104
0.000674,-0.001268,0.0016828,0.0006742,-0.0012684,0.0016496
0.00064,-0.00212,0.0021128,0.0006402,-0.0021208,0.0020783
0.000732,-0.002061,0.0013308,0.0007323,-0.0020617,0.001298
0.00032,-0.001712,0.0018488,0.0003201,-0.0017126,0.0018151
0.000685,-0.001721,0.0020688,0.0006852,-0.0017216,0.0020345
0.00066,-0.001677,0.0013438,0.0006602,-0.0016776,0.0013112
0.000209,-0.002006,0.0020658,0.0002091,-0.0020068,0.0020315
0.000342,-0.002409,0.0021358,0.0003422,-0.0024099,0.0021011
0.000798,-0.002522,0.0024758,0.0007983,-0.002523,0.0024402
0.000701,-0.00241,0.0031568,0.0007013,-0.0024111,0.0031196
0.001012,-0.002464,0.0031858,0.0010125,-0.0024652,0.0031484
0.001148,-0.002024,0.0032458,0.0011485,-0.0020249,0.0032085
0.001541,-0.002048,0.0032168,0.0015417,-0.002049,0.0031794
0.001643,-0.002024,0.0035468,0.0016439,-0.002025,0.0035085
0.000621,-0.002127,0.0030528,0.0006213,-0.0021279,0.0030161
0.000549,-0.000423,0.0037018,0.0005493,-0.0004232,0.0036647
0.000492,-0.000376,0.0044298,0.0004924,-0.0003763,0.004391
0.001068,-0.001653,0.0031148,0.0010685,-0.0016537,0.0030781
0.00111,-0.001372,0.0031188,0.0011105,-0.0013726,0.0030823
0.00037,0.00027,0.0029008,0.0003701,0.0002701,0.0028654
0.000975,-0.002218,0.0034778,0.0009755,-0.0022191,0.0034399
0.001044,-0.002484,0.0035268,0.0010445,-0.0024853,0.0034885
0.001351,-0.002326,0.0034078,0.0013517,-0.0023272,0.0033698
0.001084,-0.001728,0.0034498,0.0010846,-0.0017288,0.0034123
0.00109,-0.002556,0.0039278,0.0010906,-0.0025575,0.0038884
0.000815,-0.002067,0.0033118,0.0008154,-0.002068,0.0032745
0.000778,-0.001772,0.0031048,0.0007783,-0.0017728,0.0030682
0.000399,-0.001778,0.0031748,0.0003992,-0.0017788,0.0031381
0.000681,-0.001742,0.0035038,0.0006813,-0.0017429,0.0034663
0.000214,-0.002142,0.0033758,0.0002141,-0.002143,0.0033383
-4.7e-05,-0.002031,0.0035258,-4.7e-05,-0.002032,0.0034881
-0.000256,-0.000502,0.0035858,-0.0002561,-0.0005023,0.003549
0.000733,-0.002117,0.0039278,0.0007334,-0.0021182,0.0038889
0.000254,-0.002592,0.0034618,0.0002541,-0.0025933,0.0034238
0.000767,-0.002515,0.0039308,0.0007674,-0.0025164,0.0038915
-0.000978,-0.001093,0.0017688,-0.0009783,-0.0010934,0.0017354
-0.000591,-0.001184,0.0016388,-0.0005912,-0.0011844,0.0016057
-0.000336,-0.000911,0.0015828,-0.0003361,-0.0009113,0.0015498
-0.000523,-0.000655,0.0016948,-0.0005231,-0.0006552,0.0016617
-0.00017,-0.000635,0.0016988,-0.0001701,-0.0006352,0.0016657
0.00033,-0.000652,0.0016098,0.0003301,-0.0006522,0.0015768
-8e-06,-0.000383,0.0015688,-8e-06,-0.0003831,0.001536
-0.000451,-0.0,0.0029748,-0.0004512,0.0,0.0029393
-0.000315,0.000978,0.0029828,-0.0003151,0.0009784,0.0029469
-0.000821,-0.00051,0.0017858,-0.0008212,-0.0005101,0.0017524
-0.001212,-0.000628,0.0017438,-0.0012124,-0.0006282,0.0017105
-0.000555,-0.000194,0.0019118,-0.0005551,-0.0001941,0.0018783
-0.000593,-0.000587,0.0020208,-0.0005932,-0.0005872,0.001987
-0.000437,-0.00099,0.0020008,-0.0004372,-0.0009903,0.001967
-0.000338,-0.000701,0.0026768,-0.0003381,-0.0007013,0.0026417
-0.000572,-0.00074,0.0013378,-0.0005722,-0.0007402,0.0013053
-5.7e-05,-0.000996,0.0020528,-5.7e-05,-0.0009963,0.0020189
-0.000929,-0.001004,0.0020638,-0.0009293,-0.0010044,0.0020298
-0.000576,-0.000739,0.0023768,-0.0005762,-0.0007393,0.0023422
-0.000909,-0.000697,0.0020718,-0.0009093,-0.0006972,0.0020378
-0.000934,-0.000237,0.0020668,-0.0009343,-0.000237,0.0020328
-0.000908,-0.000618,0.0023998,-0.0009083,-0.0006182,0.0023651
-0.000998,-0.000276,0.0017168,-0.0009983,-0.0002761,0.0016835
-0.000848,-0.000594,0.0013688,-0.0008482,-0.0005942,0.0013363
-0.000966,-0.001389,0.0019978,-0.0009663,-0.0013895,0.0019638
-0.000883,-0.00093,0.0024058,-0.0008833,-0.0009303,0.0023711
-0.000884,-0.001185,0.0027988,-0.0008844,-0.0011855,0.0027632
-0.0024,-0.00135,0.0017888,-0.0024009,-0.0013505,0.0017548
-0.002186,-0.001016,0.0017608,-0.0021868,-0.0010164,0.001727
-0.001959,-0.001237,0.0016878,-0.0019597,-0.0012375,0.0016542
-0.001815,-0.000901,0.0018638,-0.0018157,-0.0009013,0.00183
-0.001583,-0.00127,0.0017078,-0.0015836,-0.0012705,0.0016743
-0.001483,-0.000651,0.0020138,-0.0014835,-0.0006512,0.0019798
-0.001571,-0.00101,0.0020528,-0.0015716,-0.0010104,0.0020186
-0.001596,-0.000985,0.0028638,-0.0015967,-0.0009854,0.0028277
-0.001451,-0.001131,0.0013458,-0.0014515,-0.0011314,0.0013132
-0.002011,-0.000734,0.0016688,-0.0020117,-0.0007342,0.0016353
-0.00232,-0.000682,0.0016828,-0.0023209,-0.0006823,0.0016492
-0.002051,-0.000351,0.0018118,-0.0020517,-0.0003511,0.001778
-0.001874,-2.4e-05,0.0018918,-0.0018747,-2.4e-05,0.0018579
-0.001985,-0.00068,0.0020258,-0.0019857,-0.0006803,0.0019916
-0.002009,-0.000717,0.0012848,-0.0020097,-0.0007172,0.0012522
-0.001908,-0.001018,0.0014728,-0.0019087,-0.0010183,0.0014398
-0.001963,-0.00103,0.0020848,-0.0019638,-0.0010304,0.0020504
-0.002298,-0.001079,0.0020768,-0.0022989,-0.0010794,0.0020422
-0.001944,-0.001046,0.0024058,-0.0019448,-0.0010464,0.0023706
-0.002019,-0.001057,0.0028828,-0.0020199,-0.0010575,0.0028465
-0.002279,-0.000556,0.0019138,-0.0022799,-0.0005562,0.0018797
-0.002277,-0.000652,0.0021808,-0.0022779,-0.0006523,0.0021461
-0.00237,-0.000333,0.0020768,-0.0023709,-0.0003331,0.0020423
-0.002369,-0.000286,0.0017688,-0.0023699,-0.0002861,0.001735
-0.002344,-0.000725,0.0013678,-0.0023448,-0.0007252,0.0013349
-0.002438,-0.001467,0.0021638,-0.002439,-0.0014676,0.0021288
-0.000933,-0.002426,0.0013308,-0.0009333,-0.0024269,0.0012979
-0.000868,-0.002873,0.0009008,-0.0008683,-0.0028741,0.0008689
-0.000612,-0.002785,0.0010688,-0.0006122,-0.002786,0.0010365
-0.001301,-0.002887,0.0009918,-0.0013015,-0.0028881,0.0009596
-0.000935,-0.002439,0.0010108,-0.0009353,-0.0024398,0.0009787
-0.00087,-0.002756,0.0013088,-0.0008703,-0.002757,0.0012759
-0.001318,-0.002524,0.0013488,-0.0013185,-0.0025249,0.0013158
-0.001312,-0.002484,0.0009748,-0.0013125,-0.0024849,0.0009427
-0.001745,-0.00256,0.0009958,-0.0017456,-0.0025609,0.0009636
-0.001187,-0.002087,0.0009388,-0.0011874,-0.0020877,0.0009069
-0.001004,-0.002769,0.0005538,-0.0010044,-0.00277,0.0005228
-0.000993,-0.002488,0.0031998,-0.0009935,-0.0024892,0.0031623
-0.000876,-0.002398,0.0035448,-0.0008765,-0.0023992,0.0035066
-0.000625,-0.002553,0.0031228,-0.0006253,-0.0025542,0.0030855
-0.000312,-0.002451,0.0032158,-0.0003121,-0.0024521,0.0031785
-0.00047,-0.002086,0.0031058,-0.0004702,-0.0020869,0.003069
-5.9e-05,-0.002214,0.0031568,-5.9e-05,-0.002215,0.0031199
-0.001086,-0.000515,0.0043538,-0.0010867,-0.0005154,0.0043148
-0.000611,-0.00179,0.0031408,-0.0006113,-0.0017908,0.0031041
-0.000592,-0.002205,0.0041128,-0.0005924,-0.0022063,0.0040734
-0.00023,-0.000469,0.0045508,-0.0002302,-0.0004694,0.0045117
-0.000489,-0.002457,0.0035378,-0.0004893,-0.0024583,0.0034997
-8.1e-05,-0.002373,0.0034708,-8.1e-05,-0.0023742,0.003433
-0.000431,-0.001854,0.0035508,-0.0004312,-0.0018549,0.0035131
-0.00047,-0.002399,0.0039208,-0.0004702,-0.0024004,0.0038817
-0.001002,-0.001827,0.0032338,-0.0010025,-0.0018278,0.0031967
-0.000808,-0.001834,0.0035468,-0.0008084,-0.0018349,0.003509
-0.000815,-0.002064,0.0040218,-0.0008155,-0.0020652,0.0039827
-0.000809,-0.002523,0.0042228,-0.0008095,-0.0025246,0.0041827
0.002185,-0.001078,0.0016608,0.0021858,-0.0010784,0.0016273
0.00252,-0.001056,0.0017908,0.002521,-0.0010564,0.0017568
0.002466,-0.000691,0.0016608,0.0024669,-0.0006913,0.0016272
0.002852,-0.000564,0.0018478,0.0028531,-0.0005642,0.0018136
0.002064,-0.000568,0.0017798,0.0020648,-0.0005682,0.0017461
0.001594,-0.000675,0.0017278,0.0015945,-0.0006752,0.0016944
0.002414,-0.000366,0.0019088,0.0024149,-0.0003661,0.0018747
0.002554,-0.000669,0.0020608,0.002555,-0.0006693,0.0020262
0.002529,-0.00055,0.0013428,0.0025299,-0.0005502,0.0013099
0.002501,-0.001034,0.0021148,0.002502,-0.0010344,0.00208
0.002837,-0.001183,0.0019578,0.0028382,-0.0011835,0.0019232
0.002116,-0.000939,0.0020268,0.0021168,-0.0009394,0.0019924
0.001642,-0.000937,0.0019848,0.0016426,-0.0009373,0.0019508
0.00249,-0.001055,0.0024348,0.002491,-0.0010554,0.0023992
0.002159,-0.000585,0.0021078,0.0021598,-0.0005852,0.0020733
0.001789,-0.000672,0.0019648,0.0017897,-0.0006722,0.0019307
0.002083,-0.000241,0.0020798,0.0020838,-0.0002411,0.0020454
0.002119,0.000151,0.0021458,0.0021198,0.000151,0.0021113
0.002158,-0.000578,0.0024338,0.0021588,-0.0005782,0.0023985
0.002027,-0.00026,0.0017008,0.0020277,-0.0002601,0.0016673
0.002117,-0.000637,0.0014178,0.0021177,-0.0006372,0.0013848
0.002122,-0.000949,0.0024398,0.0021229,-0.0009493,0.0024044
0.00057,-0.000981,0.0017298,0.0005702,-0.0009813,0.0016965
0.000777,-0.000832,0.0018518,0.0007772,-0.0008323,0.0018183
0.00101,-0.000996,0.0016968,0.0010103,-0.0009963,0.0016635
0.001014,-0.000846,0.0019158,0.0010143,-0.0008463,0.0018821
0.001003,-0.00059,0.0017528,0.0010033,-0.0005902,0.0017195
0.001297,-0.000542,0.0016648,0.0012975,-0.0005422,0.0016316
0.001498,-0.000637,0.0021108,0.0014985,-0.0006372,0.0020766
0.000653,-0.00067,0.0016818,0.0006532,-0.0006702,0.0016486
0.000961,-0.000241,0.0018578,0.0009613,-0.0002411,0.0018243
0.000926,9.9e-05,0.0017758,0.0009263,9.9e-05,0.0017424
0.000381,0.000828,0.0031078,0.0003812,0.0008283,0.0030718
0.00107,-0.000657,0.0020558,0.0010703,-0.0006572,0.0020218
0.000815,-0.000762,0.0012398,0.0008153,-0.0007622,0.0012075
0.001057,-0.00093,0.0021518,0.0010574,-0.0009303,0.0021176
0.001402,-0.000981,0.0021428,0.0014025,-0.0009813,0.0021085
0.000678,-0.000955,0.0021028,0.0006782,-0.0009553,0.0020687
0.001067,-0.000929,0.0024688,0.0010674,-0.0009293,0.0024339
0.00071,-0.000428,0.0018488,0.0007102,-0.0004281,0.0018153
0.000587,-0.000174,0.0018128,0.0005872,-0.0001741,0.0017794
0.000663,-0.000616,0.0020968,0.0006632,-0.0006162,0.0020628
0.000628,-0.000645,0.0028548,0.0006283,-0.0006452,0.0028193
0.000603,-0.000577,0.0013868,0.0006032,-0.0005772,0.0013542
9.9e-05,-0.000664,0.0019018,9.9e-05,-0.0006642,0.0018682
0.000673,-0.00016,0.0021188,0.0006732,-0.0001601,0.0020848
0.000805,0.000192,0.0021518,0.0008052,0.0001921,0.0021177
0.000617,-0.000532,0.0025418,0.0006172,-0.0005322,0.002507
0.000873,-0.000815,0.0020448,0.0008733,-0.0008153,0.0020108
0.000269,-0.000957,0.0020228,0.0002691,-0.0009573,0.0019889
0.000686,-0.000909,0.0024548,0.0006862,-0.0009093,0.00242
0.001278,-0.002867,0.0008138,0.0012785,-0.0028681,0.0007821
0.001357,-0.00246,0.0013438,0.0013575,-0.0024609,0.0013108
0.001433,-0.002887,0.0011938,0.0014336,-0.0028881,0.0011611
0.001058,-0.002952,0.0011998,0.0010584,-0.0029532,0.0011671
0.000953,-0.002385,0.0012878,0.0009533,-0.0023858,0.0012551
0.000644,-0.002963,0.0010258,0.0006442,-0.0029641,0.0009936
0.001058,-0.002565,0.0010368,0.0010583,-0.002566,0.0010046
0.001711,-0.002515,0.0013348,0.0017117,-0.002516,0.0013018
0.001458,-0.0021,0.0013098,0.0014585,-0.0021007,0.001277
0.001295,-0.002673,0.0017358,0.0012955,-0.002674,0.0017018
0.001036,-0.002855,0.0016338,0.0010364,-0.0028561,0.0016001
0.001565,-0.002262,0.0016318,0.0015656,-0.0022628,0.0015982
0.001411,-0.002808,0.0020898,0.0014116,-0.0028092,0.0020549
0.00079,-0.002842,0.0014138,0.0007903,-0.0028431,0.0013806
0.000671,-0.002485,0.0014078,0.0006712,-0.0024859,0.0013748
0.000648,-0.002912,0.0017808,0.0006483,-0.0029131,0.0017467
-0.000138,-0.002841,0.0013928,-0.000138,-0.0028421,0.0013598
-0.000123,-0.002427,0.0014298,-0.000123,-0.0024279,0.0013967
-6.6e-05,-0.002882,0.0009538,-6.6e-05,-0.002883,0.0009218
0.000242,-0.00282,0.0010438,0.0002421,-0.002821,0.0010116
-0.000137,-0.002251,0.0009598,-0.000137,-0.0022517,0.0009279
-0.000408,-0.002538,0.0007138,-0.0004081,-0.0025389,0.0006824
-0.000554,-0.002513,0.0013778,-0.0005542,-0.0025139,0.0013448
-0.000549,-0.002443,0.0010368,-0.0005492,-0.0024439,0.0010047
-0.000504,-0.002119,0.0009508,-0.0005041,-0.0021197,0.000919
-0.000368,-0.002635,0.0005028,-0.0003681,-0.0026359,0.0004719
0.000592,-0.002089,0.0009618,0.0005922,-0.0020897,0.0009299
0.00097,-0.002017,0.0010208,0.0009703,-0.0020177,0.0009888
0.000244,-0.002128,0.0009398,0.0002441,-0.0021287,0.000908
0.000507,-0.001811,0.0009998,0.0005072,-0.0018116,0.0009679
0.000693,-0.002605,0.0010328,0.0006933,-0.0026059,0.0010006
0.000225,-0.001704,0.0010228,0.0002251,-0.0017046,0.0009909
-0.000269,-0.001836,0.0009628,-0.000269,-0.0018366,0.000931
0.000218,-0.001365,0.0010098,0.0002181,-0.0013654,0.000978
0.000338,-0.002265,0.0006938,0.0003381,-0.0022658,0.0006625
0.000288,-0.002463,0.0013698,0.0002881,-0.0024639,0.0013369
0.000297,-0.002442,0.0010508,0.0002971,-0.0024428,0.0010186
6e-05,-0.00213,0.0012148,6e-05,-0.0021307,0.0011823
0.000223,-0.002838,0.0013768,0.0002231,-0.0028391,0.0013437
0.000461,-0.00268,0.0005268,0.0004612,-0.0026809,0.0004958
-0.000171,-0.001942,0.0005728,-0.0001711,-0.0019426,0.0005418
-6.5e-05,-0.002085,0.0014958,-6.5e-05,-0.0020857,0.0014627
-0.000107,-0.001776,0.0013488,-0.000107,-0.0017766,0.0013162
-0.000409,-0.001751,0.0006788,-0.0004091,-0.0017515,0.0006476
-0.000591,-0.001887,0.0013558,-0.0005912,-0.0018877,0.0013231
-0.000649,-0.001812,0.0008838,-0.0006492,-0.0018125,0.0008521
-0.000845,-0.001723,0.0011348,-0.0008453,-0.0017236,0.0011026
-0.000492,-0.001505,0.0010708,-0.0004922,-0.0015055,0.0010388
-0.000338,-0.002249,0.0006648,-0.0003381,-0.0022497,0.0006336
-0.000807,-0.002107,0.0009488,-0.0008073,-0.0021077,0.0009169
0.000616,-0.001097,0.0031558,0.0006163,-0.0010975,0.0031195
0.000911,-0.000887,0.0030768,0.0009114,-0.0008874,0.0030407
0.001163,-0.001045,0.0030548,0.0011635,-0.0010454,0.0030186
0.001126,-0.000625,0.0031218,0.0011265,-0.0006253,0.0030855
0.001615,-0.000574,0.0031368,0.0016157,-0.0005743,0.0031002
0.001424,-0.000624,0.0035338,0.0014247,-0.0006243,0.0034964
0.00031,0.000125,0.0038568,0.0003102,0.0001251,0.0038194
0.000498,0.000141,0.0044278,0.0004984,0.0001411,0.0043891
0.000663,-0.000682,0.0031458,0.0006633,-0.0006823,0.0031097
0.000702,-0.000634,0.0034838,0.0007024,-0.0006343,0.003447
-0.000237,0.000211,0.0035978,-0.0002372,0.0002111,0.003561
0.000452,0.000971,0.0036788,0.0004522,0.0009715,0.0036415
-0.000221,7.4e-05,0.0045158,-0.0002212,7.4e-05,0.0044769
0.001047,-0.000251,0.0030498,0.0010474,-0.0002511,0.0030138
0.001158,-0.000681,0.0034438,0.0011585,-0.0006813,0.0034068
0.001081,-0.00098,0.0034568,0.0010815,-0.0009805,0.0034197
0.001486,-0.000998,0.0035888,0.0014867,-0.0009985,0.0035511
0.001763,-0.001168,0.0035268,0.0017639,-0.0011686,0.003489
0.000711,-0.000999,0.0035378,0.0007114,-0.0009995,0.0035007
0.001076,-0.000948,0.0038608,0.0010766,-0.0009485,0.0038228
0.001077,-0.000984,0.0041988,0.0010777,-0.0009846,0.00416
0.000497,-0.000431,0.0051408,0.0004975,-0.0004315,0.0051002
0.00087,-0.000401,0.0032418,0.0008704,-0.0004012,0.0032055
0.000214,-0.000691,0.0032408,0.0002141,-0.0006913,0.0032047
0.000646,-0.000289,0.0030778,0.0006463,-0.0002891,0.003042
0.00036,-0.000636,0.0035608,0.0003602,-0.0006363,0.003524
-3.3e-05,-0.000672,0.0034728,-3.3e-05,-0.0006724,0.0034362
-0.000268,0.000831,0.0037908,-0.0002681,0.0008315,0.0037534
0.000715,-0.000259,0.0034818,0.0007153,-0.0002591,0.0034451
0.000792,7.6e-05,0.0035778,0.0007924,7.6e-05,0.0035409
0.000743,-0.000567,0.0038648,0.0007434,-0.0005673,0.0038272
0.00079,-0.000884,0.0033368,0.0007904,-0.0008844,0.0033002
0.000377,-0.001084,0.0035138,0.0003772,-0.0010845,0.0034768
0.000794,-0.000926,0.0039178,0.0007945,-0.0009265,0.0038798
0.000542,0.000315,0.0031768,0.0005423,0.0003151,0.0031408
0.001056,0.000773,0.0030968,0.0010565,0.0007733,0.0030606
0.001343,0.000857,0.0031758,0.0013436,0.0008573,0.0031392
0.001676,0.000911,0.0031048,0.0016767,0.0009114,0.0030682
0.00149,0.001142,0.0032898,0.0014907,0.0011425,0.0032528
0.000685,0.000686,0.0031888,0.0006853,0.0006863,0.0031526
-0.000332,0.000896,0.0043648,-0.0003322,0.0008966,0.004326
0.000887,0.001115,0.0031978,0.0008874,0.0011155,0.0031613
0.001038,0.000728,0.0034748,0.0010385,0.0007284,0.0034377
0.000914,0.000829,0.0042058,0.0009146,0.0008295,0.0041671
0.001395,0.000568,0.0035888,0.0013957,0.0005683,0.0035513
0.001636,0.000377,0.0035188,0.0016368,0.0003772,0.0034814
0.000647,0.000465,0.0034688,0.0006473,0.0004652,0.0034321
0.001065,1e-05,0.0034018,0.0010655,1e-05,0.0033651
0.001103,0.000597,0.0039038,0.0011036,0.0005973,0.0038658
0.000563,0.001307,0.0031088,0.0005632,0.0013075,0.0030725
0.000797,0.001591,0.0030978,0.0007973,0.0015917,0.0030613
0.000713,0.000827,0.0035868,0.0007133,0.0008274,0.0035497
0.000207,0.000846,0.0034198,0.0002071,0.0008464,0.0033832
-0.000133,0.000864,0.0035408,-0.0001331,0.0008644,0.0035039
-0.000321,0.00021,0.0052248,-0.0003214,0.0002103,0.005184
0.000679,0.001226,0.0035478,0.0006793,0.0012266,0.0035105
0.000671,0.000809,0.0039778,0.0006714,0.0008095,0.0039398
0.000335,0.000584,0.0035978,0.0003352,0.0005843,0.0035609
0.000816,0.00045,0.0040028,0.0008165,0.0004503,0.0039649
0.000667,0.000571,0.0041968,0.0006675,0.0005714,0.0041585
0.000447,0.000122,0.0052208,0.0004475,0.0001221,0.0051799
0.000496,0.000989,0.0051588,0.0004965,0.0009899,0.0051179
0.000286,0.000156,0.0059858,0.0002863,0.0001562,0.0059427
0.000651,-0.002463,0.0046088,0.0006514,-0.0024647,0.0045678
0.001376,-0.002086,0.0046008,0.0013769,-0.0020874,0.0045599
0.001315,-0.002112,0.0049578,0.001316,-0.0021136,0.0049159
0.00065,-0.00211,0.0046358,0.0006505,-0.0021114,0.0045951
0.000865,-0.002092,0.0050038,0.0008657,-0.0020936,0.0049621
0.000529,-0.000382,0.0058368,0.0005296,-0.0003824,0.0057942
0.001104,-0.001658,0.0045768,0.0011048,-0.0016591,0.0045365
0.001136,-0.002467,0.0048918,0.0011368,-0.0024688,0.0048499
0.001518,-0.002469,0.0049278,0.0015191,-0.0024708,0.0048857
0.000769,-0.002444,0.0049578,0.0007696,-0.0024458,0.0049159
0.001079,-0.001765,0.0048578,0.0010798,-0.0017663,0.0048166
0.001024,-0.002403,0.0052848,0.0010248,-0.0024049,0.005242
0.000276,-0.002135,0.0046058,0.0002762,-0.0021365,0.0045652
0.000638,-0.001713,0.0045838,0.0006384,-0.0017142,0.0045436
0.000351,-0.001751,0.0046338,0.0003512,-0.0017522,0.0045935
0.000672,-0.001784,0.0049018,0.0006725,-0.0017854,0.0048607
0.000144,-0.002164,0.0048498,0.0001441,-0.0021656,0.0048085
-9.9e-05,-0.002136,0.0049168,-9.91e-05,-0.0021376,0.0048754
-0.000368,-0.00046,0.0052318,-0.0003684,-0.0004605,0.0051909
0.000784,-0.002136,0.0054848,0.0007847,-0.0021378,0.0054417
0.000187,-0.002516,0.0048858,0.0001871,-0.0025178,0.0048441
0.001138,-0.001872,0.0007108,0.0011384,-0.0018726,0.0006795
0.001748,-0.002126,0.0013938,0.0017486,-0.0021268,0.0013608
0.001321,-0.001725,0.0013728,0.0013214,-0.0017256,0.00134
0.00176,-0.002158,0.0011018,0.0017606,-0.0021588,0.0010694
0.000868,-0.00196,0.0006738,0.0008683,-0.0019607,0.0006425
0.000951,-0.001696,0.0013118,0.0009513,-0.0016966,0.0012792
0.00106,-0.001666,0.0010208,0.0010603,-0.0016665,0.0009889
0.00201,-0.001212,0.0030858,0.0020109,-0.0012126,0.0030489
0.002086,-0.001026,0.0033218,0.002087,-0.0010265,0.0032843
0.002463,-0.001192,0.0031758,0.0024642,-0.0011926,0.0031383
0.002469,-0.000691,0.0031498,0.0024702,-0.0006913,0.0031126
0.002956,-0.000663,0.0034268,0.0029576,-0.0006634,0.0033885
0.001972,-0.000699,0.0032168,0.0019729,-0.0006993,0.0031798
0.002459,-0.000433,0.0033788,0.0024602,-0.0004332,0.003341
0.002438,-0.001072,0.0035328,0.0024392,-0.0010726,0.0034945
0.002841,-0.00093,0.0035728,0.0028426,-0.0009305,0.0035341
0.00209,-0.001016,0.0035898,0.0020911,-0.0010165,0.0035517
0.002527,-0.00104,0.0038988,0.0025285,-0.0010406,0.0038595
0.002188,-0.000533,0.0033428,0.002189,-0.0005333,0.0033053
0.002088,-0.000732,0.0035598,0.0020891,-0.0007324,0.0035218
0.001717,-0.000772,0.0034898,0.0017178,-0.0007724,0.0034523
0.002163,-0.000275,0.0036158,0.0021641,-0.0002751,0.0035777
0.002113,-0.000598,0.0042558,0.0021143,-0.0005983,0.0042161
0.002013,-0.001347,0.0035238,0.002014,-0.0013477,0.0034858
0.002111,-0.00097,0.0039018,0.0021122,-0.0009706,0.0038629
0.001296,-0.001273,0.0006858,0.0012964,-0.0012734,0.0006546
0.001708,-0.001337,0.0013338,0.0017086,-0.0013375,0.0013011
0.001421,-0.00105,0.0012418,0.0014214,-0.0010503,0.0012094
0.001309,-0.001296,0.0010258,0.0013094,-0.0012964,0.0009938
0.001588,-0.001401,0.0009748,0.0015885,-0.0014015,0.0009429
0.001042,-0.00131,0.0009608,0.0010423,-0.0013104,0.0009291
0.001302,-0.001029,0.0009168,0.0013024,-0.0010293,0.0008851
0.001402,-0.001376,0.0013428,0.0014024,-0.0013765,0.0013101
0.000755,-0.001389,0.0007378,0.0007552,-0.0013895,0.0007065
0.001018,-0.00098,0.0013558,0.0010183,-0.0009803,0.0013232
0.000742,-0.001449,0.0010998,0.0007422,-0.0014495,0.0010677
0.000958,-0.000842,0.0009578,0.0009583,-0.0008423,0.0009261
0.001032,-0.0014,0.0012588,0.0010323,-0.0014005,0.0012264
0.001644,-0.001034,0.0014428,0.0016446,-0.0010343,0.0014099
0.00179,-0.001584,0.0015088,0.0017906,-0.0015846,0.0014756
0.001545,-0.001317,0.0019788,0.0015456,-0.0013175,0.0019447
0.001341,-0.000531,0.0013158,0.0013414,-0.0005312,0.0012833
0.001332,-0.001217,0.0016258,0.0013324,-0.0012174,0.0015926
0.001695,-0.001171,0.0017238,0.0016956,-0.0011714,0.0016902
0.001035,-0.001304,0.0017258,0.0010354,-0.0013044,0.0016924
0.001298,-0.000867,0.0015748,0.0012984,-0.0008673,0.0015418
0.001349,-0.001302,0.0021408,0.0013495,-0.0013025,0.0021064
0.000855,-0.001128,0.0015088,0.0008553,-0.0011284,0.0014759
0.000656,-0.000988,0.0013948,0.0006562,-0.0009883,0.0013623
0.001066,-0.001342,0.0019978,0.0010664,-0.0013425,0.0019638
0.002052,0.000469,0.0017488,0.0020527,0.0004692,0.0017151
0.002511,0.00046,0.0017068,0.0025119,0.0004601,0.0016731
0.002307,0.000557,0.0019078,0.0023079,0.0005572,0.0018737
0.00249,0.000803,0.0017338,0.002491,0.0008033,0.0017
0.002848,0.000789,0.0017938,0.0028492,0.0007893,0.0017597
0.002123,0.000865,0.0017978,0.0021237,0.0008653,0.001764
0.001738,0.000887,0.0017838,0.0017386,0.0008873,0.0017502
0.002533,0.00106,0.0018728,0.002534,0.0010604,0.0018386
0.002327,0.000818,0.0020728,0.0023279,0.0008183,0.0020382
0.002489,0.000662,0.0012198,0.0024899,0.0006622,0.0011872
0.002489,0.000396,0.0021418,0.00249,0.0003962,0.0021071
0.002886,0.000532,0.0021388,0.0028872,0.0005322,0.0021039
0.002569,-6.5e-05,0.0021588,0.00257,-6.5e-05,0.002124
0.00259,0.000426,0.0025428,0.0025911,0.0004262,0.002507
0.002236,0.001321,0.0017108,0.0022368,0.0013215,0.0016771
0.00206,0.001607,0.0017908,0.0020608,0.0016076,0.0017568
0.002011,0.000851,0.0021538,0.0020118,0.0008513,0.0021192
0.002095,0.000869,0.0013748,0.0020957,0.0008693,0.0013419
0.001705,0.00073,0.0021378,0.0017056,0.0007302,0.0021034
0.002092,0.001169,0.0021878,0.0020928,0.0011695,0.002153
0.00205,0.000901,0.0026548,0.0020509,0.0009014,0.002619
0.001968,0.000451,0.0025688,0.0019688,0.0004512,0.0025334
0.000676,0.000401,0.0019058,0.0006762,0.0004011,0.0018722
0.000982,0.000495,0.0018138,0.0009823,0.0004951,0.0017803
0.001013,0.000768,0.0019138,0.0010133,0.0007683,0.0018801
0.001379,0.000802,0.0018488,0.0013795,0.0008023,0.0018152
0.000323,0.0007,0.0017218,0.0003231,0.0007002,0.0016886
0.000967,0.001218,0.0017738,0.0009673,0.0012184,0.0017403
0.000984,0.001522,0.0017178,0.0009843,0.0015225,0.0016844
0.000962,0.000798,0.0012178,0.0009623,0.0007983,0.0011855
0.001359,0.00059,0.0020758,0.0013595,0.0005902,0.0020417
0.000498,0.000357,0.0021208,0.0004981,0.0003571,0.0020869
0.001026,-0.000136,0.0021228,0.0010263,-0.000136,0.0020888
0.000866,0.000481,0.0024438,0.0008663,0.0004812,0.0024091
0.00066,0.001168,0.0019668,0.0006602,0.0011684,0.0019329
0.000748,0.00076,0.0015038,0.0007483,0.0007602,0.0014709
0.00018,0.000757,0.0019638,0.0001801,0.0007572,0.0019301
-9.8e-05,0.000763,0.0020528,-9.8e-05,0.0007632,0.0020189
0.000607,0.001495,0.0020628,0.0006072,0.0014955,0.0020287
0.000677,0.000779,0.0025378,0.0006772,0.0007793,0.0025029
0.000745,0.000572,0.0020898,0.0007452,0.0005722,0.0020558
0.000192,0.000358,0.0020168,0.0001921,0.0003581,0.0019831
0.00053,0.000317,0.0025128,0.0005302,0.0003171,0.0024781
0.001729,-0.002029,0.0019198,0.0017297,-0.0020298,0.0018855
0.001411,-0.001708,0.0020248,0.0014116,-0.0017087,0.0019905
0.001234,-0.002051,0.0020608,0.0012345,-0.0020518,0.0020263
0.001093,-0.002811,0.0020688,0.0010935,-0.0028122,0.0020339
0.001671,-0.002606,0.0021288,0.0016717,-0.0026071,0.0020938
0.00145,-0.002435,0.0028028,0.0014507,-0.0024361,0.0027663
0.001335,-0.00292,0.0024268,0.0013356,-0.0029213,0.0023909
0.001582,-0.002409,0.0024918,0.0015827,-0.00241,0.002456
0.001535,-0.002908,0.0027608,0.0015357,-0.0029094,0.0027241
0.000838,-0.002734,0.0021338,0.0008384,-0.0027352,0.0020989
0.000689,-0.002892,0.0023868,0.0006893,-0.0028933,0.0023512
0.001042,-0.002958,0.0028708,0.0010425,-0.0029594,0.0028338
0.00276,-0.001126,0.0012808,0.002761,-0.0011264,0.0012479
0.002884,-0.001283,0.0009918,0.0028851,-0.0012835,0.0009596
0.002557,-0.001407,0.0010898,0.002558,-0.0014075,0.0010574
0.002879,-0.000996,0.0009888,0.0028801,-0.0009964,0.0009566
0.002543,-0.001003,0.0014498,0.0025439,-0.0010034,0.0014167
0.002532,-0.001017,0.0010508,0.0025329,-0.0010174,0.0010186
0.002558,-0.000598,0.0010158,0.0025589,-0.0005982,0.0009836
0.002608,-0.001438,0.0014218,0.002609,-0.0014386,0.0013886
0.002542,-0.001767,0.0013448,0.002543,-0.0017677,0.0013117
0.002622,-0.001219,0.0004968,0.0026229,-0.0012194,0.0004658
0.00245,-0.000623,0.0007488,0.0024508,-0.0006232,0.0007173
0.002682,-0.000576,0.0007468,0.0026829,-0.0005762,0.0007153
0.002931,-0.000242,0.0013788,0.0029321,-0.0002421,0.0013457
0.002809,-0.000611,0.0009398,0.00281,-0.0006112,0.0009078
0.002828,-8e-05,0.0009948,0.002829,-8e-05,0.0009627
0.002581,-0.000132,0.0013228,0.0025819,-0.0001321,0.00129
0.002528,-0.00028,0.0010388,0.0025289,-0.0002801,0.0010067
0.002427,4.9e-05,0.0010478,0.0024278,4.9e-05,0.0010157
0.003271,-9.7e-05,0.0007508,0.0032722,-9.7e-05,0.0007192
0.003237,-4.1e-05,0.0014868,0.0032383,-4.1e-05,0.0014533
0.002131,0.000549,0.0032148,0.002132,0.0005493,0.0031777
0.002418,0.000338,0.0031398,0.0024191,0.0003381,0.0031027
0.002413,0.000884,0.0031738,0.0024141,0.0008844,0.0031365
0.002812,0.000822,0.0031828,0.0028134,0.0008224,0.0031452
0.002023,0.000897,0.0032588,0.002024,0.0008974,0.0032216
0.002537,0.001187,0.0032768,0.0025383,0.0011876,0.003239
0.002435,0.000398,0.0035368,0.0024363,0.0003982,0.0034987
0.002876,0.000523,0.0034838,0.0028775,0.0005233,0.0034454
0.002079,0.000572,0.0035968,0.0020801,0.0005723,0.0035588
0.002536,0.000443,0.0038928,0.0025374,0.0004433,0.0038536
0.002248,0.001206,0.0033018,0.0022491,0.0012066,0.0032641
0.002105,0.001546,0.0032248,0.002106,0.0015468,0.0031873
0.002087,0.000885,0.0040758,0.0020882,0.0008855,0.0040365
0.001636,0.000821,0.0033528,0.0016368,0.0008214,0.0033157
0.002126,0.001219,0.0035518,0.0021271,0.0012196,0.0035136
0.002073,0.00016,0.0034578,0.002074,0.0001601,0.0034202
0.00202,0.000446,0.0041288,0.0020212,0.0004463,0.0040896
0.00203,-0.001194,0.0046348,0.0020314,-0.0011948,0.0045939
0.002105,-0.000937,0.0048938,0.0021065,-0.0009377,0.0048523
0.002508,-0.00103,0.0043048,0.0025096,-0.0010307,0.0042644
0.002414,-0.001092,0.0046548,0.0024156,-0.0010927,0.0046136
0.002484,-0.000604,0.0045988,0.0024857,-0.0006044,0.0045578
0.002999,-0.0008,0.0045698,0.003001,-0.0008005,0.0045284
0.00211,-0.000515,0.0046368,0.0021114,-0.0005153,0.0045961
0.002057,-0.000553,0.0049608,0.0020586,-0.0005534,0.0049193
0.002471,-0.000262,0.0046938,0.0024727,-0.0002622,0.0046526
0.002546,-0.001037,0.0049678,0.0025479,-0.0010378,0.0049257
0.002911,-0.000941,0.0049328,0.0029131,-0.0009417,0.0048905
0.002502,-0.001006,0.0053218,0.002504,-0.0010068,0.0052788
0.001732,-0.000616,0.0050008,0.0017334,-0.0006165,0.0049595
0.001972,-0.000167,0.0050928,0.0019736,-0.0001672,0.0050511
0.001945,0.000149,0.0050358,0.0019465,0.0001491,0.0049943
0.002099,-0.000589,0.0052878,0.0021007,-0.0005895,0.0052454
0.001632,-0.000931,0.0048768,0.0016332,-0.0009317,0.0048358
0.001978,-0.001387,0.0048998,0.0019794,-0.001388,0.0048582
0.002154,-0.000956,0.0053558,0.0021558,-0.0009568,0.005313
0.0021,-0.000989,0.0056848,0.0021019,-0.0009899,0.0056411
0.00219,-0.00057,0.0006538,0.0021907,-0.0005702,0.0006226
0.00208,-0.000627,0.0009848,0.0020807,-0.0006272,0.0009528
0.001774,-0.000621,0.0009718,0.0017746,-0.0006212,0.00094
0.001884,-0.000335,0.0011508,0.0018846,-0.0003351,0.0011186
0.002092,-0.001021,0.0010538,0.0020927,-0.0010214,0.0010217
0.001771,-0.000449,0.0007188,0.0017716,-0.0004492,0.0006875
0.001658,-0.000646,0.0013208,0.0016586,-0.0006462,0.0012883
0.001552,-0.000409,0.0009438,0.0015525,-0.0004092,0.0009121
0.001673,8.1e-05,0.0010638,0.0016735,8.1e-05,0.0010318
0.001871,-0.00059,0.0004958,0.0018716,-0.0005902,0.000465
0.002787,0.000194,0.0006608,0.002788,0.0001941,0.0006294
0.002911,0.000513,0.0013548,0.0029121,0.0005132,0.0013218
0.00276,0.000366,0.0010138,0.002761,0.0003661,0.0009816
0.002351,0.00068,0.0015378,0.0023519,0.0006802,0.0015045
0.002428,0.00088,0.0009768,0.0024288,0.0008803,0.0009448
0.002584,-8.9e-05,0.0006928,0.0025849,-8.9e-05,0.0006614
0.002612,0.000317,0.0013448,0.0026129,0.0003171,0.0013119
0.002407,-0.001465,0.0019358,0.0024079,-0.0014656,0.0019014
0.002936,-0.001061,0.0027918,0.0029374,-0.0010615,0.0027551
0.0029,-0.001403,0.0024308,0.0029013,-0.0014036,0.0023949
0.002571,-0.001432,0.0025498,0.0025721,-0.0014326,0.0025138
0.003032,-0.001019,0.0024048,0.0030334,-0.0010195,0.002369
0.002676,-0.001309,0.0023848,0.0026772,-0.0013096,0.0023492
0.00235,-0.000742,0.0026048,0.002351,-0.0007423,0.002569
0.002489,-0.000966,0.0028438,0.0024901,-0.0009664,0.0028072
0.002543,-0.001356,0.0028018,0.0025442,-0.0013566,0.0027652
0.002509,-0.00174,0.0028208,0.0025102,-0.0017408,0.002784
0.002278,7.5e-05,0.0007278,0.0022787,7.5e-05,0.0006965
0.002054,0.00051,0.0013948,0.0020547,0.0005101,0.0013619
0.002033,-1.3e-05,0.0013538,0.0020337,-1.3e-05,0.0013211
0.001935,0.000364,0.0010948,0.0019357,0.0003641,0.0010627
0.00141,0.000706,0.0013648,0.0014105,0.0007062,0.0013322
0.001579,0.000467,0.0011158,0.0015795,0.0004672,0.0010837
0.001645,0.00086,0.0010088,0.0016455,0.0008603,0.0009769
0.001687,-0.00013,0.0007738,0.0016876,-0.0001301,0.0007424
0.001393,7.8e-05,0.0013708,0.0013935,7.8e-05,0.0013382
0.002883,0.001107,0.0012828,0.0028841,0.0011074,0.0012499
0.002811,0.00079,0.0010388,0.002812,0.0007902,0.0010065
0.00251,0.00155,0.0013898,0.002511,0.0015506,0.0013567
0.002461,0.001214,0.0010308,0.0024619,0.0012144,0.0009986
0.002477,0.001567,0.0010448,0.0024779,0.0015676,0.0010125
0.00255,0.001244,0.0013508,0.0025509,0.0012444,0.0013178
0.00255,0.000673,0.0007848,0.0025509,0.0006733,0.0007532
0.00293,0.000121,0.0020998,0.0029312,0.0001211,0.0020649
0.002805,-0.000121,0.0017198,0.0028061,-0.0001211,0.001686
0.002418,0.000122,0.0018628,0.0024189,0.0001221,0.0018288
0.002834,0.000355,0.0017428,0.0028351,0.0003551,0.0017088
0.003314,-0.000154,0.0022228,0.0033155,-0.0001541,0.0021874
0.001691,0.001038,0.0006838,0.0016915,0.0010384,0.0006526
0.002202,0.00083,0.0007158,0.0022028,0.0008303,0.0006844
0.002067,0.001206,0.0013998,0.0020677,0.0012064,0.0013668
0.002043,0.00076,0.0010728,0.0020437,0.0007602,0.0010407
0.002101,0.001609,0.0010728,0.0021018,0.0016095,0.0010405
0.001692,0.001566,0.0014118,0.0016926,0.0015665,0.0013788
0.00163,0.001192,0.0009688,0.0016305,0.0011924,0.0009369
0.001808,0.00174,0.0011848,0.0018086,0.0017406,0.0011523
0.001549,0.001303,0.0013468,0.0015495,0.0013035,0.0013141
0.001799,0.000633,0.0007858,0.0017996,0.0006332,0.0007544
0.001754,0.000717,0.0014608,0.0017546,0.0007173,0.0014279
0.002801,0.001643,0.0014418,0.0028022,0.0016437,0.0014084
0.002505,0.002069,0.0013508,0.002506,0.0020699,0.0013177
0.002512,0.001547,0.0018428,0.002513,0.0015476,0.0018086
0.00262,0.001845,0.0014438,0.002621,0.0018458,0.0014104
0.002481,0.001914,0.0016998,0.002482,0.0019147,0.0016658
0.002518,0.002037,0.0021438,0.0025191,0.0020379,0.0021087
0.002614,0.001683,0.0016228,0.002615,0.0016837,0.0015891
0.002401,0.001599,0.0021098,0.002402,0.0015997,0.002075
0.000747,0.00185,0.0017428,0.0007473,0.0018507,0.0017093
0.000708,0.00207,0.0018668,0.0007083,0.0020708,0.0018329
0.001009,0.001831,0.0017538,0.0010094,0.0018317,0.0017202
0.000974,0.002143,0.0016808,0.0009744,0.0021438,0.0016472
0.001315,0.002326,0.0018008,0.0013155,0.0023269,0.0017668
0.000619,0.002324,0.0018448,0.0006192,0.0023249,0.0018108
0.000249,0.002296,0.0019128,0.000249,0.0022969,0.0018787
0.001021,0.002496,0.0018058,0.0010214,0.0024969,0.0017718
0.000879,0.002079,0.0012838,0.0008793,0.0020797,0.0012511
0.001147,0.001817,0.0020868,0.0011475,0.0018177,0.0020524
0.001489,0.001959,0.0020278,0.0014896,0.0019597,0.0019934
0.000676,0.001837,0.0020778,0.0006762,0.0018377,0.0020435
0.000875,0.001383,0.0019168,0.0008753,0.0013835,0.001883
0.001306,0.00192,0.0024118,0.0013065,0.0019208,0.0023766
0.00073,0.002613,0.0020268,0.0007303,0.002614,0.0019922
0.000591,0.002178,0.0021628,0.0005912,0.0021788,0.0021281
0.000742,0.002302,0.0029478,0.0007423,0.002303,0.0029111
0.000664,0.002225,0.0015018,0.0006642,0.0022258,0.0014686
-0.000129,0.002328,0.0020508,-0.000129,0.0023289,0.0020164
0.000702,0.002162,0.0025788,0.0007023,0.0021629,0.0025432
0.000176,0.00217,0.0022608,0.0001761,0.0021708,0.002226
0.000641,0.001868,0.0023928,0.0006413,0.0018687,0.0023578
0.002569,0.000925,0.0014228,0.00257,0.0009254,0.0013897
0.002811,0.00129,0.0019858,0.0028122,0.0012905,0.0019511
0.002389,0.001257,0.0020728,0.0023899,0.0012575,0.0020381
0.002661,0.000663,0.0015278,0.002662,0.0006633,0.0014944
0.001774,0.002433,0.0007528,0.0017747,0.0024339,0.0007212
0.002259,0.002514,0.0008678,0.0022599,0.002515,0.0008359
0.002055,0.002403,0.0010828,0.0020558,0.0024039,0.0010504
0.001648,0.00239,0.0011148,0.0016486,0.0023909,0.0010824
0.002217,0.002234,0.0012888,0.0022179,0.0022349,0.0012559
0.001615,0.002728,0.0010518,0.0016156,0.002729,0.0010195
0.001755,0.002504,0.0009548,0.0017557,0.0025049,0.0009227
0.001626,0.002272,0.0014208,0.0016266,0.0022728,0.0013877
0.001737,0.002502,0.0005138,0.0017376,0.0025029,0.0004828
0.002797,0.001415,0.0005118,0.002798,0.0014155,0.0004808
0.002717,0.001727,0.0005118,0.002718,0.0017277,0.0004808
0.000943,0.001659,0.0007798,0.0009433,0.0016596,0.0007484
0.001221,0.001675,0.0007328,0.0012214,0.0016755,0.0007014
0.001394,0.001715,0.0013598,0.0013944,0.0017156,0.001327
0.001457,0.001499,0.0010228,0.0014575,0.0014995,0.0009908
0.000976,0.001517,0.0010198,0.0009763,0.0015175,0.0009879
0.001352,0.002266,0.0010758,0.0013525,0.0022668,0.0010435
0.001033,0.001877,0.0014498,0.0010333,0.0018777,0.0014169
0.000631,0.001531,0.0010958,0.0006312,0.0015316,0.0010637
0.00103,0.002299,0.0010498,0.0010304,0.0022998,0.0010176
0.000886,0.001402,0.0013388,0.0008863,0.0014025,0.0013062
0.001712,0.001506,0.0020378,0.0017127,0.0015066,0.0020034
0.001675,0.00193,0.0014588,0.0016756,0.0019307,0.0014257
0.001237,0.002178,0.0013888,0.0012375,0.0021788,0.0013558
0.001396,0.001413,0.0016408,0.0013965,0.0014135,0.0016075
0.001649,0.001705,0.0017408,0.0016496,0.0017056,0.0017071
0.001367,0.001545,0.0020908,0.0013675,0.0015456,0.0020564
0.000825,0.001657,0.0015448,0.0008253,0.0016576,0.0015117
0.000695,0.001888,0.0014268,0.0006952,0.0018886,0.0013939
0.000666,0.001567,0.0017888,0.0006662,0.0015676,0.0017552
-0.000819,0.001772,0.0016278,-0.0008193,0.0017727,0.0015945
-0.000792,0.001898,0.0019228,-0.0007923,0.0018987,0.0018888
-0.000582,0.001889,0.0016388,-0.0005822,0.0018897,0.0016055
-0.000283,0.001896,0.0017238,-0.0002831,0.0018967,0.0016903
-0.000458,0.002257,0.0015628,-0.0004582,0.0022578,0.0015295
-3.6e-05,0.00212,0.0016478,-3.6e-05,0.0021208,0.0016144
4e-05,0.001896,0.0019408,4e-05,0.0018967,0.0019069
-0.000853,0.002253,0.0017188,-0.0008533,0.0022538,0.0016851
-0.000437,0.002655,0.0020128,-0.0004372,0.002656,0.0019783
-0.000556,0.002311,0.0019898,-0.0005562,0.0023119,0.0019555
-0.000332,0.002217,0.0027828,-0.0003321,0.0022179,0.0027467
-0.000499,0.001923,0.0021098,-0.0004992,0.0019237,0.0020754
-0.000128,0.002012,0.0022028,-0.0001281,0.0020128,0.0021682
-0.00091,0.001919,0.0021958,-0.0009103,0.0019197,0.0021612
-0.001261,0.001975,0.0021378,-0.0012614,0.0019758,0.0021031
-0.000471,0.001632,0.0020378,-0.0004712,0.0016326,0.0020037
-0.00047,0.001963,0.0025218,-0.0004702,0.0019638,0.0024864
-0.000893,0.002986,0.0016368,-0.0008934,0.0029872,0.001603
-0.000879,0.002299,0.0021088,-0.0008794,0.0022999,0.0020742
-0.000898,0.002386,0.0014058,-0.0008984,0.0023869,0.0013727
-0.000813,0.002716,0.0020138,-0.0008133,0.0027171,0.0019792
-0.000877,0.002353,0.0024518,-0.0008774,0.0023539,0.0024163
-0.000912,0.001579,0.0020688,-0.0009124,0.0015796,0.0020346
-0.000898,0.001252,0.0020948,-0.0008983,0.0012525,0.0020606
-0.000833,0.00202,0.0025428,-0.0008333,0.0020208,0.0025073
-0.000655,0.001901,0.0028918,-0.0006553,0.0019018,0.0028556
0.000735,0.001806,0.0033288,0.0007353,0.0018069,0.0032916
0.000943,0.001984,0.0031478,0.0009434,0.0019849,0.0031108
0.001318,0.002469,0.0032448,0.0013186,0.0024702,0.0032071
0.000646,0.002384,0.0032458,0.0006463,0.0023851,0.0032084
0.00062,0.002278,0.0035838,0.0006203,0.0022792,0.0035457
0.001092,0.002678,0.0032728,0.0010925,0.0026794,0.003235
0.000982,0.001915,0.0035198,0.0009825,0.001916,0.003482
0.001402,0.001902,0.0034678,0.0014027,0.0019029,0.0034299
0.00066,0.001981,0.0036528,0.0006603,0.001982,0.0036147
0.000965,0.001423,0.0034028,0.0009655,0.0014237,0.0033656
0.000997,0.001985,0.0040018,0.0009975,0.0019862,0.0039627
0.000323,0.002337,0.0033578,0.0003231,0.0023381,0.0033202
0.000797,0.002638,0.0031648,0.0007974,0.0026393,0.0031273
1e-06,0.002235,0.0035168,1e-06,0.0022361,0.0034789
0.000621,0.002669,0.0034708,0.0006213,0.0026704,0.0034326
0.000718,0.00227,0.0039238,0.0007184,0.0022713,0.0038848
0.000241,0.00211,0.0036928,0.0002411,0.0021111,0.0036546
0.000628,0.001523,0.0034598,0.0006283,0.0015237,0.0034225
0.000708,0.001971,0.0039898,0.0007084,0.0019721,0.0039509
0.000705,0.001926,0.0043088,0.0007054,0.0019272,0.0042691
-0.001022,0.000391,0.0017448,-0.0010223,0.0003911,0.0017114
-0.000867,0.000695,0.0018808,-0.0008673,0.0006952,0.0018472
-0.000632,0.000374,0.0017958,-0.0006322,0.0003741,0.0017624
-0.000308,0.000395,0.0017768,-0.0003081,0.0003951,0.0017435
-0.000523,0.000779,0.0017058,-0.0005232,0.0007792,0.0016726
-9.1e-05,0.000673,0.0016948,-9.1e-05,0.0006732,0.0016617
-0.000974,0.000818,0.0016028,-0.0009743,0.0008183,0.0015697
-0.000549,0.001177,0.0017118,-0.0005492,0.0011774,0.0016785
-0.000488,0.000891,0.0020298,-0.0004882,0.0008913,0.0019959
-0.000586,0.000718,0.0012188,-0.0005862,0.0007182,0.0011865
-0.000491,0.00039,0.0021238,-0.0004911,0.0003901,0.0020898
-0.00015,0.000389,0.0021528,-0.0001501,0.0003891,0.0021189
-0.000901,0.000425,0.0021138,-0.0009013,0.0004251,0.0020797
-0.00039,0.000443,0.0024658,-0.0003901,0.0004431,0.0024312
-0.000517,0.000369,0.0027648,-0.0005172,0.0003691,0.0027297
-0.0009,0.001263,0.0016998,-0.0009003,0.0012634,0.0016665
-0.000894,0.000868,0.0021288,-0.0008943,0.0008683,0.0020946
-0.000915,0.000792,0.0027378,-0.0009154,0.0007923,0.0027024
-0.000807,0.000914,0.0013268,-0.0008073,0.0009143,0.0012943
-0.000879,0.000876,0.0024548,-0.0008793,0.0008763,0.00242
-0.00085,0.000525,0.0025158,-0.0008503,0.0005252,0.0024809
0.002599,0.00151,0.0027388,0.0026002,0.0015107,0.0027022
0.002529,0.002077,0.0027578,0.0025303,0.002078,0.002721
0.002553,0.001519,0.0031298,0.0025543,0.0015198,0.0030923
0.002549,0.001949,0.0031188,0.0025503,0.00195,0.0030811
0.00254,0.001892,0.0035828,0.0025414,0.001893,0.003544
0.00244,0.001493,0.0034908,0.0024413,0.0014938,0.0034524
0.001994,0.000413,0.0045878,0.0019954,0.0004133,0.0045474
0.002401,0.000492,0.0046128,0.0024026,0.0004923,0.0045719
0.002457,0.000919,0.0045758,0.0024587,0.0009196,0.0045348
0.002843,0.000858,0.0045468,0.0028449,0.0008586,0.0045056
0.002022,0.000789,0.0047058,0.0020234,0.0007896,0.0046649
0.000534,0.001034,0.0058518,0.0005346,0.0010351,0.0058088
0.002535,0.001307,0.0046038,0.0025367,0.0013079,0.0045625
0.002447,0.000478,0.0050148,0.0024488,0.0004784,0.0049728
0.002819,0.000524,0.0050278,0.0028211,0.0005244,0.0049854
0.002078,0.000519,0.0050268,0.0020796,0.0005194,0.0049851
0.002287,8.7e-05,0.0049728,0.0022887,8.71e-05,0.0049311
0.002368,0.000572,0.0052908,0.0023699,0.0005725,0.0052481
0.001745,0.000808,0.0045618,0.0017462,0.0008085,0.0045216
0.002168,0.001116,0.0046368,0.0021695,0.0011168,0.0045958
0.002202,0.001509,0.0045908,0.0022035,0.00151,0.0045497
0.001683,0.000943,0.0048298,0.0016842,0.0009437,0.0047889
0.002039,0.000891,0.0053628,0.0020407,0.0008918,0.0053201
0.001635,0.000583,0.0048068,0.0016362,0.0005835,0.0047662
0.002127,0.000552,0.0053888,0.0021288,0.0005525,0.0053461
0.002008,0.000516,0.0056488,0.0020098,0.0005165,0.0056054
0.001308,0.000962,0.0007178,0.0013084,0.0009623,0.0006866
0.001254,0.001059,0.0013918,0.0012544,0.0010593,0.0013591
0.001308,0.000732,0.0010118,0.0013084,0.0007322,0.0009799
0.00097,0.001099,0.0014478,0.0009703,0.0010993,0.001415
0.000626,0.000666,0.0010068,0.0006262,0.0006662,0.000975
0.002102,0.001574,0.0014338,0.0021027,0.0015746,0.0014007
0.001805,0.00106,0.0012718,0.0018056,0.0010603,0.0012392
0.001798,0.001335,0.0016188,0.0017987,0.0013355,0.0015854
0.001622,0.001261,0.0021898,0.0016226,0.0012615,0.0021552
0.001716,0.000415,0.0018878,0.0017166,0.0004151,0.001854
0.002506,0.001017,0.0022258,0.002507,0.0010174,0.0021908
0.002858,0.000881,0.0028378,0.0028593,0.0008815,0.002801
0.00279,0.000764,0.0025108,0.0027912,0.0007644,0.0024749
0.002465,0.00085,0.0026138,0.002466,0.0008503,0.0025779
0.002403,0.001205,0.0025158,0.002404,0.0012055,0.00248
0.002563,0.001628,0.0024808,0.0025641,0.0016287,0.0024449
0.002597,0.001245,0.0029038,0.0025982,0.0012455,0.0028669
0.002584,0.000724,0.0022978,0.002585,0.0007243,0.0022626
0.001178,0.002361,0.0007398,0.0011784,0.0023618,0.0007083
0.000689,0.002249,0.0010408,0.0006892,0.0022498,0.0010087
0.001005,0.003039,0.0010018,0.0010054,0.0030402,0.0009696
0.000422,0.002872,0.0009378,0.0004222,0.0028731,0.0009058
0.000681,0.003008,0.0015748,0.0006813,0.0030091,0.0015411
0.000605,0.003036,0.0011958,0.0006052,0.0030372,0.0011631
0.000278,0.003013,0.0011448,0.0002781,0.0030141,0.0011123
-0.000102,0.003063,0.0014878,-0.0001021,0.0030642,0.0014544
0.000289,0.002287,0.0010498,0.0002891,0.0022878,0.0010177
0.000529,0.002335,0.0007728,0.0005292,0.0023358,0.0007413
0.00067,0.00264,0.0014958,0.0006703,0.002641,0.0014625
0.000284,0.002653,0.0011168,0.0002841,0.002654,0.0010845
0.000699,0.002714,0.0011008,0.0006993,0.002715,0.0010684
-9.6e-05,0.002647,0.0011038,-9.6e-05,0.0026479,0.0010714
0.000303,0.002656,0.0014898,0.0003031,0.002657,0.0014565
0.00026,0.002252,0.0014848,0.0002601,0.0022528,0.0014517
-8.1e-05,0.002328,0.0014538,-8.1e-05,0.0023288,0.0014208
0.00093,0.002291,0.0014748,0.0009303,0.0022918,0.0014416
0.001877,0.002173,0.0016318,0.0018777,0.0021738,0.0015981
0.001275,0.002284,0.0021888,0.0012755,0.0022849,0.0021539
0.000789,0.002451,0.0016788,0.0007893,0.0024519,0.0016451
0.000951,0.002914,0.0013818,0.0009514,0.0029151,0.0013487
0.001097,0.002599,0.0020718,0.0010974,0.0026001,0.0020371
0.001666,0.002286,0.0020408,0.0016667,0.0022869,0.0020061
0.002078,0.002286,0.0018918,0.0020788,0.0022869,0.0018573
0.002199,0.002405,0.0022118,0.0021999,0.0024061,0.0021764
0.001762,0.002755,0.0020518,0.0017628,0.0027562,0.0020169
0.001917,0.002212,0.0023348,0.0019178,0.0022129,0.0022993
0.001653,0.002317,0.0027208,0.0016537,0.002318,0.0026844
0.00162,0.002544,0.0023658,0.0016207,0.0025451,0.0023302
0.001661,0.002705,0.0028298,0.0016618,0.0027063,0.0027929
-0.000407,0.003078,0.0010268,-0.0004071,0.0030792,0.0009945
-7.7e-05,0.003009,0.0011008,-7.7e-05,0.0030101,0.0010684
-0.000336,0.003334,0.0008328,-0.0003361,0.0033353,0.0008009
-0.000598,0.002987,0.0013808,-0.0005982,0.0029882,0.0013477
-0.001021,0.002951,0.0012828,-0.0010214,0.0029522,0.0012499
-0.00071,0.001815,0.0032948,-0.0007103,0.0018158,0.0032577
-0.000368,0.002012,0.0032438,-0.0003682,0.0020129,0.0032068
-0.000426,0.002323,0.0031258,-0.0004262,0.002324,0.0030888
-0.00011,0.002369,0.0032348,-0.0001101,0.0023701,0.0031975
-0.000932,0.00247,0.0031518,-0.0009324,0.0024712,0.0031145
-0.000472,0.002665,0.0032238,-0.0004722,0.0026663,0.0031863
-0.000436,0.002284,0.0043368,-0.0004363,0.0022855,0.0042967
-0.000469,0.001925,0.0035808,-0.0004692,0.001926,0.003543
-0.000104,0.001919,0.0035168,-0.000104,0.0019199,0.0034792
-0.000823,0.00197,0.0035908,-0.0008234,0.001971,0.0035528
-0.001238,0.002077,0.0035668,-0.0012386,0.002078,0.0035286
-0.00041,0.001552,0.0033558,-0.0004102,0.0015527,0.0033188
-0.000469,0.001967,0.0039458,-0.0004693,0.0019681,0.003907
-0.000772,0.002188,0.0032248,-0.0007724,0.002189,0.0031876
-0.000896,0.002976,0.0030258,-0.0008965,0.0029775,0.0029884
-0.000899,0.002319,0.0035338,-0.0008995,0.0023202,0.0034957
-0.00085,0.002758,0.0036188,-0.0008505,0.0027595,0.0035801
-0.000848,0.002353,0.0039628,-0.0008485,0.0023543,0.0039235
-0.000862,0.001582,0.0035188,-0.0008624,0.0015828,0.0034813
-0.000838,0.001164,0.0035408,-0.0008384,0.0011646,0.0035035
-0.000889,0.001939,0.0039668,-0.0008895,0.0019401,0.0039279
-0.000878,0.001911,0.0043638,-0.0008785,0.0019122,0.0043239
0.000733,0.001933,0.0047048,0.0007335,0.0019344,0.004664
0.001045,0.001926,0.0046468,0.0010457,0.0019273,0.0046061
0.001074,0.002252,0.0045998,0.0010747,0.0022535,0.0045588
0.001479,0.002221,0.0045258,0.00148,0.0022225,0.0044849
0.00068,0.002317,0.0046148,0.0006804,0.0023186,0.0045739
0.000637,0.002196,0.0049338,0.0006375,0.0021976,0.0048922
-8.3e-05,0.000852,0.0050108,-8.31e-05,0.0008528,0.0049704
0.000998,0.002763,0.0045438,0.0009987,0.0027648,0.0045026
0.000976,0.00197,0.0050238,0.0009768,0.0019715,0.004982
0.001306,0.001898,0.0051268,0.001307,0.0018995,0.0050847
0.000658,0.001881,0.0050278,0.0006585,0.0018825,0.0049862
0.000935,0.001679,0.0048418,0.0009357,0.0016802,0.0048009
0.00112,0.001961,0.0053598,0.0011209,0.0019626,0.005317
0.000293,0.002269,0.0047788,0.0002932,0.0022706,0.0047376
0.00075,0.00263,0.0046348,0.0007505,0.0026318,0.0045935
-2.6e-05,0.002328,0.0048858,-2.6e-05,0.0023297,0.0048443
-0.000353,0.000926,0.0056848,-0.0003534,0.000927,0.0056425
0.00075,0.002641,0.0050118,0.0007505,0.002643,0.0049695
0.000649,0.002271,0.0053568,0.0006495,0.0022729,0.005314
0.000332,0.002029,0.0050068,0.0003323,0.0020306,0.0049652
0.00065,0.001525,0.0047828,0.0006505,0.0015261,0.0047423
0.000783,0.002057,0.0052558,0.0007837,0.0020587,0.0052134
0.000648,0.00197,0.0055608,0.0006486,0.0019717,0.0055177
-7.7e-05,0.00267,0.0014698,-7.7e-05,0.002671,0.0014366
-0.000105,0.002274,0.0011088,-0.000105,0.0022748,0.0010766
-0.000477,0.002265,0.0011598,-0.0004772,0.0022658,0.0011274
-0.000459,0.002675,0.0011178,-0.0004592,0.0026759,0.0010854
-0.000835,0.002706,0.0011208,-0.0008353,0.0027069,0.0010883
-0.000425,0.002672,0.0015188,-0.0004251,0.002673,0.0014855
0.000262,0.001544,0.0008838,0.0002621,0.0015445,0.0008522
0.00048,0.001607,0.0008888,0.0004801,0.0016075,0.0008571
0.000613,0.001527,0.0014478,0.0006132,0.0015275,0.001415
0.000313,0.001749,0.0008818,0.0003131,0.0017496,0.0008502
0.000223,0.001894,0.0010848,0.0002231,0.0018946,0.0010527
0.000715,0.001851,0.0009938,0.0007152,0.0018516,0.0009619
-0.000107,0.0019,0.0010978,-0.000107,0.0019007,0.0010657
0.000229,0.00191,0.0014358,0.0002291,0.0019106,0.0014029
0.000262,0.001532,0.0014568,0.0002621,0.0015325,0.001424
-8.4e-05,0.001526,0.0014488,-8.41e-05,0.0015265,0.001416
0.000314,0.003116,0.0019588,0.0003141,0.0031173,0.0019242
0.00074,0.002984,0.0019998,0.0007403,0.0029852,0.0019651
0.000595,0.003178,0.0021438,0.0005953,0.0031794,0.0021086
0.000697,0.003053,0.0024358,0.0006973,0.0030544,0.0024
0.001031,0.003036,0.0024478,0.0010315,0.0030374,0.0024119
0.000735,0.00308,0.0028498,0.0007354,0.0030815,0.0028129
0.000394,0.003338,0.0021668,0.0003942,0.0033395,0.0021315
0.000328,0.003107,0.0027998,0.0003282,0.0031085,0.002763
-2.3e-05,0.00319,0.0029348,-2.3e-05,0.0031916,0.0028976
0.000348,0.003229,0.0031368,0.0003482,0.0032307,0.0030991
-0.001153,0.002389,0.0009228,-0.0011534,0.0023898,0.0008909
-0.000895,0.00271,0.0014188,-0.0008953,0.002711,0.0013856
-0.00088,0.002315,0.0011038,-0.0008803,0.0023158,0.0010715
-0.001302,0.002307,0.0011378,-0.0013024,0.0023078,0.0011054
-0.000811,0.003092,0.0010698,-0.0008113,0.0030932,0.0010374
-0.001133,0.002579,0.0007918,-0.0011334,0.0025799,0.0007602
-0.001221,0.002704,0.0010258,-0.0012215,0.002705,0.0009936
-0.001744,0.002713,0.0009998,-0.0017447,0.002714,0.0009676
-0.001285,0.002339,0.0014238,-0.0012855,0.0023399,0.0013907
-0.001628,0.002368,0.0014518,-0.0016286,0.0023689,0.0014186
-0.000498,0.001543,0.0008438,-0.0004981,0.0015435,0.0008123
-0.00011,0.001863,0.0014218,-0.00011,0.0018636,0.001389
-0.000114,0.00153,0.0011018,-0.000114,0.0015305,0.0010697
-0.000475,0.001549,0.0011628,-0.0004752,0.0015495,0.0011306
-0.000477,0.001914,0.0011258,-0.0004772,0.0019147,0.0010936
-0.000877,0.001933,0.0011088,-0.0008773,0.0019337,0.0010766
-0.000435,0.001939,0.0014128,-0.0004351,0.0019397,0.00138
-0.000647,0.001465,0.0015098,-0.0006472,0.0014655,0.0014769
-0.000957,0.001592,0.0014568,-0.0009573,0.0015926,0.0014239
-0.000415,0.001582,0.0005548,-0.0004151,0.0015825,0.0005239
-0.000449,0.003006,0.0020188,-0.0004492,0.0030072,0.0019841
-0.000113,0.003101,0.0019778,-0.000113,0.0031023,0.0019432
-9.4e-05,0.003123,0.0024288,-9.4e-05,0.0031244,0.002393
-0.000492,0.002992,0.0025148,-0.0004922,0.0029933,0.0024788
-0.000452,0.003037,0.0028798,-0.0004522,0.0030385,0.0028428
-0.0009,0.003131,0.0027788,-0.0009004,0.0031325,0.002742
-0.000522,0.002987,0.0031798,-0.0005223,0.0029885,0.0031421
-0.001982,0.002324,0.0007878,-0.0019828,0.0023249,0.0007561
-0.00176,0.002442,0.0008538,-0.0017607,0.0024429,0.000822
-0.001624,0.002791,0.0015758,-0.0016247,0.0027921,0.0015421
-0.00163,0.002343,0.0010788,-0.0016306,0.0023439,0.0010465
-0.001953,0.002396,0.0010858,-0.0019537,0.0023969,0.0010534
-0.002002,0.002327,0.0014848,-0.0020028,0.0023279,0.0014514
-0.002394,0.002418,0.0014768,-0.002395,0.002419,0.0014433
-0.001896,0.002364,0.0005248,-0.0018967,0.0023649,0.0004938
-0.002362,0.000319,0.0017888,-0.0023629,0.0003191,0.001755
-0.002057,0.000166,0.0020398,-0.0020578,0.0001661,0.0020055
-0.002018,0.000343,0.0017458,-0.0020188,0.0003431,0.0017122
-0.001784,0.000381,0.0019088,-0.0017846,0.0003811,0.0018749
-0.001567,0.000396,0.0016568,-0.0015676,0.0003961,0.0016235
-0.001616,0.000711,0.0017608,-0.0016166,0.0007112,0.0017273
-0.001572,0.001229,0.0019838,-0.0015726,0.0012294,0.0019497
-0.00168,9.4e-05,0.0017238,-0.0016806,9.4e-05,0.0016904
-0.001584,0.000547,0.0020668,-0.0015845,0.0005472,0.0020326
-0.001559,0.00053,0.0026948,-0.0015596,0.0005302,0.0026593
-0.00153,0.000451,0.0012488,-0.0015305,0.0004512,0.0012164
-0.001916,0.00076,0.0018808,-0.0019167,0.0007603,0.0018469
-0.002254,0.000913,0.0017378,-0.0022549,0.0009133,0.001704
-0.001966,0.001113,0.0018278,-0.0019667,0.0011134,0.0017939
-0.002065,0.000995,0.0020488,-0.0020658,0.0009954,0.0020144
-0.002013,0.000598,0.0013088,-0.0020137,0.0005982,0.0012761
-0.00199,0.000495,0.0021308,-0.0019907,0.0004952,0.0020963
-0.002309,0.000447,0.0021108,-0.0023099,0.0004471,0.0020763
-0.001934,0.000594,0.0024908,-0.0019348,0.0005943,0.0024555
-0.002199,0.001308,0.0016888,-0.0021998,0.0013085,0.0016551
-0.002257,0.000807,0.0020988,-0.0022578,0.0008073,0.0020642
-0.002216,0.000774,0.0013348,-0.0022168,0.0007742,0.001302
-0.001519,0.000893,0.0020178,-0.0015196,0.0008933,0.0019837
-0.002313,0.001238,0.0020708,-0.0023139,0.0012385,0.0020362
-0.002387,0.000848,0.0025288,-0.002388,0.0008483,0.0024931
-0.002271,-2e-06,0.0021218,-0.0022719,-2e-06,0.0020872
-0.002321,0.000451,0.0025578,-0.0023219,0.0004512,0.0025221
-0.00088,0.001905,0.0014048,-0.0008803,0.0019057,0.0013719
-0.000916,0.001605,0.0011148,-0.0009163,0.0016056,0.0010827
-0.001269,0.001571,0.0010988,-0.0012694,0.0015715,0.0010667
-0.001272,0.001947,0.0010668,-0.0012724,0.0019476,0.0010346
-0.001312,0.001981,0.0013728,-0.0013124,0.0019817,0.0013399
-0.001295,0.001606,0.0014158,-0.0012954,0.0016065,0.001383
-0.001628,0.001553,0.0014288,-0.0016286,0.0015535,0.0013958
-0.001023,0.001612,0.0005738,-0.0010233,0.0016125,0.0005428
-0.001826,0.001773,0.0008598,-0.0018267,0.0017736,0.0008281
-0.00164,0.001947,0.0014128,-0.0016406,0.0019477,0.0013797
-0.00164,0.001614,0.0010448,-0.0016406,0.0016146,0.0010127
-0.001994,0.001571,0.0010718,-0.0019947,0.0015715,0.0010396
-0.002021,0.001979,0.0010768,-0.0020217,0.0019797,0.0010445
-0.002451,0.00199,0.0009758,-0.002452,0.0019908,0.0009436
-0.002014,0.001966,0.0014418,-0.0020147,0.0019667,0.0014086
-0.002008,0.001557,0.0014608,-0.0020087,0.0015576,0.0014276
-0.00241,0.002027,0.0014498,-0.002411,0.0020278,0.0014165
-0.002384,0.001525,0.0010618,-0.0023849,0.0015255,0.0010295
-0.002709,0.001681,0.0010498,-0.0027101,0.0016816,0.0010174
-0.002544,0.002426,0.0009628,-0.002545,0.002427,0.0009306
-0.002822,0.001575,0.0013358,-0.0028231,0.0015756,0.0013027
-0.00234,0.00042,0.0032468,-0.0023411,0.0004202,0.0032095
-0.002003,0.000419,0.0030448,-0.0020039,0.0004192,0.0030082
-0.001776,0.000518,0.0032948,-0.0017768,0.0005182,0.0032577
-0.001504,0.000454,0.0031008,-0.0015047,0.0004542,0.0030644
-0.001613,0.000821,0.0031588,-0.0016137,0.0008214,0.0031221
-0.001614,0.000878,0.0035038,-0.0016148,0.0008784,0.0034663
-0.001544,0.00011,0.0031588,-0.0015447,0.00011,0.0031223
-0.001619,0.000513,0.0035508,-0.0016198,0.0005132,0.0035133
-0.001607,0.000508,0.0042058,-0.001608,0.0005083,0.0041667
-0.002404,0.000794,0.0031468,-0.0024051,0.0007944,0.0031096
-0.002039,0.001272,0.0031438,-0.0020399,0.0012726,0.0031067
-0.002023,0.001622,0.0031438,-0.0020239,0.0016228,0.0031066
-0.001928,0.000809,0.0034738,-0.0019289,0.0008094,0.0034362
-0.001983,0.000383,0.0035138,-0.001984,0.0003832,0.0034761
-0.002352,0.000333,0.0035898,-0.0023532,0.0003332,0.0035516
-0.001932,0.000127,0.0036548,-0.001933,0.0001271,0.0036168
-0.001935,-0.000365,0.0035928,-0.001936,-0.0003652,0.003555
-0.001878,0.000422,0.0039658,-0.0018791,0.0004222,0.0039271
-0.002235,0.001033,0.0031998,-0.0022361,0.0010335,0.0031625
-0.002367,0.000887,0.0034688,-0.0023682,0.0008874,0.0034308
-0.002292,0.001246,0.0034868,-0.0022932,0.0012466,0.0034487
-0.002353,0.000824,0.0038868,-0.0023543,0.0008245,0.0038477
-0.002136,1e-06,0.0034878,-0.0021371,1e-06,0.0034501
-0.00242,0.000458,0.0039708,-0.0024214,0.0004582,0.0039315
-0.002728,0.000977,0.0007428,-0.002729,0.0009774,0.0007113
-0.002497,0.001008,0.0006988,-0.0024978,0.0010083,0.0006674
-0.002339,0.00112,0.0014108,-0.0023398,0.0011204,0.0013777
-0.002344,0.000741,0.0009668,-0.0023448,0.0007413,0.0009348
-0.002015,0.000752,0.0010308,-0.0020157,0.0007523,0.0009988
-0.002728,0.001251,0.0009588,-0.002729,0.0012515,0.0009267
-0.002327,0.001071,0.0010758,-0.0023278,0.0010714,0.0010436
-0.002556,0.000677,0.0007118,-0.0025569,0.0006773,0.0006804
-0.002552,0.000365,0.0011148,-0.0025529,0.0003651,0.0010825
-0.002825,0.000702,0.0012538,-0.002826,0.0007022,0.001221
-0.001583,0.000804,0.0014298,-0.0015835,0.0008043,0.001397
-0.001613,0.001163,0.0013918,-0.0016135,0.0011634,0.001359
-0.001559,0.0008,0.0010198,-0.0015595,0.0008002,0.0009879
-0.001249,0.0009,0.0009418,-0.0012494,0.0009003,0.0009101
-0.001874,0.001104,0.0010708,-0.0018746,0.0011044,0.0010387
-0.00153,0.00135,0.0011458,-0.0015305,0.0013505,0.0011136
-0.001974,0.001003,0.0014468,-0.0019747,0.0010034,0.0014138
-0.001813,0.00055,0.0008078,-0.0018136,0.0005502,0.0007763
-0.001839,0.000303,0.0011018,-0.0018396,0.0003031,0.0010697
-0.002161,2.3e-05,0.0012898,-0.0021618,2.3e-05,0.0012572
-0.00227,0.000446,0.0014028,-0.0022708,0.0004462,0.0013699
-0.002361,4.7e-05,0.0009858,-0.0023618,4.7e-05,0.0009538
-0.001998,-8.7e-05,0.0009888,-0.0019987,-8.7e-05,0.0009569
-0.002165,0.000375,0.0010308,-0.0021657,0.0003751,0.0009988
-0.002381,-0.000322,0.0010938,-0.0023818,-0.0003221,0.0010615
-0.002626,0.000366,0.0014788,-0.002627,0.0003661,0.0014456
-0.003209,0.000436,0.0010948,-0.0032103,0.0004362,0.0010623
-0.002548,-0.000157,0.0007378,-0.0025488,-0.0001571,0.0007063
-0.002669,-0.000409,0.0012828,-0.00267,-0.0004092,0.00125
-0.002965,0.00016,0.0010438,-0.0029661,0.00016,0.0010116
-0.002837,-0.000332,0.0009708,-0.002838,-0.0003321,0.0009387
-0.002655,0.001003,0.0013898,-0.002656,0.0010033,0.0013567
-0.002409,0.00089,0.0014868,-0.0024099,0.0008903,0.0014536
-0.002785,0.001192,0.0017338,-0.0027861,0.0011925,0.0016998
-0.002682,0.000857,0.0017418,-0.002683,0.0008573,0.0017079
-0.002489,0.000677,0.0015858,-0.0024899,0.0006773,0.0015524
-0.002659,0.000408,0.0018538,-0.00266,0.0004081,0.0018196
-0.00281,0.001011,0.0019908,-0.0028111,0.0010114,0.0019562
-0.002753,0.001769,0.0021858,-0.0027542,0.0017698,0.0021505
-0.002316,0.001577,0.0019088,-0.0023169,0.0015776,0.0018745
-0.002486,0.001609,0.0021768,-0.002487,0.0016097,0.0021417
-0.002393,0.002034,0.0020628,-0.002394,0.0020349,0.0020279
-0.002002,0.002113,0.0020278,-0.0020028,0.0021138,0.0019931
-0.002323,0.002546,0.0020368,-0.002324,0.0025471,0.0020018
-0.002375,0.001994,0.0028118,-0.0023761,0.0019949,0.002775
-0.002361,0.001561,0.0024558,-0.002362,0.0015617,0.0024201
-0.001981,0.001613,0.0025068,-0.0019818,0.0016137,0.0024712
-0.002736,0.001618,0.0024798,-0.0027373,0.0016187,0.0024438
-0.002359,0.002553,0.0024488,-0.0023601,0.0025542,0.0024127
-0.002332,0.001661,0.0028168,-0.0023331,0.0016618,0.0027802
-0.002681,0.001611,0.0031928,-0.0026824,0.0016118,0.003155
-0.003266,0.001326,0.0003248,-0.0032673,0.0013265,0.0002942
-0.002896,0.001406,0.0003878,-0.0028971,0.0014065,0.0003571
-0.003134,-0.000313,0.0014688,-0.0031353,-0.0003131,0.0014354
-0.003052,-0.000741,0.0010278,-0.0030532,-0.0007413,0.0009955
-0.00264,-0.000678,0.0010968,-0.0026409,-0.0006782,0.0010645
-0.003225,-0.000454,0.0011658,-0.0032262,-0.0004542,0.0011331
-0.003246,-0.000469,0.0005088,-0.0032473,-0.0004692,0.0004778
-0.002417,-0.001194,0.0032178,-0.0024182,-0.0011946,0.0031803
-0.001996,-0.001197,0.0031908,-0.0019969,-0.0011976,0.0031537
-0.001884,-0.001008,0.0033998,-0.0018849,-0.0010085,0.0033623
-0.001679,-0.000883,0.0031398,-0.0016797,-0.0008834,0.0031031
-0.001499,-0.000566,0.0032518,-0.0014997,-0.0005663,0.003215
-0.001617,-0.000868,0.0035348,-0.0016178,-0.0008684,0.0034972
-0.001553,-0.000889,0.0042868,-0.001554,-0.0008895,0.0042474
-0.001982,-0.000717,0.0031538,-0.0019829,-0.0007173,0.0031169
-0.002321,-0.000617,0.0032008,-0.0023221,-0.0006173,0.0031636
-0.001925,-0.000278,0.0032498,-0.0019259,-0.0002781,0.0032128
-0.002063,-0.000727,0.0034998,-0.002064,-0.0007274,0.003462
-0.001933,-0.000943,0.0036278,-0.001934,-0.0009435,0.0035897
-0.002391,-0.000989,0.0036418,-0.0023923,-0.0009895,0.0036033
-0.00199,-0.000989,0.0039388,-0.0019911,-0.0009896,0.0038999
-0.002149,-0.000472,0.0033798,-0.00215,-0.0004722,0.0033423
-0.002333,-0.000689,0.0035598,-0.0023342,-0.0006894,0.0035216
-0.001594,-0.000554,0.0036228,-0.0015948,-0.0005543,0.0035851
-0.002352,-0.000272,0.0036008,-0.0023532,-0.0002721,0.0035626
-0.002345,-0.000728,0.0038468,-0.0023463,-0.0007284,0.0038079
-0.00234,-0.000534,0.0042198,-0.0023414,-0.0005343,0.00418
-0.002188,-0.001034,0.0034848,-0.0021891,-0.0010345,0.0034468
-0.002424,-0.001344,0.0036148,-0.0024253,-0.0013447,0.0035762
-0.00235,-0.000985,0.0039418,-0.0023513,-0.0009856,0.0039026
-0.003326,0.000288,0.0014768,-0.0033274,0.0002881,0.0014433
-0.002876,-5.2e-05,0.0013238,-0.002877,-5.2e-05,0.0012909
-0.003122,0.000151,0.0013488,-0.0031232,0.0001511,0.0013157
-0.002984,0.000417,0.0013608,-0.0029851,0.0004171,0.0013277
-0.00316,0.000799,0.0013238,-0.0031613,0.0007993,0.0012907
-0.00303,0.000505,0.0019738,-0.0030312,0.0005052,0.0019392
-0.002852,2.7e-05,0.0020418,-0.0028531,2.7e-05,0.0020071
-0.003297,-5.9e-05,0.0014458,-0.0032984,-5.9e-05,0.0014124
-0.001047,0.00038,0.0031338,-0.0010475,0.0003802,0.0030976
-0.000841,0.000405,0.0034488,-0.0008414,0.0004052,0.0034121
-0.000645,0.000359,0.0031178,-0.0006453,0.0003592,0.0030819
-0.000304,0.000395,0.0031548,-0.0003041,0.0003952,0.0031189
-0.000522,0.000804,0.0031138,-0.0005222,0.0008044,0.0030778
-0.000121,0.000691,0.0031678,-0.000121,0.0006913,0.0031318
-0.00089,0.00073,0.0031658,-0.0008904,0.0007303,0.0031295
-0.000489,0.001148,0.0032548,-0.0004892,0.0011485,0.0032183
-0.000666,0.000831,0.0034388,-0.0006663,0.0008314,0.003402
-0.000489,0.000431,0.0035008,-0.0004893,0.0004313,0.0034641
-5.2e-05,0.000474,0.0034238,-5.2e-05,0.0004743,0.0033874
-0.001275,0.000319,0.0035418,-0.0012756,0.0003192,0.0035046
-0.000619,-1e-06,0.0034198,-0.0006193,-1e-06,0.0033833
-0.000283,0.000352,0.0039228,-0.0002832,0.0003522,0.0038853
-0.000817,0.001152,0.0031568,-0.0008174,0.0011525,0.0031204
-0.000895,0.000783,0.0035778,-0.0008955,0.0007834,0.0035406
-0.000912,0.000791,0.0039198,-0.0009125,0.0007915,0.0038818
-0.00092,0.000109,0.0035738,-0.0009205,0.0001091,0.0035368
-0.000921,-0.000148,0.0035998,-0.0009215,-0.0001481,0.0035628
-0.000882,0.000435,0.0041228,-0.0008826,0.0004353,0.0040845
-0.001029,-0.000487,0.0051168,-0.0010299,-0.0004874,0.005076
-0.002448,0.000362,0.0046338,-0.0024497,0.0003622,0.0045928
-0.002182,0.000558,0.0047868,-0.0021836,0.0005584,0.0047456
-0.002003,0.0003,0.0045828,-0.0020044,0.0003002,0.0045424
-0.001793,0.000486,0.0047268,-0.0017943,0.0004863,0.0046862
-0.001578,0.00048,0.0044988,-0.0015791,0.0004803,0.004459
-0.001652,0.000752,0.0046098,-0.0016531,0.0007525,0.0045696
-0.001665,0.000902,0.0049268,-0.0016662,0.0009027,0.0048856
-0.001545,0.000116,0.0045768,-0.0015461,0.0001161,0.0045369
-0.001544,0.000549,0.0049218,-0.0015452,0.0005494,0.0048809
-0.001575,0.000486,0.0055788,-0.0015765,0.0004865,0.0055361
-0.000453,0.000159,0.0060118,-0.0004535,0.0001592,0.0059687
-0.000968,0.000174,0.0065328,-0.0009692,0.0001742,0.0064877
-0.002038,0.00077,0.0046038,-0.0020393,0.0007705,0.0045632
-0.002439,0.000727,0.0045558,-0.0024406,0.0007275,0.0045149
-0.001997,0.001122,0.0045318,-0.0019983,0.0011227,0.0044913
-0.001997,0.001585,0.0047628,-0.0019984,0.0015861,0.0047214
-0.001933,0.000482,0.0050108,-0.0019345,0.0004824,0.0049693
-0.00233,0.000456,0.0050148,-0.0023318,0.0004564,0.0049729
-0.002027,0.000212,0.0050118,-0.0020286,0.0002122,0.0049702
-0.001864,-0.00035,0.0049818,-0.0018654,-0.0003503,0.0049405
-0.001982,0.000591,0.0053338,-0.0019837,0.0005915,0.0052913
-0.002349,0.000849,0.0047708,-0.0023507,0.0008496,0.0047294
-0.002584,0.001066,0.0046488,-0.0025858,0.0010667,0.0046075
-0.002335,0.000805,0.0050128,-0.0023368,0.0008056,0.0049708
-0.00233,0.001165,0.0048908,-0.0023317,0.0011658,0.004849
-0.00233,0.000872,0.0053658,-0.0023319,0.0008727,0.0053229
-0.002286,9.7e-05,0.0049308,-0.0022877,9.71e-05,0.0048892
-0.002362,0.000516,0.0055128,-0.002364,0.0005165,0.0054696
-0.001601,-5.8e-05,0.0014828,-0.0016015,-5.8e-05,0.00145
-0.001599,-7.2e-05,0.0010668,-0.0015995,-7.2e-05,0.0010348
-0.001231,5e-05,0.0009488,-0.0012314,5e-05,0.0009171
-0.0016,-0.00034,0.0013258,-0.0016005,-0.0003401,0.0012933
-0.001925,0.000348,0.0014088,-0.0019256,0.0003481,0.001376
-0.001951,-0.00037,0.0012228,-0.0019516,-0.0003701,0.0011904
-0.002284,-0.000814,0.0009928,-0.0022847,-0.0008143,0.0009608
-0.001958,-0.001029,0.0010608,-0.0019586,-0.0010294,0.0010287
-0.002764,-0.000738,0.0013668,-0.002765,-0.0007383,0.0013338
-0.002553,-0.000684,0.0005338,-0.0025539,-0.0006842,0.0005028
-0.002314,0.000172,0.0015188,-0.0023148,0.0001721,0.0014856
-0.002195,-2.2e-05,0.0017238,-0.0021958,-2.2e-05,0.0016902
-0.002703,0.000463,0.0021358,-0.0027041,0.0004632,0.0021009
-0.002512,-0.000195,0.0014978,-0.0025129,-0.0001951,0.0014646
-0.002734,-0.000353,0.0020868,-0.0027351,-0.0003532,0.0020521
-0.002666,-0.000333,0.0018238,-0.002667,-0.0003331,0.0017897
-0.003137,0.00019,0.0020668,-0.0031383,0.0001901,0.0020319
-0.00306,-0.000328,0.0019838,-0.0030613,-0.0003282,0.0019492
-0.002861,6.1e-05,0.0027258,-0.0028623,6.1e-05,0.0026894
-0.003104,0.000904,0.0020738,-0.0031054,0.0009044,0.0020388
-0.003015,0.00052,0.0028388,-0.0030164,0.0005202,0.002802
-0.003048,-4.5e-05,0.0024448,-0.0030494,-4.5e-05,0.002409
-0.00271,3.7e-05,0.0023908,-0.0027111,3.7e-05,0.0023554
-0.003129,0.000388,0.0024668,-0.0031304,0.0003882,0.0024308
-0.003259,-8.2e-05,0.0021928,-0.0032605,-8.2e-05,0.0021575
-0.001861,-0.000629,0.0007198,-0.0018616,-0.0006292,0.0006885
-0.001681,-0.00074,0.0013238,-0.0016816,-0.0007402,0.0012912
-0.001557,-0.000886,0.0010138,-0.0015575,-0.0008863,0.0009819
-0.001267,-0.000964,0.0010648,-0.0012674,-0.0009643,0.0010328
-0.00187,-0.00075,0.0009508,-0.0018706,-0.0007503,0.000919
-0.0017,-0.000511,0.0005238,-0.0017005,-0.0005112,0.000493
-0.002495,-0.00146,0.0013808,-0.0024959,-0.0014606,0.0013477
-0.002289,-0.001198,0.0015008,-0.0022898,-0.0011984,0.0014675
-0.00234,-0.001411,0.0009718,-0.0023408,-0.0014115,0.0009398
-0.002043,-0.001353,0.0010578,-0.0020437,-0.0013535,0.0010256
-0.002697,-0.001359,0.0010788,-0.002698,-0.0013595,0.0010464
-0.002483,-0.001661,0.0010708,-0.0024839,-0.0016616,0.0010385
-0.002539,-0.00103,0.0009468,-0.0025399,-0.0010304,0.0009148
-0.002823,-0.000954,0.0009858,-0.002824,-0.0009544,0.0009537
-0.002898,-0.001434,0.0013268,-0.0028991,-0.0014346,0.0012937
-0.003314,-0.000541,0.0020308,-0.0033155,-0.0005412,0.0019959
-0.00307,-0.000693,0.0020928,-0.0030713,-0.0006933,0.0020578
-0.003146,-0.000473,0.0021918,-0.0031474,-0.0004732,0.0021566
-0.00308,-0.000566,0.0023988,-0.0030814,-0.0005663,0.0023631
-0.002719,-0.000626,0.0024468,-0.0027201,-0.0006263,0.0024112
-0.000706,-0.000904,0.0031258,-0.0007063,-0.0009044,0.0030896
-0.000309,-0.000914,0.0032638,-0.0003091,-0.0009144,0.0032275
-0.000434,-0.000659,0.0030028,-0.0004342,-0.0006593,0.0029671
-0.000163,-0.000583,0.0031788,-0.0001631,-0.0005833,0.0031428
-0.000751,-0.000536,0.0031588,-0.0007513,-0.0005362,0.0031227
-0.000397,-0.000307,0.0031878,-0.0003972,-0.0003072,0.0031519
-0.000403,-0.000632,0.0042668,-0.0004033,-0.0006324,0.0042284
-0.000501,-0.000983,0.0035228,-0.0005012,-0.0009835,0.0034858
2.1e-05,-0.001057,0.0034878,2.1e-05,-0.0010575,0.0034509
-0.000798,-0.001054,0.0034568,-0.0007984,-0.0010545,0.0034198
-0.001313,-0.000962,0.0034248,-0.0013136,-0.0009625,0.0033876
-0.000443,-0.000942,0.0039378,-0.0004433,-0.0009426,0.0038999
-0.000853,-0.000605,0.0038518,-0.0008535,-0.0006053,0.0038141
-0.000938,-0.001433,0.0034308,-0.0009385,-0.0014337,0.0033935
-0.000868,-0.001047,0.0039298,-0.0008685,-0.0010476,0.0038917
-0.000775,-0.000978,0.0042358,-0.0007755,-0.0009786,0.004197
-0.002323,-0.000938,0.0046948,-0.0023246,-0.0009387,0.0046536
-0.00204,-0.001053,0.0045118,-0.0020414,-0.0010537,0.0044713
-0.001737,-0.001036,0.0046648,-0.0017382,-0.0010367,0.0046242
-0.001437,-0.001009,0.0045298,-0.001438,-0.0010097,0.0044899
-0.001582,-0.000674,0.0046568,-0.0015831,-0.0006745,0.0046166
-0.001609,-0.000955,0.0049298,-0.0016102,-0.0009557,0.0048887
-0.001577,-0.000983,0.0057198,-0.0015785,-0.0009839,0.0056764
-0.000286,-0.000555,0.0058108,-0.0002863,-0.0005556,0.0057683
-0.000966,-0.000449,0.0064828,-0.0009672,-0.0004496,0.0064378
-0.00192,-0.000668,0.0045998,-0.0019213,-0.0006684,0.0045594
-0.002383,-0.000594,0.0046338,-0.0023846,-0.0005944,0.0045928
-0.001888,-0.000391,0.0046808,-0.0018893,-0.0003913,0.0046403
-0.002008,-0.000632,0.0049608,-0.0020095,-0.0006325,0.0049193
-0.001995,-0.000995,0.0049268,-0.0019965,-0.0009958,0.0048853
-0.002357,-0.001042,0.0049708,-0.0023587,-0.0010428,0.0049288
-0.002009,-0.000996,0.0053288,-0.0020107,-0.0009968,0.0052861
-0.002156,-0.00047,0.0047808,-0.0021576,-0.0004703,0.0047397
-0.002329,-0.000649,0.0049918,-0.0023308,-0.0006495,0.0049499
-0.001525,-0.000559,0.0050028,-0.0015262,-0.0005594,0.0049617
-0.002397,-0.000236,0.0049788,-0.0023988,-0.0002362,0.0049369
-0.002245,-0.000695,0.0054148,-0.0022469,-0.0006956,0.0053718
-0.00218,-0.000848,0.0049358,-0.0021816,-0.0008486,0.0048941
-0.002433,-0.001463,0.0050308,-0.0024348,-0.0014641,0.0049884
-0.002385,-0.001076,0.0053188,-0.0023869,-0.0010769,0.0052759
-0.00242,-0.001201,0.0061048,-0.0024222,-0.0012021,0.0060599
-0.002292,-0.000926,0.0060878,-0.0022941,-0.0009269,0.006043
-0.002055,-0.001117,0.0059838,-0.0020569,-0.0011181,0.0059393
-0.00177,-0.001081,0.0061888,-0.0017718,-0.0010821,0.0061439
-0.00161,-0.001073,0.0059818,-0.0016116,-0.0010741,0.0059376
-0.001636,-0.000797,0.0061278,-0.0016377,-0.0007978,0.0060833
-0.001462,-0.000604,0.0062838,-0.0014636,-0.0006047,0.006239
-0.000213,-0.000352,0.0067688,-0.0002133,-0.0003526,0.0067231
-0.0015,-0.00104,0.0063588,-0.0015016,-0.0010411,0.0063136
-0.001931,-0.000694,0.0060688,-0.0019329,-0.0006947,0.0060243
-0.002277,-0.0006,0.0060868,-0.0022792,-0.0006006,0.006042
-0.001957,-0.000302,0.0061878,-0.001959,-0.0003023,0.006143
-0.00205,-0.000698,0.0064398,-0.0020521,-0.0006987,0.0063942
-0.002238,-0.001058,0.0063598,-0.0022402,-0.001059,0.0063143
-0.001908,-0.000848,0.0067728,-0.00191,-0.0008489,0.0067263
-0.001938,-0.001067,0.0071188,-0.00194,-0.0010681,0.0070713
-0.000173,-0.000357,0.0074358,-0.0001733,-0.0003577,0.0073875
-0.001073,0.000179,0.0072998,-0.0010745,0.0001792,0.0072519
-0.0023,-0.000712,0.0063578,-0.0023023,-0.0007127,0.0063123
-0.002463,-0.000147,0.0064698,-0.0024654,-0.0001471,0.006424
-0.002139,6.7e-05,0.0063228,-0.0021412,6.71e-05,0.0062775
-0.000314,0.00025,0.0067378,-0.0003145,0.0002504,0.0066922
-0.002297,-0.000786,0.0067058,-0.0022993,-0.0007868,0.0066594
-0.00231,-0.001329,0.0064818,-0.0023122,-0.0013303,0.006436
-0.001787,-0.001387,0.0008468,-0.0017876,-0.0013875,0.0008151
-0.001556,-0.001438,0.0013928,-0.0015565,-0.0014385,0.00136
-0.001518,-0.001477,0.0010468,-0.0015185,-0.0014775,0.0010147
-0.0012,-0.001293,0.0010938,-0.0012004,-0.0012934,0.0010618
-0.001999,-0.001337,0.0013768,-0.0019997,-0.0013374,0.0013439
-0.001962,-0.001835,0.0013838,-0.0019627,-0.0018357,0.0013508
-0.00177,-0.00128,0.0004868,-0.0017706,-0.0012804,0.000456
-0.002283,-0.002177,0.0013018,-0.0022839,-0.0021779,0.0012688
-0.002307,-0.001811,0.0013008,-0.0023079,-0.0018117,0.0012679
-0.002038,-0.002011,0.0009888,-0.0020387,-0.0020117,0.0009567
-0.002614,-0.002345,0.0006738,-0.0026151,-0.0023459,0.0006423
-0.001596,-0.002064,0.0013468,-0.0015966,-0.0020648,0.0013139
-0.001554,-0.001734,0.0013088,-0.0015546,-0.0017346,0.0012761
-0.001593,-0.002192,0.0009298,-0.0015935,-0.0021928,0.0008979
-0.002068,-0.001655,0.0010158,-0.0020687,-0.0016556,0.0009837
-0.001922,-0.002298,0.0007468,-0.0019227,-0.0022988,0.0007153
-0.002011,-0.002575,0.0012658,-0.0020118,-0.002576,0.0012329
-0.002023,-0.002141,0.0014518,-0.0020238,-0.0021418,0.0014185
-0.002299,-0.001759,0.0020228,-0.0022999,-0.0017597,0.0019881
-0.002518,-0.00185,0.0017188,-0.002519,-0.0018508,0.0016848
-0.002693,-0.001771,0.0013358,-0.0026941,-0.0017717,0.0013027
-0.002778,-0.001538,0.0016228,-0.0027792,-0.0015386,0.001589
-0.002645,-0.002369,0.0014918,-0.0026461,-0.00237,0.0014582
-0.001187,-0.001889,0.0013398,-0.0011874,-0.0018897,0.0013071
-0.001224,-0.00164,0.0010318,-0.0012244,-0.0016405,0.0009998
-0.0012,-0.002263,0.0014688,-0.0012004,-0.0022638,0.0014356
-0.001652,-0.002487,0.0013558,-0.0016526,-0.0024879,0.0013228
-0.001513,-0.002176,0.0019998,-0.0015136,-0.0021769,0.0019653
-0.001603,-0.001765,0.0019258,-0.0016036,-0.0017657,0.0018916
-0.001632,-0.002139,0.0016868,-0.0016326,-0.0021398,0.0016531
-0.001653,-0.002425,0.0017548,-0.0016536,-0.002426,0.0017208
-0.001972,-0.001785,0.0018588,-0.0019727,-0.0017857,0.0018247
-0.00181,-0.002322,0.0015088,-0.0018107,-0.0023229,0.0014754
-0.002104,-0.002095,0.0019768,-0.0021048,-0.0020959,0.0019422
-0.002361,-0.001887,0.0027348,-0.0023621,-0.0018879,0.0026983
-0.002408,-0.002184,0.0024098,-0.0024091,-0.002185,0.002374
-0.001845,-0.002155,0.0024878,-0.0018458,-0.002156,0.0024521
-0.002314,-0.001683,0.0024548,-0.002315,-0.0016837,0.0024191
-0.002681,-0.0019,0.0020548,-0.0026822,-0.0019008,0.0020199
-0.002654,-0.001393,0.0024358,-0.0026552,-0.0013936,0.0024
-0.002531,-0.00247,0.0023088,-0.0025322,-0.0024712,0.0022731
-0.000783,0.001942,0.0216828,-0.000783,0.001942,0.0216228
-0.000444,0.001936,0.0217938,-0.000444,0.001936,0.0217338
-0.00051,0.0023,0.0217828,-0.00051,0.0023,0.0217228
-0.000195,0.002233,0.0218438,-0.000195,0.002233,0.0217838
0.000123,0.0021,0.0216978,0.000123,0.0021,0.0216378
-9.9e-05,0.002662,0.0219858,-9.9e-05,0.002662,0.0219258
-0.000107,0.001899,0.0220168,-0.000107,0.001899,0.0219568
-0.000843,0.002265,0.0217948,-0.000843,0.002265,0.0217348
-0.000521,0.00269,0.0219448,-0.000521,0.00269,0.0218848
-0.000623,0.002204,0.0221798,-0.000623,0.002204,0.0221198
-0.000514,0.00187,0.0221278,-0.000514,0.00187,0.0220678
-0.00089,0.00199,0.0221198,-0.00089,0.00199,0.0220598
-0.000595,0.001495,0.0220438,-0.000595,0.001495,0.0219838
-0.00091,0.003108,0.0218208,-0.00091,0.003108,0.0217608
-0.000898,0.002333,0.0222098,-0.000898,0.002333,0.0221498
-0.000913,0.002622,0.0221198,-0.000913,0.002622,0.0220598
-0.000859,0.002224,0.0225148,-0.000859,0.002224,0.0224548
-0.000801,0.00166,0.0222198,-0.000801,0.00166,0.0221598
-0.00077,0.001689,0.0218718,-0.00077,0.001689,0.0218118
0.001261,0.002283,0.0218048,0.001261,0.002283,0.0217448
0.001362,0.001961,0.0216758,0.001362,0.001961,0.0216158
0.000966,0.002653,0.0218208,0.000966,0.002653,0.0217608
0.000906,0.002316,0.0221138,0.000906,0.002316,0.0220538
0.001078,0.001986,0.0222728,0.001078,0.001986,0.0222128
0.001357,0.001934,0.0220888,0.001357,0.001934,0.0220288
0.00064,0.001965,0.0220548,0.00064,0.001965,0.0219948
0.001054,0.00127,0.0222348,0.001054,0.00127,0.0221748
0.000554,0.002239,0.0221508,0.000554,0.002239,0.0220908
0.000304,0.002364,0.0222588,0.000304,0.002364,0.0221988
0.00062,0.002637,0.0221038,0.00062,0.002637,0.0220438
0.000799,0.002144,0.0224088,0.000799,0.002144,0.0223488
0.000243,0.001973,0.0220798,0.000243,0.001973,0.0220198
0.000714,0.001338,0.0220498,0.000714,0.001338,0.0219898
0.000791,0.001832,0.0225088,0.000791,0.001832,0.0224488
0.000279,0.003173,0.0230098,0.000279,0.003173,0.0229498
0.000443,0.002908,0.0229908,0.000443,0.002908,0.0229308
0.000336,0.00244,0.0230058,0.000336,0.00244,0.0229458
0.000478,0.002181,0.0230018,0.000478,0.002181,0.0229418
0.000416,0.002723,0.0224458,0.000416,0.002723,0.0223858
0.000339,0.002388,0.0226288,0.000339,0.002388,0.0225688
0.000693,0.00033,0.0218668,0.000693,0.00033,0.0218068
0.001034,0.000248,0.0217348,0.001034,0.000248,0.0216748
0.000928,0.000461,0.0219528,0.000928,0.000461,0.0218928
0.001103,0.000718,0.0217348,0.001103,0.000718,0.0216748
0.001521,0.000804,0.0216538,0.001521,0.000804,0.0215938
0.001448,0.001307,0.0218458,0.001448,0.001307,0.0217858
0.00143,0.000428,0.0217028,0.00143,0.000428,0.0216428
0.000677,0.000715,0.0218418,0.000677,0.000715,0.0217818
0.000329,0.000789,0.0218338,0.000329,0.000789,0.0217738
0.000833,0.001108,0.0216928,0.000833,0.001108,0.0216328
0.001003,0.000726,0.0220498,0.001003,0.000726,0.0219898
0.001069,0.000476,0.0222438,0.001069,0.000476,0.0221838
0.001416,0.00049,0.0222658,0.001416,0.00049,0.0222058
0.000993,-0.000194,0.0222358,0.000993,-0.000194,0.0221758
0.000593,0.000869,0.0221548,0.000593,0.000869,0.0220948
0.000233,0.000926,0.0221288,0.000233,0.000926,0.0220688
0.000675,0.001146,0.0222308,0.000675,0.001146,0.0221708
0.000604,0.000679,0.0225358,0.000604,0.000679,0.0224758
0.000187,0.000409,0.0221848,0.000187,0.000409,0.0221248
0.000572,-0.000247,0.0220898,0.000572,-0.000247,0.0220298
0.000682,-0.000884,0.0218738,0.000682,-0.000884,0.0218138
0.001052,-0.000859,0.0219008,0.001052,-0.000859,0.0218408
0.000944,-0.000569,0.0218508,0.000944,-0.000569,0.0217908
0.001278,-0.000546,0.0218188,0.001278,-0.000546,0.0217588
0.001665,-0.00061,0.0217988,0.001665,-0.00061,0.0217388
0.001388,-0.000258,0.0216628,0.001388,-0.000258,0.0216028
0.001356,-0.000845,0.0216658,0.001356,-0.000845,0.0216058
0.000641,-0.000626,0.0217948,0.000641,-0.000626,0.0217348
0.00024,-0.000567,0.0217768,0.00024,-0.000567,0.0217168
0.001004,-0.000111,0.0217828,0.001004,-0.000111,0.0217228
0.001064,-0.000621,0.0221658,0.001064,-0.000621,0.0221058
0.00134,-0.00084,0.0222378,0.00134,-0.00084,0.0221778
0.000534,-0.000988,0.0221458,0.000534,-0.000988,0.0220858
0.001238,-0.000851,0.0225158,0.001238,-0.000851,0.0224558
0.00066,-0.000439,0.0219288,0.00066,-0.000439,0.0218688
0.000653,-0.000224,0.0217588,0.000653,-0.000224,0.0216988
0.000569,-0.000616,0.0221718,0.000569,-0.000616,0.0221118
0.000272,-0.000587,0.0222578,0.000272,-0.000587,0.0221978
0.000638,-0.000651,0.0225848,0.000638,-0.000651,0.0225248
0.000762,-0.000831,0.0222248,0.000762,-0.000831,0.0221648
0.00028,-0.000899,0.0220288,0.00028,-0.000899,0.0219688
0.000583,-0.000964,0.0224988,0.000583,-0.000964,0.0224388
0.000793,0.001815,0.0205098,0.000793,0.001815,0.0204498
0.001023,0.001747,0.0203178,0.001023,0.001747,0.0202578
0.001008,0.002001,0.0204998,0.001008,0.002001,0.0204398
0.001183,0.002138,0.0203128,0.001183,0.002138,0.0202528
0.001358,0.002213,0.0205808,0.001358,0.002213,0.0205208
0.001567,0.002058,0.0202918,0.001567,0.002058,0.0202318
0.000499,0.000973,0.0201878,0.000499,0.000973,0.0201278
0.000767,0.002226,0.0203068,0.000767,0.002226,0.0202468
0.000327,0.002419,0.0203898,0.000327,0.002419,0.0203298
-0.000128,0.001047,0.0202878,-0.000128,0.001047,0.0202278
0.000402,0.000204,0.0202428,0.000402,0.000204,0.0201828
0.001141,0.002571,0.0204618,0.001141,0.002571,0.0204018
0.000923,0.002319,0.0206708,0.000923,0.002319,0.0206108
0.00105,0.001933,0.0207568,0.00105,0.001933,0.0206968
0.001395,0.00202,0.0208408,0.001395,0.00202,0.0207808
0.001652,0.002036,0.0206448,0.001652,0.002036,0.0205848
0.000554,0.001705,0.0206498,0.000554,0.001705,0.0205898
0.000301,0.001933,0.0205618,0.000301,0.001933,0.0205018
0.001092,0.001558,0.0205408,0.001092,0.001558,0.0204808
0.000808,0.001802,0.0209408,0.000808,0.001802,0.0208808
0.000668,0.002667,0.0204308,0.000668,0.002667,0.0203708
0.000551,0.002288,0.0206338,0.000551,0.002288,0.0205738
0.000192,0.00233,0.0206488,0.000192,0.00233,0.0205888
0.000694,0.002675,0.0207828,0.000694,0.002675,0.0207228
0.000748,0.002188,0.0210088,0.000748,0.002188,0.0209488
0.000671,0.001394,0.0206078,0.000671,0.001394,0.0205478
-0.000415,0.003152,0.0226898,-0.000415,0.003152,0.0226298
0.000284,0.002948,0.0222488,0.000284,0.002948,0.0221888
0.000673,0.003019,0.0221608,0.000673,0.003019,0.0221008
0.000722,0.002947,0.0224928,0.000722,0.002947,0.0224328
0.001071,0.00303,0.0225778,0.001071,0.00303,0.0225178
-0.0004,0.002366,0.0229698,-0.0004,0.002366,0.0229098
-0.000198,0.002328,0.0226708,-0.000198,0.002328,0.0226108
-1.5e-05,0.002275,0.0220878,-1.5e-05,0.002275,0.0220278
0.000218,0.002693,0.0221238,0.000218,0.002693,0.0220638
1e-06,0.003102,0.0220578,1e-06,0.003102,0.0219978
-0.000373,0.002428,0.0220578,-0.000373,0.002428,0.0219978
-0.000433,0.003026,0.0221488,-0.000433,0.003026,0.0220888
-0.000997,0.002982,0.0221278,-0.000997,0.002982,0.0220678
-0.000292,0.002751,0.0224028,-0.000292,0.002751,0.0223428
-0.000605,0.002928,0.0225388,-0.000605,0.002928,0.0224788
-0.000971,0.000389,0.0217478,-0.000971,0.000389,0.0216878
-0.000627,0.000477,0.0216918,-0.000627,0.000477,0.0216318
-0.000337,0.000556,0.0219078,-0.000337,0.000556,0.0218478
-0.000455,0.000834,0.0217598,-0.000455,0.000834,0.0216998
-2e-05,0.000707,0.0216628,-2e-05,0.000707,0.0216028
-0.00014,0.000377,0.0217198,-0.00014,0.000377,0.0216598
-0.00051,0.001205,0.0219398,-0.00051,0.001205,0.0218798
-0.000411,0.000937,0.0221218,-0.000411,0.000937,0.0220618
-0.000509,0.000298,0.0221148,-0.000509,0.000298,0.0220548
-0.000102,0.000275,0.0221028,-0.000102,0.000275,0.0220428
-0.000842,0.000472,0.0221288,-0.000842,0.000472,0.0220688
-0.000701,0.001243,0.0216338,-0.000701,0.001243,0.0215738
-0.000774,0.000875,0.0221938,-0.000774,0.000875,0.0221338
-0.000865,0.00127,0.0220928,-0.000865,0.00127,0.0220328
-0.000842,0.000714,0.0224308,-0.000842,0.000714,0.0223708
-0.000735,4.8e-05,0.0221778,-0.000735,4.8e-05,0.0221178
-0.000847,0.000129,0.0218458,-0.000847,0.000129,0.0217858
-0.001001,-0.000472,0.0201748,-0.001001,-0.000472,0.0201148
-0.000937,0.000438,0.0226318,-0.000937,0.000438,0.0225718
-0.000837,0.001843,0.0204018,-0.000837,0.001843,0.0203418
-0.000585,0.001824,0.0202378,-0.000585,0.001824,0.0201778
-0.000278,0.001992,0.0202778,-0.000278,0.001992,0.0202178
-0.000446,0.002368,0.0202738,-0.000446,0.002368,0.0202138
-0.000122,0.00236,0.0204028,-0.000122,0.00236,0.0203428
-5.5e-05,0.000139,0.0201418,-5.5e-05,0.000139,0.0200818
-0.000683,0.002154,0.0203428,-0.000683,0.002154,0.0202828
-0.000468,0.002735,0.0203828,-0.000468,0.002735,0.0203228
-0.000362,0.00221,0.0205598,-0.000362,0.00221,0.0204998
-0.000137,0.00194,0.0205918,-0.000137,0.00194,0.0205318
-0.000931,0.001967,0.0206758,-0.000931,0.001967,0.0206158
-0.001229,0.001934,0.0206628,-0.001229,0.001934,0.0206028
-0.000478,0.00136,0.0206958,-0.000478,0.00136,0.0206358
-0.000478,0.002051,0.0211128,-0.000478,0.002051,0.0210528
-0.000863,0.003168,0.0203798,-0.000863,0.003168,0.0203198
-0.000894,0.002304,0.0207578,-0.000894,0.002304,0.0206978
-0.000898,0.002674,0.0206438,-0.000898,0.002674,0.0205838
-0.00082,0.002262,0.0211028,-0.00082,0.002262,0.0210428
-0.00088,0.001493,0.0205808,-0.00088,0.001493,0.0205208
-0.000763,0.001134,0.0205598,-0.000763,0.001134,0.0204998
-0.000263,0.000954,0.0196018,-0.000263,0.000954,0.0195418
-0.000696,0.001858,0.0210448,-0.000696,0.001858,0.0209848
-0.00084,0.001901,0.0191368,-0.00084,0.001901,0.0190768
-0.000649,0.001877,0.0188228,-0.000649,0.001877,0.0187628
-0.000408,0.002032,0.0189398,-0.000408,0.002032,0.0188798
-0.000432,0.002371,0.0188558,-0.000432,0.002371,0.0187958
-0.000123,0.002309,0.0189158,-0.000123,0.002309,0.0188558
0.000391,0.002332,0.0190298,0.000391,0.002332,0.0189698
0.00054,0.000891,0.0186758,0.00054,0.000891,0.0186158
-0.000223,0.00099,0.0188738,-0.000223,0.00099,0.0188138
0.000584,0.000316,0.0190148,0.000584,0.000316,0.0189548
0.000412,0.0009,0.0193658,0.000412,0.0009,0.0193058
-9.2e-05,0.001991,0.0188668,-9.2e-05,0.001991,0.0188068
-0.000139,0.000283,0.0188378,-0.000139,0.000283,0.0187778
-0.00018,0.000368,0.0197008,-0.00018,0.000368,0.0196408
-0.000729,0.002234,0.0188758,-0.000729,0.002234,0.0188158
-0.000466,0.00268,0.0189008,-0.000466,0.00268,0.0188408
-0.00046,0.001902,0.0192708,-0.00046,0.001902,0.0192108
-0.000117,0.001825,0.0191838,-0.000117,0.001825,0.0191238
0.000266,0.001954,0.0191488,0.000266,0.001954,0.0190888
-0.001239,0.001966,0.0191968,-0.001239,0.001966,0.0191368
-0.000587,0.001414,0.0192558,-0.000587,0.001414,0.0191958
-0.000231,0.001991,0.0195788,-0.000231,0.001991,0.0195188
-0.000958,0.002964,0.0188348,-0.000958,0.002964,0.0187748
-0.000841,0.002282,0.0192698,-0.000841,0.002282,0.0192098
-0.000903,0.002765,0.0193068,-0.000903,0.002765,0.0192468
-0.000672,0.00227,0.0196368,-0.000672,0.00227,0.0195768
-0.000873,0.001546,0.0192778,-0.000873,0.001546,0.0192178
-0.000845,0.001241,0.0192188,-0.000845,0.001241,0.0191588
0.000367,9.6e-05,0.0195608,0.000367,9.6e-05,0.0195008
-0.000188,-0.000454,0.0194718,-0.000188,-0.000454,0.0194118
-0.001023,-0.000532,0.0193878,-0.001023,-0.000532,0.0193278
-0.000965,0.000237,0.0188338,-0.000965,0.000237,0.0187738
-0.000202,0.000839,0.0177908,-0.000202,0.000839,0.0177308
-0.000745,0.001915,0.0196288,-0.000745,0.001915,0.0195688
-0.001206,0.002397,0.0226498,-0.001206,0.002397,0.0225898
0.001695,0.002065,0.0228558,0.001695,0.002065,0.0227958
0.001764,0.002386,0.0229588,0.001764,0.002386,0.0228988
0.002211,0.002317,0.0229858,0.002211,0.002317,0.0229258
0.002035,0.002236,0.0226838,0.002035,0.002236,0.0226238
0.001683,0.002567,0.0225618,0.001683,0.002567,0.0225018
0.001872,0.000492,0.0217278,0.001872,0.000492,0.0216678
0.002304,0.000423,0.0217438,0.002304,0.000423,0.0216838
0.002577,0.000723,0.0217578,0.002577,0.000723,0.0216978
0.002348,0.001114,0.0217208,0.002348,0.001114,0.0216608
0.002538,0.000546,0.0222748,0.002538,0.000546,0.0222148
0.00202,0.000462,0.0221328,0.00202,0.000462,0.0220728
0.002522,-0.000126,0.0221598,0.002522,-0.000126,0.0220998
0.002133,0.000755,0.0217848,0.002133,0.000755,0.0217248
0.00205,0.001123,0.0218638,0.00205,0.001123,0.0218038
0.002065,0.000884,0.0222028,0.002065,0.000884,0.0221428
0.001784,0.000795,0.0219698,0.001784,0.000795,0.0219098
0.001949,0.001242,0.0222038,0.001949,0.001242,0.0221438
0.001669,0.000304,0.0220058,0.001669,0.000304,0.0219458
0.002024,-1.3e-05,0.0220888,0.002024,-1.3e-05,0.0220288
0.001402,0.002182,0.0224288,0.001402,0.002182,0.0223688
0.000753,0.002236,0.0229878,0.000753,0.002236,0.0229278
0.001072,0.002285,0.0224678,0.001072,0.002285,0.0224078
0.000458,0.001502,0.0229728,0.000458,0.001502,0.0229128
0.00029,0.001778,0.0229718,0.00029,0.001778,0.0229118
0.000418,0.002031,0.0224408,0.000418,0.002031,0.0223808
0.00039,0.001647,0.0226018,0.00039,0.001647,0.0225418
0.000201,0.001076,0.0229058,0.000201,0.001076,0.0228458
0.000505,0.00092,0.0228158,0.000505,0.00092,0.0227558
0.000306,0.000578,0.0229018,0.000306,0.000578,0.0228418
0.000696,0.000418,0.0202048,0.000696,0.000418,0.0201448
0.001094,0.000825,0.0202508,0.001094,0.000825,0.0201908
0.001373,0.000698,0.0202648,0.001373,0.000698,0.0202048
0.001612,0.000838,0.0203428,0.001612,0.000838,0.0202828
0.00162,0.000406,0.0203048,0.00162,0.000406,0.0202448
0.000357,-0.0004,0.0203178,0.000357,-0.0004,0.0202578
0.000731,0.000761,0.0203798,0.000731,0.000761,0.0203198
0.000359,0.000683,0.0202178,0.000359,0.000683,0.0201578
-0.000177,-0.000521,0.0201778,-0.000177,-0.000521,0.0201178
0.000927,0.001134,0.0205068,0.000927,0.001134,0.0204468
0.001025,0.000741,0.0207048,0.001025,0.000741,0.0206448
0.0014,0.000414,0.0207378,0.0014,0.000414,0.0206778
0.001709,0.000474,0.0206658,0.001709,0.000474,0.0206058
0.000699,0.000421,0.0206308,0.000699,0.000421,0.0205708
0.000259,0.000295,0.0207388,0.000259,0.000295,0.0206788
0.000886,-0.00012,0.0206888,0.000886,-0.00012,0.0206288
0.001147,-0.000262,0.0207148,0.001147,-0.000262,0.0206548
0.000392,-0.000586,0.0193998,0.000392,-0.000586,0.0193398
0.001033,0.000549,0.0211538,0.001033,0.000549,0.0210938
0.000813,0.0011,0.0202088,0.000813,0.0011,0.0201488
0.000755,0.000888,0.0208218,0.000755,0.000888,0.0207618
3.2e-05,0.000761,0.0206698,3.2e-05,0.000761,0.0206098
0.000692,0.001206,0.0208298,0.000692,0.001206,0.0207698
0.000632,0.000694,0.0211898,0.000632,0.000694,0.0211298
0.000554,-5.8e-05,0.0207578,0.000554,-5.8e-05,0.0206978
0.000731,0.000288,0.0212428,0.000731,0.000288,0.0211828
0.000339,0.002617,0.0218298,0.000339,0.002617,0.0217698
0.000327,0.002307,0.0219128,0.000327,0.002307,0.0218528
0.000345,0.002852,0.0213398,0.000345,0.002852,0.0212798
0.000406,0.003139,0.0215858,0.000406,0.003139,0.0215258
0.00075,0.002918,0.0213258,0.00075,0.002918,0.0212658
0.000628,0.003037,0.0215348,0.000628,0.003037,0.0214748
0.000726,0.002972,0.0218468,0.000726,0.002972,0.0217868
0.000989,0.003131,0.0218708,0.000989,0.003131,0.0218108
0.000398,0.00306,0.0219178,0.000398,0.00306,0.0218578
-0.000382,0.001718,0.0227028,-0.000382,0.001718,0.0226428
-0.00043,0.003027,0.0214308,-0.00043,0.003027,0.0213708
-1e-06,0.003078,0.0213308,-1e-06,0.003078,0.0212708
-0.000131,0.00309,0.0217118,-0.000131,0.00309,0.0216518
-0.000683,0.002889,0.0216858,-0.000683,0.002889,0.0216258
-0.000413,0.003045,0.0218218,-0.000413,0.003045,0.0217618
-0.001993,0.002121,0.0220548,-0.001993,0.002121,0.0219948
-0.001785,0.00234,0.0222478,-0.001785,0.00234,0.0221878
-0.001561,0.00215,0.0221738,-0.001561,0.00215,0.0221138
-0.001605,0.002666,0.0220178,-0.001605,0.002666,0.0219578
-0.001239,0.002738,0.0222148,-0.001239,0.002738,0.0221548
-0.001623,0.002279,0.0225538,-0.001623,0.002279,0.0224938
-0.002104,0.002325,0.0224188,-0.002104,0.002325,0.0223588
-0.001986,0.002532,0.0221328,-0.001986,0.002532,0.0220728
-0.001666,0.002695,0.0225978,-0.001666,0.002695,0.0225378
-0.001984,0.000427,0.0217388,-0.001984,0.000427,0.0216788
-0.001733,0.00057,0.0219128,-0.001733,0.00057,0.0218528
-0.001578,0.000432,0.0216488,-0.001578,0.000432,0.0215888
-0.001522,0.000766,0.0216498,-0.001522,0.000766,0.0215898
-0.001578,0.001387,0.0217508,-0.001578,0.001387,0.0216908
-0.001591,0.000104,0.0218548,-0.001591,0.000104,0.0217948
-0.001671,-0.000282,0.0218548,-0.001671,-0.000282,0.0217948
-0.001453,0.000577,0.0220718,-0.001453,0.000577,0.0220118
-0.00184,0.000829,0.0217468,-0.00184,0.000829,0.0216868
-0.002415,0.001071,0.0216958,-0.002415,0.001071,0.0216358
-0.001943,0.001263,0.0217738,-0.001943,0.001263,0.0217138
-0.001891,0.000925,0.0220278,-0.001891,0.000925,0.0219678
-0.00189,0.000645,0.0222408,-0.00189,0.000645,0.0221808
-0.002218,0.000475,0.0220768,-0.002218,0.000475,0.0220168
-0.00194,0.000267,0.0221198,-0.00194,0.000267,0.0220598
-0.002161,7.7e-05,0.0217928,-0.002161,7.7e-05,0.0217328
-0.002151,0.000836,0.0217348,-0.002151,0.000836,0.0216748
-0.002316,0.001372,0.0217358,-0.002316,0.001372,0.0216758
-0.002269,0.000864,0.0220738,-0.002269,0.000864,0.0220138
-0.001561,0.000917,0.0220238,-0.001561,0.000917,0.0219638
-0.002284,0.001217,0.0220088,-0.002284,0.001217,0.0219488
-0.002243,0.000707,0.0224528,-0.002243,0.000707,0.0223928
-0.002234,0.00012,0.0221698,-0.002234,0.00012,0.0221098
-0.001212,0.002326,0.0219768,-0.001212,0.002326,0.0219168
-0.001137,0.00247,0.0223468,-0.001137,0.00247,0.0222868
-0.00092,0.003068,0.0225288,-0.00092,0.003068,0.0224688
1.8e-05,0.00157,0.0220608,1.8e-05,0.00157,0.0220008
-0.000101,0.001565,0.0225348,-0.000101,0.001565,0.0224748
-0.00044,0.001532,0.0225138,-0.00044,0.001532,0.0224538
-0.00019,0.001979,0.0223668,-0.00019,0.001979,0.0223068
-0.000331,0.001617,0.0219378,-0.000331,0.001617,0.0218778
-4.6e-05,0.000743,0.0220278,-4.6e-05,0.000743,0.0219678
-8.1e-05,0.001213,0.0220118,-8.1e-05,0.001213,0.0219518
0.000287,0.001264,0.0220828,0.000287,0.001264,0.0220228
-7.3e-05,0.000676,0.0224348,-7.3e-05,0.000676,0.0223748
-0.000531,0.000795,0.0225558,-0.000531,0.000795,0.0224958
-0.000602,0.001394,0.0223608,-0.000602,0.001394,0.0223008
-0.000254,0.001355,0.0222828,-0.000254,0.001355,0.0222228
-0.000425,0.000594,0.0222718,-0.000425,0.000594,0.0222118
-0.000913,-0.001035,0.0217948,-0.000913,-0.001035,0.0217348
-0.000601,-0.00109,0.0217468,-0.000601,-0.00109,0.0216868
-0.000276,-0.000993,0.0218058,-0.000276,-0.000993,0.0217458
-0.000504,-0.000707,0.0217788,-0.000504,-0.000707,0.0217188
-0.000248,-0.00055,0.0218928,-0.000248,-0.00055,0.0218328
-0.000907,-0.000696,0.0218088,-0.000907,-0.000696,0.0217488
-0.000522,-0.000388,0.0217828,-0.000522,-0.000388,0.0217228
-0.000523,-0.000575,0.0221068,-0.000523,-0.000575,0.0220468
-0.000412,-0.001027,0.0222098,-0.000412,-0.001027,0.0221498
-7.3e-05,-0.001047,0.0220648,-7.3e-05,-0.001047,0.0220048
-0.000973,-0.001069,0.0220898,-0.000973,-0.001069,0.0220298
-0.00054,-0.001035,0.0225118,-0.00054,-0.001035,0.0224518
-0.000756,-0.000507,0.0219428,-0.000756,-0.000507,0.0218828
-0.000877,-0.000746,0.0221658,-0.000877,-0.000746,0.0221058
-0.000764,-0.000378,0.0222688,-0.000764,-0.000378,0.0222088
-0.000892,-0.000779,0.0225548,-0.000892,-0.000779,0.0224948
-0.000752,-0.001291,0.0220908,-0.000752,-0.001291,0.0220308
-0.000876,-0.001436,0.0217168,-0.000876,-0.001436,0.0216568
-0.000972,0.000367,0.0203188,-0.000972,0.000367,0.0202588
-0.000257,0.00048,0.0204118,-0.000257,0.00048,0.0203518
-0.00036,0.000802,0.0202498,-0.00036,0.000802,0.0201898
7.3e-05,0.000717,0.0203318,7.3e-05,0.000717,0.0202718
9.2e-05,0.000329,0.0203368,9.2e-05,0.000329,0.0202768
-0.00074,0.000737,0.0203078,-0.00074,0.000737,0.0202478
-0.000457,0.00111,0.0203918,-0.000457,0.00111,0.0203318
-0.000547,0.000748,0.0205798,-0.000547,0.000748,0.0205198
-0.000475,0.000383,0.0207008,-0.000475,0.000383,0.0206408
-0.000143,0.000287,0.0206858,-0.000143,0.000287,0.0206258
-0.000842,0.000463,0.0206848,-0.000842,0.000463,0.0206248
-0.001255,0.000456,0.0205848,-0.001255,0.000456,0.0205248
-0.000516,0.000112,0.0205448,-0.000516,0.000112,0.0204848
-0.000298,-0.00012,0.0207028,-0.000298,-0.00012,0.0206428
-0.00022,-0.000548,0.0187068,-0.00022,-0.000548,0.0186468
-0.000271,0.000399,0.0211038,-0.000271,0.000399,0.0210438
-0.00098,0.001332,0.0201988,-0.00098,0.001332,0.0201388
-0.000902,0.000854,0.0206348,-0.000902,0.000854,0.0205748
-0.000813,0.000698,0.0210158,-0.000813,0.000698,0.0209558
-0.000697,5.5e-05,0.0208318,-0.000697,5.5e-05,0.0207718
-0.000918,0.000381,0.0213348,-0.000918,0.000381,0.0212748
-0.000524,0.002165,0.0214238,-0.000524,0.002165,0.0213638
-0.000223,0.002239,0.0215388,-0.000223,0.002239,0.0214788
-7.6e-05,0.002641,0.0213068,-7.6e-05,0.002641,0.0212468
-0.000511,0.002608,0.0214818,-0.000511,0.002608,0.0214218
-0.0009,0.002685,0.0218248,-0.0009,0.002685,0.0217648
-0.000925,0.002638,0.0214098,-0.000925,0.002638,0.0213498
-0.000531,0.002815,0.0211618,-0.000531,0.002815,0.0211018
-0.000452,0.002335,0.0208588,-0.000452,0.002335,0.0207988
-9.5e-05,0.002274,0.0207238,-9.5e-05,0.002274,0.0206638
-5.7e-05,0.002657,0.0206028,-5.7e-05,0.002657,0.0205428
0.000298,0.002778,0.0206488,0.000298,0.002778,0.0205888
-0.000547,0.002746,0.0207158,-0.000547,0.002746,0.0206558
-0.00015,0.002286,0.0211288,-0.00015,0.002286,0.0210688
0.000351,0.002381,0.0211238,0.000351,0.002381,0.0210638
1.2e-05,0.002894,0.0209388,1.2e-05,0.002894,0.0208788
-0.000506,0.003074,0.0207208,-0.000506,0.003074,0.0206608
-0.000917,0.003022,0.0206328,-0.000917,0.003022,0.0205728
-0.000281,0.003118,0.0210888,-0.000281,0.003118,0.0210288
-0.000431,0.002434,0.0211948,-0.000431,0.002434,0.0211348
-0.000323,0.002483,0.0205368,-0.000323,0.002483,0.0204768
0.000801,0.001746,0.0189108,0.000801,0.001746,0.0188508
0.000986,0.001956,0.0190058,0.000986,0.001956,0.0189458
0.001136,0.002241,0.0188908,0.001136,0.002241,0.0188308
0.001451,0.002337,0.0188538,0.001451,0.002337,0.0187938
0.001433,0.001951,0.0187788,0.001433,0.001951,0.0187188
0.000739,0.002156,0.0189138,0.000739,0.002156,0.0188538
0.001085,0.002572,0.0189708,0.001085,0.002572,0.0189108
0.001187,0.002229,0.0191768,0.001187,0.002229,0.0191168
0.001099,0.001911,0.0193278,0.001099,0.001911,0.0192678
0.001399,0.001894,0.0191298,0.001399,0.001894,0.0190698
0.00179,0.00212,0.0191638,0.00179,0.00212,0.0191038
0.001035,0.001276,0.0192948,0.001035,0.001276,0.0192348
0.000863,0.0019,0.0195578,0.000863,0.0019,0.0194978
0.000798,0.002721,0.0189708,0.000798,0.002721,0.0189108
0.000555,0.002153,0.0192108,0.000555,0.002153,0.0191508
0.000302,0.002226,0.0192988,0.000302,0.002226,0.0192388
0.000726,0.002632,0.0193448,0.000726,0.002632,0.0192848
0.000734,0.002202,0.0195498,0.000734,0.002202,0.0194898
0.000727,0.001433,0.0190718,0.000727,0.001433,0.0190118
0.001326,0.001566,0.0230138,0.001326,0.001566,0.0229538
0.000757,0.001504,0.0229668,0.000757,0.001504,0.0229068
0.001239,0.002291,0.0221788,0.001239,0.002291,0.0221188
0.001609,0.002311,0.0221168,0.001609,0.002311,0.0220568
0.001715,0.00215,0.0225248,0.001715,0.00215,0.0224648
0.001068,0.003109,0.0222448,0.001068,0.003109,0.0221848
0.001783,0.001191,0.0225418,0.001783,0.001191,0.0224818
0.001714,0.000878,0.0226628,0.001714,0.000878,0.0226028
0.001975,-0.000919,0.0217148,0.001975,-0.000919,0.0216548
0.002326,-0.000778,0.0217848,0.002326,-0.000778,0.0217248
0.002719,-0.000616,0.0217478,0.002719,-0.000616,0.0216878
0.002035,-0.000515,0.0217888,0.002035,-0.000515,0.0217288
0.002489,-0.000826,0.0221428,0.002489,-0.000826,0.0220828
0.002881,-0.000799,0.0221188,0.002881,-0.000799,0.0220588
0.002161,-0.001114,0.0221748,0.002161,-0.001114,0.0221148
0.002384,-0.001049,0.0224468,0.002384,-0.001049,0.0223868
0.002018,-0.000709,0.0220708,0.002018,-0.000709,0.0220108
0.001724,-0.000588,0.0221418,0.001724,-0.000588,0.0220818
0.002102,-0.000219,0.0222908,0.002102,-0.000219,0.0222308
0.001665,-0.000943,0.0220878,0.001665,-0.000943,0.0220278
0.002086,-0.001497,0.0221428,0.002086,-0.001497,0.0220828
0.002089,-0.001089,0.0226288,0.002089,-0.001089,0.0225688
0.002,0.000362,0.0203428,0.002,0.000362,0.0202828
0.002368,0.000415,0.0203368,0.002368,0.000415,0.0202768
0.00251,0.000778,0.0203478,0.00251,0.000778,0.0202878
0.002021,0.000742,0.0203928,0.002021,0.000742,0.0203328
0.002429,0.001207,0.0203128,0.002429,0.001207,0.0202528
0.002546,0.000511,0.0207668,0.002546,0.000511,0.0207068
0.002835,0.000397,0.0206108,0.002835,0.000397,0.0205508
0.002105,0.000387,0.0207238,0.002105,0.000387,0.0206638
0.002517,-0.00019,0.0207048,0.002517,-0.00019,0.0206448
0.0024,0.000306,0.0210478,0.0024,0.000306,0.0209878
0.002185,0.001062,0.0202228,0.002185,0.001062,0.0201628
0.002032,0.000893,0.0207568,0.002032,0.000893,0.0206968
0.00172,0.000812,0.0206748,0.00172,0.000812,0.0206148
0.001956,0.001415,0.0207318,0.001956,0.001415,0.0206718
0.001961,0.000867,0.0211738,0.001961,0.000867,0.0211138
0.002085,-3.9e-05,0.0207238,0.002085,-3.9e-05,0.0206638
0.002031,-0.000289,0.0205728,0.002031,-0.000289,0.0205128
0.002071,0.000395,0.0211018,0.002071,0.000395,0.0210418
0.001416,0.001514,0.0221398,0.001416,0.001514,0.0220798
0.001727,0.001522,0.0221448,0.001727,0.001522,0.0220848
0.00167,0.001848,0.0222948,0.00167,0.001848,0.0222348
0.001686,0.001499,0.0224978,0.001686,0.001499,0.0224378
0.000939,0.001665,0.0221108,0.000939,0.001665,0.0220508
0.000774,0.001476,0.0223938,0.000774,0.001476,0.0223338
0.000998,0.001444,0.0218098,0.000998,0.001444,0.0217498
0.001061,0.00206,0.0215048,0.001061,0.00206,0.0214448
0.001428,0.002303,0.0213458,0.001428,0.002303,0.0212858
0.001715,0.002318,0.0214828,0.001715,0.002318,0.0214228
0.001637,0.002193,0.0217438,0.001637,0.002193,0.0216838
0.001405,0.002698,0.0212438,0.001405,0.002698,0.0211838
0.001764,0.002628,0.0214588,0.001764,0.002628,0.0213988
0.001078,0.00273,0.0214888,0.001078,0.00273,0.0214288
0.001074,0.002415,0.0215098,0.001074,0.002415,0.0214498
0.000752,0.002603,0.0214858,0.000752,0.002603,0.0214258
0.001604,0.002669,0.0218608,0.001604,0.002669,0.0218008
0.002742,0.001612,0.0229308,0.002742,0.001612,0.0228708
0.002575,0.001919,0.0225628,0.002575,0.001919,0.0225028
0.002768,0.001646,0.0226328,0.002768,0.001646,0.0225728
0.001785,0.002367,0.0205308,0.001785,0.002367,0.0204708
0.002077,0.00224,0.0210378,0.002077,0.00224,0.0209778
0.001621,0.002325,0.0209278,0.001621,0.002325,0.0208678
0.002224,0.002219,0.0212478,0.002224,0.002219,0.0211878
0.001823,0.002712,0.0211128,0.001823,0.002712,0.0210528
0.001778,0.002617,0.0202838,0.001778,0.002617,0.0202238
0.001874,0.002422,0.0211878,0.001874,0.002422,0.0211278
0.002488,0.001586,0.0221938,0.002488,0.001586,0.0221338
0.002746,0.001754,0.0223138,0.002746,0.001754,0.0222538
0.002449,0.001895,0.0221408,0.002449,0.001895,0.0220808
0.002288,0.001437,0.0223978,0.002288,0.001437,0.0223378
0.00251,0.001994,0.0218218,0.00251,0.001994,0.0217618
0.002486,0.000227,0.0228908,0.002486,0.000227,0.0228308
0.002624,0.000472,0.0229478,0.002624,0.000472,0.0228878
0.002872,0.000835,0.0220268,0.002872,0.000835,0.0219668
0.002821,0.001148,0.0222328,0.002821,0.001148,0.0221728
0.002412,0.001241,0.0221488,0.002412,0.001241,0.0220888
0.002793,0.000796,0.0225008,0.002793,0.000796,0.0224408
0.002426,0.00084,0.0226398,0.002426,0.00084,0.0225798
0.002445,0.001209,0.0225808,0.002445,0.001209,0.0225208
0.002344,0.001333,0.0213688,0.002344,0.001333,0.0213088
0.002531,0.001699,0.0215028,0.002531,0.001699,0.0214428
0.002448,0.001965,0.0213528,0.002448,0.001965,0.0212928
0.002533,0.001542,0.0218518,0.002533,0.001542,0.0217918
0.002489,0.001891,0.0209738,0.002489,0.001891,0.0209138
0.002032,-0.001045,0.0202278,0.002032,-0.001045,0.0201678
0.002133,-0.000934,0.0205198,0.002133,-0.000934,0.0204598
0.002464,-0.001,0.0202698,0.002464,-0.001,0.0202098
0.002431,-0.000609,0.0203368,0.002431,-0.000609,0.0202768
0.002121,-0.000572,0.0203798,0.002121,-0.000572,0.0203198
0.002452,-0.000259,0.0203878,0.002452,-0.000259,0.0203278
0.002324,-0.000705,0.0206668,0.002324,-0.000705,0.0206068
0.002449,-0.001088,0.0205788,0.002449,-0.001088,0.0205188
0.002852,-0.001071,0.0205058,0.002852,-0.001071,0.0204458
0.002025,-0.001188,0.0207588,0.002025,-0.001188,0.0206988
0.001771,-0.000985,0.0207068,0.001771,-0.000985,0.0206468
0.002367,-0.000977,0.0209228,0.002367,-0.000977,0.0208628
0.001989,-0.000675,0.0207338,0.001989,-0.000675,0.0206738
0.001671,-0.000737,0.0206918,0.001671,-0.000737,0.0206318
0.002167,-0.000617,0.0210548,0.002167,-0.000617,0.0209948
0.00205,-0.000939,0.0210968,0.00205,-0.000939,0.0210368
0.003196,0.00033,0.0222528,0.003196,0.00033,0.0221928
0.002067,0.000375,0.0187688,0.002067,0.000375,0.0187088
0.002369,0.000458,0.0189838,0.002369,0.000458,0.0189238
0.002605,0.000734,0.0188338,0.002605,0.000734,0.0187738
0.001643,0.000873,0.0188298,0.001643,0.000873,0.0187698
0.002522,0.001142,0.0188988,0.002522,0.001142,0.0188388
0.002399,0.00085,0.0191588,0.002399,0.00085,0.0190988
0.002445,0.00042,0.0193388,0.002445,0.00042,0.0192788
0.002021,0.000444,0.0192308,0.002021,0.000444,0.0191708
0.001502,0.000464,0.0193498,0.001502,0.000464,0.0192898
0.002529,-0.000142,0.0192038,0.002529,-0.000142,0.0191438
0.002682,0.000406,0.0196998,0.002682,0.000406,0.0196398
0.00205,0.001241,0.0188608,0.00205,0.001241,0.0188008
0.002045,0.000868,0.0193088,0.002045,0.000868,0.0192488
0.001672,0.00081,0.0192728,0.001672,0.00081,0.0192128
0.002024,0.001218,0.0193598,0.002024,0.001218,0.0192998
0.002046,0.000993,0.0196718,0.002046,0.000993,0.0196118
0.001979,1.8e-05,0.0193148,0.001979,1.8e-05,0.0192548
0.002082,-0.000247,0.0191108,0.002082,-0.000247,0.0190508
0.001743,0.000239,0.0230268,0.001743,0.000239,0.0229668
0.001759,-9e-05,0.0230298,0.001759,-9e-05,0.0229698
0.001487,5e-05,0.0225268,0.001487,5e-05,0.0224668
0.001706,0.000945,0.0223318,0.001706,0.000945,0.0222718
0.001567,0.001199,0.0221468,0.001567,0.001199,0.0220868
0.001709,0.000618,0.0223048,0.001709,0.000618,0.0222448
0.00247,-0.000468,0.0226698,0.00247,-0.000468,0.0226098
0.002528,0.000222,0.0222998,0.002528,0.000222,0.0222398
0.002937,-3e-05,0.0222278,0.002937,-3e-05,0.0221678
0.002837,-1e-06,0.0226298,0.002837,-1e-06,0.0225698
0.002686,-0.000221,0.0224758,0.002686,-0.000221,0.0224158
0.002365,-0.000223,0.0224438,0.002365,-0.000223,0.0223838
0.0024,-1.6e-05,0.0217778,0.0024,-1.6e-05,0.0217178
0.002327,0.000847,0.0214158,0.002327,0.000847,0.0213558
0.002798,0.000757,0.0214008,0.002798,0.000757,0.0213408
0.002968,0.001138,0.0213818,0.002968,0.001138,0.0213218
0.002339,0.001081,0.0210848,0.002339,0.001081,0.0210248
0.001716,0.001551,0.0213368,0.001716,0.001551,0.0212768
0.002026,0.001505,0.0214248,0.002026,0.001505,0.0213648
0.002237,0.001667,0.0214028,0.002237,0.001667,0.0213428
0.001989,0.001838,0.0213688,0.001989,0.001838,0.0213088
0.001637,0.002002,0.0214048,0.001637,0.002002,0.0213448
0.002193,0.001868,0.0217768,0.002193,0.001868,0.0217168
0.001715,0.001817,0.0219388,0.001715,0.001817,0.0218788
0.002052,0.002307,0.0217818,0.002052,0.002307,0.0217218
0.001608,0.001761,0.0216128,0.001608,0.001761,0.0215528
0.001665,0.00189,0.0210788,0.001665,0.00189,0.0210188
0.002328,0.001175,0.0206498,0.002328,0.001175,0.0205898
0.002548,0.001581,0.0207928,0.002548,0.001581,0.0207328
0.002463,0.001946,0.0206218,0.002463,0.001946,0.0205618
0.002468,0.00154,0.0211488,0.002468,0.00154,0.0210888
0.002893,0.001413,0.0203028,0.002893,0.001413,0.0202428
0.002627,0.001886,0.0202298,0.002627,0.001886,0.0201698
0.003189,0.000551,0.0218608,0.003189,0.000551,0.0218008
0.003261,-2.3e-05,0.0215068,0.003261,-2.3e-05,0.0214468
0.002192,-0.000558,0.0229428,0.002192,-0.000558,0.0228828
0.001845,-0.000566,0.0226638,0.001845,-0.000566,0.0226038
0.00249,-0.001476,0.0228438,0.00249,-0.001476,0.0227838
0.002844,-0.000361,0.0222168,0.002844,-0.000361,0.0221568
0.002528,-0.000744,0.0225028,0.002528,-0.000744,0.0224428
0.00283,-0.000991,0.0224378,0.00283,-0.000991,0.0223778
0.002593,-0.000511,0.0220608,0.002593,-0.000511,0.0220008
0.001138,-0.000696,0.0204238,0.001138,-0.000696,0.0203638
0.001539,-0.00074,0.0202558,0.001539,-0.00074,0.0201958
0.001321,-0.000976,0.0203258,0.001321,-0.000976,0.0202658
0.000688,-0.000585,0.0204048,0.000688,-0.000585,0.0203448
0.000339,-0.000576,0.0205208,0.000339,-0.000576,0.0204608
0.001095,-0.000129,0.0203698,0.001095,-0.000129,0.0203098
0.001119,-0.000973,0.0206708,0.001119,-0.000973,0.0206108
0.001469,-0.000993,0.0206628,0.001469,-0.000993,0.0206028
0.000549,-0.001133,0.0206968,0.000549,-0.001133,0.0206368
0.000267,-0.001007,0.0207088,0.000267,-0.001007,0.0206488
0.001006,-0.000911,0.0210238,0.001006,-0.000911,0.0209638
0.000764,-0.000244,0.0204728,0.000764,-0.000244,0.0204128
0.000621,-0.00065,0.0207178,0.000621,-0.00065,0.0206578
0.000153,-0.000768,0.0207838,0.000153,-0.000768,0.0207238
0.000641,-0.000392,0.0206648,0.000641,-0.000392,0.0206048
0.000715,-0.000664,0.0210558,0.000715,-0.000664,0.0209958
0.00079,-0.000928,0.0206308,0.00079,-0.000928,0.0205708
0.002015,-0.001098,0.0188408,0.002015,-0.001098,0.0187808
0.002089,-0.000832,0.0190688,0.002089,-0.000832,0.0190088
0.002362,-0.001056,0.0188478,0.002362,-0.001056,0.0187878
0.002427,-0.000685,0.0188768,0.002427,-0.000685,0.0188168
0.002847,-0.000734,0.0189328,0.002847,-0.000734,0.0188728
0.002093,-0.000507,0.0188918,0.002093,-0.000507,0.0188318
0.002478,-0.000292,0.0189268,0.002478,-0.000292,0.0188668
0.002868,-0.000875,0.0194818,0.002868,-0.000875,0.0194218
0.001946,-0.001101,0.0191728,0.001946,-0.001101,0.0191128
0.001755,-0.000807,0.0192538,0.001755,-0.000807,0.0191938
0.002541,-0.000874,0.0195638,0.002541,-0.000874,0.0195038
0.002053,-0.000589,0.0193048,0.002053,-0.000589,0.0192448
0.002058,-0.000611,0.0196258,0.002058,-0.000611,0.0195658
0.002211,-0.001031,0.0195198,0.002211,-0.001031,0.0194598
0.001616,-2.9e-05,0.0221218,0.001616,-2.9e-05,0.0220618
0.00181,4e-05,0.0223478,0.00181,4e-05,0.0222878
0.002284,0.000167,0.0222068,0.002284,0.000167,0.0221468
0.002102,4.1e-05,0.0225558,0.002102,4.1e-05,0.0224958
0.002052,-0.000276,0.0225278,0.002052,-0.000276,0.0224678
0.001625,0.000284,0.0223538,0.001625,0.000284,0.0222938
0.001779,0.000135,0.0227138,0.001779,0.000135,0.0226538
0.001739,-0.00024,0.0225928,0.001739,-0.00024,0.0225328
0.002541,0.000135,0.0214078,0.002541,0.000135,0.0213478
0.002812,0.000348,0.0214038,0.002812,0.000348,0.0213438
0.002318,0.000494,0.0212988,0.002318,0.000494,0.0212388
0.002896,0.000476,0.0217278,0.002896,0.000476,0.0216678
0.002781,3.7e-05,0.0217368,0.002781,3.7e-05,0.0216768
0.002576,0.00053,0.0214578,0.002576,0.00053,0.0213978
0.002668,0.000265,0.0219998,0.002668,0.000265,0.0219398
0.00322,-5.5e-05,0.0207938,0.00322,-5.5e-05,0.0207338
0.001266,-0.000642,0.0228838,0.001266,-0.000642,0.0228238
0.001421,-0.000611,0.0220668,0.001421,-0.000611,0.0220068
0.001279,-0.000479,0.0223038,0.001279,-0.000479,0.0222438
0.001683,-0.000283,0.0222948,0.001683,-0.000283,0.0222348
0.001398,-0.000202,0.0221968,0.001398,-0.000202,0.0221368
0.0013,0.000126,0.0222138,0.0013,0.000126,0.0221538
0.000807,-0.000497,0.0222608,0.000807,-0.000497,0.0222008
0.00092,-0.000161,0.0225988,0.00092,-0.000161,0.0225388
0.00066,-0.002544,0.0217818,0.00066,-0.002544,0.0217218
0.000974,-0.002443,0.0218218,0.000974,-0.002443,0.0217618
0.001024,-0.002094,0.0218678,0.001024,-0.002094,0.0218078
0.001343,-0.00198,0.0217718,0.001343,-0.00198,0.0217118
0.0016,-0.001768,0.0218118,0.0016,-0.001768,0.0217518
0.000606,-0.00217,0.0217998,0.000606,-0.00217,0.0217398
0.00029,-0.00199,0.0217248,0.00029,-0.00199,0.0216648
0.001041,-0.001761,0.0220668,0.001041,-0.001761,0.0220068
0.001,-0.002286,0.0222068,0.001,-0.002286,0.0221468
0.001085,-0.002539,0.0221968,0.001085,-0.002539,0.0221368
0.001315,-0.002376,0.0220438,0.001315,-0.002376,0.0219838
0.000724,-0.00249,0.0221488,0.000724,-0.00249,0.0220888
0.000972,-0.002493,0.0225068,0.000972,-0.002493,0.0224468
0.000492,-0.001703,0.0217088,0.000492,-0.001703,0.0216488
0.000793,-0.002005,0.0221878,0.000793,-0.002005,0.0221278
0.000304,-0.001671,0.0219348,0.000304,-0.001671,0.0218748
0.000638,-0.001618,0.0220808,0.000638,-0.001618,0.0220208
0.000154,-0.001976,0.0220298,0.000154,-0.001976,0.0219698
0.0003,-0.002578,0.0220318,0.0003,-0.002578,0.0219718
0.000648,-0.002571,0.0225018,0.000648,-0.002571,0.0224418
0.001676,-0.001363,0.0229968,0.001676,-0.001363,0.0229368
0.002267,-0.001178,0.0230088,0.002267,-0.001178,0.0229488
0.001686,-0.000955,0.0229838,0.001686,-0.000955,0.0229238
0.002443,-0.001507,0.0221208,0.002443,-0.001507,0.0220608
0.002801,-0.001379,0.0221128,0.002801,-0.001379,0.0220528
0.002384,-0.001551,0.0224458,0.002384,-0.001551,0.0223858
0.002532,-0.001253,0.0226628,0.002532,-0.001253,0.0226028
0.00236,-0.000913,0.0213378,0.00236,-0.000913,0.0212778
0.002501,-0.000573,0.0214908,0.002501,-0.000573,0.0214308
0.00286,-0.000635,0.0213698,0.00286,-0.000635,0.0213098
0.002363,-0.000266,0.0212838,0.002363,-0.000266,0.0212238
0.002681,-0.000267,0.0215668,0.002681,-0.000267,0.0215068
0.001535,-0.001431,0.0224368,0.001535,-0.001431,0.0223768
0.000866,-0.001198,0.0229288,0.000866,-0.001198,0.0228688
0.001765,-0.00215,0.0225528,0.001765,-0.00215,0.0224928
0.001711,-0.001673,0.0221828,0.001711,-0.001673,0.0221228
0.001804,-0.001253,0.0223158,0.001804,-0.001253,0.0222558
0.002129,-0.001741,0.0225448,0.002129,-0.001741,0.0224848
0.002163,-0.001841,0.0221538,0.002163,-0.001841,0.0220938
0.002148,-0.001307,0.0217928,0.002148,-0.001307,0.0217328
0.001637,-0.000978,0.0225538,0.001637,-0.000978,0.0224938
0.002488,-0.001357,0.0212408,0.002488,-0.001357,0.0211808
0.002478,-0.001423,0.0216038,0.002478,-0.001423,0.0215438
0.002853,-0.001416,0.0214458,0.002853,-0.001416,0.0213858
0.003061,-0.001006,0.0212858,0.003061,-0.001006,0.0212258
0.002878,-0.001367,0.0217988,0.002878,-0.001367,0.0217388
0.002455,-0.00127,0.0218958,0.002455,-0.00127,0.0218358
0.000865,-0.001921,0.0228748,0.000865,-0.001921,0.0228148
0.001187,-0.00207,0.0222018,0.001187,-0.00207,0.0221418
0.001723,-0.002159,0.0222028,0.001723,-0.002159,0.0221428
0.001648,-0.002609,0.0220948,0.001648,-0.002609,0.0220348
0.001372,-0.00169,0.0221288,0.001372,-0.00169,0.0220688
0.001463,-0.001351,0.0220818,0.001463,-0.001351,0.0220218
0.000975,-0.002103,0.0225358,0.000975,-0.002103,0.0224758
0.001391,-0.001665,0.0224328,0.001391,-0.001665,0.0223728
0.001082,-0.001389,0.0221458,0.001082,-0.001389,0.0220858
0.000853,-0.001623,0.0224398,0.000853,-0.001623,0.0223798
-0.000545,-0.002492,0.0217368,-0.000545,-0.002492,0.0216768
-0.000266,-0.002334,0.0219618,-0.000266,-0.002334,0.0219018
-5.1e-05,-0.002153,0.0217578,-5.1e-05,-0.002153,0.0216978
-0.000573,-0.001643,0.0215938,-0.000573,-0.001643,0.0215338
-0.000434,-0.002467,0.0221768,-0.000434,-0.002467,0.0221168
-2.7e-05,-0.002481,0.0220838,-2.7e-05,-0.002481,0.0220238
-0.000893,-0.002533,0.0222138,-0.000893,-0.002533,0.0221538
-0.000529,-0.001696,0.0219588,-0.000529,-0.001696,0.0218988
-0.00042,-0.002489,0.0225028,-0.00042,-0.002489,0.0224428
-0.00075,-0.002133,0.0217738,-0.00075,-0.002133,0.0217138
-0.000968,-0.001808,0.0217658,-0.000968,-0.001808,0.0217058
-0.000843,-0.001653,0.0221478,-0.000843,-0.001653,0.0220878
-0.000862,-0.002063,0.0221488,-0.000862,-0.002063,0.0220888
-0.000882,-0.00185,0.0225188,-0.000882,-0.00185,0.0224588
-0.000697,-0.002404,0.0220458,-0.000697,-0.002404,0.0219858
0.000667,-0.002538,0.0202968,0.000667,-0.002538,0.0202368
0.001097,-0.002009,0.0203138,0.001097,-0.002009,0.0202538
0.001398,-0.002113,0.0204958,0.001398,-0.002113,0.0204358
0.001343,-0.001793,0.0203278,0.001343,-0.001793,0.0202678
0.000602,-0.002086,0.0203638,0.000602,-0.002086,0.0203038
0.000199,-0.001961,0.0202918,0.000199,-0.001961,0.0202318
0.000963,-0.001587,0.0203208,0.000963,-0.001587,0.0202608
0.000976,-0.002172,0.0206398,0.000976,-0.002172,0.0205798
0.00095,-0.002607,0.0207538,0.00095,-0.002607,0.0206938
0.001264,-0.002479,0.0205408,0.001264,-0.002479,0.0204808
0.000654,-0.00245,0.0206158,0.000654,-0.00245,0.0205558
0.000999,-0.001679,0.0206368,0.000999,-0.001679,0.0205768
0.000846,-0.00241,0.0210248,0.000846,-0.00241,0.0209648
0.000643,-0.001611,0.0203548,0.000643,-0.001611,0.0202948
0.000714,-0.001997,0.0207958,0.000714,-0.001997,0.0207358
0.000317,-0.001584,0.0202738,0.000317,-0.001584,0.0202138
0.000588,-0.0017,0.0206538,0.000588,-0.0017,0.0205938
0.000263,-0.002202,0.0206738,0.000263,-0.002202,0.0206138
-9.4e-05,-0.002069,0.0206238,-9.4e-05,-0.002069,0.0205638
0.000722,-0.00205,0.0211168,0.000722,-0.00205,0.0210568
0.00036,-0.002539,0.0207388,0.00036,-0.002539,0.0206788
0.00055,-0.002554,0.0210178,0.00055,-0.002554,0.0209578
0.000901,-0.002778,0.0229838,0.000901,-0.002778,0.0229238
0.001311,-0.002754,0.0229468,0.001311,-0.002754,0.0228868
0.000966,-0.002747,0.0223388,0.000966,-0.002747,0.0222788
0.0008,-0.002929,0.0221338,0.0008,-0.002929,0.0220738
0.001318,-0.002872,0.0220858,0.001318,-0.002872,0.0220258
0.000739,-0.002859,0.0225998,0.000739,-0.002859,0.0225398
0.001772,-0.002691,0.0224388,0.001772,-0.002691,0.0223788
0.000391,-0.002553,0.0230078,0.000391,-0.002553,0.0229478
0.000381,-0.002664,0.0227188,0.000381,-0.002664,0.0226588
-0.000927,-0.002381,0.0202638,-0.000927,-0.002381,0.0202038
-0.000582,-0.002495,0.0203358,-0.000582,-0.002495,0.0202758
-0.000299,-0.002346,0.0204858,-0.000299,-0.002346,0.0204258
-0.000377,-0.002067,0.0203458,-0.000377,-0.002067,0.0202858
-5.3e-05,-0.002244,0.0202938,-5.3e-05,-0.002244,0.0202338
-0.001225,-0.002137,0.0203098,-0.001225,-0.002137,0.0202498
-0.000445,-0.001711,0.0204168,-0.000445,-0.001711,0.0203568
-0.0005,-0.001238,0.0203108,-0.0005,-0.001238,0.0202508
-0.000461,-0.002487,0.0207568,-0.000461,-0.002487,0.0206968
-1.7e-05,-0.002492,0.0206208,-1.7e-05,-0.002492,0.0205608
-0.00086,-0.002492,0.0206218,-0.00086,-0.002492,0.0205618
-0.000465,-0.00245,0.0212108,-0.000465,-0.00245,0.0211508
-0.000731,-0.00209,0.0203518,-0.000731,-0.00209,0.0202918
-0.000872,-0.001744,0.0202638,-0.000872,-0.001744,0.0202038
-0.000764,-0.001732,0.0206468,-0.000764,-0.001732,0.0205868
-0.000956,-0.002115,0.0206778,-0.000956,-0.002115,0.0206178
-0.000981,-0.002076,0.0211708,-0.000981,-0.002076,0.0211108
-0.000895,-0.002531,0.0211858,-0.000895,-0.002531,0.0211258
0.000708,-0.002568,0.0188178,0.000708,-0.002568,0.0187578
0.001035,-0.002474,0.0189448,0.001035,-0.002474,0.0188848
0.001101,-0.002116,0.0188498,0.001101,-0.002116,0.0187898
0.001495,-0.002196,0.0188908,0.001495,-0.002196,0.0188308
0.001355,-0.001848,0.0188578,0.001355,-0.001848,0.0187978
0.000384,-0.000458,0.0188268,0.000384,-0.000458,0.0187668
0.000633,-0.002169,0.0189788,0.000633,-0.002169,0.0189188
0.000237,-0.002125,0.0188968,0.000237,-0.002125,0.0188368
0.001018,-0.001648,0.0191698,0.001018,-0.001648,0.0191098
0.000872,-0.002063,0.0192918,0.000872,-0.002063,0.0192318
0.001025,-0.002463,0.0193378,0.001025,-0.002463,0.0192778
0.00136,-0.002582,0.0191148,0.00136,-0.002582,0.0190548
0.00084,-0.00243,0.0196608,0.00084,-0.00243,0.0196008
0.000454,-0.001729,0.0188978,0.000454,-0.001729,0.0188378
0.000626,-0.00129,0.0189378,0.000626,-0.00129,0.0188778
0.000221,-0.001454,0.0188408,0.000221,-0.001454,0.0187808
0.00064,-0.001655,0.0191708,0.00064,-0.001655,0.0191108
0.000146,-0.001961,0.0191778,0.000146,-0.001961,0.0191178
-5e-06,-0.002223,0.0192538,-5e-06,-0.002223,0.0191938
0.000643,-0.002111,0.0197258,0.000643,-0.002111,0.0196658
0.000303,-0.002402,0.0191888,0.000303,-0.002402,0.0191288
0.000369,-0.002888,0.0222178,0.000369,-0.002888,0.0221578
0.000623,-0.002756,0.0223068,0.000623,-0.002756,0.0222468
0.000448,-0.002575,0.0223188,0.000448,-0.002575,0.0222588
0.000314,-0.002362,0.0225958,0.000314,-0.002362,0.0225358
-0.000109,-0.002426,0.0225298,-0.000109,-0.002426,0.0224698
0.000295,-0.002077,0.0223768,0.000295,-0.002077,0.0223168
0.001037,-0.003023,0.0213518,0.001037,-0.003023,0.0212918
0.000963,-0.002647,0.0215188,0.000963,-0.002647,0.0214588
0.001412,-0.002888,0.0212908,0.001412,-0.002888,0.0212308
0.001233,-0.002803,0.0215268,0.001233,-0.002803,0.0214668
0.001572,-0.002543,0.0214548,0.001572,-0.002543,0.0213948
0.001248,-0.002554,0.0213798,0.001248,-0.002554,0.0213198
0.000975,-0.002363,0.0213298,0.000975,-0.002363,0.0212698
0.001405,-0.002168,0.0213648,0.001405,-0.002168,0.0213048
0.001334,-0.002581,0.0217508,0.001334,-0.002581,0.0216908
0.000942,-0.002885,0.0217148,0.000942,-0.002885,0.0216548
0.000602,-0.002482,0.0214078,0.000602,-0.002482,0.0213478
0.00105,-0.002752,0.0219608,0.00105,-0.002752,0.0219008
0.001751,-0.002144,0.0215428,0.001751,-0.002144,0.0214828
0.002193,-0.002045,0.0214378,0.002193,-0.002045,0.0213778
0.002513,-0.001762,0.0214778,0.002513,-0.001762,0.0214178
0.002078,-0.001527,0.0214308,0.002078,-0.001527,0.0213708
0.001662,-0.001731,0.0214218,0.001662,-0.001731,0.0213618
0.002224,-0.001686,0.0218058,0.002224,-0.001686,0.0217458
0.002044,-0.002174,0.0217698,0.002044,-0.002174,0.0217098
0.001586,-0.002246,0.0218358,0.001586,-0.002246,0.0217758
0.002081,-0.00249,0.0218398,0.002081,-0.00249,0.0217798
0.001711,-0.001421,0.0215048,0.001711,-0.001421,0.0214448
0.002666,-0.001671,0.0217878,0.002666,-0.001671,0.0217278
0.001496,-0.001451,0.0217548,0.001496,-0.001451,0.0216948
0.001863,-0.001899,0.0219468,0.001863,-0.001899,0.0218868
0.001759,-0.002505,0.0217658,0.001759,-0.002505,0.0217058
-0.000363,-0.002679,0.0230038,-0.000363,-0.002679,0.0229438
-0.00029,-0.002715,0.0226698,-0.00029,-0.002715,0.0226098
0.000149,-0.001998,0.0229468,0.000149,-0.001998,0.0228868
0.000507,-0.001977,0.0228978,0.000507,-0.001977,0.0228378
0.000334,-0.00227,0.0229398,0.000334,-0.00227,0.0228798
-0.000681,-0.002596,0.0230498,-0.000681,-0.002596,0.0229898
-0.001086,-0.002826,0.0227078,-0.001086,-0.002826,0.0226478
-0.000211,-0.002019,0.0228748,-0.000211,-0.002019,0.0228148
-0.000313,-0.001785,0.0229618,-0.000313,-0.001785,0.0229018
-0.000407,-0.00278,0.0219888,-0.000407,-0.00278,0.0219288
-0.000431,-0.002728,0.0223258,-0.000431,-0.002728,0.0222658
3.4e-05,-0.002817,0.0220798,3.4e-05,-0.002817,0.0220198
3.1e-05,-0.002209,0.0221798,3.1e-05,-0.002209,0.0221198
-0.000562,-0.002835,0.0225188,-0.000562,-0.002835,0.0224588
0.000489,-0.001289,0.0229448,0.000489,-0.001289,0.0228848
0.000452,-0.001944,0.0220688,0.000452,-0.001944,0.0220088
0.000284,-0.001662,0.0221948,0.000284,-0.001662,0.0221348
0.000755,-0.001207,0.0221918,0.000755,-0.001207,0.0221318
0.000267,-0.00169,0.0225448,0.000267,-0.00169,0.0224848
0.000576,-0.001793,0.0226068,0.000576,-0.001793,0.0225468
-8.7e-05,-0.001641,0.0225288,-8.7e-05,-0.001641,0.0224688
0.000263,-0.001323,0.0225148,0.000263,-0.001323,0.0224548
0.000403,-0.002303,0.0221618,0.000403,-0.002303,0.0221018
-2e-06,-0.002119,0.0224948,-2e-06,-0.002119,0.0224348
0.000321,-0.002845,0.0214808,0.000321,-0.002845,0.0214208
0.000713,-0.002874,0.0213188,0.000713,-0.002874,0.0212588
0.000549,-0.002713,0.0215168,0.000549,-0.002713,0.0214568
0.000287,-0.00254,0.0213678,0.000287,-0.00254,0.0213078
0.000516,-0.002197,0.0212808,0.000516,-0.002197,0.0212208
0.000448,-0.002819,0.0219428,0.000448,-0.002819,0.0218828
0.000381,-0.002572,0.0216728,0.000381,-0.002572,0.0216128
-8.7e-05,-0.002469,0.0213808,-8.7e-05,-0.002469,0.0213208
0.000156,-0.002119,0.0213468,0.000156,-0.002119,0.0212868
0.000271,-0.002296,0.0218798,0.000271,-0.002296,0.0218198
-0.000185,-0.002535,0.0217818,-0.000185,-0.002535,0.0217218
-0.001847,-0.002732,0.0221938,-0.001847,-0.002732,0.0221338
-0.001588,-0.002788,0.0221788,-0.001588,-0.002788,0.0221188
-0.001309,-0.002691,0.0221268,-0.001309,-0.002691,0.0220668
-0.001591,-0.002537,0.0220788,-0.001591,-0.002537,0.0220188
-0.001134,-0.002359,0.0220798,-0.001134,-0.002359,0.0220198
-0.001988,-0.002563,0.0219818,-0.001988,-0.002563,0.0219218
-0.00149,-0.002174,0.0220708,-0.00149,-0.002174,0.0220108
-0.001214,-0.002777,0.0224448,-0.001214,-0.002777,0.0223848
-0.001406,-0.002481,0.0223708,-0.001406,-0.002481,0.0223108
-0.001984,-0.002136,0.0219938,-0.001984,-0.002136,0.0219338
-0.001779,-0.00301,0.0227258,-0.001779,-0.00301,0.0226658
-0.001784,-0.002758,0.0218888,-0.001784,-0.002758,0.0218288
-0.002344,-0.001043,0.0218008,-0.002344,-0.001043,0.0217408
-0.002029,-0.001063,0.0217028,-0.002029,-0.001063,0.0216428
-0.00174,-0.000941,0.0217948,-0.00174,-0.000941,0.0217348
-0.001411,-0.001074,0.0217168,-0.001411,-0.001074,0.0216568
-0.001615,-0.000656,0.0217448,-0.001615,-0.000656,0.0216848
-0.001557,-0.001128,0.0220068,-0.001557,-0.001128,0.0219468
-0.001969,-0.000666,0.0217348,-0.001969,-0.000666,0.0216748
-0.002321,-0.000726,0.0217408,-0.002321,-0.000726,0.0216808
-0.002002,-0.000281,0.0218578,-0.002002,-0.000281,0.0217978
-0.002024,-0.000551,0.0220778,-0.002024,-0.000551,0.0220178
-0.001949,-0.001102,0.0221078,-0.001949,-0.001102,0.0220478
-0.002387,-0.001027,0.0221738,-0.002387,-0.001027,0.0221138
-0.002271,-0.000492,0.0218928,-0.002271,-0.000492,0.0218328
-0.00233,-0.000651,0.0221668,-0.00233,-0.000651,0.0221068
-0.001583,-0.000716,0.0221598,-0.001583,-0.000716,0.0220998
-0.002245,-0.000286,0.0221258,-0.002245,-0.000286,0.0220658
-0.002254,-0.000765,0.0224788,-0.002254,-0.000765,0.0224188
-0.002129,-0.001397,0.0220798,-0.002129,-0.001397,0.0220198
-0.002318,-0.001016,0.0226158,-0.002318,-0.001016,0.0225558
-0.001087,-0.001934,0.0228638,-0.001087,-0.001934,0.0228038
-0.001069,-0.002837,0.0222148,-0.001069,-0.002837,0.0221548
-0.000823,-0.00291,0.0220678,-0.000823,-0.00291,0.0220078
-0.000658,-0.002728,0.0222128,-0.000658,-0.002728,0.0221528
-0.001123,-0.002592,0.0222788,-0.001123,-0.002592,0.0222188
-0.001214,-0.001824,0.0220988,-0.001214,-0.001824,0.0220388
-0.001015,-0.002414,0.0225018,-0.001015,-0.002414,0.0224418
-0.001058,-0.002638,0.0220458,-0.001058,-0.002638,0.0219858
-0.000387,-0.001225,0.0227078,-0.000387,-0.001225,0.0226478
-0.000383,-0.001308,0.0220568,-0.000383,-0.001308,0.0219968
-3.5e-05,-0.001354,0.0220798,-3.5e-05,-0.001354,0.0220198
-0.000167,-0.001237,0.0222888,-0.000167,-0.001237,0.0222288
2.7e-05,-0.000648,0.0220378,2.7e-05,-0.000648,0.0219778
-0.000598,-0.001449,0.0224198,-0.000598,-0.001449,0.0223598
-0.000166,-0.00099,0.0224838,-0.000166,-0.00099,0.0224238
-0.000534,-0.000738,0.0223938,-0.000534,-0.000738,0.0223338
-0.000789,-0.000987,0.0203418,-0.000789,-0.000987,0.0202818
-0.000372,-0.000863,0.0202948,-0.000372,-0.000863,0.0202348
-0.00042,-0.000605,0.0203888,-0.00042,-0.000605,0.0203288
-4.8e-05,-0.000659,0.0204678,-4.8e-05,-0.000659,0.0204078
-0.000762,-0.000568,0.0204028,-0.000762,-0.000568,0.0203428
-0.001261,-0.000725,0.0202588,-0.001261,-0.000725,0.0201988
-0.00048,-0.000287,0.0203358,-0.00048,-0.000287,0.0202758
-0.000325,-0.000719,0.0206218,-0.000325,-0.000719,0.0205618
-0.000424,-0.001005,0.0206218,-0.000424,-0.001005,0.0205618
-7.2e-05,-0.000994,0.0205868,-7.2e-05,-0.000994,0.0205268
-0.001241,-0.001177,0.0206838,-0.001241,-0.001177,0.0206238
-0.000435,-0.000933,0.0210798,-0.000435,-0.000933,0.0210198
-0.000806,-0.000685,0.0206898,-0.000806,-0.000685,0.0206298
-0.000702,-0.000311,0.0207038,-0.000702,-0.000311,0.0206438
-0.000872,-0.000845,0.0210818,-0.000872,-0.000845,0.0210218
-0.00087,-0.001346,0.0205168,-0.00087,-0.001346,0.0204568
-0.00049,-0.00188,0.0222968,-0.00049,-0.00188,0.0222368
-0.000187,-0.002004,0.0221128,-0.000187,-0.002004,0.0220528
-6.1e-05,-0.001674,0.0220698,-6.1e-05,-0.001674,0.0220098
-0.000462,-0.001782,0.0226448,-0.000462,-0.001782,0.0225848
-0.000279,-0.002246,0.0222978,-0.000279,-0.002246,0.0222378
-0.000434,-0.002873,0.0212518,-0.000434,-0.002873,0.0211918
2.3e-05,-0.00284,0.0213858,2.3e-05,-0.00284,0.0213258
-0.000117,-0.002852,0.0217838,-0.000117,-0.002852,0.0217238
-0.00076,-0.00234,0.0214148,-0.00076,-0.00234,0.0213548
-0.000489,-0.00208,0.0211858,-0.000489,-0.00208,0.0211258
-0.000425,-0.002998,0.0206288,-0.000425,-0.002998,0.0205688
-0.00043,-0.002764,0.0209058,-0.00043,-0.002764,0.0208458
-1.9e-05,-0.002887,0.0206568,-1.9e-05,-0.002887,0.0205968
-0.000198,-0.002721,0.0207998,-0.000198,-0.002721,0.0207398
0.000137,-0.002982,0.0209958,0.000137,-0.002982,0.0209358
-0.000967,-0.002516,0.0189268,-0.000967,-0.002516,0.0188668
-0.000601,-0.002508,0.0189108,-0.000601,-0.002508,0.0188508
-0.000169,-0.002367,0.0189238,-0.000169,-0.002367,0.0188638
-0.000125,-0.002026,0.0189408,-0.000125,-0.002026,0.0188808
-0.001167,-0.002099,0.0189178,-0.001167,-0.002099,0.0188578
-0.000724,-0.001432,0.0188898,-0.000724,-0.001432,0.0188298
-0.00045,-0.002511,0.0192618,-0.00045,-0.002511,0.0192018
-4.2e-05,-0.002565,0.0191928,-4.2e-05,-0.002565,0.0191328
-0.000803,-0.00264,0.0192888,-0.000803,-0.00264,0.0192288
-0.000436,-0.001525,0.0192548,-0.000436,-0.001525,0.0191948
-0.000384,-0.002467,0.0196008,-0.000384,-0.002467,0.0195408
-0.000718,-0.00181,0.0186668,-0.000718,-0.00181,0.0186068
-0.000716,-0.001719,0.0192358,-0.000716,-0.001719,0.0191758
-0.000792,-0.002064,0.0193038,-0.000792,-0.002064,0.0192438
-0.000733,-0.002345,0.0192348,-0.000733,-0.002345,0.0191748
-0.000924,-0.002246,0.0195818,-0.000924,-0.002246,0.0195218
-0.001929,-0.001998,0.0228758,-0.001929,-0.001998,0.0228158
-0.001764,-0.001737,0.0228908,-0.001764,-0.001737,0.0228308
-0.00061,-0.001275,0.0229568,-0.00061,-0.001275,0.0228968
-0.000901,-0.001364,0.0224978,-0.000901,-0.001364,0.0224378
-0.00107,-0.001126,0.0227098,-0.00107,-0.001126,0.0226498
-0.001645,-0.001788,0.0225938,-0.001645,-0.001788,0.0225338
-0.001592,-0.002209,0.0225528,-0.001592,-0.002209,0.0224928
-0.001234,-0.002166,0.0217498,-0.001234,-0.002166,0.0216898
-0.001208,-0.002845,0.0212128,-0.001208,-0.002845,0.0211528
-0.001052,-0.002651,0.0214768,-0.001052,-0.002651,0.0214168
-0.000758,-0.002756,0.0213938,-0.000758,-0.002756,0.0213338
-0.001154,-0.002378,0.0213638,-0.001154,-0.002378,0.0213038
-0.001167,-0.002958,0.0216228,-0.001167,-0.002958,0.0215628
-0.001604,-0.002523,0.0212638,-0.001604,-0.002523,0.0212038
-0.001417,-0.002104,0.0213458,-0.001417,-0.002104,0.0212858
-0.001255,-0.002548,0.0218128,-0.001255,-0.002548,0.0217528
-0.001692,-0.002428,0.0217938,-0.001692,-0.002428,0.0217338
-0.001082,-0.002832,0.0219198,-0.001082,-0.002832,0.0218598
-0.002553,-0.001959,0.0228548,-0.002553,-0.001959,0.0227948
-0.002589,-0.002366,0.0230068,-0.002589,-0.002366,0.0229468
-0.001728,-0.001241,0.0228158,-0.001728,-0.001241,0.0227558
-0.001425,-0.001439,0.0220868,-0.001425,-0.001439,0.0220268
-0.001691,-0.001286,0.0222538,-0.001691,-0.001286,0.0221938
-0.00124,-0.001074,0.0221178,-0.00124,-0.001074,0.0220578
-0.001565,-0.001329,0.0225678,-0.001565,-0.001329,0.0225078
-0.001693,-0.000999,0.0224318,-0.001693,-0.000999,0.0223718
-0.001921,-0.000734,0.0223948,-0.001921,-0.000734,0.0223348
-0.002214,-0.001007,0.0202618,-0.002214,-0.001007,0.0202018
-0.001938,-0.001106,0.0203238,-0.001938,-0.001106,0.0202638
-0.001739,-0.000903,0.0203688,-0.001739,-0.000903,0.0203088
-0.001489,-0.001099,0.0203198,-0.001489,-0.001099,0.0202598
-0.001557,-0.000637,0.0204118,-0.001557,-0.000637,0.0203518
-0.002272,-0.000733,0.0203798,-0.002272,-0.000733,0.0203198
-0.001565,-0.000702,0.0207758,-0.001565,-0.000702,0.0207158
-0.001649,-0.001061,0.0206498,-0.001649,-0.001061,0.0205898
-0.001949,-0.000708,0.0203148,-0.001949,-0.000708,0.0202548
-0.001944,-0.000341,0.0204918,-0.001944,-0.000341,0.0204318
-0.001959,-3e-06,0.0203968,-0.001959,-3e-06,0.0203368
-0.002036,-0.000603,0.0206438,-0.002036,-0.000603,0.0205838
-0.002411,-0.00102,0.0205978,-0.002411,-0.00102,0.0205378
-0.001996,-0.00103,0.0211018,-0.001996,-0.00103,0.0210418
-0.00188,-0.001089,0.0214138,-0.00188,-0.001089,0.0213538
-0.002248,-0.000473,0.0204408,-0.002248,-0.000473,0.0203808
-0.002315,-0.000654,0.0206738,-0.002315,-0.000654,0.0206138
-0.002272,-0.000275,0.0206388,-0.002272,-0.000275,0.0205788
-0.002233,-0.000738,0.0209528,-0.002233,-0.000738,0.0208928
-0.002403,-0.001341,0.0207148,-0.002403,-0.001341,0.0206548
-0.002266,-0.001099,0.0209528,-0.002266,-0.001099,0.0208928
-0.001565,-0.001724,0.0220118,-0.001565,-0.001724,0.0219518
-0.001951,-0.001711,0.0221458,-0.001951,-0.001711,0.0220858
-0.002265,-0.001809,0.0220628,-0.002265,-0.001809,0.0220028
-0.002468,-0.00178,0.0224428,-0.002468,-0.00178,0.0223828
-0.001859,-0.002325,0.0222348,-0.001859,-0.002325,0.0221748
-0.002028,-0.002618,0.0213868,-0.002028,-0.002618,0.0213268
-0.002254,-0.00208,0.0213538,-0.002254,-0.00208,0.0212938
-0.001977,-0.002501,0.0217168,-0.001977,-0.002501,0.0216568
-0.001603,-0.002632,0.0206208,-0.001603,-0.002632,0.0205608
-0.001354,-0.002777,0.0206388,-0.001354,-0.002777,0.0205788
-0.001219,-0.002394,0.0206628,-0.001219,-0.002394,0.0206028
-0.001916,-0.002404,0.0206618,-0.001916,-0.002404,0.0206018
-0.001493,-0.002211,0.0206528,-0.001493,-0.002211,0.0205928
-0.001215,-0.002877,0.0208808,-0.001215,-0.002877,0.0208208
-0.001975,-0.002126,0.0204638,-0.001975,-0.002126,0.0204038
-0.001846,-0.002719,0.0204768,-0.001846,-0.002719,0.0204168
-0.002625,-0.001578,0.0228238,-0.002625,-0.001578,0.0227638
-0.002591,-0.001075,0.0229928,-0.002591,-0.001075,0.0229328
-0.002538,-0.001209,0.0227278,-0.002538,-0.001209,0.0226678
-0.002618,-0.00238,0.0220888,-0.002618,-0.00238,0.0220288
-0.002536,-0.00035,0.0229928,-0.002536,-0.00035,0.0229328
-0.002521,-0.000561,0.0227488,-0.002521,-0.000561,0.0226888
-0.00241,-0.001408,0.0222818,-0.00241,-0.001408,0.0222218
-0.002751,-0.000859,0.0221558,-0.002751,-0.000859,0.0220958
-0.002655,-0.001139,0.0222658,-0.002655,-0.001139,0.0222058
-0.002732,-0.001018,0.0225428,-0.002732,-0.001018,0.0224828
-0.002748,-0.000638,0.0226018,-0.002748,-0.000638,0.0225418
-0.002556,-0.001272,0.0219568,-0.002556,-0.001272,0.0218968
-0.002638,-0.001981,0.0213918,-0.002638,-0.001981,0.0213318
-0.002474,-0.001717,0.0213138,-0.002474,-0.001717,0.0212538
-0.002128,-0.001627,0.0213538,-0.002128,-0.001627,0.0212938
-0.00239,-0.001431,0.0213738,-0.00239,-0.001431,0.0213138
-0.002298,-0.002227,0.0218218,-0.002298,-0.002227,0.0217618
-0.002707,-0.001442,0.0212378,-0.002707,-0.001442,0.0211778
-0.002602,-0.002374,0.0214868,-0.002602,-0.002374,0.0214268
-0.001841,-0.001938,0.0213808,-0.001841,-0.001938,0.0213208
-0.001539,-0.001732,0.0213398,-0.001539,-0.001732,0.0212798
-0.001649,-0.002107,0.0216938,-0.001649,-0.002107,0.0216338
-0.001206,-0.001822,0.0214358,-0.001206,-0.001822,0.0213758
-0.001473,-0.001266,0.0213718,-0.001473,-0.001266,0.0213118
-0.00187,-0.001742,0.0217498,-0.00187,-0.001742,0.0216898
-0.001892,-0.001378,0.0215428,-0.001892,-0.001378,0.0214828
-0.001943,-0.002308,0.0214218,-0.001943,-0.002308,0.0213618
-0.003068,0.000173,0.0220258,-0.003068,0.000173,0.0219658
-0.003038,0.000545,0.0220218,-0.003038,0.000545,0.0219618
-0.002736,0.000461,0.0220278,-0.002736,0.000461,0.0219678
-0.003024,0.000893,0.0221088,-0.003024,0.000893,0.0220488
-0.002998,-6e-05,0.0224358,-0.002998,-6e-05,0.0223758
-0.003113,0.00038,0.0224638,-0.003113,0.00038,0.0224038
-0.003306,0.000401,0.0220958,-0.003306,0.000401,0.0220358
-0.003259,-0.000124,0.0220798,-0.003259,-0.000124,0.0220198
-0.002904,-0.00026,0.0220238,-0.002904,-0.00026,0.0219638
-0.002183,0.000477,0.0202878,-0.002183,0.000477,0.0202278
-0.001799,0.000413,0.0203878,-0.001799,0.000413,0.0203278
-0.001413,0.000425,0.0202688,-0.001413,0.000425,0.0202088
-0.001634,0.001188,0.0203348,-0.001634,0.001188,0.0202748
-0.001598,-0.000236,0.0203538,-0.001598,-0.000236,0.0202938
-0.001604,0.000431,0.0207628,-0.001604,0.000431,0.0207028
-0.001904,0.000908,0.0203438,-0.001904,0.000908,0.0202838
-0.002303,0.00088,0.0203728,-0.002303,0.00088,0.0203128
-0.001907,0.001259,0.0202458,-0.001907,0.001259,0.0201858
-0.001834,0.001045,0.0207138,-0.001834,0.001045,0.0206538
-0.001977,0.000469,0.0207218,-0.001977,0.000469,0.0206618
-0.002249,0.000609,0.0206748,-0.002249,0.000609,0.0206148
-0.002165,0.00018,0.0206498,-0.002165,0.00018,0.0205898
-0.001912,0.000744,0.0209688,-0.001912,0.000744,0.0209088
-0.002185,0.001193,0.0201968,-0.002185,0.001193,0.0201368
-0.001523,0.00082,0.0206608,-0.001523,0.00082,0.0206008
-0.002393,0.001314,0.0205138,-0.002393,0.001314,0.0204538
-0.002299,0.000789,0.0209978,-0.002299,0.000789,0.0209378
-0.002217,0.000412,0.0210058,-0.002217,0.000412,0.0209458
-0.003457,-0.00051,0.0223058,-0.003457,-0.00051,0.0222458
-0.003017,-0.00061,0.0221688,-0.003017,-0.00061,0.0221088
-0.002602,-0.000456,0.0221298,-0.002602,-0.000456,0.0220698
-0.003079,-0.000612,0.0225758,-0.003079,-0.000612,0.0225158
-0.003376,-0.000514,0.0225828,-0.003376,-0.000514,0.0225228
-0.003215,-0.000509,0.0219348,-0.003215,-0.000509,0.0218748
-0.00229,-0.000985,0.0189018,-0.00229,-0.000985,0.0188418
-0.002024,-0.00113,0.0188748,-0.002024,-0.00113,0.0188148
-0.001782,-0.000955,0.0189438,-0.001782,-0.000955,0.0188838
-0.00156,-0.001183,0.0188888,-0.00156,-0.001183,0.0188288
-0.00154,-0.000748,0.0189468,-0.00154,-0.000748,0.0188868
-0.001647,-0.000275,0.0190188,-0.001647,-0.000275,0.0189588
-0.001492,-0.00111,0.0192888,-0.001492,-0.00111,0.0192288
-0.00156,-0.001018,0.0197328,-0.00156,-0.001018,0.0196728
-0.001968,-0.000705,0.0189428,-0.001968,-0.000705,0.0188828
-0.002315,-0.000644,0.0189998,-0.002315,-0.000644,0.0189398
-0.002323,-0.000652,0.0193338,-0.002323,-0.000652,0.0192738
-0.002017,-0.000316,0.0190778,-0.002017,-0.000316,0.0190178
-0.002085,-0.000783,0.0194158,-0.002085,-0.000783,0.0193558
-0.001961,-0.001058,0.0192578,-0.001961,-0.001058,0.0191978
-0.002386,-0.000964,0.0192988,-0.002386,-0.000964,0.0192388
-0.001937,-0.00091,0.0196488,-0.001937,-0.00091,0.0195888
-0.001568,-0.000681,0.0193348,-0.001568,-0.000681,0.0192748
-0.002341,-0.000369,0.0192728,-0.002341,-0.000369,0.0192128
-0.002255,-0.000705,0.0196548,-0.002255,-0.000705,0.0195948
-0.002406,-0.001381,0.0193048,-0.002406,-0.001381,0.0192448
-0.002344,-0.001007,0.0198238,-0.002344,-0.001007,0.0197638
-0.001896,-0.000348,0.0220938,-0.001896,-0.000348,0.0220338
-0.002682,9.3e-05,0.0218658,-0.002682,9.3e-05,0.0218058
-0.002567,-0.000257,0.0226188,-0.002567,-0.000257,0.0225588
-0.002283,-0.000394,0.0225148,-0.002283,-0.000394,0.0224548
-0.002194,-0.001302,0.0215068,-0.002194,-0.001302,0.0214468
-0.002349,-0.001133,0.0213038,-0.002349,-0.001133,0.0212438
-0.00226,-0.001502,0.0217178,-0.00226,-0.001502,0.0216578
-0.002823,-0.001166,0.0213098,-0.002823,-0.001166,0.0212498
-0.002191,-0.000804,0.0213638,-0.002191,-0.000804,0.0213038
-0.002819,-0.000872,0.0213418,-0.002819,-0.000872,0.0212818
-0.002675,-0.000959,0.0217708,-0.002675,-0.000959,0.0217108
-0.002725,-0.000646,0.0216188,-0.002725,-0.000646,0.0215588
-0.002296,-0.00213,0.0206418,-0.002296,-0.00213,0.0205818
-0.00252,-0.001664,0.0206278,-0.00252,-0.001664,0.0205678
-0.002086,-0.001742,0.0204668,-0.002086,-0.001742,0.0204068
-0.002287,-0.001812,0.0209338,-0.002287,-0.001812,0.0208738
-0.002913,-0.001438,0.0206338,-0.002913,-0.001438,0.0205738
-0.002628,-0.002349,0.0207918,-0.002628,-0.002349,0.0207318
-0.001911,-0.000449,0.0229118,-0.001911,-0.000449,0.0228518
-0.002569,0.000293,0.0229098,-0.002569,0.000293,0.0228498
-0.002631,-4.7e-05,0.0229628,-0.002631,-4.7e-05,0.0229028
-0.003435,-0.000512,0.0215238,-0.003435,-0.000512,0.0214638
-0.003088,-0.000683,0.0214638,-0.003088,-0.000683,0.0214038
-0.003123,-0.000362,0.0213628,-0.003123,-0.000362,0.0213028
-0.002725,-0.00024,0.0212438,-0.002725,-0.00024,0.0211838
-0.002929,3.4e-05,0.0213568,-0.002929,3.4e-05,0.0212968
-0.003123,-0.000225,0.0217228,-0.003123,-0.000225,0.0216628
-0.002936,-0.000621,0.0217978,-0.002936,-0.000621,0.0217378
-0.003287,-0.000579,0.0212138,-0.003287,-0.000579,0.0211538
-0.001925,0.000268,0.0228668,-0.001925,0.000268,0.0228068
-0.001778,-5.3e-05,0.0229198,-0.001778,-5.3e-05,0.0228598
-0.002246,0.000969,0.0229368,-0.002246,0.000969,0.0228768
-0.002652,0.000856,0.0224698,-0.002652,0.000856,0.0224098
-0.002502,0.000297,0.0221088,-0.002502,0.000297,0.0220488
-0.002197,-1.1e-05,0.0224548,-0.002197,-1.1e-05,0.0223948
-0.002514,0.000674,0.0221928,-0.002514,0.000674,0.0221328
-0.002777,0.00079,0.0221418,-0.002777,0.00079,0.0220818
-0.002549,-9.8e-05,0.0222158,-0.002549,-9.8e-05,0.0221558
-0.003234,0.000248,0.0213548,-0.003234,0.000248,0.0212948
-0.002221,4e-06,0.0213238,-0.002221,4e-06,0.0212638
-0.003035,0.000494,0.0212678,-0.003035,0.000494,0.0212078
-0.002993,5.8e-05,0.0217078,-0.002993,5.8e-05,0.0216478
-0.002608,0.000527,0.0211178,-0.002608,0.000527,0.0210578
-0.002971,0.000489,0.0216628,-0.002971,0.000489,0.0216028
-0.003289,-8.8e-05,0.0214548,-0.003289,-8.8e-05,0.0213948
-0.002833,0.000168,0.0206358,-0.002833,0.000168,0.0205758
-0.003148,0.000273,0.0206348,-0.003148,0.000273,0.0205748
-0.003098,0.000594,0.0207048,-0.003098,0.000594,0.0206448
-0.002827,0.00053,0.0206328,-0.002827,0.00053,0.0205728
-0.002903,0.000908,0.0206008,-0.002903,0.000908,0.0205408
-0.003089,-0.000252,0.0210768,-0.003089,-0.000252,0.0210168
-0.003247,-8.9e-05,0.0207088,-0.003247,-8.9e-05,0.0206488
-0.002917,-0.000263,0.0206078,-0.002917,-0.000263,0.0205478
-0.002233,0.000426,0.0187858,-0.002233,0.000426,0.0187258
-0.002038,0.000633,0.0187898,-0.002038,0.000633,0.0187298
-0.001909,0.000435,0.0188698,-0.001909,0.000435,0.0188098
-0.001671,0.000501,0.0190008,-0.001671,0.000501,0.0189408
-0.001413,0.000475,0.0188118,-0.001413,0.000475,0.0187518
-0.001557,0.000826,0.0188778,-0.001557,0.000826,0.0188178
-0.001563,0.001199,0.0190588,-0.001563,0.001199,0.0189988
-0.00155,4.8e-05,0.0189788,-0.00155,4.8e-05,0.0189188
-0.002267,5.4e-05,0.0189198,-0.002267,5.4e-05,0.0188598
-0.001326,-1.9e-05,0.0192888,-0.001326,-1.9e-05,0.0192288
-0.001432,0.000419,0.0192218,-0.001432,0.000419,0.0191618
-0.001851,0.000773,0.0188848,-0.001851,0.000773,0.0188248
-0.002188,0.000812,0.0189708,-0.002188,0.000812,0.0189108
-0.002056,0.001074,0.0188238,-0.002056,0.001074,0.0187638
-0.001804,0.000893,0.0191618,-0.001804,0.000893,0.0191018
-0.001838,0.00052,0.0193088,-0.001838,0.00052,0.0192488
-0.002447,0.000276,0.0193508,-0.002447,0.000276,0.0192908
-0.001949,0.000171,0.0193308,-0.001949,0.000171,0.0192708
-0.001799,0.000402,0.0195848,-0.001799,0.000402,0.0195248
-0.002278,0.001305,0.0191748,-0.002278,0.001305,0.0191148
-0.002168,0.000876,0.0193188,-0.002168,0.000876,0.0192588
-0.00142,0.000811,0.0191578,-0.00142,0.000811,0.0190978
-0.002252,0.000638,0.0196378,-0.002252,0.000638,0.0195778
-0.002172,0.000444,0.0191598,-0.002172,0.000444,0.0190998
-0.002171,-3e-05,0.0193208,-0.002171,-3e-05,0.0192608
-0.001407,-0.000854,0.0219838,-0.001407,-0.000854,0.0219238
-0.001608,-0.000298,0.0221018,-0.001608,-0.000298,0.0220418
-0.001304,-0.000214,0.0219438,-0.001304,-0.000214,0.0218838
-0.00146,1.5e-05,0.0222448,-0.00146,1.5e-05,0.0221848
-0.001507,-0.000656,0.0225478,-0.001507,-0.000656,0.0224878
-0.001261,-0.000737,0.0223338,-0.001261,-0.000737,0.0222738
-0.001478,-0.000324,0.0223488,-0.001478,-0.000324,0.0222888
-0.001775,-0.000488,0.0225788,-0.001775,-0.000488,0.0225188
-0.001773,-0.000514,0.0219628,-0.001773,-0.000514,0.0219028
-0.002485,-0.000746,0.0214748,-0.002485,-0.000746,0.0214148
-0.001992,-0.000614,0.0214508,-0.001992,-0.000614,0.0213908
-0.00235,-0.000374,0.0213658,-0.00235,-0.000374,0.0213058
-0.001968,-0.00031,0.0211648,-0.001968,-0.00031,0.0211048
-0.002362,-0.000212,0.0217258,-0.002362,-0.000212,0.0216658
-0.0026,-0.000403,0.0214888,-0.0026,-0.000403,0.0214288
-0.002696,0.000329,0.0214268,-0.002696,0.000329,0.0213668
-0.002615,-0.000338,0.0218278,-0.002615,-0.000338,0.0217678
-0.002603,-0.00066,0.0219288,-0.002603,-0.00066,0.0218688
-0.0025,-0.000575,0.0211548,-0.0025,-0.000575,0.0210948
-0.003073,-0.000655,0.0207728,-0.003073,-0.000655,0.0207128
-0.002607,-0.000346,0.0206458,-0.002607,-0.000346,0.0205858
-0.003044,-0.000613,0.0210768,-0.003044,-0.000613,0.0210168
-0.002807,-0.000781,0.0209438,-0.002807,-0.000781,0.0208838
-0.00333,-0.000488,0.0205508,-0.00333,-0.000488,0.0204908
-0.001672,0.000323,0.0222738,-0.001672,0.000323,0.0222138
-0.001199,0.000237,0.0221238,-0.001199,0.000237,0.0220638
-0.001602,9e-05,0.0225988,-0.001602,9e-05,0.0225388
-0.001351,0.000401,0.0225108,-0.001351,0.000401,0.0224508
-0.001858,-9.4e-05,0.0222028,-0.001858,-9.4e-05,0.0221428
-0.002687,0.001124,0.0221168,-0.002687,0.001124,0.0220568
-0.002,0.001247,0.0220908,-0.002,0.001247,0.0220308
-0.002411,0.001539,0.0221058,-0.002411,0.001539,0.0220458
-0.00283,0.001595,0.0220768,-0.00283,0.001595,0.0220168
-0.002222,0.001289,0.0224808,-0.002222,0.001289,0.0224208
-0.002699,0.001594,0.0224468,-0.002699,0.001594,0.0223868
-0.002683,0.000816,0.0218098,-0.002683,0.000816,0.0217498
-0.002246,0.000396,0.0214538,-0.002246,0.000396,0.0213938
-0.00198,0.000457,0.0212228,-0.00198,0.000457,0.0211628
-0.001815,0.000987,0.0214178,-0.001815,0.000987,0.0213578
-0.002191,0.000904,0.0213198,-0.002191,0.000904,0.0212598
-0.002833,0.000814,0.0213618,-0.002833,0.000814,0.0213018
-0.002557,-2.5e-05,0.0214928,-0.002557,-2.5e-05,0.0214328
-0.00183,0.000601,0.0228988,-0.00183,0.000601,0.0228388
-0.001232,0.001033,0.0222028,-0.001232,0.001033,0.0221428
-0.001634,0.001705,0.0220878,-0.001634,0.001705,0.0220278
-0.001558,0.001291,0.0220168,-0.001558,0.001291,0.0219568
-0.001237,0.00127,0.0218998,-0.001237,0.00127,0.0218398
-0.001534,0.000701,0.0224528,-0.001534,0.000701,0.0223928
-0.001527,0.001832,0.0224598,-0.001527,0.001832,0.0223998
-0.001766,0.001159,0.0221408,-0.001766,0.001159,0.0220808
-0.001985,0.00167,0.0221068,-0.001985,0.00167,0.0220468
-0.001522,0.001147,0.0223748,-0.001522,0.001147,0.0223148
-0.001919,0.001657,0.0224968,-0.001919,0.001657,0.0224368
-0.002392,0.001669,0.0213668,-0.002392,0.001669,0.0213068
-0.002325,0.001288,0.0213708,-0.002325,0.001288,0.0213108
-0.001906,0.00134,0.0213218,-0.001906,0.00134,0.0212618
-0.002746,0.001672,0.0214158,-0.002746,0.001672,0.0213558
-0.002697,0.001717,0.0217798,-0.002697,0.001717,0.0217198
-0.002481,0.000707,0.0214288,-0.002481,0.000707,0.0213688
-0.003038,0.000826,0.0217628,-0.003038,0.000826,0.0217028
-0.002601,0.000912,0.0210358,-0.002601,0.000912,0.0209758
-0.001226,0.00124,0.0225738,-0.001226,0.00124,0.0225138
-0.001118,0.000645,0.0228878,-0.001118,0.000645,0.0228278
-0.002752,0.001601,0.0204678,-0.002752,0.001601,0.0204078
-0.002167,0.001612,0.0205428,-0.002167,0.001612,0.0204828
-0.002431,0.001604,0.0206658,-0.002431,0.001604,0.0206058
-0.002356,0.00197,0.0205908,-0.002356,0.00197,0.0205308
-0.001962,0.001846,0.0206958,-0.001962,0.001846,0.0206358
-0.002482,0.002418,0.0205908,-0.002482,0.002418,0.0205308
-0.00253,0.001893,0.0211218,-0.00253,0.001893,0.0210618
-0.002394,0.00161,0.0210078,-0.002394,0.00161,0.0209478
-0.002025,0.001601,0.0210188,-0.002025,0.001601,0.0209588
-0.002744,0.001648,0.0210718,-0.002744,0.001648,0.0210118
-0.001992,0.002258,0.0212998,-0.001992,0.002258,0.0212398
-0.001958,0.002353,0.0215788,-0.001958,0.002353,0.0215188
-0.001579,0.002352,0.0213508,-0.001579,0.002352,0.0212908
-0.001774,0.002439,0.0215018,-0.001774,0.002439,0.0214418
-0.001758,0.002619,0.0212408,-0.001758,0.002619,0.0211808
-0.001344,0.002681,0.0213448,-0.001344,0.002681,0.0212848
-0.001702,0.002676,0.0216548,-0.001702,0.002676,0.0215948
-0.001588,0.00229,0.0217478,-0.001588,0.00229,0.0216878
-0.001213,0.002419,0.0216898,-0.001213,0.002419,0.0216298
-0.002045,0.002391,0.0218208,-0.002045,0.002391,0.0217608
-0.002054,0.002568,0.0215258,-0.002054,0.002568,0.0214658
-0.001799,0.0024,0.0219358,-0.001799,0.0024,0.0218758
-0.001087,0.001622,0.0219908,-0.001087,0.001622,0.0219308
-0.001194,0.001851,0.0222398,-0.001194,0.001851,0.0221798
-0.000869,0.001609,0.0225568,-0.000869,0.001609,0.0224968
-0.001199,0.001595,0.0225548,-0.001199,0.001595,0.0224948
-0.001028,0.00174,0.0227608,-0.001028,0.00174,0.0227008
-0.001308,0.002229,0.0213548,-0.001308,0.002229,0.0212948
-0.001179,0.002426,0.0214838,-0.001179,0.002426,0.0214238
-0.001001,0.002273,0.0213848,-0.001001,0.002273,0.0213248
-0.000731,0.002385,0.0214408,-0.000731,0.002385,0.0213808
-0.000836,0.003025,0.0214118,-0.000836,0.003025,0.0213518
-0.001178,0.002645,0.0216048,-0.001178,0.002645,0.0215448
-0.001239,0.002663,0.0210108,-0.001239,0.002663,0.0209508
-0.001899,0.002385,0.0020808,-0.0018998,0.002386,0.0020459
-0.00155,0.002215,0.0020038,-0.0015506,0.0022159,0.0019693
-0.001608,0.002765,0.0020188,-0.0016087,0.0027662,0.001984
-0.001603,0.002778,0.0028608,-0.0016038,0.0027793,0.0028238
-0.001587,0.002364,0.0025028,-0.0015877,0.002365,0.002467
-0.001207,0.002376,0.0024848,-0.0012075,0.002377,0.0024491
-0.001944,0.00237,0.0024428,-0.0019449,0.0023711,0.002407
-0.001564,0.002432,0.0028148,-0.0015647,0.0024331,0.0027781
-0.001952,0.002625,0.0022368,-0.0019529,0.0026261,0.0022014
-0.001669,0.002637,0.0024528,-0.0016698,0.0026382,0.0024169
-0.002068,0.002436,0.0028868,-0.002069,0.0024372,0.0028497
-0.002068,0.002398,0.0032378,-0.0020691,0.0023993,0.0031999
-0.000734,0.003205,0.0227958,-0.000734,0.003205,0.0227358
0.001136,-0.003379,0.0005468,0.0011365,-0.0033804,0.0005156
1.2e-05,-0.002197,0.0020778,1.2e-05,-0.0021978,0.0020434
-9.3e-05,-0.001384,0.0013018,-9.31e-05,-0.0013844,0.0012694
-6.3e-05,-0.001793,0.0020588,-6.3e-05,-0.0017937,0.0020246
-1.4e-05,-0.002436,0.0017098,-1.4e-05,-0.0024369,0.0016761
-0.000464,-0.00144,0.0014178,-0.0004642,-0.0014404,0.0013851
-0.00044,-0.001411,0.0018158,-0.0004401,-0.0014115,0.0017823
-0.000365,-0.002326,0.0015588,-0.0003651,-0.0023268,0.0015255
-0.000322,-0.001187,0.0013028,-0.0003221,-0.0011873,0.0012704
0.000247,-0.001425,0.0013518,0.0002471,-0.0014255,0.0013193
-9.1e-05,-0.000999,0.0013328,-9.1e-05,-0.0009993,0.0013004
-7e-05,-0.001372,0.0021118,-7e-05,-0.0013725,0.0020777
0.000275,-0.000955,0.0014208,0.0002751,-0.0009553,0.0013882
-0.00057,-0.00113,0.0013018,-0.0005702,-0.0011304,0.0012694
-9.7e-05,-0.00066,0.0013718,-9.7e-05,-0.0006602,0.0013393
-7.7e-05,-0.00138,0.0017458,-7.7e-05,-0.0013804,0.0017124
0.000317,-0.001316,0.0017728,0.0003171,-0.0013164,0.0017394
-8.7e-05,-0.000987,0.0017528,-8.7e-05,-0.0009873,0.0017195
-0.000847,-0.001096,0.0013878,-0.0008473,-0.0010964,0.0013552
-0.000431,-0.001351,0.0021158,-0.0004311,-0.0013515,0.0020816
-0.000148,-0.002898,0.0019198,-0.0001481,-0.0028991,0.0018854
-0.000267,-0.002729,0.0021208,-0.0002671,-0.0027301,0.002086
-0.000122,-0.002439,0.0028268,-0.0001221,-0.0024401,0.0027905
-0.000127,-0.002866,0.0023568,-0.0001271,-0.0028672,0.0023213
0.000168,-0.002871,0.0025858,0.0001681,-0.0028723,0.0025498
-0.000517,-0.002848,0.0025658,-0.0005172,-0.0028492,0.0025298
-6e-05,-0.002378,0.0024608,-6.01e-05,-0.002379,0.0024254
-0.000846,-0.002401,0.0025268,-0.0008464,-0.002402,0.0024912
-0.000577,-0.002154,0.0026018,-0.0005773,-0.0021549,0.0025661
-0.000515,-0.002466,0.0027208,-0.0005152,-0.002467,0.0026847
-0.000839,-0.002794,0.0028918,-0.0008394,-0.0027953,0.0028549
-0.000463,-0.002869,0.0034038,-0.0004632,-0.0028705,0.0033656
-0.000926,-0.002386,0.0045638,-0.0009266,-0.0023876,0.0045229
-0.000715,-0.002375,0.0047728,-0.0007155,-0.0023767,0.0047314
-0.000518,-0.002526,0.0045668,-0.0005183,-0.0025277,0.0045259
-0.000289,-0.002396,0.0047568,-0.0002892,-0.0023977,0.0047155
-0.000461,-0.002146,0.0045678,-0.0004613,-0.0021474,0.0045273
-9.2e-05,-0.002143,0.0046028,-9.21e-05,-0.0021444,0.0045622
-0.00083,-0.00207,0.0045848,-0.0008306,-0.0020714,0.0045442
-0.000851,-0.002142,0.0049708,-0.0008516,-0.0021436,0.0049291
-0.000563,-0.001802,0.0046178,-0.0005634,-0.0018032,0.0045775
-0.000602,-0.002092,0.0048598,-0.0006024,-0.0020935,0.0048185
-0.000595,-0.002152,0.0055098,-0.0005955,-0.0021539,0.0054667
-0.000479,-0.002429,0.0050008,-0.0004794,-0.0024308,0.0049588
-0.000135,-0.002403,0.0050268,-0.0001351,-0.0024048,0.0049848
-0.000906,-0.002436,0.0049778,-0.0009067,-0.0024378,0.0049358
-0.000444,-0.001824,0.0049938,-0.0004443,-0.0018254,0.0049525
-0.000437,-0.002344,0.0053328,-0.0004374,-0.0023459,0.00529
-0.001004,-0.001718,0.0045908,-0.0010047,-0.0017192,0.0045504
-0.000836,-0.001802,0.0049798,-0.0008366,-0.0018034,0.0049384
-0.000856,-0.001808,0.0053888,-0.0008567,-0.0018096,0.0053462
-0.000944,-0.002393,0.0056408,-0.0009448,-0.002395,0.0055971
-0.000696,-0.00346,0.0005248,-0.0006962,-0.0034614,0.0004937
-0.000339,-0.002901,0.0005008,-0.0003391,-0.002902,0.0004698
-0.000624,-0.002697,0.0005348,-0.0006242,-0.0026979,0.0005038
-0.00032,-0.001348,0.0008308,-0.0003201,-0.0013484,0.0007994
-6.9e-05,-0.001478,0.0009588,-6.9e-05,-0.0014785,0.0009271
-3e-05,-0.000788,0.0010278,-3e-05,-0.0007883,0.0009959
-0.00043,-0.000995,0.0010618,-0.0004301,-0.0009953,0.0010299
-0.000751,-0.000821,0.0010458,-0.0007513,-0.0008213,0.0010139
-0.00042,-0.000665,0.0009018,-0.0004201,-0.0006652,0.0008702
-0.000808,-0.001381,0.0014738,-0.0008083,-0.0013815,0.001441
-0.000333,-0.001277,0.0005478,-0.0003331,-0.0012774,0.0005169
-0.000627,-0.001278,0.0006778,-0.0006272,-0.0012784,0.0006467
-0.00084,-0.001476,0.0009518,-0.0008403,-0.0014765,0.00092
-0.00114,-0.001069,0.0014108,-0.0011404,-0.0010694,0.0013781
-0.001195,-0.001373,0.0014918,-0.0011954,-0.0013734,0.0014588
-0.00103,-0.001218,0.0005778,-0.0010303,-0.0012184,0.0005468
-0.00129,-0.001825,0.0020298,-0.0012905,-0.0018257,0.0019954
-0.001238,-0.001788,0.0017068,-0.0012385,-0.0017886,0.0016732
-0.001217,-0.001542,0.0018058,-0.0012175,-0.0015426,0.0017721
-0.001287,-0.00254,0.0017958,-0.0012874,-0.002541,0.0017617
-0.001282,-0.002107,0.0020828,-0.0012825,-0.0021078,0.0020482
-0.000898,-0.002808,0.0021758,-0.0008983,-0.0028092,0.0021407
-0.000876,-0.00287,0.0024958,-0.0008764,-0.0028713,0.0024599
-0.001195,-0.002845,0.0024038,-0.0011955,-0.0028463,0.002368
-0.001265,-0.002656,0.0021528,-0.0012655,-0.0026571,0.0021178
-0.001638,-0.002575,0.0020448,-0.0016387,-0.002576,0.00201
-0.001269,-0.002478,0.0027718,-0.0012696,-0.0024791,0.0027354
-0.001274,-0.002491,0.0024628,-0.0012746,-0.002492,0.0024271
-0.001576,-0.0024,0.0023028,-0.0015767,-0.002401,0.0022675
-0.001107,-0.002209,0.0025608,-0.0011074,-0.0022099,0.0025251
-0.001295,-0.002839,0.0031528,-0.0012957,-0.0028404,0.0031151
0.000386,0.001564,0.0219758,0.000386,0.001564,0.0219158
0.000646,0.001595,0.0220748,0.000646,0.001595,0.0220148
0.000383,0.001894,0.0218148,0.000383,0.001894,0.0217548
0.000146,0.002255,0.0213868,0.000146,0.002255,0.0213268
0.000683,0.002251,0.0213598,0.000683,0.002251,0.0212998
0.000376,0.002766,0.0209568,0.000376,0.002766,0.0208968
0.000168,0.003107,0.0207638,0.000168,0.003107,0.0207038
0.000661,0.003017,0.0206638,0.000661,0.003017,0.0206038
0.000436,0.003188,0.0208288,0.000436,0.003188,0.0207688
0.000584,0.003003,0.0210578,0.000584,0.003003,0.0209978
0.000384,0.003191,0.0212418,0.000384,0.003191,0.0211818
0.001979,-0.002707,0.0006018,0.0019797,-0.002708,0.0005706
0.002337,-0.002608,0.0004738,0.002338,-0.0026091,0.0004428
0.002077,-0.002094,0.0010638,0.0020777,-0.0020948,0.0010315
0.002264,-0.00228,0.0004208,0.0022648,-0.0022809,0.00039
0.002104,-0.001748,0.0010168,0.0021047,-0.0017486,0.0009846
0.001692,-0.001853,0.0022238,0.0016926,-0.0018537,0.0021889
0.002308,-0.001966,0.0022328,0.002309,-0.0019669,0.0021975
0.002553,-0.001832,0.0020908,0.0025541,-0.0018328,0.0020558
0.002091,-0.001748,0.0020598,0.0020918,-0.0017487,0.0020251
0.00172,-0.001604,0.0018778,0.0017207,-0.0016046,0.0018437
0.002027,-0.001755,0.0027738,0.0020279,-0.0017558,0.0027374
0.002233,-0.002241,0.0023908,0.002234,-0.002242,0.002355
0.001812,-0.002083,0.0025378,0.0018128,-0.0020839,0.0025019
0.002078,-0.001805,0.0024308,0.0020789,-0.0018058,0.0023952
0.001535,-0.001645,0.0027538,0.0015357,-0.0016457,0.0027178
0.001691,-0.001776,0.0025138,0.0016917,-0.0017767,0.0024782
0.002548,-0.001772,0.0024708,0.0025491,-0.0017728,0.0024349
0.001685,-0.001352,0.0025748,0.0016857,-0.0013526,0.0025392
0.00182,-0.002288,0.0022098,0.0018208,-0.002289,0.0021747
0.001703,-0.002618,0.0027578,0.0017039,-0.0026192,0.0027212
0.001378,-0.00204,0.0027818,0.0013786,-0.0020409,0.0027456
0.002683,-0.001584,0.0004118,0.002684,-0.0015846,0.0003811
0.00256,-0.001814,0.0009748,0.002561,-0.0018147,0.0009426
0.003349,-0.001195,0.0005978,0.0033504,-0.0011955,0.0005665
0.003111,-0.001624,0.0010088,0.0031123,-0.0016247,0.0009765
0.001065,-0.000574,0.0006288,0.0010654,-0.0005742,0.0005977
0.00151,-0.000237,0.0013228,0.0015105,-0.0002371,0.0012903
0.001241,-0.000646,0.0009148,0.0012414,-0.0006462,0.0008832
0.00102,-0.0002,0.0012808,0.0010203,-0.0002001,0.0012484
0.000652,-0.000621,0.0010258,0.0006522,-0.0006212,0.000994
0.00096,-0.000272,0.0009988,0.0009603,-0.0002721,0.000967
0.002839,-0.000283,0.0020508,0.0028402,-0.0002831,0.0020161
0.002967,-0.000605,0.0024568,0.0029683,-0.0006053,0.0024209
0.002999,-0.000261,0.0023338,0.0030003,-0.0002611,0.0022983
0.002793,-0.000778,0.0030278,0.0027943,-0.0007784,0.0029906
0.002621,-0.000181,0.0028278,0.0026222,-0.0001811,0.0027913
0.002651,-0.000352,0.0024308,0.0026521,-0.0003521,0.0023952
0.002445,3.6e-05,0.0024518,0.002446,3.6e-05,0.0024164
0.002649,-0.000735,0.0023528,0.0026501,-0.0007353,0.0023174
0.002463,-0.000602,0.0028718,0.0024641,-0.0006023,0.0028353
0.001667,0.000315,0.0014678,0.0016675,0.0003151,0.001435
0.002289,0.000249,0.0014198,0.0022898,0.0002491,0.0013868
0.002049,1.7e-05,0.0017958,0.0020497,1.7e-05,0.0017621
0.001651,8.3e-05,0.0018938,0.0016516,8.3e-05,0.00186
0.001741,-6.3e-05,0.0015148,0.0017416,-6.3e-05,0.0014818
0.001546,-0.000332,0.0020748,0.0015465,-0.0003321,0.0020406
0.001671,-0.000309,0.0017488,0.0016716,-0.0003091,0.0017153
0.001402,0.000236,0.0021218,0.0014025,0.0002361,0.0020876
0.002942,0.000438,0.0027118,0.0029433,0.0004382,0.0026754
0.002789,4.5e-05,0.0025328,0.0027902,4.5e-05,0.0024969
0.002984,0.000344,0.0024068,0.0029853,0.0003442,0.0023711
0.002404,0.0001,0.0028098,0.002405,0.0001001,0.0027735
0.003299,-0.000115,0.0029048,0.0033006,-0.0001151,0.0028676
0.000953,3.2e-05,0.0009488,0.0009533,3.2e-05,0.0009171
0.00125,0.000431,0.0012868,0.0012504,0.0004312,0.0012544
0.001297,1.5e-05,0.0010238,0.0012974,1.5e-05,0.000992
0.000794,6.6e-05,0.0006458,0.0007942,6.6e-05,0.0006147
0.000621,-0.000178,0.0009908,0.0006212,-0.0001781,0.000959
0.000966,0.000416,0.0010898,0.0009663,0.0004161,0.0010578
0.00308,0.001093,0.0005268,0.0030812,0.0010935,0.0004957
0.003398,0.001113,0.0005248,0.0033994,0.0011135,0.0004937
0.00181,0.001633,0.0022388,0.0018107,0.0016336,0.0022039
0.002067,0.001509,0.0020738,0.0020678,0.0015096,0.0020392
0.001891,0.001923,0.0020268,0.0018917,0.0019237,0.0019922
0.001725,0.002043,0.0022188,0.0017257,0.0020438,0.0021838
0.002115,0.001973,0.0028298,0.002116,0.0019739,0.0027931
0.002212,0.001498,0.0024008,0.0022129,0.0014986,0.0023653
0.001604,0.001417,0.0024618,0.0016046,0.0014176,0.0024265
0.002247,0.001475,0.0027808,0.002248,0.0014756,0.0027444
0.001888,0.001882,0.0023188,0.0018888,0.0018828,0.0022835
0.001693,0.001965,0.0024928,0.0016937,0.0019658,0.0024572
0.00256,0.00199,0.0024148,0.0025612,0.0019909,0.002379
0.001623,0.001911,0.0028168,0.0016237,0.0019118,0.0027804
0.001824,0.001663,0.0024548,0.0018247,0.0016637,0.0024193
0.001553,0.001457,0.0028178,0.0015537,0.0014576,0.0027817
0.001697,0.001365,0.0030988,0.0016978,0.0013656,0.003062
0.00091,0.002394,0.0022948,0.0009104,0.002395,0.0022596
0.001363,0.002325,0.0024888,0.0013636,0.002326,0.0024531
0.00109,0.002185,0.0025118,0.0010904,0.0021859,0.0024762
0.001375,0.002165,0.0027108,0.0013756,0.0021659,0.0026747
0.001081,0.002952,0.0020948,0.0010815,0.0029533,0.0020598
0.001062,0.002578,0.0029358,0.0010625,0.0025792,0.0028989
0.001016,0.002168,0.0028258,0.0010164,0.0021689,0.0027895
0.000426,0.002484,0.0021538,0.0004262,0.002485,0.002119
0.00027,0.002736,0.0020038,0.0002701,0.0027371,0.0019693
0.000677,0.002665,0.0028328,0.0006773,0.0026662,0.0027962
0.000305,0.002713,0.0024228,0.0003051,0.0027141,0.0023873
0.000653,0.002596,0.0024358,0.0006533,0.0025971,0.0024003
-5.4e-05,0.002722,0.0024428,-5.4e-05,0.0027231,0.0024072
0.000319,0.002727,0.0028338,0.0003192,0.0027282,0.0027972
-6.1e-05,0.00239,0.0028608,-6.11e-05,0.0023911,0.0028244
-0.001204,0.000762,0.0013068,-0.0012044,0.0007622,0.0012743
-0.000877,0.00126,0.0013808,-0.0008773,0.0012604,0.0013482
-0.000532,0.001178,0.0012468,-0.0005322,0.0011784,0.0012145
-0.001321,0.00129,0.0013468,-0.0013215,0.0012904,0.0013142
-0.000863,0.000542,0.0013038,-0.0008632,0.0005421,0.0012714
-0.001143,0.001063,0.0018588,-0.0011434,0.0010634,0.0018251
-0.001261,0.00164,0.0017478,-0.0012614,0.0016406,0.0017142
-0.0013,0.000684,0.0017128,-0.0013004,0.0006842,0.0016795
-0.001272,0.001237,0.0021228,-0.0012725,0.0012374,0.0020885
-0.001213,0.000808,0.0020878,-0.0012134,0.0008083,0.0020537
-0.001251,0.001627,0.0021158,-0.0012515,0.0016276,0.0020814
-0.001164,0.00217,0.0019818,-0.0011644,0.0021708,0.0019474
-0.001116,0.002346,0.0022358,-0.0011165,0.0023469,0.0022008
-0.000822,0.003109,0.0020548,-0.0008224,0.0031103,0.0020199
-0.000915,0.002661,0.0028818,-0.0009154,0.0026622,0.002845
-0.001216,0.002796,0.0024238,-0.0012165,0.0027972,0.002388
-0.000822,0.002738,0.0024588,-0.0008224,0.0027392,0.0024231
-0.000548,0.002292,0.0025168,-0.0005482,0.002293,0.0024813
-0.000827,0.003083,0.0024708,-0.0008274,0.0030844,0.0024348
-0.000784,0.00231,0.0028318,-0.0007844,0.002311,0.0027954
-0.001187,0.002309,0.0032808,-0.0011876,0.0023101,0.0032432
-0.000764,0.001901,0.0047598,-0.0007645,0.0019023,0.0047189
-0.000514,0.001881,0.0043878,-0.0005143,0.0018822,0.004348
-0.000234,0.001921,0.0046028,-0.0002342,0.0019223,0.0045625
-0.00045,0.002249,0.0046158,-0.0004503,0.0022505,0.0045751
-6.2e-05,0.002186,0.0045198,-6.21e-05,0.0021875,0.0044794
-0.000746,0.002208,0.0045768,-0.0007465,0.0022095,0.0045361
-0.000578,0.002793,0.0045858,-0.0005784,0.0027949,0.0045446
-0.000576,0.002199,0.0048848,-0.0005764,0.0022006,0.0048433
-0.000418,0.002327,0.0057048,-0.0004184,0.0023291,0.0056611
-0.000307,0.000954,0.0065228,-0.0003074,0.0009553,0.0064777
-0.000438,0.001905,0.0049948,-0.0004383,0.0019064,0.0049534
-3.6e-05,0.002,0.0048968,-3.6e-05,0.0020015,0.0048556
-0.00084,0.001953,0.0050578,-0.0008406,0.0019545,0.0050161
-0.001202,0.002146,0.0049248,-0.0012029,0.0021476,0.004883
-0.000389,0.001468,0.0049198,-0.0003893,0.0014691,0.0048791
-0.000468,0.00201,0.0053958,-0.0004684,0.0020117,0.0053532
-0.000761,0.003141,0.0046708,-0.0007615,0.0031432,0.0046291
-0.000861,0.002256,0.0049478,-0.0008616,0.0022577,0.004906
-0.000804,0.002747,0.0049298,-0.0008046,0.002749,0.0048877
-0.000835,0.002425,0.0053578,-0.0008357,0.002427,0.0053148
-0.00087,0.001584,0.0049598,-0.0008707,0.0015852,0.0049186
-0.000827,0.001194,0.0049308,-0.0008276,0.0011949,0.0048901
-0.000808,0.002073,0.0053958,-0.0008087,0.0020748,0.005353
-0.000964,0.001895,0.0056238,-0.0009649,0.0018967,0.0055804
-0.001081,0.003365,0.0005728,-0.0010814,0.0033664,0.0005416
-0.000707,0.003175,0.0005468,-0.0007073,0.0031762,0.0005157
-0.00154,0.002888,0.0005238,-0.0015406,0.0028891,0.0004928
-0.000901,0.000755,0.0010058,-0.0009013,0.0007553,0.000974
-0.00043,0.000818,0.0009798,-0.0004301,0.0008183,0.000948
-0.001238,0.001248,0.0010148,-0.0012384,0.0012484,0.0009829
-0.000891,0.001225,0.0010718,-0.0008913,0.0012255,0.0010398
-0.001135,0.000614,0.0007358,-0.0011354,0.0006142,0.0007046
-0.001212,0.000431,0.0010788,-0.0012124,0.0004311,0.0010468
-0.002655,0.002249,0.0004948,-0.0026561,0.0022499,0.0004638
-0.0022,0.00222,0.0005398,-0.0022008,0.0022208,0.0005088
-0.001623,0.001691,0.0017728,-0.0016236,0.0016916,0.001739
-0.001975,0.001608,0.0018768,-0.0019757,0.0016086,0.0018427
-0.001972,0.001314,0.0020338,-0.0019727,0.0013145,0.0019994
-0.001819,0.000631,0.0015708,-0.0018196,0.0006312,0.0015376
-0.001843,0.001816,0.0020118,-0.0018437,0.0018167,0.0019773
-0.001546,0.001561,0.0019968,-0.0015466,0.0015616,0.0019626
-0.001591,0.001936,0.0020618,-0.0015916,0.0019367,0.0020272
-0.001592,0.002004,0.0028438,-0.0015927,0.0020049,0.0028073
-0.001615,0.001636,0.0024848,-0.0016157,0.0016367,0.0024493
-0.001422,0.00143,0.0026458,-0.0014226,0.0014306,0.0026101
-0.001606,0.00161,0.0028478,-0.0016067,0.0016107,0.0028115
-0.001805,0.002051,0.0022318,-0.0018057,0.0020519,0.0021967
-0.002007,0.002019,0.0024658,-0.0020079,0.0020199,0.0024301
-0.001624,0.002035,0.0024298,-0.0016247,0.0020358,0.0023943
-0.001994,0.002016,0.0028478,-0.0019949,0.0020169,0.0028111
-0.001841,0.0018,0.0023598,-0.0018417,0.0018008,0.0023245
-0.001983,0.001638,0.0028238,-0.0019839,0.0016387,0.0027874
-0.002326,0.001236,0.0028518,-0.002327,0.0012365,0.0028152
-0.002639,0.001326,0.0025108,-0.0026402,0.0013266,0.0024749
-0.002299,0.001253,0.0025008,-0.0023,0.0012535,0.0024651
-0.002694,0.000939,0.0024758,-0.0026952,0.0009394,0.00244
-0.002521,0.000646,0.0022848,-0.002522,0.0006463,0.0022497
-0.003037,0.000885,0.0025468,-0.0030384,0.0008854,0.0025106
-0.002696,0.000488,0.0025628,-0.0026971,0.0004882,0.0025269
-0.002737,0.000893,0.0027758,-0.0027383,0.0008934,0.0027393
-0.00332,0.001041,0.0006268,-0.0033213,0.0010414,0.0005955
-0.00295,0.001102,0.0006068,-0.0029511,0.0011024,0.0005756
-0.003257,0.001533,0.0009738,-0.0032584,0.0015337,0.0009416
-0.002963,0.001546,0.0009408,-0.0029642,0.0015466,0.0009087
-0.003216,0.000621,0.0005418,-0.0032173,0.0006212,0.0005107
-0.003238,0.000214,0.0005008,-0.0032392,0.0002141,0.0004698
-0.00065,0.000108,0.0006898,-0.0006502,0.000108,0.0006586
-0.000881,1.4e-05,0.0013888,-0.0008813,1.4e-05,0.0013562
-0.000873,-7.8e-05,0.0009858,-0.0008733,-7.8e-05,0.000954
-0.000487,0.000112,0.0009558,-0.0004871,0.000112,0.000924
-0.000637,0.000451,0.0009838,-0.0006372,0.0004511,0.000952
-0.001159,-0.000219,0.0007898,-0.0011594,-0.0002191,0.0007585
-0.001183,-0.00035,0.0011868,-0.0011834,-0.0003501,0.0011546
-0.001357,3.8e-05,0.0012808,-0.0013575,3.8e-05,0.0012484
-0.001612,0.000186,0.0014148,-0.0016125,0.0001861,0.0013821
-0.001528,0.000102,0.0020138,-0.0015285,0.000102,0.0019798
-0.00134,0.000117,0.0016958,-0.0013404,0.0001171,0.0016626
-0.001622,-0.000206,0.0017818,-0.0016226,-0.0002061,0.0017483
-0.001885,-0.000175,0.0015658,-0.0018857,-0.000175,0.0015326
-0.001961,-0.00039,0.0020898,-0.0019617,-0.0003901,0.0020554
-0.002221,0.000136,0.0028748,-0.0022219,0.000136,0.0028385
-0.002309,-0.000151,0.0024348,-0.0023099,-0.0001511,0.0023995
-0.001932,4.7e-05,0.0023988,-0.0019328,4.7e-05,0.0023638
-0.002581,-0.00013,0.0022118,-0.002582,-0.0001301,0.0021769
-0.002603,-0.000611,0.0020948,-0.002604,-0.0006112,0.0020601
-0.002708,-0.000254,0.0024478,-0.0027091,-0.0002541,0.0024122
-0.001096,-0.00076,0.0009098,-0.0010963,-0.0007602,0.0008782
-0.000861,-0.000251,0.0012668,-0.0008613,-0.0002511,0.0012344
-0.00129,-0.000705,0.0013438,-0.0012904,-0.0007052,0.0013113
-0.002131,-0.000889,0.0023058,-0.0021318,-0.0008893,0.0022708
-0.002307,-0.000687,0.0026198,-0.002308,-0.0006873,0.002584
-0.002675,-0.000733,0.0027418,-0.0026762,-0.0007333,0.0027054
-0.002773,-0.001004,0.0028178,-0.0027743,-0.0010044,0.0027811
-0.002648,-0.000655,0.0031838,-0.0026493,-0.0006553,0.0031463
-0.00355,-3.5e-05,0.0009508,-0.0035515,-3.5e-05,0.0009186
-0.003224,-0.000133,0.0010238,-0.0032252,-0.0001331,0.0009915
-0.003138,0.000178,0.0028938,-0.0031395,0.0001781,0.0028568
-0.002979,5.5e-05,0.0031388,-0.0029805,5.5e-05,0.0031013
-0.003098,0.000555,0.0032768,-0.0030996,0.0005553,0.0032387
-0.002677,2.6e-05,0.0032318,-0.0026783,2.6e-05,0.0031943
-0.003023,-0.000273,0.0032858,-0.0030245,-0.0002731,0.0032478
-0.002811,6.2e-05,0.0035158,-0.0028125,6.2e-05,0.0034774
-0.003321,-0.000832,0.0005178,-0.0033223,-0.0008324,0.0004868
-0.003555,-0.000539,0.0005378,-0.0035565,-0.0005392,0.0005067
-0.002004,-0.001428,0.0019368,-0.0020047,-0.0014285,0.0019026
-0.002497,-0.001464,0.0027568,-0.0024981,-0.0014647,0.0027203
-0.002303,-0.001378,0.0024498,-0.002304,-0.0013786,0.0024142
-0.001915,-0.00135,0.0024458,-0.0019158,-0.0013505,0.0024104
-0.002726,-0.00119,0.0020098,-0.0027271,-0.0011905,0.0019752
-0.00273,-0.001027,0.0024458,-0.0027312,-0.0010275,0.0024101
-0.002863,-0.001512,0.0027408,-0.0028644,-0.0015127,0.0027041
-0.002776,-0.001508,0.0031368,-0.0027774,-0.0015088,0.0030992
-0.00336,-0.001133,0.0004898,-0.0033614,-0.0011335,0.0004588
-0.002926,-0.001179,0.0004848,-0.0029271,-0.0011794,0.0004539
-0.001958,-0.00212,0.0021918,-0.0019588,-0.0021209,0.0021567
-0.00181,-0.002084,0.0019328,-0.0018107,-0.0020848,0.0018985
-0.001628,-0.002043,0.0028158,-0.0016287,-0.0020439,0.0027794
-0.001508,-0.001408,0.0020038,-0.0015086,-0.0014085,0.0019696
-0.001426,-0.001722,0.0027788,-0.0014266,-0.0017228,0.0027427
-0.001432,-0.002068,0.0023618,-0.0014326,-0.0020688,0.0023265
-0.001633,-0.001768,0.0024348,-0.0016336,-0.0017687,0.0023994
-0.001918,-0.001867,0.0021858,-0.0019188,-0.0018678,0.0021509
-0.001957,-0.00181,0.0027768,-0.0019579,-0.0018108,0.0027404
-0.001949,-0.001686,0.0024698,-0.0019498,-0.0016867,0.0024342
-0.001843,-0.002341,0.0021058,-0.0018438,-0.0023419,0.0020709
-0.001919,-0.00256,0.0023708,-0.0019199,-0.0025612,0.0023351
-0.002681,-0.001867,0.0028368,-0.0026823,-0.001868,0.0027998
-0.002217,-0.002038,0.0030638,-0.0022181,-0.002039,0.0030264
-0.00252,-0.001896,0.0031278,-0.0025213,-0.001897,0.0030902
-0.002082,-0.002102,0.0033988,-0.0020831,-0.0021031,0.0033606
-0.002353,-0.002099,0.0034528,-0.0023543,-0.0021002,0.0034143
-0.002488,-0.002571,0.0009288,-0.002489,-0.0025721,0.0008967
-0.002097,-0.002796,0.0009348,-0.0020978,-0.0027972,0.0009027
-0.001443,-0.003249,0.0005148,-0.0014436,-0.0032503,0.0004838
-0.001031,-0.003322,0.0005348,-0.0010314,-0.0033233,0.0005037
-0.001849,-0.002993,0.0004698,-0.0018498,-0.0029942,0.0004389
-0.001399,-0.002913,0.0005478,-0.0013995,-0.0029141,0.0005167
0.000828,0.003175,0.0228428,0.000828,0.003175,0.0227828
0.00081,0.003487,0.0227928,0.00081,0.003487,0.0227328
0.001308,0.002815,0.0227748,0.001308,0.002815,0.0227148
0.00307,0.00093,0.0223868,0.00307,0.00093,0.0223268
0.001215,0.000876,0.0222848,0.001215,0.000876,0.0222248
0.001429,0.000742,0.0220458,0.001429,0.000742,0.0219858
0.001435,0.000748,0.0225068,0.001435,0.000748,0.0224468
0.001056,0.000795,0.0225938,0.001056,0.000795,0.0225338
0.000865,0.000859,0.0223238,0.000865,0.000859,0.0222638
0.00161,0.000782,0.0212518,0.00161,0.000782,0.0211918
0.001629,0.001074,0.0214318,0.001629,0.001074,0.0213718
0.002021,0.00121,0.0213458,0.002021,0.00121,0.0212858
0.001648,0.001107,0.0217998,0.001648,0.001107,0.0217398
0.0016,0.001162,0.0210978,0.0016,0.001162,0.0210378
0.002836,0.000789,0.0206078,0.002836,0.000789,0.0205478
0.002555,0.000721,0.0211228,0.002555,0.000721,0.0210628
0.003469,0.000625,0.0227928,0.003469,0.000625,0.0227328
0.003036,0.00028,0.0228548,0.003036,0.00028,0.0227948
0.003321,0.000246,0.0227478,0.003321,0.000246,0.0226878
0.003414,-0.00105,0.0227638,0.003414,-0.00105,0.0227038
0.002815,-0.002074,0.0227718,0.002815,-0.002074,0.0227118
0.002778,-0.001618,0.0226418,0.002778,-0.001618,0.0225818
0.00137,-0.001148,0.0223168,0.00137,-0.001148,0.0222568
0.001034,-0.001256,0.0218368,0.001034,-0.001256,0.0217768
0.00164,-0.001141,0.0216578,0.00164,-0.001141,0.0215978
0.00228,-0.001167,0.0215398,0.00228,-0.001167,0.0214798
0.001993,-0.001063,0.0213888,0.001993,-0.001063,0.0213288
0.001696,-0.000826,0.0213508,0.001696,-0.000826,0.0212908
0.002118,-0.000642,0.0214038,0.002118,-0.000642,0.0213438
0.002146,-0.001272,0.0211508,0.002146,-0.001272,0.0210908
0.00184,-0.001377,0.0219458,0.00184,-0.001377,0.0218858
0.001758,-0.001276,0.0212548,0.001758,-0.001276,0.0211948
0.002374,-0.001446,0.0205928,0.002374,-0.001446,0.0205328
0.002698,-0.001276,0.0206918,0.002698,-0.001276,0.0206318
0.002953,-0.000686,0.0206568,0.002953,-0.000686,0.0205968
0.00283,-0.000733,0.0210218,0.00283,-0.000733,0.0209618
0.003177,-0.0016,0.0224558,0.003177,-0.0016,0.0223958
0.002014,-0.002655,0.0227758,0.002014,-0.002655,0.0227158
0.002327,-0.002682,0.0227238,0.002327,-0.002682,0.0226638
0.002151,-0.002218,0.0225908,0.002151,-0.002218,0.0225308
0.000974,-0.003426,0.0227228,0.000974,-0.003426,0.0226628
0.001122,-0.00199,0.0214828,0.001122,-0.00199,0.0214228
0.001309,-0.001741,0.0214888,0.001309,-0.001741,0.0214288
0.001012,-0.001602,0.0214918,0.001012,-0.001602,0.0214318
0.001408,-0.001421,0.0213458,0.001408,-0.001421,0.0212858
0.000828,-0.0021,0.0214998,0.000828,-0.0021,0.0214398
0.000659,-0.001764,0.0213918,0.000659,-0.001764,0.0213318
0.001052,-0.002917,0.0207748,0.001052,-0.002917,0.0207148
0.001423,-0.0028,0.0206068,0.001423,-0.0028,0.0205468
0.0016,-0.002422,0.0205868,0.0016,-0.002422,0.0205268
0.001053,-0.002768,0.0211578,0.001053,-0.002768,0.0210978
0.001044,-0.002083,0.0210938,0.001044,-0.002083,0.0210338
0.001228,-0.003016,0.0223568,0.001228,-0.003016,0.0222968
0.000506,-0.003053,0.0227628,0.000506,-0.003053,0.0227028
-0.000417,-0.003431,0.0227848,-0.000417,-0.003431,0.0227248
3e-05,-0.003281,0.0227288,3e-05,-0.003281,0.0226688
-0.000716,-0.003332,0.0228728,-0.000716,-0.003332,0.0228128
-0.001382,-0.003104,0.0227798,-0.001382,-0.003104,0.0227198
-0.002175,-0.002686,0.0227318,-0.002175,-0.002686,0.0226718
-0.002895,-0.00118,0.0227988,-0.002895,-0.00118,0.0227388
-0.000789,-0.000257,0.0228468,-0.000789,-0.000257,0.0227868
-0.001095,-0.00054,0.0226818,-0.001095,-0.00054,0.0226218
-0.001105,-0.000475,0.0220678,-0.001105,-0.000475,0.0220078
-0.000495,-0.000269,0.0220818,-0.000495,-0.000269,0.0220218
-0.000914,-0.000311,0.0225618,-0.000914,-0.000311,0.0225018
-0.001794,-0.000472,0.0214358,-0.001794,-0.000472,0.0213758
-0.001472,-0.000637,0.0213338,-0.001472,-0.000637,0.0212738
-0.001459,-0.000345,0.0215878,-0.001459,-0.000345,0.0215278
-0.00119,-0.0003,0.0212818,-0.00119,-0.0003,0.0212218
-0.001422,1.8e-05,0.0213828,-0.001422,1.8e-05,0.0213228
-0.001288,-0.000655,0.0217408,-0.001288,-0.000655,0.0216808
-0.00262,-0.000629,0.0205398,-0.00262,-0.000629,0.0204798
-0.002361,-0.00027,0.0210638,-0.002361,-0.00027,0.0210038
-0.002774,-0.000385,0.0209228,-0.002774,-0.000385,0.0208628
-0.001913,-0.00072,0.0209898,-0.001913,-0.00072,0.0209298
-0.003276,-0.000756,0.0223768,-0.003276,-0.000756,0.0223168
-0.00321,-0.00031,0.0226688,-0.00321,-0.00031,0.0226088
-0.003308,0.001079,0.0227678,-0.003308,0.001079,0.0227078
-0.002837,0.00064,0.0227598,-0.002837,0.00064,0.0226998
-0.002522,0.001837,0.0227258,-0.002522,0.001837,0.0226658
-0.002367,0.002031,0.0225318,-0.002367,0.002031,0.0224718
-0.00298,0.001935,0.0222848,-0.00298,0.001935,0.0222248
-0.002527,0.002439,0.0224608,-0.002527,0.002439,0.0224008
-0.002362,0.001589,0.0224968,-0.002362,0.001589,0.0224368
-0.002405,0.002128,0.0222228,-0.002405,0.002128,0.0221628
-0.001952,0.001647,0.0213048,-0.001952,0.001647,0.0212448
-0.001926,0.001876,0.0214818,-0.001926,0.001876,0.0214218
-0.001639,0.001687,0.0214228,-0.001639,0.001687,0.0213628
-0.001552,0.001995,0.0213158,-0.001552,0.001995,0.0212558
-0.001165,0.001975,0.0214618,-0.001165,0.001975,0.0214018
-0.00165,0.001934,0.0216668,-0.00165,0.001934,0.0216068
-0.00158,0.00169,0.0217768,-0.00158,0.00169,0.0217168
-0.001262,0.001644,0.0217778,-0.001262,0.001644,0.0217178
-0.002023,0.001681,0.0217518,-0.002023,0.001681,0.0216918
-0.001952,0.001954,0.0217498,-0.001952,0.001954,0.0216898
-0.00228,0.001943,0.0215718,-0.00228,0.001943,0.0215118
-0.001894,0.001896,0.0211088,-0.001894,0.001896,0.0210488
-0.001843,0.00181,0.0219148,-0.001843,0.00181,0.0218548
-0.003269,0.001444,0.0224498,-0.003269,0.001444,0.0223898
-0.002269,0.002597,0.0227638,-0.002269,0.002597,0.0227038
-0.001522,0.002388,0.0206338,-0.001522,0.002388,0.0205738
-0.001639,0.002811,0.0206388,-0.001639,0.002811,0.0205788
-0.001311,0.002812,0.0206698,-0.001311,0.002812,0.0206098
-0.001659,0.002256,0.0210468,-0.001659,0.002256,0.0209868
-0.001204,0.002413,0.0211638,-0.001204,0.002413,0.0211038
-0.00212,0.002134,0.0208848,-0.00212,0.002134,0.0208248
-0.002662,0.002239,0.0227998,-0.002662,0.002239,0.0227398
-0.002237,0.002175,0.0228068,-0.002237,0.002175,0.0227468
-0.001807,0.003018,0.0227788,-0.001807,0.003018,0.0227188
0.000543,-0.00348,0.0005918,0.0005432,-0.0034814,0.0005606
0.000518,-0.003029,0.0006248,0.0005182,-0.0030301,0.0005935
0.000612,-0.001322,0.0013728,0.0006122,-0.0013224,0.0013403
0.000593,-0.000892,0.0009638,0.0005932,-0.0008923,0.0009321
0.000391,-0.000983,0.0007678,0.0003911,-0.0009833,0.0007366
0.000284,-0.000975,0.0010448,0.0002841,-0.0009753,0.001013
0.000301,-0.000666,0.0010238,0.0003011,-0.0006662,0.000992
0.000426,-0.00125,0.0005228,0.0004261,-0.0012504,0.000492
0.000289,-0.001683,0.0021298,0.0002891,-0.0016837,0.0020955
0.000492,-0.002272,0.0015318,0.0004922,-0.0022728,0.0014985
0.000296,-0.0025,0.0018098,0.0002961,-0.0025009,0.0017758
0.000236,-0.00291,0.0019648,0.0002361,-0.0029112,0.0019303
0.000366,-0.002798,0.0023418,0.0003662,-0.0027992,0.0023064
0.000556,-0.002722,0.0020508,0.0005562,-0.0027231,0.0020162
0.000299,-0.002505,0.0028088,0.0002991,-0.0025061,0.0027724
0.000319,-0.002494,0.0024788,0.0003191,-0.002495,0.0024432
0.000307,-0.002198,0.0024318,0.0003071,-0.0021989,0.0023965
0.000245,-0.002799,0.0028718,0.0002451,-0.0028003,0.0028351
0.000271,-0.00285,0.0031518,0.0002711,-0.0028514,0.0031143
8.3e-05,-0.003283,0.0004818,8.3e-05,-0.0032843,0.0004509
0.002628,-0.002331,0.0009598,0.0026291,-0.002332,0.0009276
0.00341,-0.000773,0.0009988,0.0034114,-0.0007733,0.0009665
0.003448,0.00077,0.0010548,0.0034494,0.0007703,0.0010224
0.002276,0.002196,0.0008938,0.0022768,0.0021968,0.0008618
0.002723,0.002183,0.0010098,0.0027241,0.0021839,0.0009775
0.001951,0.002935,0.0009838,0.0019518,0.0029362,0.0009515
0.000553,0.003535,0.0010588,0.0005533,0.0035365,0.0010264
0.000155,0.003201,0.0009258,0.0001551,0.0032022,0.0008938
-8.1e-05,0.002702,0.0020178,-8.1e-05,0.0027031,0.0019832
-1.3e-05,0.002687,0.0028068,-1.3e-05,0.0026882,0.0027703
-0.000119,0.002326,0.0024378,-0.000119,0.0023269,0.0024025
-0.000458,0.002685,0.0024398,-0.0004582,0.0026861,0.0024042
-0.000453,0.002708,0.0027518,-0.0004532,0.0027092,0.0027154
-0.000408,0.002407,0.0022768,-0.0004082,0.0024079,0.0022418
0.000824,0.003271,0.0223008,0.000824,0.003271,0.0222408
0.000245,0.001602,0.0214378,0.000245,0.001602,0.0213778
0.000419,0.001613,0.0216678,0.000419,0.001613,0.0216078
0.000624,0.001588,0.0214108,0.000624,0.001588,0.0213508
0.000708,0.001964,0.0215018,0.000708,0.001964,0.0214418
0.000289,0.001997,0.0213128,0.000289,0.001997,0.0212528
0.000692,0.001464,0.0217658,0.000692,0.001464,0.0217058
0.000436,0.00182,0.0215188,0.000436,0.00182,0.0214588
-9e-05,0.001935,0.0213198,-9e-05,0.001935,0.0212598
0.000426,0.002018,0.0208948,0.000426,0.002018,0.0208348
0.000335,0.002315,0.0208618,0.000335,0.002315,0.0208018
0.000405,0.002526,0.0207558,0.000405,0.002526,0.0206958
0.001093,0.002668,0.0207588,0.001093,0.002668,0.0206988
0.000646,0.002601,0.0211538,0.000646,0.002601,0.0210938
0.000261,0.002741,0.0203498,0.000261,0.002741,0.0202898
0.001094,0.002155,0.0211048,0.001094,0.002155,0.0210448
0.000225,0.003001,0.0198508,0.000225,0.003001,0.0197908
0.000706,0.002765,0.0199608,0.000706,0.002765,0.0199008
0.000704,0.003074,0.0199108,0.000704,0.003074,0.0198508
0.000654,0.002996,0.0202838,0.000654,0.002996,0.0202238
0.001116,0.003076,0.0203498,0.001116,0.003076,0.0202898
0.000319,0.003113,0.0204378,0.000319,0.003113,0.0203778
0.002333,0.002158,0.0224168,0.002333,0.002158,0.0223568
0.002761,0.002183,0.0223978,0.002761,0.002183,0.0223378
0.000991,0.001329,0.0214238,0.000991,0.001329,0.0213638
0.000897,0.001682,0.0215418,0.000897,0.001682,0.0214818
0.001361,0.001452,0.0211648,0.001361,0.001452,0.0211048
0.001201,0.001646,0.0214928,0.001201,0.001646,0.0214328
0.001374,0.001889,0.0213218,0.001374,0.001889,0.0212618
0.001291,0.001567,0.0218368,0.001291,0.001567,0.0217768
0.001245,0.002334,0.0208178,0.001245,0.002334,0.0207578
0.001437,0.00212,0.0211078,0.001437,0.00212,0.0210478
0.001677,0.001741,0.0207718,0.001677,0.001741,0.0207118
0.002254,0.001644,0.0207718,0.002254,0.001644,0.0207118
0.002054,0.001954,0.0205998,0.002054,0.001954,0.0205398
0.002146,0.001906,0.0210478,0.002146,0.001906,0.0209878
0.002074,0.001531,0.0211308,0.002074,0.001531,0.0210708
0.001727,0.001445,0.0209698,0.001727,0.001445,0.0209098
0.001908,0.002037,0.0202828,0.001908,0.002037,0.0202228
0.001751,0.00203,0.0198788,0.001751,0.00203,0.0198188
0.001764,0.002343,0.0201298,0.001764,0.002343,0.0200698
0.002134,0.00226,0.0199808,0.002134,0.00226,0.0199208
0.001458,0.000101,0.0213838,0.001458,0.000101,0.0213238
0.002139,0.000118,0.0214268,0.002139,0.000118,0.0213668
0.001966,0.000538,0.0214008,0.001966,0.000538,0.0213408
0.001607,0.000486,0.0214128,0.001607,0.000486,0.0213528
0.002034,0.000183,0.0218338,0.002034,0.000183,0.0217738
0.001405,3.5e-05,0.0218388,0.001405,3.5e-05,0.0217788
0.002049,-0.00017,0.0217248,0.002049,-0.00017,0.0216648
0.001741,-0.00016,0.0218128,0.001741,-0.00016,0.0217528
0.002912,1.9e-05,0.0206518,0.002912,1.9e-05,0.0205918
0.002953,0.000247,0.0209188,0.002953,0.000247,0.0208588
0.002752,0.000428,0.0211298,0.002752,0.000428,0.0210698
0.002472,-3.5e-05,0.0210618,0.002472,-3.5e-05,0.0210018
0.002833,-0.00011,0.0209568,0.002833,-0.00011,0.0208968
0.002537,-0.00031,0.0210008,0.002537,-0.00031,0.0209408
0.000797,0.000138,0.0222528,0.000797,0.000138,0.0221928
0.000674,7.1e-05,0.0225688,0.000674,7.1e-05,0.0225088
0.002003,-0.000268,0.0212738,0.002003,-0.000268,0.0212138
0.001694,-0.000155,0.0214498,0.001694,-0.000155,0.0213898
0.001773,-0.000524,0.0212108,0.001773,-0.000524,0.0211508
0.002534,-0.000598,0.0208278,0.002534,-0.000598,0.0207678
0.002887,-0.000294,0.0207248,0.002887,-0.000294,0.0206648
0.002505,-0.000593,0.0211508,0.002505,-0.000593,0.0210908
0.002622,-0.000497,0.0205568,0.002622,-0.000497,0.0204968
0.002826,-0.002128,0.0222638,0.002826,-0.002128,0.0222038
0.002873,-0.001672,0.0223068,0.002873,-0.001672,0.0222468
0.002573,-0.001864,0.0221288,0.002573,-0.001864,0.0220688
0.002004,-0.002934,0.0224108,0.002004,-0.002934,0.0223508
0.000751,-0.000937,0.0190118,0.000751,-0.000937,0.0189518
0.000995,-0.00074,0.0188538,0.000995,-0.00074,0.0187938
0.001405,-0.000667,0.0188728,0.001405,-0.000667,0.0188128
0.001417,-0.000345,0.0190398,0.001417,-0.000345,0.0189798
0.000613,-0.000649,0.0188348,0.000613,-0.000649,0.0187748
0.000261,-0.000697,0.0188708,0.000261,-0.000697,0.0188108
0.001093,-0.000113,0.0189008,0.001093,-0.000113,0.0188408
0.001137,-0.000564,0.0191318,0.001137,-0.000564,0.0190718
0.000974,-0.000857,0.0192768,0.000974,-0.000857,0.0192168
0.001606,-0.001086,0.0193718,0.001606,-0.001086,0.0193118
0.000599,-0.001023,0.0193398,0.000599,-0.001023,0.0192798
0.000935,-0.00085,0.0196308,0.000935,-0.00085,0.0195708
0.000819,-0.000375,0.0190458,0.000819,-0.000375,0.0189858
0.000842,-0.000306,0.0187718,0.000842,-0.000306,0.0187118
0.00067,-4.5e-05,0.0189398,0.00067,-4.5e-05,0.0188798
0.000647,-0.000646,0.0192288,0.000647,-0.000646,0.0191688
0.000167,-0.000766,0.0192418,0.000167,-0.000766,0.0191818
-9.1e-05,-0.000685,0.0193208,-9.1e-05,-0.000685,0.0192608
0.000557,-0.000278,0.0192218,0.000557,-0.000278,0.0191618
0.000711,-0.000614,0.0195958,0.000711,-0.000614,0.0195358
0.000274,-0.001073,0.0192718,0.000274,-0.001073,0.0192118
0.000678,-0.002362,0.0174288,0.000678,-0.002362,0.0173688
0.001019,-0.002617,0.0173308,0.001019,-0.002617,0.0172708
0.001093,-0.002016,0.0174168,0.001093,-0.002016,0.0173568
0.001539,-0.0021,0.0173958,0.001539,-0.0021,0.0173358
0.001336,-0.001752,0.0174458,0.001336,-0.001752,0.0173858
0.000584,-0.000333,0.0173798,0.000584,-0.000333,0.0173198
0.000538,-0.001969,0.0174788,0.000538,-0.001969,0.0174188
0.000229,-0.001982,0.0175868,0.000229,-0.001982,0.0175268
-0.000171,-0.000412,0.0174578,-0.000171,-0.000412,0.0173978
0.000417,-0.00057,0.0179078,0.000417,-0.00057,0.0178478
0.001034,-0.002172,0.0177288,0.001034,-0.002172,0.0176688
0.001101,-0.002463,0.0178508,0.001101,-0.002463,0.0177908
0.001423,-0.002591,0.0178648,0.001423,-0.002591,0.0178048
0.000733,-0.002495,0.0177038,0.000733,-0.002495,0.0176438
0.001007,-0.001658,0.0176898,0.001007,-0.001658,0.0176298
0.000856,-0.002492,0.0181488,0.000856,-0.002492,0.0180888
0.000799,-0.002042,0.0176018,0.000799,-0.002042,0.0175418
0.000618,-0.001594,0.0173108,0.000618,-0.001594,0.0172508
0.000583,-0.001269,0.0175928,0.000583,-0.001269,0.0175328
0.000378,0.000253,0.0172838,0.000378,0.000253,0.0172238
-0.000268,-0.000327,0.0181488,-0.000268,-0.000327,0.0180888
0.000513,0.000307,0.0180468,0.000513,0.000307,0.0179868
0.000798,-0.002064,0.0179288,0.000798,-0.002064,0.0178688
0.000352,-0.001538,0.0173828,0.000352,-0.001538,0.0173228
0.00066,-0.001591,0.0176918,0.00066,-0.001591,0.0176318
-5.5e-05,-0.002078,0.0178458,-5.5e-05,-0.002078,0.0177858
0.000645,-0.002148,0.0183028,0.000645,-0.002148,0.0182428
0.000157,-0.002428,0.0177078,0.000157,-0.002428,0.0176478
0.000313,-0.001786,0.0213268,0.000313,-0.001786,0.0212668
0.000745,-0.001357,0.0214408,0.000745,-0.001357,0.0213808
-6.8e-05,-0.001794,0.0212538,-6.8e-05,-0.001794,0.0211938
0.00035,-0.001433,0.0215188,0.00035,-0.001433,0.0214588
-0.0002,-0.001425,0.0217888,-0.0002,-0.001425,0.0217288
0.000177,-0.001455,0.0217778,0.000177,-0.001455,0.0217178
0.000314,-0.002299,0.0215868,0.000314,-0.002299,0.0215268
0.000291,-0.002839,0.0207458,0.000291,-0.002839,0.0206858
0.000688,-0.002951,0.0205928,0.000688,-0.002951,0.0205328
0.000561,-0.00273,0.0207708,0.000561,-0.00273,0.0207108
0.000163,-0.002545,0.0210098,0.000163,-0.002545,0.0209498
0.0004,-0.002789,0.0212038,0.0004,-0.002789,0.0211438
0.000978,-0.003438,0.0223568,0.000978,-0.003438,0.0222968
6.3e-05,-0.003351,0.0223338,6.3e-05,-0.003351,0.0222738
0.000464,-0.003463,0.0222788,0.000464,-0.003463,0.0222188
0.000145,-0.003033,0.0223808,0.000145,-0.003033,0.0223208
0.000549,-0.003081,0.0223518,0.000549,-0.003081,0.0222918
0.000288,-0.001315,0.0220908,0.000288,-0.001315,0.0220308
0.000226,-0.000972,0.0225788,0.000226,-0.000972,0.0225188
0.000426,-0.001124,0.0226748,0.000426,-0.001124,0.0226148
-0.000194,-0.002071,0.0213788,-0.000194,-0.002071,0.0213188
-0.000456,-0.001814,0.0213228,-0.000456,-0.001814,0.0212628
1.8e-05,-0.001459,0.0213728,1.8e-05,-0.001459,0.0213128
-0.000874,-0.001696,0.0214168,-0.000874,-0.001696,0.0213568
-0.000609,-0.001489,0.0212438,-0.000609,-0.001489,0.0211838
-0.000399,-0.002273,0.0215728,-0.000399,-0.002273,0.0215128
-0.000708,-0.003446,0.0224108,-0.000708,-0.003446,0.0223508
-0.000335,-0.003462,0.0223648,-0.000335,-0.003462,0.0223048
-0.000713,-0.001994,0.0214418,-0.000713,-0.001994,0.0213818
-0.00087,-0.001352,0.0213218,-0.00087,-0.001352,0.0212618
-0.0011,-0.001471,0.0212788,-0.0011,-0.001471,0.0212188
-0.001256,-0.001556,0.0216438,-0.001256,-0.001556,0.0215838
-0.001293,-0.002216,0.0209928,-0.001293,-0.002216,0.0209328
-0.001037,-0.002772,0.0206618,-0.001037,-0.002772,0.0206018
-0.000772,-0.003092,0.0206468,-0.000772,-0.003092,0.0205868
-0.000684,-0.002765,0.0207138,-0.000684,-0.002765,0.0206538
-0.001143,-0.002608,0.0208158,-0.001143,-0.002608,0.0207558
-0.001197,-0.002531,0.0210468,-0.001197,-0.002531,0.0209868
-0.001323,-0.001033,0.0225888,-0.001323,-0.001033,0.0225288
-0.00141,-0.003273,0.0224348,-0.00141,-0.003273,0.0223748
-0.001065,-0.00338,0.0223508,-0.001065,-0.00338,0.0222908
-0.001789,-0.003044,0.0223548,-0.001789,-0.003044,0.0222948
-0.002475,-0.002567,0.0224338,-0.002475,-0.002567,0.0223738
-0.002063,-0.00257,0.0223518,-0.002063,-0.00257,0.0222918
-0.003171,-0.001631,0.0224898,-0.003171,-0.001631,0.0224298
-0.001507,-0.000932,0.0214888,-0.001507,-0.000932,0.0214288
-0.001567,-0.001442,0.0217128,-0.001567,-0.001442,0.0216528
-0.001249,-0.000959,0.0212728,-0.001249,-0.000959,0.0212128
-0.001805,-0.00137,0.0219168,-0.001805,-0.00137,0.0218568
-0.001809,-0.001255,0.0212158,-0.001809,-0.001255,0.0211558
-0.002683,-0.001248,0.0207288,-0.002683,-0.001248,0.0206688
-0.00215,-0.001333,0.0207938,-0.00215,-0.001333,0.0207338
-0.002334,-0.001468,0.0210218,-0.002334,-0.001468,0.0209618
-0.001974,-0.001441,0.0209898,-0.001974,-0.001441,0.0209298
-0.002818,-0.000981,0.0205948,-0.002818,-0.000981,0.0205348
-0.002692,-0.001056,0.0210488,-0.002692,-0.001056,0.0209888
-0.003395,-0.001092,0.0224518,-0.003395,-0.001092,0.0223918
-0.002982,-0.001143,0.0223508,-0.002982,-0.001143,0.0222908
-0.003341,-0.000448,0.0201148,-0.003341,-0.000448,0.0200548
-0.003067,-0.00059,0.0201058,-0.003067,-0.00059,0.0200458
-0.002985,-0.000292,0.0199438,-0.002985,-0.000292,0.0198838
-0.002668,-0.000224,0.0198038,-0.002668,-0.000224,0.0197438
-0.002781,0.000148,0.0199988,-0.002781,0.000148,0.0199388
-0.003146,-0.000281,0.0203278,-0.003146,-0.000281,0.0202678
-0.003015,-0.000615,0.0204378,-0.003015,-0.000615,0.0203778
-0.003272,-0.000485,0.0197848,-0.003272,-0.000485,0.0197248
-0.001948,0.000154,0.0213968,-0.001948,0.000154,0.0213368
-0.001636,0.000204,0.0214518,-0.001636,0.000204,0.0213918
-0.001539,0.000454,0.0213168,-0.001539,0.000454,0.0212568
-0.001251,0.000459,0.0210608,-0.001251,0.000459,0.0210008
-0.001476,0.000851,0.0212308,-0.001476,0.000851,0.0211708
-0.001163,9.6e-05,0.0218418,-0.001163,9.6e-05,0.0217818
-0.00182,0.000375,0.0214478,-0.00182,0.000375,0.0213878
-0.001811,-0.000128,0.0214918,-0.001811,-0.000128,0.0214318
-0.002005,2.6e-05,0.0210708,-0.002005,2.6e-05,0.0210108
-0.002282,4e-06,0.0209008,-0.002282,4e-06,0.0208408
-0.002576,0.001049,0.0206328,-0.002576,0.001049,0.0205728
-0.002551,-8.5e-05,0.0207018,-0.002551,-8.5e-05,0.0206418
-0.002645,2.9e-05,0.0203658,-0.002645,2.9e-05,0.0203058
-0.003117,0.000236,0.0200798,-0.003117,0.000236,0.0200198
-0.002146,-4.9e-05,0.0199478,-0.002146,-4.9e-05,0.0198878
-0.003012,4.6e-05,0.0203358,-0.003012,4.6e-05,0.0202758
-0.003043,0.000505,0.0203378,-0.003043,0.000505,0.0202778
-0.003229,-9.4e-05,0.0200568,-0.003229,-9.4e-05,0.0199968
-0.003313,0.000354,0.0192348,-0.003313,0.000354,0.0191748
-0.002837,0.000112,0.0192908,-0.002837,0.000112,0.0192308
-0.002998,0.000421,0.0192328,-0.002998,0.000421,0.0191728
-0.0026,0.000491,0.0190448,-0.0026,0.000491,0.0189848
-0.003202,0.00075,0.0194068,-0.003202,0.00075,0.0193468
-0.002895,0.000664,0.0195688,-0.002895,0.000664,0.0195088
-0.003021,5.3e-05,0.0196838,-0.003021,5.3e-05,0.0196238
-0.002627,8.4e-05,0.0196578,-0.002627,8.4e-05,0.0195978
-0.003244,-0.000178,0.0196678,-0.003244,-0.000178,0.0196078
-0.003261,-1e-06,0.0192998,-0.003261,-1e-06,0.0192398
-0.003055,-0.00026,0.0191898,-0.003055,-0.00026,0.0191298
-0.0007,0.000373,0.0189508,-0.0007,0.000373,0.0188908
-0.0004,0.000394,0.0188758,-0.0004,0.000394,0.0188158
-0.000268,0.000485,0.0191068,-0.000268,0.000485,0.0190468
-0.000417,0.000721,0.0188818,-0.000417,0.000721,0.0188218
-8e-05,0.0006,0.0188668,-8e-05,0.0006,0.0188068
0.000319,0.0007,0.0189668,0.000319,0.0007,0.0189068
-0.0001,0.001221,0.0189628,-0.0001,0.001221,0.0189028
9.4e-05,0.000321,0.0191028,9.4e-05,0.000321,0.0190428
-0.000762,0.000784,0.0189828,-0.000762,0.000784,0.0189228
-0.00045,0.001164,0.0190928,-0.00045,0.001164,0.0190328
-0.000349,0.000845,0.0192838,-0.000349,0.000845,0.0192238
-0.000512,0.000324,0.0192678,-0.000512,0.000324,0.0192078
-0.000102,0.000384,0.0193408,-0.000102,0.000384,0.0192808
-0.000805,0.000476,0.0193178,-0.000805,0.000476,0.0192578
-0.001097,0.000432,0.0190228,-0.001097,0.000432,0.0189628
-8.6e-05,0.000136,0.0177788,-8.6e-05,0.000136,0.0177188
-0.000559,-0.000108,0.0191388,-0.000559,-0.000108,0.0190788
-0.000441,0.000729,0.0197208,-0.000441,0.000729,0.0196608
-0.00091,0.001126,0.0188698,-0.00091,0.001126,0.0188098
-0.000696,0.000836,0.0193488,-0.000696,0.000836,0.0192888
-0.000822,0.000708,0.0196458,-0.000822,0.000708,0.0195858
-0.000843,7.2e-05,0.0191038,-0.000843,7.2e-05,0.0190438
-0.000685,-0.00032,0.0193048,-0.000685,-0.00032,0.0192448
-0.001099,-0.000518,0.0173258,-0.001099,-0.000518,0.0172658
-0.000956,0.000431,0.0196858,-0.000956,0.000431,0.0196258
-0.002412,0.000408,0.0175278,-0.002412,0.000408,0.0174678
-0.002011,0.000429,0.0174248,-0.002011,0.000429,0.0173648
-0.001758,0.000496,0.0176168,-0.001758,0.000496,0.0175568
-0.00156,0.00039,0.0173558,-0.00156,0.00039,0.0172958
-0.001549,0.000755,0.0173258,-0.001549,0.000755,0.0172658
-0.001569,0.001258,0.0176518,-0.001569,0.001258,0.0175918
-0.00155,4e-05,0.0174718,-0.00155,4e-05,0.0174118
-0.001347,1e-05,0.0178328,-0.001347,1e-05,0.0177728
-0.001401,0.000462,0.0177608,-0.001401,0.000462,0.0177008
-0.001921,0.000828,0.0174618,-0.001921,0.000828,0.0174018
-0.002283,0.000775,0.0175018,-0.002283,0.000775,0.0174418
-0.00194,0.001295,0.0177038,-0.00194,0.001295,0.0176438
-0.001814,0.000598,0.0179508,-0.001814,0.000598,0.0178908
-0.002348,0.000289,0.0178878,-0.002348,0.000289,0.0178278
-0.002034,0.000226,0.0178098,-0.002034,0.000226,0.0177498
-0.001868,0.000145,0.0175338,-0.001868,0.000145,0.0174738
-0.000286,0.000124,0.0172028,-0.000286,0.000124,0.0171428
-0.002323,0.001365,0.0175288,-0.002323,0.001365,0.0174688
-0.002132,0.00095,0.0177968,-0.002132,0.00095,0.0177368
-0.001508,0.000813,0.0176548,-0.001508,0.000813,0.0175948
-0.002346,0.001311,0.0178658,-0.002346,0.001311,0.0178058
-0.002204,0.000774,0.0181508,-0.002204,0.000774,0.0180908
-0.002128,0.000574,0.0177818,-0.002128,0.000574,0.0177218
-0.002284,-0.000189,0.0177978,-0.002284,-0.000189,0.0177378
-0.002387,0.000487,0.0182298,-0.002387,0.000487,0.0181698
-0.002367,0.000423,0.0185318,-0.002367,0.000423,0.0184718
-0.002422,0.000454,0.0160308,-0.002422,0.000454,0.0159708
-0.002054,0.000434,0.0159718,-0.002054,0.000434,0.0159118
-0.001575,0.000504,0.0159768,-0.001575,0.000504,0.0159168
-0.001671,0.000863,0.0160598,-0.001671,0.000863,0.0159998
-0.001582,0.001364,0.0161038,-0.001582,0.001364,0.0160438
-0.001532,3e-06,0.0160458,-0.001532,3e-06,0.0159858
-0.002253,5.2e-05,0.0160368,-0.002253,5.2e-05,0.0159768
-0.001028,-0.000463,0.0158788,-0.001028,-0.000463,0.0158188
-0.001587,-0.000309,0.0160138,-0.001587,-0.000309,0.0159538
-0.000202,-0.000432,0.0158898,-0.000202,-0.000432,0.0158298
-0.000922,9.1e-05,0.0159818,-0.000922,9.1e-05,0.0159218
-0.001145,-0.000498,0.0165148,-0.001145,-0.000498,0.0164548
-0.000861,-0.000382,0.0151628,-0.000861,-0.000382,0.0151028
-0.000256,-0.000413,0.0166548,-0.000256,-0.000413,0.0165948
-0.001481,-9.4e-05,0.0164188,-0.001481,-9.4e-05,0.0163588
-0.000284,0.000311,0.0166748,-0.000284,0.000311,0.0166148
-0.001569,0.000301,0.0164078,-0.001569,0.000301,0.0163478
-0.002019,0.000915,0.0159228,-0.002019,0.000915,0.0158628
-0.002334,0.000845,0.0161068,-0.002334,0.000845,0.0160468
-0.002005,0.001311,0.0161918,-0.002005,0.001311,0.0161318
-0.002005,0.000914,0.0163428,-0.002005,0.000914,0.0162828
-0.001865,0.000565,0.0165668,-0.001865,0.000565,0.0165068
-0.002294,0.000482,0.0164298,-0.002294,0.000482,0.0163698
-0.002,0.000206,0.0163518,-0.002,0.000206,0.0162918
-0.001831,0.000168,0.0160728,-0.001831,0.000168,0.0160128
-0.000299,5.4e-05,0.0158838,-0.000299,5.4e-05,0.0158238
-0.000876,0.00014,0.0152518,-0.000876,0.00014,0.0151918
-0.001829,0.000432,0.0169948,-0.001829,0.000432,0.0169348
-0.002452,0.001219,0.0160728,-0.002452,0.001219,0.0160128
-0.001466,0.000781,0.0163468,-0.001466,0.000781,0.0162868
-0.002291,0.001199,0.0164188,-0.002291,0.001199,0.0163588
-0.002176,0.000744,0.0166618,-0.002176,0.000744,0.0166018
-0.002262,7.3e-05,0.0165198,-0.002262,7.3e-05,0.0164598
-0.00228,-0.000214,0.0163438,-0.00228,-0.000214,0.0162838
-0.00233,0.000584,0.0168818,-0.00233,0.000584,0.0168218
-0.001269,0.000909,0.0214798,-0.001269,0.000909,0.0214198
-0.001553,0.001302,0.0213508,-0.001553,0.001302,0.0212908
-0.001213,0.001203,0.0212838,-0.001213,0.001203,0.0212238
-0.001248,0.00086,0.0218298,-0.001248,0.00086,0.0217698
-0.002051,0.001159,0.0210228,-0.002051,0.001159,0.0209628
-0.00183,0.000658,0.0214588,-0.00183,0.000658,0.0213988
-0.002805,0.001263,0.0206068,-0.002805,0.001263,0.0205468
-0.00199,0.001291,0.0205608,-0.00199,0.001291,0.0205008
-0.002411,0.001202,0.0210208,-0.002411,0.001202,0.0209608
-0.002564,0.000688,0.0207428,-0.002564,0.000688,0.0206828
-0.002722,0.000829,0.0203308,-0.002722,0.000829,0.0202708
-0.00183,0.002931,0.0223348,-0.00183,0.002931,0.0222748
-0.001512,0.00285,0.0223488,-0.001512,0.00285,0.0222888
-0.001211,0.00163,0.0212678,-0.001211,0.00163,0.0212078
-0.000774,0.001642,0.0214458,-0.000774,0.001642,0.0213858
-0.000851,0.001996,0.0213648,-0.000851,0.001996,0.0213048
-0.00047,0.001844,0.0214758,-0.00047,0.001844,0.0214158
-0.000531,0.001579,0.0216658,-0.000531,0.001579,0.0216058
-0.001109,0.001941,0.0218248,-0.001109,0.001941,0.0217648
-0.001113,0.002028,0.0210578,-0.001113,0.002028,0.0209978
-0.001238,0.002226,0.0207298,-0.001238,0.002226,0.0206698
-0.001159,0.002342,0.0209328,-0.001159,0.002342,0.0208728
-0.001156,0.002559,0.0207528,-0.001156,0.002559,0.0206928
-0.001984,0.00157,0.0207278,-0.001984,0.00157,0.0206678
-0.001659,0.001616,0.0207158,-0.001659,0.001616,0.0206558
-0.001531,0.00193,0.0205348,-0.001531,0.00193,0.0204748
-0.00166,0.001608,0.0210998,-0.00166,0.001608,0.0210398
-0.001908,0.002003,0.0203598,-0.001908,0.002003,0.0202998
-0.001922,0.002373,0.0198348,-0.001922,0.002373,0.0197748
-0.001997,0.002535,0.0201588,-0.001997,0.002535,0.0200988
-0.001416,0.002327,0.0200038,-0.001416,0.002327,0.0199438
-0.001722,0.002286,0.0202268,-0.001722,0.002286,0.0201668
-0.001707,0.002695,0.0199958,-0.001707,0.002695,0.0199358
-0.001301,0.002759,0.0199438,-0.001301,0.002759,0.0198838
-0.00179,0.002617,0.0204148,-0.00179,0.002617,0.0203548
-0.001336,0.002197,0.0203398,-0.001336,0.002197,0.0202798
-0.002182,0.002231,0.0202298,-0.002182,0.002231,0.0201698
-0.001154,0.003341,0.0223598,-0.001154,0.003341,0.0222998
-0.000698,0.00319,0.0223258,-0.000698,0.00319,0.0222658
-0.001127,0.000652,0.0222418,-0.001127,0.000652,0.0221818
0.001344,0.002879,0.0224128,0.001344,0.002879,0.0223528
0.00136,0.003251,0.0223348,0.00136,0.003251,0.0222748
0.001641,-0.003027,0.0009578,0.0016417,-0.0030282,0.0009256
0.002021,-0.002928,0.0009478,0.0020219,-0.0029292,0.0009157
-0.00055,0.001463,0.0213548,-0.00055,0.001463,0.0212948
-8.3e-05,0.001529,0.0212848,-8.3e-05,0.001529,0.0212248
-0.000263,0.001667,0.0214758,-0.000263,0.001667,0.0214158
-0.000106,0.001572,0.0217438,-0.000106,0.001572,0.0216838
-0.000561,0.002928,0.0200458,-0.000561,0.002928,0.0199858
-0.000243,0.003046,0.0200788,-0.000243,0.003046,0.0200188
-0.00012,0.003148,0.0203788,-0.00012,0.003148,0.0203188
-0.000448,0.003099,0.0203878,-0.000448,0.003099,0.0203278
-0.000316,0.003285,0.0205168,-0.000316,0.003285,0.0204568
0.001438,-0.002135,0.0023638,0.0014386,-0.0021359,0.0023285
0.00105,-0.001979,0.0024758,0.0010505,-0.0019798,0.0024404
0.001338,-0.001786,0.0024108,0.0013385,-0.0017867,0.0023756
0.000898,-0.001933,0.0020858,0.0008983,-0.0019337,0.0020514
0.001091,-0.001734,0.0027548,0.0010914,-0.0017347,0.0027188
0.000996,-0.001652,0.0023798,0.0009964,-0.0016526,0.0023448
0.001597,-0.002438,0.0031068,0.0015977,-0.0024392,0.0030694
0.001373,-0.002691,0.0033418,0.0013737,-0.0026924,0.0033037
0.001034,-0.002853,0.0031718,0.0010345,-0.0028544,0.0031341
0.000889,-0.00268,0.0028678,0.0008894,-0.0026812,0.0028311
0.00073,-0.002412,0.0028328,0.0007303,-0.0024131,0.0027964
0.000715,-0.002809,0.0031298,0.0007154,-0.0028104,0.0030923
0.001065,-0.002824,0.0035158,0.0010656,-0.0028256,0.0034772
0.000835,-0.003484,0.0012468,0.0008353,-0.0034855,0.0012139
0.00072,-0.0032,0.0012628,0.0007203,-0.0032013,0.0012299
0.002857,-0.00202,0.0012838,0.0028582,-0.0020208,0.0012508
0.00283,-0.001642,0.0011858,0.0028311,-0.0016426,0.0011531
0.00186,-0.001178,0.0020308,0.0018607,-0.0011784,0.0019965
0.002121,-0.001346,0.0024198,0.0021218,-0.0013466,0.0023844
0.002017,-0.001351,0.0027648,0.0020178,-0.0013516,0.0027286
0.00157,-0.001031,0.0026288,0.0015706,-0.0010314,0.0025933
0.00175,-0.001017,0.0023458,0.0017507,-0.0010174,0.0023109
0.001873,-0.000697,0.0025648,0.0018738,-0.0006973,0.0025294
0.00188,-0.001277,0.0023308,0.0018807,-0.0012775,0.0022957
0.001609,-0.001343,0.0032148,0.0016097,-0.0013436,0.0031778
0.003403,-0.001132,0.0011998,0.0034045,-0.0011325,0.001167
0.001801,-0.000444,0.0021308,0.0018016,-0.0004442,0.0020964
0.002079,-0.000224,0.0028608,0.0020799,-0.0002241,0.0028246
0.001716,-0.000328,0.0027738,0.0017167,-0.0003282,0.0027381
0.00175,-0.000312,0.0024208,0.0017507,-0.0003121,0.0023858
0.001772,5.7e-05,0.0025558,0.0017727,5.7e-05,0.0025205
0.002008,-0.000249,0.0024998,0.0020088,-0.0002491,0.0024645
0.001582,-0.000632,0.0027328,0.0015826,-0.0006323,0.0026972
0.002776,-0.000779,0.0011998,0.002777,-0.0007793,0.0011672
0.002832,-0.00044,0.0011558,0.002833,-0.0004402,0.0011233
0.002933,-0.000929,0.0018158,0.0029342,-0.0009294,0.0017816
0.001067,-0.000542,0.0014538,0.0010673,-0.0005422,0.0014211
0.001343,-0.000102,0.0021678,0.0013435,-0.000102,0.0021335
0.001348,-3.1e-05,0.0017798,0.0013484,-3.1e-05,0.0017463
0.000805,-0.000485,0.0014918,0.0008053,-0.0004851,0.001459
0.000598,-0.000217,0.0013848,0.0005982,-0.000217,0.0013523
0.002989,-0.000405,0.0008518,0.0029901,-0.0004052,0.00082
0.001714,0.00034,0.0022598,0.0017147,0.0003401,0.0022252
0.002107,7.2e-05,0.0025988,0.0021079,7.2e-05,0.0025632
0.001584,0.00048,0.0026558,0.0015846,0.0004802,0.0026203
0.001673,0.000872,0.0025358,0.0016736,0.0008723,0.0025005
0.001785,-6.4e-05,0.0022168,0.0017857,-6.4e-05,0.0021823
0.001594,1.4e-05,0.0027528,0.0015946,1.4e-05,0.0027172
0.002789,0.000165,0.0028728,0.0027903,0.0001651,0.002836
0.002232,0.000487,0.0027908,0.002233,0.0004872,0.0027547
0.002818,0.000418,0.0030808,0.0028194,0.0004182,0.0030435
0.002806,-4.6e-05,0.0031538,0.0028074,-4.6e-05,0.0031164
0.002435,-4.9e-05,0.0032298,0.0024361,-4.91e-05,0.0031924
0.00277,-0.0003,0.0033818,0.0027714,-0.0003001,0.0033438
0.002583,0.000371,0.0028808,0.0025842,0.0003712,0.0028442
0.003264,-1.3e-05,0.0035438,0.0032658,-1.3e-05,0.003505
0.001072,0.000123,0.0014128,0.0010723,0.000123,0.0013801
0.00132,0.000376,0.0017258,0.0013204,0.0003761,0.0016925
0.000712,0.000127,0.0013578,0.0007122,0.000127,0.0013253
0.000658,0.000467,0.0012948,0.0006582,0.0004671,0.0012624
0.000594,0.000127,0.0017538,0.0005941,0.000127,0.0017205
0.002081,0.001168,0.0027918,0.0020819,0.0011685,0.0027556
0.001533,0.001126,0.0024118,0.0015336,0.0011265,0.0023768
0.001789,0.001183,0.0026858,0.0017897,0.0011835,0.00265
0.001691,0.000945,0.0028018,0.0016917,0.0009454,0.0027658
0.002492,0.000968,0.0028808,0.0024931,0.0009684,0.0028441
0.002841,0.001215,0.0031318,0.0028424,0.0012156,0.0030942
0.002944,0.000848,0.0035348,0.0029456,0.0008485,0.0034962
0.002447,0.001125,0.0036128,0.0024483,0.0011256,0.0035743
0.002559,0.000667,0.0029288,0.0025602,0.0006673,0.0028921
0.001126,0.000777,0.0015688,0.0011263,0.0007772,0.0015358
0.001283,0.001167,0.0021278,0.0012835,0.0011674,0.0020935
0.000651,0.001119,0.0014408,0.0006512,0.0011193,0.001408
0.001008,0.001081,0.0020508,0.0010084,0.0010814,0.0020168
0.003139,0.000948,0.0012088,0.0031403,0.0009483,0.001176
0.003471,0.001,0.0013048,0.0034726,0.0010005,0.0012717
0.002803,0.001388,0.0011328,0.0028041,0.0013885,0.0011002
0.002725,0.00178,0.0011858,0.002726,0.0017807,0.0011531
0.002869,0.001341,0.0014758,0.0028701,0.0013415,0.0014424
0.000966,0.001632,0.0019818,0.0009664,0.0016326,0.0019478
0.001256,0.001923,0.0027798,0.0012565,0.0019238,0.0027437
0.00131,0.001348,0.0023698,0.0013105,0.0013485,0.0023349
0.00131,0.001608,0.0026798,0.0013105,0.0016087,0.002644
0.000865,0.001727,0.0022558,0.0008653,0.0017276,0.0022211
0.000725,0.001528,0.0024388,0.0007253,0.0015286,0.0024038
0.000936,0.0014,0.0027818,0.0009364,0.0014006,0.002746
0.00255,0.001633,0.0038098,0.0025515,0.0016339,0.0037704
0.002433,0.001991,0.0038538,0.0024344,0.0019922,0.0038143
0.002485,0.001992,0.0042228,0.0024866,0.0019933,0.0041822
0.002498,0.001626,0.0042808,0.0024996,0.001627,0.0042403
0.002617,0.001671,0.0046238,0.0026188,0.0016721,0.0045823
0.001303,0.002339,0.0029348,0.0013036,0.0023401,0.002898
0.001478,0.002243,0.0034858,0.0014788,0.0022441,0.0034476
0.00211,0.002249,0.0033168,0.0021111,0.0022501,0.0032787
0.002274,0.002528,0.0035348,0.0022753,0.0025294,0.0034959
0.001614,0.002653,0.0034458,0.0016149,0.0026544,0.0034074
0.002055,0.002222,0.0038178,0.0020562,0.0022233,0.0037785
0.0017,0.002347,0.0039708,0.001701,0.0023484,0.0039312
0.001895,0.002611,0.0036948,0.0018961,0.0026125,0.0036556
0.001595,0.002748,0.0038588,0.001596,0.0027496,0.0038192
0.001864,0.002598,0.0040438,0.0018651,0.0025996,0.0040037
0.001741,0.002357,0.0043118,0.0017421,0.0023585,0.0042712
0.001751,0.00222,0.0047818,0.0017522,0.0022215,0.0047401
0.001346,0.003239,0.0012558,0.0013465,0.0032404,0.0012228
0.000597,0.000403,0.0045428,0.0005975,0.0004033,0.0045037
0.000899,0.000514,0.0046448,0.0008997,0.0005144,0.0046053
0.001104,0.000835,0.0045368,0.0011048,0.0008356,0.0044972
0.001458,0.000847,0.0046138,0.001459,0.0008476,0.0045737
0.001288,0.000862,0.0049888,0.001289,0.0008627,0.0049479
0.000561,0.001014,0.0065988,0.0005617,0.0010153,0.0065533
0.00073,0.000817,0.0045908,0.0007305,0.0008176,0.0045513
0.000643,0.000825,0.0049368,0.0006436,0.0008257,0.0048965
0.000542,0.000309,0.0065438,0.0005427,0.0003094,0.0064988
0.00104,0.001258,0.0045858,0.0010407,0.0012589,0.0045458
0.001037,0.000526,0.0050308,0.0010379,0.0005265,0.0049902
0.001414,0.000526,0.0050508,0.0014152,0.0005264,0.0050097
0.000701,0.000481,0.0049458,0.0007017,0.0004814,0.0049056
0.000935,0.000172,0.0049638,0.0009358,0.0001721,0.0049235
0.001125,-0.000154,0.0050678,0.001126,-0.0001541,0.0050271
0.000608,-0.000415,0.0065928,0.0006088,-0.0004156,0.0065476
0.001171,0.000438,0.0053708,0.0011721,0.0004384,0.0053291
0.00108,0.000471,0.0057498,0.0010811,0.0004715,0.0057071
0.000559,0.00036,0.0073068,0.0005599,0.0003606,0.007259
0.000339,0.000773,0.0045318,0.0003393,0.0007736,0.0044926
0.00073,0.001198,0.0046378,0.0007305,0.0011989,0.0045979
0.000344,0.000851,0.0049628,0.0003443,0.0008518,0.0049225
0.00066,0.001198,0.0049878,0.0006605,0.001199,0.0049471
0.000684,0.000796,0.0053978,0.0006846,0.0007968,0.0053562
0.00027,0.000364,0.0048538,0.0002703,0.0003644,0.004814
-2.6e-05,0.000442,0.0049158,-2.6e-05,0.0004425,0.0048758
0.000723,-0.000187,0.0049068,0.0007236,-0.0001872,0.0048667
0.000805,0.000434,0.0052778,0.0008058,0.0004345,0.0052367
0.000727,0.001905,0.0059408,0.0007277,0.0019069,0.0058966
0.000822,0.002039,0.0061338,0.0008228,0.002041,0.006089
0.00103,0.001887,0.0059598,0.001031,0.0018888,0.0059155
0.001005,0.002192,0.0059998,0.0010059,0.002194,0.0059553
0.001601,0.002178,0.0059948,0.0016024,0.00218,0.0059501
0.000702,0.002281,0.0059798,0.0007027,0.0022831,0.0059353
0.000652,0.002219,0.0062948,0.0006526,0.0022212,0.0062495
0.000313,0.000921,0.0074758,0.0003135,0.0009223,0.0074273
0.00102,0.002801,0.0058998,0.0010209,0.0028034,0.0058552
0.001032,0.001937,0.0062578,0.001033,0.0019389,0.0062127
0.001292,0.001946,0.0063778,0.0012933,0.0019479,0.0063323
0.000725,0.001869,0.0062958,0.0007258,0.0018709,0.0062507
0.00093,0.001708,0.0061798,0.000931,0.0017098,0.006135
0.001024,0.001935,0.0067498,0.0010251,0.001937,0.0067033
0.001076,0.001937,0.0070568,0.0010771,0.001939,0.0070095
0.000301,0.002288,0.0060508,0.0003013,0.0022902,0.0060062
0.000764,0.002665,0.0059408,0.0007647,0.0026673,0.0058962
1.9e-05,0.002239,0.0063278,1.9e-05,0.0022413,0.0062825
-0.000346,0.000985,0.0073538,-0.0003465,0.0009864,0.0073057
0.000769,0.002711,0.0063598,0.0007697,0.0027135,0.0063142
0.000702,0.002334,0.0066648,0.0007027,0.0023363,0.0066185
0.000612,0.002233,0.0069928,0.0006126,0.0022353,0.0069456
0.00028,0.002104,0.0063198,0.0002803,0.0021062,0.0062745
0.000629,0.001561,0.0062098,0.0006297,0.0015627,0.0061651
0.000678,0.002001,0.0066558,0.0006787,0.0020031,0.0066096
6.8e-05,0.003248,0.0012448,6.8e-05,0.0032493,0.001212
0.000365,0.003279,0.0011968,0.0003651,0.0032803,0.001164
-9.7e-05,0.001493,0.0020448,-9.7e-05,0.0014935,0.0020108
-0.000201,0.001758,0.0020898,-0.0002011,0.0017586,0.0020555
-1.4e-05,0.001939,0.0028398,-1.4e-05,0.0019398,0.0028038
-3.7e-05,0.001587,0.0024448,-3.7e-05,0.0015876,0.0024099
0.000164,0.001396,0.0026398,0.0001641,0.0013965,0.0026045
-0.000477,0.001609,0.0025768,-0.0004772,0.0016096,0.0025415
-3.2e-05,0.001582,0.0028738,-3.2e-05,0.0015826,0.0028379
-7.9e-05,0.001976,0.0025038,-7.9e-05,0.0019768,0.0024685
-0.000415,0.001526,0.0028578,-0.0004152,0.0015266,0.002822
-0.000841,0.001627,0.0027638,-0.0008413,0.0016276,0.002728
-0.000484,0.002798,0.0034588,-0.0004843,0.0027995,0.0034205
-0.00037,0.003142,0.0035168,-0.0003702,0.0031437,0.0034781
-0.000108,0.002874,0.0035158,-0.0001081,0.0028755,0.0034773
-0.000157,0.002995,0.0038748,-0.0001571,0.0029968,0.0038353
0.000276,0.003089,0.0039188,0.0002762,0.0030908,0.0038791
-0.000584,0.003011,0.0038708,-0.0005843,0.0030128,0.0038313
-0.000553,0.003471,0.0035758,-0.0005533,0.003473,0.0035367
-0.000495,0.003007,0.0043418,-0.0004953,0.0030089,0.004301
-0.000889,0.002971,0.0043078,-0.0008896,0.0029729,0.0042671
-0.000637,0.003313,0.0011618,-0.0006372,0.0033143,0.0011291
-0.00029,0.003243,0.0012568,-0.0002901,0.0032443,0.0012239
-0.000771,0.001705,0.0022118,-0.0007713,0.0017056,0.0021772
-0.000885,0.001526,0.0023818,-0.0008854,0.0015266,0.0023469
-0.00115,0.001828,0.0022798,-0.0011504,0.0018287,0.0022449
-0.001233,0.00198,0.0024798,-0.0012335,0.0019808,0.0024444
-0.001148,0.001873,0.0027478,-0.0011485,0.0018737,0.0027118
-0.001234,0.001627,0.0024478,-0.0012345,0.0016277,0.0024126
-0.001243,0.001584,0.0028388,-0.0012435,0.0015847,0.0028027
-0.001212,0.001583,0.0031658,-0.0012126,0.0015837,0.003129
-0.001495,0.002867,0.0008648,-0.0014956,0.0028681,0.0008329
-0.001058,0.002932,0.0008628,-0.0010584,0.0029331,0.0008309
-0.00148,0.002642,0.0012248,-0.0014806,0.002643,0.0011921
-0.001095,0.002532,0.0012298,-0.0010954,0.002533,0.0011971
-0.00131,0.002578,0.0019018,-0.0013105,0.0025791,0.0018674
-0.00337,0.001107,0.0013078,-0.0033714,0.0011074,0.0012747
-0.00298,0.001136,0.0011918,-0.0029811,0.0011365,0.0011591
-0.001888,0.000762,0.0022228,-0.0018887,0.0007623,0.0021881
-0.001538,0.000814,0.0028268,-0.0015386,0.0008143,0.0027909
-0.001588,0.001219,0.0028308,-0.0015887,0.0012195,0.0027947
-0.001618,0.000826,0.0024498,-0.0016186,0.0008263,0.0024147
-0.001242,0.000923,0.0024308,-0.0012424,0.0009234,0.0023959
-0.001975,0.000898,0.0024958,-0.0019758,0.0008984,0.0024604
-0.001965,0.001264,0.0024518,-0.0019658,0.0012645,0.0024164
-0.00161,0.001252,0.0024478,-0.0016106,0.0012525,0.0024126
-0.001998,0.001326,0.0027798,-0.0019988,0.0013266,0.0027436
-0.001981,0.00092,0.0028298,-0.0019818,0.0009204,0.0027936
-0.002359,0.00094,0.0028788,-0.00236,0.0009404,0.0028423
-0.002555,0.001168,0.0032308,-0.0025563,0.0011686,0.0031932
-0.002729,0.000808,0.0032338,-0.0027303,0.0008084,0.0031961
-0.002659,0.000619,0.0029628,-0.0026602,0.0006193,0.0029259
-0.003045,0.000824,0.0031668,-0.0030466,0.0008244,0.003129
-0.002731,0.00093,0.0035658,-0.0027325,0.0009305,0.0035272
-0.00095,0.000409,0.0046008,-0.0009507,0.0004093,0.0045613
-0.000786,0.000368,0.0049048,-0.0007867,0.0003684,0.0048647
-0.000218,0.000326,0.0046008,-0.0002182,0.0003263,0.0045617
-0.000402,0.000698,0.0047588,-0.0004024,0.0006986,0.0047191
-7.7e-05,0.000644,0.0045318,-7.7e-05,0.0006445,0.0044927
-0.000853,0.000715,0.0046178,-0.0008537,0.0007155,0.0045782
-0.000481,0.00121,0.0046628,-0.0004813,0.0012109,0.0046229
-0.00055,0.000754,0.0055048,-0.0005506,0.0007547,0.0054631
-0.000439,0.000302,0.0049428,-0.0004395,0.0003023,0.0049027
-0.001127,0.000684,0.0048778,-0.0011279,0.0006845,0.0048374
-0.000647,-7.5e-05,0.0048578,-0.0006476,-7.51e-05,0.0048179
-0.000442,-0.000371,0.0049978,-0.0004425,-0.0003714,0.0049576
-0.000385,0.00049,0.0053358,-0.0003854,0.0004906,0.0052946
-0.000857,0.00129,0.0046398,-0.0008576,0.0012909,0.0045998
-0.00076,0.000835,0.0049278,-0.0007606,0.0008357,0.0048874
-0.000732,0.000942,0.0052848,-0.0007327,0.0009429,0.0052435
-0.000819,0.000523,0.0054888,-0.0008198,0.0005235,0.0054471
-0.00236,0.000409,0.0059368,-0.0023622,0.0004094,0.0058924
-0.002151,0.000603,0.0061808,-0.0021531,0.0006036,0.0061359
-0.001974,0.000339,0.0059918,-0.001976,0.0003393,0.0059475
-0.001757,0.000561,0.0062128,-0.0017589,0.0005616,0.006168
-0.00155,0.000325,0.0059838,-0.0015516,0.0003254,0.0059399
-0.001598,0.000805,0.0060488,-0.0015997,0.0008058,0.0060046
-0.001548,0.000373,0.0064508,-0.0015498,0.0003734,0.0064055
-0.001926,0.000794,0.0060118,-0.0019279,0.0007948,0.0059674
-0.002429,0.000773,0.0059818,-0.0024312,0.0007737,0.0059372
-0.001992,0.001124,0.0059378,-0.0019939,0.0011251,0.0058935
-0.002059,0.001651,0.0060838,-0.0020609,0.0016525,0.0060389
-0.001946,0.000412,0.0064398,-0.0019481,0.0004124,0.0063943
-0.002364,0.000426,0.0063958,-0.0023663,0.0004264,0.0063502
-0.001985,0.000443,0.0068848,-0.0019872,0.0004435,0.006838
-0.000266,0.000177,0.0072768,-0.0002665,0.0001773,0.0072292
-0.000975,0.000237,0.0080438,-0.0009764,0.0002373,0.0079935
-0.002208,0.000963,0.0060498,-0.0022101,0.0009639,0.0060051
-0.002461,0.001172,0.0061708,-0.0024632,0.0011731,0.0061257
-0.002296,0.000834,0.0064138,-0.0022982,0.0008348,0.0063681
-0.002253,0.001158,0.0064958,-0.0022552,0.0011591,0.0064499
-0.002354,0.000874,0.0067248,-0.0023563,0.0008749,0.0066783
-0.002376,0.000377,0.0068238,-0.0023784,0.0003774,0.0067771
-0.001617,-0.000279,0.0021238,-0.0016176,-0.0002791,0.0020896
-0.001502,5e-05,0.0027208,-0.0015026,5e-05,0.0026853
-0.001277,0.000492,0.0019788,-0.0012775,0.0004922,0.0019449
-0.001551,3.3e-05,0.0023468,-0.0015516,3.3e-05,0.0023121
-0.001225,1e-06,0.0025278,-0.0012254,1e-06,0.0024928
-0.001691,0.000357,0.0024238,-0.0016916,0.0003571,0.0023888
-0.001637,-0.000199,0.0024878,-0.0016376,-0.0001991,0.0024527
-0.001894,-0.000113,0.0021958,-0.0018947,-0.000113,0.0021612
-0.00196,-0.000382,0.0026638,-0.0019608,-0.0003821,0.0026282
-0.001942,-0.000244,0.0024328,-0.0019427,-0.0002441,0.0023977
-0.001938,0.000181,0.0027338,-0.0019388,0.000181,0.002698
-0.002338,0.000554,0.0028658,-0.002339,0.0005542,0.0028294
-0.002327,-0.000245,0.0027778,-0.002328,-0.0002451,0.0027417
-0.002332,-0.000153,0.0031988,-0.0023331,-0.0001531,0.0031616
-0.001989,0.000466,0.0027408,-0.0019898,0.0004662,0.0027049
-0.00194,0.00012,0.0031338,-0.0019409,0.0001201,0.0030971
-0.002579,-0.000127,0.0029388,-0.0025802,-0.0001271,0.0029021
-0.002695,-0.000326,0.0034018,-0.0026964,-0.0003262,0.0033638
-0.00307,0.000162,0.0035788,-0.0030717,0.0001621,0.00354
-0.003031,-0.000201,0.0036018,-0.0030327,-0.0002011,0.003563
-0.002913,-1.3e-05,0.0041128,-0.0029148,-1.3e-05,0.0040728
-0.003181,0.000479,0.0042468,-0.003183,0.0004793,0.0042062
-0.003075,6.4e-05,0.0038458,-0.0030768,6.4e-05,0.0038063
-0.002705,-0.000152,0.0037778,-0.0027065,-0.0001521,0.0037388
-0.003064,0.0004,0.0039348,-0.0030658,0.0004002,0.0038951
-0.003043,-0.000281,0.0038968,-0.0030448,-0.0002812,0.0038572
-0.003264,-8.7e-05,0.0036808,-0.0032659,-8.7e-05,0.0036416
-0.001758,-0.001248,0.0020778,-0.0017587,-0.0012485,0.0020434
-0.001247,-0.001383,0.0020528,-0.0012475,-0.0013835,0.0020186
-0.001537,-0.001326,0.0027878,-0.0015377,-0.0013266,0.0027518
-0.001284,-0.000977,0.0019378,-0.0012844,-0.0009774,0.001904
-0.001594,-0.001343,0.0024048,-0.0015946,-0.0013435,0.0023697
-0.001348,-0.001478,0.0025198,-0.0013485,-0.0014786,0.0024845
-0.001521,-0.000984,0.0023578,-0.0015216,-0.0009844,0.0023229
-0.001913,-0.001382,0.0027848,-0.0019138,-0.0013826,0.0027486
-0.003357,-0.001083,0.0012178,-0.0033584,-0.0010835,0.001185
-0.002991,-0.001096,0.0011698,-0.0029922,-0.0010964,0.0011371
-0.002533,-0.000953,0.0016628,-0.002534,-0.0009534,0.0016291
-0.003111,-0.000633,0.0017778,-0.0031123,-0.0006332,0.0017436
-0.00173,-0.000574,0.0021378,-0.0017307,-0.0005742,0.0021034
-0.001166,-0.00055,0.0020268,-0.0011664,-0.0005502,0.0019929
-0.001564,-0.000666,0.0027518,-0.0015646,-0.0006663,0.0027161
-0.0013,-0.0003,0.0019938,-0.0013004,-0.0003001,0.0019599
-0.001514,-0.000349,0.0028138,-0.0015146,-0.0003491,0.002778
-0.00153,-0.00073,0.0024358,-0.0015306,-0.0007303,0.0024008
-0.00122,-0.000576,0.0026128,-0.0012205,-0.0005762,0.0025776
-0.001912,-0.000763,0.0026918,-0.0019128,-0.0007633,0.0026561
-0.00325,-0.001515,0.0012388,-0.0032514,-0.0015156,0.0012058
-0.002883,-0.002109,0.0014558,-0.0028842,-0.0021099,0.0014223
-0.00108,-0.001614,0.0022288,-0.0010804,-0.0016146,0.0021941
-0.000933,-0.001732,0.0028468,-0.0009334,-0.0017327,0.0028107
-0.00121,-0.001825,0.0024838,-0.0012104,-0.0018257,0.0024484
-0.000853,-0.001883,0.0024808,-0.0008533,-0.0018837,0.0024455
-0.001263,-0.002349,0.0021598,-0.0012635,-0.0023499,0.0021249
-0.001182,-0.001982,0.0028758,-0.0011825,-0.0019828,0.0028394
-0.001607,-0.00247,0.0026658,-0.0016077,-0.0024711,0.0026295
-0.001595,-0.002178,0.0031448,-0.0015957,-0.002179,0.0031075
-0.001602,-0.0017,0.0034688,-0.0016028,-0.0017008,0.003431
-0.001209,-0.002161,0.0031238,-0.0012096,-0.002162,0.0030867
-0.001628,-0.002465,0.0031518,-0.0016288,-0.0024662,0.0031142
-0.0016,-0.002057,0.0035268,-0.0016008,-0.0020581,0.0034886
-0.001995,-0.001705,0.0032218,-0.001996,-0.0017058,0.0031843
-0.002059,-0.001656,0.0035328,-0.0020601,-0.0016568,0.0034945
-0.001814,-0.002322,0.0028658,-0.0018148,-0.0023231,0.002829
-0.001969,-0.002419,0.0031878,-0.00197,-0.0024202,0.00315
-0.002598,-0.001916,0.0036088,-0.0025995,-0.0019171,0.0035699
-0.002361,-0.001689,0.0033918,-0.0023622,-0.0016899,0.0033537
-0.002379,-0.002088,0.0042318,-0.0023805,-0.0020893,0.0041913
-0.00212,-0.002009,0.0042708,-0.0021213,-0.0020103,0.0042304
-0.002247,-0.001814,0.0041638,-0.0022484,-0.0018151,0.0041237
-0.002051,-0.002135,0.0040378,-0.0020522,-0.0021363,0.0039979
-0.002431,-0.001743,0.0039078,-0.0024324,-0.001744,0.0038682
-0.002777,-0.001447,0.0035068,-0.0027785,-0.0014478,0.0034682
-0.0027,-0.00137,0.0038728,-0.0027016,-0.0013708,0.0038333
-0.00255,-0.002306,0.0035888,-0.0025515,-0.0023073,0.0035498
-0.000914,-0.001066,0.0045358,-0.0009146,-0.0010667,0.0044962
-0.000489,-0.001121,0.0045678,-0.0004894,-0.0011218,0.0045282
-0.000282,-0.000945,0.0047448,-0.0002823,-0.0009458,0.004705
-0.000427,-0.000726,0.0045888,-0.0004273,-0.0007266,0.0045496
3.8e-05,-0.00064,0.0047098,3.8e-05,-0.0006406,0.0046702
-0.000922,-0.000601,0.0045988,-0.0009227,-0.0006014,0.0045593
-0.000516,-0.000282,0.0045618,-0.0005164,-0.0002822,0.0045227
-0.000515,-0.000653,0.0048908,-0.0005155,-0.0006536,0.0048508
-0.000465,-0.001023,0.0049998,-0.0004654,-0.0010239,0.0049593
-0.000458,-0.000777,0.0056468,-0.0004585,-0.0007778,0.0056047
-5.6e-05,-0.000927,0.0050068,-5.61e-05,-0.0009278,0.0049664
0.000259,-0.000986,0.0048858,0.0002592,-0.0009868,0.0048457
-0.000873,-0.001071,0.0049338,-0.0008737,-0.0010719,0.0048932
-0.000422,-0.001095,0.0054088,-0.0004224,-0.001096,0.0053672
-0.000726,-0.000458,0.0047538,-0.0007266,-0.0004584,0.0047141
-0.000826,-0.000618,0.0050008,-0.0008268,-0.0006186,0.0049604
-0.000955,-0.000225,0.0049098,-0.0009558,-0.0002252,0.0048696
-0.000883,-0.000616,0.0054808,-0.0008839,-0.0006166,0.0054391
-0.000869,-0.001396,0.0050368,-0.0008697,-0.0013971,0.0049956
-0.000679,-0.001116,0.0052708,-0.0006796,-0.001117,0.0052294
-0.000752,-0.00106,0.0056298,-0.0007527,-0.001061,0.0055874
-0.000893,-0.002381,0.0060378,-0.0008938,-0.0023832,0.0059931
-0.00066,-0.002393,0.0062268,-0.0006606,-0.0023953,0.0061816
-0.000507,-0.002503,0.0059558,-0.0005075,-0.0025053,0.0059113
-0.000248,-0.002403,0.0061208,-0.0002482,-0.0024053,0.006076
-1.6e-05,-0.002094,0.0060328,-1.6e-05,-0.0020961,0.0059883
-0.00098,-0.002118,0.0062668,-0.000981,-0.0021201,0.0062216
-0.000535,-0.001858,0.0059228,-0.0005355,-0.0018599,0.0058788
-0.000374,-0.002093,0.0062358,-0.0003744,-0.0020951,0.0061908
-0.000413,-0.002431,0.0063978,-0.0004134,-0.0024334,0.0063522
-1e-05,-0.002375,0.0063158,-1e-05,-0.0023773,0.0062705
-0.000842,-0.002463,0.0064198,-0.0008428,-0.0024653,0.0063741
-0.000505,-0.001694,0.0062008,-0.0005056,-0.0016958,0.0061561
-0.000355,-0.002366,0.0067898,-0.0003554,-0.0023684,0.0067432
-0.000661,-0.002106,0.0060728,-0.0006617,-0.002108,0.0060282
-0.000836,-0.001702,0.0060608,-0.0008369,-0.0017038,0.0060164
-0.00077,-0.001833,0.0064078,-0.0007708,-0.0018349,0.0063624
-0.000921,-0.0022,0.0066848,-0.0009219,-0.0022022,0.0066385
-0.000852,-0.002064,0.0070988,-0.0008529,-0.0020662,0.0070514
-0.000822,-0.002432,0.0070008,-0.0008228,-0.0024344,0.0069536
-0.001128,-0.003396,0.0012258,-0.0011285,-0.0033974,0.0011929
-0.001917,-0.002971,0.0012458,-0.0019178,-0.0029723,0.0012129
-0.001532,-0.003071,0.0011668,-0.0015326,-0.0030723,0.0011341
0.002749,0.001777,0.0219408,0.002749,0.001777,0.0218808
0.002463,0.00153,0.0197948,0.002463,0.00153,0.0197348
0.002546,0.001647,0.0200678,0.002546,0.001647,0.0200078
0.002444,0.001967,0.0199228,0.002444,0.001967,0.0198628
0.002544,0.001558,0.0204018,0.002544,0.001558,0.0203418
0.002587,0.001844,0.0195908,0.002587,0.001844,0.0195308
0.003354,-0.000548,0.0223848,0.003354,-0.000548,0.0223248
0.003081,-0.00111,0.0219958,0.003081,-0.00111,0.0219358
0.003398,-0.00111,0.0219358,0.003398,-0.00111,0.0218758
0.002807,-0.002105,0.0217138,0.002807,-0.002105,0.0216538
0.001705,-0.002092,0.0207648,0.001705,-0.002092,0.0207048
0.00218,-0.002151,0.0206118,0.00218,-0.002151,0.0205518
0.0023,-0.001883,0.0208698,0.0023,-0.001883,0.0208098
0.002587,-0.001762,0.0207538,0.002587,-0.001762,0.0206938
0.002138,-0.0017,0.0206978,0.002138,-0.0017,0.0206378
0.001819,-0.001729,0.0206948,0.001819,-0.001729,0.0206348
0.00195,-0.001549,0.0209888,0.00195,-0.001549,0.0209288
0.001668,-0.002254,0.0210878,0.001668,-0.002254,0.0210278
0.001648,-0.001698,0.0210028,0.001648,-0.001698,0.0209428
0.001686,-0.001383,0.0206958,0.001686,-0.001383,0.0206358
0.002596,-0.001721,0.0211258,0.002596,-0.001721,0.0210658
0.001527,-0.001287,0.0209608,0.001527,-0.001287,0.0209008
0.001867,-0.001941,0.0212478,0.001867,-0.001941,0.0211878
0.001357,-0.000997,0.0212688,0.001357,-0.000997,0.0212088
0.000957,-0.000984,0.0215208,0.000957,-0.000984,0.0214608
0.001389,-0.000538,0.0214788,0.001389,-0.000538,0.0214188
0.000614,-0.000857,0.0214798,0.000614,-0.000857,0.0214198
0.001042,-0.000684,0.0213118,0.001042,-0.000684,0.0212518
0.000976,-0.00143,0.0208798,0.000976,-0.00143,0.0208198
0.001039,-0.001258,0.0204478,0.001039,-0.001258,0.0203878
0.000918,-0.001163,0.0208258,0.000918,-0.001163,0.0207658
0.00128,-0.001309,0.0206938,0.00128,-0.001309,0.0206338
0.001491,-0.000668,0.0205548,0.001491,-0.000668,0.0204948
0.001325,-0.000961,0.0209198,0.001325,-0.000961,0.0208598
0.001391,-0.001896,0.0211208,0.001391,-0.001896,0.0210608
0.001002,-0.001292,0.0212038,0.001002,-0.001292,0.0211438
0.000688,-0.001273,0.0210438,0.000688,-0.001273,0.0209838
0.000969,-0.001761,0.0211468,0.000969,-0.001761,0.0210868
0.001637,-0.000999,0.0210478,0.001637,-0.000999,0.0209878
0.002513,-0.001429,0.0199378,0.002513,-0.001429,0.0198778
0.002836,-0.000908,0.0198558,0.002836,-0.000908,0.0197958
0.002372,-0.000873,0.0198368,0.002372,-0.000873,0.0197768
0.003027,-0.000582,0.0198838,0.003027,-0.000582,0.0198238
0.002437,-0.001353,0.0202548,0.002437,-0.001353,0.0201948
0.002599,-0.001082,0.0199668,0.002599,-0.001082,0.0199068
0.002657,-0.001303,0.0204058,0.002657,-0.001303,0.0203458
0.002373,-0.001577,0.0192088,0.002373,-0.001577,0.0191488
0.002824,-0.001522,0.0191898,0.002824,-0.001522,0.0191298
0.002868,-0.000649,0.0192608,0.002868,-0.000649,0.0192008
0.002285,-0.001483,0.0195568,0.002285,-0.001483,0.0194968
0.002577,-0.001179,0.0196818,0.002577,-0.001179,0.0196218
0.002361,-0.000614,0.0195468,0.002361,-0.000614,0.0194868
0.002027,-0.000975,0.0175478,0.002027,-0.000975,0.0174878
0.002393,-0.000962,0.0175198,0.002393,-0.000962,0.0174598
0.002482,-0.000677,0.0174458,0.002482,-0.000677,0.0173858
0.002024,-0.000639,0.0173258,0.002024,-0.000639,0.0172658
0.001508,-0.000659,0.0174558,0.001508,-0.000659,0.0173958
0.00247,-0.000248,0.0175188,0.00247,-0.000248,0.0174588
0.00237,-0.000756,0.0178388,0.00237,-0.000756,0.0177788
0.002463,-0.001086,0.0178278,0.002463,-0.001086,0.0177678
0.002837,-0.001091,0.0176928,0.002837,-0.001091,0.0176328
0.0021,-0.000989,0.0178388,0.0021,-0.000989,0.0177788
0.001652,-0.001107,0.0179698,0.001652,-0.001107,0.0179098
0.00249,-0.000815,0.0181598,0.00249,-0.000815,0.0180998
0.002209,-0.000462,0.0174578,0.002209,-0.000462,0.0173978
0.002053,-0.000633,0.0178138,0.002053,-0.000633,0.0177538
0.001717,-0.000829,0.0177598,0.001717,-0.000829,0.0176998
0.002148,-0.000283,0.0177728,0.002148,-0.000283,0.0177128
0.001967,5.9e-05,0.0178178,0.001967,5.9e-05,0.0177578
0.002132,-0.000713,0.0181328,0.002132,-0.000713,0.0180728
0.002139,-0.00138,0.0178068,0.002139,-0.00138,0.0177468
0.00197,-0.00106,0.0181388,0.00197,-0.00106,0.0180788
0.000634,-0.00311,0.0219478,0.000634,-0.00311,0.0218878
-0.000689,-0.001284,0.0215088,-0.000689,-0.001284,0.0214488
-0.000858,-0.000992,0.0214198,-0.000858,-0.000992,0.0213598
-0.000445,-0.000937,0.0214408,-0.000445,-0.000937,0.0213808
-0.000859,-0.000647,0.0214408,-0.000859,-0.000647,0.0213808
-0.000882,-0.001287,0.0209718,-0.000882,-0.001287,0.0209118
-0.001123,-0.000619,0.0213188,-0.001123,-0.000619,0.0212588
-0.001203,-0.001021,0.0218668,-0.001203,-0.001021,0.0218068
-0.001151,-0.001334,0.0219248,-0.001151,-0.001334,0.0218648
-0.001028,-0.001164,0.0212408,-0.001028,-0.001164,0.0211808
-0.001233,-0.001507,0.0204708,-0.001233,-0.001507,0.0204108
-0.000679,-0.001155,0.0206548,-0.000679,-0.001155,0.0205948
-0.000583,-0.001467,0.0208788,-0.000583,-0.001467,0.0208188
-0.001213,-0.001212,0.0210268,-0.001213,-0.001212,0.0209668
-0.00082,-0.00174,0.0210718,-0.00082,-0.00174,0.0210118
-0.000495,-0.00138,0.0205868,-0.000495,-0.00138,0.0205268
-0.001294,-0.000662,0.0207628,-0.001294,-0.000662,0.0207028
-0.001267,-0.000827,0.0209638,-0.001267,-0.000827,0.0209038
-0.001631,-0.000977,0.0212008,-0.001631,-0.000977,0.0211408
-0.000889,-0.001035,0.0189418,-0.000889,-0.001035,0.0188818
-0.000522,-0.001042,0.0188258,-0.000522,-0.001042,0.0187658
-0.000201,-0.000982,0.0188308,-0.000201,-0.000982,0.0187708
-0.000472,-0.000674,0.0188578,-0.000472,-0.000674,0.0187978
-4.8e-05,-0.000663,0.0189528,-4.8e-05,-0.000663,0.0188928
-0.000792,-0.000683,0.0189808,-0.000792,-0.000683,0.0189208
-0.000455,-0.000336,0.0189668,-0.000455,-0.000336,0.0189068
-0.000356,-0.000912,0.0192198,-0.000356,-0.000912,0.0191598
-4.5e-05,-0.001052,0.0191608,-4.5e-05,-0.001052,0.0191008
-0.000928,-0.001049,0.0192328,-0.000928,-0.001049,0.0191728
-0.001172,-0.001026,0.0192378,-0.001172,-0.001026,0.0191778
-0.000559,-0.001024,0.0196358,-0.000559,-0.001024,0.0195758
-0.000725,-0.00046,0.0190238,-0.000725,-0.00046,0.0189638
-0.000826,-0.000612,0.0192278,-0.000826,-0.000612,0.0191678
-0.000756,-0.000678,0.0195528,-0.000756,-0.000678,0.0194928
-0.000714,-0.001243,0.0192988,-0.000714,-0.001243,0.0192388
-0.000958,-0.000942,0.0194908,-0.000958,-0.000942,0.0194308
-0.001228,-0.001787,0.0210908,-0.001228,-0.001787,0.0210308
-0.001691,-0.001712,0.0209828,-0.001691,-0.001712,0.0209228
-0.00168,-0.002184,0.0210438,-0.00168,-0.002184,0.0209838
-0.00121,-0.002927,0.0200518,-0.00121,-0.002927,0.0199918
-0.000716,-0.002788,0.0200118,-0.000716,-0.002788,0.0199518
-0.000827,-0.002429,0.0199068,-0.000827,-0.002429,0.0198468
-0.000515,-0.002447,0.0198568,-0.000515,-0.002447,0.0197968
-0.001171,-0.002354,0.0199778,-0.001171,-0.002354,0.0199178
-0.000642,-0.002021,0.0199588,-0.000642,-0.002021,0.0198988
-0.000442,-0.002804,0.0202738,-0.000442,-0.002804,0.0202138
-0.001135,-0.002839,0.0203738,-0.001135,-0.002839,0.0203138
-0.001648,-0.002424,0.0202618,-0.001648,-0.002424,0.0202018
-0.001269,-0.002014,0.0200148,-0.001269,-0.002014,0.0199548
-0.001298,-0.002558,0.0203498,-0.001298,-0.002558,0.0202898
-0.001143,-0.002858,0.0191538,-0.001143,-0.002858,0.0190938
-0.00105,-0.00277,0.0194498,-0.00105,-0.00277,0.0193898
-0.000782,-0.002965,0.0193238,-0.000782,-0.002965,0.0192638
-0.001299,-0.002909,0.0196038,-0.001299,-0.002909,0.0195438
-0.001128,-0.002383,0.0192408,-0.001128,-0.002383,0.0191808
-0.001071,-0.002534,0.0196238,-0.001071,-0.002534,0.0195638
-0.001657,-0.002232,0.0195488,-0.001657,-0.002232,0.0194888
-0.001258,-0.002167,0.0196458,-0.001258,-0.002167,0.0195858
-0.001042,-0.002807,0.0197988,-0.001042,-0.002807,0.0197388
-0.000927,-0.002552,0.0174488,-0.000927,-0.002552,0.0173888
-0.000568,-0.00246,0.0175018,-0.000568,-0.00246,0.0174418
-0.000314,-0.002299,0.0176728,-0.000314,-0.002299,0.0176128
-0.000401,-0.002037,0.0175188,-0.000401,-0.002037,0.0174588
-3.8e-05,-0.002212,0.0174348,-3.8e-05,-0.002212,0.0173748
-0.00056,-0.001766,0.0173908,-0.00056,-0.001766,0.0173308
-0.000636,-0.001457,0.0174418,-0.000636,-0.001457,0.0173818
-0.000471,-0.002467,0.0179108,-0.000471,-0.002467,0.0178508
-0.000118,-0.002418,0.0178388,-0.000118,-0.002418,0.0177788
-0.000834,-0.002419,0.0178398,-0.000834,-0.002419,0.0177798
-0.000545,-0.001667,0.0177458,-0.000545,-0.001667,0.0176858
-0.000394,-0.002381,0.0182768,-0.000394,-0.002381,0.0182168
-0.00078,-0.002152,0.0175598,-0.00078,-0.002152,0.0174998
-0.000863,-0.001762,0.0175128,-0.000863,-0.001762,0.0174528
-0.000921,-0.001549,0.0178058,-0.000921,-0.001549,0.0177458
-0.000832,-0.002068,0.0184338,-0.000832,-0.002068,0.0183738
-0.000899,-0.002556,0.0181128,-0.000899,-0.002556,0.0180528
-0.001752,-0.002023,0.0207158,-0.001752,-0.002023,0.0206558
-0.001608,-0.001715,0.0205958,-0.001608,-0.001715,0.0205358
-0.001544,-0.001366,0.0205818,-0.001544,-0.001366,0.0205218
-0.001995,-0.001779,0.0211108,-0.001995,-0.001779,0.0210508
-0.003269,0.000749,0.0219188,-0.003269,0.000749,0.0218588
-0.00332,0.001131,0.0223768,-0.00332,0.001131,0.0223168
-0.002894,0.001021,0.0223408,-0.002894,0.001021,0.0222808
-0.003253,0.000688,0.0222808,-0.003253,0.000688,0.0222208
-0.002893,0.000644,0.0223258,-0.002893,0.000644,0.0222658
-0.00298,0.001891,0.0216868,-0.00298,0.001891,0.0216268
-0.002415,0.002421,0.0219308,-0.002415,0.002421,0.0218708
-0.002377,0.001664,0.0217438,-0.002377,0.001664,0.0216838
-0.002646,0.001635,0.0197948,-0.002646,0.001635,0.0197348
-0.002094,0.001671,0.0199498,-0.002094,0.001671,0.0198898
-0.002418,0.001732,0.0200258,-0.002418,0.001732,0.0199658
-0.002329,0.002042,0.0199158,-0.002329,0.002042,0.0198558
-0.001922,0.002,0.0199888,-0.001922,0.002,0.0199288
-0.002523,0.001981,0.0202658,-0.002523,0.001981,0.0202058
-0.002371,0.001603,0.0202828,-0.002371,0.001603,0.0202228
-0.00184,0.001609,0.0204228,-0.00184,0.001609,0.0203628
-0.002884,0.001556,0.0200938,-0.002884,0.001556,0.0200338
-0.002582,0.002377,0.0202308,-0.002582,0.002377,0.0201708
-0.002726,0.001929,0.0199498,-0.002726,0.001929,0.0198898
0.000392,-0.002103,0.0022278,0.0003922,-0.0021038,0.0021931
0.000448,-0.001895,0.0021358,0.0004482,-0.0018957,0.0021014
0.000594,-0.001352,0.0020488,0.0005942,-0.0013525,0.0020148
0.000723,-0.001688,0.0026118,0.0007233,-0.0016887,0.0025764
0.000244,-0.001407,0.0020638,0.0002441,-0.0014075,0.0020298
0.000285,-0.001675,0.0027588,0.0002851,-0.0016757,0.0027231
0.000367,-0.001819,0.0024778,0.0003671,-0.0018197,0.0024427
-0.000211,-0.001585,0.0023478,-0.0002111,-0.0015856,0.0023131
0.000295,-0.00136,0.0026208,0.0002951,-0.0013605,0.0025856
-4.3e-05,-0.002116,0.0024358,-4.3e-05,-0.0021168,0.0024006
0.000189,-0.002157,0.0026778,0.0001891,-0.0021579,0.002642
0.000493,-0.003484,0.0011918,0.0004932,-0.0034855,0.001159
0.000411,-0.003096,0.0012528,0.0004112,-0.0030972,0.00122
0.001722,-0.001922,0.0029118,0.0017227,-0.0019228,0.0028751
0.002277,-0.001966,0.0029778,0.0022781,-0.001967,0.0029406
0.001937,-0.00225,0.0032168,0.0019379,-0.0022511,0.0031791
0.001624,-0.001675,0.0031548,0.0016247,-0.0016758,0.0031177
0.002479,-0.001766,0.0031838,0.0024803,-0.0017669,0.0031461
0.001663,-0.001689,0.0034988,0.0016638,-0.0016898,0.0034608
0.001701,-0.002261,0.0028628,0.0017018,-0.002262,0.0028261
-0.000436,-0.001935,0.0022018,-0.0004362,-0.0019357,0.0021672
-0.000189,-0.00204,0.0021428,-0.0001891,-0.0020408,0.0021083
-8.2e-05,-0.002097,0.0027998,-8.2e-05,-0.0020979,0.0027638
-1.6e-05,-0.001798,0.0026768,-1.6e-05,-0.0017987,0.0026412
-0.000407,-0.00159,0.0027198,-0.0004072,-0.0015907,0.0026842
-0.000538,-0.001741,0.0024708,-0.0005382,-0.0017417,0.0024357
-0.000427,-0.001368,0.0024638,-0.0004271,-0.0013685,0.0024289
4.5e-05,0.003233,0.0224448,4.5e-05,0.003233,0.0223848
4.9e-05,-0.003287,0.0007938,4.9e-05,-0.0032883,0.0007621
0.002115,-0.002781,0.0012868,0.0021159,-0.0027821,0.0012538
0.00245,-0.002559,0.0013078,0.002451,-0.0025601,0.0012747
0.002137,-0.002419,0.0017498,0.0021379,-0.00242,0.0017157
0.001859,-0.002336,0.0016958,0.0018597,-0.0023369,0.0016619
0.001968,-0.002327,0.0012238,0.0019687,-0.0023279,0.0011911
0.002314,-0.00229,0.0011938,0.0023149,-0.0022909,0.001161
0.002116,-0.001775,0.0013438,0.0021167,-0.0017757,0.0013109
0.002086,-0.001774,0.0017478,0.0020868,-0.0017747,0.0017139
0.002101,-0.002127,0.0016918,0.0021019,-0.0021278,0.0016579
-0.002124,0.002593,0.0013268,-0.0021249,0.002594,0.0012937
-0.001807,0.002592,0.0012898,-0.0018077,0.002593,0.0012569
-0.002426,0.002618,0.0012838,-0.0024271,0.0026191,0.0012507
-0.003006,0.001885,0.0012728,-0.0030072,0.0018858,0.0012398
-0.002594,0.001823,0.0012518,-0.002595,0.0018237,0.0012189
-0.002499,0.001893,0.0017928,-0.0025,0.0018938,0.0017586
0.003602,0.000314,0.0216278,0.003602,0.000314,0.0215678
0.002605,-0.002367,0.0220238,0.002605,-0.002367,0.0219638
0.002652,-0.001861,0.0224798,0.002652,-0.001861,0.0224198
0.001903,-0.002372,0.0220228,0.001903,-0.002372,0.0219628
0.00144,-0.001667,0.0206958,0.00144,-0.001667,0.0206358
0.001279,-0.002257,0.0208958,0.001279,-0.002257,0.0208358
0.001688,-0.002069,0.0198328,0.001688,-0.002069,0.0197728
0.00201,-0.002157,0.0200418,0.00201,-0.002157,0.0199818
0.002253,-0.001915,0.0201308,0.002253,-0.001915,0.0200708
0.002551,-0.001778,0.0198908,0.002551,-0.001778,0.0198308
0.001936,-0.001746,0.0199668,0.001936,-0.001746,0.0199068
0.00153,-0.001641,0.0199908,0.00153,-0.001641,0.0199308
0.002124,-0.001461,0.0198608,0.002124,-0.001461,0.0198008
0.002082,-0.001705,0.0203688,0.002082,-0.001705,0.0203088
0.001664,-0.002147,0.0202388,0.001664,-0.002147,0.0201788
0.001966,-0.002424,0.0202888,0.001966,-0.002424,0.0202288
0.001681,-0.001882,0.0201068,0.001681,-0.001882,0.0200468
0.001832,-0.001356,0.0197268,0.001832,-0.001356,0.0196668
0.001675,-0.001745,0.0204198,0.001675,-0.001745,0.0203598
0.002512,-0.001692,0.0203078,0.002512,-0.001692,0.0202478
0.001513,-0.001342,0.0203568,0.001513,-0.001342,0.0202968
0.001893,-0.002038,0.0204808,0.001893,-0.002038,0.0204208
2.9e-05,-0.003381,0.0011888,2.9e-05,-0.0033824,0.0011561
0.000269,-0.003314,0.0012368,0.0002691,-0.0033153,0.0012039
0.001983,0.002664,0.0216758,0.001983,0.002664,0.0216158
0.002338,0.002606,0.0217078,0.002338,0.002606,0.0216478
0.001805,0.002464,0.0217588,0.001805,0.002464,0.0216988
0.002312,0.002204,0.0215798,0.002312,0.002204,0.0215198
0.002789,0.00215,0.0216738,0.002789,0.00215,0.0216138
-0.001069,-0.003428,0.0015958,-0.0010695,-0.0034295,0.0015619
-0.000491,-0.002779,0.0018348,-0.0004912,-0.0027801,0.0018006
-0.000665,0.00321,0.0219528,-0.000665,0.00321,0.0218928
-0.000291,0.003323,0.0219568,-0.000291,0.003323,0.0218968
0.001145,0.00155,0.0208838,0.001145,0.00155,0.0208238
0.001476,0.001424,0.0206768,0.001476,0.001424,0.0206168
0.000961,0.001545,0.0211828,0.000961,0.001545,0.0211228
0.000869,0.001491,0.0208148,0.000869,0.001491,0.0207548
0.000612,0.001534,0.0210878,0.000612,0.001534,0.0210278
0.001076,0.001395,0.0202788,0.001076,0.001395,0.0202188
0.00137,0.000707,0.0206398,0.00137,0.000707,0.0205798
0.001546,0.000845,0.0209318,0.001546,0.000845,0.0208718
0.001668,0.001126,0.0205808,0.001668,0.001126,0.0205208
0.001265,0.000749,0.0210038,0.001265,0.000749,0.0209438
0.000982,0.00086,0.0210798,0.000982,0.00086,0.0210198
0.001295,0.000744,0.0213808,0.001295,0.000744,0.0213208
0.001014,0.001214,0.0210878,0.001014,0.001214,0.0210278
0.000947,0.000882,0.0214198,0.000947,0.000882,0.0213598
0.001062,0.000795,0.0188638,0.001062,0.000795,0.0188038
0.001368,0.000806,0.0190338,0.001368,0.000806,0.0189738
0.000696,0.00075,0.0188698,0.000696,0.00075,0.0188098
0.001246,0.001164,0.0188348,0.001246,0.001164,0.0187748
0.00108,0.000665,0.0192218,0.00108,0.000665,0.0191618
0.001108,0.000347,0.0193278,0.001108,0.000347,0.0192678
0.000506,0.000251,0.0193818,0.000506,0.000251,0.0193218
0.001093,-0.000226,0.0192228,0.001093,-0.000226,0.0191628
0.001125,0.000522,0.0195218,0.001125,0.000522,0.0194618
0.000694,0.000751,0.0191788,0.000694,0.000751,0.0191188
0.000811,0.001136,0.0187628,0.000811,0.001136,0.0187028
0.000162,0.000822,0.0192648,0.000162,0.000822,0.0192048
0.000652,0.001165,0.0193108,0.000652,0.001165,0.0192508
0.000618,0.0009,0.0196098,0.000618,0.0009,0.0195498
0.00081,0.000467,0.0193048,0.00081,0.000467,0.0192448
0.00073,-4e-05,0.0192078,0.00073,-4e-05,0.0191478
0.00059,0.000576,0.0195178,0.00059,0.000576,0.0194578
0.001731,0.001562,0.0198548,0.001731,0.001562,0.0197948
0.002085,0.001513,0.0199568,0.002085,0.001513,0.0198968
0.002267,0.001664,0.0200858,0.002267,0.001664,0.0200258
0.002039,0.001878,0.0200408,0.002039,0.001878,0.0199808
0.002152,0.001482,0.0203908,0.002152,0.001482,0.0203308
0.00172,0.001645,0.0204628,0.00172,0.001645,0.0204028
0.00166,0.001775,0.0201308,0.00166,0.001775,0.0200708
0.00166,0.001836,0.0194468,0.00166,0.001836,0.0193868
0.002343,0.000782,0.0199718,0.002343,0.000782,0.0199118
0.00281,0.000736,0.0199778,0.00281,0.000736,0.0199178
0.002885,0.001112,0.0201618,0.002885,0.001112,0.0201018
0.002344,0.001189,0.0199058,0.002344,0.001189,0.0198458
0.002415,0.001213,0.0195868,0.002415,0.001213,0.0195268
0.002319,0.000979,0.0194248,0.002319,0.000979,0.0193648
0.002886,0.000839,0.0192158,0.002886,0.000839,0.0191558
0.002843,0.001167,0.0191098,0.002843,0.001167,0.0190498
0.002433,0.001288,0.0192498,0.002433,0.001288,0.0191898
0.002766,0.001505,0.0192428,0.002766,0.001505,0.0191828
0.002811,0.001305,0.0195618,0.002811,0.001305,0.0195018
0.002829,0.000899,0.0196368,0.002829,0.000899,0.0195768
0.002486,0.000873,0.0196728,0.002486,0.000873,0.0196128
0.002664,0.000654,0.0193578,0.002664,0.000654,0.0192978
0.002237,0.000453,0.0174298,0.002237,0.000453,0.0173698
0.00258,0.000682,0.0174278,0.00258,0.000682,0.0173678
0.002843,0.000797,0.0176068,0.002843,0.000797,0.0175468
0.002061,0.000792,0.0171268,0.002061,0.000792,0.0170668
0.000511,0.000935,0.0172878,0.000511,0.000935,0.0172278
-0.000323,0.000958,0.0171068,-0.000323,0.000958,0.0170468
0.000437,0.000934,0.0181098,0.000437,0.000934,0.0180498
0.002439,0.00113,0.0174068,0.002439,0.00113,0.0173468
0.002565,0.000583,0.0178908,0.002565,0.000583,0.0178308
0.002901,0.000575,0.0179478,0.002901,0.000575,0.0178878
0.002148,0.000437,0.0178128,0.002148,0.000437,0.0177528
0.00228,5e-05,0.0178078,0.00228,5e-05,0.0177478
0.002164,0.000843,0.0175218,0.002164,0.000843,0.0174618
0.002022,0.001243,0.0176128,0.002022,0.001243,0.0175528
0.002148,0.001594,0.0174658,0.002148,0.001594,0.0174058
0.002071,0.000906,0.0178918,0.002071,0.000906,0.0178318
0.001494,0.000849,0.0177038,0.001494,0.000849,0.0176438
0.001988,0.000925,0.0183498,0.001988,0.000925,0.0182898
0.001563,0.000486,0.0175658,0.001563,0.000486,0.0175058
-0.001153,0.003342,0.0216788,-0.001153,0.003342,0.0216188
-0.000681,0.003226,0.0216278,-0.000681,0.003226,0.0215678
-0.001326,0.001551,0.0206518,-0.001326,0.001551,0.0205918
-0.000709,0.00166,0.0207848,-0.000709,0.00166,0.0207248
-0.000855,0.001603,0.0211228,-0.000855,0.001603,0.0210628
-0.000552,0.001526,0.0209868,-0.000552,0.001526,0.0209268
-0.000812,0.001617,0.0202788,-0.000812,0.001617,0.0202188
-0.001181,0.001944,0.0203488,-0.001181,0.001944,0.0202888
-0.001169,0.000746,0.0203578,-0.001169,0.000746,0.0202978
-0.001184,0.001174,0.0205628,-0.001184,0.001174,0.0205028
-0.001163,0.000781,0.0208208,-0.001163,0.000781,0.0207608
-0.001087,0.000854,0.0212148,-0.001087,0.000854,0.0211548
-0.000409,0.000802,0.0211468,-0.000409,0.000802,0.0210868
-0.0007,0.000836,0.0214078,-0.0007,0.000836,0.0213478
-0.001107,0.002423,0.0200988,-0.001107,0.002423,0.0200388
-0.00083,0.002232,0.0199778,-0.00083,0.002232,0.0199178
-0.000572,0.002388,0.0199538,-0.000572,0.002388,0.0198938
-0.000874,0.002682,0.0198318,-0.000874,0.002682,0.0197718
-0.000406,0.002666,0.0199618,-0.000406,0.002666,0.0199018
-0.000838,0.003115,0.0199298,-0.000838,0.003115,0.0198698
-0.001057,0.002315,0.0204848,-0.001057,0.002315,0.0204248
-0.001197,0.002278,0.0193138,-0.001197,0.002278,0.0192538
-0.00136,0.002641,0.0192938,-0.00136,0.002641,0.0192338
-0.000397,0.002761,0.0192078,-0.000397,0.002761,0.0191478
-0.000851,0.003148,0.0192488,-0.000851,0.003148,0.0191888
-0.001594,0.002778,0.0196218,-0.001594,0.002778,0.0195618
-0.00134,0.002206,0.0195588,-0.00134,0.002206,0.0194988
-0.001083,0.002326,0.0197718,-0.001083,0.002326,0.0197118
-0.000287,0.002401,0.0193938,-0.000287,0.002401,0.0193338
-0.00086,0.003065,0.0195868,-0.00086,0.003065,0.0195268
-0.000783,0.001869,0.0175968,-0.000783,0.001869,0.0175368
-0.000553,0.001919,0.0174148,-0.000553,0.001919,0.0173548
-0.000335,0.00207,0.0174878,-0.000335,0.00207,0.0174278
-0.000457,0.002314,0.0175058,-0.000457,0.002314,0.0174458
-0.000145,0.002237,0.0175098,-0.000145,0.002237,0.0174498
0.000389,0.002312,0.0175488,0.000389,0.002312,0.0174888
-0.000192,0.002783,0.0174348,-0.000192,0.002783,0.0173748
-0.000181,0.001901,0.0173878,-0.000181,0.001901,0.0173278
-0.000751,0.002226,0.0175338,-0.000751,0.002226,0.0174738
-0.000481,0.002692,0.0175888,-0.000481,0.002692,0.0175288
-0.000565,0.002256,0.0178778,-0.000565,0.002256,0.0178178
-4.3e-05,0.001935,0.0176878,-4.3e-05,0.001935,0.0176278
0.000345,0.001977,0.0177258,0.000345,0.001977,0.0176658
-0.000888,0.001978,0.0178268,-0.000888,0.001978,0.0177668
-0.001257,0.002024,0.0177848,-0.001257,0.002024,0.0177248
-0.000429,0.001476,0.0177528,-0.000429,0.001476,0.0176928
-0.000344,0.002181,0.0181618,-0.000344,0.002181,0.0181018
-0.000727,0.003102,0.0174218,-0.000727,0.003102,0.0173618
-0.000843,0.00236,0.0178748,-0.000843,0.00236,0.0178148
-0.000832,0.002711,0.0178888,-0.000832,0.002711,0.0178288
-0.000771,0.002279,0.0182588,-0.000771,0.002279,0.0181988
-0.000778,0.001571,0.0177648,-0.000778,0.001571,0.0177048
-0.0008,0.001207,0.0177978,-0.0008,0.001207,0.0177378
-0.000871,0.001945,0.0184618,-0.000871,0.001945,0.0184018
-0.001431,0.002846,0.0216678,-0.001431,0.002846,0.0216078
-0.001111,0.002913,0.0216358,-0.001111,0.002913,0.0215758
-0.00104,0.001018,0.0215508,-0.00104,0.001018,0.0214908
-0.000863,0.001215,0.0212518,-0.000863,0.001215,0.0211918
-0.00043,0.001214,0.0211618,-0.00043,0.001214,0.0211018
-0.000287,0.000641,0.0214458,-0.000287,0.000641,0.0213858
-0.001154,0.000639,0.0215128,-0.001154,0.000639,0.0214528
-0.001238,0.000494,0.0218468,-0.001238,0.000494,0.0217868
0.003081,-0.001111,0.0015878,0.0030823,-0.0011114,0.001554
0.003389,-0.001118,0.0015678,0.0033905,-0.0011185,0.001534
0.003162,-0.000364,0.0016208,0.0031633,-0.0003642,0.001587
0.003164,0.000666,0.0016828,0.0031653,0.0006663,0.0016488
0.002273,0.002147,0.0016258,0.0022739,0.0021478,0.001592
0.002712,0.002212,0.0016538,0.0027132,0.0022129,0.0016198
0.001916,0.002673,0.0016698,0.0019168,0.0026741,0.0016359
0.002361,0.002575,0.0016628,0.002362,0.0025761,0.0016288
0.001673,0.00248,0.0017628,0.0016737,0.002481,0.0017287
0.001258,0.002782,0.0017398,0.0012585,0.0027831,0.0017058
0.001313,0.003264,0.0016168,0.0013136,0.0032654,0.0015829
0.000524,0.00356,0.0016048,0.0005243,0.0035616,0.0015709
0.000218,0.001509,0.0020138,0.0002181,0.0015095,0.0019798
0.000458,0.001653,0.0022268,0.0004582,0.0016536,0.0021923
0.000719,0.001607,0.0028008,0.0007193,0.0016076,0.002765
0.000356,0.002018,0.0025058,0.0003562,0.0020188,0.0024705
0.00038,0.001988,0.0028378,0.0003802,0.0019889,0.0028017
0.000356,0.001639,0.0024788,0.0003561,0.0016396,0.0024437
0.000378,0.001579,0.0028808,0.0003782,0.0015797,0.0028449
0.000418,0.001679,0.0032108,0.0004182,0.0016798,0.003174
0.000203,0.003049,0.0033568,0.0002031,0.0030506,0.0033186
0.000725,0.003036,0.0033598,0.0007254,0.0030376,0.0033216
0.000492,0.002893,0.0037238,0.0004923,0.0028946,0.0036848
0.000773,0.003053,0.0043628,0.0007735,0.003055,0.0043219
0.000281,0.003029,0.0047578,0.0002812,0.0030311,0.004716
0.000869,0.002759,0.0017508,0.0008693,0.0027601,0.0017168
0.000933,0.003225,0.0019508,0.0009334,0.0032264,0.0019161
0.00094,0.003493,0.0020048,0.0009404,0.0034946,0.0019698
6.7e-05,0.003293,0.0016878,6.7e-05,0.0032944,0.0016538
0.000348,0.003359,0.0016618,0.0003482,0.0033604,0.0016278
-0.001851,0.003003,0.0017408,-0.0018518,0.0030043,0.0017065
-0.001398,0.00293,0.0018248,-0.0013986,0.0029312,0.0017905
-0.001886,0.002647,0.0019078,-0.0018868,0.0026482,0.0018732
-0.001622,0.002461,0.0018238,-0.0016227,0.002462,0.0017896
-0.001953,0.002264,0.0035008,-0.001954,0.0022652,0.0034623
-0.001928,0.0024,0.0037068,-0.0019291,0.0024014,0.0036677
-0.00159,0.002323,0.0033838,-0.0015908,0.0023242,0.0033457
-0.001714,0.002427,0.0036348,-0.001715,0.0024283,0.0035959
-0.001608,0.002759,0.0035788,-0.0016089,0.0027605,0.0035399
-0.001646,0.002826,0.0042228,-0.0016471,0.0028278,0.0041822
-0.001669,0.002394,0.0039108,-0.00167,0.0023954,0.0038713
-0.001253,0.002375,0.0039388,-0.0012537,0.0023764,0.0038994
-0.001998,0.00239,0.0039418,-0.0019992,0.0023914,0.003902
-0.001715,0.002463,0.0042418,-0.0017161,0.0024645,0.0042013
-0.00163,0.00271,0.0039318,-0.001631,0.0027116,0.003892
-0.002101,0.002372,0.0042278,-0.0021023,0.0023735,0.0041873
-0.0025,0.002255,0.0041278,-0.0025015,0.0022564,0.0040874
-0.001993,0.002317,0.0046098,-0.0019944,0.0023186,0.0045684
-0.002573,0.002351,0.0017058,-0.0025741,0.002352,0.0016717
-0.002236,0.002172,0.0017058,-0.0022369,0.0021729,0.0016718
-0.001937,0.002346,0.0017878,-0.0019378,0.0023469,0.0017537
-0.001993,0.001983,0.0017428,-0.0019938,0.0019837,0.0017089
-0.002988,0.001869,0.0016548,-0.0029893,0.0018698,0.0016208
-0.002857,0.001524,0.0034248,-0.0028586,0.0015248,0.0033863
-0.002721,0.00172,0.0036048,-0.0027225,0.001721,0.0035658
-0.002465,0.001587,0.0035698,-0.0024663,0.0015878,0.0035311
-0.002383,0.001965,0.0035298,-0.0023843,0.001966,0.0034911
-0.002053,0.002025,0.0035718,-0.0020541,0.0020261,0.0035332
-0.002442,0.001969,0.0043008,-0.0024436,0.0019703,0.0042601
-0.002333,0.00157,0.0039008,-0.0023343,0.0015709,0.0038614
-0.001963,0.001604,0.0038918,-0.0019641,0.0016049,0.0038527
-0.002804,0.001514,0.0038838,-0.0028057,0.0015149,0.0038441
-0.002476,0.002466,0.0038328,-0.0024775,0.0024675,0.0037931
-0.00237,0.001609,0.0042598,-0.0023715,0.00161,0.0042194
-0.002552,0.001807,0.0040288,-0.0025535,0.0018081,0.0039888
-0.002771,0.00159,0.0042708,-0.0027728,0.001591,0.0042302
-0.002896,0.001455,0.0045898,-0.002898,0.001456,0.0045483
-0.002923,0.00145,0.0016128,-0.0029242,0.0014506,0.001579
-0.002556,0.001349,0.0016368,-0.002557,0.0013495,0.0016031
-0.003321,0.001035,0.0016988,-0.0033224,0.0010355,0.0016647
-0.002982,0.001059,0.0015078,-0.0029832,0.0010594,0.0014743
-0.003289,0.001494,0.0019408,-0.0032905,0.0014947,0.001906
-0.00294,0.001544,0.0019148,-0.0029413,0.0015447,0.0018802
-0.003218,0.000639,0.0016078,-0.0032193,0.0006392,0.001574
-0.002873,0.00063,0.0016068,-0.0028741,0.0006303,0.0015731
-0.003533,0.000686,0.0019908,-0.0035347,0.0006863,0.0019559
-0.003283,0.00072,0.0019058,-0.0032844,0.0007203,0.0018712
-0.0007,0.000214,0.0014728,-0.0007002,0.000214,0.00144
-0.000448,0.000387,0.0012558,-0.0004481,0.0003871,0.0012235
-0.000466,0.000134,0.0013688,-0.0004661,0.000134,0.0013363
-0.000899,5.7e-05,0.0017798,-0.0008993,5.7e-05,0.0017464
-0.000531,8.2e-05,0.0017468,-0.0005311,8.2e-05,0.0017136
-0.001141,-9.9e-05,0.0014838,-0.0011414,-9.9e-05,0.001451
-0.001218,-0.000115,0.0018058,-0.0012184,-0.000115,0.0017723
-0.001261,0.000274,0.0021988,-0.0012614,0.0002741,0.0021645
-0.000662,6.1e-05,0.0021368,-0.0006622,6.1e-05,0.0021028
-0.000877,-1.6e-05,0.0024718,-0.0008773,-1.6e-05,0.0024371
-0.000518,2e-05,0.0025548,-0.0005182,2e-05,0.0025201
-0.001015,-0.000328,0.0024618,-0.0010154,-0.0003281,0.002427
-0.001283,0.000403,0.0025528,-0.0012835,0.0004031,0.0025177
-0.001224,-0.000122,0.0022368,-0.0012244,-0.000122,0.0022024
-0.001277,-0.000252,0.0026608,-0.0012775,-0.0002521,0.0026255
-0.001283,0.000256,0.0028508,-0.0012835,0.0002561,0.0028151
-0.000739,0.000103,0.0028338,-0.0007393,0.000103,0.0027984
-0.000886,0.000383,0.0027648,-0.0008863,0.0003831,0.0027294
-0.000908,-0.000225,0.0027188,-0.0009083,-0.0002251,0.0026836
-0.000875,-6.6e-05,0.0031648,-0.0008754,-6.6e-05,0.0031287
-0.001239,0.000118,0.0031568,-0.0012395,0.0001181,0.0031205
-0.00126,0.000807,0.0026628,-0.0012605,0.0008073,0.0026274
-0.001262,0.000814,0.0031198,-0.0012626,0.0008144,0.0030834
-0.001259,-8.6e-05,0.0029138,-0.0012595,-8.6e-05,0.002878
-0.001288,-0.000263,0.0032058,-0.0012886,-0.0002631,0.0031693
-0.001452,-3.7e-05,0.0034688,-0.0014527,-3.7e-05,0.0034316
-0.001616,-0.000185,0.0031308,-0.0016167,-0.0001851,0.0030943
-0.001826,-9.4e-05,0.0029028,-0.0018268,-9.4e-05,0.0028667
-0.002165,-7.2e-05,0.0041698,-0.0021663,-7.2e-05,0.0041304
-0.002134,-8.7e-05,0.0037938,-0.0021351,-8.7e-05,0.0037553
-0.001911,6.8e-05,0.0039388,-0.001912,6.81e-05,0.0039002
-0.002354,-0.000267,0.0039528,-0.0023553,-0.0002671,0.0039137
-0.002625,0.000317,0.0036298,-0.0026264,0.0003172,0.0035913
-0.002914,0.000335,0.0042398,-0.0029158,0.0003352,0.0041994
-0.00277,0.000327,0.0038908,-0.0027716,0.0003272,0.0038515
-0.002679,0.000807,0.0039138,-0.0026806,0.0008075,0.0038743
-0.002668,-0.000648,0.0035328,-0.0026694,-0.0006483,0.0034944
-0.002707,-0.000384,0.0040868,-0.0027086,-0.0003842,0.004047
-0.003085,-0.000531,0.0035638,-0.0030867,-0.0005313,0.003525
-0.003164,-0.00034,0.0041708,-0.003166,-0.0003402,0.0041304
-0.003112,-0.000636,0.0038588,-0.0031138,-0.0006364,0.0038192
-0.002775,-0.000689,0.0039378,-0.0027766,-0.0006894,0.0038983
-0.002995,-0.000669,0.0041688,-0.0029969,-0.0006694,0.0041285
-0.003572,-3e-05,0.0020058,-0.0035737,-3e-05,0.0019708
-0.003271,-3.2e-05,0.0019358,-0.0032724,-3.2e-05,0.0019011
-0.002883,-0.000463,0.0015958,-0.0028841,-0.0004632,0.0015622
-0.002583,-0.000637,0.0017058,-0.002584,-0.0006373,0.001672
-0.003492,-0.000848,0.0015628,-0.0034935,-0.0008484,0.001529
-0.003358,-0.000793,0.0017908,-0.0033594,-0.0007933,0.0017565
-0.00335,-0.001156,0.0016018,-0.0033515,-0.0011565,0.0015679
-0.002982,-0.001219,0.0016198,-0.0029832,-0.0012195,0.001586
-0.002124,-0.002805,0.0015998,-0.0021249,-0.0028062,0.0015659
-0.001847,-0.002653,0.0015388,-0.0018478,-0.0026541,0.0015052
-0.000706,-0.001207,0.0019898,-0.0007062,-0.0012074,0.0019559
-0.000739,-0.001488,0.0022778,-0.0007393,-0.0014886,0.0022432
-0.001119,-0.001157,0.0020688,-0.0011194,-0.0011574,0.0020347
-0.001306,-0.001036,0.0026478,-0.0013065,-0.0010364,0.0026124
-0.001205,-0.000842,0.0022838,-0.0012054,-0.0008423,0.0022492
-0.001271,-0.001334,0.0032388,-0.0012716,-0.0013346,0.0032019
-0.00088,-0.002114,0.0027448,-0.0008804,-0.0021149,0.0027087
-0.000667,-0.001911,0.0028218,-0.0006673,-0.0019118,0.0027858
-0.00138,-0.001904,0.0031718,-0.0013806,-0.0019049,0.0031347
-0.001333,-0.001859,0.0035178,-0.0013336,-0.0018599,0.0034799
-0.001128,-0.002287,0.0029128,-0.0011285,-0.002288,0.0028761
-0.001307,-0.002435,0.0031298,-0.0013076,-0.0024362,0.0030924
-0.001329,-0.002102,0.0035928,-0.0013297,-0.0021031,0.0035545
-0.001652,-0.002419,0.0035508,-0.0016529,-0.0024203,0.0035122
-0.001615,-0.002127,0.0042968,-0.001616,-0.0021283,0.0042565
-0.001578,-0.001288,0.0034018,-0.0015788,-0.0012886,0.0033644
-0.001577,-0.001789,0.0041808,-0.001578,-0.0017901,0.0041411
-0.001686,-0.002259,0.0038518,-0.001687,-0.0022603,0.0038125
-0.001133,-0.002174,0.0040218,-0.0011336,-0.0021752,0.0039825
-0.001632,-0.001668,0.0039168,-0.0016329,-0.0016689,0.0038778
-0.00175,-0.002551,0.0038428,-0.001751,-0.0025525,0.0038033
-0.001864,-0.001877,0.0035178,-0.001865,-0.001878,0.0034795
-0.00204,-0.001285,0.0035758,-0.0020411,-0.0012857,0.0035376
-0.00195,-0.001754,0.0042158,-0.0019512,-0.0017551,0.0041758
-0.002005,-0.001703,0.0039038,-0.0020061,-0.001704,0.0038645
-0.00198,-0.001332,0.0039278,-0.0019811,-0.0013327,0.0038887
-0.001959,-0.002499,0.0035658,-0.0019601,-0.0025004,0.003527
-0.001958,-0.002618,0.0041728,-0.0019592,-0.0026197,0.0041323
-0.00205,-0.002424,0.0039028,-0.0020512,-0.0024255,0.0038631
-0.002421,-0.002646,0.0020508,-0.0024221,-0.0026473,0.0020157
-0.001829,-0.00304,0.0016348,-0.0018298,-0.0030414,0.0016009
-0.001552,-0.003113,0.0015178,-0.0015527,-0.0031143,0.0014842
-0.001265,-0.002906,0.0016858,-0.0012655,-0.0029072,0.0016518
-0.000949,-0.002773,0.0017848,-0.0009494,-0.0027741,0.0017508
0.002856,-0.001624,0.0014968,0.0028572,-0.0016247,0.0014633
0.002505,-0.001331,0.0016618,0.002506,-0.0013315,0.0016281
0.002759,-0.001574,0.0018548,0.0027601,-0.0015747,0.0018204
0.002695,-0.001595,0.0022678,0.0026962,-0.0015957,0.0022324
0.001301,-0.001021,0.0027408,0.0013015,-0.0010214,0.0027052
0.001358,-0.00129,0.0024178,0.0013585,-0.0012905,0.0023828
0.001041,-0.001278,0.0024148,0.0010414,-0.0012785,0.0023799
0.001333,-0.001015,0.0023898,0.0013335,-0.0010154,0.0023549
0.001415,-0.001323,0.0027338,0.0014156,-0.0013235,0.002698
0.000845,-0.001208,0.0021648,0.0008453,-0.0012084,0.0021305
0.000748,-0.00131,0.0024458,0.0007483,-0.0013105,0.0024109
0.000969,-0.00141,0.0026638,0.0009694,-0.0014105,0.0026283
0.001059,-0.000958,0.0027828,0.0010594,-0.0009584,0.0027472
0.001422,-0.000826,0.0029288,0.0014226,-0.0008263,0.0028928
0.001325,-0.001341,0.0030488,0.0013256,-0.0013416,0.0030123
0.001339,-0.001714,0.0030628,0.0013396,-0.0017147,0.0030261
0.001507,-0.001386,0.0035648,0.0015078,-0.0013867,0.003527
0.000903,-0.00118,0.0028948,0.0009034,-0.0011805,0.0028589
0.000678,-0.000979,0.0028388,0.0006783,-0.0009794,0.0028032
0.001118,-0.000627,0.0028388,0.0011185,-0.0006273,0.0028031
0.000806,-0.001313,0.0031298,0.0008063,-0.0013136,0.0030934
0.001069,-0.001338,0.0034868,0.0010695,-0.0013387,0.0034494
0.000555,-0.001097,0.0046958,0.0005554,-0.0010978,0.0046559
0.00065,-0.000719,0.0045698,0.0006505,-0.0007195,0.0045304
0.000985,-0.000963,0.0045868,0.0009857,-0.0009637,0.0045471
0.001021,-0.000559,0.0045698,0.0010217,-0.0005594,0.0045303
0.001413,-0.000513,0.0043868,0.0014139,-0.0005133,0.0043475
0.001066,-0.000202,0.0046818,0.0010668,-0.0002022,0.0046421
0.001054,-0.000983,0.0049378,0.0010548,-0.0009838,0.0048971
0.000959,-0.000749,0.0057308,0.00096,-0.0007498,0.0056881
0.001316,-0.00089,0.0050858,0.0013171,-0.0008907,0.0050446
0.000703,-0.000916,0.0049488,0.0007036,-0.0009168,0.0049084
0.001137,-0.00102,0.0053218,0.001138,-0.0010209,0.00528
0.000751,-0.000426,0.0046748,0.0007516,-0.0004264,0.0046353
0.000308,-0.000609,0.0044838,0.0003082,-0.0006095,0.0044448
0.000531,-0.000149,0.0046138,0.0005314,-0.0001491,0.0045746
0.000666,-0.000585,0.0049338,0.0006666,-0.0005855,0.0048936
0.000256,-0.000626,0.0050178,0.0002563,-0.0006266,0.0049774
0.00072,-0.000641,0.0052618,0.0007207,-0.0006416,0.0052207
0.0007,-0.001026,0.0053438,0.0007006,-0.001027,0.0053023
0.00079,-0.00098,0.0057388,0.0007908,-0.000981,0.0056961
0.0025,-0.001411,0.0034918,0.0025013,-0.0014117,0.0034534
0.002901,-0.001061,0.0043878,0.0029029,-0.0010617,0.0043469
0.002852,-0.001405,0.0039568,0.0028537,-0.0014058,0.003917
0.002501,-0.001411,0.0039558,0.0025025,-0.0014118,0.0039162
0.002846,-0.000941,0.0038828,0.0028477,-0.0009415,0.0038433
0.002671,-0.00129,0.0038328,0.0026726,-0.0012907,0.0037934
0.002373,-0.00076,0.0040138,0.0023744,-0.0007604,0.0039744
0.002564,-0.001453,0.0041938,0.0025656,-0.0014539,0.0041535
0.002529,-0.001827,0.0042818,0.0025306,-0.0018282,0.0042412
0.002564,-0.001459,0.0046678,0.0025658,-0.00146,0.0046263
0.002098,-0.001212,0.0059678,0.0021,-0.0012131,0.0059233
0.002266,-0.00104,0.0061868,0.0022682,-0.001041,0.0061417
0.002462,-0.001073,0.0059128,0.0024642,-0.0010739,0.0058684
0.00243,-0.000651,0.0060708,0.0024323,-0.0006516,0.006026
0.002913,-0.000872,0.0061288,0.0029155,-0.0008728,0.0060837
0.00211,-0.000634,0.0060778,0.0021121,-0.0006346,0.0060331
0.001976,-0.000598,0.0063318,0.001978,-0.0005986,0.0062865
0.002619,-0.00035,0.0060968,0.0026214,-0.0003503,0.0060519
0.002522,-0.001054,0.0063628,0.0025244,-0.001055,0.0063172
0.002874,-0.000979,0.0063548,0.0028766,-0.0009799,0.0063091
0.001972,-0.001006,0.0063128,0.001974,-0.001007,0.0062675
0.002486,-0.000944,0.0067958,0.0024884,-0.0009449,0.0067491
0.002254,-0.000377,0.0061968,0.0022562,-0.0003774,0.0061518
0.001705,-0.000653,0.0064718,0.0017069,-0.0006537,0.0064263
0.002221,-0.000298,0.0065578,0.0022233,-0.0002983,0.0065118
0.002121,1.2e-05,0.0062078,0.0021231,1.2e-05,0.0061628
0.002057,-0.000704,0.0066938,0.0020592,-0.0007048,0.0066475
0.000552,-0.000417,0.0073828,0.0005529,-0.0004177,0.0073347
0.001466,-0.000874,0.0063178,0.0014676,-0.000875,0.0062728
0.002223,-0.001333,0.0064518,0.0022251,-0.0013343,0.006406
0.003103,0.000845,0.0216338,0.003103,0.000845,0.0215738
0.003407,0.000775,0.0216198,0.003407,0.000775,0.0215598
0.001458,0.001356,0.0214938,0.001458,0.001356,0.0214338
0.000715,0.001186,0.0212128,0.000715,0.001186,0.0211528
0.001141,0.000389,0.0214248,0.001141,0.000389,0.0213648
0.00079,2e-05,0.0214988,0.00079,2e-05,0.0214388
0.000775,0.000501,0.0215358,0.000775,0.000501,0.0214758
0.001041,0.000131,0.0220338,0.001041,0.000131,0.0219738
0.000647,1.1e-05,0.0218948,0.000647,1.1e-05,0.0218348
0.001764,0.000162,0.0208728,0.001764,0.000162,0.0208128
0.002358,0.000124,0.0207818,0.002358,0.000124,0.0207218
0.001816,0.000596,0.0209898,0.001816,0.000596,0.0209298
0.001781,0.000177,0.0212238,0.001781,0.000177,0.0211638
0.001655,-0.000221,0.0210648,0.001655,-0.000221,0.0210048
0.002467,8e-06,0.0198538,0.002467,8e-06,0.0197938
0.002682,0.000221,0.0200398,0.002682,0.000221,0.0199798
0.002897,-9e-06,0.0199088,0.002897,-9e-06,0.0198488
0.002385,0.000387,0.0199118,0.002385,0.000387,0.0198518
0.002793,0.000466,0.0202738,0.002793,0.000466,0.0202138
0.002931,7.4e-05,0.0202938,0.002931,7.4e-05,0.0202338
0.002561,0.00054,0.0200828,0.002561,0.00054,0.0200228
0.002602,0.000109,0.0205248,0.002602,0.000109,0.0204648
0.003206,-0.000121,0.0194308,0.003206,-0.000121,0.0193708
0.0017,-0.000474,0.0207878,0.0017,-0.000474,0.0207278
0.00153,-0.000204,0.0206358,0.00153,-0.000204,0.0205758
0.001826,-0.000146,0.0207978,0.001826,-0.000146,0.0207378
0.001541,-0.000719,0.0209398,0.001541,-0.000719,0.0208798
0.001798,-0.000612,0.0204728,0.001798,-0.000612,0.0204128
0.002531,-0.000654,0.0200578,0.002531,-0.000654,0.0199978
0.002781,-0.000474,0.0200568,0.002781,-0.000474,0.0199968
0.002891,-0.000287,0.0199618,0.002891,-0.000287,0.0199018
0.00234,-0.000311,0.0197778,0.00234,-0.000311,0.0197178
0.002588,-0.000241,0.0200098,0.002588,-0.000241,0.0199498
0.002616,-0.000595,0.0197378,0.002616,-0.000595,0.0196778
0.001084,-0.000616,0.0216208,0.001084,-0.000616,0.0215608
0.001299,-0.000265,0.0212648,0.001299,-0.000265,0.0212048
0.001032,-0.000303,0.0214758,0.001032,-0.000303,0.0214158
0.001338,-0.000612,0.0211318,0.001338,-0.000612,0.0210718
0.000806,-0.00062,0.0215588,0.000806,-0.00062,0.0214988
0.000589,-0.000359,0.0213758,0.000589,-0.000359,0.0213158
0.003475,-0.00075,0.0217138,0.003475,-0.00075,0.0216538
0.003055,-0.001688,0.0216878,0.003055,-0.001688,0.0216278
0.001264,-0.003375,0.0216798,0.001264,-0.003375,0.0216198
0.001184,-0.003101,0.0216998,0.001184,-0.003101,0.0216398
0.000972,-0.00297,0.0199028,0.000972,-0.00297,0.0198428
0.000995,-0.002637,0.0200308,0.000995,-0.002637,0.0199708
0.001421,-0.00282,0.0199628,0.001421,-0.00282,0.0199028
0.001769,-0.002497,0.0199458,0.001769,-0.002497,0.0198858
0.00139,-0.002482,0.0198768,0.00139,-0.002482,0.0198168
0.001081,-0.002301,0.0199018,0.001081,-0.002301,0.0198418
0.001317,-0.002001,0.0199928,0.001317,-0.002001,0.0199328
0.001165,-0.003024,0.0201448,0.001165,-0.003024,0.0200848
0.000681,-0.002394,0.0199748,0.000681,-0.002394,0.0199148
0.001026,-0.002825,0.0204348,0.001026,-0.002825,0.0203748
0.000751,-0.002884,0.0202348,0.000751,-0.002884,0.0201748
0.000924,-0.003448,0.0216638,0.000924,-0.003448,0.0216038
0.000817,-0.003175,0.0216208,0.000817,-0.003175,0.0215608
0.000302,-0.001802,0.0206938,0.000302,-0.001802,0.0206338
0.000743,-0.001392,0.0206478,0.000743,-0.001392,0.0205878
0.000672,-0.001605,0.0210498,0.000672,-0.001605,0.0209898
0.000237,-0.001598,0.0210818,0.000237,-0.001598,0.0210218
-7.9e-05,-0.001633,0.0210308,-7.9e-05,-0.001633,0.0209708
0.000293,-0.001297,0.0210798,0.000293,-0.001297,0.0210198
-5.8e-05,-0.002205,0.0210428,-5.8e-05,-0.002205,0.0209828
0.000294,-0.002904,0.0199158,0.000294,-0.002904,0.0198558
0.000282,-0.002736,0.0201268,0.000282,-0.002736,0.0200668
0.000612,-0.002754,0.0200278,0.000612,-0.002754,0.0199678
0.00022,-0.002461,0.0198478,0.00022,-0.002461,0.0197878
0.000614,-0.002098,0.0200388,0.000614,-0.002098,0.0199788
0.000423,-0.002522,0.0200838,0.000423,-0.002522,0.0200238
-0.000182,-0.002477,0.0199318,-0.000182,-0.002477,0.0198718
0.000292,-0.002011,0.0198438,0.000292,-0.002011,0.0197838
0.000337,-0.002429,0.0203708,0.000337,-0.002429,0.0203108
0.00057,-0.003468,0.0215768,0.00057,-0.003468,0.0215168
0.000518,-0.003069,0.0216108,0.000518,-0.003069,0.0215508
0.000275,-0.000891,0.0214118,0.000275,-0.000891,0.0213518
0.000344,-0.001085,0.0216798,0.000344,-0.001085,0.0216198
-8.3e-05,-0.00102,0.0213348,-8.3e-05,-0.00102,0.0212748
0.000128,-0.000633,0.0215008,0.000128,-0.000633,0.0214408
0.00047,-0.001168,0.0213348,0.00047,-0.001168,0.0212748
-0.000377,-0.001883,0.0207218,-0.000377,-0.001883,0.0206618
-5.5e-05,-0.001641,0.0205788,-5.5e-05,-0.001641,0.0205188
-8.6e-05,-0.001303,0.0207138,-8.6e-05,-0.001303,0.0206538
-0.000466,-0.001733,0.0210298,-0.000466,-0.001733,0.0209698
-0.000323,-0.002232,0.0208498,-0.000323,-0.002232,0.0207898
-0.000432,-0.002963,0.0199948,-0.000432,-0.002963,0.0199348
-7e-06,-0.002853,0.0199978,-7e-06,-0.002853,0.0199378
-0.000221,-0.002737,0.0201068,-0.000221,-0.002737,0.0200468
-2.6e-05,-0.002117,0.0199098,-2.6e-05,-0.002117,0.0198498
-5.2e-05,-0.002765,0.0203388,-5.2e-05,-0.002765,0.0202788
-0.000413,-0.002621,0.0200658,-0.000413,-0.002621,0.0200058
-0.000336,-0.002166,0.0197298,-0.000336,-0.002166,0.0196698
-0.000344,-0.002703,0.0205388,-0.000344,-0.002703,0.0204788
2.1e-05,-0.003329,0.0217018,2.1e-05,-0.003329,0.0216418
-0.000728,-0.003482,0.0216778,-0.000728,-0.003482,0.0216178
-0.000394,-0.003439,0.0216178,-0.000394,-0.003439,0.0215578
-0.000355,-0.0013,0.0214898,-0.000355,-0.0013,0.0214298
-8.1e-05,-0.000702,0.0211348,-8.1e-05,-0.000702,0.0210748
-0.000533,-0.000609,0.0215058,-0.000533,-0.000609,0.0214458
-0.000329,-0.001243,0.0211608,-0.000329,-0.001243,0.0211008
-0.001067,-0.003404,0.0216738,-0.001067,-0.003404,0.0216138
-0.001773,-0.003079,0.0217018,-0.001773,-0.003079,0.0216418
-0.002607,-0.001586,0.0215988,-0.002607,-0.001586,0.0215388
-0.003108,-0.001734,0.0216238,-0.003108,-0.001734,0.0215638
-0.001946,-0.001198,0.0207718,-0.001946,-0.001198,0.0207118
-0.001697,-0.001353,0.0208068,-0.001697,-0.001353,0.0207468
-0.001607,-0.001372,0.0210798,-0.001607,-0.001372,0.0210198
-0.001798,-0.001238,0.0204968,-0.001798,-0.001238,0.0204368
-0.002661,-0.001453,0.0200978,-0.002661,-0.001453,0.0200378
-0.002214,-0.001441,0.0198948,-0.002214,-0.001441,0.0198348
-0.001936,-0.001057,0.0200248,-0.001936,-0.001057,0.0199648
-0.002726,-0.001036,0.0199258,-0.002726,-0.001036,0.0198658
-0.002293,-0.000653,0.0200208,-0.002293,-0.000653,0.0199608
-0.002376,-0.001327,0.0204018,-0.002376,-0.001327,0.0203418
-0.002079,-0.001389,0.0202928,-0.002079,-0.001389,0.0202328
-0.00238,-0.001655,0.0202708,-0.00238,-0.001655,0.0202108
-0.002645,-0.000603,0.0198928,-0.002645,-0.000603,0.0198328
-0.002612,-0.001091,0.0203038,-0.002612,-0.001091,0.0202438
-0.002824,-0.001416,0.0193598,-0.002824,-0.001416,0.0192998
-0.002122,-0.001514,0.0192778,-0.002122,-0.001514,0.0192178
-0.002441,-0.001648,0.0191308,-0.002441,-0.001648,0.0190708
-0.002344,-0.001423,0.0196018,-0.002344,-0.001423,0.0195418
-0.001936,-0.001484,0.0195798,-0.001936,-0.001484,0.0195198
-0.002267,-0.001755,0.0195368,-0.002267,-0.001755,0.0194768
-0.002855,-0.000966,0.0192598,-0.002855,-0.000966,0.0191998
-0.002612,-0.001337,0.0197928,-0.002612,-0.001337,0.0197328
-0.002222,-0.000898,0.0173998,-0.002222,-0.000898,0.0173398
-0.002046,-0.001121,0.0175088,-0.002046,-0.001121,0.0174488
-0.001881,-0.000845,0.0175098,-0.001881,-0.000845,0.0174498
-0.001608,-0.001017,0.0174248,-0.001608,-0.001017,0.0173648
-0.001613,-0.000695,0.0175918,-0.001613,-0.000695,0.0175318
-0.001646,-0.000992,0.0177558,-0.001646,-0.000992,0.0176958
-0.001476,-0.001041,0.0182848,-0.001476,-0.001041,0.0182248
-0.002044,-0.000618,0.0175138,-0.002044,-0.000618,0.0174538
-0.002325,-0.000647,0.0174798,-0.002325,-0.000647,0.0174198
-0.001965,-0.000238,0.0175738,-0.001965,-0.000238,0.0175138
-0.001979,-0.000735,0.0178778,-0.001979,-0.000735,0.0178178
-0.001973,-0.001023,0.0178148,-0.001973,-0.001023,0.0177548
-0.00187,-0.000998,0.0182918,-0.00187,-0.000998,0.0182318
-0.002171,-0.000477,0.0176948,-0.002171,-0.000477,0.0176348
-0.002375,-0.000629,0.0178618,-0.002375,-0.000629,0.0178018
-0.001662,-0.000605,0.0179408,-0.001662,-0.000605,0.0178808
-0.002278,-0.000668,0.0182018,-0.002278,-0.000668,0.0181418
-0.002342,-0.000949,0.0177528,-0.002342,-0.000949,0.0176928
-0.002427,-0.001478,0.0178868,-0.002427,-0.001478,0.0178268
-0.002308,-0.001067,0.0184788,-0.002308,-0.001067,0.0184188
-0.00355,-0.000719,0.0216938,-0.00355,-0.000719,0.0216338
-0.003294,-0.00074,0.0217188,-0.003294,-0.00074,0.0216588
-0.001561,-0.000331,0.0206678,-0.001561,-0.000331,0.0206078
-0.0016,-0.0007,0.0210448,-0.0016,-0.0007,0.0209848
-0.0011,-0.000164,0.0208068,-0.0011,-0.000164,0.0207468
-0.001542,4.7e-05,0.0206638,-0.001542,4.7e-05,0.0206038
-0.001625,-0.000267,0.0211418,-0.001625,-0.000267,0.0210818
-0.001778,-0.000546,0.0211888,-0.001778,-0.000546,0.0211288
-0.001755,-0.000524,0.0205298,-0.001755,-0.000524,0.0204698
-0.002408,-0.000328,0.0200388,-0.002408,-0.000328,0.0199788
-0.002022,-0.000719,0.0199578,-0.002022,-0.000719,0.0198978
-0.001804,-0.000168,0.0200278,-0.001804,-0.000168,0.0199678
-0.002303,-0.000197,0.0203098,-0.002303,-0.000197,0.0202498
-0.002556,-0.000292,0.0203868,-0.002556,-0.000292,0.0203268
-0.003061,-0.00064,0.0192788,-0.003061,-0.00064,0.0192188
-0.002693,-0.000263,0.0191358,-0.002693,-0.000263,0.0190758
-0.002922,-0.000675,0.0196278,-0.002922,-0.000675,0.0195678
-0.003243,-0.000519,0.0190218,-0.003243,-0.000519,0.0189618
-0.00189,0.000208,0.0207368,-0.00189,0.000208,0.0206768
-0.001257,6.5e-05,0.0203478,-0.001257,6.5e-05,0.0202878
-0.00154,0.000101,0.0210658,-0.00154,0.000101,0.0210058
-0.001614,0.000569,0.0210638,-0.001614,0.000569,0.0210038
-0.001174,2.4e-05,0.0211748,-0.001174,2.4e-05,0.0211148
-0.001864,-0.000116,0.0207848,-0.001864,-0.000116,0.0207248
-0.002317,0.000263,0.0199378,-0.002317,0.000263,0.0198778
-0.001909,0.000153,0.0200978,-0.001909,0.000153,0.0200378
-0.002272,0.00055,0.0199578,-0.002272,0.00055,0.0198978
-0.002307,0.000116,0.0203478,-0.002307,0.000116,0.0202878
-0.001925,0.000403,0.0198828,-0.001925,0.000403,0.0198228
-0.002074,0.000825,0.0199848,-0.002074,0.000825,0.0199248
-0.002557,0.000461,0.0200298,-0.002557,0.000461,0.0199698
-0.002732,0.001003,0.0200768,-0.002732,0.001003,0.0200168
-0.002638,0.000458,0.0203448,-0.002638,0.000458,0.0202848
-0.002483,-4.9e-05,0.0200338,-0.002483,-4.9e-05,0.0199738
-0.003289,0.000637,0.0215618,-0.003289,0.000637,0.0215018
-0.001569,0.001303,0.0206348,-0.001569,0.001303,0.0205748
-0.002326,0.00102,0.0199218,-0.002326,0.00102,0.0198618
-0.002321,0.00139,0.0198788,-0.002321,0.00139,0.0198188
-0.001984,0.001317,0.0199018,-0.001984,0.001317,0.0198418
-0.002856,0.001239,0.0198908,-0.002856,0.001239,0.0198308
-0.002573,0.001211,0.0199178,-0.002573,0.001211,0.0198578
-0.002471,0.000761,0.0200468,-0.002471,0.000761,0.0199868
-0.003119,0.000829,0.0201568,-0.003119,0.000829,0.0200968
-0.00261,0.000923,0.0197218,-0.00261,0.000923,0.0196618
-0.002899,0.001083,0.0216808,-0.002899,0.001083,0.0216208
0.001172,-0.003392,0.0016488,0.0011725,-0.0033935,0.0016148
0.001274,-0.003023,0.0015088,0.0012746,-0.0030242,0.0014753
0.000776,-0.003409,0.0016258,0.0007763,-0.0034105,0.0015919
0.000541,-0.003146,0.0015458,0.0005412,-0.0031473,0.0015122
0.000328,-0.002936,0.0016098,0.0003281,-0.0029372,0.0015761
0.001627,-0.003037,0.0016768,0.0016277,-0.0030384,0.0016428
0.002005,-0.002925,0.0016618,0.0020059,-0.0029263,0.0016277
0.000646,0.003244,0.0217258,0.000646,0.003244,0.0216658
0.000319,0.001477,0.0205098,0.000319,0.001477,0.0204498
0.000584,0.001526,0.0208298,0.000584,0.001526,0.0207698
0.000101,0.001382,0.0209388,0.000101,0.001382,0.0208788
0.000316,0.001666,0.0211568,0.000316,0.001666,0.0210968
0.000695,0.002149,0.0199188,0.000695,0.002149,0.0198588
0.000584,0.002508,0.0201168,0.000584,0.002508,0.0200568
0.001023,0.002519,0.0200768,0.001023,0.002519,0.0200168
0.000334,0.002643,0.0199858,0.000334,0.002643,0.0199258
-0.000132,0.002767,0.0203088,-0.000132,0.002767,0.0202488
-2e-05,0.002618,0.0198938,-2e-05,0.002618,0.0198338
0.000283,0.002607,0.0196578,0.000283,0.002607,0.0195978
0.000327,0.00259,0.0192998,0.000327,0.00259,0.0192398
0.001121,0.002525,0.0193068,0.001121,0.002525,0.0192468
0.000755,0.003023,0.0193478,0.000755,0.003023,0.0192878
0.000679,0.002519,0.0197458,0.000679,0.002519,0.0196858
0.000226,0.002999,0.0192598,0.000226,0.002999,0.0191998
-0.000104,0.002988,0.0190908,-0.000104,0.002988,0.0190308
0.000366,0.002315,0.0197678,0.000366,0.002315,0.0197078
0.001024,0.002242,0.0197678,0.001024,0.002242,0.0197078
0.000821,0.002866,0.0196068,0.000821,0.002866,0.0195468
0.000965,0.001962,0.0174858,0.000965,0.001962,0.0174258
0.001078,0.002337,0.0174558,0.001078,0.002337,0.0173958
0.001433,0.002171,0.0174948,0.001433,0.002171,0.0174348
0.001464,0.001853,0.0172808,0.001464,0.001853,0.0172208
0.000898,0.002652,0.0175428,0.000898,0.002652,0.0174828
0.001128,0.002185,0.0176988,0.001128,0.002185,0.0176388
0.001075,0.001946,0.0178538,0.001075,0.001946,0.0177938
0.001475,0.002018,0.0177938,0.001475,0.002018,0.0177338
0.000982,0.00128,0.0178508,0.000982,0.00128,0.0177908
0.001051,0.002156,0.0181648,0.001051,0.002156,0.0181048
0.000543,0.002304,0.0178308,0.000543,0.002304,0.0177708
0.000243,0.002258,0.0178038,0.000243,0.002258,0.0177438
0.000712,0.002624,0.0178728,0.000712,0.002624,0.0178128
0.000731,0.0022,0.0182048,0.000731,0.0022,0.0181448
0.000681,0.002025,0.0177528,0.000681,0.002025,0.0176928
0.000655,0.001395,0.0178138,0.000655,0.001395,0.0177538
0.001,0.002219,0.0200708,0.001,0.002219,0.0200108
0.001347,0.002182,0.0200188,0.001347,0.002182,0.0199588
0.001255,0.003336,0.0216828,0.001255,0.003336,0.0216228
0.001274,0.002595,0.0219688,0.001274,0.002595,0.0219088
0.002683,-0.002357,0.0016308,0.0026842,-0.0023581,0.0015968
0.00252,-0.001767,0.0016678,0.002521,-0.0017677,0.0016339
0.002192,0.000885,0.0029308,0.002193,0.0008854,0.0028942
0.001745,0.001392,0.0035048,0.0017459,0.0013927,0.0034669
0.001828,0.000687,0.0028568,0.0018288,0.0006873,0.0028207
0.001746,0.000462,0.0031538,0.0017468,0.0004622,0.0031171
0.000869,0.000727,0.0028368,0.0008693,0.0007273,0.0028013
0.001367,0.000808,0.0028208,0.0013676,0.0008083,0.002785
0.001263,0.001201,0.0026688,0.0012635,0.0012015,0.0026333
0.00071,0.001087,0.0027738,0.0007103,0.0010874,0.0027383
0.001215,0.001387,0.0030578,0.0012155,0.0013876,0.0030213
0.001386,0.00086,0.0034638,0.0013867,0.0008604,0.0034265
0.001018,0.001036,0.0028588,0.0010184,0.0010364,0.002823
0.000987,0.001103,0.0036088,0.0009875,0.0011035,0.0035713
0.002629,0.000708,0.0036648,0.0026304,0.0007084,0.0036261
0.002919,0.001241,0.0040768,0.0029208,0.0012418,0.0040366
0.002903,0.000883,0.0041938,0.0029048,0.0008835,0.0041535
0.00273,0.000849,0.0039548,0.0027316,0.0008495,0.0039152
0.00245,0.000938,0.0039158,0.0024514,0.0009385,0.0038765
0.002544,0.001312,0.0038518,0.0025455,0.0013128,0.0038125
0.002449,0.001321,0.0042598,0.0024505,0.0013218,0.0042195
0.002495,0.000936,0.0042178,0.0024965,0.0009366,0.0041777
0.002858,0.001188,0.0045808,0.0028599,0.0011888,0.0045394
0.002903,0.000855,0.0049348,0.0029051,0.0008556,0.0048926
0.002378,0.001201,0.0049168,0.0023797,0.0012019,0.0048749
0.002646,0.000676,0.0043648,0.0026477,0.0006764,0.0043243
0.00204,0.000439,0.0063228,0.0020421,0.0004394,0.0062775
0.002848,0.000737,0.0060068,0.0028505,0.0007377,0.005962
0.002105,0.000747,0.0060548,0.002107,0.0007477,0.0060102
0.001962,0.000861,0.0063118,0.001964,0.0008619,0.0062666
0.002503,0.001207,0.0060578,0.0025052,0.0012081,0.0060129
0.002361,0.00085,0.0062708,0.0023632,0.0008508,0.0062255
0.002498,0.000448,0.0063968,0.0025004,0.0004484,0.0063512
0.002848,0.000557,0.0064618,0.0028506,0.0005575,0.0064159
0.002355,0.000124,0.0064128,0.0023573,0.0001241,0.0063672
0.002506,0.000475,0.0068018,0.0025085,0.0004755,0.0067551
0.001747,0.000816,0.0060578,0.0017488,0.0008168,0.0060134
0.00223,0.001049,0.0058948,0.002232,0.0010499,0.0058505
0.001506,0.000839,0.0061578,0.0015076,0.0008399,0.0061133
0.00212,0.001209,0.0062798,0.002122,0.0012102,0.0062345
0.002209,0.000746,0.0066628,0.0022113,0.0007468,0.0066165
0.002073,0.000813,0.0071198,0.0020752,0.0008138,0.0070723
0.001606,0.000481,0.0060458,0.0016077,0.0004815,0.0060016
0.001967,0.000363,0.0068048,0.0019691,0.0003634,0.0067582
0.001175,0.000791,0.0022118,0.0011754,0.0007913,0.0021774
0.001392,0.000824,0.0024578,0.0013925,0.0008243,0.0024228
0.001053,0.000826,0.0025618,0.0010534,0.0008263,0.0025267
0.000839,0.000846,0.0022048,0.0008393,0.0008463,0.0021705
0.001125,0.000164,0.0020198,0.0011254,0.000164,0.0019859
0.001104,0.000459,0.0027898,0.0011044,0.0004592,0.0027543
0.001429,8.7e-05,0.0024718,0.0014295,8.7e-05,0.0024368
0.001097,0.00014,0.0024148,0.0010974,0.00014,0.0023801
0.001299,0.000478,0.0024348,0.0012995,0.0004782,0.0024
0.001522,-0.000199,0.0024298,0.0015226,-0.0001991,0.0023949
0.001107,-0.000178,0.0027278,0.0011074,-0.0001781,0.0026925
0.000737,7.4e-05,0.0025388,0.0007373,7.4e-05,0.002504
0.001203,-0.000196,0.0024278,0.0012035,-0.0001961,0.0023931
0.001846,0.000289,0.0028628,0.0018468,0.0002891,0.0028268
0.001562,0.000121,0.0032188,0.0015627,0.0001211,0.0031821
0.002064,-0.000213,0.0032778,0.002065,-0.0002131,0.0032406
0.001851,-5.7e-05,0.0028958,0.0018518,-5.7e-05,0.0028597
0.001764,-0.000142,0.0031938,0.0017648,-0.0001421,0.0031571
0.001329,0.000172,0.0035528,0.0013297,0.0001721,0.0035155
0.002816,0.00013,0.0041688,0.0028177,0.0001301,0.0041287
0.002807,3.8e-05,0.0038728,0.0028086,3.8e-05,0.0038335
0.002428,4.1e-05,0.0039018,0.0024294,4.1e-05,0.0038628
0.002824,0.0005,0.0039898,0.0028257,0.0005003,0.0039501
0.002595,-3.2e-05,0.0035548,0.0025963,-3.2e-05,0.0035165
0.002437,-0.000229,0.0041348,0.0024384,-0.0002291,0.0040952
0.003174,0.000243,0.0043298,0.003176,0.0002432,0.004289
0.003135,0.001011,0.0019708,0.0031364,0.0010114,0.0019361
0.003424,0.00106,0.0019598,0.0034256,0.0010605,0.001925
0.001188,0.002358,0.0036368,0.0011886,0.0023593,0.0035982
0.001046,0.0027,0.0036348,0.0010466,0.0027015,0.0035961
0.001379,0.002339,0.0038878,0.0013798,0.0023403,0.0038485
0.001061,0.002294,0.0039148,0.0010616,0.0022953,0.0038756
0.001337,0.002163,0.0041468,0.0013378,0.0021643,0.004107
0.000871,0.002477,0.0037468,0.0008715,0.0024783,0.003708
0.001063,0.00272,0.0042308,0.0010637,0.0027217,0.0041904
0.000936,0.002192,0.0041988,0.0009366,0.0021933,0.0041591
0.000233,0.002693,0.0034848,0.0002331,0.0026944,0.0034466
0.00076,0.002705,0.0042378,0.0007605,0.0027067,0.0041975
0.000307,0.002674,0.0039148,0.0003072,0.0026755,0.0038755
0.000658,0.002625,0.0039188,0.0006584,0.0026265,0.0038795
-7.9e-05,0.002652,0.0038788,-7.9e-05,0.0026535,0.0038396
0.000313,0.002309,0.0039548,0.0003132,0.0023103,0.0039157
0.000309,0.002615,0.0042888,0.0003092,0.0026166,0.0042486
0.000607,0.002204,0.0042388,0.0006074,0.0022054,0.004199
0.000279,0.002225,0.0042348,0.0002792,0.0022264,0.0041951
-7.5e-05,0.002355,0.0042608,-7.5e-05,0.0023565,0.0042209
-0.000422,0.002429,0.0036048,-0.0004222,0.0024302,0.0035665
-0.000174,0.002426,0.0036588,-0.0001741,0.0024273,0.0036204
-1.5e-05,0.00257,0.0034998,-1.5e-05,0.0025713,0.0034616
-3.1e-05,0.002678,0.0042768,-3.1e-05,0.0026797,0.0042365
-7.8e-05,0.002302,0.0039088,-7.8e-05,0.0023033,0.0038699
-0.000465,0.002327,0.0040038,-0.0004653,0.0023283,0.0039646
-0.000313,0.002709,0.0036848,-0.0003132,0.0027105,0.003646
-0.000391,0.002672,0.0039408,-0.0003912,0.0026735,0.0039014
-0.000846,0.002707,0.0039828,-0.0008465,0.0027086,0.0039432
-0.000585,0.002612,0.0041798,-0.0005854,0.0026136,0.0041398
-0.000872,0.002375,0.0042958,-0.0008726,0.0023765,0.0042556
-0.000833,0.001758,0.0059238,-0.0008338,0.0017597,0.0058797
-0.000558,0.0019,0.0059048,-0.0005586,0.0019019,0.0058608
-0.00022,0.001979,0.0060028,-0.0002202,0.001981,0.0059585
-0.000475,0.002274,0.0060178,-0.0004754,0.0022762,0.0059733
-0.000124,0.002355,0.0059888,-0.0001241,0.0023572,0.0059443
-0.000826,0.002289,0.0060118,-0.0008268,0.0022912,0.0059672
-0.000674,0.002563,0.0061998,-0.0006746,0.0025654,0.0061546
-0.000572,0.002275,0.0063488,-0.0005726,0.0022772,0.0063034
-0.000398,0.00194,0.0064308,-0.0003984,0.0019421,0.0063853
-0.000128,0.001992,0.0063548,-0.0001281,0.0019941,0.0063095
-0.001222,0.002096,0.0063848,-0.0012232,0.002098,0.0063392
-0.000429,0.001644,0.0061318,-0.0004295,0.0016457,0.0060874
-0.000385,0.001875,0.0068678,-0.0003854,0.0018771,0.0068211
-0.000507,0.002172,0.0070478,-0.0005075,0.0021743,0.0070005
-0.000903,0.003042,0.0059248,-0.0009038,0.0030445,0.0058801
-0.000913,0.002239,0.0064228,-0.0009139,0.0022412,0.0063771
-0.000959,0.002691,0.0063908,-0.0009599,0.0026935,0.0063451
-0.000856,0.00229,0.0068098,-0.0008569,0.0022923,0.0067631
-0.000959,0.001503,0.0062238,-0.00096,0.0015046,0.006179
-0.000799,0.001133,0.0062708,-0.0007999,0.0011343,0.0062262
-0.00096,0.001975,0.0068068,-0.000961,0.0019771,0.0067602
-0.001228,0.002388,0.0036118,-0.0012286,0.0023893,0.0035733
-0.001168,0.002662,0.0037678,-0.0011687,0.0026635,0.0037287
-0.000741,0.003123,0.0034328,-0.0007414,0.0031247,0.0033943
-0.000861,0.002673,0.0043588,-0.0008616,0.0026747,0.0043182
-0.00136,0.002492,0.0043578,-0.0013609,0.0024936,0.0043171
-0.001349,0.002315,0.0046778,-0.0013499,0.0023166,0.0046365
-0.001732,0.000955,0.0029358,-0.0017327,0.0009554,0.0028995
-0.001232,0.001258,0.0028088,-0.0012325,0.0012585,0.002773
-0.001684,0.001127,0.0031728,-0.0016848,0.0011275,0.0031359
-0.001598,0.0016,0.0032848,-0.0015987,0.0016008,0.0032475
-0.001864,0.001155,0.0029138,-0.0018648,0.0011555,0.0028774
-0.001958,0.001161,0.0034638,-0.001959,0.0011616,0.003426
-0.001829,0.000669,0.0029548,-0.0018298,0.0006693,0.0029185
-0.002015,0.001494,0.0034098,-0.002016,0.0014947,0.0033719
-0.001783,0.001622,0.0036018,-0.0017839,0.0016228,0.0035636
-0.001657,0.00197,0.0035348,-0.0016579,0.001971,0.0034966
-0.00165,0.001922,0.0042268,-0.001651,0.0019232,0.0041868
-0.001644,0.001548,0.0039138,-0.0016449,0.0015488,0.0038749
-0.001305,0.001535,0.0039498,-0.0013057,0.0015359,0.003911
-0.001649,0.001568,0.0042768,-0.00165,0.001569,0.004237
-0.001962,0.001957,0.0039008,-0.0019631,0.0019581,0.0038615
-0.001616,0.00201,0.0039178,-0.0016169,0.0020111,0.0038786
-0.002045,0.002023,0.0042318,-0.0020463,0.0020243,0.0041915
-0.002011,0.001581,0.0042838,-0.0020122,0.001582,0.0042436
-0.002355,0.00119,0.0042898,-0.0023565,0.0011907,0.0042495
-0.002641,0.001167,0.0039288,-0.0026426,0.0011677,0.0038893
-0.002367,0.001247,0.0038668,-0.0023684,0.0012477,0.0038276
-0.002596,0.00064,0.0036258,-0.0025974,0.0006403,0.0035873
-0.002964,0.000781,0.0038258,-0.0029657,0.0007814,0.0037864
-0.002603,0.000652,0.0042508,-0.0026046,0.0006524,0.0042106
-0.003167,0.000176,0.0041988,-0.003169,0.0001761,0.0041584
-0.002734,4.3e-05,0.0046258,-0.0027359,4.3e-05,0.0045846
-0.003093,-0.000251,0.0046498,-0.0030951,-0.0002512,0.0046082
-0.002951,0.000112,0.0049288,-0.0029532,0.0001121,0.0048866
-0.003352,0.00031,0.0043348,-0.0033542,0.0003102,0.0042939
-0.0033,-0.000109,0.0043098,-0.0033021,-0.0001091,0.004269
-0.001877,-0.000595,0.0039038,-0.001878,-0.0005953,0.0038652
-0.002715,-0.000671,0.0042698,-0.0027167,-0.0006714,0.0042295
-0.002761,-0.000984,0.0043058,-0.0027628,-0.0009846,0.0042653
-0.002673,-0.000617,0.0046228,-0.0026748,-0.0006174,0.0045816
-0.002493,-0.001479,0.0042178,-0.0024945,-0.0014799,0.0041775
-0.002349,-0.001334,0.0039378,-0.0023504,-0.0013347,0.0038984
-0.002738,-0.000961,0.0039558,-0.0027396,-0.0009616,0.0039162
-0.002748,-0.00157,0.0045318,-0.0027498,-0.001571,0.0044905
-0.002974,-0.001562,0.0018628,-0.0029753,-0.0015627,0.0018284
-0.002681,-0.001622,0.0019088,-0.0026821,-0.0016227,0.0018743
-0.002612,-0.002327,0.0020008,-0.0026132,-0.0023281,0.0019659
-0.000759,-0.002704,0.0035238,-0.0007594,-0.0027054,0.0034854
-0.000872,-0.002883,0.0037958,-0.0008725,-0.0028846,0.0037565
-0.000489,-0.002836,0.0040268,-0.0004893,-0.0028377,0.003987
-0.001245,-0.002837,0.0039358,-0.0012457,-0.0028387,0.0038961
-0.000872,-0.002334,0.0039048,-0.0008725,-0.0023353,0.0038657
-0.000791,-0.002885,0.0041048,-0.0007915,-0.0028867,0.0040647
-0.001374,-0.002596,0.0034198,-0.0013747,-0.0025973,0.0033816
-0.001303,-0.002489,0.0038978,-0.0013037,-0.0024904,0.0038584
-0.001242,-0.002421,0.0041928,-0.0012428,-0.0024225,0.0041528
-0.001238,-0.002823,0.0046538,-0.0012389,-0.002825,0.0046122
-0.001515,-0.00304,0.0017938,-0.0015156,-0.0030413,0.0017595
0.002863,-0.000844,0.0021258,0.0028642,-0.0008443,0.0020908
0.001362,-0.000393,0.0022678,0.0013625,-0.0003931,0.0022333
0.001418,-0.000239,0.0026898,0.0014185,-0.0002391,0.0026544
0.001568,-0.000506,0.0024178,0.0015686,-0.0005062,0.0023829
0.000999,-0.000502,0.0025308,0.0009993,-0.0005022,0.0024959
0.000821,-0.000413,0.0022738,0.0008213,-0.0004131,0.0022395
0.002379,-0.000605,0.0036508,0.0023803,-0.0006053,0.0036124
0.002675,-0.000584,0.0035468,0.0026764,-0.0005843,0.0035084
0.00272,-0.000683,0.0038208,0.0027215,-0.0006834,0.0037816
0.002817,-0.000755,0.0042128,0.0028188,-0.0007554,0.0041725
0.002458,-0.000592,0.0042648,0.0024595,-0.0005924,0.0042247
0.002309,-0.001182,0.0199908,0.002309,-0.001182,0.0199308
0.001993,-0.000957,0.0198778,0.001993,-0.000957,0.0198178
0.001666,-0.000991,0.0197358,0.001666,-0.000991,0.0196758
0.002131,-0.000572,0.0199798,0.002131,-0.000572,0.0199198
0.002151,-0.001281,0.0203618,0.002151,-0.001281,0.0203018
0.001671,-0.001108,0.0200868,0.001671,-0.001108,0.0200268
0.001639,-0.000741,0.0199728,0.001639,-0.000741,0.0199128
0.001679,-0.000924,0.0204128,0.001679,-0.000924,0.0203528
0.001832,-0.001198,0.0204368,0.001832,-0.001198,0.0203768
0.002293,-0.002355,0.0216458,0.002293,-0.002355,0.0215858
0.002625,-0.002432,0.0216708,0.002625,-0.002432,0.0216108
0.002001,-0.002983,0.0216868,0.002001,-0.002983,0.0216268
-0.001593,-0.00207,0.0199418,-0.001593,-0.00207,0.0198818
-0.00161,-0.00161,0.0200428,-0.00161,-0.00161,0.0199828
-0.001293,-0.001789,0.0198568,-0.001293,-0.001789,0.0197968
-0.001965,-0.001721,0.0199528,-0.001965,-0.001721,0.0198928
-0.001651,-0.002108,0.0203828,-0.001651,-0.002108,0.0203228
-0.002391,-0.001839,0.0199508,-0.002391,-0.001839,0.0198908
-0.001957,-0.002488,0.0203228,-0.001957,-0.002488,0.0202628
-0.001991,-0.002046,0.0196168,-0.001991,-0.002046,0.0195568
-0.001567,-0.002518,0.0191708,-0.001567,-0.002518,0.0191108
-0.001954,-0.002529,0.0190268,-0.001954,-0.002529,0.0189668
-0.001405,-0.002144,0.0192598,-0.001405,-0.002144,0.0191998
-0.002317,-0.002032,0.0191708,-0.002317,-0.002032,0.0191108
-0.00206,-0.002416,0.0196028,-0.00206,-0.002416,0.0195428
-0.001964,-0.002711,0.0197308,-0.001964,-0.002711,0.0196708
-0.002675,-0.001915,0.0190868,-0.002675,-0.001915,0.0190268
-0.002047,-0.001866,0.0191968,-0.002047,-0.001866,0.0191368
-0.002863,-0.00165,0.0191348,-0.002863,-0.00165,0.0190748
-0.002381,-0.002173,0.0195628,-0.002381,-0.002173,0.0195028
-0.002653,-0.002282,0.0191768,-0.002653,-0.002282,0.0191168
-0.003373,-0.001131,0.0217178,-0.003373,-0.001131,0.0216578
-0.002958,-0.001065,0.0215918,-0.002958,-0.001065,0.0215318
-0.003267,0.001423,0.0214058,-0.003267,0.001423,0.0213458
-0.002973,0.001547,0.0212268,-0.002973,0.001547,0.0211668
-0.001863,0.001734,0.0201438,-0.001863,0.001734,0.0200838
-0.001143,0.00161,0.0198058,-0.001143,0.00161,0.0197458
-0.001723,0.0017,0.0198478,-0.001723,0.0017,0.0197878
-0.001537,0.002027,0.0198418,-0.001537,0.002027,0.0197818
-0.001169,0.002032,0.0200028,-0.001169,0.002032,0.0199428
-0.001555,0.001583,0.0202938,-0.001555,0.001583,0.0202338
-0.001142,0.001657,0.0204308,-0.001142,0.001657,0.0203708
-0.00211,0.001917,0.0195818,-0.00211,0.001917,0.0195218
-0.002261,0.00228,0.0190868,-0.002261,0.00228,0.0190268
-0.001902,0.002365,0.0191398,-0.001902,0.002365,0.0190798
-0.001543,0.002279,0.0192068,-0.001543,0.002279,0.0191468
-0.001733,0.002696,0.0191318,-0.001733,0.002696,0.0190718
-0.001524,0.00245,0.0196858,-0.001524,0.00245,0.0196258
-0.002152,0.002314,0.0194988,-0.002152,0.002314,0.0194388
-0.002054,0.002597,0.0192808,-0.002054,0.002597,0.0192208
-0.000592,-0.003495,0.0013128,-0.0005922,-0.0034965,0.0012797
-0.000335,-0.003442,0.0011528,-0.0003352,-0.0034434,0.0011201
0.000936,-0.002087,0.0029148,0.0009364,-0.0020879,0.0028784
0.000757,-0.002167,0.0026548,0.0007573,-0.0021679,0.002619
0.001705,-0.002392,0.0035818,0.0017059,-0.0023933,0.0035431
0.001472,-0.002457,0.0042448,0.0014729,-0.0024585,0.0042045
0.001081,-0.002887,0.0038698,0.0010816,-0.0028887,0.0038303
0.001374,-0.002308,0.0038668,0.0013748,-0.0023093,0.0038276
0.000709,-0.002746,0.0034618,0.0007094,-0.0027475,0.0034235
0.000701,-0.002877,0.0038978,0.0007014,-0.0028787,0.0038583
0.001128,-0.002946,0.0041798,0.0011287,-0.0029479,0.0041394
0.001467,-0.002805,0.0043168,0.001468,-0.0028068,0.0042761
0.001749,-0.002608,0.0041468,0.0017501,-0.0026096,0.0041065
0.001096,-0.002408,0.0041978,0.0010967,-0.0024095,0.0041578
0.001375,-0.002079,0.0042658,0.0013758,-0.0020803,0.0042258
0.001371,-0.002363,0.0045648,0.0013719,-0.0023646,0.0045238
0.001399,-0.002729,0.0046338,0.0014,-0.0027309,0.0045923
0.001067,-0.002852,0.0046708,0.0010677,-0.002854,0.0046293
0.000849,-0.00267,0.0043888,0.0008496,-0.0026717,0.0043481
0.000717,-0.00243,0.0042208,0.0007175,-0.0024315,0.0041808
0.000825,-0.002099,0.0042658,0.0008255,-0.0021003,0.004226
0.0007,-0.002836,0.0046078,0.0007005,-0.0028379,0.0045665
0.001091,-0.003021,0.0049308,0.0010918,-0.0030231,0.0048885
0.000695,-0.002498,0.0060808,0.0006957,-0.0025003,0.006036
0.001226,-0.002582,0.0059048,0.0012271,-0.0025842,0.0058603
0.001039,-0.002348,0.0060518,0.00104,-0.0023502,0.0060071
0.001153,-0.001955,0.0060808,0.0011541,-0.0019569,0.0060361
0.001437,-0.002093,0.0060298,0.0014383,-0.0020949,0.0059851
0.001341,-0.0021,0.0064628,0.0013423,-0.002102,0.006417
0.000783,-0.002069,0.0061208,0.0007838,-0.002071,0.006076
0.001026,-0.001562,0.0061128,0.0010271,-0.0015636,0.0060683
0.001067,-0.002203,0.0062948,0.001068,-0.0022051,0.0062495
0.001097,-0.002529,0.0063208,0.001098,-0.0025314,0.0062753
0.001402,-0.002409,0.0062318,0.0014032,-0.0024112,0.0061865
0.001136,-0.001714,0.0063338,0.0011372,-0.0017158,0.0062885
0.001042,-0.002358,0.0066798,0.001043,-0.0023603,0.0066334
0.000627,-0.001687,0.0060278,0.0006276,-0.0016888,0.0059836
0.000722,-0.002058,0.0064998,0.0007227,-0.0020601,0.006454
0.000294,-0.001674,0.0060958,0.0002943,-0.0016758,0.0060515
0.000761,-0.001661,0.0063598,0.0007618,-0.0016628,0.0063146
0.00021,-0.002018,0.0062938,0.0002102,-0.0020201,0.0062487
0.00081,-0.002046,0.0068578,0.0008109,-0.0020481,0.006811
0.000271,-0.002337,0.0063888,0.0002713,-0.0023393,0.0063433
0.00066,-0.002468,0.0068398,0.0006607,-0.0024704,0.006793
0.001222,-0.002965,0.0018568,0.0012225,-0.0029662,0.0018224
0.000927,-0.002656,0.0018518,0.0009274,-0.002657,0.0018176
0.000813,-0.003051,0.0021658,0.0008133,-0.0030523,0.0021306
0.000679,-0.0013,0.0027898,0.0006793,-0.0013005,0.0027542
0.00014,-0.001064,0.0027358,0.0001401,-0.0010644,0.0027004
0.00029,-0.000981,0.0024168,0.0002901,-0.0009813,0.0023821
-0.000214,-0.000988,0.0024398,-0.0002141,-0.0009883,0.0024051
0.000286,-0.000608,0.0024298,0.0002861,-0.0006082,0.0023953
0.000448,-0.001276,0.0023898,0.0004482,-0.0012765,0.0023551
-9.6e-05,-0.001414,0.0027908,-9.6e-05,-0.0014145,0.0027552
0.000526,-0.001495,0.0029518,0.0005262,-0.0014956,0.0029157
0.000488,-0.00195,0.0028298,0.0004882,-0.0019508,0.0027938
-0.000112,-0.001765,0.0031818,-0.000112,-0.0017658,0.0031451
0.000286,-0.001812,0.0035518,0.0002861,-0.0018129,0.0035142
0.000467,-0.002279,0.0029088,0.0004672,-0.00228,0.0028723
0.000334,-0.002361,0.0031958,0.0003342,-0.0023621,0.0031586
0.000343,-0.002918,0.0039198,0.0003432,-0.0029197,0.0038803
0.000321,-0.002492,0.0041958,0.0003212,-0.0024935,0.0041559
0.000265,-0.002374,0.0038798,0.0002651,-0.0023753,0.0038408
-7.9e-05,-0.002246,0.0038798,-7.9e-05,-0.0022473,0.003841
0.000354,-0.002092,0.0038398,0.0003542,-0.0020931,0.0038013
0.000256,-0.002817,0.0041978,0.0002562,-0.0028187,0.0041576
0.000341,-0.002821,0.0046168,0.0003412,-0.0028229,0.0045755
0.001619,0.002895,0.0214008,0.001619,0.002895,0.0213408
0.001974,0.00294,0.0213848,0.001974,0.00294,0.0213248
0.002174,0.002331,0.0192548,0.002174,0.002331,0.0191948
0.001611,0.002697,0.0192448,0.001611,0.002697,0.0191848
0.002062,0.002338,0.0196618,0.002062,0.002338,0.0196018
0.001588,0.0022,0.0196188,0.001588,0.0022,0.0195588
0.001776,0.002511,0.0189738,0.001776,0.002511,0.0189138
0.001742,0.00242,0.0197818,0.001742,0.00242,0.0197218
0.002228,-0.001912,0.0037188,0.0022292,-0.0019131,0.0036798
0.002525,-0.00176,0.0035808,0.0025264,-0.001761,0.003542
0.002037,-0.001745,0.0035208,0.0020381,-0.0017459,0.0034825
0.002086,-0.001769,0.0042758,0.0020873,-0.0017701,0.0042355
0.00198,-0.002077,0.0039548,0.0019812,-0.0020782,0.0039152
0.002405,-0.002118,0.0038738,0.0024064,-0.0021193,0.0038342
0.00162,-0.002089,0.0039658,0.001621,-0.0020902,0.0039264
0.00206,-0.001733,0.0039138,0.0020612,-0.001734,0.0038745
0.001508,-0.001699,0.0041778,0.0015089,-0.0017,0.0041382
0.001701,-0.001761,0.0039018,0.0017019,-0.001762,0.0038628
0.002489,-0.001754,0.0039248,0.0024905,-0.001755,0.0038851
0.001643,-0.001364,0.0040758,0.0016439,-0.0013648,0.0040366
0.001683,-0.002407,0.0039658,0.001684,-0.0024084,0.0039261
0.001862,0.00168,0.0036448,0.001863,0.0016809,0.0036063
0.002102,0.001587,0.0035588,0.0021031,0.0015878,0.0035204
0.002104,0.001942,0.0035288,0.0021051,0.001943,0.0034903
0.001791,0.001972,0.0036378,0.001792,0.001973,0.0035992
0.002111,0.001964,0.0043018,0.0021123,0.0019652,0.0042613
0.002082,0.001604,0.0038838,0.0020832,0.0016049,0.0038446
0.001629,0.001497,0.0038508,0.0016299,0.0014978,0.0038121
0.002149,0.001604,0.0042428,0.0021503,0.001605,0.0042026
0.001797,0.001992,0.0039258,0.001798,0.0019931,0.0038864
0.001675,0.002003,0.0042418,0.001676,0.0020043,0.0042017
0.001827,0.001714,0.0038668,0.001828,0.0017149,0.0038278
0.001556,0.00158,0.0042748,0.001557,0.001581,0.0042351
0.00169,0.0015,0.0046828,0.0016912,0.0015011,0.0046419
0.002698,0.001837,0.0019178,0.0026992,0.0018378,0.0018832
0.002742,0.001371,0.0023558,0.0027432,0.0013716,0.0023202
0.003067,0.001036,0.0023888,0.0030684,0.0010365,0.002353
0.003389,0.001049,0.0023368,0.0033906,0.0010495,0.002301
0.002266,0.002155,0.0022058,0.0022669,0.0021559,0.0021705
0.002779,0.002229,0.0023998,0.0027804,0.0022301,0.0023638
0.001989,0.002931,0.0023708,0.00199,0.0029324,0.0023349
0.002006,0.002579,0.0023148,0.0020069,0.0025802,0.0022792
0.000886,0.003219,0.0022518,0.0008864,0.0032204,0.0022163
0.001248,0.00283,0.0024028,0.0012486,0.0028313,0.0023671
0.000545,0.003311,0.0023468,0.0005453,0.0033126,0.002311
0.000458,0.003576,0.0023678,0.0004582,0.0035778,0.0023319
-0.000235,0.003417,0.0021858,-0.0002351,0.0034186,0.0021504
6.7e-05,0.003354,0.0021798,6.7e-05,0.0033555,0.0021445
-0.000676,0.00324,0.0022818,-0.0006763,0.0032415,0.0022462
-0.001068,0.002517,0.0019778,-0.0010684,0.002518,0.0019434
-0.001383,0.002545,0.0022298,-0.0013836,0.0025461,0.0021946
-0.001345,0.002967,0.0021808,-0.0013456,0.0029683,0.0021455
-0.00101,0.002932,0.0022458,-0.0010104,0.0029333,0.0022104
-0.00251,0.001066,0.0018908,-0.002511,0.0010664,0.0018565
-0.002863,0.001079,0.0022868,-0.0028642,0.0010794,0.0022514
-0.003534,0.000695,0.0023558,-0.0035357,0.0006953,0.0023199
-0.003257,0.000672,0.0022448,-0.0032585,0.0006723,0.0022093
-0.003399,-0.000784,0.0023428,-0.0034006,-0.0007844,0.002307
-0.003573,-0.000464,0.0023428,-0.0035747,-0.0004642,0.0023069
-0.003325,-0.00119,0.0024078,-0.0033266,-0.0011906,0.0023718
-0.002396,-0.001061,0.0028488,-0.002397,-0.0010615,0.0028123
-0.003079,-0.001675,0.0024328,-0.0030805,-0.0016758,0.0023968
-0.002684,-0.001914,0.0042618,-0.0026857,-0.0019152,0.0042211
-0.00234,-0.002146,0.0046128,-0.0023416,-0.0021474,0.0045713
-0.002387,-0.001631,0.0047328,-0.0023887,-0.0016321,0.0046912
-0.002371,-0.001978,0.0049748,-0.0023727,-0.0019795,0.0049325
-0.002582,-0.00233,0.0043368,-0.0025837,-0.0023315,0.0042958
-0.001545,-0.001382,0.0044178,-0.001546,-0.0013829,0.0043778
-0.001613,-0.001308,0.0038608,-0.0016139,-0.0013087,0.0038222
-0.001191,-0.001298,0.0039098,-0.0011917,-0.0012987,0.0038714
-0.001709,-0.000867,0.0038478,-0.0017099,-0.0008675,0.0038094
-0.001925,-0.000779,0.0042408,-0.0019261,-0.0007795,0.0042013
-0.001914,-0.00137,0.0044118,-0.0019152,-0.0013709,0.0043715
-0.002205,-0.002795,0.0023688,-0.0022061,-0.0027964,0.0023329
0.003314,-0.00048,0.0023998,0.0033155,-0.0004802,0.0023639
0.003414,-0.001012,0.0023518,0.0034157,-0.0010125,0.002316
-0.00321,0.000758,0.0211788,-0.00321,0.000758,0.0211188
-0.003478,0.000704,0.0209758,-0.003478,0.000704,0.0209158
-0.003204,0.000859,0.0208178,-0.003204,0.000859,0.0207578
-0.002603,0.001664,0.0191298,-0.002603,0.001664,0.0190698
-0.002259,0.001717,0.0192478,-0.002259,0.001717,0.0191878
-0.002373,0.00206,0.0193118,-0.002373,0.00206,0.0192518
-0.001963,0.002037,0.0192558,-0.001963,0.002037,0.0191958
-0.002512,0.002059,0.0196248,-0.002512,0.002059,0.0195648
-0.002326,0.001691,0.0196928,-0.002326,0.001691,0.0196328
-0.002087,0.001508,0.0195548,-0.002087,0.001508,0.0194948
-0.00287,0.001535,0.0193948,-0.00287,0.001535,0.0193348
-0.002694,0.001934,0.0192858,-0.002694,0.001934,0.0192258
0.003129,0.000689,0.0024318,0.0031304,0.0006893,0.0023959
0.003497,0.000675,0.0023768,0.0034987,0.0006754,0.0023409
0.001591,0.002961,0.0209618,0.001591,0.002961,0.0209018
0.002038,0.00289,0.0209618,0.002038,0.00289,0.0209018
0.001628,5.7e-05,0.0200938,0.001628,5.7e-05,0.0200338
0.001963,-0.000149,0.0199648,0.001963,-0.000149,0.0199048
0.002243,0.000148,0.0200618,0.002243,0.000148,0.0200018
0.002036,0.000402,0.0199148,0.002036,0.000402,0.0198548
0.001725,0.000317,0.0199968,0.001725,0.000317,0.0199368
0.001974,0.000782,0.0199558,0.001974,0.000782,0.0198958
0.002189,3.1e-05,0.0204058,0.002189,3.1e-05,0.0203458
0.001838,-0.00023,0.0202988,0.001838,-0.00023,0.0202388
0.001601,0.0008,0.0199248,0.001601,0.0008,0.0198648
0.001779,9.9e-05,0.0205078,0.001779,9.9e-05,0.0204478
0.00288,1.5e-05,0.0192378,0.00288,1.5e-05,0.0191778
0.002812,-5.7e-05,0.0195578,0.002812,-5.7e-05,0.0194978
0.002455,-5e-05,0.0195568,0.002455,-5e-05,0.0194968
0.002225,-0.000278,0.0194468,0.002225,-0.000278,0.0193868
0.002461,2.7e-05,0.0188018,0.002461,2.7e-05,0.0187418
0.003256,0.000186,0.0184918,0.003256,0.000186,0.0184318
0.001106,2.4e-05,0.0208298,0.001106,2.4e-05,0.0207698
0.001398,0.000126,0.0207598,0.001398,0.000126,0.0206998
0.001445,0.000441,0.0210498,0.001445,0.000441,0.0209898
0.001481,3.4e-05,0.0210378,0.001481,3.4e-05,0.0209778
0.001101,0.000102,0.0211428,0.001101,0.000102,0.0210828
0.00084,0.000151,0.0208468,0.00084,0.000151,0.0207868
0.000687,-5.9e-05,0.0210728,0.000687,-5.9e-05,0.0210128
0.001013,-0.000168,0.0209718,0.001013,-0.000168,0.0209118
0.001264,-0.000596,0.0207488,0.001264,-0.000596,0.0206888
0.000902,-0.000603,0.0207438,0.000902,-0.000603,0.0206838
0.001541,-0.000328,0.0200198,0.001541,-0.000328,0.0199598
0.001759,-0.000539,0.0197758,0.001759,-0.000539,0.0197158
0.00264,-0.000605,0.0194178,0.00264,-0.000605,0.0193578
0.002821,-0.000314,0.0193098,0.002821,-0.000314,0.0192498
0.002623,-0.000504,0.0191258,0.002623,-0.000504,0.0190658
-0.000333,-0.003387,0.0015148,-0.0003331,-0.0033884,0.0014812
6e-06,-0.003351,0.0015888,6e-06,-0.0033524,0.0015551
0.001998,0.001193,0.0199318,0.001998,0.001193,0.0198718
0.001691,0.001275,0.0200148,0.001691,0.001275,0.0199548
0.001717,0.001043,0.0200158,0.001717,0.001043,0.0199558
0.001665,0.001145,0.0202478,0.001665,0.001145,0.0201878
0.001649,0.001077,0.0196748,0.001649,0.001077,0.0196148
0.001746,0.00058,0.0201048,0.001746,0.00058,0.0200448
0.001842,0.000698,0.0195758,0.001842,0.000698,0.0195158
0.00339,0.000786,0.0209208,0.00339,0.000786,0.0208608
0.000898,-0.003445,0.0023228,0.0008984,-0.0034466,0.002287
0.000479,-0.003035,0.0022108,0.0004792,-0.0030363,0.0021756
0.00119,-0.003059,0.0021638,0.0011905,-0.0030604,0.0021286
0.002818,-0.002103,0.0023498,0.0028194,-0.002104,0.002314
8.4e-05,0.003273,0.0210048,8.4e-05,0.003273,0.0209448
-3.4e-05,0.00162,0.0206718,-3.4e-05,0.00162,0.0206118
-0.000422,0.001685,0.0211868,-0.000422,0.001685,0.0211268
-0.000449,0.001649,0.0204858,-0.000449,0.001649,0.0204258
-0.000465,0.002016,0.0199538,-0.000465,0.002016,0.0198938
-2.4e-05,0.002166,0.0199228,-2.4e-05,0.002166,0.0198628
-0.000224,0.002329,0.0200728,-0.000224,0.002329,0.0200128
-0.000523,0.003091,0.0191028,-0.000523,0.003091,0.0190428
-0.000278,0.003087,0.0197498,-0.000278,0.003087,0.0196898
-0.000569,0.002927,0.0195698,-0.000569,0.002927,0.0195098
0.000127,0.003231,0.0216058,0.000127,0.003231,0.0215458
-0.000738,0.001615,0.0199738,-0.000738,0.001615,0.0199138
-0.000828,0.001912,0.0200618,-0.000828,0.001912,0.0200018
-0.000603,0.001401,0.0202338,-0.000603,0.001401,0.0201738
-0.001008,0.001928,0.0202018,-0.001008,0.001928,0.0201418
-0.001163,0.001943,0.0196438,-0.001163,0.001943,0.0195838
-0.001909,0.002956,0.0209398,-0.001909,0.002956,0.0208798
-0.001477,0.002869,0.0210488,-0.001477,0.002869,0.0209888
-0.002267,0.002667,0.0027238,-0.0022681,0.0026684,0.002687
-0.001858,0.002631,0.0026888,-0.0018589,0.0026322,0.0026522
-0.001639,0.002779,0.0032678,-0.0016399,0.0027805,0.0032297
-0.001491,-0.003197,0.0023708,-0.0014917,-0.0031985,0.0023349
-0.001882,-0.003015,0.0023698,-0.0018829,-0.0030164,0.0023339
-0.001809,-0.002895,0.0031618,-0.0018099,-0.0028965,0.0031239
0.001816,-0.002568,0.0208618,0.001816,-0.002568,0.0208018
0.002291,-0.002678,0.0209448,0.002291,-0.002678,0.0208848
0.002345,-0.002582,0.0213138,0.002345,-0.002582,0.0212538
0.002082,-0.002516,0.0206248,0.002082,-0.002516,0.0205648
0.000885,-0.002011,0.0200308,0.000885,-0.002011,0.0199708
0.001026,-0.001684,0.0196868,0.001026,-0.001684,0.0196268
0.001382,-0.001337,0.0198048,0.001382,-0.001337,0.0197448
0.00078,-0.001644,0.0199938,0.00078,-0.001644,0.0199338
0.000971,-0.001398,0.0200418,0.000971,-0.001398,0.0199818
0.001703,-0.002096,0.0194408,0.001703,-0.002096,0.0193808
0.002063,-0.00218,0.0192328,0.002063,-0.00218,0.0191728
0.002349,-0.001886,0.0194568,0.002349,-0.001886,0.0193968
0.002038,-0.001742,0.0192628,0.002038,-0.001742,0.0192028
0.001705,-0.001716,0.0192658,0.001705,-0.001716,0.0192058
0.001572,-0.001454,0.0193798,0.001572,-0.001454,0.0193198
0.001679,-0.001686,0.0196488,0.001679,-0.001686,0.0195888
0.001602,-0.002425,0.0196268,0.001602,-0.002425,0.0195668
0.002642,-0.002372,0.0209318,0.002642,-0.002372,0.0208718
0.001013,-0.002838,0.0191768,0.001013,-0.002838,0.0191168
0.001352,-0.003004,0.0192088,0.001352,-0.003004,0.0191488
0.001688,-0.002432,0.0192408,0.001688,-0.002432,0.0191808
0.001321,-0.002089,0.0192478,0.001321,-0.002089,0.0191878
0.001079,-0.002734,0.0196448,0.001079,-0.002734,0.0195848
0.000753,-0.002808,0.0197278,0.000753,-0.002808,0.0196678
0.001093,-0.002083,0.0196118,0.001093,-0.002083,0.0195518
0.001973,-0.002928,0.0209098,0.001973,-0.002928,0.0208498
0.001247,-0.003034,0.0209808,0.001247,-0.003034,0.0209208
0.000854,-0.00348,0.0209248,0.000854,-0.00348,0.0208648
0.000618,-0.000947,0.0174358,0.000618,-0.000947,0.0173758
0.000925,-0.000915,0.0174378,0.000925,-0.000915,0.0173778
0.001092,-0.000599,0.0174918,0.001092,-0.000599,0.0174318
0.000742,-0.000619,0.0173858,0.000742,-0.000619,0.0173258
0.00015,-0.000756,0.0173418,0.00015,-0.000756,0.0172818
0.000905,-0.000199,0.0175558,0.000905,-0.000199,0.0174958
0.001075,7e-05,0.0173608,0.001075,7e-05,0.0173008
0.001374,-0.000925,0.0178418,0.001374,-0.000925,0.0177818
0.00061,-0.000934,0.0177348,0.00061,-0.000934,0.0176748
0.00108,-0.000667,0.0181088,0.00108,-0.000667,0.0180488
0.000775,-0.000456,0.0175848,0.000775,-0.000456,0.0175248
0.000592,-0.00067,0.0176838,0.000592,-0.00067,0.0176238
0.000143,-0.000739,0.0178988,0.000143,-0.000739,0.0178388
-0.000157,-0.000663,0.0179038,-0.000157,-0.000663,0.0178438
0.000651,-0.000335,0.0178008,0.000651,-0.000335,0.0177408
0.000699,-5.7e-05,0.0177588,0.000699,-5.7e-05,0.0176988
0.000659,-0.000724,0.0181028,0.000659,-0.000724,0.0180428
0.000166,-0.001046,0.0177578,0.000166,-0.001046,0.0176978
0.000744,-0.000992,0.0179858,0.000744,-0.000992,0.0179258
0.000667,-0.002412,0.0160938,0.000667,-0.002412,0.0160338
0.00102,-0.002412,0.0160248,0.00102,-0.002412,0.0159648
0.001124,-0.002096,0.0160628,0.001124,-0.002096,0.0160028
0.001456,-0.002224,0.0162238,0.001456,-0.002224,0.0161638
0.001447,-0.001853,0.0160318,0.001447,-0.001853,0.0159718
0.000514,-0.000589,0.0157538,0.000514,-0.000589,0.0156938
0.00058,-0.001986,0.0160378,0.00058,-0.001986,0.0159778
0.00024,-0.002105,0.0161548,0.00024,-0.002105,0.0160948
0.000439,-0.000563,0.0165628,0.000439,-0.000563,0.0165028
0.001158,-0.001713,0.0162778,0.001158,-0.001713,0.0162178
0.001107,-0.002323,0.0163768,0.001107,-0.002323,0.0163168
0.000992,-0.002688,0.0164938,0.000992,-0.002688,0.0164338
0.001331,-0.002564,0.0162768,0.001331,-0.002564,0.0162168
0.000595,-0.002638,0.0163898,0.000595,-0.002638,0.0163298
0.000989,-0.002491,0.0167708,0.000989,-0.002491,0.0167108
0.000568,-0.00165,0.0160748,0.000568,-0.00165,0.0160148
0.000635,-0.001363,0.0160098,0.000635,-0.001363,0.0159498
0.000331,0.000221,0.0159648,0.000331,0.000221,0.0159048
0.000482,-0.000474,0.0151118,0.000482,-0.000474,0.0150519
0.000584,0.00033,0.0167748,0.000584,0.00033,0.0167148
0.000264,-0.001706,0.0160408,0.000264,-0.001706,0.0159808
0.000719,-0.00169,0.0163918,0.000719,-0.00169,0.0163318
-0.000177,-0.002064,0.0162698,-0.000177,-0.002064,0.0162098
0.000605,-0.002167,0.0168828,0.000605,-0.002167,0.0168228
0.000826,-0.002432,0.0163888,0.000826,-0.002432,0.0163288
0.000404,-0.002395,0.0163698,0.000404,-0.002395,0.0163098
0.000695,-0.002615,0.0167698,0.000695,-0.002615,0.0167098
0.000155,-0.001773,0.0199738,0.000155,-0.001773,0.0199138
0.000753,-0.001113,0.0200098,0.000753,-0.001113,0.0199498
-0.000118,-0.001683,0.0198368,-0.000118,-0.001683,0.0197768
0.000409,-0.001482,0.0198518,0.000409,-0.001482,0.0197918
2.2e-05,-0.001624,0.0202068,2.2e-05,-0.001624,0.0201468
0.000313,-0.00126,0.0201728,0.000313,-0.00126,0.0201128
0.000357,-0.002225,0.0200898,0.000357,-0.002225,0.0200298
0.000265,-0.002175,0.0195398,0.000265,-0.002175,0.0194798
0.000271,-0.002909,0.0192878,0.000271,-0.002909,0.0192278
0.000397,-0.002816,0.0194618,0.000397,-0.002816,0.0194018
0.000692,-0.00289,0.0193428,0.000692,-0.00289,0.0192828
0.000496,-0.002639,0.0193208,0.000496,-0.002639,0.0192608
0.000461,-0.002501,0.0195588,0.000461,-0.002501,0.0194988
-7.8e-05,-0.002429,0.0196048,-7.8e-05,-0.002429,0.0195448
0.00048,-0.002657,0.0198018,0.00048,-0.002657,0.0197418
0.000498,-0.003456,0.0209558,0.000498,-0.003456,0.0208958
0.000492,-0.003064,0.0209498,0.000492,-0.003064,0.0208898
0.000304,-0.001326,0.0205658,0.000304,-0.001326,0.0205058
0.000341,-0.001181,0.0208558,0.000341,-0.001181,0.0207958
0.000482,-0.000893,0.0208198,0.000482,-0.000893,0.0207598
0.000334,-0.000935,0.0210628,0.000334,-0.000935,0.0210028
0.000101,-0.00331,0.0209888,0.000101,-0.00331,0.0209288
-0.000323,-0.001915,0.0200008,-0.000323,-0.001915,0.0199408
-0.000437,-0.001631,0.0199588,-0.000437,-0.001631,0.0198988
1e-05,-0.001392,0.0199488,1e-05,-0.001392,0.0198888
-0.000741,-0.001622,0.0198988,-0.000741,-0.001622,0.0198388
-0.000467,-0.001374,0.0200378,-0.000467,-0.001374,0.0199778
-0.000411,-0.002271,0.0201038,-0.000411,-0.002271,0.0200438
-0.000429,-0.002896,0.0192078,-0.000429,-0.002896,0.0191478
-0.000525,-0.002756,0.0194768,-0.000525,-0.002756,0.0194168
-9e-06,-0.002789,0.0196788,-9e-06,-0.002789,0.0196188
-5.8e-05,-0.001325,0.0210488,-5.8e-05,-0.001325,0.0209888
-0.000113,-0.000648,0.0207848,-0.000113,-0.000648,0.0207248
-0.000524,-0.000662,0.0209188,-0.000524,-0.000662,0.0208588
-0.000243,-0.001237,0.0204408,-0.000243,-0.001237,0.0203808
-0.000707,-0.003458,0.0208928,-0.000707,-0.003458,0.0208328
-0.000336,-0.003321,0.0208938,-0.000336,-0.003321,0.0208338
-0.000777,-0.001278,0.0200058,-0.000777,-0.001278,0.0199458
-0.001307,-0.001538,0.0200228,-0.001307,-0.001538,0.0199628
-0.001162,-0.001759,0.0201788,-0.001162,-0.001759,0.0201188
-0.001531,-0.000988,0.0200248,-0.001531,-0.000988,0.0199648
-0.001503,-0.001435,0.0202728,-0.001503,-0.001435,0.0202128
-0.001191,-0.000898,0.0198698,-0.001191,-0.000898,0.0198098
-0.001407,-0.000651,0.0198598,-0.001407,-0.000651,0.0197998
-0.001791,-0.001288,0.0198238,-0.001791,-0.001288,0.0197638
-0.001668,-0.001965,0.0191678,-0.001668,-0.001965,0.0191078
-0.001113,-0.001916,0.0192748,-0.001113,-0.001916,0.0192148
-0.001452,-0.001738,0.0191648,-0.001452,-0.001738,0.0191048
-0.001606,-0.001483,0.0193648,-0.001606,-0.001483,0.0193048
-0.001561,-0.001481,0.0196958,-0.001561,-0.001481,0.0196358
-0.001813,-0.001646,0.0192418,-0.001813,-0.001646,0.0191818
-0.001973,-0.001752,0.0194798,-0.001973,-0.001752,0.0194198
-0.001889,-0.002262,0.0192478,-0.001889,-0.002262,0.0191878
-0.001989,-0.002109,0.0189138,-0.001989,-0.002109,0.0188538
-0.002041,-0.002968,0.0206238,-0.002041,-0.002968,0.0205638
-0.002169,-0.002703,0.0205128,-0.002169,-0.002703,0.0204528
-0.001948,-0.002701,0.0186998,-0.001948,-0.002701,0.0186398
-0.001683,-0.002556,0.0185188,-0.001683,-0.002556,0.0184588
-0.00131,-0.002514,0.0184508,-0.00131,-0.002514,0.0183908
-0.002065,-0.002537,0.0184638,-0.002065,-0.002537,0.0184038
-0.001455,-0.002219,0.0185978,-0.001455,-0.002219,0.0185378
-0.001717,-0.002416,0.0188528,-0.001717,-0.002416,0.0187928
-0.002082,-0.002105,0.0184328,-0.002082,-0.002105,0.0183728
-0.001856,-0.002729,0.0183098,-0.001856,-0.002729,0.0182498
-0.002232,-0.002691,0.0209588,-0.002232,-0.002691,0.0208988
-0.003053,-0.001622,0.0209958,-0.003053,-0.001622,0.0209358
-0.002667,-0.001588,0.0209188,-0.002667,-0.001588,0.0208588
-0.002833,-0.002186,0.0201578,-0.002833,-0.002186,0.0200978
-0.002578,-0.002372,0.0203578,-0.002578,-0.002372,0.0202978
-0.002336,-0.002371,0.0184868,-0.002336,-0.002371,0.0184268
-0.002467,-0.001918,0.0184438,-0.002467,-0.001918,0.0183838
-0.002099,-0.001633,0.0184888,-0.002099,-0.001633,0.0184288
-0.00305,-0.001782,0.0185128,-0.00305,-0.001782,0.0184528
-0.002396,-0.001536,0.0184868,-0.002396,-0.001536,0.0184268
-0.002542,-0.001755,0.0188238,-0.002542,-0.001755,0.0187638
-0.00241,-0.002163,0.0188028,-0.00241,-0.002163,0.0187428
-0.002926,-0.001448,0.0185878,-0.002926,-0.001448,0.0185278
-0.002931,-0.001791,0.0188628,-0.002931,-0.001791,0.0188028
-0.002657,-0.002348,0.0185258,-0.002657,-0.002348,0.0184658
-0.003376,-0.001122,0.0209318,-0.003376,-0.001122,0.0208718
-0.003347,-0.000827,0.0210098,-0.003347,-0.000827,0.0209498
-0.001566,-0.000682,0.0201388,-0.001566,-0.000682,0.0200788
-0.001147,-0.000623,0.0200018,-0.001147,-0.000623,0.0199418
-0.001503,-0.000312,0.0199058,-0.001503,-0.000312,0.0198458
-0.001126,-0.000409,0.0198818,-0.001126,-0.000409,0.0198218
-0.001464,3.1e-05,0.0200408,-0.001464,3.1e-05,0.0199808
-0.001736,-0.000518,0.0198718,-0.001736,-0.000518,0.0198118
-0.002677,-0.0006,0.0191828,-0.002677,-0.0006,0.0191228
-0.002319,-0.000256,0.0196918,-0.002319,-0.000256,0.0196318
-0.00312,-0.000661,0.0185308,-0.00312,-0.000661,0.0184708
-0.003089,-0.000297,0.0184648,-0.003089,-0.000297,0.0184048
-0.002745,-0.000265,0.0184678,-0.002745,-0.000265,0.0184078
-0.002959,7.6e-05,0.0185348,-0.002959,7.6e-05,0.0184748
-0.003224,-0.000135,0.0188048,-0.003224,-0.000135,0.0187448
-0.002967,-0.000705,0.0189078,-0.002967,-0.000705,0.0188478
-0.003282,-0.000535,0.0183388,-0.003282,-0.000535,0.0182788
-0.00116,0.000195,0.0207578,-0.00116,0.000195,0.0206978
-0.000763,5.7e-05,0.0211788,-0.000763,5.7e-05,0.0211188
-0.000423,7.3e-05,0.0211448,-0.000423,7.3e-05,0.0210848
-0.000855,-0.000333,0.0211228,-0.000855,-0.000333,0.0210628
-0.000921,-2.6e-05,0.0214298,-0.000921,-2.6e-05,0.0213698
-0.001198,-7.3e-05,0.0197298,-0.001198,-7.3e-05,0.0196698
-0.001394,0.000371,0.0198708,-0.001394,0.000371,0.0198108
-0.001387,0.000813,0.0199328,-0.001387,0.000813,0.0198728
-0.001649,0.000306,0.0200858,-0.001649,0.000306,0.0200258
-0.001943,-6e-06,0.0196448,-0.001943,-6e-06,0.0195848
-0.002858,0.000815,0.0191648,-0.002858,0.000815,0.0191048
-0.002516,-9.4e-05,0.0193588,-0.002516,-9.4e-05,0.0192988
-0.00269,5.6e-05,0.0189448,-0.00269,5.6e-05,0.0188848
-0.001006,-0.000464,0.0205238,-0.001006,-0.000464,0.0204638
-0.001249,0.000267,0.0215218,-0.001249,0.000267,0.0214618
-0.000678,0.000161,0.0215308,-0.000678,0.000161,0.0214708
-0.00057,0.000436,0.0213128,-0.00057,0.000436,0.0212528
-0.000502,-0.000203,0.0214478,-0.000502,-0.000203,0.0213878
-0.000891,-0.000331,0.0214618,-0.000891,-0.000331,0.0214018
-0.000455,6.8e-05,0.0218328,-0.000455,6.8e-05,0.0217728
-0.000834,-0.000202,0.0218298,-0.000834,-0.000202,0.0217698
-0.001158,-9.1e-05,0.0216038,-0.001158,-9.1e-05,0.0215438
-0.002237,0.000126,0.0184918,-0.002237,0.000126,0.0184318
-0.00308,0.000509,0.0183988,-0.00308,0.000509,0.0183388
-0.003066,0.000115,0.0189858,-0.003066,0.000115,0.0189258
-0.002727,0.000478,0.0184858,-0.002727,0.000478,0.0184258
-0.002897,0.000909,0.0184208,-0.002897,0.000909,0.0183608
-0.003061,0.000514,0.0189248,-0.003061,0.000514,0.0188648
-0.002913,5.9e-05,0.0177868,-0.002913,5.9e-05,0.0177268
-0.003162,0.000229,0.0177608,-0.003162,0.000229,0.0177008
-0.002973,0.000467,0.0179008,-0.002973,0.000467,0.0178408
-0.002636,0.000448,0.0178978,-0.002636,0.000448,0.0178378
-0.003045,0.000861,0.0177518,-0.003045,0.000861,0.0176918
-0.003042,-3.8e-05,0.0181298,-0.003042,-3.8e-05,0.0180698
-0.002647,-9.3e-05,0.0181738,-0.002647,-9.3e-05,0.0181138
-0.003267,-8.2e-05,0.0177918,-0.003267,-8.2e-05,0.0177318
-0.00304,-0.000302,0.0177658,-0.00304,-0.000302,0.0177058
-0.000598,0.000405,0.0174438,-0.000598,0.000405,0.0173838
-0.000238,0.000408,0.0175328,-0.000238,0.000408,0.0174728
-0.000419,0.000781,0.0174608,-0.000419,0.000781,0.0174008
-4.2e-05,0.000668,0.0173898,-4.2e-05,0.000668,0.0173298
0.00026,0.000842,0.0173928,0.00026,0.000842,0.0173328
-5.9e-05,0.001053,0.0173708,-5.9e-05,0.001053,0.0173108
-0.000855,0.000749,0.0175238,-0.000855,0.000749,0.0174638
-0.000307,0.001382,0.0173668,-0.000307,0.001382,0.0173068
-0.000666,0.000846,0.0178488,-0.000666,0.000846,0.0177888
-0.000415,0.000276,0.0178418,-0.000415,0.000276,0.0177818
-1.5e-05,0.000519,0.0178608,-1.5e-05,0.000519,0.0178008
-0.000761,0.000433,0.0178228,-0.000761,0.000433,0.0177628
-0.000508,3.8e-05,0.0175658,-0.000508,3.8e-05,0.0175058
-0.00016,0.000363,0.0182498,-0.00016,0.000363,0.0181898
-0.000905,0.001248,0.0175148,-0.000905,0.001248,0.0174548
-0.000756,0.000701,0.0181828,-0.000756,0.000701,0.0181228
-0.000698,4.2e-05,0.0179218,-0.000698,4.2e-05,0.0178618
-0.000722,-0.000329,0.0178038,-0.000722,-0.000329,0.0177438
-0.000972,0.000455,0.0183178,-0.000972,0.000455,0.0182578
-0.002845,0.00037,0.0209538,-0.002845,0.00037,0.0208938
-0.001757,0.001016,0.0199828,-0.001757,0.001016,0.0199228
-0.001536,0.001305,0.0198498,-0.001536,0.001305,0.0197898
-0.00119,0.00119,0.0198238,-0.00119,0.00119,0.0197638
-0.002013,0.001112,0.0196058,-0.002013,0.001112,0.0195458
-0.001716,0.000651,0.0200128,-0.001716,0.000651,0.0199528
-0.001879,0.000721,0.0196318,-0.001879,0.000721,0.0195718
-0.002559,0.00107,0.0193408,-0.002559,0.00107,0.0192808
-0.001918,0.00126,0.0191558,-0.001918,0.00126,0.0190958
-0.002521,0.000714,0.0193708,-0.002521,0.000714,0.0193108
-0.002858,0.001117,0.0209188,-0.002858,0.001117,0.0208588
-0.002493,0.002413,0.0213918,-0.002493,0.002413,0.0213318
7.8e-05,-0.003302,0.0019428,7.8e-05,-0.0033034,0.0019081
0.00197,-0.002694,0.0019818,0.0019709,-0.0026952,0.001947
0.002328,-0.002603,0.0019868,0.002329,-0.0026042,0.0019519
0.001599,-0.003133,0.0024158,0.0015998,-0.0031345,0.0023799
0.002009,-0.002957,0.0023628,0.00201,-0.0029584,0.0023269
0.001913,-0.002659,0.0023678,0.0019139,-0.0026602,0.002332
0.002321,-0.002671,0.0023798,0.0023221,-0.0026723,0.0023439
0.001041,0.001239,0.0199728,0.001041,0.001239,0.0199128
0.000944,0.001604,0.0200668,0.000944,0.001604,0.0200068
0.001291,0.001544,0.0200198,0.001291,0.001544,0.0199598
0.001385,0.001853,0.0199528,0.001385,0.001853,0.0198928
0.000967,0.001979,0.0200678,0.000967,0.001979,0.0200078
0.001334,0.001496,0.0203778,0.001334,0.001496,0.0203178
0.001169,0.001811,0.0201368,0.001169,0.001811,0.0200768
0.000613,0.001781,0.0198718,0.000613,0.001781,0.0198118
0.000753,0.001454,0.0202998,0.000753,0.001454,0.0202398
0.001078,0.002196,0.0194708,0.001078,0.002196,0.0194108
0.001521,0.002246,0.0190658,0.001521,0.002246,0.0190058
0.001402,0.002237,0.0193638,0.001402,0.002237,0.0193038
0.001307,0.002237,0.0196508,0.001307,0.002237,0.0195908
0.000882,0.002234,0.0192508,0.000882,0.002234,0.0191908
0.001073,0.002658,0.0196668,0.001073,0.002658,0.0196068
-0.000426,0.001489,0.0198208,-0.000426,0.001489,0.0197608
-5e-05,0.001681,0.0199478,-5e-05,0.001681,0.0198878
0.000258,0.00194,0.0198888,0.000258,0.00194,0.0198288
-0.000122,0.001616,0.0203458,-0.000122,0.001616,0.0202858
0.000345,0.001684,0.0201358,0.000345,0.001684,0.0200758
3.7e-05,0.002241,0.0191838,3.7e-05,0.002241,0.0191238
1.6e-05,0.002613,0.0191468,1.6e-05,0.002613,0.0190868
6.3e-05,0.002412,0.0195288,6.3e-05,0.002412,0.0194688
-0.000296,0.002375,0.0197398,-0.000296,0.002375,0.0196798
-0.000284,0.002452,0.0191008,-0.000284,0.002452,0.0190408
-0.000464,0.003066,0.0185898,-0.000464,0.003066,0.0185298
-0.000101,0.003034,0.0184788,-0.000101,0.003034,0.0184188
-0.000299,0.002955,0.0188298,-0.000299,0.002955,0.0187698
0.000315,0.003114,0.0189718,0.000315,0.003114,0.0189118
-0.000336,-0.0019,0.0028408,-0.0003362,-0.0019008,0.0028048
3.7e-05,-0.002623,0.0031098,3.7e-05,-0.0026242,0.0030726
-0.000453,-0.001273,0.0027978,-0.0004532,-0.0012735,0.0027622
-0.000386,-0.001393,0.0032408,-0.0003862,-0.0013936,0.0032042
-0.000359,-0.002281,0.0029038,-0.0003592,-0.002282,0.0028674
-0.000202,-0.002648,0.0034938,-0.0002021,-0.0026494,0.0034556
-0.000115,-0.002903,0.0034728,-0.0001151,-0.0029046,0.0034345
-6.2e-05,-0.002455,0.0041588,-6.2e-05,-0.0024565,0.0041191
-0.000233,-0.002886,0.0037508,-0.0002331,-0.0028876,0.0037117
-0.000421,-0.0021,0.0039038,-0.0004212,-0.0021012,0.0038651
-0.000422,-0.002531,0.0042058,-0.0004223,-0.0025326,0.0041659
-0.000361,-0.002752,0.0046348,-0.0003612,-0.0027539,0.0045935
-0.000681,-0.003404,0.0020278,-0.0006813,-0.0034055,0.0019928
-0.000343,-0.003436,0.0020428,-0.0003432,-0.0034375,0.0020078
-0.000731,-0.002987,0.0019628,-0.0007313,-0.0029882,0.0019282
-0.000429,-0.003108,0.0019038,-0.0004291,-0.0031092,0.0018693
-0.001162,-0.002295,0.0036828,-0.0011626,-0.0022962,0.0036442
-0.001097,-0.001928,0.0036548,-0.0010976,-0.001929,0.0036166
-0.00077,-0.001666,0.0042858,-0.0007705,-0.001667,0.0042464
-0.001244,-0.001726,0.0039438,-0.0012447,-0.0017269,0.003905
-0.000883,-0.001784,0.0039238,-0.0008835,-0.001785,0.0038851
-0.001335,-0.001947,0.0041728,-0.0013358,-0.0019482,0.0041331
-0.000927,-0.001032,0.0060998,-0.000928,-0.0010332,0.0060558
-0.000541,-0.000951,0.0060318,-0.0005416,-0.000952,0.0059883
-0.000263,-0.000957,0.0062028,-0.0002633,-0.0009582,0.0061588
-0.000406,-0.000622,0.0061048,-0.0004065,-0.0006227,0.0060613
-2e-05,-0.000691,0.0060418,-2e-05,-0.0006918,0.0059985
0.000192,-0.000591,0.0063158,0.0001922,-0.0005917,0.0062716
0.000706,-0.000361,0.0081148,0.0007071,-0.0003616,0.008064
-0.000324,-0.000319,0.0077748,-0.0003246,-0.0003196,0.0077249
-0.000754,-0.0006,0.0059358,-0.0007548,-0.0006007,0.0058928
-0.000792,-0.000652,0.0063328,-0.000793,-0.0006528,0.0062884
-0.000536,-0.000218,0.0059968,-0.0005366,-0.0002182,0.0059537
-0.000521,-0.000596,0.0064538,-0.0005216,-0.0005967,0.0064091
-0.000445,-0.001027,0.0064978,-0.0004456,-0.0010283,0.0064527
2.7e-05,-0.000958,0.0064158,2.7e-05,-0.0009592,0.0063711
-0.000771,-0.001082,0.0064118,-0.0007719,-0.0010833,0.0063669
-0.000501,-0.000906,0.0069628,-0.0005017,-0.0009073,0.0069161
-0.000264,0.000325,0.0080958,-0.0002645,0.0003256,0.0080446
-0.00019,-0.00044,0.0088058,-0.0001902,-0.0004405,0.0087522
-0.000667,-0.000403,0.0062588,-0.0006678,-0.0004035,0.0062148
-0.000888,-0.000182,0.0064188,-0.0008891,-0.0001822,0.0063741
-0.000652,2.2e-05,0.0063628,-0.0006528,2.2e-05,0.0063184
-0.000761,-0.000754,0.0066108,-0.000762,-0.000755,0.0065654
-0.000958,-0.001461,0.0063998,-0.0009591,-0.0014627,0.0063545
-0.000945,-0.001002,0.0068108,-0.0009462,-0.0010033,0.0067645
-0.000844,-0.002389,0.0073838,-0.0008448,-0.0023913,0.0073357
-0.000679,-0.002308,0.0076548,-0.0006797,-0.0023102,0.007606
-0.000443,-0.002453,0.0075418,-0.0004434,-0.0024553,0.0074933
-0.000432,-0.002067,0.0075028,-0.0004324,-0.0020692,0.0074544
9.5e-05,-0.002209,0.0073758,9.51e-05,-0.0022113,0.0073277
-4.1e-05,-0.002099,0.0081918,-4.1e-05,-0.0021011,0.0081418
-0.000874,-0.002111,0.0074198,-0.0008749,-0.0021131,0.0073716
-0.000897,-0.002164,0.0084008,-0.0008978,-0.002166,0.0083505
-0.000464,-0.001723,0.0074548,-0.0004645,-0.001725,0.0074065
-0.000383,-0.002429,0.0078368,-0.0003834,-0.0024313,0.0077877
-4e-05,-0.002413,0.0077358,-4e-05,-0.0024153,0.0076869
-0.000925,-0.002423,0.0078548,-0.0009258,-0.0024252,0.0078056
-0.000466,-0.001872,0.0078208,-0.0004665,-0.001874,0.0077716
-0.000397,-0.002368,0.0082108,-0.0003974,-0.0023702,0.0081609
-0.000676,-0.002019,0.0075828,-0.0006767,-0.0020211,0.0075342
-0.00089,-0.001759,0.0075568,-0.000891,-0.0017609,0.0075082
-0.000804,-0.001795,0.0082418,-0.0008048,-0.0017968,0.0081916
-0.000777,-0.002042,0.0078608,-0.0007778,-0.002044,0.0078116
-0.000926,-0.001382,0.0077598,-0.0009271,-0.0013836,0.0077107
-0.000633,-0.002326,0.0079528,-0.0006336,-0.0023282,0.0079034
-0.000808,-0.002475,0.0082238,-0.0008087,-0.0024771,0.0081739
-0.000772,-0.002506,0.0085598,-0.0007726,-0.0025081,0.0085092
0.000113,-0.00334,0.0023758,0.0001131,-0.0033415,0.00234
0.002294,0.002177,0.0208808,0.002294,0.002177,0.0208208
0.001903,-0.000524,0.0035278,0.0019039,-0.0005243,0.0034901
0.001663,-0.000321,0.0034508,0.0016638,-0.0003212,0.0034135
0.001842,-0.000305,0.0038108,0.001843,-0.0003052,0.0037725
0.002268,-0.000316,0.0043928,0.0022695,-0.0003162,0.0043527
0.001717,-3e-06,0.0039918,0.001718,-3e-06,0.0039532
0.001761,-0.000636,0.0039058,0.001762,-0.0006363,0.0038673
0.001594,-0.00031,0.0041458,0.001595,-0.0003102,0.0041069
0.001596,-0.000641,0.0041978,0.001597,-0.0006414,0.0041587
0.001637,-0.00096,0.0042068,0.001638,-0.0009606,0.0041675
0.001637,-0.000567,0.0046778,0.0016382,-0.0005674,0.0046375
0.002888,-0.000257,0.0026288,0.0028893,-0.0002572,0.0025926
0.001412,-0.000171,0.0030798,0.0014126,-0.0001711,0.0030435
0.000869,-0.000508,0.0028898,0.0008694,-0.0005082,0.0028542
0.000677,-0.000235,0.0027508,0.0006772,-0.0002351,0.0027156
0.001352,0.000183,0.0028208,0.0013525,0.0001831,0.0027851
0.001507,0.000655,0.0031668,0.0015077,0.0006553,0.0031302
0.001391,-0.000198,0.0035348,0.0013917,-0.0001981,0.0034975
0.000892,0.000127,0.0028588,0.0008924,0.000127,0.0028233
0.000635,0.000452,0.0028098,0.0006352,0.0004522,0.0027745
0.00058,9.4e-05,0.0028758,0.0005802,9.41e-05,0.0028404
0.000707,3.3e-05,0.0032038,0.0007073,3.3e-05,0.0031677
0.002035,-6.5e-05,0.0042108,0.0020362,-6.51e-05,0.0041714
0.002036,4.4e-05,0.0038978,0.0020371,4.4e-05,0.0038592
0.001637,0.000613,0.0041358,0.0016379,0.0006133,0.0040968
0.001623,0.000435,0.0039068,0.0016239,0.0004352,0.0038684
0.001671,0.000876,0.0039518,0.0016719,0.0008765,0.0039132
0.001756,-1.3e-05,0.0035928,0.0017569,-1.3e-05,0.0035551
0.001729,0.00028,0.0042258,0.00173,0.0002801,0.0041866
0.002551,0.000326,0.0042288,0.0025526,0.0003262,0.0041887
0.002382,0.000606,0.0041638,0.0023834,0.0006064,0.004124
0.002911,0.000441,0.0046448,0.002913,0.0004413,0.0046034
0.00285,-5.6e-05,0.0046088,0.0028519,-5.6e-05,0.0045675
0.002414,0.000102,0.0045718,0.0024156,0.000102,0.004531
0.003063,-0.000406,0.0045278,0.003065,-0.0004063,0.0044866
0.002585,-4.2e-05,0.0043238,0.0025866,-4.2e-05,0.0042835
0.003048,-0.001102,0.0208508,0.003048,-0.001102,0.0207908
0.003065,-0.000398,0.0209868,0.003065,-0.000398,0.0209268
0.000876,0.001682,0.0036038,0.0008764,0.0016829,0.003566
0.001411,0.001523,0.0034168,0.0014117,0.0015237,0.0033793
0.001172,0.001659,0.0036128,0.0011726,0.0016598,0.0035749
0.001252,0.0018,0.0041678,0.0012528,0.0018011,0.0041284
0.001335,0.001523,0.0038768,0.0013357,0.0015238,0.0038382
0.001042,0.001645,0.0039258,0.0010426,0.0016459,0.0038872
0.000694,0.001587,0.0038828,0.0006944,0.0015879,0.0038444
0.001016,0.001584,0.0042828,0.0010166,0.001585,0.0042433
0.001437,0.002427,0.0043578,0.0014379,0.0024286,0.0043172
0.001563,0.002614,0.0047568,0.0015641,0.0026158,0.004715
0.001555,0.002346,0.0050628,0.0015562,0.0023478,0.0050204
0.000854,0.002439,0.0044228,0.0008546,0.0024406,0.0043823
0.000567,0.000344,0.0060478,0.0005676,0.0003444,0.0060045
0.00096,0.000534,0.0060608,0.0009611,0.0005346,0.0060173
0.000987,0.000954,0.0061218,0.0009881,0.0009551,0.0060777
0.001281,0.000699,0.0060458,0.0012824,0.0006998,0.0060019
0.001396,0.000576,0.0063468,0.0013976,0.0005767,0.0063019
0.000675,0.000778,0.0059998,0.0006757,0.0007789,0.0059565
0.000661,0.000839,0.0063328,0.0006618,0.00084,0.0062883
0.000492,0.001058,0.0079608,0.0004927,0.0010594,0.0079109
0.000373,0.000177,0.0082218,0.0003737,0.0001773,0.0081701
0.001101,0.00126,0.0060298,0.0011021,0.0012613,0.0059857
0.000985,0.00069,0.0063708,0.0009862,0.0006908,0.0063261
0.001079,0.000374,0.0064408,0.0010804,0.0003744,0.0063959
0.000689,0.000529,0.0063088,0.0006898,0.0005296,0.0062645
0.00105,-1.1e-05,0.0063058,0.0010513,-1.1e-05,0.0062614
0.001107,-0.000274,0.0064558,0.0011084,-0.0002743,0.0064109
0.001034,0.000482,0.0068618,0.0010354,0.0004827,0.0068154
0.001088,0.00053,0.0072038,0.0010895,0.0005307,0.0071562
0.000508,0.000178,0.0088288,0.0005085,0.0001782,0.0087754
0.000324,0.000869,0.0060628,0.0003244,0.00087,0.0060194
0.000818,0.001268,0.0059178,0.0008188,0.0012693,0.0058742
0.000338,0.000935,0.0064278,0.0003384,0.0009362,0.006383
0.000608,0.001187,0.0062508,0.0006087,0.0011884,0.0062063
0.000733,0.000868,0.0068848,0.000734,0.0008692,0.0068384
0.000584,0.000945,0.0071978,0.0005848,0.0009463,0.0071502
0.000522,0.001096,0.0088218,0.0005226,0.0010972,0.0087696
0.000258,0.000377,0.0064328,0.0002583,0.0003775,0.0063883
0.000774,0.000138,0.0063958,0.0007749,0.0001382,0.0063512
0.000579,0.00041,0.0069168,0.0005798,0.0004106,0.0068704
0.000655,0.001842,0.0073708,0.0006557,0.001844,0.0073227
0.000747,0.002032,0.0075478,0.0007478,0.0020341,0.0074993
0.001036,0.001879,0.0073888,0.0010371,0.001881,0.0073407
0.001051,0.002189,0.0074208,0.001052,0.0021912,0.0073726
0.001363,0.002346,0.0074608,0.0013643,0.0023482,0.0074125
0.000656,0.002241,0.0073688,0.0006567,0.0022432,0.0073207
0.000634,0.002267,0.0081608,0.0006346,0.0022691,0.008111
0.001107,0.00262,0.0073928,0.001108,0.0026224,0.0073447
0.00107,0.002267,0.0082128,0.0010709,0.002269,0.0081629
0.001071,0.00192,0.0082738,0.001072,0.0019218,0.0082237
0.001307,0.002056,0.0076868,0.0013082,0.002058,0.007638
0.001708,0.002181,0.0077138,0.0017095,0.002183,0.007665
0.000715,0.001831,0.0077648,0.0007157,0.001833,0.0077157
0.001014,0.001614,0.0078158,0.0010151,0.0016157,0.0077666
0.00034,0.002244,0.0075348,0.0003403,0.0022463,0.0074863
0.000676,0.002679,0.0073848,0.0006766,0.0026815,0.0073367
0.000662,0.002215,0.0077678,0.0006626,0.0022172,0.0077187
0.000361,0.002201,0.0078718,0.0003614,0.0022032,0.0078225
0.000709,0.002722,0.0077588,0.0007096,0.0027244,0.0077099
0.000684,0.002039,0.0079698,0.0006847,0.002041,0.0079203
0.000644,0.001538,0.0078598,0.0006447,0.0015398,0.0078104
0.000722,0.00189,0.0081628,0.0007227,0.0018919,0.0081128
0.00074,0.001876,0.0085048,0.0007407,0.0018778,0.0084541
0.00034,0.00198,0.0081198,0.0003404,0.001982,0.0080699
0.000757,0.001538,0.0082128,0.0007578,0.0015397,0.0081626
0.000925,0.002845,0.0026528,0.0009254,0.0028463,0.0026165
0.0009,0.003258,0.0026208,0.0009004,0.0032596,0.0025843
0.001122,0.003055,0.0032388,0.0011226,0.0030566,0.0032008
0.000959,0.003232,0.0030348,0.0009595,0.0032337,0.0029972
8.9e-05,0.003327,0.0026118,8.9e-05,0.0033286,0.0025753
0.000507,0.003305,0.0026218,0.0005073,0.0033066,0.0025853
0.000304,0.001579,0.0034588,0.0003042,0.0015797,0.0034215
0.000366,0.001831,0.0036808,0.0003662,0.0018319,0.0036428
0.000589,0.001722,0.0036518,0.0005893,0.0017229,0.0036139
0.000658,0.00157,0.0042948,0.0006584,0.001571,0.0042555
0.000232,0.001539,0.0039798,0.0002321,0.0015399,0.0039414
0.000257,0.001918,0.0039568,0.0002571,0.0019191,0.0039181
-8e-05,0.001961,0.0039018,-8.01e-05,0.0019621,0.0038632
0.000264,0.001938,0.0043428,0.0002642,0.0019392,0.0043031
0.000274,0.001569,0.0042898,0.0002742,0.00157,0.0042506
0.000294,0.001588,0.0045998,0.0002942,0.0015891,0.0045598
0.000353,0.003234,0.0049908,0.0003532,0.0032363,0.0049483
0.000758,0.002951,0.0048418,0.0007585,0.0029531,0.0047998
0.000568,0.003099,0.0049968,0.0005684,0.0031013,0.0049543
0.000624,0.002957,0.0052268,0.0006245,0.0029593,0.0051839
0.000717,0.003002,0.0056348,0.0007176,0.0030044,0.0055908
0.000301,0.00298,0.0056798,0.0003012,0.0029825,0.0056358
0.000352,0.002974,0.0060628,0.0003523,0.0029766,0.0060179
-0.000624,0.003243,0.0026128,-0.0006243,0.0032446,0.0025764
-0.0003,0.003314,0.0026208,-0.0003002,0.0033156,0.0025844
-0.001309,0.001474,0.0034198,-0.0013096,0.0014747,0.0033824
-0.001105,0.00165,0.0035988,-0.0011056,0.0016509,0.0035609
-0.000653,0.001689,0.0035938,-0.0006533,0.0016898,0.0035561
-0.000778,0.001586,0.0038658,-0.0007784,0.0015869,0.0038275
-0.000466,0.001508,0.0039518,-0.0004663,0.0015089,0.0039134
-0.000976,0.00154,0.0041568,-0.0009766,0.0015409,0.0041177
-0.001095,0.001893,0.0037208,-0.0010956,0.001894,0.0036825
-0.001282,0.001952,0.0039358,-0.0012827,0.0019531,0.0038968
-0.001243,0.001924,0.0042618,-0.0012437,0.0019252,0.004222
-0.001091,0.001714,0.0039148,-0.0010916,0.001715,0.0038761
-0.001296,0.001598,0.0042358,-0.0012968,0.001599,0.0041963
-0.00126,0.001585,0.0046088,-0.0012609,0.0015861,0.0045684
-0.001369,0.002638,0.0026498,-0.0013696,0.0026392,0.0026135
-0.001027,0.002551,0.0026338,-0.0010274,0.0025521,0.0025977
-0.000805,0.00277,0.0032648,-0.0008054,0.0027714,0.003227
-0.001182,0.00277,0.0031888,-0.0011826,0.0027714,0.0031511
-0.000733,0.000925,0.0029058,-0.0007333,0.0009254,0.00287
-0.000868,0.001211,0.0028008,-0.0008684,0.0012115,0.0027651
-0.000501,0.001169,0.0028728,-0.0005012,0.0011694,0.002837
-0.000468,0.000858,0.0027958,-0.0004682,0.0008583,0.0027604
-0.001193,0.001215,0.0031678,-0.0011935,0.0012155,0.0031312
-0.001232,0.001202,0.0035368,-0.0012326,0.0012026,0.0034993
-0.001151,0.000585,0.0028438,-0.0011515,0.0005852,0.0028081
-0.00129,0.000899,0.0034818,-0.0012906,0.0008994,0.0034445
-0.002195,0.002219,0.0026388,-0.002196,0.00222,0.0026025
-0.002599,0.002369,0.0031498,-0.0026004,0.0023703,0.0031119
-0.001634,0.000852,0.0042688,-0.001635,0.0008525,0.0042294
-0.001656,0.001267,0.0035098,-0.0016568,0.0012676,0.003472
-0.001592,0.001177,0.0042938,-0.001593,0.0011777,0.0042542
-0.001607,0.000836,0.0038968,-0.0016079,0.0008365,0.0038584
-0.001249,0.000825,0.0038978,-0.0012497,0.0008255,0.0038596
-0.00198,0.000825,0.0038778,-0.0019811,0.0008255,0.0038391
-0.001992,0.001204,0.0038968,-0.0019931,0.0012046,0.0038579
-0.001621,0.001173,0.0039298,-0.0016219,0.0011736,0.0038912
-0.002024,0.001235,0.0042528,-0.0020252,0.0012358,0.0042129
-0.00177,0.000643,0.0037388,-0.0017709,0.0006433,0.0037007
-0.001974,0.000798,0.0042388,-0.0019752,0.0007985,0.0041992
-0.00207,0.002414,0.0049688,-0.0020715,0.0024157,0.0049264
-0.001657,0.002331,0.0049738,-0.0016582,0.0023327,0.0049316
-0.001587,0.002774,0.0050068,-0.0015882,0.002776,0.0049643
-0.001693,0.002754,0.0056838,-0.0016944,0.0027562,0.0056396
-0.001614,0.002345,0.0053208,-0.0016153,0.0023469,0.0052777
-0.001272,0.002298,0.0053978,-0.001273,0.0022999,0.0053546
-0.001923,0.002319,0.0052408,-0.0019245,0.0023208,0.0051978
-0.001554,0.002439,0.0057438,-0.0015553,0.0024411,0.0056997
-0.001524,0.002833,0.0053828,-0.0015252,0.0028352,0.0053394
-0.002109,0.002318,0.0055948,-0.0021107,0.0023199,0.0055509
-0.002092,0.00244,0.0059818,-0.0020938,0.0024421,0.005937
-0.000864,0.000494,0.0058568,-0.000865,0.0004945,0.005814
-0.000512,0.000418,0.0058708,-0.0005126,0.0004185,0.0058281
-0.000213,0.000467,0.0060908,-0.0002132,0.0004675,0.0060474
-0.000449,0.000784,0.0059548,-0.0004495,0.0007849,0.0059117
-0.000118,0.000787,0.0060058,-0.0001181,0.0007879,0.0059626
-0.000809,0.00087,0.0059758,-0.0008099,0.0008709,0.0059324
-0.000503,0.001192,0.0059368,-0.0005035,0.0011933,0.0058934
-0.000578,0.000937,0.0064838,-0.0005787,0.0009382,0.0064388
-0.000451,0.000399,0.0064048,-0.0004515,0.0003995,0.0063603
-7.2e-05,0.00053,0.0063968,-7.21e-05,0.0005306,0.0063524
-0.000868,0.000397,0.0063348,-0.0008691,0.0003975,0.0062904
-0.000428,0.000152,0.0065258,-0.0004286,0.0001522,0.006481
-0.000541,0.000504,0.0068208,-0.0005418,0.0005047,0.0067748
-0.000593,0.000501,0.0071078,-0.0005939,0.0005017,0.0070607
-0.000431,0.000166,0.0088258,-0.0004314,0.0001662,0.0087722
-0.000839,0.001292,0.0059228,-0.0008399,0.0012933,0.0058792
-0.000828,0.000843,0.0063798,-0.000829,0.0008441,0.0063351
-0.00083,0.000861,0.0067448,-0.0008311,0.0008622,0.0066988
-0.000915,0.000878,0.0070868,-0.0009162,0.0008792,0.0070396
-0.000908,0.000473,0.0066768,-0.0009092,0.0004736,0.0066311
-0.000934,0.001884,0.0074388,-0.000935,0.001886,0.0073905
-0.000241,0.001897,0.0075288,-0.0002413,0.0018991,0.0074804
-0.000561,0.002243,0.0074378,-0.0005616,0.0022452,0.0073896
-6.7e-05,0.002237,0.0074638,-6.7e-05,0.0022393,0.0074155
-0.001014,0.002282,0.0073818,-0.001015,0.0022842,0.0073337
-0.00058,0.002641,0.0074608,-0.0005806,0.0026435,0.0074125
-0.000408,0.002263,0.0082148,-0.0004084,0.0022651,0.0081648
-0.000982,0.001918,0.0077938,-0.000983,0.0019199,0.0077447
-0.001276,0.002137,0.0077998,-0.0012772,0.002139,0.0077507
-0.0005,0.002179,0.0077978,-0.0005005,0.0021812,0.0077487
-0.000398,0.001563,0.0079038,-0.0003985,0.0015648,0.0078542
-0.000571,0.001938,0.0080798,-0.0005716,0.00194,0.00803
-0.00037,0.001924,0.0083478,-0.0003704,0.0019259,0.0082974
-0.000859,0.0021,0.0075858,-0.0008599,0.0021021,0.0075372
-0.000772,0.002245,0.0081638,-0.0007727,0.002247,0.0081139
-0.000913,0.002309,0.0077958,-0.0009139,0.0023112,0.0077467
-0.000777,0.002041,0.0079108,-0.0007778,0.002043,0.0078614
-0.000739,0.001046,0.0077868,-0.00074,0.0010474,0.0077374
-0.000448,0.000944,0.0095718,-0.0004482,0.0009445,0.0095173
-0.000888,0.001863,0.0081718,-0.0008889,0.0018649,0.0081219
-0.000841,0.001501,0.0081928,-0.0008419,0.0015026,0.0081426
-0.000882,0.00192,0.0085978,-0.0008828,0.0019217,0.008547
-0.002535,0.001784,0.0026708,-0.0025362,0.0017848,0.0026344
-0.002491,0.002059,0.0031388,-0.0024923,0.0020601,0.003101
-0.002319,0.00084,0.0042268,-0.0023204,0.0008405,0.0041869
-0.002754,0.000794,0.0045578,-0.0027559,0.0007945,0.0045166
-0.003087,0.000764,0.0045728,-0.0030891,0.0007645,0.0045314
-0.002826,0.000778,0.0048408,-0.002828,0.0007786,0.0047989
-0.002808,0.00161,0.0049288,-0.00281,0.0016112,0.0048865
-0.0027,0.001892,0.0050748,-0.002702,0.0018934,0.0050321
-0.002453,0.001613,0.0049668,-0.0024548,0.0016142,0.0049245
-0.002423,0.002006,0.0050008,-0.0024248,0.0020075,0.0049583
-0.002056,0.002107,0.0049578,-0.0020575,0.0021085,0.0049156
-0.002374,0.002051,0.0056318,-0.0023759,0.0020527,0.0055878
-0.002007,0.001611,0.0053688,-0.0020086,0.0016123,0.0053258
-0.002821,0.001549,0.0052928,-0.0028231,0.0015502,0.0052496
-0.002408,0.001717,0.0056408,-0.00241,0.0017184,0.0055969
-0.002905,0.002063,0.0052788,-0.0029072,0.0020646,0.0052355
-0.002432,0.001981,0.0053238,-0.0024339,0.0019825,0.0052805
-0.002594,0.001635,0.0059968,-0.0025962,0.0016364,0.005952
-0.002866,0.00122,0.0026908,-0.0028673,0.0012206,0.0026543
-0.002504,0.001112,0.0026578,-0.0025051,0.0011125,0.0026217
-0.00289,0.001092,0.0030358,-0.0028914,0.0010925,0.0029984
-0.003264,0.001453,0.0030528,-0.0032657,0.0014538,0.0030151
-0.002899,0.001388,0.0030458,-0.0029005,0.0013887,0.0030083
-0.002348,0.001456,0.0031128,-0.0023491,0.0014567,0.0030755
-0.003305,0.000673,0.0026278,-0.0033066,0.0006733,0.0025913
-0.003285,0.000658,0.0030028,-0.0032867,0.0006584,0.0029653
-0.003543,2.8e-05,0.0027098,-0.0035448,2.8e-05,0.002673
-0.003277,4.1e-05,0.0026508,-0.0032786,4.1e-05,0.0026143
-0.003197,-0.000374,0.0026038,-0.0031985,-0.0003742,0.0025674
-0.002928,-0.000416,0.0025968,-0.0029293,-0.0004162,0.0025606
-0.000944,-0.000723,0.0027108,-0.0009443,-0.0007233,0.0026755
-0.000664,-0.000539,0.0027218,-0.0006642,-0.0005392,0.0026866
-0.000416,-0.000302,0.0026268,-0.0004161,-0.0003021,0.0025919
-0.001209,-0.000738,0.0030378,-0.0012095,-0.0007383,0.0030016
-0.001264,-0.000296,0.0035528,-0.0012647,-0.0002961,0.0035156
-0.001222,-0.000628,0.0034988,-0.0012226,-0.0006283,0.0034616
-0.001872,-0.000678,0.0036598,-0.001873,-0.0006783,0.0036218
-0.001639,-0.000308,0.0034368,-0.0016398,-0.0003082,0.0033996
-0.001584,-0.000648,0.0041268,-0.0015849,-0.0006484,0.0040879
-0.00163,-0.00023,0.0042948,-0.001631,-0.0002302,0.0042555
-0.001559,-0.000514,0.0038838,-0.0015599,-0.0005143,0.0038455
-0.001201,-0.00059,0.0039208,-0.0012017,-0.0005904,0.0038827
-0.001628,-0.000198,0.0039378,-0.0016289,-0.0001981,0.0038994
-0.001998,-0.000395,0.0041568,-0.0019992,-0.0003952,0.0041175
-0.001941,-0.000256,0.0039178,-0.0019421,-0.0002561,0.0038792
-0.00162,0.000227,0.0035288,-0.0016208,0.0002271,0.0034913
-0.001402,2e-06,0.0041388,-0.0014028,2e-06,0.0041001
-0.001513,7.4e-05,0.0038358,-0.0015138,7.4e-05,0.0037977
-0.001139,0.000134,0.0039548,-0.0011397,0.0001341,0.0039168
-0.001549,0.000428,0.0039028,-0.0015499,0.0004282,0.0038645
-0.001768,-8.2e-05,0.0036858,-0.0017689,-8.2e-05,0.0036479
-0.001956,0.000156,0.0042798,-0.0019572,0.0001561,0.0042403
-0.002327,0.000252,0.0042928,-0.0023284,0.0002522,0.0042528
-0.002328,4.8e-05,0.0045348,-0.0023295,4.8e-05,0.0044942
-0.002082,0.000405,0.0041668,-0.0020832,0.0004052,0.0041274
-0.001886,-9.9e-05,0.0044578,-0.0018872,-9.91e-05,0.0044179
-0.002292,-0.000261,0.0046088,-0.0022935,-0.0002612,0.004568
-0.002673,0.00037,0.0049728,-0.002675,0.0003703,0.0049307
-0.002546,-0.000143,0.0043188,-0.0025476,-0.0001431,0.0042786
-0.002639,-0.000306,0.0046678,-0.0026408,-0.0003062,0.0046265
-0.003571,-0.000334,0.0031118,-0.0035729,-0.0003342,0.0030739
-0.003068,-0.000662,0.0032218,-0.0030696,-0.0006623,0.0031839
-0.003189,-0.000571,0.0049598,-0.0031913,-0.0005714,0.0049174
-0.003065,-0.000281,0.0049778,-0.0030672,-0.0002812,0.0049354
-0.002753,-0.00024,0.0049598,-0.002755,-0.0002402,0.0049177
-0.00317,-0.000129,0.0057398,-0.0031726,-0.0001291,0.0056955
-0.003132,-0.000593,0.0053238,-0.0031344,-0.0005934,0.0052805
-0.002885,-0.000738,0.0054898,-0.0028873,-0.0007386,0.0054463
-0.003005,-0.000156,0.0052938,-0.0030073,-0.0001561,0.0052507
-0.003109,-0.000584,0.0057238,-0.0031115,-0.0005845,0.0056796
-0.002372,-0.001126,0.0072648,-0.0023743,-0.0011271,0.007217
-0.002146,-0.001015,0.0074708,-0.0021481,-0.001016,0.0074225
-0.001773,-0.000867,0.0075338,-0.0017749,-0.0008679,0.0074854
-0.001623,-0.001127,0.0073978,-0.0016248,-0.0011282,0.0073497
-0.001575,-0.000629,0.0073848,-0.0015769,-0.0006297,0.0073367
-0.001536,-0.000707,0.0082888,-0.0015376,-0.0007078,0.0082384
-0.001567,-0.001063,0.0085098,-0.0015685,-0.001064,0.008459
-0.001967,-0.000613,0.0074258,-0.0019691,-0.0006137,0.0073776
-0.002295,-0.000758,0.0073808,-0.0022973,-0.0007588,0.0073327
-0.002011,-0.000301,0.0075908,-0.0020131,-0.0003013,0.0075422
-0.002265,-0.000709,0.0082068,-0.0022671,-0.0007096,0.0081569
-0.001921,-0.001146,0.0078058,-0.0019229,-0.0011471,0.0077567
-0.001592,-0.001042,0.0078088,-0.0015937,-0.0010431,0.0077596
-0.002301,-0.001108,0.0077238,-0.0023031,-0.001109,0.0076749
-0.002082,-0.00057,0.0078808,-0.0020841,-0.0005706,0.0078315
-0.002009,-0.000907,0.0081588,-0.0020109,-0.0009079,0.0081089
-0.002353,-0.00048,0.0075058,-0.0023553,-0.0004805,0.0074573
-0.00235,-0.0007,0.0077908,-0.0023522,-0.0007007,0.0077417
-0.002257,-0.00027,0.0078578,-0.0022592,-0.0002703,0.0078086
-0.002108,8.5e-05,0.0078338,-0.0021102,8.51e-05,0.0077846
-0.002058,-0.000581,0.0084968,-0.0020599,-0.0005815,0.0084462
-0.002295,-0.000972,0.0079758,-0.0022971,-0.0009729,0.0079264
-0.002366,-0.001408,0.0079038,-0.0023681,-0.0014092,0.0078545
-0.002324,-0.001169,0.0082648,-0.002326,-0.00117,0.0082148
-0.0022,-0.000969,0.0085298,-0.0022019,-0.0009699,0.0084792
-0.003216,0.000347,0.0049738,-0.0032183,0.0003473,0.0049313
-0.00286,4.6e-05,0.0055968,-0.0028624,4.6e-05,0.0055531
-0.003108,0.000894,0.0049698,-0.0031102,0.0008947,0.0049274
-0.003152,0.000163,0.0052588,-0.0031544,0.0001631,0.0052157
-0.002785,0.000155,0.0052668,-0.0027872,0.0001551,0.0052239
-0.003004,0.000447,0.0052658,-0.0030063,0.0004473,0.0052227
-0.00328,-3.7e-05,0.0050958,-0.0032824,-3.7e-05,0.0050531
-0.003208,-0.000705,0.0026068,-0.0032095,-0.0007053,0.0025704
-0.003513,-0.000779,0.0030448,-0.0035149,-0.0007794,0.0030071
-0.003257,-0.000807,0.0031128,-0.0032587,-0.0008074,0.0030751
-0.001871,-0.002014,0.0043158,-0.0018722,-0.0020153,0.0042754
-0.001555,-0.002505,0.0041538,-0.001556,-0.0025065,0.0041136
-0.00164,-0.001993,0.0045938,-0.0016411,-0.0019944,0.0045528
-0.001496,-0.001703,0.0048028,-0.0014971,-0.0017042,0.0047616
-0.001207,-0.002118,0.0045498,-0.0012078,-0.0021194,0.0045091
-0.001609,-0.002345,0.0045958,-0.0016101,-0.0023466,0.0045546
-0.001655,-0.002097,0.0049678,-0.0016562,-0.0020986,0.0049258
-0.001935,-0.001749,0.0046098,-0.0019363,-0.0017502,0.0045688
-0.0021,-0.001739,0.0048918,-0.0021015,-0.0017403,0.0048499
-0.001846,-0.002346,0.0043378,-0.0018472,-0.0023475,0.0042971
-0.001964,-0.002548,0.0045888,-0.0019653,-0.0025497,0.0045473
-0.00198,-0.002163,0.0048758,-0.0019814,-0.0021645,0.0048338
-0.002262,-0.002271,0.0056438,-0.0022638,-0.0022728,0.0055998
-0.002359,-0.001937,0.0056168,-0.0023609,-0.0019386,0.0055729
-0.002512,-0.001782,0.0053128,-0.0025139,-0.0017833,0.0052696
-0.002615,-0.002329,0.0051098,-0.0026169,-0.0023307,0.0050669
-0.002016,-0.002143,0.0055218,-0.0020176,-0.0021447,0.0054782
-0.002376,-0.002242,0.0059418,-0.002378,-0.0022438,0.005897
-0.001997,-0.001746,0.0056998,-0.0019987,-0.0017475,0.0056559
-0.002514,-0.001519,0.0056398,-0.0025161,-0.0015202,0.0055959
-0.002495,-0.001823,0.0060538,-0.0024971,-0.0018246,0.0060088
-0.002046,-0.002145,0.0064828,-0.0020479,-0.002147,0.0064369
-0.002292,-0.002068,0.0063178,-0.002294,-0.0020698,0.0062722
-0.002846,-0.001417,0.0056798,-0.0028483,-0.0014182,0.0056357
-0.002782,-0.001482,0.0059958,-0.0027843,-0.0014833,0.0059509
-0.002593,-0.002275,0.0026078,-0.0025943,-0.0022761,0.0025713
-0.002109,-0.002357,0.0029198,-0.00211,-0.0023582,0.0028827
-0.002543,-0.002519,0.0030828,-0.0025443,-0.0025203,0.003045
-0.00219,-0.002757,0.0029638,-0.0021911,-0.0027584,0.0029264
0.002618,-0.002427,0.0023578,0.0026192,-0.0024281,0.0023219
-0.001914,0.001683,0.0192138,-0.001914,0.001683,0.0191538
-0.00153,0.001572,0.0192068,-0.00153,0.001572,0.0191468
-0.001607,0.001941,0.0193138,-0.001607,0.001941,0.0192538
-0.001754,0.00212,0.0195588,-0.001754,0.00212,0.0194988
-0.001443,0.001756,0.0195388,-0.001443,0.001756,0.0194788
-0.002138,0.001918,0.0189138,-0.002138,0.001918,0.0188538
-0.002916,0.00155,0.0183808,-0.002916,0.00155,0.0183208
-0.002296,0.001586,0.0185118,-0.002296,0.001586,0.0184518
-0.00247,0.001987,0.0185738,-0.00247,0.001987,0.0185138
-0.002063,0.002043,0.0185258,-0.002063,0.002043,0.0184658
-0.002485,0.00199,0.0189768,-0.002485,0.00199,0.0189168
-0.002348,0.001637,0.0188888,-0.002348,0.001637,0.0188288
-0.002042,0.001571,0.0189698,-0.002042,0.001571,0.0189098
-0.002911,0.001532,0.0190238,-0.002911,0.001532,0.0189638
0.002104,0.001238,0.0042508,0.0021053,0.0012388,0.0042109
0.001613,0.001194,0.0038458,0.0016139,0.0011946,0.0038073
0.001703,0.001244,0.0042008,0.001704,0.0012447,0.0041614
0.001738,0.000701,0.0036198,0.0017389,0.0007014,0.003582
0.001677,0.000905,0.0042758,0.001678,0.0009055,0.0042364
0.000278,-0.00208,0.0035958,0.0002781,-0.0020811,0.0035579
0.000686,-0.001738,0.0042618,0.0006864,-0.001739,0.0042224
-9.2e-05,-0.001743,0.0035928,-9.2e-05,-0.0017439,0.0035551
0.000197,-0.001471,0.0034218,0.0001971,-0.0014717,0.0033848
0.000284,-0.001736,0.0040998,0.0002842,-0.001737,0.0040609
0.000838,-0.001676,0.0039758,0.0008385,-0.0016769,0.0039371
-0.000109,-0.001669,0.0039508,-0.0001091,-0.00167,0.0039123
0.000348,-0.001343,0.0039458,0.0003482,-0.0013438,0.0039076
0.000405,-0.002298,0.0035828,0.0004052,-0.0022992,0.0035447
0.00019,-0.002125,0.0041448,0.0001901,-0.0021263,0.0041055
0.000493,-0.003029,0.0026278,0.0004932,-0.0030304,0.0025915
0.000833,-0.003037,0.0026628,0.0008334,-0.0030384,0.0026263
0.001223,-0.002111,0.0036138,0.0012236,-0.0021121,0.0035755
0.001379,-0.00177,0.0034598,0.0013797,-0.0017709,0.0034221
0.001079,-0.002018,0.0039698,0.0010796,-0.0020192,0.0039307
0.000934,-0.001932,0.0036718,0.0009345,-0.001933,0.0036336
0.001111,-0.001782,0.0042418,0.0011117,-0.0017831,0.0042022
0.001126,-0.001632,0.0038628,0.0011266,-0.0016329,0.0038243
0.001618,0.001449,0.0192588,0.001618,0.001449,0.0191988
0.002077,0.001435,0.0191338,0.002077,0.001435,0.0190738
0.002293,0.001683,0.0191978,0.002293,0.001683,0.0191378
0.002087,0.001912,0.0191358,0.002087,0.001912,0.0190758
0.002477,0.001989,0.0192498,0.002477,0.001989,0.0191898
0.002083,0.001841,0.0197528,0.002083,0.001841,0.0196928
0.002171,0.001442,0.0195868,0.002171,0.001442,0.0195268
0.001565,0.001441,0.0195748,0.001565,0.001441,0.0195148
0.001689,0.001994,0.0188918,0.001689,0.001994,0.0188318
0.002569,0.001523,0.0183748,0.002569,0.001523,0.0183148
0.002589,0.001691,0.0186628,0.002589,0.001691,0.0186028
0.002465,0.001954,0.0184618,0.002465,0.001954,0.0184018
0.002919,0.001459,0.0189168,0.002919,0.001459,0.0188568
0.002556,0.001571,0.0190038,0.002556,0.001571,0.0189438
0.002507,0.001903,0.0189038,0.002507,0.001903,0.0188438
0.000876,0.002838,0.0209868,0.000876,0.002838,0.0209268
0.001232,0.002933,0.0209438,0.001232,0.002933,0.0208838
0.000834,0.003169,0.0209488,0.000834,0.003169,0.0208888
0.001279,0.002505,0.0210178,0.001279,0.002505,0.0209578
0.000986,0.002556,0.0212328,0.000986,0.002556,0.0211728
0.000306,0.001152,0.0206578,0.000306,0.001152,0.0205978
0.000156,0.001039,0.0209798,0.000156,0.001039,0.0209198
-7.1e-05,0.001085,0.0213298,-7.1e-05,0.001085,0.0212698
0.000316,0.000774,0.0210808,0.000316,0.000774,0.0210208
0.000309,0.001235,0.0212878,0.000309,0.001235,0.0212278
0.000444,0.000608,0.0208108,0.000444,0.000608,0.0207508
-6.4e-05,0.000735,0.0211138,-6.4e-05,0.000735,0.0210538
0.000185,0.000766,0.0213828,0.000185,0.000766,0.0213228
0.000368,0.001507,0.0198168,0.000368,0.001507,0.0197568
0.00074,0.0014,0.0198798,0.00074,0.0014,0.0198198
0.00061,0.001566,0.0200388,0.00061,0.001566,0.0199788
0.000359,0.001792,0.0196318,0.000359,0.001792,0.0195718
0.003276,-9.2e-05,0.0050778,0.0032784,-9.21e-05,0.0050351
-0.000684,0.002569,0.0209978,-0.000684,0.002569,0.0209378
-0.000343,0.00102,0.0207188,-0.000343,0.00102,0.0206588
-7e-05,0.001263,0.0205758,-7e-05,0.001263,0.0205158
-0.000355,0.000643,0.0208518,-0.000355,0.000643,0.0207918
-0.000668,0.003337,0.0206238,-0.000668,0.003337,0.0205638
0.000402,0.003063,0.0184468,0.000402,0.003063,0.0183868
0.000349,0.003071,0.0187438,0.000349,0.003071,0.0186838
0.000776,0.002915,0.0185668,0.000776,0.002915,0.0185068
0.000743,0.003015,0.0189748,0.000743,0.003015,0.0189148
0.000382,0.003311,0.0187028,0.000382,0.003311,0.0186428
0.002353,0.002613,0.0202698,0.002353,0.002613,0.0202098
0.001736,0.002173,0.0184118,0.001736,0.002173,0.0183518
0.001723,0.002646,0.0186068,0.001723,0.002646,0.0185468
0.002043,0.0023,0.0189218,0.002043,0.0023,0.0188618
0.001706,0.00226,0.0187568,0.001706,0.00226,0.0186968
0.002871,-0.001259,0.0026008,0.0028723,-0.0012596,0.0025645
0.002849,-0.001008,0.0032368,0.0028504,-0.0010085,0.003199
0.002244,-0.001267,0.0035618,0.0022451,-0.0012676,0.0035235
0.002127,-0.001358,0.0038858,0.0021282,-0.0013588,0.0038467
0.002031,-0.001383,0.0042838,0.0020323,-0.0013839,0.0042437
0.001718,-0.001038,0.0039038,0.001719,-0.0010386,0.0038652
0.001825,-0.001285,0.0038778,0.001826,-0.0012857,0.003839
0.001644,-0.001238,0.0046768,0.0016451,-0.0012389,0.0046361
0.002648,0.001118,0.0212178,0.002648,0.001118,0.0211578
0.003067,0.001101,0.0206028,0.003067,0.001101,0.0205428
0.003382,0.00117,0.0206388,0.003382,0.00117,0.0205788
0.001777,-0.001903,0.0042478,0.0017781,-0.0019042,0.0042077
0.002249,-0.001948,0.0044478,0.0022505,-0.0019493,0.0044068
0.002102,-0.001633,0.0046168,0.0021034,-0.0016341,0.0045757
0.001682,-0.002101,0.0046658,0.0016832,-0.0021024,0.0046245
0.001765,-0.001558,0.0044788,0.0017662,-0.001559,0.0044384
0.002538,-0.001789,0.0046138,0.0025397,-0.0017902,0.0045723
0.001705,-0.001636,0.0048648,0.0017062,-0.0016372,0.0048233
0.001792,-0.00228,0.0042728,0.0017931,-0.0022815,0.0042324
0.001786,-0.002588,0.0045168,0.0017872,-0.0025897,0.0044756
0.001747,-0.00193,0.0050628,0.0017483,-0.0019315,0.0050206
0.002287,-0.001182,0.0191678,0.002287,-0.001182,0.0191078
0.002132,-0.001437,0.0189508,0.002132,-0.001437,0.0188908
0.001816,-0.001381,0.0190258,0.001816,-0.001381,0.0189658
0.001027,-0.001204,0.0190748,0.001027,-0.001204,0.0190148
0.000952,-0.001192,0.0194648,0.000952,-0.001192,0.0194048
0.001389,-0.001297,0.0191378,0.001389,-0.001297,0.0190778
0.00127,-0.00114,0.0193888,0.00127,-0.00114,0.0193288
0.00142,-0.000701,0.0192638,0.00142,-0.000701,0.0192038
0.001409,-0.001801,0.0195768,0.001409,-0.001801,0.0195168
0.001057,-0.001181,0.0197878,0.001057,-0.001181,0.0197278
0.000706,-0.001377,0.0196528,0.000706,-0.001377,0.0195928
0.001042,-0.000893,0.0199968,0.001042,-0.000893,0.0199368
0.00252,-0.001754,0.0185548,0.00252,-0.001754,0.0184948
0.002356,-0.001352,0.0186098,0.002356,-0.001352,0.0185498
0.002837,-0.001437,0.0185348,0.002837,-0.001437,0.0184748
0.002962,-0.000703,0.0185658,0.002962,-0.000703,0.0185058
0.002464,-0.000924,0.0185118,0.002464,-0.000924,0.0184518
0.002512,-0.001409,0.0189778,0.002512,-0.001409,0.0189178
0.002515,-0.001558,0.0178088,0.002515,-0.001558,0.0177488
0.002871,-0.001485,0.0177658,0.002871,-0.001485,0.0177058
0.003017,-0.000706,0.0178288,0.003017,-0.000706,0.0177688
0.002877,-0.001333,0.0181998,0.002877,-0.001333,0.0181398
0.002343,-0.001567,0.0181258,0.002343,-0.001567,0.0180658
0.002576,-0.001266,0.0183038,0.002576,-0.001266,0.0182438
0.00216,-0.001061,0.0160808,0.00216,-0.001061,0.0160208
0.0025,-0.00098,0.0160308,0.0025,-0.00098,0.0159708
0.002531,-0.000564,0.0159788,0.002531,-0.000564,0.0159188
0.002203,-0.000455,0.0160648,0.002203,-0.000455,0.0160048
0.001499,-0.000674,0.0160538,0.001499,-0.000674,0.0159938
0.002487,-0.000194,0.0160608,0.002487,-0.000194,0.0160008
0.002413,-0.000575,0.0164798,0.002413,-0.000575,0.0164198
0.00245,-0.001071,0.0163648,0.00245,-0.001071,0.0163048
0.002997,-0.00093,0.0164108,0.002997,-0.00093,0.0163508
0.002063,-0.000921,0.0164738,0.002063,-0.000921,0.0164138
0.00166,-0.001005,0.0165638,0.00166,-0.001005,0.0165038
0.002048,-0.000532,0.0164318,0.002048,-0.000532,0.0163718
0.0017,-0.000795,0.0163908,0.0017,-0.000795,0.0163308
0.00211,-0.000239,0.0163838,0.00211,-0.000239,0.0163238
0.001959,5.6e-05,0.0164288,0.001959,5.6e-05,0.0163688
0.002121,-0.000636,0.0166968,0.002121,-0.000636,0.0166368
0.002101,-0.001351,0.0164118,0.002101,-0.001351,0.0163518
0.00205,-0.00103,0.0169178,0.00205,-0.00103,0.0168578
0.000964,-0.001157,0.0201288,0.000964,-0.001157,0.0200688
0.001378,-0.000911,0.0199368,0.001378,-0.000911,0.0198768
0.001411,-0.00063,0.0198408,0.001411,-0.00063,0.0197808
0.000696,-0.000762,0.0199828,0.000696,-0.000762,0.0199228
0.001096,-0.000618,0.0198208,0.001096,-0.000618,0.0197608
0.00071,-0.001294,0.0203338,0.00071,-0.001294,0.0202738
0.00309,-0.001009,0.0202198,0.00309,-0.001009,0.0201598
0.003394,-0.001126,0.0202248,0.003394,-0.001126,0.0201648
0.00196,0.002741,0.0029828,0.001961,0.0027424,0.0029454
0.002098,0.002106,0.0049098,0.0020995,0.0021075,0.0048677
0.002196,0.002411,0.0049958,0.0021976,0.0024128,0.0049533
0.002088,0.00216,0.0052958,0.0020896,0.0021617,0.0052527
0.001729,0.00232,0.0053778,0.0017304,0.0023219,0.0053345
0.001624,0.002627,0.0053438,0.0016253,0.002629,0.0053005
0.001772,0.002607,0.0058238,0.0017735,0.0026092,0.0057793
0.001608,0.002268,0.0056768,0.0016094,0.0022699,0.0056329
0.002354,0.002193,0.0030428,0.0023552,0.0021941,0.0030053
0.002778,0.002184,0.0030748,0.0027795,0.0021852,0.003037
0.000647,0.003291,0.0031778,0.0006473,0.0032927,0.0031399
0.000505,0.003543,0.0031338,0.0005053,0.0035449,0.0030959
0.00138,0.003239,0.0030598,0.0013807,0.0032407,0.0030221
-0.000185,0.003093,0.0032728,-0.0001851,0.0030946,0.0032348
-0.000458,0.001671,0.0037728,-0.0004582,0.0016719,0.0037347
-1.3e-05,0.001524,0.0034938,-1.3e-05,0.0015247,0.0034565
-0.000243,0.001703,0.0035398,-0.0002431,0.0017038,0.0035023
-0.000103,0.001896,0.0042688,-0.000103,0.0018972,0.0042294
-0.000128,0.001567,0.0038908,-0.0001281,0.0015679,0.0038526
-0.000445,0.001531,0.0042678,-0.0004453,0.001532,0.0042286
-0.000449,0.001651,0.0046588,-0.0004493,0.0016522,0.0046185
-0.000464,0.002835,0.0049478,-0.0004643,0.0028371,0.0049056
-0.000109,0.003021,0.0048998,-0.0001091,0.0030231,0.0048577
-8.1e-05,0.003059,0.0052958,-8.11e-05,0.0030613,0.0052527
-0.000456,0.002944,0.0053488,-0.0004563,0.0029463,0.0053056
-0.000409,0.003021,0.0057128,-0.0004093,0.0030235,0.0056687
-0.000733,0.002959,0.0056108,-0.0007336,0.0029614,0.0055669
-0.000539,0.002918,0.0060628,-0.0005395,0.0029205,0.0060178
-0.000706,0.003283,0.0029788,-0.0007063,0.0032847,0.0029414
-0.001846,0.003016,0.0030918,-0.001847,0.0030176,0.003054
-0.001466,0.00293,0.0030668,-0.0014668,0.0029315,0.0030292
-0.002354,0.002625,0.0030298,-0.0023552,0.0026264,0.0029922
-0.001938,0.00193,0.0032998,-0.001939,0.001931,0.003262
-0.003151,-0.001612,0.0030398,-0.0031527,-0.0016128,0.0030021
-0.002742,-0.001054,0.0031968,-0.0027434,-0.0010545,0.0031591
0.000857,0.003211,0.0202318,0.000857,0.003211,0.0201718
0.000938,0.003471,0.0202008,0.000938,0.003471,0.0201408
0.002664,-0.002388,0.0031138,0.0026654,-0.0023893,0.0030759
0.002758,-0.002066,0.0030108,0.0027594,-0.0020671,0.0029733
0.002804,-0.001708,0.0029998,0.0028054,-0.0017089,0.0029624
0.00125,-0.003355,0.0201328,0.00125,-0.003355,0.0200728
0.001397,-0.001683,0.0191438,0.001397,-0.001683,0.0190838
0.001397,-0.002154,0.0196738,0.001397,-0.002154,0.0196138
0.001224,-0.002924,0.0185968,0.001224,-0.002924,0.0185368
0.000871,-0.002761,0.0186238,0.000871,-0.002761,0.0185638
0.001565,-0.002677,0.0185298,0.001565,-0.002677,0.0184698
0.001259,-0.00255,0.0183838,0.001259,-0.00255,0.0183238
0.001041,-0.002522,0.0185838,0.001041,-0.002522,0.0185238
0.001361,-0.002354,0.0186108,0.001361,-0.002354,0.0185508
0.001406,-0.002644,0.0187928,0.001406,-0.002644,0.0187328
0.001311,-0.002907,0.0189368,0.001311,-0.002907,0.0188768
0.000679,-0.002536,0.0184468,0.000679,-0.002536,0.0183868
0.001047,-0.002265,0.0184028,0.001047,-0.002265,0.0183428
0.000651,-0.002872,0.0188808,0.000651,-0.002872,0.0188208
0.001595,-0.003107,0.0202058,0.001595,-0.003107,0.0201458
0.001983,-0.002925,0.0201568,0.001983,-0.002925,0.0200968
0.000272,-0.001661,0.0192408,0.000272,-0.001661,0.0191808
0.000756,-0.001309,0.0192228,0.000756,-0.001309,0.0191628
0.000593,-0.001763,0.0195858,0.000593,-0.001763,0.0195258
0.000271,-0.001692,0.0196488,0.000271,-0.001692,0.0195888
0.000274,-0.002925,0.0185498,0.000274,-0.002925,0.0184898
0.000711,-0.002986,0.0184598,0.000711,-0.002986,0.0183998
0.000568,-0.002786,0.0186088,0.000568,-0.002786,0.0185488
0.000259,-0.002455,0.0184538,0.000259,-0.002455,0.0183938
0.000806,-0.002168,0.0186268,0.000806,-0.002168,0.0185668
0.000385,-0.0028,0.0190228,0.000385,-0.0028,0.0189628
0.000428,-0.002594,0.0186208,0.000428,-0.002594,0.0185608
-9.8e-05,-0.002515,0.0184258,-9.8e-05,-0.002515,0.0183658
0.000431,-0.002261,0.0186358,0.000431,-0.002261,0.0185758
0.000428,-0.00247,0.0189038,0.000428,-0.00247,0.0188438
3e-06,-0.003356,0.0202778,3e-06,-0.003356,0.0202178
0.000125,-0.003043,0.0202648,0.000125,-0.003043,0.0202048
0.000466,-0.003011,0.0202238,0.000466,-0.003011,0.0201638
0.000583,-0.001356,0.0200598,0.000583,-0.001356,0.0199998
0.000305,-0.000835,0.0199328,0.000305,-0.000835,0.0198728
0.000432,-0.001021,0.0200958,0.000432,-0.001021,0.0200358
-9.1e-05,-0.001003,0.0198368,-9.1e-05,-0.001003,0.0197768
0.000239,-0.000937,0.0203798,0.000239,-0.000937,0.0203198
-0.000101,-0.000902,0.0201978,-0.000101,-0.000902,0.0201378
0.000473,-0.001139,0.0198658,0.000473,-0.001139,0.0198058
3.2e-05,-0.00128,0.0203298,3.2e-05,-0.00128,0.0202698
-0.000486,-0.001016,0.0200148,-0.000486,-0.001016,0.0199548
2e-06,-0.000689,0.0199528,2e-06,-0.000689,0.0198928
-0.000849,-0.000949,0.0198718,-0.000849,-0.000949,0.0198118
-0.000485,-0.000747,0.0200168,-0.000485,-0.000747,0.0199568
-0.00034,-0.001273,0.0197758,-0.00034,-0.001273,0.0197158
-0.000172,-0.001292,0.0193318,-0.000172,-0.001292,0.0192718
-9.8e-05,-0.001281,0.0196468,-9.8e-05,-0.001281,0.0195868
-0.000589,-0.001462,0.0196478,-0.000589,-0.001462,0.0195878
-0.000422,-0.000622,0.0195178,-0.000422,-0.000622,0.0194578
-0.000955,-0.001032,0.0174178,-0.000955,-0.001032,0.0173578
-0.00079,-0.000935,0.0176188,-0.00079,-0.000935,0.0175588
-0.000581,-0.001055,0.0174218,-0.000581,-0.001055,0.0173618
-0.000318,-0.000876,0.0175788,-0.000318,-0.000876,0.0175188
-0.000482,-0.000636,0.0174808,-0.000482,-0.000636,0.0174208
-0.000145,-0.000691,0.0173918,-0.000145,-0.000691,0.0173318
-0.000834,-0.000591,0.0175378,-0.000834,-0.000591,0.0174778
-0.000402,-0.000316,0.0175818,-0.000402,-0.000316,0.0175218
-0.000657,-0.000811,0.0179128,-0.000657,-0.000811,0.0178528
-0.000541,-0.001024,0.0178058,-0.000541,-0.001024,0.0177458
-0.000207,-0.001035,0.0177928,-0.000207,-0.001035,0.0177328
-0.000984,-0.001045,0.0176898,-0.000984,-0.001045,0.0176298
-0.001318,-0.000973,0.0175838,-0.001318,-0.000973,0.0175238
-0.000396,-0.000903,0.0181568,-0.000396,-0.000903,0.0180968
-0.000883,-0.000705,0.0177818,-0.000883,-0.000705,0.0177218
-0.00081,-0.00065,0.0181318,-0.00081,-0.00065,0.0180718
-0.00075,-0.00126,0.0177878,-0.00075,-0.00126,0.0177278
-0.000755,-0.001042,0.0182218,-0.000755,-0.001042,0.0181618
-0.000422,-0.001933,0.0193908,-0.000422,-0.001933,0.0193308
-0.000167,-0.001984,0.0192758,-0.000167,-0.001984,0.0192158
-0.000101,-0.001662,0.0192168,-0.000101,-0.001662,0.0191568
-0.000503,-0.001784,0.0196758,-0.000503,-0.001784,0.0196158
-0.000278,-0.002303,0.0193818,-0.000278,-0.002303,0.0193218
-0.000503,-0.003011,0.0185118,-0.000503,-0.003011,0.0184518
-3.6e-05,-0.002822,0.0185558,-3.6e-05,-0.002822,0.0184958
-0.000453,-0.002534,0.0185648,-0.000453,-0.002534,0.0185048
5.3e-05,-0.002143,0.0185808,5.3e-05,-0.002143,0.0185208
-0.000694,-0.002993,0.0189218,-0.000694,-0.002993,0.0188618
-0.000828,-0.002487,0.0184688,-0.000828,-0.002487,0.0184088
-0.000439,-0.00216,0.0186208,-0.000439,-0.00216,0.0185608
-0.000521,-0.002996,0.0177688,-0.000521,-0.002996,0.0177088
-0.000373,-0.002823,0.0180058,-0.000373,-0.002823,0.0179458
-1e-06,-0.002725,0.0178188,-1e-06,-0.002725,0.0177588
4.2e-05,-0.002922,0.0181618,4.2e-05,-0.002922,0.0181018
-0.000341,-0.002774,0.0183368,-0.000341,-0.002774,0.0182768
-0.000491,-0.001987,0.0182798,-0.000491,-0.001987,0.0182198
-0.000844,-0.002495,0.0161238,-0.000844,-0.002495,0.0160638
-0.000505,-0.002539,0.0159458,-0.000505,-0.002539,0.0158858
-0.00019,-0.002396,0.0160878,-0.00019,-0.002396,0.0160278
-0.000556,-0.002192,0.0159398,-0.000556,-0.002192,0.0158798
1.9e-05,-0.002212,0.0158998,1.9e-05,-0.002212,0.0158398
-0.000862,-0.002065,0.0161298,-0.000862,-0.002065,0.0160698
-0.001228,-0.002209,0.0160618,-0.001228,-0.002209,0.0160018
-0.000519,-0.001859,0.0160458,-0.000519,-0.001859,0.0159858
-0.000451,-0.00136,0.0158768,-0.000451,-0.00136,0.0158168
-0.000281,-0.000367,0.0151358,-0.000281,-0.000367,0.0150759
-0.000498,-0.002482,0.0164248,-0.000498,-0.002482,0.0163648
-5e-06,-0.002467,0.0163818,-5e-06,-0.002467,0.0163218
-0.000819,-0.002682,0.0164288,-0.000819,-0.002682,0.0163688
-0.000595,-0.001815,0.0164328,-0.000595,-0.001815,0.0163728
-0.000367,-0.002421,0.0168128,-0.000367,-0.002421,0.0167528
-0.000781,-0.001574,0.0159828,-0.000781,-0.001574,0.0159228
-0.001036,-0.00213,0.0168588,-0.001036,-0.00213,0.0167988
-0.000779,-0.002351,0.0164628,-0.000779,-0.002351,0.0164028
-0.000923,-0.00246,0.0167338,-0.000923,-0.00246,0.0166738
-0.000694,-0.00348,0.0201438,-0.000694,-0.00348,0.0200838
-0.000346,-0.003432,0.0203078,-0.000346,-0.003432,0.0202478
-0.001281,-0.001504,0.0192448,-0.001281,-0.001504,0.0191848
-0.001223,-0.001497,0.0195888,-0.001223,-0.001497,0.0195288
-0.00069,-0.002777,0.0185798,-0.00069,-0.002777,0.0185198
-0.001178,-0.002071,0.0185558,-0.001178,-0.002071,0.0184958
-0.001133,-0.002857,0.0183458,-0.001133,-0.002857,0.0182858
-0.000879,-0.000625,0.0199128,-0.000879,-0.000625,0.0198528
-0.000873,-0.001372,0.0196158,-0.000873,-0.001372,0.0195558
-0.001132,-0.001051,0.0201078,-0.001132,-0.001051,0.0200478
-0.001128,-0.001056,0.0204128,-0.001128,-0.001056,0.0203528
-0.00109,-0.00124,0.0198158,-0.00109,-0.00124,0.0197558
-0.001087,-0.003397,0.0203098,-0.001087,-0.003397,0.0202498
-0.002424,-0.00265,0.0201658,-0.002424,-0.00265,0.0201058
-0.002125,-0.002596,0.0201658,-0.002125,-0.002596,0.0201058
-0.003111,-0.001613,0.0202708,-0.003111,-0.001613,0.0202108
-0.001928,-0.001327,0.0193548,-0.001928,-0.001327,0.0192948
-0.001813,-0.001313,0.0191168,-0.001813,-0.001313,0.0190568
-0.002655,-0.001256,0.0185988,-0.002655,-0.001256,0.0185388
-0.002327,-0.00141,0.0188248,-0.002327,-0.00141,0.0187648
-0.001828,-0.001074,0.0186268,-0.001828,-0.001074,0.0185668
-0.002054,-0.000765,0.0186318,-0.002054,-0.000765,0.0185718
-0.002694,-0.000965,0.0184148,-0.002694,-0.000965,0.0183548
-0.002408,-0.000702,0.0185898,-0.002408,-0.000702,0.0185298
-0.002003,-0.001593,0.0189158,-0.002003,-0.001593,0.0188558
-0.002821,-0.000672,0.0185528,-0.002821,-0.000672,0.0184928
-0.002641,-0.000924,0.0188368,-0.002641,-0.000924,0.0187768
-0.002622,-0.00123,0.0191008,-0.002622,-0.00123,0.0190408
-0.002649,-0.001333,0.0183388,-0.002649,-0.001333,0.0182788
-0.002863,-0.001258,0.0180458,-0.002863,-0.001258,0.0179858
-0.002112,-0.001527,0.0178528,-0.002112,-0.001527,0.0177928
-0.002398,-0.001777,0.0179088,-0.002398,-0.001777,0.0178488
-0.002288,-0.001411,0.0182208,-0.002288,-0.001411,0.0181608
-0.001943,-0.001444,0.0181718,-0.001943,-0.001444,0.0181118
-0.002244,-0.001775,0.0181638,-0.002244,-0.001775,0.0181038
-0.00272,-0.000948,0.0177838,-0.00272,-0.000948,0.0177238
-0.002307,-0.00106,0.0159148,-0.002307,-0.00106,0.0158548
-0.001854,-0.001028,0.0159758,-0.001854,-0.001028,0.0159158
-0.00148,-0.00098,0.0160218,-0.00148,-0.00098,0.0159618
-0.001594,-0.00063,0.0160268,-0.001594,-0.00063,0.0159668
-0.001585,-0.001025,0.0162978,-0.001585,-0.001025,0.0162378
-0.001685,-0.000897,0.0167868,-0.001685,-0.000897,0.0167268
-0.001923,-0.000624,0.0160118,-0.001923,-0.000624,0.0159518
-0.001949,-0.000191,0.0161008,-0.001949,-0.000191,0.0160408
-0.001948,-0.000864,0.0164038,-0.001948,-0.000864,0.0163438
-0.002412,-0.000991,0.0163238,-0.002412,-0.000991,0.0162638
-0.001996,-0.001007,0.0168628,-0.001996,-0.001007,0.0168028
-0.002071,-0.000463,0.0162608,-0.002071,-0.000463,0.0162008
-0.002262,-0.000651,0.0164668,-0.002262,-0.000651,0.0164068
-0.001381,-0.000683,0.0163328,-0.001381,-0.000683,0.0162728
-0.002127,-0.000673,0.0168198,-0.002127,-0.000673,0.0167598
-0.002398,-0.001368,0.0164788,-0.002398,-0.001368,0.0164188
-0.002364,-0.001007,0.0170178,-0.002364,-0.001007,0.0169578
-0.003352,-0.001117,0.0203008,-0.003352,-0.001117,0.0202408
-0.002964,-0.001189,0.0202908,-0.002964,-0.001189,0.0202308
-0.003302,-0.000758,0.0203048,-0.003302,-0.000758,0.0202448
-0.001816,-0.000643,0.0194518,-0.001816,-0.000643,0.0193918
-0.001335,-0.000543,0.0191758,-0.001335,-0.000543,0.0191158
-0.0015,-0.000332,0.0193068,-0.0015,-0.000332,0.0192468
-0.001602,-0.000756,0.0196238,-0.001602,-0.000756,0.0195638
-0.001178,-0.000342,0.0192758,-0.001178,-0.000342,0.0192158
-0.001277,-0.000796,0.0194798,-0.001277,-0.000796,0.0194198
-0.001792,-0.000408,0.0193358,-0.001792,-0.000408,0.0192758
-0.001866,-0.000307,0.0196808,-0.001866,-0.000307,0.0196208
-0.001911,-0.000625,0.0196948,-0.001911,-0.000625,0.0196348
-0.001744,-0.000558,0.0191348,-0.001744,-0.000558,0.0190748
-0.00234,-0.000276,0.0186128,-0.00234,-0.000276,0.0185528
-0.00189,-0.000137,0.0186468,-0.00189,-0.000137,0.0185868
-0.002396,-0.000261,0.0190048,-0.002396,-0.000261,0.0189448
-0.0026,0.000164,0.0184348,-0.0026,0.000164,0.0183748
-0.002577,-0.000494,0.0183578,-0.002577,-0.000494,0.0182978
-0.002852,-0.000613,0.0178708,-0.002852,-0.000613,0.0178108
-0.003134,-0.000598,0.0180518,-0.003134,-0.000598,0.0179918
-0.002652,-0.000216,0.0177518,-0.002652,-0.000216,0.0176918
-0.003281,-0.000494,0.0178258,-0.003281,-0.000494,0.0177658
-0.00153,-4.1e-05,0.0196358,-0.00153,-4.1e-05,0.0195758
-0.001535,0.000477,0.0196178,-0.001535,0.000477,0.0195578
-0.001777,-0.000118,0.0193448,-0.001777,-0.000118,0.0192848
-0.001909,0.000135,0.0190308,-0.001909,0.000135,0.0189708
-0.00118,0.000256,0.0194968,-0.00118,0.000256,0.0194368
-0.000598,6e-06,0.0194468,-0.000598,6e-06,0.0193868
-0.000821,4.8e-05,0.0197508,-0.000821,4.8e-05,0.0196908
-0.00039,0.000129,0.0197948,-0.00039,0.000129,0.0197348
-0.000843,-0.000333,0.0196698,-0.000843,-0.000333,0.0196098
-0.000636,7.4e-05,0.0201008,-0.000636,7.4e-05,0.0200408
-0.00117,0.000735,0.0196778,-0.00117,0.000735,0.0196178
-0.000991,-0.000134,0.0194088,-0.000991,-0.000134,0.0193488
-0.001245,0.000116,0.0188988,-0.001245,0.000116,0.0188388
-0.001903,0.000208,0.0186068,-0.001903,0.000208,0.0185468
-0.002021,0.000501,0.0184898,-0.002021,0.000501,0.0184298
-0.001939,0.000864,0.0186228,-0.001939,0.000864,0.0185628
-0.002237,0.000842,0.0185368,-0.002237,0.000842,0.0184768
-0.00256,-0.000106,0.0186948,-0.00256,-0.000106,0.0186348
-0.001543,0.000799,0.0195518,-0.001543,0.000799,0.0194918
-0.001224,0.001226,0.0191218,-0.001224,0.001226,0.0190618
-0.002572,0.00101,0.0185978,-0.002572,0.00101,0.0185378
-0.002328,0.001204,0.0186178,-0.002328,0.001204,0.0185578
-0.001956,0.001228,0.0184768,-0.001956,0.001228,0.0184168
-0.00269,0.001298,0.0184778,-0.00269,0.001298,0.0184178
-0.002535,0.000665,0.0186618,-0.002535,0.000665,0.0186018
-0.002868,0.000752,0.0187738,-0.002868,0.000752,0.0187138
-0.002561,0.000875,0.0182468,-0.002561,0.000875,0.0181868
-0.003332,0.001187,0.0202228,-0.003332,0.001187,0.0201628
-0.001061,0.000947,0.0199578,-0.001061,0.000947,0.0198978
-0.000708,0.000861,0.0199538,-0.000708,0.000861,0.0198938
-0.000804,0.001237,0.0198948,-0.000804,0.001237,0.0198348
-0.00039,0.0011,0.0199478,-0.00039,0.0011,0.0198878
-0.001035,0.00062,0.0200178,-0.001035,0.00062,0.0199578
-0.001928,0.002374,0.0183588,-0.001928,0.002374,0.0182988
-0.002034,0.002443,0.0186398,-0.002034,0.002443,0.0185798
-0.001512,0.002382,0.0184528,-0.001512,0.002382,0.0183928
-0.001702,0.002293,0.0187658,-0.001702,0.002293,0.0187058
-0.001635,0.002701,0.0185318,-0.001635,0.002701,0.0184718
-0.001227,0.002754,0.0185398,-0.001227,0.002754,0.0184798
-0.001103,0.002374,0.0190528,-0.001103,0.002374,0.0189928
-0.001999,0.002226,0.0188828,-0.001999,0.002226,0.0188228
-0.001927,0.002946,0.0202538,-0.001927,0.002946,0.0201938
-0.00148,0.0029,0.0202888,-0.00148,0.0029,0.0202288
-0.001182,0.001561,0.0193148,-0.001182,0.001561,0.0192548
-0.000669,0.001682,0.0193178,-0.000669,0.001682,0.0192578
-0.00073,0.00146,0.0195648,-0.00073,0.00146,0.0195048
-0.000794,0.001576,0.0189508,-0.000794,0.001576,0.0188908
-0.001154,0.002321,0.0184398,-0.001154,0.002321,0.0183798
-0.000855,0.002294,0.0185638,-0.000855,0.002294,0.0185038
-0.00063,0.002505,0.0186128,-0.00063,0.002505,0.0185528
-0.000854,0.002674,0.0184918,-0.000854,0.002674,0.0184318
-0.000481,0.002803,0.0183998,-0.000481,0.002803,0.0183398
-0.000835,0.003096,0.0184558,-0.000835,0.003096,0.0183958
-0.000773,0.002636,0.0189538,-0.000773,0.002636,0.0188938
-0.00116,0.002374,0.0177458,-0.00116,0.002374,0.0176858
-0.001273,0.002796,0.0179438,-0.001273,0.002796,0.0178838
-0.000371,0.002778,0.0178698,-0.000371,0.002778,0.0178098
-0.001359,0.002209,0.0181188,-0.001359,0.002209,0.0180588
-0.000911,0.003073,0.0181548,-0.000911,0.003073,0.0180948
-0.000467,0.002016,0.0160498,-0.000467,0.002016,0.0159898
-0.0005,0.002359,0.0160368,-0.0005,0.002359,0.0159768
-0.000153,0.002276,0.0160838,-0.000153,0.002276,0.0160238
0.000154,0.002105,0.0160098,0.000154,0.002105,0.0159498
0.000426,0.001008,0.0158318,0.000426,0.001008,0.0157718
-0.000192,0.000934,0.0157198,-0.000192,0.000934,0.0156598
0.000446,0.000972,0.0166258,0.000446,0.000972,0.0165658
0.000361,0.000898,0.0150598,0.000361,0.000898,0.0149999
-0.000112,0.002681,0.0160078,-0.000112,0.002681,0.0159478
8.4e-05,0.001729,0.0160068,8.4e-05,0.001729,0.0159468
-0.000222,0.001049,0.0150358,-0.000222,0.001049,0.0149759
-0.000797,0.002224,0.0160348,-0.000797,0.002224,0.0159748
-0.000457,0.002713,0.0161528,-0.000457,0.002713,0.0160928
-0.0005,0.002323,0.0164748,-0.0005,0.002323,0.0164148
-0.000509,0.001857,0.0163798,-0.000509,0.001857,0.0163198
-8.9e-05,0.001944,0.0163098,-8.9e-05,0.001944,0.0162498
0.000312,0.001906,0.0163308,0.000312,0.001906,0.0162708
-0.000958,0.001971,0.0163568,-0.000958,0.001971,0.0162968
-0.001346,0.0019,0.0162648,-0.001346,0.0019,0.0162048
-0.000477,0.001456,0.0164058,-0.000477,0.001456,0.0163458
-0.000476,0.002139,0.0166928,-0.000476,0.002139,0.0166328
-0.000852,0.00317,0.0162748,-0.000852,0.00317,0.0162148
-0.000833,0.002327,0.0164818,-0.000833,0.002327,0.0164218
-0.000852,0.002743,0.0163368,-0.000852,0.002743,0.0162768
-0.000804,0.002317,0.0168538,-0.000804,0.002317,0.0167938
-0.00078,0.001589,0.0163738,-0.00078,0.001589,0.0163138
-0.00082,0.001158,0.0163468,-0.00082,0.001158,0.0162868
-0.000792,0.001906,0.0167838,-0.000792,0.001906,0.0167238
-0.001991,0.001594,0.0186818,-0.001991,0.001594,0.0186218
-0.001619,0.001437,0.0186078,-0.001619,0.001437,0.0185478
-0.001533,0.001975,0.0184208,-0.001533,0.001975,0.0183608
-0.001177,0.001916,0.0185358,-0.001177,0.001916,0.0184758
-0.001684,0.001978,0.0190308,-0.001684,0.001978,0.0189708
-0.001707,0.001555,0.0189388,-0.001707,0.001555,0.0188788
-0.001114,0.001554,0.0190108,-0.001114,0.001554,0.0189508
-0.001938,0.002015,0.0181638,-0.001938,0.002015,0.0181038
-0.002182,0.002325,0.0177508,-0.002182,0.002325,0.0176908
-0.00184,0.002333,0.0179718,-0.00184,0.002333,0.0179118
-0.001535,0.002255,0.0178388,-0.001535,0.002255,0.0177788
-0.001662,0.002684,0.0177918,-0.001662,0.002684,0.0177318
-0.001646,0.00227,0.0181928,-0.001646,0.00227,0.0181328
-0.002048,0.002547,0.0179798,-0.002048,0.002547,0.0179198
0.002288,-0.002299,0.0202528,0.002288,-0.002299,0.0201928
0.002661,-0.002362,0.0202638,0.002661,-0.002362,0.0202038
0.001635,-0.002167,0.0185918,0.001635,-0.002167,0.0185318
0.002231,-0.001976,0.0187088,0.002231,-0.001976,0.0186488
0.002404,-0.002164,0.0188748,0.002404,-0.002164,0.0188148
0.002067,-0.001847,0.0185338,0.002067,-0.001847,0.0184738
0.00177,-0.001628,0.0184278,0.00177,-0.001628,0.0183678
0.002137,-0.001567,0.0184838,0.002137,-0.001567,0.0184238
0.001982,-0.00181,0.0189398,0.001982,-0.00181,0.0188798
0.001988,-0.002182,0.0188638,0.001988,-0.002182,0.0188038
0.002172,-0.002622,0.0189048,0.002172,-0.002622,0.0188448
0.001764,-0.001864,0.0185718,0.001764,-0.001864,0.0185118
0.001662,-0.001787,0.0188248,0.001662,-0.001787,0.0187648
0.002476,-0.001804,0.0189008,0.002476,-0.001804,0.0188408
0.001551,-0.001447,0.0188398,0.001551,-0.001447,0.0187798
0.001715,-0.002035,0.0190958,0.001715,-0.002035,0.0190358
0.001746,-0.002458,0.0188688,0.001746,-0.002458,0.0188088
0.002866,-0.001991,0.0201668,0.002866,-0.001991,0.0201068
0.002782,-0.001564,0.0201868,0.002782,-0.001564,0.0201268
0.002744,0.001777,0.0033288,0.0027455,0.001778,0.0032905
0.002472,0.001598,0.0049028,0.0024738,0.0015992,0.0048607
0.002798,0.001693,0.0049198,0.0028,0.0016942,0.0048775
0.002433,0.002167,0.0050698,0.0024348,0.0021686,0.0050271
0.002546,0.001499,0.0053918,0.002548,0.0015002,0.0053485
0.002376,0.001945,0.0052408,0.0023778,0.0019465,0.0051978
0.002521,0.001988,0.0057128,0.0025231,0.0019896,0.0056686
0.002562,0.001667,0.0051958,0.002564,0.0016683,0.0051529
0.002518,0.001576,0.0061248,0.0025202,0.0015774,0.0060797
-6.6e-05,-0.001431,0.0035268,-6.6e-05,-0.0014317,0.0034895
-7.1e-05,-0.001749,0.0042388,-7.11e-05,-0.00175,0.0041996
-0.000423,-0.001672,0.0042498,-0.0004233,-0.001673,0.0042106
-0.000535,-0.001766,0.0039458,-0.0005353,-0.001767,0.0039072
-0.000441,-0.001355,0.0039318,-0.0004413,-0.0013558,0.0038936
0.003104,0.00111,0.0029998,0.0031056,0.0011106,0.0029624
0.00343,0.001104,0.0030178,0.0034318,0.0011046,0.0029801
0.001045,0.001524,0.0196428,0.001045,0.001524,0.0195828
0.001288,0.001561,0.0193958,0.001288,0.001561,0.0193358
0.001291,0.001408,0.0197458,0.001291,0.001408,0.0196858
0.000892,0.001651,0.0192938,0.000892,0.001651,0.0192338
0.000739,0.001485,0.0195618,0.000739,0.001485,0.0195018
0.000993,0.001433,0.0188168,0.000993,0.001433,0.0187568
0.001285,0.00088,0.0193588,0.001285,0.00088,0.0192988
0.001379,0.001181,0.0191758,0.001379,0.001181,0.0191158
0.001634,0.001163,0.0193848,0.001634,0.001163,0.0193248
0.001322,0.001209,0.0195318,0.001322,0.001209,0.0194718
0.001368,0.000709,0.0196768,0.001368,0.000709,0.0196168
0.000953,0.000719,0.0196138,0.000953,0.000719,0.0195538
0.001319,0.000603,0.0199908,0.001319,0.000603,0.0199308
0.000888,0.000887,0.0193838,0.000888,0.000887,0.0193238
0.000915,0.001145,0.0196618,0.000915,0.001145,0.0196018
0.000924,0.000754,0.0199738,0.000924,0.000754,0.0199138
0.000589,0.000342,0.0174608,0.000589,0.000342,0.0174008
0.000599,0.000736,0.0174958,0.000599,0.000736,0.0174358
0.000901,0.000432,0.0174978,0.000901,0.000432,0.0174378
0.001025,0.000825,0.0173928,0.001025,0.000825,0.0173328
0.00144,0.000759,0.0173498,0.00144,0.000759,0.0172898
0.001053,0.001249,0.0174048,0.001053,0.001249,0.0173448
0.001131,0.000774,0.0177848,0.001131,0.000774,0.0177248
0.001431,0.00052,0.0178558,0.001431,0.00052,0.0177958
0.000706,0.000519,0.0177818,0.000706,0.000519,0.0177218
0.001049,4.8e-05,0.0176958,0.001049,4.8e-05,0.0176358
0.000881,0.000439,0.0180338,0.000881,0.000439,0.0179738
0.00076,0.001111,0.0173248,0.00076,0.001111,0.0172648
0.000571,0.000855,0.0178028,0.000571,0.000855,0.0177428
0.000201,0.000881,0.0177198,0.000201,0.000881,0.0176598
0.000652,0.001104,0.0178978,0.000652,0.001104,0.0178378
0.000607,0.000739,0.0183618,0.000607,0.000739,0.0183018
0.000198,0.000261,0.0179408,0.000198,0.000261,0.0178808
0.000778,0.00039,0.0183188,0.000778,0.00039,0.0182588
0.001034,0.002167,0.0185798,0.001034,0.002167,0.0185198
0.001394,0.002325,0.0185618,0.001394,0.002325,0.0185018
0.001452,0.0029,0.0186438,0.001452,0.0029,0.0185838
0.001076,0.002612,0.0186548,0.001076,0.002612,0.0185948
0.00072,0.002625,0.0186248,0.00072,0.002625,0.0185648
0.001175,0.002998,0.0185458,0.001175,0.002998,0.0184858
0.001194,0.002306,0.0179348,0.001194,0.002306,0.0178748
0.00147,0.002359,0.0177428,0.00147,0.002359,0.0176828
0.001765,0.002322,0.0178608,0.001765,0.002322,0.0178008
0.001712,0.002417,0.0182498,0.001712,0.002417,0.0181898
0.001305,0.002618,0.0177288,0.001305,0.002618,0.0176688
0.001745,0.002649,0.0178148,0.001745,0.002649,0.0177548
0.001036,0.002523,0.0178038,0.001036,0.002523,0.0177438
0.001432,0.002726,0.0183488,0.001432,0.002726,0.0182888
0.001367,0.002284,0.0182028,0.001367,0.002284,0.0181428
0.000861,0.002309,0.0178448,0.000861,0.002309,0.0177848
0.001026,0.002875,0.0178158,0.001026,0.002875,0.0177558
0.001073,0.002852,0.0182378,0.001073,0.002852,0.0181778
0.000738,0.00172,0.0161438,0.000738,0.00172,0.0160838
0.001059,0.001991,0.0162408,0.001059,0.001991,0.0161808
0.001135,0.002245,0.0160278,0.001135,0.002245,0.0159678
0.001596,0.002131,0.0159638,0.001596,0.002131,0.0159038
0.0007,0.002375,0.0158878,0.0007,0.002375,0.0158278
0.001073,0.002544,0.0158608,0.001073,0.002544,0.0158008
0.000963,0.002266,0.0164338,0.000963,0.002266,0.0163738
0.001627,0.001957,0.0163798,0.001627,0.001957,0.0163198
0.000611,0.001723,0.0164268,0.000611,0.001723,0.0163668
0.001012,0.001197,0.0164148,0.001012,0.001197,0.0163548
0.001152,0.00217,0.0167598,0.001152,0.00217,0.0166998
0.000766,0.002548,0.0161238,0.000766,0.002548,0.0160638
0.000639,0.002212,0.0163958,0.000639,0.002212,0.0163358
0.000115,0.002281,0.0163708,0.000115,0.002281,0.0163108
0.000695,0.002579,0.0164238,0.000695,0.002579,0.0163638
0.00076,0.002223,0.0167958,0.00076,0.002223,0.0167358
0.000779,0.001927,0.0163598,0.000779,0.001927,0.0162998
0.000677,0.001373,0.0163818,0.000677,0.001373,0.0163218
0.000836,0.001899,0.0166558,0.000836,0.001899,0.0165958
0.001283,0.002835,0.0202608,0.001283,0.002835,0.0202008
0.001583,0.002876,0.0202248,0.001583,0.002876,0.0201648
0.001454,0.001238,0.0199008,0.001454,0.001238,0.0198408
0.001492,0.000338,0.0199338,0.001492,0.000338,0.0198738
0.000632,0.001049,0.0199028,0.000632,0.001049,0.0198428
0.000622,0.000577,0.0198218,0.000622,0.000577,0.0197618
0.000996,0.000399,0.0198348,0.000996,0.000399,0.0197748
0.002488,0.000813,0.0183588,0.002488,0.000813,0.0182988
0.002601,0.001012,0.0186148,0.002601,0.001012,0.0185548
0.002866,0.000829,0.0185188,0.002866,0.000829,0.0184588
0.002911,0.001283,0.0185638,0.002911,0.001283,0.0185038
0.002369,0.001177,0.0184748,0.002369,0.001177,0.0184148
0.002517,0.001024,0.0180408,0.002517,0.001024,0.0179808
0.002817,0.000905,0.0178928,0.002817,0.000905,0.0178328
0.002745,0.001316,0.0179568,0.002745,0.001316,0.0178968
0.002353,0.001266,0.0177518,0.002353,0.001266,0.0176918
0.002986,0.001567,0.0177298,0.002986,0.001567,0.0176698
0.002951,0.00112,0.0181038,0.002951,0.00112,0.0180438
0.00213,0.000308,0.0160038,0.00213,0.000308,0.0159438
0.002514,0.000432,0.0158228,0.002514,0.000432,0.0157628
0.002403,0.000521,0.0161108,0.002403,0.000521,0.0160508
0.00265,0.000742,0.0159238,0.00265,0.000742,0.0158638
0.002176,0.000797,0.0160758,0.002176,0.000797,0.0160158
0.001527,0.000871,0.0160748,0.001527,0.000871,0.0160148
0.002579,0.001062,0.0160928,0.002579,0.001062,0.0160328
0.002456,0.000854,0.0163588,0.002456,0.000854,0.0162988
0.002493,0.000423,0.0164948,0.002493,0.000423,0.0164348
0.002893,0.00045,0.0164738,0.002893,0.00045,0.0164138
0.002105,0.000481,0.0163868,0.002105,0.000481,0.0163268
0.002328,0.000104,0.0163908,0.002328,0.000104,0.0163308
0.002628,0.000612,0.0168288,0.002628,0.000612,0.0167688
0.002176,0.00122,0.0160298,0.002176,0.00122,0.0159698
0.002166,0.001197,0.0163858,0.002166,0.001197,0.0163258
0.002053,0.001,0.0168318,0.002053,0.001,0.0167718
0.001809,0.000515,0.0161118,0.001809,0.000515,0.0160518
0.002027,0.00043,0.0169968,0.002027,0.00043,0.0169368
0.003087,0.000749,0.0202838,0.003087,0.000749,0.0202238
0.003456,0.000681,0.0201918,0.003456,0.000681,0.0201318
0.001128,-0.000244,0.0200378,0.001128,-0.000244,0.0199778
0.000938,0.000145,0.0201408,0.000938,0.000145,0.0200808
0.001405,-8e-05,0.0199118,0.001405,-8e-05,0.0198518
0.001236,0.000133,0.0200138,0.001236,0.000133,0.0199538
0.001425,-0.0,0.0203168,0.001425,-0.0,0.0202568
0.001385,-0.000399,0.0203668,0.001385,-0.000399,0.0203068
0.00114,0.000416,0.0200918,0.00114,0.000416,0.0200318
0.000693,0.00028,0.0199328,0.000693,0.00028,0.0198728
0.001093,0.000109,0.0205518,0.001093,0.000109,0.0204918
0.000718,1.1e-05,0.0203568,0.000718,1.1e-05,0.0202968
0.001454,-3.6e-05,0.0192128,0.001454,-3.6e-05,0.0191528
0.001682,0.000119,0.0194558,0.001682,0.000119,0.0193958
0.002265,0.000104,0.0193128,0.002265,0.000104,0.0192528
0.002072,-0.0,0.0196528,0.002072,-0.0,0.0195928
0.00202,-0.000322,0.0197218,0.00202,-0.000322,0.0196618
0.001691,0.000469,0.0197468,0.001691,0.000469,0.0196868
0.001726,0.000146,0.0197808,0.001726,0.000146,0.0197208
0.001651,-0.000233,0.0196438,0.001651,-0.000233,0.0195838
0.002493,0.000136,0.0184858,0.002493,0.000136,0.0184258
0.002829,5e-05,0.0185318,0.002829,5e-05,0.0184718
0.002366,0.000483,0.0185108,0.002366,0.000483,0.0184508
0.002801,-1.6e-05,0.0189178,0.002801,-1.6e-05,0.0188578
0.002706,0.000499,0.0185168,0.002706,0.000499,0.0184568
0.002548,0.000166,0.0190858,0.002548,0.000166,0.0190258
0.003299,0.000158,0.0178678,0.003299,0.000158,0.0178078
0.00334,-0.000166,0.0178948,0.00334,-0.000166,0.0178348
0.001754,-0.000545,0.0194218,0.001754,-0.000545,0.0193618
0.001719,-0.000273,0.0192368,0.001719,-0.000273,0.0191768
0.001758,-0.000569,0.0190258,0.001758,-0.000569,0.0189658
0.00288,-0.00034,0.0184748,0.00288,-0.00034,0.0184148
0.002437,-8.7e-05,0.0182508,0.002437,-8.7e-05,0.0181908
0.00258,-0.000233,0.0185408,0.00258,-0.000233,0.0184808
0.002617,-0.000553,0.0183528,0.002617,-0.000553,0.0182928
0.001298,-0.003034,0.0030148,0.0012986,-0.0030356,0.0029774
0.001623,-0.003081,0.0031498,0.0016239,-0.0030826,0.0031119
0.001975,-0.002946,0.0031418,0.0019761,-0.0029476,0.0031038
0.002733,-0.001598,0.0033118,0.0027345,-0.0015988,0.0032737
0.002724,-0.001199,0.0034138,0.0027254,-0.0011996,0.0033755
0.001401,-0.001111,0.0041198,0.0014018,-0.0011117,0.0040808
0.001337,-0.001339,0.0038618,0.0013377,-0.0013397,0.0038234
0.001047,-0.00135,0.0038428,0.0010476,-0.0013508,0.0038046
0.001336,-0.001009,0.0038708,0.0013367,-0.0010096,0.0038325
0.001293,-0.001474,0.0040908,0.0012938,-0.0014748,0.0040518
0.000902,-0.00115,0.0036848,0.0009025,-0.0011506,0.0036472
0.000726,-0.001335,0.0038918,0.0007264,-0.0013358,0.0038536
0.001,-0.00144,0.0041338,0.0010006,-0.0014409,0.0040948
0.001548,-0.000904,0.0045408,0.001549,-0.0009046,0.0045008
0.001357,-0.001456,0.0047018,0.001358,-0.001457,0.0046612
0.001053,-0.001345,0.0045918,0.0010537,-0.0013459,0.0045517
0.001404,-0.001784,0.0045598,0.001405,-0.0017852,0.0045193
0.00154,-0.00135,0.0049618,0.0015412,-0.001351,0.0049204
0.000856,-0.00122,0.0044228,0.0008566,-0.0012208,0.0043834
0.00074,-0.000981,0.0042918,0.0007405,-0.0009817,0.0042529
0.000963,-0.000692,0.0041168,0.0009636,-0.0006924,0.0040784
0.000698,-0.001407,0.0046468,0.0006985,-0.001408,0.0046067
0.001086,-0.001442,0.0048228,0.0010868,-0.0014431,0.004782
0.000695,-0.001085,0.0060438,0.0006958,-0.0010862,0.0060001
0.001091,-0.000925,0.0059418,0.0010922,-0.000926,0.0058982
0.001325,-0.000626,0.0058058,0.0013264,-0.0006266,0.0057626
0.000638,-0.000697,0.0059348,0.0006387,-0.0006978,0.0058918
0.001089,-0.000255,0.0061048,0.0010903,-0.0002553,0.0060611
0.00097,-0.000514,0.0062498,0.0009712,-0.0005146,0.0062056
0.001118,-0.001,0.0063318,0.0011193,-0.0010011,0.0062869
0.000798,-0.000991,0.0063218,0.000799,-0.0009922,0.0062772
0.001077,-0.00095,0.0067148,0.0010784,-0.0009512,0.0066688
0.001152,-0.000958,0.0071268,0.0011534,-0.0009592,0.0070794
0.000779,-0.000428,0.0060658,0.0007799,-0.0004285,0.0060224
0.000341,-0.000582,0.0060148,0.0003414,-0.0005827,0.0059716
0.000659,-6.1e-05,0.0060308,0.0006598,-6.11e-05,0.0059876
0.000727,-0.000626,0.0063598,0.0007279,-0.0006268,0.0063153
0.000742,-0.000243,0.0063518,0.0007429,-0.0002433,0.0063074
0.000784,-0.000632,0.0067238,0.000785,-0.0006329,0.006678
0.000734,-0.000608,0.0070238,0.000735,-0.0006089,0.0069769
0.000633,-0.000614,0.0086178,0.0006338,-0.0006148,0.0085656
0.000687,-0.000977,0.0066528,0.0006879,-0.0009783,0.0066071
0.002547,-0.001359,0.0049298,0.0025488,-0.00136,0.0048877
0.002936,-0.000587,0.0049238,0.0029381,-0.0005874,0.0048816
0.002804,-0.001073,0.0056798,0.0028063,-0.0010739,0.0056358
0.002878,-0.001325,0.0053278,0.0028802,-0.001326,0.0052845
0.002498,-0.001388,0.0053618,0.0025,-0.0013891,0.0053186
0.002795,-0.00102,0.0052338,0.0027971,-0.0010208,0.0051908
0.002596,-0.000713,0.0053678,0.0025981,-0.0007136,0.0053247
0.002499,-0.000973,0.0056308,0.0025011,-0.0009738,0.0055871
0.002549,-0.001404,0.0056698,0.0025511,-0.0014052,0.0056258
0.002541,-0.001756,0.0056918,0.0025431,-0.0017574,0.0056477
0.002529,-0.001393,0.0060348,0.0025312,-0.0013942,0.0059899
0.001932,-0.001128,0.0074518,0.001934,-0.0011291,0.0074035
0.002367,-0.001097,0.0075578,0.0023692,-0.001098,0.0075093
0.002418,-0.000638,0.0075258,0.0024203,-0.0006386,0.0074774
0.002777,-0.000731,0.0076008,0.0027795,-0.0007317,0.0075522
0.002058,-0.000531,0.0075508,0.0020601,-0.0005316,0.0075023
0.002084,-0.000577,0.0082328,0.002086,-0.0005775,0.0081828
0.002472,-0.000308,0.0074498,0.0024744,-0.0003083,0.0074015
0.00237,-0.000647,0.0081918,0.0023721,-0.0006476,0.0081419
0.00283,-0.000965,0.0079138,0.0028324,-0.0009658,0.0078646
0.002274,-0.000727,0.0078338,0.0022762,-0.0007277,0.0077847
0.002559,-0.000898,0.0081298,0.0025612,-0.0008988,0.0080801
0.001996,-0.000714,0.0079358,0.001998,-0.0007147,0.0078864
0.001506,-0.000571,0.0075278,0.0015078,-0.0005717,0.0074793
0.002028,-0.000259,0.0078518,0.0020301,-0.0002593,0.0078026
0.001643,-0.000969,0.0077008,0.0016448,-0.00097,0.0076519
0.002118,-0.000932,0.0081588,0.00212,-0.0009329,0.008109
0.00197,-0.001046,0.0085828,0.0019718,-0.0010469,0.0085321
0.001655,-0.000918,0.0081008,0.0016567,-0.000919,0.0080509
0.003058,-0.001146,0.0030298,0.0030595,-0.0011466,0.0029923
0.003357,-0.001175,0.0031248,0.0033588,-0.0011756,0.0030869
0.000932,-0.003391,0.0030278,0.0009325,-0.0033928,0.0029902
0.000711,-0.003078,0.0029828,0.0007113,-0.0030795,0.0029456
0.00235,0.002166,0.0202658,0.00235,0.002166,0.0202058
0.00276,0.002192,0.0202818,0.00276,0.002192,0.0202218
0.003089,0.000715,0.0031388,0.0030906,0.0007154,0.0031011
0.003475,0.00067,0.0030858,0.0034768,0.0006704,0.003048
-0.003327,0.001062,0.0030568,-0.0033288,0.0010626,0.0030191
-0.003338,-0.001191,0.0030498,-0.0033398,-0.0011916,0.0030121
-0.002976,-0.001229,0.0029888,-0.0029774,-0.0012296,0.0029515
0.001299,-0.000599,0.0200948,0.001299,-0.000599,0.0200348
0.001353,-0.000551,0.0196188,0.001353,-0.000551,0.0195588
0.000901,-0.000543,0.0201418,0.000901,-0.000543,0.0200818
0.00068,-0.000323,0.0199858,0.00068,-0.000323,0.0199258
-0.00128,-0.003388,0.0031288,-0.0012807,-0.0033899,0.0030909
-0.001046,-0.003434,0.0030798,-0.0010466,-0.0034359,0.003042
-0.000884,-0.002813,0.0032248,-0.0008845,-0.0028144,0.003187
-0.001555,-0.003169,0.0030858,-0.0015558,-0.0031707,0.003048
0.000562,0.003544,0.0202068,0.000562,0.003544,0.0201468
0.0003,0.001513,0.0191728,0.0003,0.001513,0.0191128
0.000565,0.001553,0.0193368,0.000565,0.001553,0.0192768
0.000376,0.00178,0.0193908,0.000376,0.00178,0.0193308
0.000411,0.001685,0.0188958,0.000411,0.001685,0.0188358
0.000336,0.002261,0.0183998,0.000336,0.002261,0.0183398
0.000724,0.002312,0.0185568,0.000724,0.002312,0.0184968
0.000319,0.002698,0.0185238,0.000319,0.002698,0.0184638
0.000384,0.002658,0.0189738,0.000384,0.002658,0.0189138
-7.8e-05,0.002646,0.0184568,-7.8e-05,0.002646,0.0183968
0.000404,0.002737,0.0181258,0.000404,0.002737,0.0180658
0.000302,0.003092,0.0176998,0.000302,0.003092,0.0176398
0.000499,0.003182,0.0180228,0.000499,0.003182,0.0179628
0.000628,0.00291,0.0177738,0.000628,0.00291,0.0177138
0.000735,0.002857,0.0181658,0.000735,0.002857,0.0181058
0.00035,0.000726,0.0041818,0.0003502,0.0007265,0.0041435
0.000271,0.001038,0.0043528,0.0002712,0.0010387,0.0043139
0.000555,0.000825,0.0043298,0.0005554,0.0008256,0.004291
0.000644,0.001163,0.0042628,0.0006444,0.0011638,0.0042239
0.000278,0.001264,0.0042018,0.0002782,0.0012648,0.0041631
0.000229,0.001066,0.0046668,0.0002292,0.0010668,0.0046271
1e-05,0.001148,0.0045428,1e-05,0.0011488,0.0045034
0.00025,0.001124,0.0049728,0.0002502,0.001125,0.0049323
0.000195,0.000429,0.0045048,0.0001951,0.0004293,0.0044659
0.000196,0.002664,0.0048238,0.0001962,0.0026659,0.0047821
0.001058,0.002734,0.0049538,0.0010588,0.002736,0.0049116
0.000805,0.002707,0.0055708,0.0008057,0.0027092,0.0055271
0.00029,0.002657,0.0052738,0.0002902,0.0026591,0.005231
0.000658,0.002606,0.0052758,0.0006585,0.0026081,0.0052329
-5.1e-05,0.002689,0.0053118,-5.11e-05,0.0026911,0.0052688
0.000262,0.002282,0.0053368,0.0002622,0.0022839,0.0052941
0.000295,0.002657,0.0056398,0.0002953,0.0026593,0.005596
0.00106,0.002245,0.0053048,0.0010609,0.0022468,0.005262
0.000668,0.002282,0.0056598,0.0006686,0.002284,0.0056161
0.00033,0.002274,0.0056248,0.0003303,0.002276,0.0055813
-6.3e-05,0.002357,0.0056328,-6.31e-05,0.0023591,0.0055892
-0.000843,-0.002195,0.0042548,-0.0008435,-0.0021963,0.004215
-0.000701,-0.001945,0.0043018,-0.0007014,-0.0019462,0.0042621
-0.000718,-0.001402,0.0041578,-0.0007184,-0.0014029,0.0041189
-0.001269,-0.00156,0.0042528,-0.0012698,-0.0015609,0.0042133
-0.001238,-0.001338,0.0046088,-0.0012389,-0.0013389,0.0045686
-0.001184,-0.001779,0.0050638,-0.0011849,-0.0017804,0.005022
-0.001072,-0.002282,0.0043608,-0.0010727,-0.0022835,0.0043205
-0.001246,-0.002438,0.0045818,-0.0012468,-0.0024397,0.0045407
-0.001368,-0.002102,0.0048418,-0.001369,-0.0021035,0.0048002
-0.001093,-0.001238,0.0043158,-0.0010937,-0.0012388,0.0042765
-0.000419,-0.000961,0.0042708,-0.0004193,-0.0009617,0.0042321
-0.001173,-0.000928,0.0042408,-0.0011737,-0.0009286,0.0042018
-0.000803,-0.000433,0.0041858,-0.0008035,-0.0004333,0.0041475
-0.000828,-0.001359,0.0045508,-0.0008286,-0.0013599,0.0045109
-0.001295,-0.000652,0.0042108,-0.0012958,-0.0006524,0.0041719
-0.001155,-0.000974,0.0046218,-0.0011558,-0.0009747,0.0045818
-0.001245,-0.000616,0.0046218,-0.0012459,-0.0006164,0.004582
-0.001308,-0.000931,0.0048788,-0.001309,-0.0009317,0.0048381
-0.001467,-0.001324,0.0048968,-0.0014681,-0.001325,0.0048556
-0.001395,-0.002835,0.0049828,-0.001396,-0.0028371,0.0049404
-0.001152,-0.00275,0.0050898,-0.0011529,-0.002752,0.0050472
-0.000845,-0.002805,0.0052728,-0.0008457,-0.0028072,0.0052298
-0.000582,-0.002901,0.0054938,-0.0005825,-0.0029033,0.0054502
-0.000879,-0.002265,0.0053358,-0.0008797,-0.0022669,0.005293
-0.000908,-0.002811,0.0056228,-0.0009088,-0.0028133,0.0055789
-0.001194,-0.002457,0.0049308,-0.0011949,-0.0024588,0.0048888
-0.001233,-0.002377,0.0053648,-0.001234,-0.0023789,0.0053217
-0.001546,-0.002473,0.0054948,-0.0015473,-0.002475,0.0054513
-0.001142,-0.002072,0.0054408,-0.001143,-0.0020738,0.0053977
-0.001253,-0.002404,0.0056678,-0.0012541,-0.0024061,0.0056239
-0.001311,-0.002762,0.0055878,-0.0013121,-0.0027642,0.0055439
-0.001627,-0.002436,0.0050038,-0.0016282,-0.0024378,0.0049615
-0.00141,-0.002107,0.0056058,-0.0014112,-0.0021088,0.0055622
-0.001561,-0.001764,0.0057058,-0.0015624,-0.0017656,0.0056621
-0.001466,-0.002222,0.0052298,-0.0014672,-0.0022237,0.0051871
-0.001511,-0.001858,0.0052598,-0.0015122,-0.0018595,0.0052172
-0.001827,-0.00183,0.0049968,-0.0018284,-0.0018314,0.0049548
-0.002125,-0.001365,0.0048018,-0.0021265,-0.001366,0.0047603
-0.001887,-0.001807,0.0053908,-0.0018885,-0.0018084,0.0053477
-0.001956,-0.001383,0.0053358,-0.0019576,-0.0013841,0.005293
-0.001806,-0.002345,0.0052698,-0.0018074,-0.0023468,0.0052268
-0.001951,-0.00259,0.0050018,-0.0019524,-0.0025919,0.0049593
0.003316,-0.000498,0.0029468,0.0033177,-0.0004983,0.0029095
-0.000249,-0.002916,0.0025948,-0.0002491,-0.0029173,0.0025587
-0.000237,-0.002819,0.0031748,-0.0002371,-0.0028204,0.0031373
-0.000196,-0.001012,0.0027688,-0.0001961,-0.0010124,0.0027334
-3.7e-05,-0.001347,0.0032508,-3.7e-05,-0.0013476,0.0032142
-0.000583,-0.00096,0.0026658,-0.0005832,-0.0009604,0.0026306
-0.000113,-0.000488,0.0027458,-0.000113,-0.0004882,0.0027107
-3.7e-05,-0.001047,0.0031188,-3.7e-05,-0.0010474,0.0030827
-0.000419,-0.001018,0.0029778,-0.0004192,-0.0010184,0.002942
-0.000743,-0.001392,0.0030908,-0.0007433,-0.0013926,0.0030545
0.003331,0.001434,0.0202178,0.003331,0.001434,0.0201578
6.9e-05,0.003257,0.0201688,6.9e-05,0.003257,0.0201088
-0.00011,0.001406,0.0192758,-0.00011,0.001406,0.0192158
-0.000155,0.001509,0.0196358,-0.000155,0.001509,0.0195758
-0.000455,0.001631,0.0190698,-0.000455,0.001631,0.0190098
-0.000515,0.002076,0.0185068,-0.000515,0.002076,0.0184468
-0.000156,0.002282,0.0186098,-0.000156,0.002282,0.0185498
-0.000356,0.002692,0.0186408,-0.000356,0.002692,0.0185808
-0.000348,0.002631,0.0181778,-0.000348,0.002631,0.0181178
-0.000596,0.003063,0.0177558,-0.000596,0.003063,0.0176958
-0.000423,0.003152,0.0180278,-0.000423,0.003152,0.0179678
-0.000125,0.003118,0.0178448,-0.000125,0.003118,0.0177848
-0.000393,0.003206,0.0183408,-0.000393,0.003206,0.0182808
0.001282,0.001635,0.0043368,0.0012828,0.001636,0.004297
0.001006,0.001914,0.0043008,0.0010066,0.0019152,0.004261
0.001398,0.001865,0.0044998,0.0013989,0.0018662,0.0044593
0.001323,0.001562,0.0045868,0.0013239,0.0015631,0.0045464
0.001024,0.001564,0.0046068,0.0010247,0.0015651,0.0045665
0.001465,0.001556,0.0049638,0.0014661,0.0015572,0.0049223
0.000845,0.001744,0.0044888,0.0008455,0.0017452,0.0044487
0.001163,0.002337,0.0050628,0.0011639,0.0023387,0.0050206
0.001402,0.002243,0.0053178,0.0014031,0.0022448,0.0052749
0.001207,0.00239,0.0055678,0.001208,0.002392,0.0055242
0.000857,0.002363,0.0051168,0.0008576,0.0023648,0.0050745
0.001104,0.002688,0.0055808,0.0011049,0.0026902,0.005537
0.000944,0.002147,0.0055398,0.0009448,0.0021489,0.0054965
0.003078,-0.000312,0.0201658,0.003078,-0.000312,0.0201058
6.4e-05,-0.003277,0.0030508,6.4e-05,-0.0032787,0.0030133
-0.000445,-0.003499,0.0030998,-0.0004453,-0.0035009,0.003062
0.001267,0.00287,0.0034318,0.0012677,0.0028716,0.0033934
0.001376,0.003231,0.0033928,0.0013768,0.0032328,0.0033542
0.001317,0.000918,0.0037668,0.0013177,0.0009185,0.0037288
0.00134,0.001262,0.0036138,0.0013407,0.0012626,0.003576
0.001419,0.001207,0.0041688,0.0014199,0.0012077,0.0041297
0.001313,0.000853,0.0041988,0.0013138,0.0008535,0.0041599
0.000974,0.000884,0.0038248,0.0009746,0.0008845,0.0037869
0.002261,0.000175,0.0042788,0.0022624,0.0001751,0.004239
0.00202,-6.9e-05,0.0046508,0.0020214,-6.9e-05,0.0046103
0.001686,0.000194,0.0046378,0.0016872,0.0001942,0.0045976
0.001701,-4.7e-05,0.0043258,0.0017021,-4.7e-05,0.0042865
0.001634,-0.000201,0.0045918,0.0016351,-0.0002012,0.0045518
0.001681,0.000321,0.0050688,0.0016823,0.0003212,0.0050275
0.002938,0.000269,0.0051418,0.0029402,0.0002692,0.0050991
0.002816,-0.000321,0.0048838,0.002818,-0.0003212,0.0048418
0.002837,6.2e-05,0.0056008,0.0028394,6.21e-05,0.005557
0.002787,7.2e-05,0.0052948,0.0027892,7.2e-05,0.0052518
0.002447,1.9e-05,0.0054108,0.002449,1.9e-05,0.0053678
0.002686,0.00045,0.0053658,0.0026882,0.0004503,0.0053227
0.002908,-0.00026,0.0052578,0.0029103,-0.0002602,0.0052148
0.002577,-0.000171,0.0050778,0.002579,-0.0001712,0.0050355
0.002537,-0.00026,0.0057218,0.0025392,-0.0002602,0.0056779
0.002535,-0.000395,0.0053888,0.0025371,-0.0003953,0.0053458
0.002539,0.000161,0.0057138,0.0025412,0.0001611,0.0056699
0.002393,0.000483,0.0055848,0.0023951,0.0004834,0.0055413
0.002795,5e-06,0.0059838,0.0027975,5e-06,0.0059391
0.002501,5.2e-05,0.0060948,0.0025033,5.2e-05,0.00605
0.002893,-0.000287,0.0059598,0.0028955,-0.0002872,0.0059151
0.002376,0.000851,0.0056898,0.0023781,0.0008517,0.005646
0.002076,0.000421,0.0076478,0.0020782,0.0004214,0.007599
0.002457,0.000489,0.0074418,0.0024594,0.0004895,0.0073935
0.002543,0.000825,0.0074488,0.0025454,0.0008258,0.0074005
0.00289,0.00096,0.0074598,0.0028925,0.0009609,0.0074116
0.002109,0.0008,0.0075058,0.0021112,0.0008008,0.0074574
0.002112,0.000889,0.0082718,0.002114,0.0008898,0.0082217
0.002482,0.001191,0.0075208,0.0024843,0.0011921,0.0074724
0.002457,0.000909,0.0082088,0.0024591,0.0009098,0.0081589
0.002493,0.000484,0.0078588,0.0024953,0.0004845,0.0078096
0.002846,0.000529,0.0078818,0.0028484,0.0005295,0.0078326
0.002413,0.000871,0.0077058,0.0024152,0.0008718,0.0076569
0.002309,0.000102,0.0078348,0.0023113,0.0001021,0.0077856
0.002452,0.000574,0.0081728,0.0024542,0.0005745,0.008123
0.001722,0.000918,0.0075518,0.0017239,0.000919,0.0075033
0.002042,0.001252,0.0074398,0.002044,0.0012532,0.0073915
0.002074,0.000781,0.0078158,0.0020761,0.0007818,0.0077666
0.001737,0.000682,0.0078148,0.0017389,0.0006827,0.0077656
0.002205,0.0011,0.0077738,0.0022071,0.001101,0.0077248
0.002215,0.000486,0.0079658,0.0022171,0.0004865,0.0079163
0.00166,0.000377,0.0075678,0.0016619,0.0003774,0.0075192
0.002144,0.000467,0.0082748,0.0021461,0.0004675,0.0082247
0.002116,0.000518,0.0086028,0.0021179,0.0005185,0.008552
0.001728,0.00048,0.0082978,0.0017298,0.0004805,0.0082474
0.00202,5.7e-05,0.0082358,0.002022,5.71e-05,0.0081857
0.001405,0.00046,0.0041388,0.0014058,0.0004603,0.0041001
0.001366,6.1e-05,0.0041288,0.0013668,6.11e-05,0.0040902
0.001486,9.8e-05,0.0037918,0.0014868,9.8e-05,0.0037539
0.001023,0.000147,0.0038628,0.0010236,0.0001471,0.0038251
0.001428,0.000654,0.0039068,0.0014288,0.0006544,0.0038685
0.001536,-0.000181,0.0038428,0.0015369,-0.0001811,0.0038047
0.001093,-0.00029,0.0034518,0.0010935,-0.0002901,0.0034149
0.00101,-0.000146,0.0042178,0.0010107,-0.0001461,0.0041793
0.000638,0.000119,0.0038618,0.0006384,0.0001191,0.0038244
0.001188,-0.000209,0.0038298,0.0011887,-0.0002091,0.003792
0.001273,-0.000396,0.0040878,0.0012738,-0.0003962,0.0040493
0.001308,-0.000635,0.0038568,0.0013087,-0.0006354,0.0038187
0.001035,-0.000591,0.0038558,0.0010356,-0.0005913,0.003818
0.000882,-0.000485,0.0036228,0.0008825,-0.0004853,0.0035856
0.002587,-0.000522,0.0049118,0.0025889,-0.0005224,0.0048699
0.002968,-0.000737,0.0052508,0.0029703,-0.0007376,0.0052078
0.002845,-0.000553,0.0055488,0.0028473,-0.0005534,0.0055051
-0.001113,0.002382,0.0050398,-0.0011138,0.0023838,0.0049976
-0.001118,0.00261,0.0050568,-0.0011188,0.0026119,0.0050144
-0.000699,0.003144,0.0050508,-0.0006995,0.0031463,0.0050082
-0.00094,0.002774,0.0057328,-0.0009408,0.0027763,0.0056887
-0.001265,0.002742,0.0052368,-0.0012659,0.0027441,0.0051938
-0.000963,0.002737,0.0054508,-0.0009638,0.0027392,0.0054074
-0.001114,0.002492,0.0052868,-0.0011149,0.002494,0.0052439
-0.000488,0.002318,0.0053868,-0.0004884,0.0023199,0.0053439
-0.000977,0.003022,0.0053138,-0.0009777,0.0030243,0.0052706
-0.00127,0.0023,0.0056628,-0.0012711,0.002302,0.005619
-0.001268,0.002382,0.0059248,-0.0012691,0.0023841,0.0058803
-0.001347,0.002602,0.0034288,-0.0013477,0.0026034,0.0033905
-0.001044,0.002604,0.0034468,-0.0010446,0.0026054,0.0034086
-0.001465,0.002559,0.0037308,-0.0014658,0.0025604,0.0036917
-0.000427,0.00108,0.0036028,-0.0004272,0.0010805,0.0035656
-0.000879,0.001187,0.0043038,-0.0008796,0.0011878,0.0042647
-0.001241,0.001205,0.0039028,-0.0012417,0.0012057,0.0038644
-0.000871,0.001196,0.0039598,-0.0008715,0.0011967,0.0039215
-0.001195,0.001241,0.0042288,-0.0011957,0.0012418,0.0041896
-0.001053,0.000599,0.0037548,-0.0010536,0.0005993,0.0037172
-0.001253,0.000422,0.0039168,-0.0012537,0.0004222,0.0038787
-0.001371,0.000981,0.0041088,-0.0013718,0.0009816,0.0040699
-0.001407,0.002964,0.0033968,-0.0014078,0.0029656,0.0033583
-0.001891,0.002585,0.0034378,-0.0018921,0.0025864,0.0033993
-0.002355,0.002654,0.0033898,-0.0023563,0.0026555,0.0033512
-0.002168,0.002546,0.0036438,-0.0021692,0.0025475,0.0036047
-0.00226,0.002203,0.0033918,-0.0022612,0.0022042,0.0033535
-0.002975,0.00186,0.0033418,-0.0029766,0.001861,0.0033034
-0.002654,0.001876,0.0033968,-0.0026554,0.001877,0.0033584
-0.002946,0.001898,0.0036428,-0.0029477,0.0018991,0.0036036
-0.003265,0.001497,0.0034098,-0.0032669,0.0014979,0.0033711
-0.001793,0.001352,0.0045158,-0.0017942,0.0013529,0.0044753
-0.001247,0.000776,0.0045858,-0.0012479,0.0007766,0.004546
-0.001624,0.001717,0.0045978,-0.0016251,0.0017181,0.004557
-0.001841,0.001092,0.0043248,-0.0018421,0.0010927,0.004285
-0.001964,0.001125,0.0048558,-0.0019654,0.0011258,0.0048145
-0.001852,0.000625,0.0044028,-0.0018532,0.0006254,0.004363
-0.001946,0.001824,0.0049698,-0.0019474,0.0018254,0.0049277
-0.001578,0.001609,0.0048458,-0.0015791,0.0016101,0.0048045
-0.001705,0.001789,0.0050178,-0.0017063,0.0017904,0.0049758
-0.001546,0.002015,0.0048668,-0.0015471,0.0020164,0.0048251
-0.001637,0.002024,0.0056958,-0.0016384,0.0020258,0.0056519
-0.001622,0.001631,0.0052918,-0.0016234,0.0016323,0.0052492
-0.001247,0.001653,0.0052958,-0.001248,0.0016544,0.0052534
-0.001639,0.001621,0.0056908,-0.0016405,0.0016225,0.0056471
-0.001836,0.002014,0.0050818,-0.0018374,0.0020155,0.0050394
-0.001978,0.002018,0.0053378,-0.0019795,0.0020196,0.0052947
-0.001639,0.002009,0.0052898,-0.0016403,0.0020106,0.005247
-0.002022,0.002005,0.0056968,-0.0020237,0.0020067,0.0056528
-0.002029,0.001637,0.0056998,-0.0020308,0.0016384,0.0056559
-0.002612,0.000929,0.0049698,-0.0026139,0.0009297,0.0049276
-0.002312,0.001176,0.0057358,-0.002314,0.001177,0.0056919
-0.002675,0.001215,0.0053578,-0.0026771,0.0012159,0.0053146
-0.0024,0.001257,0.0052958,-0.0024019,0.001258,0.0052529
-0.002649,0.000904,0.0053308,-0.0026511,0.0009047,0.0052877
-0.002833,0.001142,0.0055728,-0.0028353,0.0011429,0.005529
-0.002488,0.000643,0.0051798,-0.00249,0.0006435,0.0051373
-0.003018,0.000832,0.0053038,-0.0030203,0.0008326,0.0052606
-0.002699,0.000461,0.0054018,-0.0027012,0.0004614,0.0053586
-0.002616,0.000755,0.0057038,-0.0026182,0.0007557,0.0056598
-0.002326,0.000843,0.0057028,-0.002328,0.0008438,0.005659
-0.002033,0.001293,0.0056498,-0.0020348,0.0012941,0.0056062
-0.002631,0.001285,0.0058318,-0.0026333,0.0012861,0.0057874
-0.002784,0.001156,0.0061198,-0.0027864,0.001157,0.0060747
-0.002693,0.000867,0.0060558,-0.0026954,0.0008678,0.0060109
-0.003069,0.000925,0.0060858,-0.0030716,0.0009258,0.0060407
-0.002656,0.000525,0.0060678,-0.0026584,0.0005255,0.0060229
-0.002861,0.000759,0.0063028,-0.0028636,0.0007597,0.0062573
-0.002346,0.000326,0.0074948,-0.0023483,0.0003263,0.0074464
-0.001935,0.00041,0.0075118,-0.0019371,0.0004104,0.0074634
-0.001585,0.000341,0.0074308,-0.0015869,0.0003414,0.0073825
-0.001615,0.000798,0.0075328,-0.0016168,0.0007989,0.0074843
-0.001566,0.000869,0.0082338,-0.0015676,0.00087,0.0081836
-0.001456,-2.2e-05,0.0074168,-0.0014578,-2.2e-05,0.0073686
-0.00167,0.00062,0.0081578,-0.0016718,0.0006207,0.0081078
-0.001556,0.000534,0.0085218,-0.0015576,0.0005346,0.0084708
-0.00234,0.000794,0.0075228,-0.0023423,0.0007948,0.0074743
-0.002058,0.001198,0.0075778,-0.00206,0.0011992,0.0075292
-0.002027,0.001552,0.0074778,-0.0020289,0.0015535,0.0074295
-0.001934,0.00091,0.0082658,-0.0019358,0.0009109,0.0082157
-0.001974,0.000537,0.0079248,-0.001976,0.0005376,0.0078754
-0.001639,0.000513,0.0078368,-0.0016408,0.0005136,0.0077875
-0.001233,0.000323,0.0078308,-0.0012346,0.0003234,0.0077813
-0.002132,0.000868,0.0077378,-0.0021341,0.0008689,0.0076888
-0.00202,0.000637,0.0082178,-0.002022,0.0006376,0.0081677
-0.002335,0.001483,0.0075028,-0.0023371,0.0014844,0.0074544
-0.002297,0.000939,0.0082468,-0.002299,0.0009398,0.0081968
-0.002401,0.000815,0.0078848,-0.0024032,0.0008157,0.0078356
-0.001543,0.000806,0.0078828,-0.0015447,0.0008069,0.0078334
-0.002322,0.001122,0.0077968,-0.0023241,0.001123,0.0077477
-0.002235,0.00064,0.0080228,-0.0022371,0.0006406,0.0079732
-0.002347,0.000431,0.0083178,-0.0023491,0.0004314,0.0082676
-0.002266,1.2e-05,0.0082058,-0.0022681,1.2e-05,0.0081558
-0.002483,0.000625,0.0086208,-0.0024851,0.0006255,0.0085701
-0.003351,0.001147,0.0033938,-0.0033529,0.0011476,0.0033552
-0.002865,0.001116,0.0033698,-0.0028665,0.0011166,0.0033316
-0.003261,0.000747,0.0033738,-0.0032628,0.0007474,0.0033354
-0.002939,0.000745,0.0034648,-0.0029406,0.0007454,0.0034263
-0.00352,0.000623,0.0038838,-0.0035221,0.0006234,0.0038439
-0.003231,0.000677,0.0037298,-0.0032329,0.0006774,0.0036905
-0.000653,0.000114,0.0036738,-0.0006534,0.0001141,0.0036367
-0.001008,1e-06,0.0041998,-0.0010087,1e-06,0.0041613
-0.000837,7.3e-05,0.0038928,-0.0008375,7.3e-05,0.0038552
-0.000439,5.4e-05,0.0038868,-0.0004393,5.41e-05,0.0038494
-0.000956,-0.00014,0.0039558,-0.0009566,-0.0001401,0.0039179
-0.001302,0.000338,0.0042588,-0.0013028,0.0003382,0.0042199
-0.001162,-1.6e-05,0.0037058,-0.0011626,-1.6e-05,0.0036684
-0.00114,-0.000329,0.0041638,-0.0011407,-0.0003292,0.0041252
-0.001263,-0.000188,0.0039238,-0.0012637,-0.0001881,0.0038857
-0.001661,0.000183,0.0041948,-0.001662,0.0001831,0.0041558
-0.001205,0.000141,0.0045928,-0.0012059,0.0001411,0.0045532
-0.001576,-0.000302,0.0047188,-0.0015771,-0.0003022,0.0046785
-0.001394,4.9e-05,0.0048888,-0.0013951,4.9e-05,0.0048483
-0.001828,0.000401,0.0042798,-0.0018291,0.0004012,0.0042403
-0.002164,4.2e-05,0.0056388,-0.0021659,4.2e-05,0.0055954
-0.002231,2.1e-05,0.0052498,-0.0022328,2.1e-05,0.0052074
-0.001887,0.000216,0.0053558,-0.0018886,0.0002162,0.0053134
-0.002352,-0.000214,0.0054038,-0.002354,-0.0002142,0.0053609
-0.002587,-1.4e-05,0.0051318,-0.002589,-1.4e-05,0.0050894
-0.002727,-0.000549,0.0049878,-0.002729,-0.0005494,0.0049456
-0.002669,-0.000394,0.0055818,-0.0026712,-0.0003943,0.0055382
-0.002694,-0.000177,0.0053758,-0.0026962,-0.0001771,0.0053327
-0.002506,0.000129,0.0054558,-0.0025081,0.0001291,0.0054126
-0.003199,-3.2e-05,0.0033978,-0.0032007,-3.2e-05,0.0033594
-0.003586,0.000292,0.0038298,-0.0035882,0.0002922,0.0037901
-0.003016,7.5e-05,0.0060008,-0.0030186,7.51e-05,0.005956
-0.002995,0.000446,0.0061078,-0.0029976,0.0004464,0.0060627
-0.002694,0.000128,0.0059998,-0.0026964,0.0001281,0.0059551
-0.003127,-0.000179,0.0061078,-0.0031297,-0.0001792,0.0060627
-0.002863,7e-06,0.0063888,-0.0028656,7e-06,0.0063431
-0.001965,-0.000557,0.0052718,-0.0019667,-0.0005575,0.0052295
-0.002355,-0.000478,0.0057048,-0.0023571,-0.0004784,0.005661
-0.002738,-0.000618,0.0057668,-0.0027403,-0.0006185,0.0057227
-0.002713,-0.000617,0.0061508,-0.0027155,-0.0006175,0.0061057
-0.003506,-0.000829,0.0033988,-0.003508,-0.0008295,0.0033601
-0.003274,-0.000739,0.0034198,-0.0032758,-0.0007394,0.0033812
-0.003327,-0.001159,0.0034028,-0.0033289,-0.0011596,0.0033642
-0.002971,-0.00119,0.0033898,-0.0029726,-0.0011906,0.0033514
-0.001221,-0.001317,0.0035438,-0.0012216,-0.0013177,0.0035062
-0.000667,-0.00132,0.0035138,-0.0006673,-0.0013206,0.0034765
-0.000788,-0.001408,0.0038408,-0.0007884,-0.0014088,0.0038027
-0.001076,-0.001091,0.0035818,-0.0010765,-0.0010916,0.0035443
-0.001173,-0.000967,0.0038638,-0.0011737,-0.0009676,0.0038257
-0.002347,-0.001432,0.0053418,-0.0023488,-0.0014331,0.0052987
-0.002867,-0.000986,0.0049068,-0.0028691,-0.0009867,0.0048646
-0.002629,-0.001139,0.0050288,-0.002631,-0.0011399,0.0049864
-0.002743,-0.001008,0.0053178,-0.0027451,-0.0010088,0.0052747
-0.000382,-0.000619,0.0038678,-0.0003822,-0.0006194,0.0038303
-0.003197,-0.001539,0.0034378,-0.0031988,-0.0015399,0.0033991
-0.002825,-0.002241,0.0034168,-0.0028266,-0.0022423,0.0033781
-0.002854,-0.002155,0.0037348,-0.0028557,-0.0021563,0.0036953
-0.002439,-0.002633,0.0034018,-0.0024404,-0.0026345,0.0033632
-0.002116,-0.002785,0.0033978,-0.0021172,-0.0027865,0.0033592
0.000607,-0.003058,0.0198938,0.000607,-0.003058,0.0198338
-0.001821,-0.003086,0.0194498,-0.001821,-0.003086,0.0193898
-0.001877,-0.001843,0.0185808,-0.001877,-0.001843,0.0185208
-0.001507,-0.001747,0.0185238,-0.001507,-0.001747,0.0184638
-0.001473,-0.002252,0.0189618,-0.001473,-0.002252,0.0189018
-0.001064,-0.001773,0.0185838,-0.001064,-0.001773,0.0185238
-0.0014,-0.001316,0.0184038,-0.0014,-0.001316,0.0183438
-0.001936,-0.002345,0.0186428,-0.001936,-0.002345,0.0185828
-0.002023,-0.002105,0.0180948,-0.002023,-0.002105,0.0180348
-0.00134,-0.002824,0.0177668,-0.00134,-0.002824,0.0177068
-0.001625,-0.002535,0.0177498,-0.001625,-0.002535,0.0176898
-0.001236,-0.002441,0.0176398,-0.001236,-0.002441,0.0175798
-0.001461,-0.002174,0.0178788,-0.001461,-0.002174,0.0178188
-0.001667,-0.002507,0.0181448,-0.001667,-0.002507,0.0180848
-0.001252,-0.002897,0.0180548,-0.001252,-0.002897,0.0179948
-0.001895,-0.002411,0.0182578,-0.001895,-0.002411,0.0181978
-0.001849,-0.002707,0.0176028,-0.001849,-0.002707,0.0175428
-0.001771,-0.003079,0.0198418,-0.001771,-0.003079,0.0197818
-0.001462,-0.003086,0.0198908,-0.001462,-0.003086,0.0198308
-0.001287,-0.001115,0.0196018,-0.001287,-0.001115,0.0195418
-0.001032,-0.001262,0.0190898,-0.001032,-0.001262,0.0190298
-0.000468,-0.001647,0.0184958,-0.000468,-0.001647,0.0184358
-0.000857,-0.001417,0.0184628,-0.000857,-0.001417,0.0184028
-0.001264,-0.001525,0.0185888,-0.001264,-0.001525,0.0185288
-0.001041,-0.00174,0.0189878,-0.001041,-0.00174,0.0189278
-0.001197,-0.001451,0.0188988,-0.001197,-0.001451,0.0188388
-0.001116,-0.002357,0.0186758,-0.001116,-0.002357,0.0186158
-0.001177,-0.00206,0.0182028,-0.001177,-0.00206,0.0181428
-0.001547,-0.001347,0.0186588,-0.001547,-0.001347,0.0185988
-0.001506,-0.000987,0.0186058,-0.001506,-0.000987,0.0185458
-0.001544,-0.0015,0.0189848,-0.001544,-0.0015,0.0189248
-0.001217,-0.000923,0.0184408,-0.001217,-0.000923,0.0183808
-0.001347,-0.000639,0.0186088,-0.001347,-0.000639,0.0185488
-0.001714,-0.00125,0.0183708,-0.001714,-0.00125,0.0183108
-0.001544,-0.001755,0.0178068,-0.001544,-0.001755,0.0177468
-0.001611,-0.002193,0.0182618,-0.001611,-0.002193,0.0182018
-0.00119,-0.00185,0.0178318,-0.00119,-0.00185,0.0177718
-0.002061,-0.001825,0.0178708,-0.002061,-0.001825,0.0178108
-0.00163,-0.001389,0.0178698,-0.00163,-0.001389,0.0178098
-0.001829,-0.001758,0.0181498,-0.001829,-0.001758,0.0180898
-0.001848,-0.002322,0.0179088,-0.001848,-0.002322,0.0178488
-0.002391,-0.002154,0.0182118,-0.002391,-0.002154,0.0181518
-0.001949,-0.002279,0.0174478,-0.001949,-0.002279,0.0173878
-0.003026,-0.001858,0.0198538,-0.003026,-0.001858,0.0197938
-0.002593,-0.001766,0.0197238,-0.002593,-0.001766,0.0196638
-0.001081,0.000218,0.0199808,-0.001081,0.000218,0.0199208
-0.000767,0.00046,0.0199598,-0.000767,0.00046,0.0198998
-0.000448,0.000504,0.0200108,-0.000448,0.000504,0.0199508
-0.000724,-0.000343,0.0200298,-0.000724,-0.000343,0.0199698
-0.000875,-5e-06,0.0204838,-0.000875,-5e-06,0.0204238
-0.000283,9.1e-05,0.0203468,-0.000283,9.1e-05,0.0202868
-0.000838,-0.000275,0.0203078,-0.000838,-0.000275,0.0202478
-0.001053,-0.000145,0.0200708,-0.001053,-0.000145,0.0200108
-0.00119,-0.000265,0.0204198,-0.00119,-0.000265,0.0203598
-0.001466,0.000102,0.0185978,-0.001466,0.000102,0.0185378
-0.001386,0.000467,0.0184438,-0.001386,0.000467,0.0183838
-0.001509,0.000915,0.0184878,-0.001509,0.000915,0.0184278
-0.001686,0.000399,0.0186478,-0.001686,0.000399,0.0185878
-0.001586,-0.000325,0.0185298,-0.001586,-0.000325,0.0184698
-0.001942,0.000104,0.0182688,-0.001942,0.000104,0.0182088
-0.002637,0.000104,0.0178698,-0.002637,0.000104,0.0178098
-0.002283,5.4e-05,0.0181218,-0.002283,5.4e-05,0.0180618
-0.002398,-0.000213,0.0183108,-0.002398,-0.000213,0.0182508
-0.002708,0.000776,0.0176528,-0.002708,0.000776,0.0175928
-0.002712,0.000526,0.0181848,-0.002712,0.000526,0.0181248
-0.003166,0.00077,0.0197398,-0.003166,0.00077,0.0196798
-0.002829,0.000764,0.0199298,-0.002829,0.000764,0.0198698
-0.003522,0.00074,0.0195768,-0.003522,0.00074,0.0195168
-0.00295,0.001529,0.0197378,-0.00295,0.001529,0.0196778
-0.002565,0.001687,0.0176608,-0.002565,0.001687,0.0176008
-0.00274,0.001793,0.0179748,-0.00274,0.001793,0.0179148
-0.002171,0.001646,0.0176958,-0.002171,0.001646,0.0176358
-0.002388,0.002036,0.0177288,-0.002388,0.002036,0.0176688
-0.00197,0.002009,0.0177738,-0.00197,0.002009,0.0177138
-0.002468,0.002505,0.0178518,-0.002468,0.002505,0.0177918
-0.002657,0.002205,0.0181378,-0.002657,0.002205,0.0180778
-0.001995,0.001534,0.0180008,-0.001995,0.001534,0.0179408
-0.00266,0.001671,0.0182538,-0.00266,0.001671,0.0181938
-0.002708,0.002294,0.0198898,-0.002708,0.002294,0.0198298
0.00226,-0.001977,0.0051338,0.0022617,-0.0019785,0.0050911
0.002546,-0.001782,0.0049718,0.0025478,-0.0017833,0.0049294
0.002076,-0.001763,0.0049598,0.0020775,-0.0017643,0.0049177
0.002086,-0.001739,0.0056998,0.0020878,-0.0017405,0.0056558
0.002059,-0.002197,0.0053328,0.0020606,-0.0021987,0.0052896
0.001751,-0.002081,0.0054178,0.0017524,-0.0020827,0.0053745
0.002027,-0.001792,0.0053658,0.0020286,-0.0017934,0.0053227
0.001763,-0.001637,0.0056548,0.0017646,-0.0016384,0.0056112
0.001691,-0.001687,0.0053398,0.0016924,-0.0016884,0.005297
0.00249,-0.001738,0.0053348,0.0024919,-0.0017393,0.0052916
0.00169,-0.001263,0.0053258,0.0016914,-0.0012641,0.0052833
0.001768,-0.002276,0.0051088,0.0017694,-0.0022777,0.0050662
0.001648,-0.002569,0.0055598,0.0016493,-0.0025711,0.005516
0.00156,-0.002422,0.0053288,0.0015612,-0.0024239,0.0052857
0.001742,-0.001917,0.0057618,0.0017436,-0.0019187,0.0057178
0.002739,0.00177,0.0198498,0.002739,0.00177,0.0197898
0.002733,0.001786,0.0193608,0.002733,0.001786,0.0193008
0.001698,0.001469,0.0185388,0.001698,0.001469,0.0184788
0.002107,0.001503,0.0185358,0.002107,0.001503,0.0184758
0.002269,0.001766,0.0187048,0.002269,0.001766,0.0186448
0.002043,0.001963,0.0184198,0.002043,0.001963,0.0183598
0.001644,0.001878,0.0185328,0.001644,0.001878,0.0184728
0.001956,0.001996,0.0187898,0.001956,0.001996,0.0187298
0.002087,0.001595,0.0188818,0.002087,0.001595,0.0188218
0.001453,0.001541,0.0188348,0.001453,0.001541,0.0187748
0.001664,0.001888,0.0181718,0.001664,0.001888,0.0181118
0.001764,0.001665,0.0190258,0.001764,0.001665,0.0189658
0.003059,0.00108,0.0033538,0.0030606,0.0010806,0.0033155
0.002208,0.000842,0.0043798,0.0022094,0.0008425,0.0043396
0.001624,0.001106,0.0045068,0.0016251,0.0011067,0.0044667
0.001732,0.001274,0.0049928,0.0017333,0.001275,0.0049512
0.001879,0.000688,0.0042998,0.0018801,0.0006884,0.0042602
0.002571,0.000995,0.0050668,0.0025729,0.0009958,0.0050244
0.002832,0.001271,0.0054898,0.0028342,0.001272,0.0054462
0.002768,0.000892,0.0052898,0.0027702,0.0008927,0.0052468
0.00247,0.000844,0.0054128,0.002472,0.0008447,0.0053696
0.002519,0.001186,0.0053358,0.002521,0.0011869,0.0052928
0.002481,0.001194,0.0056878,0.0024831,0.001195,0.0056439
0.002573,0.000716,0.0051158,0.002575,0.0007165,0.0050734
8e-05,-0.003376,0.0033568,8e-05,-0.0033779,0.0033184
0.000108,-0.003013,0.0033108,0.000108,-0.0030146,0.0032727
0.000494,-0.002982,0.0033138,0.0004943,-0.0029835,0.0032758
0.000478,-0.001505,0.0037098,0.0004783,-0.0015058,0.003672
0.000699,-0.001374,0.0042318,0.0006994,-0.0013749,0.0041928
0.000378,-0.000911,0.0042478,0.0003782,-0.0009116,0.0042092
0.000292,-0.000991,0.0038848,0.0002922,-0.0009916,0.0038471
-5e-05,-0.000966,0.0038978,-5e-05,-0.0009665,0.0038601
0.000383,-0.000619,0.0039138,0.0003832,-0.0006194,0.0038763
0.000548,-0.001156,0.0037588,0.0005483,-0.0011566,0.0037211
0.000325,-0.001348,0.0042578,0.0003252,-0.0013489,0.0042188
-4.9e-05,-0.001319,0.0042798,-4.9e-05,-0.0013198,0.0042409
0.000343,-0.001358,0.0046298,0.0003433,-0.001359,0.0045899
0.000105,-0.001552,0.0044668,0.0001051,-0.001553,0.0044272
0.000274,-0.001834,0.0049328,0.0002742,-0.0018354,0.0048917
0.000474,-0.002281,0.0043738,0.0004743,-0.0022824,0.0043337
0.000329,-0.002425,0.0046158,0.0003292,-0.0024267,0.0045749
0.000406,-0.002835,0.0052178,0.0004063,-0.0028372,0.005175
0.000859,-0.002807,0.0049228,0.0008596,-0.002809,0.0048806
0.000651,-0.002749,0.0050918,0.0006515,-0.0027511,0.0050493
0.000754,-0.002882,0.0053088,0.0007546,-0.0028842,0.0052657
0.001099,-0.002842,0.0052568,0.0010998,-0.0028442,0.0052138
0.000487,-0.002626,0.0048888,0.0004874,-0.0026279,0.004847
0.000325,-0.002467,0.0056928,0.0003253,-0.0024692,0.005649
0.000157,-0.002596,0.0052698,0.0001571,-0.0025981,0.005227
-0.000104,-0.002203,0.0052808,-0.0001041,-0.0022048,0.0052383
0.000349,-0.002177,0.0054738,0.0003493,-0.0021789,0.0054308
0.000368,-0.002806,0.0055778,0.0003683,-0.0028083,0.0055341
0.000698,-0.002533,0.0074808,0.0006987,-0.0025354,0.0074324
0.001158,-0.002055,0.0074598,0.0011591,-0.002057,0.0074115
0.001396,-0.002114,0.0078218,0.0013973,-0.0021159,0.0077727
0.00145,-0.002385,0.0081158,0.0014512,-0.002387,0.0080661
0.000502,-0.002072,0.0075468,0.0005025,-0.0020742,0.0074983
0.001126,-0.001686,0.0074968,0.0011272,-0.0016878,0.0074484
0.001188,-0.002045,0.0081578,0.0011891,-0.0020469,0.0081079
0.001138,-0.002473,0.0078888,0.001139,-0.0024752,0.0078396
0.001429,-0.002429,0.0077638,0.0014302,-0.0024311,0.0077149
0.000784,-0.002379,0.0077858,0.0007848,-0.0023812,0.0077368
0.001025,-0.001672,0.0077808,0.0010261,-0.0016738,0.0077317
0.001176,-0.002495,0.0082848,0.001177,-0.0024971,0.0082348
0.000861,-0.002182,0.0074588,0.0008618,-0.0021842,0.0074105
0.00072,-0.001616,0.0074738,0.0007208,-0.0016179,0.0074255
0.000774,-0.001989,0.0081778,0.0007747,-0.0019909,0.0081279
0.000765,-0.002046,0.0085948,0.0007657,-0.0020479,0.008544
0.000389,-0.001687,0.0075188,0.0003895,-0.0016889,0.0074703
0.000812,-0.001737,0.0080388,0.0008128,-0.0017388,0.0079891
0.000677,-0.00201,0.0078638,0.0006777,-0.0020121,0.0078145
0.001119,-0.002248,0.0076948,0.0011201,-0.0022501,0.007646
0.000332,-0.001865,0.0078468,0.0003324,-0.001867,0.0077975
0.000711,-0.001671,0.0077898,0.0007118,-0.0016729,0.0077407
0.000815,-0.001376,0.0078298,0.000816,-0.0013776,0.0077805
0.000633,-0.002538,0.0081898,0.0006335,-0.0025402,0.00814
0.000331,-0.002325,0.0081478,0.0003313,-0.0023272,0.008098
0.000648,-0.002375,0.0085968,0.0006485,-0.002377,0.0085461
-0.000277,-0.00123,0.0035478,-0.0002771,-0.0012306,0.0035106
2.8e-05,-0.000906,0.0043078,2.8e-05,-0.0009067,0.0042692
-0.000108,-0.001333,0.0038968,-0.0001081,-0.0013338,0.0038588
-0.000407,-0.001308,0.0042688,-0.0004073,-0.0013088,0.0042298
-0.000405,-0.002,0.0042488,-0.0004053,-0.0020012,0.0042093
-6.7e-05,-0.002464,0.0046278,-6.71e-05,-0.0024657,0.0045868
-0.000297,-0.002321,0.0043838,-0.0002972,-0.0023225,0.0043436
-0.000462,-0.002782,0.0048988,-0.0004623,-0.0027841,0.0048568
-0.000149,-0.002755,0.0049728,-0.0001491,-0.002757,0.0049307
-5.6e-05,-0.002331,0.0056178,-5.61e-05,-0.0023331,0.0055743
-9e-05,-0.00288,0.0052998,-9.01e-05,-0.0028822,0.0052568
-0.000383,-0.002032,0.0052928,-0.0003833,-0.0020337,0.0052504
-0.000384,-0.002428,0.0056488,-0.0003843,-0.0024301,0.0056052
-0.000347,-0.002801,0.0057838,-0.0003473,-0.0028034,0.0057396
0.001278,-0.003002,0.0033568,0.0012787,-0.0030036,0.0033185
0.001295,-0.002771,0.0049998,0.0012959,-0.002773,0.0049574
0.001297,-0.002462,0.0055598,0.0012981,-0.002464,0.0055162
0.001542,-0.002974,0.0052858,0.0015432,-0.0029762,0.0052426
0.001484,-0.002807,0.0057138,0.0014852,-0.0028093,0.0056696
0.000926,0.002826,0.0034028,0.0009265,0.0028275,0.0033646
0.000536,0.003562,0.0037088,0.0005363,0.0035641,0.0036693
0.000856,0.003175,0.0037398,0.0008565,0.0031769,0.0037004
-0.002175,-0.002737,0.0038028,-0.0021763,-0.0027386,0.0037632
0.001999,0.002915,0.0039058,0.0020002,0.0029168,0.0038659
-0.000344,0.003233,0.0040908,-0.0003442,0.003235,0.0040506
-0.000415,0.002352,0.0050108,-0.0004153,0.0023538,0.0049689
-0.000215,0.002418,0.0050288,-0.0002152,0.0024198,0.0049868
-0.00012,0.002668,0.0049548,-0.0001201,0.00267,0.0049128
-6.8e-05,0.00265,0.0056298,-6.81e-05,0.0026522,0.005586
-9.4e-05,0.002322,0.0052888,-9.41e-05,0.0023239,0.0052462
-0.000352,0.002588,0.0050518,-0.0003523,0.00259,0.0050096
-0.000406,0.002665,0.0052918,-0.0004064,0.0026671,0.0052489
-0.000407,0.002706,0.0056158,-0.0004074,0.0027083,0.005572
-0.000361,0.002418,0.0051968,-0.0003613,0.0024199,0.0051543
0.003075,0.001088,0.0038008,0.0030768,0.0010886,0.0037613
0.003403,0.001136,0.0038538,0.0034051,0.0011367,0.003814
0.00232,-0.002688,0.0030408,0.0023212,-0.0026894,0.0030031
0.002311,-0.002647,0.0034088,0.0023123,-0.0026485,0.0033702
0.001253,-0.003369,0.0038638,0.0012538,-0.003371,0.003824
0.001422,-0.001744,0.0049708,0.0014231,-0.0017453,0.0049292
0.001484,-0.001723,0.0055868,0.0014853,-0.0017245,0.0055435
0.001503,-0.00222,0.0056348,0.0015043,-0.0022219,0.005591
0.001425,-0.002165,0.0053228,0.0014261,-0.0021667,0.0052799
0.001117,-0.002123,0.0054468,0.0011179,-0.0021248,0.0054037
0.001349,-0.001825,0.0052918,0.0013501,-0.0018265,0.0052492
0.001026,-0.001806,0.0056188,0.0010269,-0.0018077,0.0055755
0.001248,-0.002271,0.0058178,0.0012491,-0.002273,0.0057736
0.000917,-0.001734,0.0052708,0.0009178,-0.0017354,0.0052286
0.000977,-0.002411,0.0056668,0.0009778,-0.0024131,0.005623
0.001017,-0.002795,0.0060628,0.0010179,-0.0027974,0.0060178
0.00087,-0.002672,0.0058348,0.0008708,-0.0026743,0.0057905
0.000653,-0.00249,0.0056868,0.0006536,-0.0024922,0.005643
0.000719,-0.002892,0.0060118,0.0007197,-0.0028945,0.005967
0.001089,-0.002943,0.0063468,0.00109,-0.0029456,0.0063011
0.001969,-0.00298,0.0038448,0.0019702,-0.0029818,0.0038051
0.003027,0.001125,0.0198578,0.003027,0.001125,0.0197978
0.003368,0.001167,0.0198338,0.003368,0.001167,0.0197738
0.000873,0.00322,0.0195638,0.000873,0.00322,0.0195038
0.000948,0.00347,0.0195578,0.000948,0.00347,0.0194978
-0.000682,-0.003455,0.0023388,-0.0006823,-0.0034567,0.002303
-0.000321,-0.00344,0.0024038,-0.0003212,-0.0034417,0.0023678
0.001821,0.00159,0.0050258,0.0018224,0.0015912,0.0049838
0.00207,0.001378,0.0049238,0.0020715,0.001379,0.004882
0.002176,0.001678,0.0049618,0.0021776,0.0016793,0.0049197
0.001549,0.001869,0.0048588,0.0015501,0.0018704,0.0048173
0.002153,0.001967,0.0057108,0.0021548,0.0019686,0.0056667
0.002091,0.001558,0.0052618,0.0020927,0.0015593,0.005219
0.001622,0.001399,0.0052968,0.0016233,0.0014002,0.0052543
0.002147,0.001601,0.0056348,0.0021488,0.0016023,0.005591
0.001807,0.001874,0.0050298,0.0018084,0.0018754,0.0049876
0.001704,0.00204,0.0052838,0.0017054,0.0020416,0.0052409
0.001513,0.001886,0.0056708,0.0015143,0.0018877,0.0056271
0.001828,0.001674,0.0052788,0.0018295,0.0016753,0.0052361
0.001645,0.001535,0.0057058,0.0016465,0.0015364,0.0056622
0.001664,0.001764,0.0059518,0.0016656,0.0017657,0.0059074
0.002056,-0.000973,0.0184448,0.002056,-0.000973,0.0183848
0.00167,-0.001011,0.0183378,0.00167,-0.001011,0.0182778
0.002227,-0.00055,0.0184958,0.002227,-0.00055,0.0184358
0.002148,-0.001326,0.0182598,0.002148,-0.001326,0.0181998
0.001726,-0.001116,0.0186948,0.001726,-0.001116,0.0186348
0.001661,-0.00099,0.0189898,0.001661,-0.00099,0.0189298
0.001831,-0.001341,0.0182658,0.001831,-0.001341,0.0182058
0.003055,-0.001623,0.0195738,0.003055,-0.001623,0.0195138
0.00331,-0.001466,0.0195638,0.00331,-0.001466,0.0195038
0.002651,0.001463,0.0040888,0.0026526,0.0014639,0.0040487
0.003159,0.001596,0.0041918,0.003161,0.001597,0.0041512
0.002698,0.001835,0.0040198,0.0026996,0.0018361,0.0039797
0.001279,0.001144,0.0045788,0.0012799,0.0011448,0.0045388
0.002071,0.001248,0.0056598,0.0020729,0.0012491,0.0056161
0.00181,0.001097,0.0054038,0.0018116,0.001098,0.0053611
0.001696,0.000763,0.0051388,0.0016974,0.0007636,0.0050971
0.001634,0.00121,0.0057198,0.0016355,0.0012111,0.0056763
0.001564,0.000438,0.0053768,0.0015654,0.0004384,0.0053347
0.001709,0.000831,0.0056008,0.0017106,0.0008318,0.0055578
0.002685,0.000967,0.0056648,0.0026872,0.0009678,0.0056209
0.002783,0.00112,0.0059358,0.0027854,0.001121,0.0058911
0.002883,0.00087,0.0064108,0.0028856,0.0008708,0.006365
0.002514,0.001321,0.0063838,0.0025163,0.0013222,0.0063381
0.002589,0.000668,0.0057298,0.0025912,0.0006686,0.0056858
-0.003277,0.001171,0.0038678,-0.003279,0.0011717,0.003828
-0.003404,-0.000745,0.0037578,-0.003406,-0.0007455,0.0037183
-0.003559,-0.00053,0.0038758,-0.0035612,-0.0005303,0.0038359
-0.003345,-0.001104,0.0037928,-0.003347,-0.0011047,0.0037532
-0.002932,-0.001142,0.0037388,-0.0029337,-0.0011427,0.0036996
-0.002343,-0.00101,0.0043218,-0.0023445,-0.0010106,0.0042816
-0.003285,-0.001502,0.0038898,-0.003287,-0.0015029,0.0038499
-0.00303,-0.001574,0.0038028,-0.0030318,-0.0015749,0.0037632
-0.000627,0.00324,0.0202128,-0.000627,0.00324,0.0201528
0.001191,-0.003071,0.0195288,0.001191,-0.003071,0.0194688
0.001208,-0.002001,0.0185268,0.001208,-0.002001,0.0184668
0.00144,-0.00174,0.0184498,0.00144,-0.00174,0.0183898
0.00097,-0.001792,0.0182998,0.00097,-0.001792,0.0182398
0.001527,-0.001339,0.0184758,0.001527,-0.001339,0.0184158
0.000653,-0.001741,0.0185148,0.000653,-0.001741,0.0184548
0.001129,-0.001347,0.0184268,0.001129,-0.001347,0.0183668
0.000761,-0.002966,0.0177558,0.000761,-0.002966,0.0176958
0.000942,-0.002757,0.0179798,0.000942,-0.002757,0.0179198
0.001715,-0.002412,0.0177738,0.001715,-0.002412,0.0177138
0.001381,-0.002138,0.0177268,0.001381,-0.002138,0.0176668
0.001032,-0.002842,0.0182968,0.001032,-0.002842,0.0182368
0.000719,-0.002839,0.0181668,0.000719,-0.002839,0.0181068
0.001572,-0.002459,0.0182528,0.001572,-0.002459,0.0181928
0.001104,-0.002123,0.0180898,0.001104,-0.002123,0.0180298
0.000611,-0.001065,0.0159158,0.000611,-0.001065,0.0158558
0.000946,-0.000912,0.0159498,0.000946,-0.000912,0.0158898
0.001053,-0.000587,0.0159908,0.001053,-0.000587,0.0159308
0.00037,-0.00055,0.0160388,0.00037,-0.00055,0.0159788
-0.000337,0.000314,0.0152188,-0.000337,0.000314,0.0151588
-0.000253,-0.000366,0.0145438,-0.000253,-0.000366,0.014484
0.000449,0.000298,0.0152408,0.000449,0.000298,0.0151808
0.000625,-0.000751,0.0145298,0.000625,-0.000751,0.01447
0.000986,-0.000246,0.0161188,0.000986,-0.000246,0.0160588
0.000982,5.9e-05,0.0159078,0.000982,5.9e-05,0.0158478
0.000679,0.000212,0.0143648,0.000679,0.000212,0.0143051
0.000937,-0.000659,0.0163428,0.000937,-0.000659,0.0162828
0.000997,-0.001023,0.0163548,0.000997,-0.001023,0.0162948
0.00135,-0.00088,0.0164538,0.00135,-0.00088,0.0163938
0.000677,-0.001031,0.0162428,0.000677,-0.001031,0.0161828
0.001052,-0.000796,0.0167498,0.001052,-0.000796,0.0166898
0.00069,-0.000368,0.0162128,0.00069,-0.000368,0.0161528
0.000677,-0.000324,0.0159118,0.000677,-0.000324,0.0158518
0.000636,-0.000632,0.0163308,0.000636,-0.000632,0.0162708
0.000201,-0.00066,0.0164978,0.000201,-0.00066,0.0164378
-8.3e-05,-0.00071,0.0165198,-8.3e-05,-0.00071,0.0164598
0.000761,-9.7e-05,0.0163928,0.000761,-9.7e-05,0.0163328
0.00074,-0.000624,0.0166898,0.00074,-0.000624,0.0166298
0.000295,-0.001054,0.0163808,0.000295,-0.001054,0.0163208
0.000774,-0.002168,0.0147598,0.000774,-0.002168,0.0146999
0.001128,-0.002093,0.0146978,0.001128,-0.002093,0.0146379
0.001378,-0.001899,0.0146228,0.001378,-0.001899,0.0145629
0.001426,-0.001626,0.0147348,0.001426,-0.001626,0.0146749
0.000269,-0.002012,0.0146228,0.000269,-0.002012,0.014563
0.001068,-0.001717,0.0149048,0.001068,-0.001717,0.0148449
0.001128,-0.002301,0.0150078,0.001128,-0.002301,0.0149479
0.001431,-0.00263,0.0149628,0.001431,-0.00263,0.0149029
0.000777,-0.00239,0.0149918,0.000777,-0.00239,0.0149319
0.001004,-0.002374,0.0152898,0.001004,-0.002374,0.0152298
0.00056,-0.001784,0.0146218,0.00056,-0.001784,0.014562
0.000724,-0.001406,0.0146888,0.000724,-0.001406,0.0146289
0.000242,-0.00166,0.0145498,0.000242,-0.00166,0.01449
0.000699,-0.0018,0.0148798,0.000699,-0.0018,0.0148199
0.000375,-0.001879,0.0149618,0.000375,-0.001879,0.0149019
5.5e-05,-0.002091,0.0148448,5.5e-05,-0.002091,0.0147849
0.000697,-0.002117,0.0154638,0.000697,-0.002117,0.0154038
0.000234,-0.002394,0.0150258,0.000234,-0.002394,0.0149659
0.00075,-0.002571,0.0153438,0.00075,-0.002571,0.0152838
0.000976,-0.003444,0.0195918,0.000976,-0.003444,0.0195318
0.000872,-0.003097,0.0195928,0.000872,-0.003097,0.0195328
-0.000158,-0.001837,0.0185498,-0.000158,-0.001837,0.0184898
0.000288,-0.001805,0.0184858,0.000288,-0.001805,0.0184258
-0.000154,-0.001363,0.0186358,-0.000154,-0.001363,0.0185758
-0.000323,-0.001534,0.0188748,-0.000323,-0.001534,0.0188148
-0.000495,-0.001358,0.0186508,-0.000495,-0.001358,0.0185908
-0.000731,-0.003476,0.0196138,-0.000731,-0.003476,0.0195538
-0.000401,-0.003455,0.0195828,-0.000401,-0.003455,0.0195228
-0.000626,-0.003085,0.0196078,-0.000626,-0.003085,0.0195478
-0.000319,-0.00302,0.0195798,-0.000319,-0.00302,0.0195198
-0.000836,-0.002979,0.0176028,-0.000836,-0.002979,0.0175428
-0.00069,-0.002707,0.0178098,-0.00069,-0.002707,0.0177498
-0.001123,-0.00254,0.0178898,-0.001123,-0.00254,0.0178298
-0.001161,-0.002493,0.0181728,-0.001161,-0.002493,0.0181128
-0.001036,-0.002697,0.0176878,-0.001036,-0.002697,0.0176278
0.000121,-0.003357,0.0195198,0.000121,-0.003357,0.0194598
0.000475,-0.003403,0.0194458,0.000475,-0.003403,0.0193858
0.000166,-0.003029,0.0195958,0.000166,-0.003029,0.0195358
0.000531,-0.003065,0.0195158,0.000531,-0.003065,0.0194558
0.000114,-0.00138,0.0192708,0.000114,-0.00138,0.0192108
0.000428,-0.001438,0.0194138,0.000428,-0.001438,0.0193538
0.000312,-0.000898,0.0195738,0.000312,-0.000898,0.0195138
0.000741,-0.001352,0.0183748,0.000741,-0.001352,0.0183148
0.000252,-0.001211,0.0186098,0.000252,-0.001211,0.0185498
0.000308,-0.002075,0.0181448,0.000308,-0.002075,0.0180848
0.000254,-0.002982,0.0177988,0.000254,-0.002982,0.0177388
0.00028,-0.00273,0.0179388,0.00028,-0.00273,0.0178788
0.000423,-0.002501,0.0178008,0.000423,-0.002501,0.0177408
0.000259,-0.002451,0.0180928,0.000259,-0.002451,0.0180328
-0.001088,-0.003402,0.0195758,-0.001088,-0.003402,0.0195158
-0.0014,-0.002896,0.0172338,-0.0014,-0.002896,0.0171738
-0.00155,-0.002613,0.0170038,-0.00155,-0.002613,0.0169438
-0.001316,-0.00218,0.0171548,-0.001316,-0.00218,0.0170948
-0.001519,-0.002571,0.0174118,-0.001519,-0.002571,0.0173518
-0.00199,-0.002119,0.0170728,-0.00199,-0.002119,0.0170128
-0.001883,-0.002743,0.0168498,-0.001883,-0.002743,0.0167898
-0.002239,-0.002753,0.0195958,-0.002239,-0.002753,0.0195358
-0.003096,-0.001727,0.0194128,-0.003096,-0.001727,0.0193528
-0.002601,-0.001617,0.0194528,-0.002601,-0.001617,0.0193928
-0.000871,-0.00116,0.0161148,-0.000871,-0.00116,0.0160548
-0.000638,-0.001193,0.0159398,-0.000638,-0.001193,0.0158798
-0.000408,-0.000682,0.0159268,-0.000408,-0.000682,0.0158668
-3.8e-05,-0.000633,0.0160848,-3.8e-05,-0.000633,0.0160248
-0.000944,-0.00082,0.0160088,-0.000944,-0.00082,0.0159488
-0.001335,-0.000504,0.0160088,-0.001335,-0.000504,0.0159488
-0.000466,-0.00038,0.0160658,-0.000466,-0.00038,0.0160058
-0.000419,5.1e-05,0.0161468,-0.000419,5.1e-05,0.0160868
-2e-06,0.000244,0.0144938,-2e-06,0.000244,0.014434
-0.000263,-0.000808,0.0162728,-0.000263,-0.000808,0.0162128
-0.000134,-0.001098,0.0162948,-0.000134,-0.001098,0.0162348
-0.000884,-0.001039,0.0164208,-0.000884,-0.001039,0.0163608
-0.001164,-0.000908,0.0163178,-0.001164,-0.000908,0.0162578
-0.000626,-0.000995,0.0167758,-0.000626,-0.000995,0.0167158
-0.000738,-0.000559,0.0160878,-0.000738,-0.000559,0.0160278
-0.000878,-0.000632,0.0163138,-0.000878,-0.000632,0.0162538
-0.000905,-0.000339,0.0164458,-0.000905,-0.000339,0.0163858
-0.000838,-1.2e-05,0.0163518,-0.000838,-1.2e-05,0.0162918
-0.000847,-0.000681,0.0166408,-0.000847,-0.000681,0.0165808
-0.000886,-0.001442,0.0164218,-0.000886,-0.001442,0.0163618
-0.00095,-0.000914,0.0168978,-0.00095,-0.000914,0.0168378
-0.002134,-0.000934,0.0145698,-0.002134,-0.000934,0.01451
-0.001844,-0.000902,0.0145878,-0.001844,-0.000902,0.014528
-0.001596,-0.001077,0.0144888,-0.001596,-0.001077,0.014429
-0.001528,-0.000668,0.0145838,-0.001528,-0.000668,0.014524
-0.001593,-5e-05,0.0146468,-0.001593,-5e-05,0.014587
-0.001553,-0.000995,0.0148878,-0.001553,-0.000995,0.0148279
-0.001586,-0.000884,0.0153468,-0.001586,-0.000884,0.0152868
-0.00198,-0.000562,0.0146308,-0.00198,-0.000562,0.014571
-0.00229,-0.000659,0.0145188,-0.00229,-0.000659,0.014459
-0.002319,-0.000468,0.0148288,-0.002319,-0.000468,0.0147689
-0.001987,-0.000138,0.0145848,-0.001987,-0.000138,0.014525
-0.002096,-0.000687,0.0150418,-0.002096,-0.000687,0.0149819
-0.001989,-0.001049,0.0148968,-0.001989,-0.001049,0.0148369
-0.00231,-0.001036,0.0149298,-0.00231,-0.001036,0.0148699
-0.001967,-0.000957,0.0153578,-0.001967,-0.000957,0.0152978
-0.00209,-0.000879,0.0156598,-0.00209,-0.000879,0.0155998
-0.001354,-0.000619,0.0148468,-0.001354,-0.000619,0.0147869
-0.002434,-0.00012,0.0149138,-0.002434,-0.00012,0.0148539
-0.002367,-0.000753,0.0152508,-0.002367,-0.000753,0.0151908
-0.002226,-0.001479,0.0149348,-0.002226,-0.001479,0.0148749
-0.003208,-0.000795,0.0195458,-0.003208,-0.000795,0.0194858
-0.001826,-0.000483,0.0187838,-0.001826,-0.000483,0.0187238
-0.001267,-0.00026,0.0184978,-0.001267,-0.00026,0.0184378
-0.001236,-0.000638,0.0189288,-0.001236,-0.000638,0.0188688
-0.001842,-0.000472,0.0184648,-0.001842,-0.000472,0.0184048
-0.00191,-0.00039,0.0179238,-0.00191,-0.00039,0.0178638
-0.001938,-0.000656,0.0182358,-0.001938,-0.000656,0.0181758
-0.003041,-0.000611,0.0172038,-0.003041,-0.000611,0.0171438
-0.003106,-0.000312,0.0171158,-0.003106,-0.000312,0.0170558
-0.00277,-0.000439,0.0170738,-0.00277,-0.000439,0.0170138
-0.003098,-0.000268,0.0174328,-0.003098,-0.000268,0.0173728
-0.002964,-0.000668,0.0175358,-0.002964,-0.000668,0.0174758
-0.00328,-0.000542,0.0175608,-0.00328,-0.000542,0.0175008
-0.003313,-0.000494,0.0169378,-0.003313,-0.000494,0.0168778
-0.0033,0.000291,0.0163628,-0.0033,0.000291,0.0163028
-0.00293,7.4e-05,0.0164248,-0.00293,7.4e-05,0.0163648
-0.002971,0.000482,0.0163338,-0.002971,0.000482,0.0162738
-0.002654,0.000615,0.0162098,-0.002654,0.000615,0.0161498
-0.002937,0.000867,0.0163648,-0.002937,0.000867,0.0163048
-0.002967,0.000572,0.0167008,-0.002967,0.000572,0.0166408
-0.002976,6.5e-05,0.0167928,-0.002976,6.5e-05,0.0167328
-0.002604,8.8e-05,0.0167578,-0.002604,8.8e-05,0.0166978
-0.003146,-0.000229,0.0167458,-0.003146,-0.000229,0.0166858
-0.00326,-8e-05,0.0164508,-0.00326,-8e-05,0.0163908
-0.002923,-0.000286,0.0163648,-0.002923,-0.000286,0.0163048
-0.000756,0.000379,0.0160938,-0.000756,0.000379,0.0160338
-0.00045,0.000343,0.0159758,-0.00045,0.000343,0.0159158
-0.000259,0.00052,0.0161688,-0.000259,0.00052,0.0161088
-0.000436,0.000792,0.0160558,-0.000436,0.000792,0.0159958
-7.4e-05,0.000789,0.0159878,-7.4e-05,0.000789,0.0159278
0.000328,0.000792,0.0160348,0.000328,0.000792,0.0159748
0.000486,0.000974,0.0145978,0.000486,0.000974,0.014538
-7.5e-05,0.001234,0.0163098,-7.5e-05,0.001234,0.0162498
-0.000262,0.001025,0.0143408,-0.000262,0.001025,0.0142811
-0.000832,0.000732,0.0161208,-0.000832,0.000732,0.0160608
-0.000612,0.001362,0.0160158,-0.000612,0.001362,0.0159558
-0.000526,0.000846,0.0163618,-0.000526,0.000846,0.0163018
-0.000447,0.000347,0.0163638,-0.000447,0.000347,0.0163038
-0.000116,0.000509,0.0164078,-0.000116,0.000509,0.0163478
-0.000789,0.000432,0.0164618,-0.000789,0.000432,0.0164018
-0.000551,9.1e-05,0.0165038,-0.000551,9.1e-05,0.0164438
-0.000995,0.001332,0.0159618,-0.000995,0.001332,0.0159018
-0.00075,0.00074,0.0165288,-0.00075,0.00074,0.0164688
-0.000885,0.00059,0.0168858,-0.000885,0.00059,0.0168258
-0.00233,0.000424,0.0146968,-0.00233,0.000424,0.0146369
-0.001859,0.000581,0.0147318,-0.001859,0.000581,0.0146719
-0.00153,0.000515,0.0146988,-0.00153,0.000515,0.0146389
-0.00165,0.000833,0.0146718,-0.00165,0.000833,0.0146119
-0.001588,0.001126,0.0147018,-0.001588,0.001126,0.0146419
-0.001609,0.000564,0.0150878,-0.001609,0.000564,0.0150279
-0.001915,0.000956,0.0147318,-0.001915,0.000956,0.0146719
-0.002474,0.000799,0.0146318,-0.002474,0.000799,0.0145719
-0.001994,0.00122,0.0147428,-0.001994,0.00122,0.0146829
-0.002095,0.001021,0.0149568,-0.002095,0.001021,0.0148969
-0.001964,0.000433,0.0150288,-0.001964,0.000433,0.0149689
-0.0023,0.000569,0.0150128,-0.0023,0.000569,0.0149529
-0.002155,0.000111,0.0149538,-0.002155,0.000111,0.0148939
-0.002009,0.000613,0.0154588,-0.002009,0.000613,0.0153988
-0.002374,0.000927,0.0149558,-0.002374,0.000927,0.0148959
-0.001573,0.000912,0.0150438,-0.001573,0.000912,0.0149839
-0.002349,0.001287,0.0149478,-0.002349,0.001287,0.0148879
-0.002385,0.000787,0.0153608,-0.002385,0.000787,0.0153008
-0.002299,0.000371,0.0153138,-0.002299,0.000371,0.0152538
-0.00223,0.000599,0.0156988,-0.00223,0.000599,0.0156388
-0.002323,0.000446,0.0132588,-0.0023232,0.000446,0.0132001
-0.002024,0.000446,0.0131068,-0.0020242,0.000446,0.0130484
-0.001786,0.000414,0.0133018,-0.0017861,0.000414,0.0132432
-0.001508,0.000434,0.0131838,-0.0015081,0.000434,0.0131253
-0.001671,0.000728,0.0131538,-0.0016711,0.0007281,0.0130953
-0.001621,0.001108,0.0133108,-0.0016211,0.0011081,0.0132521
-0.001624,0.000129,0.0131938,-0.0016241,0.000129,0.0131353
-0.002307,3.1e-05,0.0133218,-0.0023072,3.1e-05,0.0132631
-0.000865,-0.000453,0.0130668,-0.0008651,-0.000453,0.0130085
-0.001583,-0.000136,0.0132578,-0.0015831,-0.000136,0.0131992
-0.000258,-0.000427,0.0131408,-0.000258,-0.000427,0.0130825
-0.001026,0.000244,0.0130088,-0.0010261,0.000244,0.0129506
-9.1e-05,-0.000486,0.0136688,-9.1e-05,-0.000486,0.0136098
-0.00141,1.9e-05,0.0134888,-0.0014101,1.9e-05,0.01343
-0.000196,0.000413,0.0138508,-0.000196,0.000413,0.0137916
-0.001615,0.000587,0.0135408,-0.0016151,0.000587,0.0134819
-0.002335,0.000916,0.0132478,-0.0023352,0.0009161,0.0131891
-0.00202,0.001207,0.0133168,-0.0020201,0.0012071,0.0132581
-0.002112,0.000929,0.0135438,-0.0021121,0.000929,0.0134848
-0.001965,0.000544,0.0135448,-0.0019651,0.000544,0.0134858
-0.002271,0.000589,0.0135858,-0.0022711,0.000589,0.0135267
-0.002034,0.000159,0.0135518,-0.0020341,0.000159,0.0134928
-0.00199,5.2e-05,0.0131728,-0.0019902,5.2e-05,0.0131143
-0.000261,0.000267,0.0129278,-0.000261,0.000267,0.0128697
-0.001965,0.000522,0.0141438,-0.001965,0.000522,0.0140842
-0.00247,0.001254,0.0131618,-0.0024702,0.0012541,0.0131032
-0.001407,0.00081,0.0134288,-0.0014071,0.0008101,0.01337
-0.002341,0.001281,0.0135348,-0.0023411,0.0012811,0.0134758
-0.002302,0.000954,0.0140348,-0.0023021,0.000954,0.0139753
-0.002376,0.00016,0.0136188,-0.0023761,0.00016,0.0135597
-0.002366,0.000577,0.0140148,-0.0023661,0.000577,0.0139553
-0.001124,0.001019,0.0185578,-0.001124,0.001019,0.0184978
-0.001265,0.001293,0.0183938,-0.001265,0.001293,0.0183338
-0.001151,0.000821,0.0188848,-0.001151,0.000821,0.0188248
-0.002033,0.00113,0.0181008,-0.002033,0.00113,0.0180408
-0.001727,0.000658,0.0186538,-0.001727,0.000658,0.0185938
-0.001875,0.000793,0.0182538,-0.001875,0.000793,0.0181938
-0.002547,0.000985,0.0178468,-0.002547,0.000985,0.0177868
-0.002356,0.001251,0.0182718,-0.002356,0.001251,0.0182118
-0.002444,0.000695,0.0179148,-0.002444,0.000695,0.0178548
-0.002903,0.001008,0.0195188,-0.002903,0.001008,0.0194588
-0.001038,0.000964,0.0192998,-0.001038,0.000964,0.0192398
-0.001126,0.000643,0.0193408,-0.001126,0.000643,0.0192808
0.00158,-0.000241,0.0185138,0.00158,-0.000241,0.0184538
0.002002,-0.000251,0.0183698,0.002002,-0.000251,0.0183098
0.002169,0.000105,0.0185328,0.002169,0.000105,0.0184728
0.001998,0.000422,0.0183948,0.001998,0.000422,0.0183348
0.001579,0.000393,0.0185558,0.001579,0.000393,0.0184958
0.002148,5e-05,0.0189578,0.002148,5e-05,0.0188978
0.00173,-0.000213,0.0188958,0.00173,-0.000213,0.0188358
0.001641,0.000877,0.0183318,0.001641,0.000877,0.0182718
0.001658,0.000504,0.0189148,0.001658,0.000504,0.0188548
0.001762,0.00013,0.0190788,0.001762,0.00013,0.0190188
0.0026,0.000222,0.0179448,0.0026,0.000222,0.0178848
0.002942,0.000256,0.0180108,0.002942,0.000256,0.0179508
0.00275,3.7e-05,0.0181208,0.00275,3.7e-05,0.0180608
0.002776,-0.000262,0.0181798,0.002776,-0.000262,0.0181198
0.002599,-0.000183,0.0178438,0.002599,-0.000183,0.0177838
0.002325,-0.000401,0.0180678,0.002325,-0.000401,0.0180078
0.0024,4.3e-05,0.0173858,0.0024,4.3e-05,0.0173258
0.003204,0.000268,0.0171778,0.003204,0.000268,0.0171178
0.00324,-0.000125,0.0172058,0.00324,-0.000125,0.0171458
0.002868,0.000339,0.0193998,0.002868,0.000339,0.0193398
0.000906,0.000103,0.0193878,0.000906,0.000103,0.0193278
0.00124,0.0001,0.0194038,0.00124,0.0001,0.0193438
0.001396,-2e-06,0.0196528,0.001396,-2e-06,0.0195928
0.001057,4e-06,0.0197318,0.001057,4e-06,0.0196718
0.0013,-0.000328,0.0197708,0.0013,-0.000328,0.0197108
0.000611,-6e-05,0.0195548,0.000611,-6e-05,0.0194948
0.001137,-0.000192,0.0195218,0.001137,-0.000192,0.0194618
0.001574,0.001154,0.0185688,0.001574,0.001154,0.0185088
0.002199,0.000774,0.0186008,0.002199,0.000774,0.0185408
0.002008,0.001205,0.0185298,0.002008,0.001205,0.0184698
0.001583,0.001224,0.0189198,0.001583,0.001224,0.0188598
0.001696,0.001215,0.0182258,0.001696,0.001215,0.0181658
0.001791,0.000705,0.0185678,0.001791,0.000705,0.0185078
0.001468,0.000823,0.0180708,0.001468,0.000823,0.0180108
1.9e-05,0.003214,0.0036498,1.9e-05,0.0032158,0.0036107
0.000437,-0.003403,0.0037258,0.0004373,-0.003405,0.0036864
5.9e-05,-0.003342,0.0038008,5.9e-05,-0.003344,0.0037613
0.001087,0.001231,0.0184968,0.001087,0.001231,0.0184368
0.000966,0.001624,0.0185818,0.000966,0.001624,0.0185218
0.001468,0.001508,0.0182778,0.001468,0.001508,0.0182178
0.001279,0.001593,0.0185358,0.001279,0.001593,0.0184758
0.001375,0.001973,0.0183938,0.001375,0.001973,0.0183338
0.000768,0.001931,0.0185898,0.000768,0.001931,0.0185298
0.001161,0.001584,0.0190778,0.001161,0.001584,0.0190178
0.000538,0.003531,0.0195458,0.000538,0.003531,0.0194858
-0.001391,0.002919,0.0038338,-0.0013918,0.0029207,0.0037943
0.003187,-0.000762,0.0196528,0.003187,-0.000762,0.0195928
0.003507,-0.000678,0.0195968,0.003507,-0.000678,0.0195368
0.001388,-0.000335,0.0194008,0.001388,-0.000335,0.0193408
0.00086,-0.000503,0.0193038,0.00086,-0.000503,0.0192438
0.001594,-0.000493,0.0187198,0.001594,-0.000493,0.0186598
0.001775,-0.000573,0.0183308,0.001775,-0.000573,0.0182708
0.002992,-0.000343,0.0179628,0.002992,-0.000343,0.0179028
0.002669,-0.000526,0.0177008,0.002669,-0.000526,0.0176408
-0.001355,-0.003349,0.0034578,-0.0013558,-0.0033509,0.003419
-0.001061,-0.003406,0.0034208,-0.0010616,-0.0034079,0.0033821
-0.001505,-0.003095,0.0034708,-0.0015058,-0.0030967,0.0034321
-0.001164,-0.002923,0.0033788,-0.0011646,-0.0029245,0.0033405
0.00278,0.001814,0.0037158,0.0027816,0.001815,0.0036765
0.002337,0.002144,0.0195678,0.002337,0.002144,0.0195078
0.002763,0.002172,0.0195588,0.002763,0.002172,0.0194988
0.000991,-0.003439,0.0033868,0.0009916,-0.003441,0.0033482
0.000836,-0.0031,0.0033668,0.0008365,-0.0031017,0.0033285
-0.001895,0.00268,0.0040728,-0.0018962,0.0026816,0.0040326
-0.001667,0.002756,0.0045968,-0.0016681,0.0027579,0.0045553
-0.002282,0.002695,0.0040838,-0.0022834,0.0026967,0.0040434
-0.002455,0.001969,0.0046508,-0.0024567,0.0019704,0.0046092
-0.001306,0.001513,0.0048738,-0.001307,0.0015141,0.0048327
-0.00115,0.001632,0.0050438,-0.0011509,0.0016333,0.0050022
-0.000642,0.001685,0.0050348,-0.0006425,0.0016863,0.0049934
-0.000772,0.001583,0.0053088,-0.0007727,0.0015843,0.0052667
-0.000547,0.001495,0.0054558,-0.0005475,0.0014963,0.0054135
-0.000858,0.001612,0.0056428,-0.0008588,0.0016135,0.0055997
-0.001131,0.001907,0.0051478,-0.0011319,0.0019085,0.0051057
-0.001243,0.001975,0.0054948,-0.0012441,0.0019767,0.0054516
-0.001264,0.001647,0.0056578,-0.0012652,0.0016485,0.0056144
-0.001225,0.001641,0.0059978,-0.0012262,0.0016426,0.0059534
-0.001881,0.000789,0.0051008,-0.0018825,0.0007896,0.005059
-0.001341,0.000834,0.0050898,-0.0013421,0.0008347,0.0050485
-0.001607,0.000821,0.0056828,-0.0016085,0.0008218,0.0056396
-0.001578,0.001215,0.0048808,-0.0015791,0.0012159,0.0048397
-0.001228,0.00117,0.0047958,-0.0012289,0.0011708,0.0047552
-0.001579,0.001174,0.0056568,-0.0015805,0.0011751,0.0056135
-0.001645,0.000836,0.0053368,-0.0016464,0.0008367,0.0052945
-0.001115,0.000889,0.0053808,-0.001116,0.0008898,0.0053389
-0.001989,0.000897,0.0053588,-0.0019907,0.0008978,0.0053161
-0.001998,0.001254,0.0053138,-0.0019997,0.001255,0.0052711
-0.001607,0.001276,0.0053308,-0.0016084,0.0012771,0.0052883
-0.002025,0.000938,0.0057218,-0.0020268,0.0009389,0.0056781
-0.002821,0.001551,0.0062598,-0.0028234,0.0015523,0.0062143
-0.002736,0.001643,0.0064938,-0.0027384,0.0016444,0.0064478
-0.002451,0.001575,0.0064108,-0.0024532,0.0015764,0.006365
-0.002428,0.002058,0.0064478,-0.0024302,0.0020598,0.0064019
-0.002093,0.002039,0.0063908,-0.0020949,0.0020409,0.0063451
-0.002396,0.002097,0.0068468,-0.0023982,0.0020989,0.0067999
-0.00242,0.00168,0.0067798,-0.0024222,0.0016816,0.0067331
-0.002101,0.001454,0.0067658,-0.0021031,0.0014554,0.0067192
-0.00272,0.001596,0.0067718,-0.0027225,0.0015974,0.0067251
-0.002417,0.001533,0.0070838,-0.0024193,0.0015344,0.0070364
-0.000893,0.000438,0.0073548,-0.0008943,0.0004387,0.0073068
-0.000552,0.000435,0.0073598,-0.0005529,0.0004357,0.0073118
-0.000252,0.000386,0.0074788,-0.0002524,0.0003867,0.0074303
-0.000512,0.000809,0.0075028,-0.0005128,0.0008102,0.0074542
-7.4e-05,0.000806,0.0075148,-7.41e-05,0.0008073,0.0074662
-0.000873,0.000841,0.0074508,-0.0008741,0.0008421,0.0074024
-0.000459,0.001216,0.0076198,-0.0004596,0.0012176,0.0075709
-0.000375,0.000872,0.0081328,-0.0003755,0.0008733,0.0080822
-0.00048,0.000607,0.0081268,-0.0004807,0.000608,0.008076
-0.00028,0.000334,0.0095608,-0.0002801,0.0003341,0.0095056
0.000545,0.000423,0.0095178,0.0005452,0.0004232,0.009463
-0.0002,-0.000686,0.0092318,-0.0002001,-0.0006864,0.0091775
-0.00031,0.000821,0.0083858,-0.0003104,0.0008222,0.0083343
0.000448,0.000972,0.0093138,0.0004483,0.0009727,0.00926
-0.000446,0.000472,0.0077838,-0.0004468,0.0004728,0.0077341
-7.2e-05,0.000548,0.0077648,-7.21e-05,0.000549,0.0077151
0.000306,0.000382,0.0078768,0.0003066,0.0003827,0.0078265
-0.000876,0.000384,0.0077998,-0.0008773,0.0003846,0.0077503
-0.000537,0.000788,0.0078378,-0.0005378,0.0007892,0.0077881
-0.00037,0.000199,0.0078278,-0.0003707,0.0001994,0.0077777
-0.000614,-0.00019,0.0076848,-0.0006151,-0.0001903,0.0076355
-0.000856,0.001224,0.0075738,-0.0008571,0.0012255,0.0075251
-0.000762,0.000843,0.0080898,-0.0007631,0.0008441,0.0080395
-0.000858,0.00077,0.0077788,-0.0008592,0.0007711,0.0077294
-0.000712,0.000587,0.0079398,-0.0007131,0.0005879,0.0078898
-0.000911,-0.000101,0.0078458,-0.0009124,-0.0001012,0.0077961
-0.000839,0.000443,0.0082408,-0.0008402,0.0004437,0.0081898
-0.000883,0.00047,0.0085328,-0.0008841,0.0004706,0.008481
-0.000784,3.3e-05,0.0081718,-0.0007852,3.3e-05,0.0081208
-0.002316,0.000322,0.0089158,-0.0023179,0.0003223,0.0088644
-0.001917,0.00042,0.0090158,-0.0019187,0.0004204,0.008964
-0.001582,0.00034,0.0089558,-0.0015835,0.0003403,0.0089038
-0.001605,0.000787,0.0089448,-0.0016065,0.0007877,0.0088929
-0.001383,0.000772,0.0092668,-0.0013842,0.0007727,0.009214
-0.001663,0.000536,0.0093208,-0.0016644,0.0005364,0.0092681
-0.001946,0.000865,0.0089488,-0.0019477,0.0008657,0.0088973
-0.002453,0.000832,0.0089878,-0.0024549,0.0008326,0.0089364
-0.00184,0.001188,0.0090358,-0.0018415,0.001189,0.0089841
-0.002061,0.001506,0.0088958,-0.0020626,0.0015072,0.0088446
-0.001994,0.000485,0.0093778,-0.0019956,0.0004854,0.0093253
-0.002107,0.000114,0.0092558,-0.0021087,0.0001141,0.0092036
-0.002035,-0.000281,0.0091488,-0.0020367,-0.0002812,0.0090968
-0.001845,0.000625,0.0096218,-0.0018464,0.0006255,0.0095687
-0.001945,0.000405,0.0099958,-0.0019462,0.0004053,0.0099419
-0.00011,0.000124,0.0102668,-0.00011,0.000124,0.0102108
-0.002361,0.00156,0.0089538,-0.0023628,0.0015612,0.0089025
-0.002358,0.001269,0.0091878,-0.0023598,0.0012699,0.009136
-0.002337,0.000893,0.0096788,-0.0023386,0.0008936,0.009626
-0.002488,8.7e-05,0.0091948,-0.0024899,8.71e-05,0.0091429
-0.002374,0.000559,0.0098268,-0.0023756,0.0005594,0.0097737
-0.003268,-5.4e-05,0.0040188,-0.00327,-5.4e-05,0.0039788
-0.001782,-0.000569,0.0051038,-0.0017834,-0.0005694,0.0050622
-0.001198,-0.000652,0.0049828,-0.001199,-0.0006525,0.0049421
-0.001608,-0.000163,0.0050218,-0.0016093,-0.0001631,0.0049807
-0.0016,-0.000707,0.0055678,-0.0016015,-0.0007077,0.005525
-0.001265,-0.000316,0.0049518,-0.001266,-0.0003163,0.0049113
-0.001681,-0.000222,0.0056948,-0.0016826,-0.0002222,0.0056517
-0.001607,-0.000551,0.0053258,-0.0016084,-0.0005515,0.0052837
-0.001279,-0.000524,0.0052518,-0.0012801,-0.0005244,0.0052103
-0.001611,-0.00019,0.0053798,-0.0016124,-0.0001901,0.0053377
-0.001466,-0.000865,0.0052438,-0.0014672,-0.0008657,0.005202
-0.002027,-0.000348,0.0055738,-0.0020288,-0.0003483,0.0055307
-0.001971,-0.000195,0.0053378,-0.0019727,-0.0001952,0.0052954
-0.001914,-0.000705,0.0055908,-0.0019157,-0.0007056,0.0055476
-0.00202,-0.000999,0.0056568,-0.0020218,-0.0009999,0.0056132
-0.003133,-0.000797,0.0064648,-0.0031357,-0.0007977,0.0064188
-0.002683,-0.000408,0.0064478,-0.0026855,-0.0004084,0.006402
-0.003168,-0.000359,0.0067898,-0.0031709,-0.0003593,0.0067431
-0.003009,-0.000594,0.0067638,-0.0030118,-0.0005946,0.0067172
-0.002672,-0.000739,0.0068708,-0.0026746,-0.0007397,0.0068239
-0.002919,-0.000736,0.0070918,-0.0029217,-0.0007367,0.0070444
-0.003308,-0.000612,0.0065818,-0.0033109,-0.0006125,0.0065355
-0.00342,-0.000553,0.0071698,-0.0034229,-0.0005535,0.0071223
-0.003153,-0.000581,0.0071318,-0.0031558,-0.0005815,0.0070843
-0.0021,-0.000673,0.0070598,-0.0021022,-0.0006737,0.0070125
-0.003028,-0.00031,0.0070808,-0.0030308,-0.0003103,0.0070334
-0.002623,-0.000436,0.0071168,-0.0026256,-0.0004364,0.0070693
-0.002856,6e-06,0.0070748,-0.0028587,6e-06,0.0070274
-0.003128,-0.000341,0.0075618,-0.0031307,-0.0003413,0.0075134
-0.003298,-0.00036,0.0070548,-0.0033009,-0.0003603,0.0070075
-0.000636,-0.000898,0.0074448,-0.0006369,-0.0008993,0.0073964
-0.000276,-0.000959,0.0075158,-0.0002764,-0.0009604,0.0074672
-1.9e-05,-0.000657,0.0075188,-1.91e-05,-0.0006581,0.0074702
-0.000917,-0.000432,0.0074588,-0.0009183,-0.0004326,0.0074104
-0.000518,-0.000203,0.0073658,-0.0005189,-0.0002033,0.0073178
-0.000408,-0.000608,0.0081078,-0.0004087,-0.000609,0.0080569
-0.000656,-0.000584,0.0084778,-0.0006569,-0.0005848,0.008426
0.000547,-0.000396,0.0094748,0.0005472,-0.0003962,0.00942
-0.000544,-0.000853,0.0079018,-0.0005448,-0.0008543,0.0078519
-0.000189,-0.00086,0.0078408,-0.0001893,-0.0008614,0.0077911
-0.000804,-0.001012,0.0077258,-0.0008051,-0.0010133,0.0076766
-0.000805,-0.000615,0.0078308,-0.0008062,-0.0006159,0.0077811
-0.000512,-0.001001,0.0083068,-0.0005127,-0.0010023,0.0082559
-0.00076,-0.000674,0.0081898,-0.0007611,-0.0006749,0.0081391
-0.00089,-0.000992,0.0081298,-0.0008911,-0.0009932,0.0080795
-0.000807,-0.000993,0.0084508,-0.000808,-0.0009942,0.0083997
-0.002188,-0.000788,0.0088578,-0.0021898,-0.0007887,0.0088065
-0.002036,-0.001088,0.0088668,-0.0020377,-0.0010889,0.0088155
-0.001591,-0.000977,0.0089338,-0.0015925,-0.0009779,0.0088821
-0.001478,-0.000592,0.0089328,-0.0014794,-0.0005926,0.0088809
-0.00153,-0.000973,0.0092978,-0.0015313,-0.0009738,0.0092452
-0.001519,-0.000717,0.0096898,-0.00152,-0.0007175,0.0096361
-0.001895,-0.000623,0.0089168,-0.0018967,-0.0006236,0.0088652
-0.002082,-0.000332,0.0087778,-0.0020838,-0.0003323,0.0087266
-0.002038,-0.000718,0.0093398,-0.0020396,-0.0007186,0.0092874
-0.002254,-0.001077,0.0092118,-0.0022557,-0.0010778,0.0091599
-0.001983,-0.00095,0.0097348,-0.0019844,-0.0009507,0.0096817
-0.00225,-0.000518,0.0090398,-0.0022518,-0.0005184,0.0089882
-0.00244,-0.000793,0.0092158,-0.0024418,-0.0007936,0.0091639
-0.001315,-0.000669,0.0092638,-0.0013161,-0.0006696,0.0092109
-0.002347,-0.000222,0.0092498,-0.0023488,-0.0002222,0.0091977
-0.002292,-0.000748,0.0095968,-0.0022936,-0.0007485,0.0095441
-0.002503,-0.001119,0.0095778,-0.0025047,-0.0011198,0.0095253
-0.001862,-0.001234,0.0048608,-0.0018634,-0.0012349,0.0048194
-0.001546,-0.001328,0.0057048,-0.0015475,-0.0013292,0.0056613
-0.001577,-0.001289,0.0053158,-0.0015783,-0.0012901,0.0052734
-0.001232,-0.001273,0.0053528,-0.0012331,-0.0012741,0.0053106
-0.001944,-0.001374,0.0056858,-0.0019457,-0.0013752,0.0056421
-0.001907,-0.001363,0.0060448,-0.0019088,-0.0013643,0.0060001
-0.002872,-0.002151,0.0043548,-0.0028739,-0.0021524,0.0043137
0.003074,-0.00112,0.0033898,0.0030757,-0.0011206,0.0033514
0.003416,-0.001051,0.0034618,0.003418,-0.0010516,0.003423
-0.000234,-0.003258,0.0190978,-0.000234,-0.003258,0.0190378
-0.002529,-0.002006,0.0170088,-0.002529,-0.002006,0.0169488
-0.002338,-0.001737,0.0170438,-0.002338,-0.001737,0.0169838
-0.002439,-0.002113,0.0174118,-0.002439,-0.002113,0.0173518
-0.002061,-0.001841,0.0171058,-0.002061,-0.001841,0.0170458
-0.002393,-0.001337,0.0171348,-0.002393,-0.001337,0.0170748
-0.002283,-0.001778,0.0176288,-0.002283,-0.001778,0.0175688
-0.002718,-0.001809,0.0171418,-0.002718,-0.001809,0.0170818
-0.002881,-0.001355,0.0171578,-0.002881,-0.001355,0.0170978
-0.002737,-0.00171,0.0175168,-0.002737,-0.00171,0.0174568
-0.002634,-0.002337,0.0171608,-0.002634,-0.002337,0.0171008
-0.003379,-0.001068,0.0195938,-0.003379,-0.001068,0.0195338
-0.003225,0.001505,0.0191668,-0.003225,0.001505,0.0191068
0.003397,0.001106,0.0194868,0.003397,0.001106,0.0194268
-0.001987,0.002311,0.0062868,-0.0019888,0.0023131,0.0062413
-0.001506,0.00227,0.0062958,-0.0015074,0.0022721,0.0062504
-0.001862,0.002456,0.0065588,-0.0018637,0.0024583,0.0065126
-0.001658,0.002711,0.0063788,-0.0016594,0.0027134,0.006333
-0.001624,0.002248,0.0067198,-0.0016256,0.0022502,0.0066733
-0.001251,0.002244,0.0067018,-0.0012522,0.0022462,0.0066554
-0.002142,0.00238,0.0068758,-0.0021439,0.0023821,0.0068289
-0.001731,0.002196,0.0070998,-0.0017327,0.0021981,0.0070524
0.001985,-0.002743,0.0039768,0.0019862,-0.0027447,0.0039368
0.002303,-0.002708,0.0038988,0.0023044,-0.0027096,0.0038589
0.002682,-0.001591,0.0195448,0.002682,-0.001591,0.0194848
-0.001127,-0.002154,0.0050928,-0.0011279,-0.0021557,0.0050506
-0.0008,-0.001703,0.0057148,-0.0008008,-0.0017046,0.0056714
-0.001236,-0.001586,0.0058308,-0.0012372,-0.0015875,0.0057869
-0.001217,-0.001696,0.0054608,-0.0012181,-0.0016975,0.0054179
-0.001121,-0.001884,0.0057348,-0.001122,-0.0018857,0.0056911
-0.001851,-0.001997,0.0057688,-0.0018526,-0.0019987,0.0057247
-0.001623,-0.002079,0.0058228,-0.0016244,-0.0020808,0.0057786
-0.001604,-0.002192,0.0060618,-0.0016054,-0.002194,0.006017
-0.00151,-0.001665,0.0061018,-0.0015115,-0.0016666,0.0060571
-0.001113,-0.002188,0.0058538,-0.001114,-0.00219,0.0058096
-0.001605,-0.002447,0.0060298,-0.0016064,-0.0024491,0.0059849
-0.001648,-0.002104,0.0063868,-0.0016496,-0.002106,0.0063412
-0.001992,-0.001809,0.0061008,-0.0019938,-0.0018107,0.0060559
-0.001944,-0.001888,0.0064138,-0.0019458,-0.0018898,0.0063681
-0.00173,-0.002337,0.0057368,-0.0017314,-0.002339,0.0056927
-0.001928,-0.002579,0.0060408,-0.0019296,-0.0025812,0.0059958
0.002793,-0.001677,0.0037608,0.0027946,-0.001678,0.0037215
0.003092,-0.0016,0.0038108,0.0030938,-0.0016009,0.0037712
0.003346,-0.001375,0.0037808,0.003348,-0.0013759,0.0037412
0.002774,-0.001658,0.0040458,0.0027757,-0.001659,0.0040057
0.002718,-0.001177,0.0040978,0.0027197,-0.0011777,0.0040578
0.002769,-0.001185,0.0046558,0.0027709,-0.0011858,0.0046143
0.001784,-0.001141,0.0050098,0.0017854,-0.0011419,0.0049682
0.002243,-0.00125,0.0049368,0.0022446,-0.0012509,0.004895
0.002116,-0.001351,0.0053048,0.0021177,-0.0013521,0.005262
0.002055,-0.001352,0.0056608,0.0020568,-0.0013532,0.0056171
0.001663,-0.00105,0.0056568,0.0016645,-0.001051,0.0056135
0.001687,-0.000889,0.0052798,0.0016884,-0.0008897,0.0052376
0.001802,-0.000576,0.0053348,0.0018035,-0.0005765,0.0052925
0.0017,-0.001392,0.0055848,0.0017015,-0.0013932,0.0055415
0.001664,-0.001206,0.0060858,0.0016657,-0.0012072,0.0060412
0.002266,-0.001946,0.0058718,0.0022679,-0.0019476,0.0058273
0.001991,-0.001784,0.0060998,0.0019928,-0.0017856,0.0060549
0.002063,-0.00224,0.0061308,0.0020648,-0.0022419,0.0060856
0.001728,-0.002093,0.0061688,0.0017296,-0.0020949,0.0061237
0.002105,-0.002464,0.0059328,0.0021067,-0.002466,0.0058881
0.001646,-0.001645,0.0059938,0.0016475,-0.0016465,0.0059493
0.00251,-0.00179,0.0060168,0.0025122,-0.0017915,0.0059719
0.001493,-0.001726,0.0063618,0.0014945,-0.0017278,0.0063164
0.001851,-0.002299,0.0057368,0.0018525,-0.0023009,0.0056927
0.001633,-0.00248,0.0059448,0.0016344,-0.0024821,0.0059002
7.8e-05,0.003238,0.0195678,7.8e-05,0.003238,0.0195078
-0.00043,0.001518,0.0184818,-0.00043,0.001518,0.0184218
-0.000475,0.001629,0.0187638,-0.000475,0.001629,0.0187038
5.8e-05,0.001613,0.0183818,5.8e-05,0.001613,0.0183218
-0.000157,0.001651,0.0186538,-0.000157,0.001651,0.0185938
-3.4e-05,0.001991,0.0184488,-3.4e-05,0.001991,0.0183888
0.000338,0.001841,0.0185588,0.000338,0.001841,0.0184988
-0.000134,0.001544,0.0189848,-0.000134,0.001544,0.0189248
-0.000335,0.001867,0.0186638,-0.000335,0.001867,0.0186038
-0.000374,0.002456,0.0179658,-0.000374,0.002456,0.0179058
2e-05,0.002407,0.0176728,2e-05,0.002407,0.0176128
6e-06,0.002805,0.0177228,6e-06,0.002805,0.0176628
0.000328,0.002596,0.0178288,0.000328,0.002596,0.0177688
-0.000225,0.002906,0.0181468,-0.000225,0.002906,0.0180868
0.000311,0.002367,0.0180468,0.000311,0.002367,0.0179868
-0.000389,0.002436,0.0184178,-0.000389,0.002436,0.0183578
-0.000275,0.002491,0.0177138,-0.000275,0.002491,0.0176538
-0.000531,0.002952,0.0170918,-0.000531,0.002952,0.0170318
-0.000102,0.003122,0.0171148,-0.000102,0.003122,0.0170548
1.3e-05,0.003216,0.0174478,1.3e-05,0.003216,0.0173878
0.000308,0.003192,0.0172748,0.000308,0.003192,0.0172148
0.000351,0.0015,0.0185848,0.000351,0.0015,0.0185248
0.000744,0.001465,0.0184338,0.000744,0.001465,0.0183738
0.000255,0.001895,0.0182468,0.000255,0.001895,0.0181868
0.000316,0.002672,0.0175348,0.000316,0.002672,0.0174748
0.000308,0.003005,0.0169618,0.000308,0.003005,0.0169018
0.000863,0.002998,0.0170338,0.000863,0.002998,0.0169738
0.000606,0.003071,0.0171808,0.000606,0.003071,0.0171208
0.000751,0.003032,0.0174618,0.000751,0.003032,0.0174018
0.001033,0.002948,0.0173678,0.001033,0.002948,0.0173078
-0.001399,-0.003337,0.0037588,-0.0013998,-0.003339,0.0037192
-0.001869,-0.00298,0.0037898,-0.0018701,-0.0029818,0.0037502
-0.001526,-0.003083,0.0038478,-0.0015269,-0.0030849,0.0038081
0.001047,0.000131,0.0041968,0.0010477,0.0001311,0.0041583
0.001524,0.000562,0.0044348,0.001525,0.0005623,0.0043952
0.001416,0.000182,0.0044488,0.0014169,0.0001821,0.0044094
0.001054,0.000132,0.0044968,0.0010548,0.0001321,0.0044576
0.00132,-0.00024,0.0044948,0.0013209,-0.0002401,0.0044554
0.001378,0.000101,0.0048338,0.0013791,0.0001011,0.0047935
0.000755,0.000172,0.0042288,0.0007556,0.0001721,0.0041905
0.000724,9.1e-05,0.0046738,0.0007246,9.11e-05,0.0046343
0.002189,0.00017,0.0056968,0.002191,0.0001702,0.0056532
0.002031,-2.9e-05,0.0054108,0.0020328,-2.9e-05,0.0053682
0.001718,7.9e-05,0.0053448,0.0017195,7.91e-05,0.0053027
0.001684,0.000533,0.0056578,0.0016856,0.0005335,0.0056147
0.001631,-0.00013,0.0050308,0.0016323,-0.0001301,0.0049897
0.001783,-0.000396,0.0056018,0.0017847,-0.0003964,0.0055588
0.001693,-0.000219,0.0053638,0.0016945,-0.0002192,0.0053216
0.001453,-3.5e-05,0.0056398,0.0014544,-3.5e-05,0.0055971
0.003257,-9e-05,0.0064238,0.0032599,-9.01e-05,0.0063779
3.9e-05,0.00333,0.0040618,3.9e-05,0.0033321,0.0040216
0.000429,0.003366,0.0039768,0.0004293,0.003368,0.0039367
0.000292,0.001429,0.0048408,0.0002922,0.0014301,0.0048003
0.000463,0.001626,0.0050558,0.0004634,0.0016273,0.0050145
0.000677,0.0015,0.0052428,0.0006776,0.0015013,0.005201
0.001067,0.001601,0.0053728,0.0010679,0.0016024,0.0053304
0.000328,0.001596,0.0053148,0.0003283,0.0015974,0.0052728
0.000399,0.001835,0.0051198,0.0003993,0.0018365,0.0050781
0.000242,0.001922,0.0052968,0.0002422,0.0019236,0.0052546
0.000275,0.001966,0.0056028,0.0002753,0.0019678,0.0055596
0.000289,0.001572,0.0056668,0.0002893,0.0015735,0.0056239
-3.8e-05,0.001587,0.0056598,-3.81e-05,0.0015886,0.0056169
0.000306,0.001656,0.0060088,0.0003063,0.0016577,0.0059648
-2.8e-05,0.002912,0.0063018,-2.8e-05,0.0029146,0.0062563
0.000301,0.00317,0.0063458,0.0003013,0.0031728,0.0063001
0.000642,0.002992,0.0063568,0.0006426,0.0029947,0.0063111
0.000732,0.002902,0.0067538,0.0007327,0.0029047,0.0067072
0.000248,0.002759,0.0066438,0.0002482,0.0027617,0.0065975
0.000666,0.003035,0.0071108,0.0006666,0.0030378,0.0070633
-0.000112,0.00286,0.0067678,-0.0001121,0.0028627,0.0067212
0.000326,0.002903,0.0069818,0.0003263,0.0029057,0.0069347
0.001699,-0.002169,0.0180638,0.001699,-0.002169,0.0180038
0.002052,-0.002168,0.0178768,0.002052,-0.002168,0.0178168
0.002411,-0.00191,0.0179428,0.002411,-0.00191,0.0178828
0.00206,-0.001822,0.0177968,0.00206,-0.001822,0.0177368
0.001713,-0.001761,0.0175948,0.001713,-0.001761,0.0175348
0.002057,-0.001741,0.0182248,0.002057,-0.001741,0.0181648
0.002092,-0.002098,0.0181968,0.002092,-0.002098,0.0181368
0.001715,-0.001939,0.0178678,0.001715,-0.001939,0.0178078
0.001693,-0.001412,0.0177678,0.001693,-0.001412,0.0177078
0.001694,-0.001851,0.0181718,0.001694,-0.001851,0.0181118
0.0016,-0.001563,0.0180568,0.0016,-0.001563,0.0179968
0.001817,-0.002058,0.0183528,0.001817,-0.002058,0.0182928
0.001617,-0.003079,0.0195798,0.001617,-0.003079,0.0195198
0.001985,-0.002943,0.0195788,0.001985,-0.002943,0.0195188
0.0019,-0.002562,0.0195328,0.0019,-0.002562,0.0194728
0.002383,-0.002629,0.0195838,0.002383,-0.002629,0.0195238
0.002172,-0.002633,0.0199008,0.002172,-0.002633,0.0198408
0.00225,-0.002586,0.0192598,0.00225,-0.002586,0.0191998
-0.001867,0.002998,0.0195478,-0.001867,0.002998,0.0194878
-0.001276,0.001608,0.0185938,-0.001276,0.001608,0.0185338
-0.000915,0.001559,0.0185438,-0.000915,0.001559,0.0184838
-0.000672,0.00173,0.0185958,-0.000672,0.00173,0.0185358
-0.001079,0.002048,0.0181298,-0.001079,0.002048,0.0180698
-0.001489,0.001601,0.0177558,-0.001489,0.001601,0.0176958
-0.001603,0.001974,0.0176578,-0.001603,0.001974,0.0175978
-0.001653,0.002004,0.0180648,-0.001653,0.002004,0.0180048
-0.001513,0.001637,0.0182208,-0.001513,0.001637,0.0181608
-0.001315,0.001448,0.0179928,-0.001315,0.001448,0.0179328
-0.00215,0.002213,0.0173248,-0.00215,0.002213,0.0172648
-0.001851,0.001698,0.0183368,-0.001851,0.001698,0.0182768
-0.002213,0.002252,0.0167878,-0.002213,0.002252,0.0167278
-0.001502,0.002295,0.0170138,-0.001502,0.002295,0.0169538
-0.001579,0.002764,0.0170758,-0.001579,0.002764,0.0170158
-0.001251,0.002695,0.0171938,-0.001251,0.002695,0.0171338
-0.00177,0.002783,0.0173728,-0.00177,0.002783,0.0173128
-0.001542,0.002454,0.0174358,-0.001542,0.002454,0.0173758
-0.001183,0.002394,0.0172948,-0.001183,0.002394,0.0172348
-0.001918,0.002441,0.0175598,-0.001918,0.002441,0.0174998
-0.00229,0.002703,0.0167408,-0.00229,0.002703,0.0166808
0.000854,-0.001483,0.0050128,0.0008547,-0.0014842,0.0049716
0.000707,-0.001686,0.0055818,0.0007076,-0.0016876,0.0055389
-3.9e-05,-0.001745,0.0048408,-3.9e-05,-0.0017463,0.0048
7.9e-05,-0.001387,0.0048768,7.91e-05,-0.0013881,0.0048364
0.00024,-0.001777,0.0054558,0.0002402,-0.0017786,0.0054133
-0.00011,-0.001635,0.0055338,-0.0001101,-0.0016365,0.0054912
0.000424,-0.001252,0.0053408,0.0004244,-0.0012531,0.0052991
0.000534,-0.002299,0.0051698,0.0005344,-0.0023008,0.0051275
0.000213,-0.002158,0.0057988,0.0002132,-0.0021601,0.0057549
0.00051,-0.003477,0.0040318,0.0005103,-0.0034791,0.0039916
0.000834,-0.00348,0.0041508,0.0008345,-0.0034822,0.0041102
0.000504,-0.003103,0.0040798,0.0005043,-0.0031049,0.0040397
-0.000642,-0.003468,0.0034588,-0.0006424,-0.0034699,0.00342
-0.000313,-0.003319,0.0033878,-0.0003132,-0.0033208,0.0033494
0.00236,0.002169,0.0035838,0.0023613,0.0021702,0.0035449
0.002769,0.002166,0.0037718,0.0027707,0.0021673,0.0037322
0.000827,0.00167,0.0051028,0.0008277,0.0016713,0.0050612
0.001145,0.00162,0.0050338,0.0011459,0.0016213,0.0049923
0.00132,0.001467,0.0052448,0.0013211,0.0014682,0.0052027
0.001393,0.001499,0.0055378,0.0013943,0.0015003,0.0054948
0.001166,0.001586,0.0056608,0.0011671,0.0015875,0.0056175
0.00257,0.001709,0.0063948,0.0025723,0.0017105,0.006349
0.002484,0.001981,0.0064858,0.0024862,0.0019828,0.0064398
0.003028,0.001649,0.0067398,0.0030306,0.0016504,0.0066932
0.002537,0.001621,0.0067088,0.0025393,0.0016225,0.0066623
0.002524,0.002028,0.0067828,0.0025262,0.0020298,0.0067361
0.002541,0.002042,0.0071398,0.0025433,0.0020438,0.0070923
0.002556,0.001516,0.0070778,0.0025584,0.0015174,0.0070304
0.001359,0.002844,0.0195668,0.001359,0.002844,0.0195068
0.001315,0.003267,0.0195488,0.001315,0.003267,0.0194888
0.00144,0.002512,0.0195248,0.00144,0.002512,0.0194648
0.00134,0.0025,0.0197928,0.00134,0.0025,0.0197328
0.001785,0.001674,0.0175798,0.001785,0.001674,0.0175198
0.001731,0.001768,0.0178828,0.001731,0.001768,0.0178228
0.002163,0.001605,0.0178148,0.002163,0.001605,0.0177548
0.002096,0.001943,0.0178468,0.002096,0.001943,0.0177868
0.00245,0.001914,0.0178418,0.00245,0.001914,0.0177818
0.001779,0.002033,0.0177818,0.001779,0.002033,0.0177218
0.00213,0.002354,0.0178858,0.00213,0.002354,0.0178258
0.001937,0.002103,0.0180648,0.001937,0.002103,0.0180048
0.002228,0.001717,0.0181778,0.002228,0.001717,0.0181178
0.001604,0.001489,0.0179818,0.001604,0.001489,0.0179218
0.002052,0.002345,0.0182498,0.002052,0.002345,0.0181898
0.001715,0.001994,0.0174448,0.001715,0.001994,0.0173848
0.001857,0.001565,0.0183018,0.001857,0.001565,0.0182418
0.001726,0.002279,0.0168968,0.001726,0.002279,0.0168368
0.001649,0.002493,0.0171438,0.001649,0.002493,0.0170838
0.002055,0.002365,0.0168488,0.002055,0.002365,0.0167888
0.002203,0.002443,0.0171988,0.002203,0.002443,0.0171388
0.001335,0.002542,0.0169558,0.001335,0.002542,0.0168958
0.002153,0.002367,0.0174928,0.002153,0.002367,0.0174328
0.001723,0.002329,0.0175318,0.001723,0.002329,0.0174718
0.001691,0.002637,0.0167308,0.001691,0.002637,0.0166708
0.002825,0.001784,0.0188008,0.002825,0.001784,0.0187408
0.002497,0.001628,0.0169348,0.002497,0.001628,0.0168748
0.002593,0.001642,0.0172038,0.002593,0.001642,0.0171438
0.002479,0.001965,0.0172128,0.002479,0.001965,0.0171528
0.002543,0.001625,0.0175558,0.002543,0.001625,0.0174958
0.002489,0.002008,0.0175288,0.002489,0.002008,0.0174688
0.00244,0.001999,0.0169008,0.00244,0.001999,0.0168408
0.003275,-0.000454,0.0195608,0.003275,-0.000454,0.0195008
0.002703,-0.00234,0.0196018,0.002703,-0.00234,0.0195418
0.003031,-0.001086,0.0191738,0.003031,-0.001086,0.0191138
0.003362,-0.001145,0.0192108,0.003362,-0.001145,0.0191508
0.003453,-0.000794,0.0038688,0.0034551,-0.0007945,0.003829
0.000947,0.002428,0.0057778,0.0009478,0.0024301,0.0057337
0.001358,0.002324,0.0063818,0.0013593,0.0023262,0.0063362
-0.00283,0.000996,0.0041158,-0.0028317,0.0009966,0.0040757
-0.002506,0.001021,0.0040848,-0.0025075,0.0010216,0.004045
-0.00292,0.001001,0.0044098,-0.0029219,0.0010017,0.0043688
-0.00081,0.000875,0.0042318,-0.0008106,0.0008756,0.0041931
-0.000528,0.001144,0.0042248,-0.0005283,0.0011448,0.0041861
-0.001069,0.000593,0.0043698,-0.0010697,0.0005934,0.0043307
-0.001279,0.000421,0.0046348,-0.0012799,0.0004213,0.004595
-0.002925,0.000643,0.0042288,-0.0029268,0.0006434,0.0041884
-0.003365,0.000631,0.0044458,-0.0033672,0.0006314,0.0044046
-0.002678,0.001513,0.0171628,-0.002678,0.001513,0.0171028
-0.002331,0.001563,0.0171528,-0.002331,0.001563,0.0170928
-0.002356,0.001939,0.0170428,-0.002356,0.001939,0.0169828
-0.0019,0.001974,0.0170078,-0.0019,0.001974,0.0169478
-0.002466,0.002044,0.0173828,-0.002466,0.002044,0.0173228
-0.002349,0.001685,0.0174648,-0.002349,0.001685,0.0174048
-0.001804,0.001657,0.0175488,-0.001804,0.001657,0.0174888
-0.002777,0.001644,0.0174238,-0.002777,0.001644,0.0173638
-0.002516,0.002444,0.0174908,-0.002516,0.002444,0.0174308
-0.002724,0.002245,0.0192458,-0.002724,0.002245,0.0191858
0.003406,0.000703,0.0195368,0.003406,0.000703,0.0194768
0.000835,-0.003447,0.0037268,0.0008355,-0.003449,0.0036873
0.000848,-0.003057,0.0037118,0.0008485,-0.0030587,0.0036726
0.003032,0.000736,0.0038348,0.0030338,0.0007364,0.0037953
-0.003343,0.001004,0.0044198,-0.0033452,0.0010047,0.0043786
-0.002504,0.001506,0.0045938,-0.0025057,0.001507,0.0045525
-0.00253,-0.002561,0.0045558,-0.0025317,-0.0025627,0.0045142
-0.002207,-0.002807,0.0044778,-0.0022084,-0.0028088,0.0044364
0.002171,-0.000596,0.0057648,0.002173,-0.0005965,0.005721
0.001614,-0.000707,0.0056348,0.0016155,-0.0007077,0.0055918
0.00164,-0.000586,0.0060738,0.0016417,-0.0005866,0.0060295
6.5e-05,-0.002991,0.0039738,6.5e-05,-0.0029928,0.0039341
-0.000161,-0.002927,0.0046618,-0.0001611,-0.002929,0.0046203
-0.000362,-0.002167,0.0050858,-0.0003623,-0.0021687,0.0050439
-4.2e-05,-0.001999,0.0056088,-4.2e-05,-0.0020009,0.0055656
-0.000381,-0.001476,0.0048208,-0.0003813,-0.0014771,0.0047803
-0.000382,-0.001839,0.0056358,-0.0003824,-0.0018408,0.0055927
-0.000515,-0.001783,0.0053498,-0.0005155,-0.0017846,0.0053075
-0.000341,-0.001444,0.0054808,-0.0003413,-0.0014453,0.0054386
-0.000906,-0.002413,0.0089248,-0.0009067,-0.0024149,0.0088735
-0.000596,-0.002547,0.0088978,-0.0005965,-0.002549,0.0088466
-0.000566,-0.002071,0.0089038,-0.0005665,-0.0020728,0.0088523
-0.000109,-0.002127,0.0089438,-0.0001091,-0.0021288,0.0088922
-0.000116,-0.002056,0.0093298,-0.0001161,-0.0020576,0.0092774
-0.000844,-0.002141,0.0091618,-0.0008447,-0.0021427,0.0091099
-0.000409,-0.001712,0.0088638,-0.0004094,-0.0017136,0.0088122
-0.000382,-0.002053,0.0091778,-0.0003823,-0.0020547,0.0091257
-0.000417,-0.002497,0.0093098,-0.0004173,-0.0024989,0.0092577
-0.0001,-0.002383,0.0092208,-0.0001001,-0.0023848,0.0091688
-0.000792,-0.002517,0.0092928,-0.0007926,-0.0025188,0.0092408
-0.000497,-0.001631,0.0091778,-0.0004974,-0.0016324,0.0091254
-0.000463,-0.002444,0.0097908,-0.0004633,-0.0024456,0.0097378
-0.000854,-0.00173,0.0089138,-0.0008548,-0.0017315,0.0088622
-0.000742,-0.001836,0.0092758,-0.0007426,-0.0018375,0.0092234
-0.000844,-0.002098,0.0098768,-0.0008446,-0.0020994,0.0098234
-0.00028,-0.000384,0.0103708,-0.00028,-0.0003841,0.0103146
-0.000608,-0.002313,0.0091298,-0.0006085,-0.0023148,0.009078
-0.000856,-0.002347,0.0096458,-0.0008566,-0.0023486,0.009593
0.003051,0.001123,0.0043778,0.003053,0.0011237,0.0043368
0.003389,0.00104,0.0044708,0.0033913,0.0010407,0.0044295
0.002683,-0.00018,0.0040478,0.0026846,-0.0001801,0.0040081
0.001469,-0.000674,0.0050248,0.0014702,-0.0006745,0.0049837
0.000787,-0.000457,0.0043348,0.0007876,-0.0004573,0.0042961
0.000628,-0.00014,0.0042948,0.0006285,-0.0001401,0.0042564
0.00229,0.002111,0.0187898,0.00229,0.002111,0.0187298
0.002738,0.002132,0.0187058,0.002738,0.002132,0.0186458
0.000576,0.003537,0.0188368,0.000576,0.003537,0.0187768
-0.000715,0.000139,0.0043318,-0.0007155,0.0001391,0.0042933
-0.000493,0.000387,0.0041588,-0.0004933,0.0003873,0.0041207
-0.000354,0.000187,0.0042978,-0.0003543,0.0001871,0.0042594
-0.000882,5.9e-05,0.0046238,-0.0008827,5.91e-05,0.0045844
-0.000507,0.000109,0.0046108,-0.0005074,0.0001091,0.0045716
-0.000911,-0.000279,0.0045158,-0.0009117,-0.0002792,0.0044766
-0.001202,-3.6e-05,0.0044018,-0.0012028,-3.6e-05,0.0043627
-0.001213,-0.000173,0.0046748,-0.0012139,-0.0001731,0.004635
-0.001462,6e-05,0.0056298,-0.0014634,6.01e-05,0.0055871
-0.001508,9.2e-05,0.0052658,-0.0015093,9.21e-05,0.0052241
-0.001192,0.000146,0.0053228,-0.0011931,0.0001461,0.0052813
-0.00171,0.000498,0.0052928,-0.0017115,0.0004984,0.0052507
-0.00187,-4.8e-05,0.0051288,-0.0018715,-4.8e-05,0.0050871
-0.00232,-0.000128,0.0060278,-0.0023222,-0.0001281,0.0059832
-0.001993,0.000441,0.0056058,-0.0019948,0.0004414,0.0055625
-0.001855,-5.8e-05,0.0058938,-0.0018568,-5.8e-05,0.00585
-0.00277,0.000422,0.0063918,-0.0027726,0.0004224,0.0063461
-0.002547,-0.000138,0.0057298,-0.0025492,-0.0001381,0.0056859
-0.002706,-0.000207,0.0061668,-0.0027085,-0.0002072,0.0061217
-0.00119,0.000319,0.0050328,-0.001191,0.0003193,0.0049921
-0.000606,8.2e-05,0.0051168,-0.0006066,8.21e-05,0.0050762
-0.000849,2.4e-05,0.0053818,-0.0008499,2.4e-05,0.0053404
-0.000468,3.9e-05,0.0053528,-0.0004686,3.91e-05,0.0053116
-0.000862,-0.000215,0.0056058,-0.0008629,-0.0002152,0.0055638
-0.00113,0.000668,0.0056708,-0.0011311,0.0006687,0.0056282
-0.001311,0.000505,0.0053088,-0.0013122,0.0005054,0.0052671
-0.001147,-5.1e-05,0.0051328,-0.001148,-5.11e-05,0.0050919
-0.001234,-0.000252,0.0057078,-0.0012353,-0.0002522,0.0056652
-0.001248,-0.000171,0.0054318,-0.0012491,-0.0001712,0.00539
-0.001215,0.000332,0.0056648,-0.0012162,0.0003323,0.0056223
-0.000626,0.00011,0.0056648,-0.0006267,0.0001101,0.0056227
-0.000498,0.000466,0.0055998,-0.0004985,0.0004665,0.0055579
-0.000857,0.000848,0.0055988,-0.0008579,0.0008488,0.0055565
-0.000286,0.000239,0.0056268,-0.0002864,0.0002393,0.0055848
-0.00084,0.000121,0.0059938,-0.000841,0.0001212,0.0059506
-0.00123,0.000125,0.0059638,-0.0012313,0.0001251,0.0059204
-0.000877,-0.000231,0.0060528,-0.000878,-0.0002313,0.0060094
-0.001362,0.000859,0.0055618,-0.0013633,0.0008598,0.0055192
-0.001171,0.000395,0.0060548,-0.0011723,0.0003954,0.0060111
-0.001204,0.000826,0.0059658,-0.0012053,0.0008269,0.0059221
-0.001186,0.000352,0.0064248,-0.0011874,0.0003524,0.0063799
-0.001114,-3.5e-05,0.0057948,-0.0011152,-3.5e-05,0.005752
-0.00124,-0.000601,0.0055568,-0.0012412,-0.0006016,0.0055145
-0.001156,-0.000158,0.0060318,-0.0011573,-0.0001582,0.0059882
-0.001369,3e-05,0.0062938,-0.0013706,3e-05,0.0062492
-0.001471,-0.000188,0.0059738,-0.0014726,-0.0001882,0.0059301
-0.002608,0.000245,0.0065458,-0.0026105,0.0002452,0.0064998
-0.002218,-1.4e-05,0.0067038,-0.0022203,-1.4e-05,0.0066575
-0.001876,1.6e-05,0.0068368,-0.0018781,1.6e-05,0.0067902
-0.002627,3.9e-05,0.0067518,-0.0026296,3.9e-05,0.0067053
-0.00241,-0.000397,0.0068078,-0.0024124,-0.0003974,0.0067611
-0.002173,4.5e-05,0.0070818,-0.0021753,4.51e-05,0.0070344
-0.003075,0.000519,0.0064608,-0.0030777,0.0005195,0.0064149
-0.002702,0.000436,0.0067878,-0.0027046,0.0004364,0.0067411
-0.003093,0.000541,0.0068188,-0.0030958,0.0005415,0.006772
-0.002735,0.000935,0.0067888,-0.0027376,0.0009359,0.0067421
-0.002755,0.000474,0.0070998,-0.0027576,0.0004744,0.0070524
-0.002571,-0.00072,0.0065358,-0.0025735,-0.0007207,0.0064898
-0.002787,-0.000352,0.0067668,-0.0027897,-0.0003524,0.0067202
-0.003021,-2.9e-05,0.0067328,-0.0030238,-2.9e-05,0.0066862
-0.003145,0.000888,0.0064568,-0.0031478,0.0008888,0.0064108
-0.003282,-6.5e-05,0.0065508,-0.0032849,-6.51e-05,0.0065046
-0.003571,-0.000475,0.0044638,-0.0035733,-0.0004753,0.0044224
-0.003095,-0.000633,0.0045938,-0.0030971,-0.0006334,0.0045523
-0.003295,7.7e-05,0.0047848,-0.0032973,7.71e-05,0.0047428
-0.003472,-0.000902,0.0044508,-0.0034743,-0.0009026,0.0044095
-0.003222,-0.000855,0.0044778,-0.0032241,-0.0008556,0.0044366
-0.003365,-0.001209,0.0044578,-0.0033672,-0.0012098,0.0044165
-0.002679,-0.000992,0.0046868,-0.0026809,-0.0009927,0.0046453
-0.003225,-0.00153,0.0044498,-0.0032271,-0.001531,0.0044085
-0.002435,-0.001286,0.0046658,-0.0024367,-0.0012869,0.0046245
-0.002918,-0.002144,0.0048238,-0.0029201,-0.0021455,0.0047815
-0.00288,-0.002144,0.0050928,-0.0028821,-0.0021455,0.0050499
-0.002555,-0.002239,0.0064958,-0.0025572,-0.0022409,0.0064497
-0.002385,-0.001718,0.0063968,-0.0023872,-0.0017195,0.006351
-0.002348,-0.002068,0.0067108,-0.0023501,-0.0020699,0.0066643
-0.002261,-0.001535,0.0067088,-0.0022632,-0.0015365,0.0066624
-0.00204,-0.002113,0.0068158,-0.0020419,-0.002115,0.0067691
-0.002088,-0.002013,0.0071588,-0.00209,-0.0020149,0.0071113
-0.002359,-0.002078,0.0070878,-0.0023612,-0.0020799,0.0070404
-0.002847,-0.001401,0.0068458,-0.0028496,-0.0014023,0.006799
-0.001841,0.003016,0.0044628,-0.0018422,0.003018,0.0044215
-0.001487,0.002932,0.0044568,-0.001488,0.0029339,0.0044156
-0.001204,0.00275,0.0045718,-0.0012048,0.0027518,0.0045305
-0.003042,0.001834,0.0045038,-0.003044,0.0018352,0.0044624
-0.00207,0.001999,0.0045908,-0.0020714,0.0020003,0.0045496
-0.00114,-0.002281,0.0179418,-0.00114,-0.002281,0.0178818
-0.000804,-0.001727,0.0181888,-0.000804,-0.001727,0.0181288
-0.001317,-0.001508,0.0177958,-0.001317,-0.001508,0.0177358
-0.001177,-0.00155,0.0181838,-0.001177,-0.00155,0.0181238
-0.000915,-0.001347,0.0181018,-0.000915,-0.001347,0.0180418
-0.000652,-0.001428,0.0181178,-0.000652,-0.001428,0.0180578
-0.000896,-0.001352,0.0174398,-0.000896,-0.001352,0.0173798
-0.001157,-0.00098,0.0178288,-0.001157,-0.00098,0.0177688
-0.001376,-0.000761,0.0178358,-0.001376,-0.000761,0.0177758
-0.001194,-0.000861,0.0181338,-0.001194,-0.000861,0.0180738
-0.001109,-0.001202,0.0182788,-0.001109,-0.001202,0.0182188
-0.001124,-0.001252,0.0176038,-0.001124,-0.001252,0.0175438
-0.000854,-0.003132,0.0170858,-0.000854,-0.003132,0.0170258
-0.0007,-0.002747,0.0172008,-0.0007,-0.002747,0.0171408
-0.000872,-0.002413,0.0170988,-0.000872,-0.002413,0.0170388
-0.000519,-0.002512,0.0170578,-0.000519,-0.002512,0.0169978
-0.000738,-0.001979,0.0171608,-0.000738,-0.001979,0.0171008
-0.000548,-0.002797,0.0174938,-0.000548,-0.002797,0.0174338
-0.001237,-0.00259,0.0172148,-0.001237,-0.00259,0.0171548
-0.001184,-0.002846,0.0169528,-0.001184,-0.002846,0.0168928
-0.001232,-0.003023,0.0164308,-0.001232,-0.003023,0.0163708
-0.000858,-0.003012,0.0164428,-0.000858,-0.003012,0.0163828
-0.000813,-0.002834,0.0168458,-0.000813,-0.002834,0.0167858
-0.001293,-0.002573,0.0163418,-0.001293,-0.002573,0.0162818
-0.001251,-0.002479,0.0168238,-0.001251,-0.002479,0.0167638
-0.00093,-0.002475,0.0145468,-0.00093,-0.002475,0.014487
-0.000585,-0.002482,0.0145568,-0.000585,-0.002482,0.014497
-0.00021,-0.00244,0.0146288,-0.00021,-0.00244,0.0145689
-0.000461,-0.002104,0.0145638,-0.000461,-0.002104,0.014504
-0.000791,-0.002083,0.0146928,-0.000791,-0.002083,0.0146329
-0.001179,-0.002136,0.0146908,-0.001179,-0.002136,0.0146309
-0.000492,-0.001758,0.0146268,-0.000492,-0.001758,0.014567
-0.000413,-0.001397,0.0145298,-0.000413,-0.001397,0.01447
-0.000573,-0.002091,0.0149248,-0.000573,-0.002091,0.0148649
-0.00043,-0.002523,0.0149678,-0.00043,-0.002523,0.0149079
-4.2e-05,-0.002467,0.0149548,-4.2e-05,-0.002467,0.0148949
-0.000811,-0.002433,0.0149258,-0.000811,-0.002433,0.0148659
-0.000614,-0.001614,0.0149118,-0.000614,-0.001614,0.0148519
-0.000395,-0.002437,0.0154368,-0.000395,-0.002437,0.0153768
-0.00094,-0.001721,0.0146398,-0.00094,-0.001721,0.0145799
-0.000783,-0.001849,0.0150708,-0.000783,-0.001849,0.0150109
-0.000896,-0.002157,0.0150438,-0.000896,-0.002157,0.0149839
-0.000755,-0.002022,0.0156238,-0.000755,-0.002022,0.0155638
-0.000976,-0.002447,0.0153548,-0.000976,-0.002447,0.0152948
-0.002152,-0.002906,0.0187848,-0.002152,-0.002906,0.0187248
-0.001866,-0.003039,0.0188338,-0.001866,-0.003039,0.0187738
0.001419,-0.001696,0.0177798,0.001419,-0.001696,0.0177198
0.001303,-0.001321,0.0177648,0.001303,-0.001321,0.0177048
0.001382,-0.001921,0.0180788,0.001382,-0.001921,0.0180188
0.001428,-0.002153,0.0183168,0.001428,-0.002153,0.0182568
0.000961,-0.001265,0.0175498,0.000961,-0.001265,0.0174898
0.00128,-0.001023,0.0181928,0.00128,-0.001023,0.0181328
0.001406,-0.001324,0.0181568,0.001406,-0.001324,0.0180968
0.000978,-0.001339,0.0180078,0.000978,-0.001339,0.0179478
0.00129,-0.001205,0.0174518,0.00129,-0.001205,0.0173918
0.000786,-0.001156,0.0177578,0.000786,-0.001156,0.0176978
0.000642,-0.001312,0.0180498,0.000642,-0.001312,0.0179898
0.001085,-0.002881,0.0170518,0.001085,-0.002881,0.0169918
0.001626,-0.00254,0.0171078,0.001626,-0.00254,0.0170478
0.0013,-0.002574,0.0169888,0.0013,-0.002574,0.0169288
0.00076,-0.002505,0.0171088,0.00076,-0.002505,0.0170488
0.001482,-0.002136,0.0169778,0.001482,-0.002136,0.0169178
0.001408,-0.002511,0.0175638,0.001408,-0.002511,0.0175038
0.000994,-0.002909,0.0174078,0.000994,-0.002909,0.0173478
0.001317,-0.002992,0.0168198,0.001317,-0.002992,0.0167598
0.001062,-0.002274,0.0170778,0.001062,-0.002274,0.0170178
0.001119,-0.002764,0.0176338,0.001119,-0.002764,0.0175738
0.000737,-0.002768,0.0174388,0.000737,-0.002768,0.0173788
0.000852,-0.003477,0.0188218,0.000852,-0.003477,0.0187618
0.001356,-0.000998,0.0186478,0.001356,-0.000998,0.0185878
0.001042,-0.000747,0.0184248,0.001042,-0.000747,0.0183648
0.001459,-0.00071,0.0184388,0.001459,-0.00071,0.0183788
0.001223,-0.001416,0.0188128,0.001223,-0.001416,0.0187528
0.00065,-0.000917,0.0185368,0.00065,-0.000917,0.0184768
0.000555,-0.001376,0.0186388,0.000555,-0.001376,0.0185788
0.0003,-0.000885,0.0185578,0.0003,-0.000885,0.0184978
0.000674,-0.000588,0.0184068,0.000674,-0.000588,0.0183468
-8e-05,-0.001048,0.0184318,-8e-05,-0.001048,0.0183718
0.000379,-0.000581,0.0186128,0.000379,-0.000581,0.0185528
0.00013,-0.001018,0.0188798,0.00013,-0.001018,0.0188198
0.000348,-0.001301,0.0191028,0.000348,-0.001301,0.0190428
0.000317,-0.001202,0.0182858,0.000317,-0.001202,0.0182258
0.000451,-0.001852,0.0178228,0.000451,-0.001852,0.0177628
0.000152,-0.001611,0.0177728,0.000152,-0.001611,0.0177128
0.000637,-0.001729,0.0181368,0.000637,-0.001729,0.0180768
0.000337,-0.00171,0.0181118,0.000337,-0.00171,0.0180518
-0.000133,-0.00161,0.0183038,-0.000133,-0.00161,0.0182438
0.000451,-0.002207,0.0177758,0.000451,-0.002207,0.0177158
-9.2e-05,-0.002202,0.0182388,-9.2e-05,-0.002202,0.0181788
0.000214,-0.00287,0.0171198,0.000214,-0.00287,0.0170598
0.000704,-0.002941,0.0170838,0.000704,-0.002941,0.0170238
0.00033,-0.002525,0.0170098,0.00033,-0.002525,0.0169498
0.000757,-0.002135,0.0172598,0.000757,-0.002135,0.0171998
0.0002,-0.003,0.0174128,0.0002,-0.003,0.0173528
-8.3e-05,-0.00251,0.0170608,-8.3e-05,-0.00251,0.0170008
0.000139,-0.002076,0.0170128,0.000139,-0.002076,0.0169528
0.000375,-0.002385,0.0175258,0.000375,-0.002385,0.0174658
0.000379,-0.002751,0.0176168,0.000379,-0.002751,0.0175568
-0.001491,-0.003239,0.0188298,-0.001491,-0.003239,0.0187698
-0.001132,-0.003404,0.0188108,-0.001132,-0.003404,0.0187508
-0.001065,-0.003125,0.0188818,-0.001065,-0.003125,0.0188218
-0.000696,-0.001174,0.0186268,-0.000696,-0.001174,0.0185668
-0.000901,-0.00099,0.0185588,-0.000901,-0.00099,0.0184988
-0.000536,-0.000989,0.0184698,-0.000536,-0.000989,0.0184098
-0.000963,-0.000702,0.0184898,-0.000963,-0.000702,0.0184298
-0.001268,-0.00102,0.0189668,-0.001268,-0.00102,0.0189068
0.001383,0.00287,0.0044428,0.0013839,0.0028719,0.0044017
0.001706,0.00262,0.0044678,0.0017071,0.0026217,0.0044267
0.001355,0.00324,0.0044958,0.0013559,0.0032422,0.0044544
0.001731,0.001067,0.0178728,0.001731,0.001067,0.0178128
0.001675,0.001274,0.0175988,0.001675,0.001274,0.0175388
0.002112,0.00121,0.0181218,0.002112,0.00121,0.0180618
0.001801,0.000612,0.0177718,0.001801,0.000612,0.0177118
0.001654,0.000459,0.0181778,0.001654,0.000459,0.0181178
0.001316,0.001268,0.0176868,0.001316,0.001268,0.0176268
0.001454,0.001583,0.0176718,0.001454,0.001583,0.0176118
0.001326,0.001197,0.0180018,0.001326,0.001197,0.0179418
0.001016,0.000714,0.0182258,0.001016,0.000714,0.0181658
0.001354,0.000778,0.0185528,0.001354,0.000778,0.0184928
0.000818,0.000861,0.0179668,0.000818,0.000861,0.0179068
0.000853,0.001156,0.0181848,0.000853,0.001156,0.0181248
0.001088,0.001492,0.0181968,0.001088,0.001492,0.0181368
0.000893,0.00081,0.0185338,0.000893,0.00081,0.0184738
0.000564,0.00038,0.0160958,0.000564,0.00038,0.0160358
0.001252,0.000912,0.0163238,0.001252,0.000912,0.0162638
0.000568,0.000691,0.0158108,0.000568,0.000691,0.0157508
0.000937,0.001238,0.0159398,0.000937,0.001238,0.0158798
0.000937,0.000754,0.0162478,0.000937,0.000754,0.0161878
0.001126,0.000557,0.0164828,0.001126,0.000557,0.0164228
0.001495,0.000509,0.0163458,0.001495,0.000509,0.0162858
0.000701,0.000504,0.0163798,0.000701,0.000504,0.0163198
0.001048,-0.000241,0.0164068,0.001048,-0.000241,0.0163468
0.001249,0.000527,0.0168848,0.001249,0.000527,0.0168248
0.000685,0.000772,0.0160718,0.000685,0.000772,0.0160118
0.000736,0.001084,0.0158418,0.000736,0.001084,0.0157818
0.000584,0.000848,0.0163478,0.000584,0.000848,0.0162878
0.000194,0.000922,0.0163098,0.000194,0.000922,0.0162498
0.000661,0.00112,0.0164688,0.000661,0.00112,0.0164088
0.000617,0.000708,0.0168678,0.000617,0.000708,0.0168078
0.000275,0.000581,0.0163688,0.000275,0.000581,0.0163088
0.002431,0.000912,0.0171028,0.002431,0.000912,0.0170428
0.002823,0.000769,0.0170908,0.002823,0.000769,0.0170308
0.002858,0.001158,0.0169798,0.002858,0.001158,0.0169198
0.002576,0.001313,0.0170888,0.002576,0.001313,0.0170288
0.002409,0.001167,0.0168258,0.002409,0.001167,0.0167658
0.002761,0.000981,0.0164278,0.002761,0.000981,0.0163678
0.003007,0.001147,0.0165918,0.003007,0.001147,0.0165318
0.002652,0.001276,0.0163178,0.002652,0.001276,0.0162578
0.003012,0.000752,0.0166758,0.003012,0.000752,0.0166158
0.002533,0.001161,0.0165628,0.002533,0.001161,0.0165028
0.002508,0.001509,0.0164258,0.002508,0.001509,0.0163658
0.002703,0.00065,0.0164988,0.002703,0.00065,0.0164388
0.00202,0.000364,0.0145618,0.00202,0.000364,0.014502
0.002392,0.0005,0.0145788,0.002392,0.0005,0.0145189
0.00259,0.000831,0.0145458,0.00259,0.000831,0.014486
0.002962,0.000764,0.0145938,0.002962,0.000764,0.0145339
0.002073,0.00071,0.0147048,0.002073,0.00071,0.0146449
0.001753,0.00081,0.0146068,0.001753,0.00081,0.014547
0.002602,0.001187,0.0146778,0.002602,0.001187,0.0146179
0.002462,0.000489,0.0149728,0.002462,0.000489,0.0149129
0.002802,0.000463,0.0149848,0.002802,0.000463,0.0149249
0.002072,0.000467,0.0150018,0.002072,0.000467,0.0149419
0.001697,0.000447,0.0147728,0.001697,0.000447,0.0147129
0.002344,0.000131,0.0149838,0.002344,0.000131,0.0149239
0.002538,0.000548,0.0155048,0.002538,0.000548,0.0154448
0.002282,0.001083,0.0147088,0.002282,0.001083,0.0146489
0.002025,0.001467,0.0146738,0.002025,0.001467,0.0146139
0.002026,0.000869,0.0150108,0.002026,0.000869,0.0149509
0.001733,0.000674,0.0150758,0.001733,0.000674,0.0150158
0.002114,0.001198,0.0149488,0.002114,0.001198,0.0148889
0.002065,0.000947,0.0154468,0.002065,0.000947,0.0153868
0.00204,-3.6e-05,0.0149208,0.00204,-3.6e-05,0.0148609
0.002084,-0.000368,0.0149368,0.002084,-0.000368,0.0148769
0.001944,0.000641,0.0153808,0.001944,0.000641,0.0153208
0.003464,0.000778,0.0188188,0.003464,0.000778,0.0187588
0.000574,0.001153,0.0184338,0.000574,0.001153,0.0183738
0.00109,-0.000238,0.0185008,0.00109,-0.000238,0.0184408
0.000905,0.000137,0.0186948,0.000905,0.000137,0.0186348
0.001317,9.6e-05,0.0185468,0.001317,9.6e-05,0.0184868
0.001452,7.9e-05,0.0188698,0.001452,7.9e-05,0.0188098
0.001107,0.000445,0.0185498,0.001107,0.000445,0.0184898
0.000705,0.000458,0.0186298,0.000705,0.000458,0.0185698
0.001029,0.000151,0.0190818,0.001029,0.000151,0.0190218
0.001709,-0.00015,0.0177698,0.001709,-0.00015,0.0177098
0.001678,0.000263,0.0178678,0.001678,0.000263,0.0178078
0.002066,-2.3e-05,0.0181508,0.002066,-2.3e-05,0.0180908
0.00178,4.2e-05,0.0180438,0.00178,4.2e-05,0.0179838
0.001729,0.00011,0.0183598,0.001729,0.00011,0.0182998
0.001677,-0.000257,0.0181618,0.001677,-0.000257,0.0181018
0.002574,0.000143,0.0171008,0.002574,0.000143,0.0170408
0.002861,-1.7e-05,0.0170218,0.002861,-1.7e-05,0.0169618
0.002801,0.000392,0.0171238,0.002801,0.000392,0.0170638
0.002445,0.000501,0.0170728,0.002445,0.000501,0.0170128
0.00299,0.000518,0.0174448,0.00299,0.000518,0.0173848
0.002803,5.3e-05,0.0174028,0.002803,5.3e-05,0.0173428
0.002982,-0.000365,0.0173088,0.002982,-0.000365,0.0172488
0.002539,0.000219,0.0176458,0.002539,0.000219,0.0175858
-0.002241,-0.002578,0.0188368,-0.002241,-0.002578,0.0187768
-0.00318,-0.001561,0.0188218,-0.00318,-0.001561,0.0187618
-0.001568,-0.001427,0.0181648,-0.001568,-0.001427,0.0181048
-0.001815,-0.001242,0.0176528,-0.001815,-0.001242,0.0175928
-0.002629,-0.001531,0.0170518,-0.002629,-0.001531,0.0169918
-0.002133,-0.001595,0.0171628,-0.002133,-0.001595,0.0171028
-0.002316,-0.001493,0.0174368,-0.002316,-0.001493,0.0173768
-0.002043,-0.001087,0.0172218,-0.002043,-0.001087,0.0171618
-0.002778,-0.000817,0.0171128,-0.002778,-0.000817,0.0170528
-0.002364,-0.000706,0.0171958,-0.002364,-0.000706,0.0171358
-0.001962,-0.001432,0.0174358,-0.001962,-0.001432,0.0173758
-0.002657,-0.001153,0.0171718,-0.002657,-0.001153,0.0171118
-0.002587,-0.000919,0.0174278,-0.002587,-0.000919,0.0173678
-0.002588,-0.001302,0.0176858,-0.002588,-0.001302,0.0176258
-0.002632,-0.001273,0.0169378,-0.002632,-0.001273,0.0168778
-0.003394,-0.001094,0.0188118,-0.003394,-0.001094,0.0187518
-0.001598,-0.000263,0.0178158,-0.001598,-0.000263,0.0177558
-0.001544,-0.000694,0.0182968,-0.001544,-0.000694,0.0182368
-0.001255,-0.000326,0.0178208,-0.001255,-0.000326,0.0177608
-0.002043,-0.00022,0.0182948,-0.002043,-0.00022,0.0182348
-0.001819,-0.000506,0.0176738,-0.001819,-0.000506,0.0176138
-0.002656,-0.000609,0.0173038,-0.002656,-0.000609,0.0172438
-0.002079,-0.000742,0.0172108,-0.002079,-0.000742,0.0171508
-0.002238,-0.000212,0.0171168,-0.002238,-0.000212,0.0170568
-0.001863,-0.000365,0.0171868,-0.001863,-0.000365,0.0171268
-0.002306,0.000202,0.0171018,-0.002306,0.000202,0.0170418
-0.002402,-0.000278,0.0174808,-0.002402,-0.000278,0.0174208
-0.002693,0.000162,0.0170658,-0.002693,0.000162,0.0170058
-0.002783,-0.000335,0.0174128,-0.002783,-0.000335,0.0173528
-0.002688,7.6e-05,0.0174378,-0.002688,7.6e-05,0.0173778
-0.002566,-0.000543,0.0176168,-0.002566,-0.000543,0.0175568
-0.002469,-0.000582,0.0169558,-0.002469,-0.000582,0.0168958
-0.003049,-0.000643,0.0164718,-0.003049,-0.000643,0.0164118
-0.002609,-0.000184,0.0165258,-0.002609,-0.000184,0.0164658
-0.003035,-0.000583,0.0168708,-0.003035,-0.000583,0.0168108
-0.002708,-0.000611,0.0168058,-0.002708,-0.000611,0.0167458
-0.00322,-0.00047,0.0162518,-0.00322,-0.00047,0.0161918
-0.001808,0.000253,0.0180758,-0.001808,0.000253,0.0180158
-0.001568,0.000256,0.0179308,-0.001568,0.000256,0.0178708
-0.00154,8e-06,0.0182458,-0.00154,8e-06,0.0181858
-0.001168,0.000127,0.0182758,-0.001168,0.000127,0.0182158
-0.001855,-5.3e-05,0.0179358,-0.001855,-5.3e-05,0.0178758
-0.000818,1.7e-05,0.0182558,-0.000818,1.7e-05,0.0181958
-0.000412,4.3e-05,0.0181048,-0.000412,4.3e-05,0.0180448
-0.000646,-0.000292,0.0181578,-0.000646,-0.000292,0.0180978
-0.000745,0.000173,0.0186198,-0.000745,0.000173,0.0185598
-0.001131,0.000913,0.0177828,-0.001131,0.000913,0.0177228
-0.00133,0.000432,0.0181498,-0.00133,0.000432,0.0180898
-0.001194,0.000784,0.0182628,-0.001194,0.000784,0.0182028
-0.001053,-0.000149,0.0179608,-0.001053,-0.000149,0.0179008
-0.001062,-0.000252,0.0182528,-0.001062,-0.000252,0.0181928
-0.001228,0.000195,0.0175598,-0.001228,0.000195,0.0174998
-0.002014,0.00013,0.0169538,-0.002014,0.00013,0.0168938
-0.002148,0.000521,0.0171388,-0.002148,0.000521,0.0170788
-0.00226,3.6e-05,0.0174688,-0.00226,3.6e-05,0.0174088
-0.002181,0.000899,0.0170518,-0.002181,0.000899,0.0169918
-0.002758,0.000786,0.0172808,-0.002758,0.000786,0.0172208
-0.002862,0.000427,0.0175368,-0.002862,0.000427,0.0174768
-0.002531,-9.3e-05,0.0171608,-0.002531,-9.3e-05,0.0171008
-0.002983,-7e-06,0.0175228,-0.002983,-7e-06,0.0174628
-0.003234,0.000689,0.0187068,-0.003234,0.000689,0.0186468
-0.001497,0.00071,0.0180748,-0.001497,0.00071,0.0180148
-0.001239,0.001243,0.0176278,-0.001239,0.001243,0.0175678
-0.001659,0.001346,0.0181248,-0.001659,0.001346,0.0180648
-0.00246,0.000966,0.0171888,-0.00246,0.000966,0.0171288
-0.00239,0.001249,0.0171718,-0.00239,0.001249,0.0171118
-0.002078,0.001257,0.0170558,-0.002078,0.001257,0.0169958
-0.002725,0.001164,0.0170838,-0.002725,0.001164,0.0170238
-0.00249,0.000683,0.0172958,-0.00249,0.000683,0.0172358
-0.003084,0.000753,0.0173848,-0.003084,0.000753,0.0173248
-0.002644,0.000738,0.0169298,-0.002644,0.000738,0.0168698
-0.002816,0.001108,0.0187748,-0.002816,0.001108,0.0187148
-0.000637,0.000916,0.0184868,-0.000637,0.000916,0.0184268
-0.000809,0.001244,0.0184438,-0.000809,0.001244,0.0183838
-0.000394,0.00114,0.0185278,-0.000394,0.00114,0.0184678
-0.001377,0.001083,0.0180208,-0.001377,0.001083,0.0179608
-0.001179,0.000633,0.0185998,-0.001179,0.000633,0.0185398
0.002466,-0.001554,0.0169848,0.002466,-0.001554,0.0169248
0.002862,-0.001497,0.0170328,0.002862,-0.001497,0.0169728
0.002843,-0.000987,0.0169728,0.002843,-0.000987,0.0169128
0.002397,-0.001061,0.0169468,0.002397,-0.001061,0.0168868
0.003001,-0.000672,0.0171428,0.003001,-0.000672,0.0170828
0.002849,-0.001347,0.0174628,0.002849,-0.001347,0.0174028
0.002459,-0.001299,0.0175328,0.002459,-0.001299,0.0174728
0.002528,-0.001005,0.0172198,0.002528,-0.001005,0.0171598
0.002422,-0.000775,0.0170638,0.002422,-0.000775,0.0170038
0.002524,-0.001379,0.0164468,0.002524,-0.001379,0.0163868
0.002757,-0.001148,0.0164678,0.002757,-0.001148,0.0164078
0.00298,-0.000599,0.0163518,0.00298,-0.000599,0.0162918
0.00288,-0.001254,0.0167448,0.00288,-0.001254,0.0166848
0.00248,-0.0014,0.0167178,0.00248,-0.0014,0.0166578
0.002566,-0.00128,0.0169308,0.002566,-0.00128,0.0168708
0.002408,-0.000809,0.0167168,0.002408,-0.000809,0.0166568
0.002207,-0.000983,0.0146968,0.002207,-0.000983,0.0146369
0.002431,-0.001061,0.0144838,0.002431,-0.001061,0.014424
0.002383,-0.000641,0.0145568,0.002383,-0.000641,0.014497
0.001999,-0.000799,0.0144858,0.001999,-0.000799,0.014426
0.002323,-0.000212,0.0146908,0.002323,-0.000212,0.0146309
0.00232,-0.000675,0.0149318,0.00232,-0.000675,0.0148719
0.002429,-0.0011,0.0148768,0.002429,-0.0011,0.0148169
0.0021,-0.001142,0.0150318,0.0021,-0.001142,0.0149718
0.001722,-0.000953,0.0150228,0.001722,-0.000953,0.0149629
0.002451,-0.001051,0.0152188,0.002451,-0.001051,0.0151588
0.00209,-0.000496,0.0146558,0.00209,-0.000496,0.0145959
0.001932,-0.000743,0.0148728,0.001932,-0.000743,0.0148129
0.001586,-0.000694,0.0148248,0.001586,-0.000694,0.0147649
0.002084,-0.000587,0.0154168,0.002084,-0.000587,0.0153568
0.001932,-0.001433,0.0149228,0.001932,-0.001433,0.0148629
0.002071,-0.001146,0.0154168,0.002071,-0.001146,0.0153568
0.003011,-0.001061,0.0187528,0.003011,-0.001061,0.0186928
0.003372,-0.00112,0.0188128,0.003372,-0.00112,0.0187528
0.002696,-0.000905,0.0187428,0.002696,-0.000905,0.0186828
0.000902,-0.000545,0.0186098,0.000902,-0.000545,0.0185498
0.001251,-0.000546,0.0186168,0.001251,-0.000546,0.0185568
0.00148,-0.000681,0.0180718,0.00148,-0.000681,0.0180118
0.000626,-0.000386,0.0185738,0.000626,-0.000386,0.0185138
0.001657,-0.000507,0.0178328,0.001657,-0.000507,0.0177728
0.00188,-0.000541,0.0175578,0.00188,-0.000541,0.0174978
0.002493,-0.000445,0.0172298,0.002493,-0.000445,0.0171698
0.002713,-0.000632,0.0172168,0.002713,-0.000632,0.0171568
0.002774,-0.000359,0.0169478,0.002774,-0.000359,0.0168878
0.002431,-0.000194,0.0170738,0.002431,-0.000194,0.0170138
0.002993,-0.000695,0.0167488,0.002993,-0.000695,0.0166888
0.002612,-0.000604,0.0169008,0.002612,-0.000604,0.0168408
-0.002284,0.00218,0.0044438,-0.0022855,0.0021814,0.0044027
-0.001666,0.002387,0.0046188,-0.0016671,0.0023886,0.0045775
-0.001428,0.002605,0.0040478,-0.0014289,0.0026066,0.0040079
-0.001104,0.002647,0.0041308,-0.0011047,0.0026486,0.0040907
-0.000895,0.002771,0.0046428,-0.0008956,0.0027729,0.0046014
0.0027,-0.001585,0.0188038,0.0027,-0.001585,0.0187438
-0.000334,0.00319,0.0046758,-0.0003342,0.0031922,0.0046341
3.9e-05,0.003246,0.0045728,3.9e-05,0.0032482,0.0045313
-0.000182,0.001706,0.0050098,-0.0001821,0.0017073,0.0049686
-4.3e-05,0.001573,0.0047598,-4.3e-05,0.0015741,0.0047194
-8.4e-05,0.0019,0.0056428,-8.41e-05,0.0019018,0.0055996
-6.6e-05,0.001591,0.0053148,-6.61e-05,0.0015924,0.0052729
-0.000421,0.001669,0.0052488,-0.0004214,0.0016704,0.005207
-0.00042,0.001981,0.0057008,-0.0004204,0.0019829,0.0056573
-0.000531,0.001504,0.0057618,-0.0005315,0.0015055,0.0057186
-0.000636,0.002838,0.0063728,-0.0006366,0.0028406,0.0063271
-0.00036,0.002985,0.0064828,-0.0003603,0.0029877,0.0064368
-0.000485,0.002986,0.0068738,-0.0004854,0.0029888,0.0068269
4.2e-05,0.002999,0.0071058,4.2e-05,0.0030018,0.0070584
-0.000911,0.003059,0.0067758,-0.0009118,0.0030617,0.0067291
-0.001118,0.003348,0.0044998,-0.0011187,0.0033502,0.0044584
0.003034,-0.001099,0.0041208,0.0030359,-0.0010997,0.0040805
0.003409,-0.001139,0.0041808,0.0034112,-0.0011397,0.0041401
0.003079,-0.001462,0.0044968,0.003081,-0.0014629,0.0044555
0.001964,0.002886,0.0188968,0.001964,0.002886,0.0188368
7.4e-05,-0.003393,0.0044558,7.4e-05,-0.0033953,0.0044146
0.000368,-0.00331,0.0043608,0.0003682,-0.0033121,0.0043199
0.001354,-0.002686,0.0040358,0.0013548,-0.0026876,0.0039959
0.001259,-0.003033,0.0044498,0.0012598,-0.003035,0.0044086
0.002298,0.002198,0.0044598,0.0022995,0.0021995,0.0044186
0.002747,0.002238,0.0045098,0.0027488,0.0022395,0.0044683
0.002568,0.001985,0.0045338,0.0025697,0.0019863,0.0044924
0.002804,-0.002106,0.0044318,0.0028058,-0.0021074,0.0043906
0.002743,-0.0016,0.0044408,0.0027448,-0.0016011,0.0043997
0.001594,-0.003115,0.0045068,0.0015951,-0.0031171,0.0044654
0.001983,-0.002944,0.0045238,0.0019844,-0.002946,0.0044823
0.002319,-0.002682,0.0044808,0.0023205,-0.0026838,0.0044394
0.003485,0.00072,0.0045498,0.0034873,0.0007205,0.0045083
-0.000411,-0.001942,0.0179258,-0.000411,-0.001942,0.0178658
-0.000136,-0.001684,0.0179628,-0.000136,-0.001684,0.0179028
-0.000107,-0.001371,0.0178438,-0.000107,-0.001371,0.0177838
-0.000398,-0.001598,0.0181128,-0.000398,-0.001598,0.0180528
-0.000329,-0.002223,0.0180188,-0.000329,-0.002223,0.0179588
-0.000506,-0.002961,0.0171498,-0.000506,-0.002961,0.0170898
-0.000126,-0.002874,0.0171698,-0.000126,-0.002874,0.0171098
-0.000375,-0.002681,0.0172488,-0.000375,-0.002681,0.0171888
-0.000602,-0.002174,0.0167728,-0.000602,-0.002174,0.0167128
-0.000329,-0.002707,0.0177278,-0.000329,-0.002707,0.0176678
-0.000158,-0.003321,0.0187848,-0.000158,-0.003321,0.0187248
-9.8e-05,-0.001317,0.0189938,-9.8e-05,-0.001317,0.0189338
4.4e-05,-0.000673,0.0185388,4.4e-05,-0.000673,0.0184788
-0.000362,-0.001135,0.0186168,-0.000362,-0.001135,0.0185568
-0.000629,-0.000684,0.0184378,-0.000629,-0.000684,0.0183778
-0.000434,-0.001216,0.0190828,-0.000434,-0.001216,0.0190228
-0.000437,-0.001288,0.0183568,-0.000437,-0.001288,0.0182968
0.001254,0.001621,0.0178938,0.001254,0.001621,0.0178338
0.001314,0.001857,0.0181088,0.001314,0.001857,0.0180488
0.001223,0.001526,0.0173698,0.001223,0.001526,0.0173098
0.000873,0.001669,0.0178308,0.000873,0.001669,0.0177708
0.000763,0.001577,0.0181218,0.000763,0.001577,0.0180618
0.000778,0.001427,0.0174728,0.000778,0.001427,0.0174128
0.001017,0.002163,0.0170888,0.001017,0.002163,0.0170288
0.001422,0.002211,0.0169908,0.001422,0.002211,0.0169308
0.001279,0.002191,0.0172448,0.001279,0.002191,0.0171848
0.001032,0.002589,0.0172168,0.001032,0.002589,0.0171568
0.000683,0.002783,0.0171828,0.000683,0.002783,0.0171228
0.001157,0.002906,0.0170158,0.001157,0.002906,0.0169558
0.001362,0.002245,0.0163188,0.001362,0.002245,0.0162588
0.001744,0.002359,0.0164448,0.001744,0.002359,0.0163848
0.001423,0.002662,0.0162498,0.001423,0.002662,0.0161898
0.001061,0.002637,0.0163048,0.001061,0.002637,0.0162448
0.0015,0.002162,0.0166888,0.0015,0.002162,0.0166288
0.001032,0.002548,0.0166628,0.001032,0.002548,0.0166028
0.00068,0.001747,0.0146248,0.00068,0.001747,0.014565
0.00072,0.002131,0.0146688,0.00072,0.002131,0.0146089
0.000911,0.0019,0.0146718,0.000911,0.0019,0.0146119
0.001056,0.002244,0.0146418,0.001056,0.002244,0.0145819
0.001384,0.002156,0.0147118,0.001384,0.002156,0.0146519
0.000305,0.00208,0.0146338,0.000305,0.00208,0.0145739
0.001027,0.002657,0.0147398,0.001027,0.002657,0.0146799
0.000997,0.0018,0.0149688,0.000997,0.0018,0.0149089
0.001259,0.001881,0.0149908,0.001259,0.001881,0.0149309
0.000757,0.001872,0.0149668,0.000757,0.001872,0.0149069
0.000162,0.00183,0.0148818,0.000162,0.00183,0.0148219
0.001041,0.001424,0.0149168,0.001041,0.001424,0.0148569
0.001015,0.001943,0.0152008,0.001015,0.001943,0.0151408
0.00071,0.002576,0.0146378,0.00071,0.002576,0.0145779
0.000668,0.002175,0.0150598,0.000668,0.002175,0.0149998
0.000227,0.002164,0.0150448,0.000227,0.002164,0.0149849
-5.2e-05,0.002296,0.0147918,-5.2e-05,0.002296,0.0147319
0.000749,0.002578,0.0150558,0.000749,0.002578,0.0149958
0.000729,0.002052,0.0153598,0.000729,0.002052,0.0152998
0.000612,0.001462,0.0150108,0.000612,0.001462,0.0149509
0.002627,-0.002431,0.0044988,0.0026287,-0.0024326,0.0044574
0.00061,-0.003484,0.0191148,0.00061,-0.003484,0.0190548
0.000618,-0.003118,0.0191418,0.000618,-0.003118,0.0190818
0.001563,-0.003123,0.0188248,0.001563,-0.003123,0.0187648
0.001921,-0.003004,0.0188248,0.001921,-0.003004,0.0187648
-0.002377,0.002595,0.0044588,-0.0023786,0.0025967,0.0044175
0.000918,-0.003452,0.0045388,0.0009186,-0.0034543,0.0044973
0.000893,-0.003021,0.0044138,0.0008936,-0.003023,0.0043728
8.4e-05,0.003211,0.0187198,8.4e-05,0.003211,0.0186598
-0.002688,-0.001046,0.0067488,-0.0026905,-0.001047,0.0067022
-0.003188,0.000154,0.0071138,-0.0031909,0.0001541,0.0070663
-0.003078,0.000436,0.0071048,-0.0030808,0.0004364,0.0070574
-0.003067,1.5e-05,0.0074368,-0.0030697,1.5e-05,0.0073886
-0.003083,0.000865,0.0071738,-0.0030858,0.0008658,0.0071262
-0.003063,0.000476,0.0076948,-0.0030656,0.0004764,0.0076461
-0.002712,-3e-05,0.0074418,-0.0027145,-3e-05,0.0073936
-0.003107,0.000155,0.0078418,-0.0031096,0.0001551,0.0077928
-0.003283,-0.000129,0.0072278,-0.0032859,-0.0001291,0.0071801
-0.003305,-0.001388,0.0047628,-0.0033073,-0.0013889,0.0047207
-0.003097,-0.001636,0.0047618,-0.0030991,-0.0016371,0.0047197
-0.001103,-0.001475,0.0051698,-0.0011039,-0.0014762,0.005128
-0.000634,-0.00129,0.0050808,-0.0006345,-0.0012911,0.0050397
-0.000805,-0.00142,0.0053028,-0.0008057,-0.0014213,0.0052609
-0.000625,-0.001441,0.0055248,-0.0006256,-0.0014424,0.0054824
-0.001133,-0.001206,0.0049318,-0.0011339,-0.0012069,0.0048909
-0.0011,-0.000961,0.0056858,-0.0011011,-0.000962,0.005643
-0.001073,-0.000882,0.0052338,-0.0010739,-0.0008828,0.0051924
-0.001069,-0.001383,0.0055908,-0.00107,-0.0013843,0.0055479
-0.001291,-0.001179,0.0059218,-0.0012923,-0.0011802,0.0058779
-0.001908,-0.001512,0.0065718,-0.0019099,-0.0015135,0.0065257
-0.002634,-0.001155,0.0064208,-0.0026364,-0.001156,0.006375
-0.002658,-0.001087,0.0070908,-0.0026605,-0.001088,0.0070434
-0.002527,-0.00255,0.0048558,-0.0025288,-0.0025518,0.0048135
-0.002268,-0.002719,0.0048288,-0.0022696,-0.0027209,0.0047866
0.001266,0.002907,0.0188978,0.001266,0.002907,0.0188378
0.001364,0.003275,0.0187448,0.001364,0.003275,0.0186848
0.001428,0.00261,0.0187518,0.001428,0.00261,0.0186918
0.001356,0.002548,0.0190468,0.001356,0.002548,0.0189868
-0.001815,-0.003065,0.0181028,-0.001815,-0.003065,0.0180428
-0.001542,-0.001694,0.0170878,-0.001542,-0.001694,0.0170278
-0.001544,-0.002129,0.0175368,-0.001544,-0.002129,0.0174768
-0.001102,-0.001751,0.0171748,-0.001102,-0.001751,0.0171148
-0.00138,-0.001778,0.0174278,-0.00138,-0.001778,0.0173678
-0.001983,-0.001759,0.0174868,-0.001983,-0.001759,0.0174268
-0.001707,-0.002328,0.0171208,-0.001707,-0.002328,0.0170608
-0.001623,-0.00255,0.0163318,-0.001623,-0.00255,0.0162718
-0.001878,-0.002359,0.0164138,-0.001878,-0.002359,0.0163538
-0.001462,-0.002059,0.0163478,-0.001462,-0.002059,0.0162878
-0.001837,-0.002755,0.0162088,-0.001837,-0.002755,0.0161488
-0.002925,0.001096,0.0047968,-0.0029271,0.0010968,0.0047548
-0.000458,0.001091,0.0050048,-0.0004584,0.0010919,0.0049642
-0.000823,0.001299,0.0055368,-0.0008238,0.0013002,0.0054943
-0.00121,0.001299,0.0053248,-0.001211,0.0013001,0.0052827
-0.001251,0.001231,0.0055988,-0.0012522,0.0012321,0.0055559
-0.000977,0.000661,0.0051618,-0.0009779,0.0006616,0.0051208
-0.001719,0.001129,0.0060758,-0.0017207,0.0011301,0.0060313
-0.001599,0.001713,0.0060718,-0.0016005,0.0017146,0.0060271
-0.001836,0.001175,0.0057508,-0.0018377,0.0011761,0.0057071
-0.002016,0.001264,0.0061908,-0.0020179,0.0012652,0.0061458
-0.00178,0.000614,0.0058338,-0.0017817,0.0006146,0.0057901
-0.002479,0.001221,0.0068088,-0.0024814,0.0012222,0.0067621
-0.002816,0.001268,0.0067908,-0.0028186,0.0012691,0.0067441
-0.002678,0.001234,0.0071088,-0.0026805,0.0012351,0.0070613
-0.002551,0.000642,0.0065748,-0.0025535,0.0006426,0.0065287
-0.002766,0.000833,0.0071788,-0.0027686,0.0008338,0.0071312
-0.003549,0.00067,0.0047218,-0.0035514,0.0006705,0.0046798
-0.00329,0.000655,0.0047868,-0.0032923,0.0006555,0.0047448
-0.002848,-0.00221,0.0180358,-0.002848,-0.00221,0.0179758
-0.002589,-0.002401,0.0180738,-0.002589,-0.002401,0.0180138
-0.002705,-0.001934,0.0162978,-0.002705,-0.001934,0.0162378
-0.002176,-0.002201,0.0163738,-0.002176,-0.002201,0.0163138
-0.00236,-0.00186,0.0163478,-0.00236,-0.00186,0.0162878
-0.003052,-0.001776,0.0163788,-0.003052,-0.001776,0.0163188
-0.00219,-0.001905,0.0167598,-0.00219,-0.001905,0.0166998
-0.002666,-0.001647,0.0163588,-0.002666,-0.001647,0.0162988
-0.002938,-0.001509,0.0164738,-0.002938,-0.001509,0.0164138
-0.002896,-0.00184,0.0167488,-0.002896,-0.00184,0.0166888
-0.002622,-0.002294,0.0164428,-0.002622,-0.002294,0.0163828
-0.003275,0.001453,0.0184808,-0.003275,0.001453,0.0184208
-0.001067,0.001545,0.0176758,-0.001067,0.001545,0.0176158
-0.001127,0.001723,0.0179228,-0.001127,0.001723,0.0178628
-0.000612,0.001764,0.0178718,-0.000612,0.001764,0.0178118
-0.000662,0.001529,0.0181398,-0.000662,0.001529,0.0180798
-0.001197,0.00183,0.0175578,-0.001197,0.00183,0.0174978
-0.001123,0.00165,0.0182548,-0.001123,0.00165,0.0181948
-0.00199,0.001571,0.0169758,-0.00199,0.001571,0.0169158
-0.001632,0.001623,0.0169848,-0.001632,0.001623,0.0169248
-0.001543,0.001929,0.0170978,-0.001543,0.001929,0.0170378
-0.001206,0.002015,0.0171038,-0.001206,0.002015,0.0170438
-0.001762,0.002057,0.0173488,-0.001762,0.002057,0.0172888
-0.001483,0.001422,0.0173158,-0.001483,0.001422,0.0172558
-0.001244,0.001569,0.0174378,-0.001244,0.001569,0.0173778
-0.002936,0.00149,0.0162308,-0.002936,0.00149,0.0161708
-0.002494,0.001398,0.0165868,-0.002494,0.001398,0.0165268
-0.002365,0.002001,0.0162448,-0.002365,0.002001,0.0161848
-0.002044,0.002118,0.0163918,-0.002044,0.002118,0.0163318
-0.002452,0.002463,0.0163178,-0.002452,0.002463,0.0162578
-0.002549,0.001982,0.0167328,-0.002549,0.001982,0.0166728
-0.002272,0.001751,0.0167188,-0.002272,0.001751,0.0166588
-0.002602,0.001582,0.0168838,-0.002602,0.001582,0.0168238
-0.002287,0.002237,0.0187738,-0.002287,0.002237,0.0187138
0.002415,0.002605,0.0044768,0.0024166,0.0026067,0.0044354
0.001653,0.00217,0.0063248,0.0016545,0.002172,0.0062793
0.002074,0.002069,0.0063938,0.0020759,0.0020709,0.0063481
0.002158,0.002429,0.0064088,0.0021599,0.0024311,0.006363
0.001685,0.002799,0.0065538,0.0016865,0.0028015,0.0065076
0.002145,0.002349,0.0067498,0.0021469,0.0023511,0.0067032
0.001553,0.002231,0.0067378,0.0015545,0.0022332,0.0066913
0.001859,0.002551,0.0068688,0.0018607,0.0025533,0.0068219
0.001688,0.002581,0.0072408,0.0016895,0.0025833,0.007193
0.001855,0.002293,0.0065908,0.0018567,0.0022951,0.0065446
0.001741,0.002289,0.0070868,0.0017426,0.0022911,0.0070394
-0.000345,-0.003462,0.0037388,-0.0003452,-0.003464,0.0036994
-0.000976,-0.003419,0.0183778,-0.000976,-0.003419,0.0183178
-0.000649,-0.00344,0.0184608,-0.000649,-0.00344,0.0184008
0.000296,0.00154,0.0176578,0.000296,0.00154,0.0175978
0.000179,0.001455,0.0180388,0.000179,0.001455,0.0179788
-8.2e-05,0.00191,0.0181208,-8.2e-05,0.00191,0.0180608
0.000282,0.001844,0.0174598,0.000282,0.001844,0.0173998
0.000411,0.001588,0.0182968,0.000411,0.001588,0.0182368
0.000369,0.002273,0.0171778,0.000369,0.002273,0.0171178
0.00072,0.002297,0.0171298,0.00072,0.002297,0.0170698
0.000286,0.00262,0.0171278,0.000286,0.00262,0.0170678
-0.000101,0.002687,0.0170788,-0.000101,0.002687,0.0170188
0.000187,0.002526,0.0167218,0.000187,0.002526,0.0166618
0.000221,0.002955,0.0163838,0.000221,0.002955,0.0163238
0.000272,0.003184,0.0165728,0.000272,0.003184,0.0165128
0.000726,0.002923,0.0163248,0.000726,0.002923,0.0162648
0.000575,0.003067,0.0165348,0.000575,0.003067,0.0164748
0.000644,0.002937,0.0168538,0.000644,0.002937,0.0167938
-8.3e-05,0.001575,0.0178288,-8.3e-05,0.001575,0.0177688
-8.7e-05,0.001637,0.0180958,-8.7e-05,0.001637,0.0180358
-0.000285,0.001733,0.0182668,-0.000285,0.001733,0.0182068
-0.00044,0.001721,0.0175948,-0.00044,0.001721,0.0175348
-0.000547,0.002089,0.0171218,-0.000547,0.002089,0.0170618
4.8e-05,0.002309,0.0170078,4.8e-05,0.002309,0.0169478
-0.000232,0.002252,0.0172348,-0.000232,0.002252,0.0171748
-0.000429,0.002596,0.0172488,-0.000429,0.002596,0.0171888
-0.00083,0.00268,0.0175738,-0.00083,0.00268,0.0175138
-0.000831,0.002649,0.0171588,-0.000831,0.002649,0.0170988
-0.00046,0.002683,0.0169038,-0.00046,0.002683,0.0168438
-0.000265,0.002435,0.0165158,-0.000265,0.002435,0.0164558
-3.2e-05,0.002669,0.0163308,-3.2e-05,0.002669,0.0162708
0.000354,0.002675,0.0162908,0.000354,0.002675,0.0162308
-0.000121,0.003093,0.0164688,-0.000121,0.003093,0.0164088
-0.000151,0.002598,0.0167708,-0.000151,0.002598,0.0167108
-0.000134,0.002242,0.0166948,-0.000134,0.002242,0.0166348
0.000401,0.002251,0.0168718,0.000401,0.002251,0.0168118
-0.000332,0.003015,0.0167678,-0.000332,0.003015,0.0167078
-0.000335,0.002742,0.0165148,-0.000335,0.002742,0.0164548
-0.00048,0.003081,0.0162398,-0.00048,0.003081,0.0161798
-0.000353,0.002351,0.0169558,-0.000353,0.002351,0.0168958
-0.000324,0.002449,0.0162618,-0.000324,0.002449,0.0162018
-0.000909,0.002207,0.0146638,-0.000909,0.002207,0.0146039
-0.000635,0.001897,0.0146118,-0.000635,0.001897,0.014552
-0.000357,0.001986,0.0148288,-0.000357,0.001986,0.0147689
-0.000498,0.002274,0.0146628,-0.000498,0.002274,0.0146029
-7.6e-05,0.00194,0.0146638,-7.6e-05,0.00194,0.0146039
-0.000535,0.002625,0.0146798,-0.000535,0.002625,0.0146199
-0.000475,0.002021,0.0151658,-0.000475,0.002021,0.0151058
-0.000126,0.00194,0.0150598,-0.000126,0.00194,0.0149999
-0.00082,0.001915,0.0149618,-0.00082,0.001915,0.0149019
-0.001244,0.00189,0.0150738,-0.001244,0.00189,0.0150138
-0.000524,0.001715,0.0150598,-0.000524,0.001715,0.0149999
-0.00039,0.002055,0.0154418,-0.00039,0.002055,0.0153818
-0.00087,0.003058,0.0146568,-0.00087,0.003058,0.0145969
-0.000889,0.002722,0.0150128,-0.000889,0.002722,0.0149528
-0.000745,0.002249,0.0153318,-0.000745,0.002249,0.0152718
-0.000874,0.001179,0.0149958,-0.000874,0.001179,0.0149359
-0.000707,0.001883,0.0154118,-0.000707,0.001883,0.0153518
0.002823,-0.002076,0.0181168,0.002823,-0.002076,0.0180568
0.002709,-0.001671,0.0181778,0.002709,-0.001671,0.0181178
0.001815,-0.002219,0.0171778,0.001815,-0.002219,0.0171178
0.002282,-0.001977,0.0172578,0.002282,-0.001977,0.0171978
0.002543,-0.001808,0.0171218,0.002543,-0.001808,0.0170618
0.002089,-0.001709,0.0170818,0.002089,-0.001709,0.0170218
0.001668,-0.001774,0.0171348,0.001668,-0.001774,0.0170748
0.002118,-0.001406,0.0171208,0.002118,-0.001406,0.0170608
0.002099,-0.001792,0.0174588,0.002099,-0.001792,0.0173988
0.002111,-0.002528,0.0173818,0.002111,-0.002528,0.0173218
0.001861,-0.00151,0.0172858,0.001861,-0.00151,0.0172258
0.002476,-0.001822,0.0174668,0.002476,-0.001822,0.0174068
0.001571,-0.001372,0.0174168,0.001571,-0.001372,0.0173568
0.001851,-0.002133,0.0175778,0.001851,-0.002133,0.0175178
0.001643,-0.002401,0.0173658,0.001643,-0.002401,0.0173058
0.002325,-0.001238,0.0171738,0.002325,-0.001238,0.0171138
0.00163,-0.000916,0.0169448,0.00163,-0.000916,0.0168848
0.001995,-0.000711,0.0170068,0.001995,-0.000711,0.0169468
0.002121,-0.001436,0.0174448,0.002121,-0.001436,0.0173848
0.002201,-0.001414,0.0168378,0.002201,-0.001414,0.0167778
0.001712,-0.00115,0.0171478,0.001712,-0.00115,0.0170878
0.001593,-0.000608,0.0170568,0.001593,-0.000608,0.0169968
0.001716,-0.000987,0.0174548,0.001716,-0.000987,0.0173948
0.001845,-0.001209,0.0176318,0.001845,-0.001209,0.0175718
0.001841,-0.001393,0.0169358,0.001841,-0.001393,0.0168758
0.003065,-0.000365,0.0187468,0.003065,-0.000365,0.0186868
-0.001443,0.002931,0.0047788,-0.001444,0.0029331,0.0047368
-0.001171,0.002234,0.0061578,-0.0011721,0.0022361,0.0061128
-0.0012,0.002376,0.0063878,-0.0012011,0.0023782,0.0063422
-0.001379,0.002582,0.0064928,-0.0013803,0.0025844,0.0064469
-0.000904,0.003068,0.0064348,-0.0009048,0.0030707,0.0063889
-0.000903,0.002678,0.0067588,-0.0009038,0.0026805,0.0067122
-0.001269,0.002697,0.0067448,-0.0012702,0.0026995,0.0066982
-0.000496,0.00222,0.0067318,-0.0004965,0.0022223,0.0066853
-0.000831,0.002222,0.0071438,-0.0008318,0.0022242,0.0070963
-0.00127,0.002311,0.0071408,-0.0012712,0.0023132,0.0070933
-0.000865,0.002645,0.0070778,-0.0008658,0.0026475,0.0070304
-0.000535,0.00273,0.0071018,-0.0005355,0.0027326,0.0070544
-0.000906,0.003006,0.0070658,-0.0009068,0.0030087,0.0070184
-0.000935,0.002696,0.0074528,-0.0009359,0.0026985,0.0074046
-0.001284,0.002754,0.0074278,-0.0012851,0.0027564,0.0073796
-0.001655,0.002716,0.0074658,-0.0016564,0.0027184,0.0074176
-0.001353,0.00223,0.0074708,-0.0013543,0.0022321,0.0074225
-0.001294,0.002772,0.0077888,-0.0012951,0.0027744,0.0077399
-0.001725,0.00224,0.0074898,-0.0017266,0.002242,0.0074415
-0.001348,0.002217,0.0082018,-0.0013492,0.0022189,0.0081519
-0.000474,0.00185,0.0090048,-0.0004744,0.0018517,0.008953
-0.00051,0.002304,0.0089088,-0.0005104,0.0023059,0.0088575
-9.2e-05,0.00234,0.0089208,-9.21e-05,0.0023419,0.0088694
-0.000868,0.002166,0.0089058,-0.0008687,0.0021678,0.0088544
-0.000597,0.002773,0.0088578,-0.0005975,0.0027751,0.0088067
-0.000639,0.002174,0.0092738,-0.0006395,0.0021757,0.0092216
-0.000508,0.001843,0.0093308,-0.0005084,0.0018445,0.0092782
0.000465,0.001956,0.0093078,0.0004654,0.0019576,0.0092554
-0.00119,0.002171,0.0092848,-0.0011909,0.0021726,0.0092328
-0.000418,0.001457,0.0092808,-0.0004184,0.0014583,0.0092279
-0.000512,0.002025,0.0095968,-0.0005124,0.0020265,0.0095439
-0.000888,0.002331,0.0092578,-0.0008887,0.0023327,0.0092058
-0.00088,0.002692,0.0092808,-0.0008806,0.0026939,0.0092289
-0.000878,0.002217,0.0095668,-0.0008786,0.0022186,0.0095141
-0.001004,0.001538,0.0092078,-0.0010048,0.0015393,0.0091554
-0.000843,0.001156,0.0091708,-0.0008438,0.0011571,0.0091181
0.000354,0.001019,0.0103568,0.0003541,0.0010192,0.0103008
-0.00019,0.00087,0.0109588,-0.00019,0.0008701,0.0109022
-0.000772,0.001866,0.0095768,-0.0007726,0.0018674,0.0095238
0.00041,-0.001792,0.0057648,0.0004104,-0.0017938,0.0057213
0.000673,-0.001952,0.0057758,0.0006736,-0.0019539,0.0057321
0.000696,-0.001341,0.0057088,0.0006967,-0.0013423,0.0056659
0.000408,-0.001458,0.0055848,0.0004084,-0.0014594,0.0055422
0.000104,-0.001508,0.0058408,0.0001041,-0.0015095,0.0057975
0.000412,-0.001334,0.0059858,0.0004124,-0.0013355,0.0059421
0.000416,-0.001756,0.0063988,0.0004164,-0.0017579,0.0063535
0.000531,-0.002213,0.0058468,0.0005315,-0.0022151,0.0058028
0.000312,-0.002395,0.0061038,0.0003123,-0.0023973,0.006059
0.000907,-0.001505,0.0055228,0.0009078,-0.0015064,0.0054801
0.000783,-0.001393,0.0060538,0.0007838,-0.0013945,0.0060097
0.001087,-0.001052,0.0056848,0.0010881,-0.001053,0.0056419
0.000297,-0.000692,0.0056788,0.0002973,-0.0006928,0.0056367
0.000643,-0.000729,0.0055598,0.0006437,-0.0007298,0.0055179
0.001139,-0.001369,0.0059618,0.0011402,-0.0013704,0.0059178
0.000898,-0.001296,0.0063238,0.000899,-0.0012975,0.0062789
-6.3e-05,-0.000922,0.0057768,-6.31e-05,-0.000923,0.0057343
0.000298,-0.0009,0.0060398,0.0002983,-0.000901,0.0059964
2e-06,-0.001177,0.0060468,2e-06,-0.0011784,0.0060032
0.000203,-0.001407,0.0063998,0.0002032,-0.0014087,0.0063548
0.000644,-0.000996,0.0075178,0.0006449,-0.0009974,0.0074692
0.000716,-0.000694,0.0075438,0.000717,-0.000695,0.0074951
0.001026,-0.000968,0.0075038,0.0010273,-0.0009692,0.0074553
0.001067,-0.000594,0.0074818,0.0010685,-0.0005948,0.0074333
0.001353,-0.000634,0.0081088,0.0013546,-0.0006347,0.0080587
0.000799,-0.000696,0.0082278,0.0008001,-0.000697,0.008177
0.001086,1.7e-05,0.0074518,0.0010875,1.7e-05,0.0074034
0.001105,-0.000608,0.0082198,0.0011064,-0.0006088,0.0081693
0.00109,-0.000985,0.0078648,0.0010913,-0.0009862,0.0078153
0.001461,-0.00113,0.0079148,0.0014626,-0.0011312,0.0078653
0.000778,-0.000909,0.0078708,0.0007791,-0.0009102,0.0078211
0.000995,-0.001,0.0082098,0.0009962,-0.0010012,0.0081594
0.001125,-0.001023,0.0085288,0.0011262,-0.0010241,0.0084777
0.000816,-0.000447,0.0075868,0.0008172,-0.0004476,0.0075379
0.000329,-0.000699,0.0075308,0.0003295,-0.0007001,0.0074822
0.000694,-0.000183,0.0075348,0.0006951,-0.0001833,0.0074861
0.000716,-0.000588,0.0078748,0.0007171,-0.0005889,0.007825
0.000299,-0.000527,0.0079308,0.0002995,-0.0005279,0.0078804
0.000736,-0.000286,0.0078498,0.0007372,-0.0002864,0.0078
0.000139,-0.001118,0.0078798,0.0001392,-0.0011195,0.0078301
0.000272,-0.000928,0.0081858,0.0002724,-0.0009294,0.008135
0.00079,-0.001017,0.0084688,0.0007909,-0.0010182,0.0084177
0.000853,-0.00279,0.0064018,0.0008538,-0.0027925,0.006356
0.000756,-0.002852,0.0067958,0.0007567,-0.0028547,0.0067491
0.001067,-0.00285,0.0066938,0.001068,-0.0028526,0.0066473
0.000133,-0.002863,0.0066968,0.0001331,-0.0028657,0.0066503
0.001002,-0.003017,0.0069818,0.0010029,-0.0030197,0.0069346
0.000487,-0.002461,0.0064508,0.0004875,-0.0024634,0.0064051
0.000343,-0.002312,0.0067128,0.0003433,-0.0023143,0.0066664
-1.2e-05,-0.002192,0.0067398,-1.2e-05,-0.0021943,0.0066933
0.000243,-0.002475,0.0070058,0.0002432,-0.0024774,0.0069586
0.000433,-0.002668,0.0067818,0.0004334,-0.0026706,0.0067352
-0.00025,-0.002788,0.0068588,-0.0002502,-0.0027907,0.006812
0.000364,-0.002913,0.0070598,0.0003643,-0.0029157,0.0070125
0.000713,-0.002825,0.0071698,0.0007137,-0.0028276,0.0071222
0.000822,-0.002369,0.0071428,0.0008228,-0.0023713,0.0070953
0.000705,-0.002922,0.0075098,0.0007056,-0.0029246,0.0074615
0.001197,-0.002341,0.0070998,0.0011982,-0.0023433,0.0070524
0.001073,-0.00277,0.0073448,0.001074,-0.0027725,0.0072968
0.000688,-0.002755,0.0078438,0.0006886,-0.0027574,0.0077947
-7.7e-05,-0.002356,0.0071248,-7.71e-05,-0.0023584,0.0070773
0.000158,-0.002037,0.0070008,0.0001582,-0.0020392,0.0069537
0.000334,-0.002419,0.0074538,0.0003343,-0.0024214,0.0074055
0.000453,-0.002774,0.0074598,0.0004534,-0.0027765,0.0074115
0.000625,-0.002527,0.0088668,0.0006255,-0.002529,0.0088156
0.00086,-0.002362,0.0089518,0.0008607,-0.0023639,0.0089005
0.001015,-0.002566,0.0088008,0.0010158,-0.002568,0.0087498
0.001079,-0.002052,0.0087918,0.0010799,-0.0020537,0.0087407
0.001461,-0.002161,0.0088758,0.0014622,-0.0021627,0.0088246
0.001409,-0.002478,0.0091448,0.00141,-0.0024798,0.0090932
0.000674,-0.002067,0.0089008,0.0006746,-0.0020688,0.0088494
0.001177,-0.001672,0.0088568,0.001178,-0.0016735,0.0088054
0.001018,-0.002192,0.0090858,0.0010188,-0.0021937,0.0090341
0.001074,-0.002507,0.0091968,0.0010748,-0.0025089,0.009145
0.000751,-0.002451,0.0092548,0.0007516,-0.0024529,0.0092029
0.001079,-0.001763,0.0091448,0.0010799,-0.0017645,0.0090928
0.000919,-0.002285,0.0094628,0.0009197,-0.0022867,0.0094104
0.000677,-0.00167,0.0087648,0.0006776,-0.0016716,0.0087134
0.000426,-0.001893,0.0090218,0.0004264,-0.0018947,0.00897
0.000658,-0.0017,0.0092128,0.0006586,-0.0017015,0.0091605
0.000165,-0.002124,0.0091418,0.0001651,-0.0021257,0.0090898
0.000666,-0.001951,0.0096278,0.0006665,-0.0019524,0.0095748
0.000755,-0.002129,0.0100658,0.0007555,-0.0021303,0.0100121
0.000524,-0.00045,0.0101888,0.0005241,-0.0004501,0.0101329
0.000238,-0.002528,0.0091728,0.0002382,-0.0025299,0.009121
0.000635,-0.002566,0.0096918,0.0006354,-0.0025677,0.0096391
4.3e-05,-0.003356,0.0048308,4.31e-05,-0.0033583,0.0047887
0.000519,-0.002985,0.0048218,0.0005194,-0.0029871,0.0047799
0.000351,-0.00129,0.0050038,0.0003513,-0.001291,0.0049631
0.00064,-0.001264,0.0050388,0.0006405,-0.001265,0.0049979
0.000726,-0.001402,0.0053428,0.0007266,-0.0014032,0.0053008
0.001014,-0.001384,0.0052638,0.0010149,-0.0013852,0.0052219
0.000387,-0.00094,0.0054068,0.0003874,-0.0009409,0.0053653
-7e-05,-0.001022,0.0053408,-7.01e-05,-0.001023,0.0052994
0.000371,-0.000589,0.0053568,0.0003714,-0.0005896,0.0053156
-0.000116,-0.001314,0.0056798,-0.0001161,-0.0013153,0.0056372
-0.000229,-0.001248,0.0049828,-0.0002292,-0.001249,0.0049422
-0.000107,-0.000576,0.0051248,-0.0001071,-0.0005767,0.0050842
-0.000119,-0.001315,0.0053288,-0.0001191,-0.0013162,0.0052872
-0.000321,-0.000559,0.0054218,-0.0003214,-0.0005596,0.0053804
-0.00043,-0.00103,0.0057538,-0.0004304,-0.0010311,0.0057112
-0.000447,-0.001274,0.0056958,-0.0004475,-0.0012753,0.0056531
-0.00049,-0.001276,0.0060758,-0.0004906,-0.0012774,0.0060319
-2.7e-05,-0.002359,0.0059628,-2.7e-05,-0.0023612,0.0059184
-0.000409,-0.002799,0.0061738,-0.0004094,-0.0028015,0.0061286
-0.000222,-0.002701,0.0065088,-0.0002222,-0.0027036,0.0064628
8e-05,-0.002824,0.0062498,8.01e-05,-0.0028266,0.0062045
-0.000456,-0.002987,0.0066598,-0.0004564,-0.0029897,0.0066134
-0.000339,-0.002,0.0067228,-0.0003394,-0.0020021,0.0066764
-0.000389,-0.002499,0.0071298,-0.0003894,-0.0025015,0.0070823
-0.000861,-0.002924,0.0067098,-0.0008618,-0.0029267,0.0066633
-0.000423,-0.002909,0.0070488,-0.0004234,-0.0029117,0.0070015
0.002809,0.001435,0.0044108,0.0028108,0.0014359,0.0043698
0.001325,0.00125,0.0050248,0.001326,0.001251,0.0049835
0.000962,0.001064,0.0048608,0.0009628,0.0010648,0.0048203
0.001404,0.001173,0.0055228,0.0014053,0.0011741,0.00548
0.001426,0.000661,0.0055508,0.0014273,0.0006616,0.0055083
0.001424,0.00084,0.0053378,0.0014252,0.0008408,0.0052958
0.001047,0.000749,0.0054378,0.001048,0.0007497,0.0053959
0.000841,0.000819,0.0051348,0.0008417,0.0008197,0.0050939
0.001067,0.001278,0.0056748,0.001068,0.0012792,0.0056318
0.001246,0.000879,0.0057158,0.0012472,0.0008799,0.0056728
0.00134,0.001123,0.0059318,0.0013413,0.0011241,0.0058879
0.001358,0.000451,0.0056858,0.0013593,0.0004515,0.005643
0.001391,0.001637,0.0060608,0.0013924,0.0016386,0.0060162
0.000884,0.000916,0.0057138,0.0008849,0.0009169,0.0056711
0.000665,0.001172,0.0056558,0.0006656,0.0011732,0.0056132
0.00062,0.000857,0.0056548,0.0006206,0.0008579,0.0056125
0.00067,0.000486,0.0076018,0.0006711,0.0004868,0.0075529
0.00101,0.000468,0.0075258,0.0010114,0.0004686,0.0074772
0.001127,0.000857,0.0074688,0.0011284,0.0008581,0.0074204
0.0015,0.000736,0.0074098,0.0015018,0.0007369,0.0073616
0.001384,0.000725,0.0081898,0.0013855,0.0007258,0.0081395
0.000669,0.000896,0.0075158,0.0006699,0.0008973,0.0074672
0.001087,0.001258,0.0074758,0.0010883,0.0012595,0.0074275
0.000953,0.000674,0.0082218,0.0009543,0.0006749,0.0081712
0.001089,0.000488,0.0078958,0.0010905,0.0004887,0.0078461
0.001469,0.00049,0.0078498,0.0014707,0.0004906,0.0078004
0.000686,0.000585,0.0079828,0.000687,0.0005859,0.0079326
0.001055,0.000123,0.0078068,0.0010565,0.0001232,0.0077573
0.00108,0.000396,0.0084728,0.0010814,0.0003965,0.0084215
0.000632,0.000182,0.0101348,0.0006321,0.000182,0.010079
0.000799,0.001203,0.0074768,0.0008,0.0012045,0.0074284
0.000606,0.000855,0.0083598,0.0006068,0.0008562,0.0083086
0.000853,0.000822,0.0086328,0.000854,0.000823,0.0085811
0.000648,0.00088,0.0078178,0.0006489,0.0008812,0.0077683
0.000368,0.000973,0.0078108,0.0003685,0.0009744,0.0077612
0.000724,0.001222,0.0079238,0.0007249,0.0012235,0.0078741
0.000817,-4.8e-05,0.0077898,0.0008183,-4.81e-05,0.0077402
0.000636,0.000396,0.0082848,0.000637,0.0003966,0.0082334
0.000303,0.000544,0.0084488,0.0003034,0.0005448,0.0083966
0.000772,-1.5e-05,0.0082168,0.0007732,-1.5e-05,0.0081656
0.000678,0.00056,0.0085928,0.0006789,0.0005607,0.0085407
0.002803,0.001197,0.0064078,0.0028055,0.0011981,0.006362
0.00298,0.001152,0.0066278,0.0029827,0.001153,0.0065815
0.002838,0.000841,0.0067248,0.0028406,0.0008418,0.0066782
0.002566,0.000816,0.0068738,0.0025685,0.0008168,0.0068269
0.002909,0.000846,0.0070628,0.0029117,0.0008468,0.0070155
0.002576,0.001248,0.0067488,0.0025784,0.0012491,0.0067022
0.002539,0.001112,0.0070628,0.0025415,0.0011131,0.0070155
0.002613,0.000672,0.0065848,0.0026155,0.0006726,0.0065386
0.002374,0.000781,0.0072038,0.0023763,0.0007818,0.0071561
0.002975,0.000821,0.0077548,0.0029775,0.0008217,0.007706
0.002588,0.001556,0.0075038,0.0025903,0.0015574,0.0074555
0.002569,0.001248,0.0077678,0.0025713,0.0012491,0.0077189
0.002667,0.000656,0.0071648,0.0026695,0.0006566,0.0071172
0.002068,0.000463,0.0089348,0.0020698,0.0004634,0.0088833
0.002437,0.00043,0.0089208,0.002439,0.0004303,0.0088695
0.002526,0.000852,0.0088878,0.002528,0.0008527,0.0088366
0.002907,0.000792,0.0089348,0.0029091,0.0007926,0.0088836
0.001972,0.000763,0.0088178,0.0019737,0.0007637,0.0087665
0.002078,0.000982,0.0092018,0.0020796,0.0009828,0.0091498
0.002562,0.001244,0.0088848,0.0025639,0.0012449,0.0088337
0.002431,0.000786,0.0091658,0.0024329,0.0007866,0.009114
0.002505,0.000452,0.0093298,0.0025069,0.0004523,0.0092777
0.002896,0.000513,0.0092448,0.0028981,0.0005134,0.009193
0.002031,0.000406,0.0093528,0.0020326,0.0004063,0.0093004
0.00253,-1.3e-05,0.0090268,0.002532,-1.3e-05,0.0089753
0.00254,0.000581,0.0097668,0.0025417,0.0005814,0.0097139
0.001661,0.000891,0.0089238,0.0016625,0.0008918,0.0088721
0.002085,0.001299,0.0089068,0.0020867,0.0013001,0.0088555
0.002141,0.001621,0.0088348,0.0021427,0.0016223,0.0087837
0.001561,0.000725,0.0092018,0.0015624,0.0007256,0.0091493
0.002168,0.000939,0.0096778,0.0021695,0.0009397,0.0096249
0.002031,0.000898,0.0099328,0.0020323,0.0008986,0.0098793
0.002208,0.000604,0.0091848,0.0022097,0.0006045,0.0091328
0.001748,0.000455,0.0090688,0.0017496,0.0004554,0.0090167
0.001991,0.000119,0.0093098,0.0019926,0.0001191,0.0092574
0.002106,-0.000199,0.0092348,0.0021077,-0.0001992,0.0091826
0.003059,0.001069,0.0047298,0.0030611,0.0010697,0.004688
0.001421,0.001653,0.0057968,0.0014223,0.0016545,0.0057529
0.001073,0.001888,0.0056228,0.001074,0.0018897,0.0055794
0.001379,0.001902,0.0059678,0.0013803,0.0019038,0.0059234
0.001064,0.001548,0.0059528,0.001065,0.0015496,0.0059087
0.001337,0.001647,0.0064408,0.0013384,0.0016487,0.0063952
0.000873,0.001682,0.0057188,0.0008738,0.0016836,0.0056754
0.000743,0.001646,0.0059838,0.0007438,0.0016477,0.0059397
0.001686,0.001481,0.0063498,0.0016877,0.0014825,0.0063044
0.002096,0.001636,0.0062138,0.0020979,0.0016375,0.0061686
0.002314,0.001667,0.0064448,0.0023161,0.0016685,0.0063989
0.002196,0.001934,0.0067608,0.002198,0.0019358,0.0067142
0.002072,0.001597,0.0066868,0.002074,0.0015986,0.0066404
0.001754,0.001596,0.0067438,0.0017558,0.0015976,0.0066973
0.002153,0.001592,0.0071318,0.0021551,0.0015935,0.0070843
0.001618,0.001916,0.0065388,0.0016196,0.0019179,0.0064928
0.001587,0.001901,0.0069058,0.0015886,0.0019029,0.0068589
0.001745,0.00199,0.0071668,0.0017467,0.0019919,0.0071192
0.001599,0.001459,0.0070698,0.0016007,0.0014605,0.0070225
0.000559,0.003199,0.0046688,0.0005594,0.0032012,0.0046271
0.000617,0.003488,0.0045018,0.0006174,0.0034903,0.0044604
-9.7e-05,0.002365,0.0067498,-9.71e-05,0.0023674,0.0067033
-0.000291,0.002585,0.0062558,-0.0002913,0.0025874,0.0062105
0.00039,0.002746,0.0063628,0.0003904,0.0027485,0.0063172
-0.000101,0.002604,0.0067738,-0.0001011,0.0026066,0.0067272
0.000256,0.002224,0.0067388,0.0002563,0.0022263,0.0066923
-6.9e-05,0.00223,0.0069958,-6.91e-05,0.0022323,0.0069487
-0.000481,0.002598,0.0064488,-0.0004814,0.0026005,0.006403
-0.000528,0.002678,0.0067108,-0.0005285,0.0026806,0.0066643
-0.000285,0.003016,0.0071518,-0.0002853,0.0030188,0.0071043
-0.000114,0.002877,0.0073648,-0.0001141,0.0028796,0.0073168
0.000274,0.002827,0.0074928,0.0002742,0.0028296,0.0074445
-0.000456,0.002903,0.0075078,-0.0004564,0.0029056,0.0074594
-9.1e-05,0.002857,0.0077658,-9.11e-05,0.0028595,0.0077169
-0.000537,0.003098,0.0082838,-0.0005374,0.0031004,0.0082339
0.003498,-0.000812,0.0045318,0.0035003,-0.0008125,0.0044903
0.002764,0.001808,0.0184198,0.002764,0.001808,0.0183598
0.002772,0.001835,0.0179168,0.002772,0.001835,0.0178568
0.001791,0.001406,0.0170748,0.001791,0.001406,0.0170148
0.001727,0.00172,0.0171428,0.001727,0.00172,0.0170828
0.002085,0.001558,0.0170618,0.002085,0.001558,0.0170018
0.002281,0.001754,0.0171498,0.002281,0.001754,0.0170898
0.002068,0.001985,0.0169928,0.002068,0.001985,0.0169328
0.00167,0.002006,0.0169988,0.00167,0.002006,0.0169388
0.002144,0.001934,0.0174938,0.002144,0.001934,0.0174338
0.001728,0.001858,0.0167028,0.001728,0.001858,0.0166428
-0.001866,0.003014,0.0188228,-0.001866,0.003014,0.0187628
-0.001505,0.0029,0.0188528,-0.001505,0.0029,0.0187928
-0.003029,0.001835,0.0047988,-0.0030311,0.0018363,0.0047567
-0.002711,0.001838,0.0047488,-0.0027129,0.0018393,0.0047069
-0.00303,0.001911,0.0050728,-0.0030322,0.0019124,0.00503
0.000952,0.003131,0.0183728,0.000952,0.003131,0.0183128
0.003084,0.001089,0.0184218,0.003084,0.001089,0.0183618
0.001738,0.000248,0.0057218,0.0017397,0.0002482,0.0056785
0.002034,0.000836,0.0056538,0.0020358,0.0008368,0.0056103
0.002152,-0.000329,0.0055808,0.0021539,-0.0003293,0.0055376
0.001737,0.000119,0.0061028,0.0017388,0.0001191,0.0060584
0.001959,-0.000306,0.0061648,0.001961,-0.0003063,0.0061201
0.001839,-8.3e-05,0.0057688,0.0018408,-8.31e-05,0.0057253
0.001651,-0.000261,0.0059798,0.0016527,-0.0002613,0.0059358
0.001675,0.000219,0.0064508,0.0016769,0.0002192,0.0064054
0.002866,0.000468,0.0068328,0.0028687,0.0004684,0.006786
0.002892,-0.00028,0.0062978,0.0028946,-0.0002802,0.0062523
0.002881,-5.7e-05,0.0067188,0.0028837,-5.7e-05,0.0066723
0.002443,3.9e-05,0.0068158,0.0024455,3.9e-05,0.0067691
0.002637,-7.3e-05,0.0064608,0.0026395,-7.31e-05,0.006415
0.002472,-0.000316,0.0063638,0.0024744,-0.0003163,0.0063182
0.002561,-0.000282,0.0067368,0.0025635,-0.0002823,0.0066903
0.003195,-0.000142,0.0072508,0.0031978,-0.0001421,0.007203
0.001243,0.000264,0.0051048,0.0012441,0.0002642,0.0050638
0.001414,-0.000359,0.0048978,0.0014151,-0.0003593,0.0048572
0.00136,7.3e-05,0.0053118,0.0013612,7.31e-05,0.0052702
0.00101,0.000124,0.0053058,0.001011,0.0001241,0.0052645
0.001305,-0.000311,0.0053428,0.0013062,-0.0003113,0.0053011
0.001136,5.8e-05,0.0057178,0.0011372,5.81e-05,0.0056752
0.000657,3.4e-05,0.0053388,0.0006577,3.41e-05,0.0052976
0.001016,-0.000145,0.0054408,0.001017,-0.0001451,0.0053991
0.001193,-0.000532,0.0050928,0.001194,-0.0005325,0.0050518
0.001471,-0.000366,0.0056148,0.0014724,-0.0003663,0.0055721
0.00134,-0.000677,0.0053748,0.0013412,-0.0006776,0.0053329
0.000992,-0.000561,0.0054098,0.0009929,-0.0005616,0.0053681
0.001442,-0.001004,0.0054058,0.0014433,-0.0010049,0.0053635
0.000894,-0.000469,0.0050858,0.0008948,-0.0004694,0.0050451
0.001101,-0.000303,0.0056818,0.0011021,-0.0003033,0.0056393
0.002582,-0.000592,0.0064908,0.0025845,-0.0005926,0.0064449
0.003075,-0.000716,0.0063338,0.0030777,-0.0007166,0.0062882
0.002822,-0.000649,0.0063628,0.0028246,-0.0006496,0.0063172
0.002886,-0.000733,0.0066688,0.0028887,-0.0007337,0.0066224
0.002459,-0.000588,0.0068008,0.0024615,-0.0005886,0.0067541
0.002918,-0.000998,0.0068058,0.0029207,-0.0009989,0.0067591
0.002899,-0.000665,0.0072408,0.0029017,-0.0006656,0.0071931
0.002518,-0.000244,0.0071338,0.0025205,-0.0002443,0.0070863
0.002428,-0.000625,0.0071378,0.0024304,-0.0006256,0.0070903
0.002901,-0.000403,0.0074098,0.0029036,-0.0004034,0.0073617
0.002938,-0.00111,0.0074628,0.0029406,-0.001111,0.0074146
0.002991,-0.000638,0.0078348,0.0029935,-0.0006385,0.0077858
0.0024,4.5e-05,0.0074528,0.0024024,4.5e-05,0.0074045
0.002406,-0.00027,0.0077798,0.0024083,-0.0002703,0.0077308
0.002002,-0.001065,0.0088948,0.0020037,-0.0010659,0.0088434
0.002434,-0.000979,0.0090078,0.0024359,-0.0009798,0.0089564
0.002482,-0.000619,0.0089668,0.0024839,-0.0006195,0.0089154
0.002984,-0.000541,0.0089518,0.0029862,-0.0005414,0.0089006
0.002079,-0.000725,0.0089688,0.0020808,-0.0007256,0.0089172
0.002282,-0.000321,0.0088498,0.0022839,-0.0003213,0.0087985
0.002399,-0.000707,0.0093758,0.0024008,-0.0007075,0.0093236
0.00288,-0.000986,0.0094538,0.002882,-0.0009867,0.0094017
0.001635,-0.001136,0.0091958,0.0016364,-0.001137,0.0091436
0.002509,-0.000987,0.0096938,0.0025107,-0.0009877,0.0096411
0.002226,-0.000488,0.0091528,0.0022278,-0.0004884,0.0091009
0.002032,-0.000622,0.0093568,0.0020336,-0.0006225,0.0093044
0.001658,-0.000725,0.0092148,0.0016594,-0.0007256,0.0091625
0.002118,-0.000595,0.0097278,0.0021195,-0.0005954,0.0096747
0.002278,-0.000552,0.0100618,0.0022794,-0.0005523,0.0100081
0.002147,-0.000922,0.0092398,0.0021487,-0.0009227,0.0091878
0.002209,-0.001211,0.0092898,0.0022107,-0.0012119,0.0092378
0.002139,-0.000998,0.0096678,0.0021405,-0.0009987,0.0096149
-0.001067,-0.00341,0.0041618,-0.0010677,-0.0034121,0.0041212
-0.00076,-0.003495,0.0041628,-0.0007605,-0.0034972,0.0041222
-0.001083,0.003357,0.0048598,-0.0010838,0.0033593,0.0048175
0.000136,-0.003278,0.0183348,0.000136,-0.003278,0.0182748
0.001888,-0.00263,0.0184828,0.001888,-0.00263,0.0184228
0.002298,-0.002657,0.0185238,0.002298,-0.002657,0.0184638
0.000892,-0.001958,0.0170488,0.000892,-0.001958,0.0169888
0.001239,-0.001961,0.0171238,0.001239,-0.001961,0.0170638
0.001357,-0.001653,0.0170128,0.001357,-0.001653,0.0169528
0.001039,-0.001652,0.0168248,0.001039,-0.001652,0.0167648
0.001511,-0.001349,0.0169848,0.001511,-0.001349,0.0169248
0.000725,-0.001667,0.0169698,0.000725,-0.001667,0.0169098
0.001057,-0.001264,0.0169468,0.001057,-0.001264,0.0168868
0.001842,-0.002276,0.0162948,0.001842,-0.002276,0.0162348
0.002142,-0.00218,0.0163198,0.002142,-0.00218,0.0162598
0.002302,-0.001965,0.0165258,0.002302,-0.001965,0.0164658
0.002597,-0.001767,0.0163088,0.002597,-0.001767,0.0162488
0.002093,-0.001755,0.0163768,0.002093,-0.001755,0.0163168
0.001599,-0.001743,0.0164048,0.001599,-0.001743,0.0163448
0.002106,-0.001765,0.0166918,0.002106,-0.001765,0.0166318
0.001623,-0.00211,0.0165748,0.001623,-0.00211,0.0165148
0.001727,-0.001362,0.0163688,0.001727,-0.001362,0.0163088
0.001875,-0.001597,0.0166638,0.001875,-0.001597,0.0166038
0.002615,-0.001888,0.0167578,0.002615,-0.001888,0.0166978
0.001544,-0.001301,0.0165938,0.001544,-0.001301,0.0165338
0.001862,-0.001973,0.0168848,0.001862,-0.001973,0.0168248
0.001701,-0.002353,0.0168358,0.001701,-0.002353,0.0167758
-0.003161,-0.00155,0.0051768,-0.0031633,-0.0015511,0.0051338
-0.002898,-0.002145,0.0057408,-0.0029003,-0.0021467,0.0056964
-0.000894,-0.002061,0.0056308,-0.0008948,-0.0020628,0.0055873
-0.000647,-0.00198,0.0057088,-0.0006476,-0.0019819,0.0056653
-0.00114,-0.00186,0.0060518,-0.0011411,-0.0018618,0.0060072
-0.001203,-0.001742,0.0063738,-0.0012042,-0.0017438,0.0063284
-0.001222,-0.002455,0.0060338,-0.0012231,-0.0024572,0.005989
-0.001298,-0.002041,0.0064538,-0.0012993,-0.002043,0.0064081
-0.001583,-0.001806,0.0063448,-0.0015846,-0.0018078,0.0062994
-0.001602,-0.002436,0.0063428,-0.0016034,-0.0024382,0.0062972
-0.00161,-0.002287,0.0067218,-0.0016115,-0.0022892,0.0066753
-0.001512,-0.001461,0.0064488,-0.0015136,-0.0014625,0.0064032
-0.001723,-0.001854,0.0067458,-0.0017247,-0.0018558,0.0066993
-0.001265,-0.00212,0.0067068,-0.0012663,-0.0021221,0.0066604
-0.001617,-0.00203,0.0071738,-0.0016186,-0.002032,0.0071262
-0.002013,-0.001739,0.0068068,-0.002015,-0.0017407,0.0067601
-0.001894,-0.001777,0.0071208,-0.0018959,-0.0017787,0.0070733
-0.001875,-0.002345,0.0065198,-0.0018767,-0.0023471,0.0064738
-0.001924,-0.00261,0.0063818,-0.0019257,-0.0026123,0.006336
-0.001927,-0.002523,0.0067608,-0.0019287,-0.0025253,0.0067141
-0.002253,-0.001803,0.0069588,-0.0022551,-0.0018047,0.0069117
-0.002293,-0.002121,0.0074588,-0.002295,-0.0021229,0.0074106
-0.002279,-0.001768,0.0076868,-0.002281,-0.0017696,0.0076381
-0.001931,-0.001862,0.0078288,-0.0019327,-0.0018636,0.0077797
-0.002305,-0.002037,0.0078158,-0.0023069,-0.0020387,0.0077669
-0.002672,-0.001407,0.0074538,-0.0026744,-0.0014083,0.0074056
-0.001467,0.002595,0.0047528,-0.001468,0.0025968,0.0047111
-0.001068,0.002506,0.0048078,-0.0010688,0.0025078,0.0047661
-0.001349,0.002504,0.0049678,-0.00135,0.0025058,0.0049256
0.001374,0.003212,0.0048268,0.0013749,0.0032142,0.0047846
0.001083,0.002353,0.0064078,0.001084,0.0023553,0.0063622
0.001129,0.002655,0.0063488,0.00113,0.0026574,0.0063032
0.00132,0.002787,0.0066268,0.0013212,0.0027895,0.0065805
0.001132,0.002282,0.0067058,0.0011331,0.0022842,0.0066594
0.001454,0.002239,0.0071138,0.0014554,0.0022412,0.0070664
0.000903,0.002468,0.0065078,0.0009039,0.0024704,0.0064619
0.001095,0.002644,0.0067308,0.001096,0.0026465,0.0066843
0.001852,0.00237,0.0074728,0.0018536,0.0023721,0.0074246
0.001082,0.002624,0.0070698,0.001083,0.0026265,0.0070224
0.001387,0.002648,0.0075198,0.0013882,0.0026503,0.0074714
0.001409,0.002349,0.0078468,0.0014102,0.0023511,0.0077977
0.00086,0.002428,0.0072068,0.0008608,0.0024304,0.0071591
0.000719,0.002667,0.0070328,0.0007197,0.0026695,0.0069856
0.000664,0.001902,0.0088308,0.0006646,0.0019037,0.0087794
0.000787,0.001939,0.0091858,0.0007876,0.0019406,0.0091337
0.001062,0.001898,0.0089218,0.0010629,0.0018996,0.0088703
0.001026,0.002298,0.0089268,0.0010268,0.0022998,0.0088755
0.001528,0.002208,0.0089228,0.0015292,0.0022097,0.0088715
0.00074,0.002414,0.0089558,0.0007406,0.0024159,0.0089044
0.001105,0.002653,0.0088498,0.0011058,0.002655,0.0087987
0.001049,0.001888,0.0092218,0.0010498,0.0018895,0.0091697
0.001507,0.001807,0.0093988,0.0015081,0.0018083,0.0093464
0.001087,0.00154,0.0091338,0.0010879,0.0015413,0.0090816
0.001053,0.001934,0.0097238,0.0010537,0.0019353,0.0096707
0.001064,0.001923,0.0100298,0.0010647,0.0019242,0.0099761
0.000646,0.002157,0.0090368,0.0006465,0.0021588,0.0089851
0.000318,0.002266,0.0088408,0.0003183,0.0022679,0.0087896
0.000775,0.002694,0.0089138,0.0007756,0.002696,0.0088626
0.000701,0.002303,0.0092978,0.0007015,0.0023047,0.0092457
0.00027,0.002225,0.0091868,0.0002702,0.0022268,0.0091348
0.000786,0.002594,0.0092158,0.0007866,0.0025959,0.009164
0.00076,0.002307,0.0096318,0.0007605,0.0023086,0.0095791
0.000666,0.002274,0.0099618,0.0006664,0.0022755,0.0099084
0.000674,0.001585,0.0093088,0.0006746,0.0015863,0.0092561
0.001876,0.002583,0.0048168,0.0018773,0.0025848,0.0047748
0.001571,0.002923,0.0052908,0.0015722,0.0029252,0.0052475
0.002002,0.002863,0.0052868,0.0020035,0.0028651,0.0052435
-0.003377,-0.000838,0.0051598,-0.0033795,-0.0008386,0.0051168
-0.003263,0.000661,0.0051258,-0.0032654,0.0006615,0.0050829
0.001282,-0.00197,0.0057218,0.0012832,-0.0019718,0.005678
0.001329,-0.001293,0.0056358,0.0013303,-0.0012942,0.0055927
0.001314,-0.001669,0.0058988,0.0013153,-0.0016706,0.0058547
0.00093,-0.002119,0.0058198,0.0009309,-0.002121,0.0057758
0.001722,-0.001876,0.0065258,0.0017237,-0.0018778,0.0064799
0.002207,-0.001866,0.0065328,0.002209,-0.0018677,0.0064867
0.002462,-0.001706,0.0064178,0.0024642,-0.0017075,0.006372
0.002065,-0.001686,0.0064328,0.002067,-0.0016876,0.006387
0.001953,-0.001703,0.0068008,0.0019549,-0.0017047,0.0067541
0.002094,-0.002004,0.0067558,0.002096,-0.0020059,0.0067092
0.001799,-0.002101,0.0069078,0.0018007,-0.002103,0.0068608
0.002137,-0.002327,0.0067848,0.0021389,-0.0023291,0.0067381
0.001451,-0.001251,0.0063978,0.0014525,-0.0012523,0.0063524
0.001564,-0.001728,0.0068028,0.0015656,-0.0017298,0.0067562
0.002528,-0.001663,0.0067938,0.0025304,-0.0016646,0.0067471
0.001651,-0.001352,0.0067438,0.0016527,-0.0013534,0.0066973
0.001651,-0.001752,0.0071428,0.0016527,-0.0017537,0.0070952
0.001792,-0.00224,0.0065488,0.0017937,-0.0022421,0.0065027
0.001733,-0.002541,0.0062938,0.0017345,-0.0025432,0.0062483
0.001733,-0.002443,0.0067948,0.0017346,-0.0024453,0.0067481
0.001565,-0.002147,0.0071818,0.0015665,-0.002149,0.0071342
0.002556,-0.001384,0.0063378,0.0025583,-0.0013853,0.0062922
0.002867,-0.001282,0.0067288,0.0028696,-0.0012832,0.0066822
0.002538,-0.00133,0.0066528,0.0025404,-0.0013313,0.0066065
0.002456,-0.001028,0.0071418,0.0024584,-0.001029,0.0070942
0.002549,-0.001383,0.0070708,0.0025514,-0.0013843,0.0070235
0.001249,-0.00086,0.0056068,0.0012502,-0.0008608,0.0055642
0.001271,-0.001287,0.0053318,0.0012721,-0.0012881,0.0052896
0.000894,-0.001161,0.0051408,0.0008947,-0.001162,0.0050995
0.001407,-0.002511,0.0066758,0.0014083,-0.0025134,0.0066294
0.001324,-0.002843,0.0067848,0.0013252,-0.0028456,0.0067381
0.000867,-0.003455,0.0048398,0.0008676,-0.0034574,0.0047975
0.000836,-0.003115,0.0048188,0.0008366,-0.0031172,0.0047768
0.001243,-0.003378,0.0180548,0.001243,-0.003378,0.0179948
0.001134,-0.003112,0.0180758,0.001134,-0.003112,0.0180158
0.001018,-0.003005,0.0162988,0.001018,-0.003005,0.0162388
0.001329,-0.002942,0.0164508,0.001329,-0.002942,0.0163908
0.001719,-0.002572,0.0164748,0.001719,-0.002572,0.0164148
0.000678,-0.002836,0.0165998,0.000678,-0.002836,0.0165398
0.00105,-0.002149,0.0167478,0.00105,-0.002149,0.0166878
0.000797,-0.003152,0.0181258,0.000797,-0.003152,0.0180658
-0.000909,0.00222,0.0171328,-0.000909,0.00222,0.0170728
-0.00062,0.002394,0.0171688,-0.00062,0.002394,0.0171088
-0.001032,0.002661,0.0173688,-0.001032,0.002661,0.0173088
-0.001179,0.002835,0.0168838,-0.001179,0.002835,0.0168238
-0.001616,0.002264,0.0165078,-0.001616,0.002264,0.0164478
-0.001622,0.002717,0.0163668,-0.001622,0.002717,0.0163068
-0.001225,0.002831,0.0164488,-0.001225,0.002831,0.0163888
-0.001156,0.002185,0.0166918,-0.001156,0.002185,0.0166318
-0.00183,0.00221,0.0167628,-0.00183,0.00221,0.0167028
-0.001992,0.002516,0.0165048,-0.001992,0.002516,0.0164448
-0.000117,-0.001318,0.0181978,-0.000117,-0.001318,0.0181378
-0.000478,-0.000586,0.0180668,-0.000478,-0.000586,0.0180068
-0.000371,-0.001266,0.0176068,-0.000371,-0.001266,0.0175468
-0.000129,-0.001684,0.0169698,-0.000129,-0.001684,0.0169098
0.000243,-0.001715,0.0170578,0.000243,-0.001715,0.0169978
-0.000478,-0.001562,0.0170848,-0.000478,-0.001562,0.0170248
-0.000135,-0.001352,0.0171568,-0.000135,-0.001352,0.0170968
-0.00017,-0.001724,0.0175338,-0.00017,-0.001724,0.0174738
-0.000784,-0.001608,0.0171338,-0.000784,-0.001608,0.0170738
-0.000375,-0.00227,0.0172028,-0.000375,-0.00227,0.0171428
-0.00049,-0.003026,0.0163768,-0.00049,-0.003026,0.0163168
-0.000559,-0.002814,0.0166168,-0.000559,-0.002814,0.0165568
1.7e-05,-0.002783,0.0168518,1.7e-05,-0.002783,0.0167918
0.000208,-0.002978,0.0166978,0.000208,-0.002978,0.0166378
-0.000395,-0.002786,0.0169188,-0.000395,-0.002786,0.0168588
-0.000751,-0.001245,0.0170978,-0.000751,-0.001245,0.0170378
-0.001339,-0.001458,0.0170398,-0.001339,-0.001458,0.0169798
-0.001123,-0.001618,0.0175368,-0.001123,-0.001618,0.0174768
-0.00129,-0.00135,0.0173528,-0.00129,-0.00135,0.0172928
-0.000848,-0.000925,0.0145688,-0.000848,-0.000925,0.014509
-0.000453,-0.000955,0.0146108,-0.000453,-0.000955,0.014551
-0.000504,-0.000595,0.0145208,-0.000504,-0.000595,0.014461
-8.1e-05,-0.000787,0.0145758,-8.1e-05,-0.000787,0.014516
0.000264,-0.000637,0.0146098,0.000264,-0.000637,0.01455
2.3e-05,-9.3e-05,0.0146338,2.3e-05,-9.3e-05,0.014574
-0.000851,-0.000544,0.0146178,-0.000851,-0.000544,0.014558
-0.001162,-0.000577,0.0145828,-0.001162,-0.000577,0.014523
-0.00065,-0.000175,0.0144718,-0.00065,-0.000175,0.0144121
-0.000486,-0.000331,0.0148218,-0.000486,-0.000331,0.0147619
-0.000571,-0.00091,0.0149698,-0.000571,-0.00091,0.0149099
-0.000201,-0.000975,0.0149088,-0.000201,-0.000975,0.0148489
-0.000857,-0.001038,0.0149368,-0.000857,-0.001038,0.0148769
-0.001194,-0.00111,0.0148878,-0.001194,-0.00111,0.0148279
-0.000638,-0.00107,0.0153278,-0.000638,-0.00107,0.0152678
-0.000835,-0.000252,0.0148298,-0.000835,-0.000252,0.0147699
-0.000874,1.3e-05,0.0149748,-0.000874,1.3e-05,0.0149149
-0.000909,-0.000817,0.0152548,-0.000909,-0.000817,0.0151948
-0.000972,-0.001479,0.0149448,-0.000972,-0.001479,0.0148849
-0.000925,-0.002554,0.0130968,-0.0009251,-0.0025542,0.0130383
-0.000733,-0.002365,0.0133368,-0.000733,-0.0023652,0.013278
-0.000648,-0.00268,0.0131778,-0.0006481,-0.0026802,0.0131192
-0.00038,-0.002467,0.0132368,-0.00038,-0.0024672,0.0131781
-0.000485,-0.002091,0.0131228,-0.000485,-0.0020912,0.0130643
-0.000132,-0.002134,0.0131668,-0.000132,-0.0021342,0.0131083
0.000232,-0.002127,0.0133028,0.000232,-0.0021272,0.0132441
0.000333,-0.000612,0.0131398,0.000333,-0.0006121,0.0130815
0.000537,-0.000466,0.0136678,0.000537,-0.000466,0.0136088
-9.8e-05,-0.001498,0.0132088,-9.8e-05,-0.0014981,0.0131503
-0.001248,-0.002087,0.0131398,-0.0012481,-0.0020872,0.0130813
-0.000688,-0.001699,0.0131428,-0.0006881,-0.0016991,0.0130844
-0.000492,-0.002495,0.0135858,-0.000492,-0.0024951,0.0135267
-6.4e-05,-0.002435,0.0135768,-6.4e-05,-0.0024351,0.0135177
-0.001005,-0.002535,0.0135678,-0.001005,-0.0025351,0.0135087
-0.000412,-0.001741,0.0135508,-0.000412,-0.0017411,0.0134919
-0.000404,-0.002377,0.0139428,-0.000404,-0.0023771,0.0138834
-0.000785,-0.001852,0.0135158,-0.000785,-0.0018521,0.0134569
-0.0009,-0.002158,0.0135278,-0.0009,-0.0021581,0.0134688
-0.000857,-0.002106,0.0139568,-0.000857,-0.0021061,0.0138974
-0.00087,-0.002355,0.0140968,-0.00087,-0.002355,0.0140372
0.001532,0.002569,0.0180248,0.001532,0.002569,0.0179648
0.000986,0.001383,0.0170588,0.000986,0.001383,0.0169988
0.001381,0.001455,0.0170318,0.001381,0.001455,0.0169718
0.00135,0.001932,0.0170218,0.00135,0.001932,0.0169618
0.000653,0.001912,0.0170488,0.000653,0.001912,0.0169888
0.001081,0.001598,0.0176158,0.001081,0.001598,0.0175558
0.000873,0.003156,0.0180068,0.000873,0.003156,0.0179468
0.000778,0.003485,0.0180328,0.000778,0.003485,0.0179728
0.001343,0.002838,0.0179988,0.001343,0.002838,0.0179388
0.003381,-0.001126,0.0180488,0.003381,-0.001126,0.0179888
0.00052,-0.003481,0.0187498,0.00052,-0.003481,0.0186898
0.000495,-0.003088,0.0187488,0.000495,-0.003088,0.0186888
0.002802,-0.002053,0.0047948,0.0028039,-0.0020544,0.0047527
0.002845,-0.001557,0.0047988,0.002847,-0.0015581,0.0047568
-0.002219,0.002676,0.0048108,-0.0022206,0.0026779,0.0047686
-0.001845,0.002603,0.0047858,-0.0018463,0.0026048,0.0047438
0.00011,-0.003356,0.0052448,0.0001101,-0.0033585,0.0052016
0.00047,-0.003401,0.0052068,0.0004704,-0.0034035,0.0051637
6.4e-05,0.003245,0.0050638,6.4e-05,0.0032474,0.0050212
0.000991,0.002883,0.0188628,0.000991,0.002883,0.0188028
0.001002,0.00316,0.0187708,0.001002,0.00316,0.0187108
0.001007,0.002836,0.0192398,0.001007,0.002836,0.0191798
0.003094,0.001083,0.0052328,0.0030963,0.0010838,0.0051897
0.00341,0.001126,0.0052338,0.0034125,0.0011268,0.0051906
0.0023,-0.002358,0.0052438,0.0023017,-0.0023598,0.0052007
0.002609,-0.002423,0.0052448,0.0026109,-0.0024248,0.0052016
0.002716,-0.001571,0.0051508,0.002718,-0.0015722,0.005108
-0.003359,-0.001146,0.0052298,-0.0033615,-0.0011468,0.0051866
-0.002967,-0.001154,0.0051538,-0.0029692,-0.0011549,0.005111
-0.00236,-0.001074,0.0057368,-0.0023621,-0.0010749,0.0056929
-0.003371,-0.001058,0.0047848,-0.0033733,-0.0010587,0.0047427
-0.001486,-0.000897,0.0171128,-0.001486,-0.000897,0.0170528
-0.001605,-0.00149,0.0174848,-0.001605,-0.00149,0.0174248
-0.001177,-0.000831,0.0170998,-0.001177,-0.000831,0.0170398
-0.001382,-0.000596,0.0170908,-0.001382,-0.000596,0.0170308
-0.001777,-0.00115,0.0169518,-0.001777,-0.00115,0.0168918
-0.00111,-0.002288,0.0164698,-0.00111,-0.002288,0.0164098
-0.001419,-0.001699,0.0164678,-0.001419,-0.001699,0.0164078
-0.001528,-0.002266,0.0167028,-0.001528,-0.002266,0.0166428
-0.001111,-0.001785,0.0162928,-0.001111,-0.001785,0.0162328
-0.001587,-0.001424,0.0164718,-0.001587,-0.001424,0.0164118
-0.001546,-0.001579,0.0167818,-0.001546,-0.001579,0.0167218
-0.001915,-0.001377,0.0166458,-0.001915,-0.001377,0.0165858
-0.001949,-0.001727,0.0168658,-0.001949,-0.001727,0.0168058
-0.00193,-0.002101,0.0160088,-0.00193,-0.002101,0.0159488
-0.001573,-0.002636,0.0156388,-0.001573,-0.002636,0.0155788
-0.001235,-0.002571,0.0156798,-0.001235,-0.002571,0.0156198
-0.002056,-0.002538,0.0155408,-0.002056,-0.002538,0.0154808
-0.001489,-0.002331,0.0157478,-0.001489,-0.002331,0.0156878
-0.001681,-0.002541,0.0159898,-0.001681,-0.002541,0.0159298
-0.001734,-0.002456,0.0153938,-0.001734,-0.002456,0.0153338
-0.002077,-0.002165,0.0156138,-0.002077,-0.002165,0.0155538
-0.00195,-0.002479,0.0160928,-0.00195,-0.002479,0.0160328
-0.00205,-0.002405,0.0152908,-0.00205,-0.002405,0.0152308
0.001678,0.000784,0.0170238,0.001678,0.000784,0.0169638
0.001783,0.001113,0.0172388,0.001783,0.001113,0.0171788
0.00217,0.001245,0.0170598,0.00217,0.001245,0.0169998
0.001729,0.00122,0.0168338,0.001729,0.00122,0.0167738
0.001793,0.000892,0.0174998,0.001793,0.000892,0.0174398
0.001836,0.000551,0.0173318,0.001836,0.000551,0.0172718
0.003448,0.000704,0.0180988,0.003448,0.000704,0.0180388
0.00138,9.5e-05,0.0177918,0.00138,9.5e-05,0.0177318
0.001279,0.000397,0.0181928,0.001279,0.000397,0.0181328
0.001454,-7e-06,0.0181428,0.001454,-7e-06,0.0180828
0.001023,8.9e-05,0.0181818,0.001023,8.9e-05,0.0181218
0.0008,0.0002,0.0178168,0.0008,0.0002,0.0177568
0.001094,-0.000329,0.0177608,0.001094,-0.000329,0.0177008
0.000653,6e-06,0.0181008,0.000653,6e-06,0.0180408
0.00116,-0.000204,0.0180828,0.00116,-0.000204,0.0180228
0.001501,8.6e-05,0.0170958,0.001501,8.6e-05,0.0170358
0.001775,0.000167,0.0172098,0.001775,0.000167,0.0171498
0.002031,-3e-06,0.0170568,0.002031,-3e-06,0.0169968
0.002279,0.000187,0.0171248,0.002279,0.000187,0.0170648
0.001749,0.000442,0.0170678,0.001749,0.000442,0.0170078
0.002065,9.2e-05,0.0174148,0.002065,9.2e-05,0.0173548
0.001661,-5.3e-05,0.0174098,0.001661,-5.3e-05,0.0173498
0.00202,-0.000161,0.0175548,0.00202,-0.000161,0.0174948
0.001787,0.000239,0.0175468,0.001787,0.000239,0.0174868
0.00166,-0.000329,0.0174398,0.00166,-0.000329,0.0173798
0.002567,0.000125,0.0166018,0.002567,0.000125,0.0165418
0.002862,0.000139,0.0164188,0.002862,0.000139,0.0163588
0.002944,0.000381,0.0168208,0.002944,0.000381,0.0167608
0.002835,-0.000111,0.0166798,0.002835,-0.000111,0.0166198
0.002443,-2.7e-05,0.0168208,0.002443,-2.7e-05,0.0167608
0.002603,-0.000117,0.0164068,0.002603,-0.000117,0.0163468
0.002405,-0.000349,0.0163078,0.002405,-0.000349,0.0162478
0.00236,-0.000341,0.0166788,0.00236,-0.000341,0.0166188
0.002481,0.000123,0.0160328,0.002481,0.000123,0.0159728
0.001888,-0.002603,0.0049298,0.0018894,-0.0026049,0.0048875
0.002262,-0.002638,0.0048478,0.0022636,-0.0026399,0.0048056
0.00195,-0.002955,0.0052218,0.0019514,-0.0029572,0.0051786
0.002286,-0.002705,0.0052248,0.0022877,-0.002707,0.0051816
-0.002585,-0.001595,0.0181728,-0.002585,-0.001595,0.0181128
-0.002308,-0.001449,0.0168258,-0.002308,-0.001449,0.0167658
-0.002776,-0.000967,0.0162678,-0.002776,-0.000967,0.0162078
-0.002684,-0.001118,0.0165278,-0.002684,-0.001118,0.0164678
-0.002728,-0.001,0.0168368,-0.002728,-0.001,0.0167768
-0.002651,-0.001336,0.0163178,-0.002651,-0.001336,0.0162578
-0.002211,-0.000693,0.0131908,-0.0022112,-0.0006931,0.0131322
-0.002013,-0.001012,0.0131638,-0.0020132,-0.0010121,0.0131053
-0.001681,-0.000785,0.0132278,-0.0016811,-0.0007851,0.0131692
-0.001507,-0.001066,0.0131338,-0.0015071,-0.0010661,0.0130754
-0.001536,-0.000956,0.0135588,-0.0015361,-0.000956,0.0134998
-0.001564,-0.000701,0.0138748,-0.001564,-0.000701,0.0138155
-0.001934,-0.000608,0.0131868,-0.0019342,-0.0006081,0.0131283
-0.001949,-0.000259,0.0133938,-0.0019491,-0.000259,0.013335
-0.001912,-0.000965,0.0135298,-0.0019121,-0.000965,0.0134708
-0.002291,-0.00096,0.0134598,-0.0022911,-0.0009601,0.0134009
-0.001956,-0.000806,0.0138828,-0.0019561,-0.000806,0.0138234
-0.002168,-0.000454,0.0133598,-0.0021681,-0.000454,0.013301
-0.00242,-0.000603,0.0134988,-0.0024201,-0.000603,0.0134398
-0.001376,-0.000656,0.0134978,-0.0013761,-0.000656,0.013439
-0.002345,-0.000181,0.0134728,-0.0023451,-0.000181,0.0134139
-0.002249,-0.000631,0.0138548,-0.0022491,-0.000631,0.0137954
-0.002398,-0.001404,0.0135878,-0.0023981,-0.0014041,0.0135287
-0.003327,-0.001187,0.0180298,-0.003327,-0.001187,0.0179698
-0.002898,-0.000869,0.0181818,-0.002898,-0.000869,0.0181218
-0.002533,-0.00082,0.0181188,-0.002533,-0.00082,0.0180588
-0.001196,-0.000547,0.0183408,-0.001196,-0.000547,0.0182808
-0.001146,-0.000534,0.0176028,-0.001146,-0.000534,0.0175428
-0.001879,-0.000562,0.0173478,-0.001879,-0.000562,0.0172878
-0.001616,-0.000628,0.0172878,-0.001616,-0.000628,0.0172278
-0.001554,-0.000314,0.0170398,-0.001554,-0.000314,0.0169798
-0.001179,-0.000329,0.0171618,-0.001179,-0.000329,0.0171018
-0.001401,6e-05,0.0170888,-0.001401,6e-05,0.0170288
-0.001335,-0.000717,0.0174168,-0.001335,-0.000717,0.0173568
-0.001808,-0.000559,0.0169768,-0.001808,-0.000559,0.0169168
-0.002726,-0.000621,0.0164358,-0.002726,-0.000621,0.0163758
-0.001842,-0.000114,0.0164178,-0.001842,-0.000114,0.0163578
-0.002286,-0.000148,0.0167998,-0.002286,-0.000148,0.0167398
-0.002606,0.000138,0.0162498,-0.002606,0.000138,0.0161898
-0.002597,-0.000275,0.0168818,-0.002597,-0.000275,0.0168218
-0.000735,-0.000531,0.0187288,-0.000735,-0.000531,0.0186688
-0.000848,-0.000332,0.0185068,-0.000848,-0.000332,0.0184468
-0.000469,-0.000352,0.0185938,-0.000469,-0.000352,0.0185338
-0.000736,-0.000191,0.0188698,-0.000736,-0.000191,0.0188098
-0.00118,-0.000236,0.0190238,-0.00118,-0.000236,0.0189638
-0.001028,-0.000528,0.0190598,-0.001028,-0.000528,0.0189998
-0.003321,-0.000819,0.0177498,-0.003321,-0.000819,0.0176898
-0.003557,-0.000551,0.0177648,-0.003557,-0.000551,0.0177048
-0.003234,-0.00078,0.0173818,-0.003234,-0.00078,0.0173218
-0.003399,-0.00047,0.0158258,-0.003399,-0.00047,0.0157658
-0.003072,-0.000602,0.0157888,-0.003072,-0.000602,0.0157288
-0.003037,-0.000315,0.0156338,-0.003037,-0.000315,0.0155738
-0.002656,-0.000499,0.0154668,-0.002656,-0.000499,0.0154068
-0.003035,0.000103,0.0154808,-0.003035,0.000103,0.0154208
-0.003051,-5.1e-05,0.0160468,-0.003051,-5.1e-05,0.0159868
-0.003096,-0.000262,0.0152818,-0.003096,-0.000262,0.0152218
-0.002931,-0.000458,0.0161208,-0.002931,-0.000458,0.0160608
-0.00274,-0.000611,0.0160228,-0.00274,-0.000611,0.0159628
-0.003269,-0.000516,0.0154728,-0.003269,-0.000516,0.0154128
-0.003031,-0.000697,0.0153378,-0.003031,-0.000697,0.0152778
-0.002867,-0.000302,0.0180628,-0.002867,-0.000302,0.0180028
-0.001689,0.000196,0.0170298,-0.001689,0.000196,0.0169698
-0.001469,0.000462,0.0171058,-0.001469,0.000462,0.0170458
-0.001223,0.000495,0.0169298,-0.001223,0.000495,0.0168698
-0.001448,0.000833,0.0170188,-0.001448,0.000833,0.0169588
-0.001857,-7.4e-05,0.0171748,-0.001857,-7.4e-05,0.0171148
-0.001888,8e-06,0.0167118,-0.001888,8e-06,0.0166518
-0.002489,0.000267,0.0165588,-0.002489,0.000267,0.0164988
-0.002584,0.001006,0.0164058,-0.002584,0.001006,0.0163458
-0.002548,0.000413,0.0168138,-0.002548,0.000413,0.0167538
-0.002726,-1.7e-05,0.0158428,-0.002726,-1.7e-05,0.0157828
-0.003155,0.00038,0.0157108,-0.003155,0.00038,0.0156508
-0.002416,-0.000213,0.0156898,-0.002416,-0.000213,0.0156298
-0.002699,0.000497,0.0154898,-0.002699,0.000497,0.0154298
-0.003129,0.00039,0.0160718,-0.003129,0.00039,0.0160118
-0.003053,0.000508,0.0153608,-0.003053,0.000508,0.0153008
-0.003309,-7.5e-05,0.0157698,-0.003309,-7.5e-05,0.0157098
-0.003304,0.000154,0.0148498,-0.003304,0.000154,0.0147899
-0.002907,8e-05,0.0149358,-0.002907,8e-05,0.0148759
-0.003063,0.000511,0.0148788,-0.003063,0.000511,0.0148189
-0.002715,0.00039,0.0148158,-0.002715,0.00039,0.0147559
-0.002677,-6e-06,0.0154328,-0.002677,-6e-06,0.0153728
-0.003251,-9.8e-05,0.0150228,-0.003251,-9.8e-05,0.0149628
-0.003035,-0.000294,0.0148708,-0.003035,-0.000294,0.0148109
-0.00089,0.000451,0.0146098,-0.00089,0.000451,0.01455
-0.000552,0.000428,0.0145298,-0.000552,0.000428,0.01447
-0.000235,0.000501,0.0146198,-0.000235,0.000501,0.01456
-0.000481,0.000881,0.0145458,-0.000481,0.000881,0.014486
-0.000157,0.000846,0.0145328,-0.000157,0.000846,0.014473
0.000264,0.000901,0.0146598,0.000264,0.000901,0.0146
-0.000169,0.001187,0.0146218,-0.000169,0.001187,0.014562
-0.000865,0.000825,0.0145748,-0.000865,0.000825,0.014515
-0.000426,0.001219,0.0147868,-0.000426,0.001219,0.0147269
-0.000544,0.000934,0.0149798,-0.000544,0.000934,0.0149199
-0.000564,0.000511,0.0149488,-0.000564,0.000511,0.0148889
-9.6e-05,0.00033,0.0149298,-9.6e-05,0.00033,0.0148699
0.000282,0.000585,0.0150698,0.000282,0.000585,0.0150099
-0.000886,0.000427,0.0150328,-0.000886,0.000427,0.0149729
-0.000625,9.8e-05,0.0148068,-0.000625,9.8e-05,0.0147469
-0.000464,0.000527,0.0154358,-0.000464,0.000527,0.0153758
-0.000819,0.000845,0.0149708,-0.000819,0.000845,0.0149109
-0.000847,0.000729,0.0154628,-0.000847,0.000729,0.0154028
-0.00104,0.000442,0.0153548,-0.00104,0.000442,0.0152948
-0.001616,0.001268,0.0169958,-0.001616,0.001268,0.0169358
-0.001245,0.001177,0.0169748,-0.001245,0.001177,0.0169148
-0.001226,0.000847,0.0173998,-0.001226,0.000847,0.0173398
-0.001912,0.001145,0.0168288,-0.001912,0.001145,0.0167688
-0.00176,0.000667,0.0171458,-0.00176,0.000667,0.0170858
-0.001952,0.000754,0.0168658,-0.001952,0.000754,0.0168058
-0.002703,0.001302,0.0163788,-0.002703,0.001302,0.0163188
-0.002342,0.001318,0.0168518,-0.002342,0.001318,0.0167918
-0.00253,0.000713,0.0165538,-0.00253,0.000713,0.0164938
-0.002824,0.000847,0.0166748,-0.002824,0.000847,0.0166148
-0.002696,0.000909,0.0160508,-0.002696,0.000909,0.0159908
-0.003309,0.001046,0.0180028,-0.003309,0.001046,0.0179428
-0.002888,0.001058,0.0179768,-0.002888,0.001058,0.0179168
-0.00043,0.001146,0.0178078,-0.00043,0.001146,0.0177478
-0.001048,0.000626,0.0179498,-0.001048,0.000626,0.0178898
-0.003236,0.000668,0.0180318,-0.003236,0.000668,0.0179718
-0.00283,0.00074,0.0180218,-0.00283,0.00074,0.0179618
-0.003217,0.00062,0.0176658,-0.003217,0.00062,0.0176058
-0.002233,0.002247,0.0181278,-0.002233,0.002247,0.0180678
-0.000499,-0.003456,0.0044958,-0.0004993,-0.0034583,0.0044544
-0.000796,-0.003331,0.0044748,-0.0007965,-0.0033332,0.0044335
0.002337,0.00216,0.0180808,0.002337,0.00216,0.0180208
0.002774,0.00214,0.0182018,0.002774,0.00214,0.0181418
0.000469,0.003547,0.0180868,0.000469,0.003547,0.0180268
0.000373,0.001587,0.0172518,0.000373,0.001587,0.0171918
0.00071,0.001512,0.0171418,0.00071,0.001512,0.0170818
0.000227,0.001903,0.0170518,0.000227,0.001903,0.0169918
-0.000139,0.001967,0.0169928,-0.000139,0.001967,0.0169328
0.000349,0.001879,0.0167668,0.000349,0.001879,0.0167068
0.000664,0.002522,0.0166978,0.000664,0.002522,0.0166378
0.000427,0.002735,0.0159338,0.000427,0.002735,0.0158738
0.000449,0.002371,0.0161588,0.000449,0.002371,0.0160988
0.000296,0.002966,0.0155528,0.000296,0.002966,0.0154928
0.000701,0.002997,0.0156628,0.000701,0.002997,0.0156028
0.000641,0.002926,0.0160318,0.000641,0.002926,0.0159718
0.000147,0.002888,0.0160108,0.000147,0.002888,0.0159508
0.000371,0.00311,0.0161898,0.000371,0.00311,0.0161298
-0.002173,-0.002797,0.0051718,-0.0021746,-0.0027991,0.0051288
-0.000876,-0.001751,0.0067798,-0.000877,-0.0017529,0.0067333
-0.001234,-0.001761,0.0067918,-0.0012353,-0.0017629,0.0067452
-0.001515,-0.001499,0.0067958,-0.0015166,-0.0015006,0.0067492
-0.001195,-0.001818,0.0071878,-0.0011963,-0.0018199,0.0071402
-0.001128,-0.002242,0.0065158,-0.0011291,-0.0022442,0.0064699
-0.001193,-0.002439,0.0063808,-0.0011941,-0.0024413,0.0063351
-0.001218,-0.002387,0.0067768,-0.0012192,-0.0023893,0.0067302
-0.00112,-0.000984,0.0065218,-0.0011213,-0.0009852,0.0064764
-0.001535,-0.000954,0.0070538,-0.0015368,-0.0009551,0.0070066
-0.001508,-0.001725,0.0069928,-0.0015095,-0.0017268,0.0069457
-0.001616,-0.002391,0.0070848,-0.0016175,-0.0023932,0.0070375
-0.00159,-0.002311,0.0074398,-0.0015915,-0.0023131,0.0073916
-0.001572,-0.001814,0.0074408,-0.0015735,-0.0018158,0.0073925
-0.001173,-0.001976,0.0074948,-0.0011742,-0.001978,0.0074464
-0.001554,-0.002014,0.0078638,-0.0015554,-0.0020158,0.0078146
-0.001977,-0.001688,0.0075278,-0.0019788,-0.0016896,0.0074793
-0.002102,-0.001465,0.0077308,-0.0021039,-0.0014664,0.0076819
-0.001815,-0.002302,0.0072538,-0.0018167,-0.0023041,0.007206
-0.001964,-0.002543,0.0070958,-0.0019658,-0.0025453,0.0070484
-0.001985,-0.002424,0.0074838,-0.0019867,-0.0024261,0.0074356
-0.001453,-0.003283,0.0045278,-0.001454,-0.0032852,0.0044863
-0.001091,-0.003235,0.0044348,-0.0010917,-0.0032371,0.0043936
-0.001837,-0.003013,0.0044888,-0.0018382,-0.003015,0.0044474
-0.001523,-0.002942,0.0044488,-0.001524,-0.0029439,0.0044076
-0.000909,-0.002679,0.0046438,-0.0009096,-0.0026808,0.0046025
-0.001647,-0.00276,0.0050118,-0.0016482,-0.002762,0.0049693
0.003031,0.000729,0.0052508,0.0030333,0.0007296,0.0052078
-0.002905,-0.001149,0.0055388,-0.0029073,-0.0011499,0.0054951
-0.002583,-0.001205,0.0055338,-0.0025851,-0.001206,0.0054902
-0.002732,-0.001091,0.0061068,-0.0027344,-0.001092,0.0060618
-0.002277,-0.000952,0.0069938,-0.0022793,-0.0009529,0.0069467
-0.002324,-0.001436,0.0075148,-0.0023261,-0.0014373,0.0074664
-0.002572,-0.001068,0.0074888,-0.0025743,-0.001069,0.0074405
-0.00262,-0.000818,0.0077268,-0.0026224,-0.0008187,0.0076779
-0.002883,-0.001513,0.0082268,-0.0028853,-0.0015142,0.0081771
-0.000491,-0.000357,0.0056598,-0.0004916,-0.0003574,0.0056177
-0.001162,-0.000553,0.0059618,-0.0011633,-0.0005536,0.0059183
-0.001187,-0.000308,0.0062678,-0.0011884,-0.0003084,0.0062234
-0.001281,-0.000886,0.0061568,-0.0012824,-0.000887,0.0061124
-0.001081,-0.000693,0.0063348,-0.0010823,-0.0006938,0.0062901
-0.001791,-0.000523,0.0063148,-0.0017929,-0.0005236,0.0062697
-0.001593,-0.000283,0.0063428,-0.0015948,-0.0002833,0.0062978
-0.001555,-0.000775,0.0067068,-0.0015568,-0.0007759,0.0066606
-0.0016,-0.000298,0.0068178,-0.0016019,-0.0002984,0.0067714
-0.00131,-0.00078,0.0065558,-0.0013116,-0.0007809,0.0065102
-0.001362,-0.000632,0.0069698,-0.0013637,-0.0006328,0.0069229
-0.002053,-0.000376,0.0066848,-0.0020552,-0.0003764,0.0066385
-0.001816,-0.000242,0.0071658,-0.0018181,-0.0002423,0.0071183
-0.002429,-0.000685,0.0070998,-0.0024314,-0.0006857,0.0070524
-0.002215,-0.000355,0.0072018,-0.0022173,-0.0003554,0.0071541
-0.002329,-0.000111,0.0075008,-0.0023313,-0.0001111,0.0074524
-0.002656,-0.000366,0.0075408,-0.0026584,-0.0003663,0.0074923
-0.002551,-0.000364,0.0078428,-0.0025533,-0.0003644,0.0077937
-0.002605,-0.000628,0.0080968,-0.0026073,-0.0006285,0.0080471
-0.00087,-0.000932,0.0088578,-0.0008709,-0.000933,0.0088056
-0.000571,-0.001069,0.0089098,-0.0005716,-0.0010701,0.0088574
-0.000272,-0.000982,0.0088898,-0.0002723,-0.000983,0.008837
-0.00048,-0.000629,0.0088488,-0.0004805,-0.0006296,0.0087957
-1.5e-05,-0.000737,0.0088488,-1.5e-05,-0.0007378,0.0087956
0.000202,-0.000687,0.0091638,0.0002021,-0.0006875,0.0091097
0.000546,-0.000428,0.0109528,0.0005461,-0.0004281,0.0108962
-0.000198,-0.000511,0.0110748,-0.000198,-0.0005111,0.0110182
-0.000826,-0.000552,0.0088478,-0.0008269,-0.0005526,0.0087951
-0.000969,-0.000698,0.0092168,-0.0009698,-0.0006986,0.0091635
-0.000451,-0.00021,0.0089088,-0.0004514,-0.0002102,0.008855
-0.000406,-0.001118,0.0092358,-0.0004063,-0.0011189,0.0091824
-4.3e-05,-0.000982,0.0091858,-4.3e-05,-0.0009828,0.0091321
-0.00039,-0.000714,0.0095958,-0.0003901,-0.0007143,0.0095409
-0.000438,-0.001082,0.0098928,-0.0004382,-0.0010824,0.0098377
-0.00025,0.000267,0.0109508,-0.00025,0.000267,0.0108942
-0.000255,-0.000516,0.0114728,-0.000255,-0.000516,0.0114157
-0.000696,-0.000394,0.0090558,-0.0006966,-0.0003943,0.0090022
-0.000954,7e-06,0.0091628,-0.0009548,7e-06,0.0091091
-0.000798,-0.000698,0.0096128,-0.0007984,-0.0006984,0.0095582
-0.000979,-0.000657,0.0099618,-0.0009793,-0.0006572,0.0099066
-0.000778,-0.00135,0.0092248,-0.0007787,-0.0013512,0.0091721
-0.00229,-0.000714,0.0102898,-0.0022913,-0.0007144,0.0102357
-0.002058,-0.001004,0.0103348,-0.0020592,-0.0010046,0.0102805
-0.001789,-0.000914,0.0103728,-0.0017899,-0.0009144,0.010318
-0.001589,-0.000642,0.0103288,-0.0015897,-0.0006423,0.0102736
-0.001724,-0.000117,0.0103848,-0.0017247,-0.0001171,0.0103295
-0.001605,-0.00091,0.0106938,-0.0016055,-0.0009103,0.0106381
-0.00147,-0.001067,0.0112748,-0.0014702,-0.0010672,0.0112181
-0.000986,0.00023,0.0115528,-0.0009861,0.00023,0.0114956
-0.000918,-0.000511,0.0122798,-0.0009181,-0.0005111,0.0122219
-0.00197,-0.000582,0.0103128,-0.0019711,-0.0005823,0.0102582
-0.002,-0.000189,0.0104018,-0.002001,-0.0001891,0.010347
-0.00189,-0.000649,0.0106488,-0.0018907,-0.0006493,0.0105934
-0.001963,-0.000992,0.0106828,-0.0019639,-0.0009924,0.0106276
-0.002281,-0.000999,0.0106328,-0.0022822,-0.0009995,0.0105781
-0.002018,-0.001042,0.0110338,-0.0020187,-0.0010424,0.010978
-0.002161,-0.000449,0.0105188,-0.0021621,-0.0004492,0.010464
-0.002313,-0.000654,0.0106868,-0.0023141,-0.0006543,0.0106319
-0.001331,-0.000589,0.0105968,-0.0013313,-0.0005891,0.0105408
-0.002379,-0.000276,0.0106948,-0.0023802,-0.0002761,0.0106398
-0.002321,-0.000681,0.0109888,-0.0023219,-0.0006813,0.0109333
-0.002138,-0.001397,0.0105488,-0.0021391,-0.0013978,0.0104943
-0.002324,-0.001003,0.0110468,-0.002325,-0.0010034,0.0109913
0.001229,0.002877,0.0052968,0.0012299,0.0028792,0.0052536
-0.00336,0.00104,0.0052498,-0.0033625,0.0010408,0.0052066
-0.002904,0.001065,0.0051718,-0.0029062,0.0010658,0.0051289
-0.002116,0.001486,0.0063868,-0.002118,0.0014874,0.0063412
-0.001908,0.001737,0.0065198,-0.0019099,0.0017387,0.0064738
-0.001656,0.001487,0.0063288,-0.0016577,0.0014885,0.0062835
-0.001664,0.001922,0.0067708,-0.0016656,0.0019239,0.0067242
-0.001676,0.001552,0.0067308,-0.0016777,0.0015536,0.0066843
-0.001296,0.001507,0.0067298,-0.0012974,0.0015087,0.0066834
-0.001631,0.001425,0.0070908,-0.0016327,0.0014265,0.0070434
-0.001984,0.002076,0.0067068,-0.0019859,0.002078,0.0066603
-0.002102,0.002081,0.0070848,-0.002104,0.0020829,0.0070374
-0.002106,0.001431,0.0071528,-0.0021081,0.0014324,0.0071053
-0.002745,0.001578,0.0071228,-0.0027475,0.0015794,0.0070753
-0.002478,0.002026,0.0071558,-0.0024802,0.0020278,0.0071082
-0.00246,0.002064,0.0074698,-0.0024621,0.0020658,0.0074216
-0.002784,0.001578,0.0075238,-0.0027864,0.0015794,0.0074755
-0.002446,0.001532,0.0077878,-0.0024481,0.0015333,0.0077388
-0.002687,0.001968,0.0072748,-0.0026893,0.0019697,0.007227
-0.002776,0.001477,0.0082118,-0.0027782,0.0014782,0.0081621
-0.00066,0.001002,0.0057108,-0.0006607,0.001003,0.0056682
-0.000451,0.001175,0.0054628,-0.0004514,0.0011761,0.0054209
-0.001192,0.001265,0.0060088,-0.0011932,0.0012663,0.0059647
-0.001157,0.001311,0.0064398,-0.0011583,0.0013125,0.0063944
-0.001347,0.00068,0.0062448,-0.0013485,0.0006808,0.0062002
-0.002004,0.00095,0.0066868,-0.0020061,0.000951,0.0066405
-0.001657,0.00089,0.0067518,-0.0016589,0.000891,0.0067054
-0.001617,0.001157,0.0063738,-0.0016187,0.0011582,0.0063285
-0.001455,0.00114,0.0066778,-0.0014566,0.0011413,0.0066316
-0.001202,0.000822,0.0067018,-0.0012035,0.000823,0.0066558
-0.001644,0.000963,0.0071248,-0.0016458,0.0009641,0.0070774
-0.001854,0.001217,0.0065188,-0.0018559,0.0012183,0.006473
-0.001812,0.000641,0.0066298,-0.001814,0.0006417,0.0065838
-0.001993,0.000934,0.0071078,-0.0019951,0.000935,0.0070604
-0.002335,0.000903,0.0071148,-0.0023373,0.0009039,0.0070674
-0.002382,0.001221,0.0072028,-0.0023843,0.0012222,0.0071551
-0.002607,0.001226,0.0074978,-0.0026094,0.0012271,0.0074495
-0.002634,0.000777,0.0076118,-0.0026364,0.0007777,0.0075632
-0.002524,0.000612,0.0073058,-0.0025264,0.0006126,0.0072579
-0.002684,0.000356,0.0075528,-0.0026865,0.0003564,0.0075043
-0.002716,0.000776,0.0079468,-0.0027183,0.0007766,0.0078975
0.001612,-0.003119,0.0180758,0.001612,-0.003119,0.0180158
0.00197,-0.002942,0.0181338,0.00197,-0.002942,0.0180738
0.000481,-0.003041,0.0180468,0.000481,-0.003041,0.0179868
0.000181,-0.001257,0.0179728,0.000181,-0.001257,0.0179128
0.00025,-0.000858,0.0181438,0.00025,-0.000858,0.0180838
0.000287,-0.001301,0.0176548,0.000287,-0.001301,0.0175948
0.000689,-0.001221,0.0171818,0.000689,-0.001221,0.0171218
0.000163,-0.001442,0.0170458,0.000163,-0.001442,0.0169858
0.000373,-0.002272,0.0172468,0.000373,-0.002272,0.0171868
0.00023,-0.002129,0.0165738,0.00023,-0.002129,0.0165138
0.000348,-0.00287,0.0163088,0.000348,-0.00287,0.0162488
0.000777,-0.002856,0.0162718,0.000777,-0.002856,0.0162118
0.000212,-0.002525,0.0166918,0.000212,-0.002525,0.0166318
0.000443,-0.002837,0.0168868,0.000443,-0.002837,0.0168268
0.001521,-0.000426,0.0172038,0.001521,-0.000426,0.0171438
0.00223,-0.000507,0.0170878,0.00223,-0.000507,0.0170278
0.002029,-0.000294,0.0169248,0.002029,-0.000294,0.0168648
0.001674,-0.000206,0.0170538,0.001674,-0.000206,0.0169938
0.002819,-0.000295,0.0162538,0.002819,-0.000295,0.0161938
0.002636,-0.000546,0.0162738,0.002636,-0.000546,0.0162138
0.002751,0.00192,0.0176088,0.002751,0.00192,0.0175488
0.001784,0.001619,0.0162528,0.001784,0.001619,0.0161928
0.001814,0.00173,0.0164938,0.001814,0.00173,0.0164338
0.002111,0.001553,0.0164568,0.002111,0.001553,0.0163968
0.0023,0.00172,0.0164398,0.0023,0.00172,0.0163798
0.002098,0.001901,0.0163778,0.002098,0.001901,0.0163178
0.002521,0.001972,0.0163768,0.002521,0.001972,0.0163168
0.002095,0.002297,0.0163648,0.002095,0.002297,0.0163048
0.002076,0.001968,0.0166978,0.002076,0.001968,0.0166378
0.002137,0.001664,0.0167758,0.002137,0.001664,0.0167158
0.001835,0.001641,0.0168418,0.001835,0.001641,0.0167818
0.001647,0.001811,0.0160008,0.001647,0.001811,0.0159408
0.002564,0.001406,0.0156348,0.002564,0.001406,0.0155748
0.002583,0.001647,0.0158218,0.002583,0.001647,0.0157618
0.002878,0.001736,0.0158388,0.002878,0.001736,0.0157788
0.00247,0.001936,0.0156138,0.00247,0.001936,0.0155538
0.00264,0.001651,0.0161778,0.00264,0.001651,0.0161178
0.00309,0.001564,0.0153548,0.00309,0.001564,0.0152948
0.00271,0.001874,0.0158258,0.00271,0.001874,0.0157658
0.002562,0.00193,0.0160298,0.002562,0.00193,0.0159698
0.0026,0.001855,0.0152968,0.0026,0.001855,0.0152368
0.002295,-0.00271,0.0180608,0.002295,-0.00271,0.0180008
0.002246,-0.002553,0.0177338,0.002246,-0.002553,0.0176738
-0.000478,0.001332,0.0170558,-0.000478,0.001332,0.0169958
-0.000565,0.001689,0.0172288,-0.000565,0.001689,0.0171688
-8e-06,0.001571,0.0170578,-8e-06,0.001571,0.0169978
-0.000245,0.001686,0.0171858,-0.000245,0.001686,0.0171258
-0.000122,0.001595,0.0174888,-0.000122,0.001595,0.0174288
-0.000359,0.001917,0.0172098,-0.000359,0.001917,0.0171498
-0.000841,0.00191,0.0172068,-0.000841,0.00191,0.0171468
-0.000517,0.003054,0.0157658,-0.000517,0.003054,0.0157058
-0.000147,0.002974,0.0156428,-0.000147,0.002974,0.0155828
-0.000149,0.002979,0.0161388,-0.000149,0.002979,0.0160788
-0.002136,0.00252,0.0054138,-0.0021377,0.0025219,0.0053703
-0.001816,0.002606,0.0054418,-0.0018174,0.002608,0.0053983
-0.001634,0.002718,0.0060008,-0.0016354,0.0027203,0.0059559
-0.002371,0.002674,0.0055238,-0.0023728,0.0026761,0.0054799
-0.002026,0.002385,0.0072838,-0.0020278,0.0023871,0.007236
-0.00167,0.002801,0.0071258,-0.0016715,0.0028035,0.0070783
-0.002097,0.002166,0.0074968,-0.0020988,0.0021679,0.0074485
-0.001618,0.002261,0.0078158,-0.0016194,0.002263,0.0077668
-0.001989,0.002456,0.0083468,-0.0019906,0.0024579,0.0082968
-0.002676,0.002263,0.0052148,-0.002678,0.0022647,0.0051717
-0.002244,0.002218,0.0052308,-0.0022457,0.0022197,0.0051878
-0.002527,0.002455,0.0059718,-0.002529,0.002457,0.0059269
-0.000655,0.003265,0.0187778,-0.000655,0.003265,0.0187178
-0.002719,-0.001933,0.0156808,-0.002719,-0.001933,0.0156208
-0.00244,-0.00208,0.0156818,-0.00244,-0.00208,0.0156218
-0.002347,-0.00179,0.0156238,-0.002347,-0.00179,0.0155638
-0.002131,-0.001557,0.0156708,-0.002131,-0.001557,0.0156108
-0.003077,-0.001782,0.0157018,-0.003077,-0.001782,0.0156418
-0.002175,-0.001236,0.0156268,-0.002175,-0.001236,0.0155668
-0.002425,-0.001499,0.0153758,-0.002425,-0.001499,0.0153158
-0.002362,-0.002245,0.0160268,-0.002362,-0.002245,0.0159668
-0.002974,-0.001506,0.0158248,-0.002974,-0.001506,0.0157648
-0.002687,-0.002321,0.0156998,-0.002687,-0.002321,0.0156398
0.003302,0.000455,0.0157768,0.003302,0.000455,0.0157168
-0.000616,-0.003428,0.0048318,-0.0006165,-0.0034304,0.0047896
-0.000309,-0.003208,0.0047948,-0.0003092,-0.0032103,0.0047528
-0.001164,-0.002974,0.0061588,-0.001165,-0.0029766,0.0061136
-0.001127,-0.002744,0.0063678,-0.001128,-0.0027465,0.0063221
-0.000604,-0.002734,0.0064418,-0.0006046,-0.0027365,0.006396
-0.00126,-0.002348,0.0070888,-0.0012612,-0.0023503,0.0070414
-0.002585,-0.002282,0.0077748,-0.0025871,-0.0022838,0.007726
-0.002448,-0.001874,0.0083048,-0.0024499,-0.0018754,0.0082549
-0.002063,-0.002129,0.0080468,-0.0020647,-0.0021308,0.0079973
-0.002155,-0.002168,0.0084258,-0.0021567,-0.0021697,0.0083756
-0.002602,-0.001931,0.0079088,-0.0026041,-0.0019325,0.0078597
-0.000565,-0.003443,0.0177438,-0.000565,-0.003443,0.0176838
0.003065,0.001084,0.0177618,0.003065,0.001084,0.0177018
0.003409,0.001056,0.0177838,0.003409,0.001056,0.0177238
0.001023,-0.001692,0.0067578,0.0010241,-0.0016939,0.0067114
-5.3e-05,-0.001645,0.0062478,-5.31e-05,-0.0016468,0.006203
0.000351,-0.00166,0.0067858,0.0003514,-0.0016619,0.0067394
-0.000161,-0.001775,0.0067218,-0.0001612,-0.001777,0.0066755
0.00035,-0.001379,0.0068068,0.0003504,-0.0013807,0.0067605
0.000464,-0.001736,0.0071098,0.0004645,-0.001738,0.0070625
0.000453,-0.002206,0.0065008,0.0004535,-0.0022082,0.006455
0.000996,-0.003416,0.0055038,0.0009968,-0.0034186,0.0054599
0.000582,-0.003064,0.0055038,0.0005825,-0.0030664,0.0054602
0.001034,-0.001321,0.0056948,0.001035,-0.0013223,0.0056517
0.001427,-0.000984,0.0058848,0.0014284,-0.000985,0.0058411
0.001372,-0.001294,0.0059418,0.0013734,-0.0012953,0.0058978
0.00092,-0.001198,0.0058578,0.0009209,-0.0011992,0.0058144
0.001177,-0.001389,0.0062748,0.0011783,-0.0013905,0.0062298
0.001491,-0.002116,0.0068488,0.0014925,-0.0021181,0.006802
0.001131,-0.002056,0.0067778,0.0011321,-0.0020581,0.0067312
0.000984,-0.001945,0.0064688,0.000985,-0.001947,0.0064231
0.001594,-0.002489,0.0070848,0.0015955,-0.0024913,0.0070374
0.001663,-0.002521,0.0075398,0.0016645,-0.0025232,0.0074914
0.00147,-0.002867,0.0074268,0.0014713,-0.0028695,0.0073787
0.001,-0.002752,0.0077518,0.0010009,-0.0027544,0.007703
-0.003272,0.001439,0.0178238,-0.003272,0.001439,0.0177638
-0.002898,0.001592,0.0176988,-0.002898,0.001592,0.0176388
0.001776,3.3e-05,0.0068768,0.0017781,3.31e-05,0.0068302
0.001941,-0.000277,0.0068568,0.0019432,-0.0002773,0.0068101
0.002141,0.00011,0.0071428,0.0021433,0.0001101,0.0070953
0.001625,0.000441,0.0067238,0.0016269,0.0004415,0.0066776
0.001497,0.000833,0.0067528,0.0014988,0.000834,0.0067065
0.001672,0.000323,0.0071658,0.001674,0.0003234,0.0071183
0.001811,-0.000128,0.0064548,0.001813,-0.0001282,0.0064093
0.001743,-0.000393,0.0063308,0.0017449,-0.0003934,0.0062857
0.00164,-0.000327,0.0066798,0.0016419,-0.0003274,0.0066338
0.002619,0.000202,0.0070828,0.0026216,0.0002022,0.0070354
0.002299,0.000522,0.0070008,0.0023013,0.0005225,0.0069536
0.002889,0.000627,0.0074588,0.0028916,0.0006276,0.0074106
0.002801,-4.9e-05,0.0073918,0.0028036,-4.91e-05,0.0073437
0.002757,-3.5e-05,0.0077188,0.0027595,-3.5e-05,0.00767
0.003187,-5.8e-05,0.0079418,0.0031896,-5.8e-05,0.0078926
0.002995,0.00037,0.0054968,0.0029974,0.0003703,0.0054532
0.003292,0.000327,0.0054768,0.0032946,0.0003272,0.0054331
0.001397,-4e-06,0.0060468,0.0013985,-4e-06,0.0060029
0.001349,-0.000334,0.0059328,0.0013504,-0.0003344,0.0058893
0.001297,3e-05,0.0064788,0.0012986,3.01e-05,0.0064336
0.00082,0.0002,0.0056748,0.0008209,0.0002002,0.0056327
0.000719,0.000539,0.0056608,0.0007198,0.0005396,0.0056187
0.00072,-0.00014,0.0056538,0.0007208,-0.0001402,0.0056117
0.001659,0.001007,0.0064128,0.0016608,0.0010081,0.0063674
0.002125,0.001243,0.0066808,0.0021271,0.0012443,0.0066345
0.001692,0.001235,0.0067708,0.0016938,0.0012363,0.0067243
0.0018,0.001208,0.0071538,0.0018019,0.0012093,0.0071062
0.001726,0.000635,0.0063098,0.0017279,0.0006357,0.0062647
0.00169,0.00084,0.0071548,0.0016919,0.0008409,0.0071073
0.000152,0.003243,0.0055058,0.0001521,0.0032455,0.0054621
0.000499,0.003213,0.0054628,0.0004994,0.0032155,0.0054192
0.00041,0.002357,0.0064628,0.0004104,0.0023594,0.006417
0.000806,0.002644,0.0067128,0.0008068,0.0026465,0.0066663
0.000433,0.002683,0.0071788,0.0004334,0.0026856,0.0071312
0.000297,0.002294,0.0071618,0.0002973,0.0022963,0.0071142
0.000703,0.003006,0.0075238,0.0007036,0.0030086,0.0074755
0.000309,0.002895,0.0081308,0.0003092,0.0028974,0.0080811
0.000303,0.001551,0.0063058,0.0003033,0.0015528,0.0062609
0.000553,0.001635,0.0065178,0.0005536,0.0016369,0.0064722
0.000723,0.001617,0.0067418,0.0007238,0.0016189,0.0066955
0.00108,0.001601,0.0066898,0.0010812,0.0016028,0.0066436
0.000299,0.001531,0.0067398,0.0002994,0.0015329,0.0066937
0.000591,0.00157,0.0070758,0.0005917,0.0015719,0.0070286
0.000378,0.001936,0.0066198,0.0003784,0.0019381,0.0065738
-0.000116,0.001984,0.0066748,-0.0001161,0.0019861,0.0066286
0.000289,0.002038,0.0070008,0.0002893,0.0020402,0.0069537
-9.1e-05,0.001564,0.0068458,-9.11e-05,0.0015659,0.0067993
0.000164,0.001474,0.0071388,0.0001642,0.0014759,0.0070914
0.000358,0.002545,0.0073918,0.0003584,0.0025475,0.0073437
-0.000154,0.002602,0.0074648,-0.0001541,0.0026045,0.0074165
0.000296,0.002757,0.0077868,0.0002963,0.0027594,0.0077378
0.000269,0.002237,0.0082408,0.0002693,0.0022391,0.0081908
0.000165,0.003114,0.0077788,0.0001651,0.0031166,0.0077299
0.000514,0.00303,0.0078478,0.0005144,0.0030325,0.0077988
0.000702,0.002761,0.0081828,0.0007026,0.0027633,0.0081331
0.000622,0.002921,0.0085588,0.0006225,0.0029233,0.0085083
0.000269,0.003196,0.0085038,0.0002692,0.0031984,0.0084536
0.001569,0.002905,0.0177648,0.001569,0.002905,0.0177048
0.001943,0.002933,0.0176878,0.001943,0.002933,0.0176278
0.001983,0.002543,0.0176648,0.001983,0.002543,0.0176048
0.002419,0.002545,0.0177718,0.002419,0.002545,0.0177118
0.001695,0.00205,0.0154578,0.001695,0.00205,0.0153978
0.001701,0.002479,0.0156188,0.001701,0.002479,0.0155588
0.002147,0.002318,0.0154808,0.002147,0.002318,0.0154208
0.001806,0.002494,0.0160808,0.001806,0.002494,0.0160208
-0.002663,0.002234,0.0048438,-0.0026649,0.0022355,0.0048016
-0.002292,0.002236,0.0047658,-0.0022936,0.0022376,0.0047239
0.003087,-0.001612,0.0052288,0.0030893,-0.0016132,0.0051856
0.003338,-0.00137,0.0052228,0.0033405,-0.001371,0.0051796
0.001094,0.001709,0.0063618,0.0010951,0.0017108,0.0063165
0.001301,0.001933,0.0067108,0.0013023,0.001935,0.0066644
0.001428,0.001547,0.0067478,0.0014295,0.0015487,0.0067013
0.001375,0.001626,0.0071248,0.0013765,0.0016278,0.0070773
0.000877,0.001768,0.0065008,0.000878,0.0017699,0.0064551
0.000944,0.001459,0.0069878,0.0009451,0.0014607,0.0069408
0.000855,-0.000592,0.0178638,0.000855,-0.000592,0.0178038
0.001291,-0.000621,0.0177668,0.001291,-0.000621,0.0177068
0.001349,-0.000234,0.0175808,0.001349,-0.000234,0.0175208
0.003432,-0.00081,0.0052408,0.0034345,-0.0008106,0.0051976
0.001261,-0.003095,0.0051298,0.0012619,-0.0030973,0.0050869
0.002617,-0.002448,0.0180658,0.002617,-0.002448,0.0180058
0.000851,-0.003489,0.0052098,0.0008516,-0.0034916,0.0051666
0.000934,-0.003158,0.0051528,0.0009347,-0.0031603,0.0051099
0.002746,0.001628,0.0181178,0.002746,0.001628,0.0180578
-0.000871,-0.000949,0.0171548,-0.000871,-0.000949,0.0170948
-0.000476,-0.001048,0.0171028,-0.000476,-0.001048,0.0170428
-0.000954,-0.000632,0.0170868,-0.000954,-0.000632,0.0170268
-0.001241,-0.001023,0.0172828,-0.001241,-0.001023,0.0172228
-0.001114,-0.001133,0.0170088,-0.001114,-0.001133,0.0169488
-0.001217,-0.001316,0.0162478,-0.001217,-0.001316,0.0161878
-0.001117,-0.001202,0.0165278,-0.001117,-0.001202,0.0164678
-0.000666,-0.001209,0.0164728,-0.000666,-0.001209,0.0164128
-0.000636,-0.001439,0.0167498,-0.000636,-0.001439,0.0166898
-0.001226,-0.00122,0.0167928,-0.001226,-0.00122,0.0167328
-0.000891,-0.001736,0.0167598,-0.000891,-0.001736,0.0166998
-0.000468,-0.001397,0.0162518,-0.000468,-0.001397,0.0161918
-0.001047,-0.001008,0.0166628,-0.001047,-0.001008,0.0166028
-0.001256,-0.000848,0.0167938,-0.001256,-0.000848,0.0167338
-0.001259,-0.001841,0.0167528,-0.001259,-0.001841,0.0166928
-0.00156,-0.001307,0.0168428,-0.00156,-0.001307,0.0167828
-0.001831,-0.001241,0.0162978,-0.001831,-0.001241,0.0162378
-0.001923,-0.001885,0.0156338,-0.001923,-0.001885,0.0155738
-0.00128,-0.00207,0.0155308,-0.00128,-0.00207,0.0154708
-0.001571,-0.001792,0.0155548,-0.001571,-0.001792,0.0154948
-0.001612,-0.002247,0.0160678,-0.001612,-0.002247,0.0160078
-0.001665,-0.002118,0.0154388,-0.001665,-0.002118,0.0153788
-0.00131,-0.001625,0.0156408,-0.00131,-0.001625,0.0155808
-0.001566,-0.001414,0.0157958,-0.001566,-0.001414,0.0157358
-0.001549,-0.001635,0.0161538,-0.001549,-0.001635,0.0160938
-0.001567,-0.001454,0.0153618,-0.001567,-0.001454,0.0153018
-0.001986,-0.001702,0.0160448,-0.001986,-0.001702,0.0159848
-0.002128,-0.001834,0.0152258,-0.002128,-0.001834,0.0151658
-0.00191,-0.001396,0.0159758,-0.00191,-0.001396,0.0159158
-0.001891,-0.002378,0.0157938,-0.001891,-0.002378,0.0157338
-0.001946,-0.002115,0.0153038,-0.001946,-0.002115,0.0152438
-0.002841,-0.001967,0.0178118,-0.002841,-0.001967,0.0177518
-0.002554,-0.001825,0.0176718,-0.002554,-0.001825,0.0176118
-0.003072,-0.001784,0.0176848,-0.003072,-0.001784,0.0176248
0.003088,-0.001167,0.0047508,0.0030902,-0.0011678,0.0047089
0.003393,-0.001117,0.0048748,0.0033954,-0.0011178,0.0048325
0.001826,-0.001431,0.0063468,0.0018278,-0.0014324,0.0063014
0.002063,-0.001378,0.0067038,0.0020651,-0.0013794,0.0066574
0.001674,-0.001094,0.0064758,0.0016758,-0.0010951,0.0064301
0.001659,-0.000894,0.0067848,0.0016609,-0.000895,0.0067383
0.0017,-0.000565,0.0068258,0.001702,-0.0005657,0.0067793
0.001623,-0.001025,0.0071498,0.0016248,-0.0010262,0.0071023
0.001522,-0.001371,0.0071458,0.0015236,-0.0013725,0.0070983
0.001815,-0.002046,0.0072468,0.0018167,-0.0020479,0.007199
0.002238,-0.001949,0.0072428,0.0022401,-0.0019508,0.0071951
0.002493,-0.001739,0.0071828,0.0024953,-0.0017406,0.0071352
0.002111,-0.001668,0.0071328,0.002113,-0.0016696,0.0070853
0.002119,-0.00169,0.0076248,0.0021209,-0.0016915,0.0075762
0.002013,-0.002031,0.0075398,0.0020148,-0.0020328,0.0074914
0.001681,-0.002101,0.0075248,0.0016826,-0.002103,0.0074764
0.001684,-0.00172,0.0076038,0.0016856,-0.0017217,0.0075551
0.002513,-0.001783,0.0075898,0.0025152,-0.0017846,0.0075413
0.001426,-0.001475,0.0074368,0.0014275,-0.0014766,0.0073886
0.001555,-0.001623,0.0079138,0.0015565,-0.0016246,0.0078645
0.00184,-0.002325,0.0072678,0.0018417,-0.0023271,0.00722
0.002787,-0.001593,0.0054758,0.0027892,-0.0015942,0.0054321
0.002686,-0.001192,0.0054898,0.0026882,-0.001193,0.0054463
0.002756,-0.001127,0.0061398,0.0027584,-0.001128,0.0060947
0.002825,-0.00101,0.0072248,0.0028276,-0.0010109,0.0071771
0.002815,-0.001381,0.0075568,0.0028174,-0.0013822,0.0075084
0.002467,-0.001472,0.0074928,0.0024692,-0.0014733,0.0074445
0.002832,-0.001336,0.0078708,0.0028343,-0.0013371,0.0078217
0.002622,-0.001216,0.0073388,0.0026244,-0.0012171,0.0072908
0.002508,-0.001299,0.0081338,0.0025101,-0.0013001,0.0080841
0.000128,-0.003279,0.0176458,0.000128,-0.003279,0.0175858
-0.00161,-0.0,0.0065848,-0.0016119,0.0,0.0065391
-0.001584,0.000523,0.0069218,-0.0015859,0.0005236,0.006875
-0.001334,9.7e-05,0.0066928,-0.0013357,9.71e-05,0.0066469
-0.001501,8.8e-05,0.0070228,-0.0015029,8.81e-05,0.0069758
-0.00184,-0.000165,0.0065218,-0.001842,-0.0001652,0.0064761
-0.002293,0.000443,0.0071208,-0.0022954,0.0004434,0.0070733
-0.00193,9e-06,0.0074318,-0.0019322,9e-06,0.0073836
-0.002797,0.000432,0.0078568,-0.0027994,0.0004324,0.0078077
-0.00254,-0.000174,0.0072698,-0.0025425,-0.0001742,0.007222
-0.002709,0.000171,0.0079598,-0.0027114,0.0001711,0.0079104
-0.003276,-1.4e-05,0.0054538,-0.0032785,-1.4e-05,0.0054102
-0.003572,0.000381,0.0059658,-0.0035749,0.0003813,0.0059209
-0.003089,-0.000202,0.0078508,-0.0030916,-0.0002022,0.0078018
-0.003063,-2e-06,0.0081538,-0.0030655,-2e-06,0.0081042
-0.003023,0.00096,0.0077888,-0.0030255,0.0009608,0.0077399
-0.003192,0.000374,0.0081668,-0.0031945,0.0003743,0.0081172
-0.002637,0.000146,0.0082358,-0.0026392,0.0001461,0.0081858
-0.002861,2.8e-05,0.0085258,-0.0028632,2.8e-05,0.0084754
-0.003324,-0.000103,0.0079328,-0.0033267,-0.0001031,0.0078837
0.002786,0.001682,0.0054138,0.0027882,0.0016833,0.0053703
-0.001438,0.002516,0.0054388,-0.0014391,0.002518,0.0053954
-0.000882,0.002712,0.0060208,-0.0008828,0.0027144,0.005976
-0.00121,0.002746,0.0059198,-0.001211,0.0027484,0.0058752
-0.001307,0.001579,0.0062548,-0.0013083,0.0015806,0.0062097
-0.000648,0.001616,0.0064398,-0.0006487,0.0016178,0.0063944
-0.000894,0.001552,0.0067048,-0.000895,0.0015538,0.0066586
-0.000533,0.001492,0.0067738,-0.0005337,0.0014938,0.0067275
-0.000818,0.001527,0.0071108,-0.000819,0.0015288,0.0070634
-0.001289,0.00192,0.0067988,-0.0012903,0.001922,0.0067522
-0.001251,0.001839,0.0071038,-0.0012523,0.0018409,0.0070564
-0.001251,0.001534,0.0071188,-0.0012524,0.0015357,0.0070714
-0.000283,-0.002185,0.0065128,-0.0002833,-0.0021872,0.006467
-0.000155,-0.001318,0.0064648,-0.0001552,-0.0013197,0.0064197
-0.000336,-0.001813,0.0064388,-0.0003364,-0.001815,0.0063933
-0.000453,-0.001428,0.0063898,-0.0004535,-0.0014297,0.0063448
-0.000541,-0.0017,0.0066228,-0.0005416,-0.0017019,0.0065768
-0.000363,-0.001421,0.0067098,-0.0003634,-0.0014228,0.0066638
-0.000421,-0.001676,0.0070158,-0.0004215,-0.001678,0.0069687
-0.000594,-0.002042,0.0069498,-0.0005946,-0.0020442,0.0069028
-0.000199,-0.0028,0.0072268,-0.0001992,-0.0028026,0.0071791
0.000109,-0.002864,0.0077658,0.0001091,-0.0028665,0.0077169
-0.000811,-0.002702,0.0075878,-0.0008117,-0.0027044,0.0075393
-0.000494,-0.002848,0.0081648,-0.0004944,-0.0028503,0.0081151
-0.000257,-0.003001,0.0055558,-0.0002572,-0.0030034,0.0055121
9.7e-05,-0.002952,0.0054778,9.71e-05,-0.0029544,0.0054343
-0.000138,-0.00266,0.0060268,-0.0001381,-0.0026624,0.0059821
-0.0012,0.001598,0.0169968,-0.0012,0.001598,0.0169368
-0.001084,0.001733,0.0172798,-0.001084,0.001733,0.0172198
-0.00081,0.001546,0.0170968,-0.00081,0.001546,0.0170368
-0.001194,0.00241,0.0162768,-0.001194,0.00241,0.0162168
-0.001112,0.002465,0.0169538,-0.001112,0.002465,0.0168938
-0.002179,-0.002697,0.0174108,-0.002179,-0.002697,0.0173508
-0.002499,-0.001359,0.0157358,-0.002499,-0.001359,0.0156758
-0.0025,-0.000953,0.0156278,-0.0025,-0.000953,0.0155678
-0.002334,-0.001464,0.0160678,-0.002334,-0.001464,0.0160078
-0.00275,-0.001047,0.0158358,-0.00275,-0.001047,0.0157758
-0.002368,-0.000666,0.0157178,-0.002368,-0.000666,0.0156578
-0.002778,-0.000708,0.0157138,-0.002778,-0.000708,0.0156538
-0.002742,-0.000884,0.0153968,-0.002742,-0.000884,0.0153368
-0.002831,-0.001268,0.0155858,-0.002831,-0.001268,0.0155258
-0.002903,-0.001391,0.0149348,-0.002903,-0.001391,0.0148749
-0.00265,-0.002007,0.0149728,-0.00265,-0.002007,0.0149128
-0.002354,-0.002072,0.0149798,-0.002354,-0.002072,0.0149198
-0.002431,-0.001712,0.0150068,-0.002431,-0.001712,0.0149468
-0.00218,-0.001891,0.0148028,-0.00218,-0.001891,0.0147429
-0.002337,-0.002195,0.0153678,-0.002337,-0.002195,0.0153078
-0.002577,-0.002334,0.0150578,-0.002577,-0.002334,0.0149978
-0.003243,-0.001561,0.0173348,-0.003243,-0.001561,0.0172748
-0.003023,-0.001468,0.0174078,-0.003023,-0.001468,0.0173478
-0.003344,-0.001091,0.0174548,-0.003344,-0.001091,0.0173948
-0.003585,-6.5e-05,0.0173208,-0.003585,-6.5e-05,0.0172608
-0.003308,-4.8e-05,0.0173828,-0.003308,-4.8e-05,0.0173228
-0.001698,-0.000402,0.0162928,-0.001698,-0.000402,0.0162328
-0.001507,1.2e-05,0.0167488,-0.001507,1.2e-05,0.0166888
-0.001202,0.000469,0.0161758,-0.001202,0.000469,0.0161158
-0.001502,0.00042,0.0168048,-0.001502,0.00042,0.0167448
-0.0011,0.000107,0.0168848,-0.0011,0.000107,0.0168248
-0.001714,-0.000263,0.0167168,-0.001714,-0.000263,0.0166568
-0.001972,-0.000297,0.0169098,-0.001972,-0.000297,0.0168498
-0.001131,0.000233,0.0164988,-0.001131,0.000233,0.0164388
-0.000406,0.000106,0.0168728,-0.000406,0.000106,0.0168128
-0.000852,-0.000244,0.0167108,-0.000852,-0.000244,0.0166508
-0.000742,0.000107,0.0171488,-0.000742,0.000107,0.0170888
-0.001264,0.00081,0.0167548,-0.001264,0.00081,0.0166948
-0.001145,-0.000129,0.0165208,-0.001145,-0.000129,0.0164608
-0.001359,-0.000337,0.0162508,-0.001359,-0.000337,0.0161908
-0.001197,-0.000196,0.0168638,-0.001197,-0.000196,0.0168038
-0.001218,9e-06,0.0161848,-0.001218,9e-06,0.0161248
-0.00207,0.000161,0.0156338,-0.00207,0.000161,0.0155738
-0.002314,-2e-05,0.0153008,-0.002314,-2e-05,0.0152408
-0.00204,0.000961,0.0155118,-0.00204,0.000961,0.0154518
-0.002354,0.000923,0.0156868,-0.002354,0.000923,0.0156268
-0.002314,-0.000319,0.0160658,-0.002314,-0.000319,0.0160058
-0.002619,-0.000235,0.0160848,-0.002619,-0.000235,0.0160248
-0.001724,0.00089,0.0164608,-0.001724,0.00089,0.0164008
-0.00171,0.001602,0.0163308,-0.00171,0.001602,0.0162708
-0.00162,0.000728,0.0167178,-0.00162,0.000728,0.0166578
-0.001635,0.001178,0.0163448,-0.001635,0.001178,0.0162848
-0.001262,0.001204,0.0162668,-0.001262,0.001204,0.0162068
-0.001412,0.001076,0.0166358,-0.001412,0.001076,0.0165758
-0.001758,0.00142,0.0166328,-0.001758,0.00142,0.0165728
-0.001918,0.001143,0.0165328,-0.001918,0.001143,0.0164728
-0.002129,0.001645,0.0163828,-0.002129,0.001645,0.0163228
-0.002479,0.001509,0.0157228,-0.002479,0.001509,0.0156628
-0.002242,0.001195,0.0157938,-0.002242,0.001195,0.0157338
-0.001937,0.001252,0.0157668,-0.001937,0.001252,0.0157068
-0.002841,0.001288,0.0156468,-0.002841,0.001288,0.0155868
-0.002434,0.001228,0.0154508,-0.002434,0.001228,0.0153908
-0.002808,0.001672,0.0156698,-0.002808,0.001672,0.0156098
-0.002726,0.001549,0.0159698,-0.002726,0.001549,0.0159098
-0.002733,0.001521,0.0153518,-0.002733,0.001521,0.0152918
-0.002594,0.00069,0.0158008,-0.002594,0.00069,0.0157408
-0.002969,0.000688,0.0160208,-0.002969,0.000688,0.0159608
-0.002693,0.000924,0.0154388,-0.002693,0.000924,0.0153788
-0.002881,0.001045,0.0174218,-0.002881,0.001045,0.0173618
-0.001145,0.00088,0.0170488,-0.001145,0.00088,0.0169888
-0.000951,0.000787,0.0171988,-0.000951,0.000787,0.0171388
-0.000649,0.000839,0.0171698,-0.000649,0.000839,0.0171098
-0.000863,0.00116,0.0170518,-0.000863,0.00116,0.0169918
-0.001085,0.001323,0.0166228,-0.001085,0.001323,0.0165628
-0.001173,0.000603,0.0172398,-0.001173,0.000603,0.0171798
-0.00119,0.000546,0.0175618,-0.00119,0.000546,0.0175018
-0.000995,-0.002881,0.0048868,-0.0009957,-0.0028831,0.0048447
-0.000686,-0.00285,0.0047738,-0.0006865,-0.002852,0.0047321
-0.000813,-0.003449,0.0055518,-0.0008136,-0.0034517,0.0055078
-0.000694,-0.003422,0.0051688,-0.0006945,-0.0034245,0.0051258
-0.000326,-0.003393,0.0051658,-0.0003262,-0.0033955,0.0051228
-0.001799,-0.003095,0.0173148,-0.001799,-0.003095,0.0172548
0.001197,-0.003372,0.0173448,0.001197,-0.003372,0.0172848
0.001259,-0.003064,0.0173748,0.001259,-0.003064,0.0173148
0.001346,-0.001149,0.0171308,0.001346,-0.001149,0.0170708
0.001079,-0.000925,0.0171238,0.001079,-0.000925,0.0170638
0.001364,-0.000777,0.0170348,0.001364,-0.000777,0.0169748
0.001383,-0.00095,0.0173188,0.001383,-0.00095,0.0172588
0.001278,-0.001459,0.0166498,0.001278,-0.001459,0.0165898
0.000689,-0.000756,0.0170698,0.000689,-0.000756,0.0170098
0.000972,-0.000613,0.0171148,0.000972,-0.000613,0.0170548
0.000896,-0.001189,0.0165988,0.000896,-0.001189,0.0165388
0.001001,-0.001438,0.0163968,0.001001,-0.001438,0.0163368
0.001415,-0.00146,0.0162298,0.001415,-0.00146,0.0161698
0.001245,-0.001209,0.0163648,0.001245,-0.001209,0.0163048
0.001576,-0.001713,0.0167658,0.001576,-0.001713,0.0167058
0.000692,-0.001398,0.0167348,0.000692,-0.001398,0.0166748
0.001729,-0.001136,0.0168168,0.001729,-0.001136,0.0167568
0.000818,-0.000972,0.0146518,0.000818,-0.000972,0.014592
0.001139,-0.000979,0.0145848,0.001139,-0.000979,0.014525
0.000988,-0.000903,0.0148228,0.000988,-0.000903,0.0147629
0.001031,-0.00067,0.0146398,0.001031,-0.00067,0.01458
0.001412,-0.000649,0.0146248,0.001412,-0.000649,0.014565
0.001605,-0.000245,0.0146038,0.001605,-0.000245,0.014544
0.000974,-0.000335,0.0145828,0.000974,-0.000335,0.014523
0.00108,-0.000666,0.0150008,0.00108,-0.000666,0.0149409
0.001014,-0.001025,0.0150138,0.001014,-0.001025,0.0149539
0.001515,-0.001099,0.0148468,0.001515,-0.001099,0.0147869
0.000733,-0.001073,0.0149248,0.000733,-0.001073,0.0148649
0.000993,-0.001081,0.0153978,0.000993,-0.001081,0.0153378
0.000782,-0.000519,0.0146708,0.000782,-0.000519,0.014611
0.000649,-0.000361,0.0145438,0.000649,-0.000361,0.014484
0.000138,-0.000689,0.0149768,0.000138,-0.000689,0.0149169
0.000703,-0.000277,0.0148548,0.000703,-0.000277,0.0147949
0.00071,-0.000633,0.0152928,0.00071,-0.000633,0.0152328
0.000121,-0.00099,0.0148488,0.000121,-0.00099,0.0147889
0.00071,-0.001029,0.0152928,0.00071,-0.001029,0.0152328
0.001268,-0.002036,0.0164098,0.001268,-0.002036,0.0163498
0.000876,-0.001977,0.0165318,0.000876,-0.001977,0.0164718
0.000931,-0.003038,0.0159268,0.000931,-0.003038,0.0158668
0.001034,-0.002658,0.0157588,0.001034,-0.002658,0.0156988
0.00185,-0.002384,0.0156688,0.00185,-0.002384,0.0156088
0.001463,-0.00253,0.0156188,0.001463,-0.00253,0.0155588
0.001089,-0.00235,0.0156178,0.001089,-0.00235,0.0155578
0.00136,-0.002066,0.0157458,0.00136,-0.002066,0.0156858
0.001266,-0.002624,0.0154448,0.001266,-0.002624,0.0153848
0.001467,-0.002853,0.0161538,0.001467,-0.002853,0.0160938
0.000725,-0.002451,0.0156998,0.000725,-0.002451,0.0156398
0.001034,-0.002716,0.0161728,0.001034,-0.002716,0.0161128
0.000989,-0.002819,0.0150068,0.000989,-0.002819,0.0149468
0.001659,-0.002416,0.0149878,0.001659,-0.002416,0.0149278
0.001428,-0.002227,0.0148778,0.001428,-0.002227,0.0148179
0.001044,-0.002823,0.0154268,0.001044,-0.002823,0.0153668
0.00171,-0.002426,0.0153618,0.00171,-0.002426,0.0153018
0.001124,-0.002085,0.0153978,0.001124,-0.002085,0.0153378
0.000722,-0.002452,0.0131618,0.0007221,-0.0024522,0.0131032
0.001147,-0.002052,0.0132218,0.0011471,-0.0020522,0.0131632
0.001613,-0.002341,0.0133168,0.0016131,-0.0023412,0.013258
0.001445,-0.00188,0.0132728,0.0014451,-0.0018801,0.0132141
0.001061,-0.001676,0.0133968,0.0010611,-0.0016761,0.013338
0.001102,-0.002184,0.0135858,0.0011021,-0.0021841,0.0135267
0.001009,-0.002406,0.0137558,0.001009,-0.0024061,0.0136965
0.001396,-0.002488,0.0135528,0.0013961,-0.0024881,0.0134937
0.000795,-0.002342,0.0135178,0.000795,-0.0023421,0.0134588
0.000742,-0.002566,0.0138608,0.000742,-0.0025661,0.0138014
0.000879,-0.002031,0.0133628,0.0008791,-0.0020311,0.013304
0.000671,-0.001699,0.0132528,0.0006711,-0.0016991,0.0131942
0.000817,-0.001414,0.0133348,0.0008171,-0.0014141,0.0132762
0.000471,0.000267,0.0129138,0.0004711,0.000267,0.0128557
0.000494,0.000329,0.0137478,0.000494,0.000329,0.0136887
0.000662,-0.00198,0.0135368,0.000662,-0.0019801,0.0134778
0.000261,-0.001667,0.0131848,0.000261,-0.0016671,0.0131263
0.000735,-0.001658,0.0136198,0.000735,-0.0016581,0.0135608
0.000862,-0.001948,0.0140228,0.000862,-0.001948,0.0139633
0.00037,-0.002527,0.0134948,0.00037,-0.0025271,0.0134358
0.000851,-0.003476,0.0174228,0.000851,-0.003476,0.0173628
0.00053,0.003232,0.0051988,0.0005304,0.0032344,0.0051558
0.000844,0.003184,0.0052428,0.0008446,0.0031864,0.0051997
-0.003203,-0.001573,0.0059658,-0.0032056,-0.0015743,0.0059209
0.003319,0.000399,0.0060528,0.0033218,0.0003993,0.0060077
-0.003266,0.001432,0.0059108,-0.0032686,0.0014331,0.005866
-0.002964,0.001342,0.0059018,-0.0029665,0.0013431,0.0058571
0.001746,0.000806,0.0163888,0.001746,0.000806,0.0163288
0.001687,0.001223,0.0163538,0.001687,0.001223,0.0162938
0.002057,0.001347,0.0167628,0.002057,0.001347,0.0167028
0.001681,0.000938,0.0167098,0.001681,0.000938,0.0166498
0.001661,0.000537,0.0167828,0.001661,0.000537,0.0167228
0.001349,0.001318,0.0162628,0.001349,0.001318,0.0162028
0.001474,0.001597,0.0164188,0.001474,0.001597,0.0163588
0.001382,0.001209,0.0165848,0.001382,0.001209,0.0165248
0.001393,0.000764,0.0166688,0.001393,0.000764,0.0166088
0.001017,0.000786,0.0168438,0.001017,0.000786,0.0167838
0.001352,0.001534,0.0166558,0.001352,0.001534,0.0165958
0.001259,0.000809,0.0170938,0.001259,0.000809,0.0170338
0.000849,0.000862,0.0165418,0.000849,0.000862,0.0164818
0.001056,0.00118,0.0167118,0.001056,0.00118,0.0166518
0.0011,0.001514,0.0167688,0.0011,0.001514,0.0167088
0.000625,0.000348,0.0145828,0.000625,0.000348,0.014523
0.001139,0.000811,0.0146358,0.001139,0.000811,0.014576
0.001441,0.000913,0.0145818,0.001441,0.000913,0.014522
0.00146,0.000741,0.0148468,0.00146,0.000741,0.0147869
0.000733,0.00083,0.0146288,0.000733,0.00083,0.014569
0.001034,0.00133,0.0147068,0.001034,0.00133,0.0146469
0.001037,0.000659,0.0148848,0.001037,0.000659,0.0148249
0.001064,0.000407,0.0150878,0.001064,0.000407,0.0150279
0.001435,0.000457,0.0150518,0.001435,0.000457,0.0149919
0.000664,0.000478,0.0149728,0.000664,0.000478,0.0149129
0.001082,-0.000191,0.0150078,0.001082,-0.000191,0.0149479
0.000917,0.000595,0.0153778,0.000917,0.000595,0.0153178
0.000619,0.001201,0.0145968,0.000619,0.001201,0.014537
0.000646,0.000823,0.0149778,0.000646,0.000823,0.0149179
0.000775,0.00113,0.0150678,0.000775,0.00113,0.0150079
0.000663,0.000808,0.0153578,0.000663,0.000808,0.0152978
0.000794,0.000117,0.0149428,0.000794,0.000117,0.0148829
0.000607,0.000391,0.0154048,0.000607,0.000391,0.0153448
0.002357,0.000814,0.0156708,0.002357,0.000814,0.0156108
0.002626,0.001065,0.0157618,0.002626,0.001065,0.0157018
0.002913,0.000764,0.0156168,0.002913,0.000764,0.0155568
0.002847,0.00128,0.0156808,0.002847,0.00128,0.0156208
0.003035,0.001307,0.0158698,0.003035,0.001307,0.0158098
0.002438,0.001102,0.0154488,0.002438,0.001102,0.0153888
0.002903,0.000799,0.0150228,0.002903,0.000799,0.0149628
0.002877,0.001113,0.0150458,0.002877,0.001113,0.0149858
0.002486,0.001213,0.0150358,0.002486,0.001213,0.0149758
0.0029,0.000906,0.0153258,0.0029,0.000906,0.0152658
0.002626,0.000832,0.0154688,0.002626,0.000832,0.0154088
0.002542,0.001602,0.0150598,0.002542,0.001602,0.0149998
0.002628,0.001595,0.0153808,0.002628,0.001595,0.0153208
0.002626,0.000653,0.0151678,0.002626,0.000653,0.0151078
0.002086,0.000398,0.0132138,0.0020862,0.000398,0.0131552
0.002432,0.000426,0.0131388,0.0024322,0.000426,0.0130803
0.00253,0.000842,0.0131528,0.0025302,0.0008421,0.0130942
0.002865,0.001034,0.0131148,0.0028653,0.0010341,0.0130563
0.002073,0.000754,0.0131808,0.0020732,0.0007541,0.0131223
0.001767,0.00091,0.0131348,0.0017672,0.0009101,0.0130763
0.00038,0.00091,0.0131628,0.00038,0.0009101,0.0131044
-0.000289,0.001044,0.0130378,-0.000289,0.0010441,0.0129795
0.000466,0.001015,0.0136808,0.000466,0.001015,0.0136218
0.002611,0.001192,0.0131308,0.0026113,0.0011921,0.0130723
0.00237,0.000788,0.0134978,0.0023701,0.000788,0.0134388
0.002513,0.000368,0.0136258,0.0025131,0.000368,0.0135667
0.002834,0.000542,0.0135498,0.0028342,0.000542,0.0134907
0.001586,0.000335,0.0134118,0.0015861,0.000335,0.0133531
0.002591,0.00057,0.0139728,0.0025911,0.00057,0.0139133
0.002066,0.001176,0.0131428,0.0020662,0.0011761,0.0130843
0.0021,0.001575,0.0132298,0.0021002,0.0015751,0.0131711
0.00206,0.000751,0.0135918,0.0020601,0.000751,0.0135328
0.001761,0.000962,0.0134988,0.0017611,0.0009621,0.0134399
0.002172,0.001198,0.0134818,0.0021721,0.0011981,0.0134228
0.002017,-0.000249,0.0135348,0.0020171,-0.000249,0.0134759
0.001986,0.000389,0.0140628,0.001986,0.000389,0.0140033
0.003428,0.001106,0.0172888,0.003428,0.001106,0.0172288
0.002697,0.001131,0.0176318,0.002697,0.001131,0.0175718
0.001496,0.001117,0.0171148,0.001496,0.001117,0.0170548
0.00135,0.001093,0.0174178,0.00135,0.001093,0.0173578
0.001494,0.000425,0.0171598,0.001494,0.000425,0.0170998
0.000783,0.000785,0.0171428,0.000783,0.000785,0.0170828
0.000568,0.001162,0.0170428,0.000568,0.001162,0.0169828
-0.001995,0.002222,0.0156398,-0.001995,0.002222,0.0155798
-0.001661,0.002407,0.0156538,-0.001661,0.002407,0.0155938
-0.001335,0.002808,0.0155358,-0.001335,0.002808,0.0154758
-0.001587,0.002619,0.0159468,-0.001587,0.002619,0.0158868
-0.001612,0.002274,0.0160938,-0.001612,0.002274,0.0160338
-0.00136,0.002252,0.0159248,-0.00136,0.002252,0.0158648
-0.00222,0.002331,0.0159778,-0.00222,0.002331,0.0159178
-0.001933,0.002605,0.0157138,-0.001933,0.002605,0.0156538
-0.001895,0.002401,0.0162118,-0.001895,0.002401,0.0161518
-0.001157,-0.003444,0.0174238,-0.001157,-0.003444,0.0173638
-0.001099,-0.003109,0.0172898,-0.001099,-0.003109,0.0172298
-0.000832,-0.002945,0.0156328,-0.000832,-0.002945,0.0155728
-0.000638,-0.002767,0.0157508,-0.000638,-0.002767,0.0156908
-0.000796,-0.002484,0.0156678,-0.000796,-0.002484,0.0156078
-0.000768,-0.002947,0.0160878,-0.000768,-0.002947,0.0160278
-0.000444,-0.002831,0.0159238,-0.000444,-0.002831,0.0158638
-0.00113,-0.002555,0.0160448,-0.00113,-0.002555,0.0159848
-0.001352,-0.002395,0.0154608,-0.001352,-0.002395,0.0154008
-0.001199,-0.002753,0.0154628,-0.001199,-0.002753,0.0154028
-0.001418,-0.002851,0.0149138,-0.001418,-0.002851,0.0148539
-0.001779,-0.002773,0.0149068,-0.001779,-0.002773,0.0148469
-0.001623,-0.002513,0.0150348,-0.001623,-0.002513,0.0149748
-0.001276,-0.002475,0.0148738,-0.001276,-0.002475,0.0148139
-0.001982,-0.002525,0.0149698,-0.001982,-0.002525,0.0149098
-0.001472,-0.002111,0.0149138,-0.001472,-0.002111,0.0148539
-0.00202,-0.002081,0.0149688,-0.00202,-0.002081,0.0149089
-0.002996,0.001922,0.0055378,-0.0029983,0.0019235,0.0054938
-0.002662,0.001895,0.0054768,-0.0026641,0.0018965,0.0054331
-0.002513,0.002053,0.0060168,-0.0025151,0.0020547,0.0059719
-0.002896,0.001953,0.0058488,-0.0028983,0.0019546,0.0058041
-0.002122,0.00205,0.0060378,-0.0021238,0.0020518,0.0059929
-0.002931,0.001955,0.0061738,-0.0029334,0.0019566,0.0061284
-0.002651,0.001912,0.0062948,-0.0026533,0.0019136,0.0062492
-0.002967,0.001832,0.0065328,-0.0029695,0.0018336,0.0064866
-0.001882,0.001634,0.0072318,-0.0018839,0.0016356,0.007184
-0.001725,0.001586,0.0075128,-0.0017267,0.0015876,0.0074643
-0.001668,0.001802,0.0070398,-0.0016697,0.0018038,0.0069925
-0.001561,0.001873,0.0076468,-0.0015625,0.0018748,0.007598
-0.001346,0.001455,0.0074788,-0.0013475,0.0014566,0.0074305
-0.00156,0.001421,0.0078388,-0.0015616,0.0014225,0.0077896
-0.002145,0.002053,0.0078038,-0.0021468,0.0020548,0.0077548
-0.002023,0.001574,0.0082588,-0.0020247,0.0015754,0.0082088
-0.002082,0.001483,0.0078168,-0.0020839,0.0014844,0.0077677
-0.002546,0.002348,0.0077628,-0.002548,0.0023499,0.0077141
-0.002374,0.001624,0.0082038,-0.002376,0.0016253,0.008154
-0.002411,0.00197,0.0078258,-0.002413,0.0019716,0.0077768
-0.002456,0.001992,0.0081768,-0.0024579,0.0019936,0.0081271
-0.002649,0.002032,0.0079328,-0.0026511,0.0020336,0.0078837
-0.002773,0.001642,0.0085858,-0.0027751,0.0016432,0.0085354
0.002524,-0.001401,0.0154678,0.002524,-0.001401,0.0154078
0.002934,-0.001339,0.0155708,0.002934,-0.001339,0.0155108
0.00274,-0.000977,0.0155028,0.00274,-0.000977,0.0154428
0.002314,-0.001114,0.0156938,0.002314,-0.001114,0.0156338
0.003041,-0.000676,0.0156718,0.003041,-0.000676,0.0156118
0.003049,-0.000845,0.0161288,0.003049,-0.000845,0.0160688
0.002382,-0.001431,0.0158498,0.002382,-0.001431,0.0157898
0.002554,-0.000866,0.0157528,0.002554,-0.000866,0.0156928
0.00233,-0.000846,0.0155158,0.00233,-0.000846,0.0154558
0.00262,-0.001321,0.0161238,0.00262,-0.001321,0.0160638
0.002565,-0.001383,0.0150148,0.002565,-0.001383,0.0149548
0.002924,-0.00134,0.0149508,0.002924,-0.00134,0.0148908
0.002899,-0.000575,0.0149478,0.002899,-0.000575,0.0148879
0.002504,-0.000731,0.0152488,0.002504,-0.000731,0.0151888
0.002549,-0.001781,0.0150908,0.002549,-0.001781,0.0150308
0.002095,-0.000983,0.0130968,0.0020952,-0.0009831,0.0130383
0.002478,-0.001005,0.0131558,0.0024782,-0.0010051,0.0130972
0.002437,-0.000622,0.0131688,0.0024372,-0.0006221,0.0131102
0.002807,-0.000684,0.0131988,0.0028073,-0.0006841,0.0131402
0.00213,-0.000513,0.0132238,0.0021302,-0.000513,0.0131652
0.002489,-0.000149,0.0131558,0.0024892,-0.000149,0.0130972
0.002394,-0.000416,0.0134968,0.0023941,-0.000416,0.0134378
0.002845,-0.001014,0.0134988,0.0028452,-0.0010141,0.0134398
0.002163,-0.001116,0.0134748,0.0021631,-0.0011161,0.0134159
0.001851,-0.001058,0.0137578,0.0018511,-0.001058,0.0136986
0.002355,-0.00111,0.0138788,0.0023551,-0.00111,0.0138194
0.001995,-0.000694,0.0135468,0.0019951,-0.000694,0.0134878
0.001543,-0.000695,0.0134808,0.0015431,-0.000695,0.013422
0.002048,-0.000819,0.0139098,0.0020481,-0.000819,0.0138504
0.00305,-0.001132,0.0173328,0.00305,-0.001132,0.0172728
0.002738,-0.000975,0.0173888,0.002738,-0.000975,0.0173288
0.001259,-0.000586,0.0172298,0.001259,-0.000586,0.0171698
0.001317,-0.000219,0.0172668,0.001317,-0.000219,0.0172068
0.001037,-9.9e-05,0.0169888,0.001037,-9.9e-05,0.0169288
0.00121,0.000185,0.0170288,0.00121,0.000185,0.0169688
0.001467,-0.000671,0.0167058,0.001467,-0.000671,0.0166458
0.00066,-0.000169,0.0171038,0.00066,-0.000169,0.0170438
0.001632,-0.000511,0.0164478,0.001632,-0.000511,0.0163878
0.001775,-0.000227,0.0163718,0.001775,-0.000227,0.0163118
0.001635,-0.000284,0.0167108,0.001635,-0.000284,0.0166508
0.001805,-3.8e-05,0.0167128,0.001805,-3.8e-05,0.0166528
0.001766,-0.00052,0.0168448,0.001766,-0.00052,0.0167848
0.001881,-0.000575,0.0161648,0.001881,-0.000575,0.0161048
0.002762,-0.000586,0.0157428,0.002762,-0.000586,0.0156828
0.002908,-0.00024,0.0157128,0.002908,-0.00024,0.0156528
0.002273,-0.000451,0.0156598,0.002273,-0.000451,0.0155998
0.002926,0.000123,0.0156098,0.002926,0.000123,0.0155498
0.002976,-0.000181,0.0152698,0.002976,-0.000181,0.0152098
0.002586,-0.000366,0.0157648,0.002586,-0.000366,0.0157048
0.002194,-1e-05,0.0154088,0.002194,-1e-05,0.0153488
0.002306,-0.000368,0.0152508,0.002306,-0.000368,0.0151908
0.002532,-0.000614,0.0155328,0.002532,-0.000614,0.0154728
0.001675,-0.000318,0.0070568,0.001677,-0.0003184,0.0070096
0.001599,-0.000632,0.0071298,0.0016009,-0.0006327,0.0070824
0.002691,-0.000182,0.0054498,0.0026932,-0.0001821,0.0054065
0.002866,-0.000572,0.0059638,0.0028685,-0.0005725,0.0059191
0.001156,-0.000555,0.0056118,0.0011571,-0.0005555,0.0055694
0.001457,-0.000589,0.0063478,0.0014587,-0.0005897,0.0063028
0.000827,-0.000479,0.0057308,0.0008279,-0.0004795,0.0056884
5.3e-05,-0.00331,0.0058918,5.3e-05,-0.0033127,0.0058471
0.000383,-0.003368,0.0058238,0.0003833,-0.0033707,0.0057793
-0.001021,0.003369,0.0181088,-0.001021,0.003369,0.0180488
-0.000642,0.003184,0.0054098,-0.0006425,0.0031865,0.0053663
-0.00033,0.003197,0.0054398,-0.0003303,0.0031995,0.0053962
0.003277,-0.000502,0.0180198,0.003277,-0.000502,0.0179598
0.000923,0.003252,0.0172538,0.000923,0.003252,0.0171938
0.000528,0.003539,0.0172988,0.000528,0.003539,0.0172388
0.000235,0.001547,0.0164978,0.000235,0.001547,0.0164378
0.000274,0.001591,0.0167558,0.000274,0.001591,0.0166958
0.000507,0.00153,0.0165278,0.000507,0.00153,0.0164678
0.000746,0.001541,0.0167858,0.000746,0.001541,0.0167258
0.000397,0.001726,0.0165428,0.000397,0.001726,0.0164828
0.000393,0.001823,0.0160338,0.000393,0.001823,0.0159738
0.000462,0.001555,0.0169578,0.000462,0.001555,0.0168978
0.000216,0.002261,0.0156638,0.000216,0.002261,0.0156038
0.000615,0.002093,0.0157028,0.000615,0.002093,0.0156428
0.000694,0.002665,0.0156998,0.000694,0.002665,0.0156398
0.001027,0.002752,0.0156318,0.001027,0.002752,0.0155718
0.000167,0.00264,0.0156808,0.000167,0.00264,0.0156208
-0.000135,0.002507,0.0156648,-0.000135,0.002507,0.0156048
0.000318,0.002541,0.0153758,0.000318,0.002541,0.0153158
0.000445,0.00244,0.0151378,0.000445,0.00244,0.0150778
0.00024,0.002631,0.0150338,0.00024,0.002631,0.0149738
0.001053,0.002628,0.0150988,0.001053,0.002628,0.0150388
0.000677,0.002991,0.0151078,0.000677,0.002991,0.0150478
-2.2e-05,0.00302,0.0149658,-2.2e-05,0.00302,0.0149059
-0.000185,0.002605,0.0153668,-0.000185,0.002605,0.0153068
0.000365,0.002148,0.0153808,0.000365,0.002148,0.0153208
0.001106,0.002154,0.0154288,0.001106,0.002154,0.0153688
0.00054,0.003182,0.0153848,0.00054,0.003182,0.0153248
-6.4e-05,0.002195,0.0154108,-6.4e-05,0.002195,0.0153508
0.000713,0.001881,0.0130238,0.0007131,0.0018812,0.0129654
0.000757,0.002239,0.0132198,0.0007571,0.0022392,0.0131612
0.000997,0.001942,0.0132238,0.0009971,0.0019421,0.0131652
0.00118,0.002166,0.0131858,0.0011801,0.0021662,0.0131272
0.00149,0.002148,0.0132158,0.0014901,0.0021482,0.0131572
0.001324,0.00185,0.0131078,0.0013241,0.0018502,0.0130493
0.000325,0.00218,0.0131858,0.000325,0.0021802,0.0131272
0.001095,0.002698,0.0132748,0.0010951,0.0026982,0.0132161
0.001058,0.001875,0.0135658,0.0010581,0.0018751,0.0135068
0.001321,0.00193,0.0136878,0.0013211,0.0019301,0.0136286
0.000781,0.00192,0.0134778,0.000781,0.0019201,0.0134189
0.000324,0.002042,0.0135228,0.000324,0.0020421,0.0134639
0.001077,0.001448,0.0134588,0.0010771,0.0014481,0.0134
0.000746,0.002617,0.0131608,0.0007461,0.0026172,0.0131022
0.000679,0.002248,0.0136068,0.000679,0.0022481,0.0135477
0.000389,0.002338,0.0134508,0.000389,0.0023381,0.0133919
0.000812,0.002658,0.0135378,0.000812,0.0026581,0.0134787
0.000727,0.002243,0.0140488,0.000727,0.002243,0.0139893
0.000641,0.001573,0.0135998,0.000641,0.0015731,0.0135408
0.000747,0.001933,0.0138478,0.000747,0.0019331,0.0137885
-0.000903,0.001845,0.0131808,-0.0009031,0.0018452,0.0131223
-0.000578,0.001832,0.0131268,-0.0005781,0.0018322,0.0130684
-0.000327,0.001971,0.0132448,-0.000327,0.0019712,0.0131862
-0.000512,0.002265,0.0132158,-0.000512,0.0022652,0.0131572
7e-06,0.002157,0.0131728,7e-06,0.0021572,0.0131143
-0.000832,0.002138,0.0132588,-0.0008321,0.0021382,0.0132002
-0.000529,0.002593,0.0133098,-0.000529,0.0025932,0.013251
-0.000634,0.002153,0.0135508,-0.000634,0.0021531,0.0134918
-0.000442,0.001842,0.0135218,-0.000442,0.0018421,0.0134629
-8.1e-05,0.001983,0.0134938,-8.1e-05,0.0019831,0.0134349
-0.000729,0.001692,0.0134888,-0.000729,0.0016921,0.0134299
-0.001299,0.001886,0.0136878,-0.0012991,0.0018861,0.0136286
-0.000408,0.001489,0.0134198,-0.000408,0.0014891,0.0133611
-0.000442,0.002156,0.0138458,-0.000442,0.0021561,0.0137865
-0.000817,0.002951,0.0132008,-0.0008171,0.0029513,0.0131422
-0.000952,0.002156,0.0135948,-0.000952,0.0021561,0.0135357
-0.00101,0.002527,0.0135488,-0.0010101,0.0025271,0.0134897
-0.000828,0.002217,0.0138958,-0.000828,0.0022171,0.0138364
-0.000804,0.001945,0.0135058,-0.000804,0.0019451,0.0134469
-0.001018,0.001636,0.0136048,-0.001018,0.0016361,0.0135458
-0.000822,0.001025,0.0135388,-0.000822,0.0010251,0.0134799
0.001567,0.002887,0.0059138,0.0015683,0.0028894,0.0058691
0.001962,0.002941,0.0060088,0.0019636,0.0029434,0.0059638
0.001279,0.002912,0.0058248,0.0012801,0.0029144,0.0057803
-0.000283,0.003203,0.0060208,-0.0002832,0.0032057,0.0059759
9.6e-05,0.003238,0.0059478,9.61e-05,0.0032407,0.005903
-8.2e-05,0.001636,0.0063478,-8.21e-05,0.0016378,0.0063028
-0.000476,0.001544,0.0070948,-0.0004766,0.0015459,0.0070475
-0.000274,0.002317,0.0072168,-0.0002743,0.0023193,0.0071691
-0.000144,0.002661,0.0070628,-0.0001441,0.0026636,0.0070155
-5e-06,0.002185,0.0078228,-5e-06,0.0021872,0.0077736
-0.000349,0.002636,0.0072578,-0.0003493,0.0026385,0.00721
-0.000538,0.00271,0.0078128,-0.0005385,0.0027124,0.0077637
-0.000434,0.002969,0.0078898,-0.0004344,0.0029715,0.0078407
-0.000204,0.003021,0.0084328,-0.0002042,0.0030234,0.0083826
-0.000252,0.0033,0.0077958,-0.0002522,0.0033027,0.007747
-0.000288,0.00313,0.0081028,-0.0002882,0.0031325,0.0080533
-0.000957,0.003015,0.0083108,-0.0009577,0.0030173,0.0082609
0.003305,-0.001389,0.0174028,0.003305,-0.001389,0.0173428
-0.001449,0.002888,0.0057968,-0.0014502,0.0028904,0.0057524
0.002784,0.001445,0.0058748,0.0027863,0.0014462,0.0058302
0.002706,0.001806,0.0059178,0.0027082,0.0018075,0.0058731
0.002854,0.001375,0.0061828,0.0028565,0.0013762,0.0061375
0.002817,0.001721,0.0062128,0.0028194,0.0017225,0.0061674
0.002796,0.001496,0.0064868,0.0027985,0.0014973,0.0064408
0.001837,0.001548,0.0073348,0.0018388,0.0015495,0.0072868
0.002356,0.001735,0.0072998,0.0023582,0.0017366,0.0072519
0.002163,0.001978,0.0071628,0.002165,0.0019798,0.0071152
0.002145,0.0019,0.0074888,0.0021469,0.0019017,0.0074405
0.002146,0.001599,0.0074948,0.002148,0.0016005,0.0074464
0.001558,0.00158,0.0074958,0.0015596,0.0015816,0.0074474
0.002293,0.002248,0.0074208,0.002295,0.00225,0.0073727
0.00171,0.001883,0.0074348,0.0017116,0.0018848,0.0073866
0.002491,0.001971,0.0074248,0.0024932,0.0019727,0.0073767
0.001507,0.001601,0.0081768,0.0015084,0.0016025,0.0081269
0.002583,0.00158,0.0078188,0.0025852,0.0015813,0.0077698
0.002868,0.001662,0.0078028,0.0028703,0.0016634,0.0077539
0.002497,0.00206,0.0078068,0.002499,0.0020617,0.0077579
0.002584,0.001631,0.0081488,0.0025861,0.0016323,0.0080992
0.002508,0.001994,0.0081518,0.00251,0.0019956,0.0081022
0.002542,0.002038,0.0084718,0.0025439,0.0020395,0.0084216
0.002544,0.001638,0.0085028,0.002546,0.0016393,0.0084525
0.001244,0.00083,0.0064808,0.0012455,0.000831,0.0064355
0.001343,0.001113,0.0062358,0.0013445,0.0011142,0.006191
0.001045,0.001172,0.0063868,0.0010462,0.0011734,0.0063417
0.001397,0.00122,0.0068188,0.0013986,0.0012214,0.0067722
0.001056,0.000853,0.0067938,0.0010574,0.0008541,0.0067476
0.001264,0.0008,0.0071188,0.0012656,0.000801,0.0070715
0.000869,0.000955,0.0065458,0.0008701,0.0009562,0.0065004
0.001057,0.001228,0.0067668,0.0010583,0.0012295,0.0067205
0.000979,0.000745,0.0070458,0.0009803,0.000746,0.0069988
0.001475,0.001106,0.0071018,0.0014767,0.0011073,0.0070545
0.001337,0.001127,0.0074878,0.0013385,0.0011283,0.0074394
0.001437,0.000524,0.0070008,0.0014388,0.0005246,0.0069538
0.001248,0.001657,0.0074978,0.0012493,0.0016588,0.0074494
0.001305,0.000796,0.0077758,0.0013065,0.0007969,0.0077265
0.00089,0.000797,0.0072968,0.0008912,0.0007981,0.007249
0.00075,0.001182,0.0070738,0.000751,0.0011835,0.0070267
0.000438,0.000482,0.0089308,0.0004384,0.0004824,0.0088772
0.000728,0.000553,0.0089098,0.0007287,0.0005536,0.0088568
0.001101,0.000887,0.0088958,0.0011021,0.0008879,0.0088437
0.001324,0.000701,0.0090428,0.0013253,0.0007017,0.0089905
0.000671,0.000889,0.0088828,0.0006717,0.0008899,0.0088303
0.000727,0.000872,0.0092398,0.0007276,0.0008727,0.0091863
0.000498,0.001036,0.0108988,0.0004981,0.0010362,0.0108423
0.000352,0.000286,0.0107828,0.000352,0.000286,0.0107263
0.001083,0.00124,0.0088798,0.001084,0.0012412,0.008828
0.00102,0.000722,0.0091718,0.0010209,0.0007226,0.0091187
0.001111,0.000483,0.0093508,0.0011118,0.0004834,0.0092971
0.001454,0.000508,0.0093138,0.0014552,0.0005084,0.0092608
0.000754,0.000533,0.0092168,0.0007546,0.0005334,0.009163
0.000938,0.000193,0.0092518,0.0009387,0.0001932,0.0091979
0.001026,-0.000199,0.0091788,0.0010268,-0.0001992,0.0091253
0.000983,0.000363,0.0097888,0.0009834,0.0003631,0.0097338
0.001045,0.000639,0.0100508,0.0010454,0.0006392,0.0099955
0.000449,0.000272,0.0114578,0.000449,0.000272,0.0114007
0.000851,0.000738,0.0090098,0.0008518,0.0007387,0.0089569
0.000341,0.000933,0.0089128,0.0003414,0.000934,0.0088599
0.000817,0.001154,0.0088298,0.0008179,0.0011552,0.0087779
0.000767,0.001193,0.0093508,0.0007676,0.001194,0.0092976
0.000701,0.000961,0.0095778,0.0007014,0.0009616,0.0095235
0.000794,0.000881,0.0099978,0.0007943,0.0008813,0.0099426
0.000479,0.001037,0.0115858,0.0004791,0.0010371,0.0115286
0.000421,0.000632,0.0093058,0.0004213,0.0006324,0.0092515
0.000698,-1.9e-05,0.0092628,0.0006984,-1.9e-05,0.0092084
0.00068,0.000658,0.0097528,0.0006803,0.0006582,0.0096978
0.002562,0.001019,0.0079338,0.0025642,0.0010199,0.0078845
0.003065,0.001087,0.0080438,0.0030674,0.0010879,0.0079944
0.003012,0.000773,0.0081348,0.0030144,0.0007736,0.0080852
0.002869,0.000848,0.0085128,0.0028712,0.0008487,0.0084624
0.002457,0.001285,0.0080698,0.0024591,0.0012861,0.0080202
0.002541,0.001313,0.0084668,0.002543,0.0013141,0.0084165
0.002655,0.000748,0.0080098,0.0026573,0.0007487,0.0079603
0.002538,0.000854,0.0085288,0.0025401,0.0008547,0.0084783
0.002959,0.001124,0.0087628,0.0029612,0.0011248,0.008712
0.002933,0.000544,0.0084668,0.0029353,0.0005444,0.0084165
0.002709,0.001116,0.0085488,0.0027111,0.0011169,0.0084983
0.002525,0.001621,0.0088778,0.0025268,0.0016222,0.0088267
0.002474,0.001142,0.0091998,0.0024758,0.0011429,0.009148
0.002704,0.000657,0.0087008,0.0027061,0.0006575,0.00865
0.002174,0.000648,0.0103868,0.0021752,0.0006484,0.0103324
0.002446,0.000423,0.0102308,0.0024475,0.0004233,0.0101769
0.002507,0.000843,0.0102818,0.0025085,0.0008435,0.0102279
0.002829,0.000901,0.0103128,0.0028306,0.0009015,0.0102591
0.002033,0.000877,0.0102108,0.0020342,0.0008775,0.0101567
0.002103,0.000911,0.0105828,0.0021041,0.0009115,0.0105279
0.002468,0.001294,0.0103268,0.0024694,0.0012947,0.0102729
0.00245,0.000501,0.0106438,0.0024513,0.0005013,0.0105891
0.002909,0.000542,0.0106228,0.0029105,0.0005423,0.0105685
0.002086,0.000543,0.0107368,0.0020869,0.0005432,0.0106814
0.00251,5.4e-05,0.0105848,0.0025113,5.4e-05,0.0105302
0.002556,0.000572,0.0112228,0.002557,0.0005722,0.0111671
0.0018,0.000878,0.0103628,0.0018009,0.0008784,0.010308
0.002087,0.001245,0.0103678,0.0020882,0.0012457,0.0103136
0.002129,0.001495,0.0101838,0.0021303,0.0014959,0.0101301
0.001801,0.000784,0.0106818,0.0018017,0.0007843,0.0106262
0.00224,0.001221,0.0106898,0.0022411,0.0012216,0.0106351
0.002291,0.000854,0.0109918,0.0022919,0.0008543,0.0109363
0.001699,0.000478,0.0105558,0.0016996,0.0004782,0.0105002
0.00228,-0.000414,0.0109748,0.0022809,-0.0004142,0.0109192
0.002003,0.000312,0.0110688,0.0020035,0.0003121,0.0110126
0.0022,0.000517,0.0113478,0.0022006,0.0005171,0.0112913
0.003058,0.001079,0.0057538,0.0030605,0.0010799,0.0057095
0.003392,0.001083,0.0058408,0.0033947,0.0010839,0.0057962
-0.000144,-0.001721,0.0162488,-0.000144,-0.001721,0.0161888
-0.000121,-0.002186,0.0167558,-0.000121,-0.002186,0.0166958
0.000291,-0.001761,0.0163708,0.000291,-0.001761,0.0163108
-0.000134,-0.001395,0.0164148,-0.000134,-0.001395,0.0163548
-0.000328,-0.00156,0.0166428,-0.000328,-0.00156,0.0165828
-0.000548,-0.001777,0.0168488,-0.000548,-0.001777,0.0167888
-0.000329,-0.002243,0.0165078,-0.000329,-0.002243,0.0164478
-0.000479,-0.003053,0.0157058,-0.000479,-0.003053,0.0156458
-0.0003,-0.002749,0.0156358,-0.0003,-0.002749,0.0155758
8e-06,-0.002516,0.0156008,8e-06,-0.002516,0.0155408
0.000356,-0.002356,0.0153768,0.000356,-0.002356,0.0153168
0.000172,-0.002083,0.0156478,0.000172,-0.002083,0.0155878
1.4e-05,-0.002376,0.0152718,1.4e-05,-0.002376,0.0152118
0.000143,-0.00302,0.0159658,0.000143,-0.00302,0.0159058
-0.000356,-0.002048,0.0153848,-0.000356,-0.002048,0.0153248
-0.000439,-0.002741,0.0162328,-0.000439,-0.002741,0.0161728
-0.003244,0.000742,0.0054678,-0.0032465,0.0007426,0.0054241
-0.002882,0.000702,0.0055398,-0.0028843,0.0007026,0.0054961
-0.000641,-0.002608,0.0072618,-0.0006416,-0.0026105,0.007214
-0.001119,-0.002598,0.0071258,-0.0011201,-0.0026005,0.0070783
-0.001155,-0.002419,0.0074798,-0.0011561,-0.0024213,0.0074315
-0.001222,-0.002393,0.0078478,-0.0012231,-0.0023951,0.0077987
-0.001297,-0.002902,0.0081728,-0.001298,-0.0029043,0.0081232
0.002278,0.002172,0.0172798,0.002278,0.002172,0.0172198
-0.000269,0.003397,0.0173108,-0.000269,0.003397,0.0172508
-1.1e-05,0.001555,0.0163438,-1.1e-05,0.001555,0.0162838
-0.000256,0.001702,0.0164648,-0.000256,0.001702,0.0164048
-0.000162,0.001622,0.0167318,-0.000162,0.001622,0.0166718
-0.000735,0.001434,0.0167338,-0.000735,0.001434,0.0166738
-0.000412,0.001695,0.0169078,-0.000412,0.001695,0.0168478
-0.000357,0.001631,0.0161108,-0.000357,0.001631,0.0160508
-0.000446,0.002203,0.0157188,-0.000446,0.002203,0.0156588
-0.000509,0.002689,0.0156798,-0.000509,0.002689,0.0156198
-7.5e-05,0.002237,0.0157978,-7.5e-05,0.002237,0.0157378
-0.000801,0.002576,0.0160528,-0.000801,0.002576,0.0159928
-0.000943,0.002709,0.0157238,-0.000943,0.002709,0.0156638
-0.00054,0.002696,0.0153228,-0.00054,0.002696,0.0152628
-0.000532,0.002793,0.0149578,-0.000532,0.002793,0.0148979
-0.00062,0.0032,0.0149228,-0.00062,0.0032,0.0148629
-0.000319,0.003039,0.0149998,-0.000319,0.003039,0.0149398
-0.000226,0.002885,0.0152868,-0.000226,0.002885,0.0152268
-0.000525,0.003012,0.0153178,-0.000525,0.003012,0.0152578
-0.00357,-0.00046,0.0059968,-0.0035729,-0.0004604,0.0059518
-9.3e-05,-0.003275,0.0174558,-9.3e-05,-0.003275,0.0173958
0.000183,-0.003294,0.0173278,0.000183,-0.003294,0.0172678
-0.000385,-0.003492,0.0174198,-0.000385,-0.003492,0.0173598
0.000348,-0.001262,0.0171458,0.000348,-0.001262,0.0170858
0.000375,-0.00096,0.0171298,0.000375,-0.00096,0.0170698
-4.9e-05,-0.000929,0.0171088,-4.9e-05,-0.000929,0.0170488
0.000272,-0.00061,0.0170678,0.000272,-0.00061,0.0170078
0.000317,-0.000978,0.0174908,0.000317,-0.000978,0.0174308
-4.6e-05,-0.000995,0.0174958,-4.6e-05,-0.000995,0.0174358
0.000421,-0.001201,0.0169058,0.000421,-0.001201,0.0168458
0.000765,-0.001362,0.0162868,0.000765,-0.001362,0.0162268
0.000145,-0.001494,0.0163798,0.000145,-0.001494,0.0163198
0.000374,-0.001702,0.0167048,0.000374,-0.001702,0.0166448
0.000296,-0.00131,0.0166198,0.000296,-0.00131,0.0165598
0.000271,-0.002956,0.0155528,0.000271,-0.002956,0.0154928
0.000409,-0.002635,0.0156428,0.000409,-0.002635,0.0155828
0.000682,-0.002902,0.0155888,0.000682,-0.002902,0.0155288
0.000822,-0.00209,0.0157808,0.000822,-0.00209,0.0157208
0.000332,-0.002519,0.0160778,0.000332,-0.002519,0.0160178
-0.000467,-0.001294,0.0172468,-0.000467,-0.001294,0.0171868
-2.1e-05,-0.001355,0.0175078,-2.1e-05,-0.001355,0.0174478
-0.000106,-0.000464,0.0171238,-0.000106,-0.000464,0.0170638
-0.00071,-0.000791,0.0173138,-0.00071,-0.000791,0.0172538
-0.000341,-0.001278,0.0169098,-0.000341,-0.001278,0.0168498
0.002341,0.002179,0.0059008,0.0023429,0.0021808,0.0058561
0.002745,0.002215,0.0059978,0.0027472,0.0022168,0.0059528
0.002016,0.002249,0.0060288,0.0020178,0.0022509,0.0059839
0.001892,0.002413,0.0078048,0.0018936,0.0024151,0.0077559
0.002107,0.002202,0.0076848,0.0021088,0.0022039,0.0076361
0.002201,0.002469,0.0078068,0.0022028,0.002471,0.0077579
0.001674,0.002632,0.0076508,0.0016754,0.0026343,0.0076022
0.002013,0.002275,0.0080638,0.0020146,0.0022769,0.0080143
0.001667,0.002268,0.0081268,0.0016684,0.0022699,0.0080771
0.002181,0.002399,0.0084778,0.0021826,0.0024008,0.0084276
0.001851,0.002544,0.0082718,0.0018524,0.002546,0.008222
0.00159,0.002191,0.0085268,0.0015913,0.0021928,0.0084763
0.002836,-0.002083,0.0059198,0.0028383,-0.0020847,0.005875
0.002836,-0.001604,0.0058388,0.0028383,-0.0016053,0.0057943
0.003072,-6.8e-05,0.0059018,0.0030746,-6.8e-05,0.0058572
0.003341,-0.0001,0.0059478,0.0033438,-0.0001001,0.005903
-0.001325,-0.003348,0.0048798,-0.0013259,-0.0033503,0.0048374
-0.001015,-0.003349,0.0048018,-0.0010157,-0.0033513,0.0047597
-0.001596,-0.003209,0.0049038,-0.0015971,-0.0032112,0.0048614
-0.002042,0.002625,0.0056818,-0.0020436,0.0026271,0.0056376
-0.001687,0.002309,0.0060288,-0.0016885,0.002311,0.005984
-0.002313,0.002655,0.0058248,-0.0023149,0.0026571,0.0057802
-0.002303,0.002668,0.0062158,-0.0023049,0.0026702,0.0061703
-0.001832,0.002579,0.0061748,-0.0018336,0.0025812,0.0061295
-0.002299,0.002592,0.0065618,-0.002301,0.0025942,0.0065155
-0.002074,0.002341,0.0078168,-0.0020757,0.002343,0.0077679
-0.001855,0.002442,0.0080468,-0.0018565,0.002444,0.0079974
-0.001704,0.002174,0.0082078,-0.0017054,0.0021758,0.0081579
-0.001656,0.002715,0.0078318,-0.0016574,0.0027173,0.0077829
-0.001615,0.002266,0.0084768,-0.0016163,0.0022678,0.0084264
-0.001929,0.002678,0.0078968,-0.0019305,0.0026802,0.0078477
-0.002027,0.002089,0.0084938,-0.0020286,0.0020906,0.0084434
-0.000594,-0.003464,0.0058798,-0.0005945,-0.0034668,0.0058351
-0.000935,-0.00345,0.0059258,-0.0009357,-0.0034528,0.0058809
0.001357,0.002824,0.0173608,0.001357,0.002824,0.0173008
0.001313,0.003265,0.0172918,0.001313,0.003265,0.0172318
0.001167,0.001459,0.0164768,0.001167,0.001459,0.0164168
0.001433,0.001783,0.0167778,0.001433,0.001783,0.0167178
0.001367,0.001607,0.0160958,0.001367,0.001607,0.0160358
0.000879,0.001572,0.0165028,0.000879,0.001572,0.0164428
0.001015,0.001456,0.0161608,0.001015,0.001456,0.0161008
0.000913,0.002256,0.0156698,0.000913,0.002256,0.0156098
0.001316,0.002201,0.0157078,0.001316,0.002201,0.0156478
0.001388,0.002754,0.0156478,0.001388,0.002754,0.0155878
0.000938,0.002478,0.0154368,0.000938,0.002478,0.0153768
0.002281,0.001754,0.0058728,0.002283,0.0017555,0.0058283
0.00193,0.001462,0.0059338,0.0019318,0.0014633,0.0058894
0.001385,0.001943,0.0071018,0.0013864,0.001945,0.0070544
0.001371,0.001941,0.0074178,0.0013724,0.0019429,0.0073696
0.000988,0.001526,0.0074618,0.0009891,0.0015278,0.0074135
0.000852,0.001707,0.0072268,0.0008529,0.0017089,0.0071791
0.000732,0.00192,0.0070408,0.0007328,0.0019221,0.0069936
0.00063,0.001538,0.0074868,0.0006308,0.0015399,0.0074384
0.001591,0.001501,0.0078638,0.0015926,0.0015025,0.0078145
0.001771,0.001708,0.0078058,0.0017726,0.0017096,0.0077567
0.002347,0.00166,0.0079148,0.002349,0.0016614,0.0078656
0.002172,0.001948,0.0078518,0.0021738,0.0019496,0.0078027
0.00206,0.001917,0.0081768,0.0020617,0.0019186,0.008127
0.00217,0.001574,0.0081318,0.0021719,0.0015753,0.0080821
0.002192,0.001666,0.0084698,0.0021938,0.0016674,0.0084194
0.001857,0.001966,0.0079068,0.0018586,0.0019677,0.0078576
0.001684,0.001983,0.0082428,0.0016854,0.0019847,0.0081929
0.001788,0.00196,0.0086238,0.0017894,0.0019616,0.0085731
0.001837,0.001638,0.0080748,0.0018387,0.0016395,0.0080251
0.001556,0.001513,0.0085168,0.0015574,0.0015144,0.0084662
0.001633,-0.003053,0.0174268,0.001633,-0.003053,0.0173668
0.002013,-0.002919,0.0174448,0.002013,-0.002919,0.0173848
-0.003244,-0.000767,0.0167088,-0.003244,-0.000767,0.0166488
-0.001637,-0.000746,0.0164728,-0.001637,-0.000746,0.0164128
-0.001502,-0.00064,0.0167708,-0.001502,-0.00064,0.0167108
-0.002021,-0.000568,0.0157038,-0.002021,-0.000568,0.0156438
-0.002015,-0.000251,0.0155028,-0.002015,-0.000251,0.0154428
-0.002505,-0.000518,0.0162298,-0.002505,-0.000518,0.0161698
-0.002778,-0.000646,0.0149588,-0.002778,-0.000646,0.0148989
-0.00279,-0.000195,0.0147278,-0.00279,-0.000195,0.0146679
-0.001913,0.002944,0.0180768,-0.001913,0.002944,0.0180168
-0.001478,0.002868,0.0182118,-0.001478,0.002868,0.0181518
-0.00101,0.003221,0.0174988,-0.00101,0.003221,0.0174388
-0.001116,0.001543,0.0163008,-0.001116,0.001543,0.0162408
-0.001514,0.001887,0.0167158,-0.001514,0.001887,0.0166558
-0.001333,0.001852,0.0158748,-0.001333,0.001852,0.0158148
-0.001273,0.0024,0.0156098,-0.001273,0.0024,0.0155498
-0.000935,0.00226,0.0156158,-0.000935,0.00226,0.0155558
-0.000717,0.002452,0.0157138,-0.000717,0.002452,0.0156538
-0.000893,0.003118,0.0157908,-0.000893,0.003118,0.0157308
-0.000875,0.002682,0.0153928,-0.000875,0.002682,0.0153328
0.00051,-0.003056,0.0173508,0.00051,-0.003056,0.0172908
-0.001113,-0.002962,0.0058268,-0.0011139,-0.0029644,0.0057823
-0.000653,-0.002978,0.0059088,-0.0006535,-0.0029805,0.0058642
-0.001205,-0.00124,0.0063588,-0.0012063,-0.0012414,0.0063137
-0.000694,-0.001414,0.0065948,-0.0006948,-0.0014157,0.0065491
-0.000858,-0.001377,0.0068358,-0.0008591,-0.0013787,0.0067893
-0.000672,-0.001292,0.0071658,-0.0006728,-0.0012937,0.0071183
-0.001257,-0.000945,0.0068428,-0.0012585,-0.0009462,0.0067963
-0.001172,-0.001335,0.0067198,-0.0011734,-0.0013366,0.0066736
-0.001399,-0.001326,0.0070828,-0.0014006,-0.0013275,0.0070355
-0.000999,-0.001236,0.0072628,-0.0010002,-0.0012375,0.007215
-0.000831,-0.001029,0.0070838,-0.0008321,-0.0010303,0.0070366
-0.000774,-0.001377,0.0074798,-0.000775,-0.0013787,0.0074314
-0.000403,-0.001341,0.0073978,-0.0004035,-0.0013427,0.0073497
-0.001244,-0.001384,0.0074618,-0.0012454,-0.0013856,0.0074136
-0.001196,-0.001062,0.0071558,-0.0011975,-0.0010633,0.0071083
-0.001353,-0.000946,0.0075428,-0.0013546,-0.0009471,0.0074942
-0.001253,-0.000679,0.0073468,-0.0012546,-0.0006799,0.0072988
-0.001303,-0.000913,0.0078468,-0.0013045,-0.0009141,0.0077974
-0.001614,-0.00143,0.0076278,-0.0016157,-0.0014315,0.0075791
-0.001326,-0.001438,0.0081558,-0.0013273,-0.0014394,0.0081059
-0.001061,-0.002205,0.0072428,-0.0010621,-0.0022072,0.007195
-0.000662,-0.001927,0.0072968,-0.0006627,-0.0019291,0.0072489
-0.000784,-0.001679,0.0071398,-0.0007849,-0.0016809,0.0070923
-0.001283,-0.001669,0.0077958,-0.0012843,-0.0016707,0.0077467
-0.001127,-0.002029,0.0079048,-0.0011281,-0.0020309,0.0078555
-0.000868,-0.002878,0.0082648,-0.0008687,-0.0028803,0.0082149
-0.001013,-0.002798,0.0085668,-0.0010138,-0.0028002,0.0085163
-0.001565,-0.002382,0.0078278,-0.0015664,-0.0023841,0.0077788
-0.001175,-0.002341,0.0081978,-0.001176,-0.002343,0.0081479
-0.001568,-0.002277,0.0081818,-0.0015693,-0.0022789,0.008132
-0.001126,-0.002016,0.0082388,-0.001127,-0.0020179,0.0081888
-0.001138,-0.002497,0.0085548,-0.0011389,-0.002499,0.0085043
-0.001104,-0.002626,0.0081758,-0.0011049,-0.0026282,0.008126
-0.001249,-0.002806,0.0084268,-0.00125,-0.0028082,0.0083766
-0.00071,-0.002771,0.0086668,-0.0007105,-0.0027732,0.0086161
-0.000869,-0.002851,0.0089788,-0.0008696,-0.0028531,0.0089275
-0.00156,-0.00241,0.0084918,-0.0015613,-0.0024119,0.0084415
-0.00129,-0.002128,0.0084228,-0.0012911,-0.0021299,0.0083725
-0.001329,-0.002574,0.0089898,-0.00133,-0.0025759,0.0089385
-0.001584,-0.002386,0.0088738,-0.0015852,-0.0023878,0.0088227
-0.001213,-0.002152,0.0090308,-0.001214,-0.0021537,0.0089793
-0.001113,-0.002511,0.0092368,-0.0011138,-0.0025128,0.009185
-0.001124,-0.002749,0.0088518,-0.0011248,-0.002751,0.0088008
-0.001231,-0.002893,0.0092398,-0.0012319,-0.002895,0.0091881
-0.00086,-0.002466,0.0102508,-0.0008605,-0.0024675,0.010197
-0.000512,-0.002549,0.0102568,-0.0005123,-0.0025505,0.010203
-0.000274,-0.002381,0.0104378,-0.0002742,-0.0023823,0.0103834
-0.000446,-0.002111,0.0103228,-0.0004463,-0.0021122,0.0102684
-0.000103,-0.002142,0.0103398,-0.0001031,-0.0021432,0.0102853
8e-05,-0.002178,0.0105938,8e-05,-0.002179,0.0105388
-0.000771,-0.00207,0.0103698,-0.0007714,-0.0020711,0.0103153
-0.000534,-0.001737,0.0103028,-0.0005343,-0.0017378,0.0102479
-0.000605,-0.002069,0.0105798,-0.0006053,-0.00207,0.0105248
-0.000473,-0.002489,0.0107138,-0.0004732,-0.0024902,0.010659
-9.2e-05,-0.002466,0.0106758,-9.2e-05,-0.0024672,0.010621
-0.000891,-0.002481,0.0106728,-0.0008915,-0.0024823,0.0106182
-0.000359,-0.001617,0.0105598,-0.0003591,-0.0016175,0.0105041
-0.000444,-0.002424,0.0110658,-0.0004442,-0.002425,0.0110102
-0.0009,-0.001788,0.0103308,-0.0009005,-0.0017889,0.0102761
-0.000721,-0.001792,0.0107128,-0.0007213,-0.0017926,0.0106572
-0.000839,-0.002174,0.0110708,-0.0008393,-0.0021748,0.011015
-0.000861,-0.002453,0.0114148,-0.0008613,-0.0024538,0.0113586
-0.000671,0.003326,0.0058318,-0.0006716,0.0033287,0.0057873
0.002303,-0.002292,0.0172248,0.002303,-0.002292,0.0171648
0.001591,-0.002293,0.0157558,0.001591,-0.002293,0.0156958
0.001755,-0.002051,0.0157068,0.001755,-0.002051,0.0156468
0.002166,-0.002163,0.0156548,0.002166,-0.002163,0.0155948
0.002241,-0.001881,0.0158018,0.002241,-0.001881,0.0157418
0.002435,-0.001801,0.0155108,0.002435,-0.001801,0.0154508
0.001962,-0.001754,0.0155658,0.001962,-0.001754,0.0155058
0.001659,-0.001782,0.0156858,0.001659,-0.001782,0.0156258
0.002064,-0.001436,0.0156228,0.002064,-0.001436,0.0155628
0.002083,-0.001696,0.0159918,0.002083,-0.001696,0.0159318
0.002051,-0.001809,0.0152928,0.002051,-0.001809,0.0152328
0.001704,-0.002164,0.0159858,0.001704,-0.002164,0.0159258
0.001692,-0.001511,0.0155708,0.001692,-0.001511,0.0155108
0.001708,-0.00171,0.0160258,0.001708,-0.00171,0.0159658
0.001588,-0.001685,0.0154048,0.001588,-0.001685,0.0153448
0.002473,-0.001781,0.0159728,0.002473,-0.001781,0.0159128
0.001749,-0.001276,0.0160668,0.001749,-0.001276,0.0160068
0.001835,-0.001945,0.0162098,0.001835,-0.001945,0.0161498
0.001635,-0.002599,0.0159828,0.001635,-0.002599,0.0159228
0.002798,-0.001969,0.0174958,0.002798,-0.001969,0.0174358
0.002701,-0.001601,0.0173618,0.002701,-0.001601,0.0173018
0.002667,-0.002369,0.0060388,0.0026692,-0.0023709,0.0059937
0.002429,0.00258,0.0166818,0.002429,0.00258,0.0166218
0.001753,0.001428,0.0157108,0.001753,0.001428,0.0156508
0.002154,0.001577,0.0156658,0.002154,0.001577,0.0156058
0.001964,0.002032,0.0157638,0.001964,0.002032,0.0157038
0.001687,0.001746,0.0156748,0.001687,0.001746,0.0156148
0.00195,0.00204,0.0161318,0.00195,0.00204,0.0160718
0.002105,0.001974,0.0153608,0.002105,0.001974,0.0153008
0.002166,0.001571,0.0161608,0.002166,0.001571,0.0161008
0.001634,0.001465,0.0160428,0.001634,0.001465,0.0159828
0.001687,0.002139,0.0149848,0.001687,0.002139,0.0149249
0.001863,0.002311,0.0152248,0.001863,0.002311,0.0151648
0.002158,0.002331,0.0150348,0.002158,0.002331,0.0149748
0.001574,0.002514,0.0149328,0.001574,0.002514,0.0148729
-0.003305,0.001114,0.0059208,-0.0033077,0.0011149,0.005876
0.001664,-0.003134,0.0059868,0.0016653,-0.0031365,0.0059418
0.001988,-0.00298,0.0059978,0.0019896,-0.0029824,0.0059528
0.001604,-1.8e-05,0.0164838,0.001604,-1.8e-05,0.0164238
0.00172,0.000315,0.0165238,0.00172,0.000315,0.0164638
0.002117,4.2e-05,0.0167408,0.002117,4.2e-05,0.0166808
0.001741,0.0002,0.0168988,0.001741,0.0002,0.0168388
0.002595,0.000241,0.0154958,0.002595,0.000241,0.0154358
0.003065,0.000484,0.0156228,0.003065,0.000484,0.0155628
0.002939,0.000426,0.0159138,0.002939,0.000426,0.0158538
0.00283,3e-06,0.0159688,0.00283,3e-06,0.0159088
0.002776,0.000446,0.0156478,0.002776,0.000446,0.0155878
0.002565,-7.2e-05,0.0156618,0.002565,-7.2e-05,0.0156018
0.002554,-5.1e-05,0.0152478,0.002554,-5.1e-05,0.0151878
0.003261,0.000307,0.0151028,0.003261,0.000307,0.0150428
-0.002148,-0.002811,0.0059028,-0.0021497,-0.0028133,0.005858
0.000628,0.003277,0.0060688,0.0006285,0.0032797,0.0060237
-0.003222,0.000702,0.0062558,-0.0032247,0.0007026,0.0062103
-0.001361,0.000805,0.0069758,-0.0013627,0.000806,0.0069289
-0.001231,0.001165,0.0070828,-0.0012325,0.0011664,0.0070356
-0.001723,0.001195,0.0075608,-0.0017248,0.0011962,0.0075122
-0.001223,0.000833,0.0074918,-0.0012246,0.000834,0.0074434
-0.001893,0.001235,0.0072758,-0.001895,0.0012363,0.0072279
-0.001812,0.000645,0.0071928,-0.001814,0.0006457,0.0071452
-0.001167,0.000878,0.0072218,-0.0011685,0.0008792,0.0071742
-0.00072,0.000961,0.0072188,-0.000721,0.0009623,0.0071712
-0.000899,0.001178,0.0070718,-0.0009002,0.0011795,0.0070246
-0.000457,0.000943,0.0071438,-0.0004577,0.0009443,0.0070964
-0.000882,0.000475,0.0069998,-0.0008832,0.0004757,0.006953
-0.001174,0.001179,0.0075038,-0.0011754,0.0011804,0.0074554
-0.001261,0.00124,0.0078118,-0.0012624,0.0012414,0.0077626
-0.00108,0.000646,0.0072498,-0.0010814,0.0006469,0.0072021
-0.001209,0.000365,0.0074798,-0.0012106,0.0003655,0.0074313
-0.001363,0.000633,0.0076868,-0.0013647,0.0006338,0.0076378
-0.000888,0.000482,0.0088798,-0.000889,0.0004825,0.0088271
-0.000572,0.000504,0.0088538,-0.0005726,0.0005045,0.0088006
-0.000259,0.000484,0.0089418,-0.0002592,0.0004844,0.0088879
-0.000442,0.00087,0.0088838,-0.0004425,0.0008709,0.008831
-5.7e-05,0.000826,0.0088878,-5.7e-05,0.0008268,0.0088347
-0.000812,0.000826,0.0089358,-0.0008128,0.0008268,0.0088832
-0.00062,0.001115,0.0089038,-0.0006206,0.0011162,0.0088515
-0.000434,0.000504,0.0092858,-0.0004342,0.0005043,0.0092313
-1.3e-05,0.000563,0.0092318,-1.3e-05,0.0005633,0.0091773
-0.000795,0.000509,0.0092428,-0.0007956,0.0005094,0.0091889
-0.000557,0.000217,0.0091988,-0.0005573,0.0002171,0.0091444
-0.00043,0.000566,0.0096518,-0.0004301,0.0005662,0.0095967
-0.000561,0.000516,0.0099038,-0.0005611,0.0005161,0.0098483
-0.000238,0.000264,0.0115458,-0.000238,0.000264,0.0114886
-0.000266,0.0011,0.0117348,-0.000266,0.0011001,0.0116774
-0.000869,0.000839,0.0092788,-0.0008697,0.0008397,0.0092253
-0.000868,0.00085,0.0096108,-0.0008685,0.0008505,0.0095565
-0.000949,0.000865,0.0099028,-0.0009494,0.0008654,0.0098479
-0.000844,0.000459,0.0096918,-0.0008443,0.0004592,0.0096369
-0.002653,0.001154,0.0079088,-0.0026553,0.001155,0.0078596
-0.002379,0.001311,0.0081078,-0.002381,0.0013121,0.0080581
-0.002592,0.001174,0.0083028,-0.0025941,0.001175,0.0082528
-0.002753,0.000911,0.0082188,-0.0027553,0.0009118,0.008169
-0.003144,0.000956,0.0081978,-0.0031464,0.0009568,0.0081481
-0.002748,0.000496,0.0082768,-0.0027503,0.0004964,0.0082268
-0.002683,0.000915,0.0084998,-0.0026851,0.0009157,0.0084494
-0.002323,0.000987,0.0086148,-0.0023249,0.0009878,0.0085641
-0.002282,0.001342,0.0085338,-0.0022839,0.0013431,0.0084832
-0.001941,0.001344,0.0084588,-0.0019427,0.0013452,0.0084084
-0.002705,0.001674,0.0089678,-0.0027069,0.0016752,0.0089166
-0.002766,0.001278,0.0090498,-0.002768,0.0012789,0.0089984
-0.002785,0.000891,0.0088358,-0.0027871,0.0008917,0.0087848
-0.003125,0.000908,0.0088678,-0.0031272,0.0009087,0.0088169
-0.002632,0.000478,0.0090348,-0.002634,0.0004784,0.0089833
-0.002868,0.00074,0.0091818,-0.0028701,0.0007405,0.0091301
-0.002352,0.000416,0.0103178,-0.0023534,0.0004162,0.0102636
-0.002225,0.000537,0.0105818,-0.0022261,0.0005373,0.0105269
-0.002019,0.000571,0.0103788,-0.0020201,0.0005713,0.0103241
-0.001692,0.000511,0.0103668,-0.0016927,0.0005112,0.0103116
-0.001599,0.000833,0.0102918,-0.0015998,0.0008334,0.0102369
-0.001608,0.00082,0.0107008,-0.0016085,0.0008203,0.010645
-0.001565,9.9e-05,0.0103708,-0.0015656,9.9e-05,0.0103153
-0.001521,0.000419,0.0106768,-0.0015214,0.0004191,0.0106208
-0.00157,0.000528,0.0114218,-0.0015702,0.0005281,0.0113648
-0.001951,0.000873,0.0103688,-0.001952,0.0008735,0.0103142
-0.002459,0.000791,0.0103038,-0.0024604,0.0007915,0.0102498
-0.001969,0.001231,0.0105768,-0.00197,0.0012316,0.010522
-0.002114,0.001521,0.0103258,-0.0021152,0.0015219,0.0102718
-0.001969,0.000391,0.0107458,-0.0019697,0.0003911,0.0106902
-0.002433,0.000445,0.0107598,-0.0024342,0.0004452,0.0107048
-0.002083,-0.0001,0.0106838,-0.0020839,-0.0001,0.0106284
-0.00193,0.000561,0.0111228,-0.0019305,0.0005612,0.0110665
-0.002246,0.000735,0.0104258,-0.0022472,0.0007354,0.0103714
-0.002457,0.001551,0.0104068,-0.0024584,0.0015519,0.0103529
-0.002377,0.000891,0.0106598,-0.0023782,0.0008915,0.0106051
-0.002318,0.001271,0.0107108,-0.0023192,0.0012716,0.0106561
-0.002352,0.000874,0.0111708,-0.0023529,0.0008743,0.011115
-0.002292,0.000121,0.0106818,-0.0022931,0.0001211,0.0106267
-0.002353,0.000497,0.0111908,-0.0023538,0.0004972,0.0111348
0.003068,0.001043,0.0061748,0.0030706,0.0010439,0.0061295
0.003411,0.001124,0.0062448,0.0034138,0.0011249,0.0061992
0.002591,0.001924,0.0167018,0.002591,0.001924,0.0166418
0.002693,0.001921,0.0169798,0.002693,0.001921,0.0169198
0.002747,0.001819,0.0164708,0.002747,0.001819,0.0164108
0.002073,0.0005,0.0072328,0.0020752,0.0005005,0.0071851
0.002147,-0.000354,0.0072378,0.0021493,-0.0003544,0.0071901
0.001943,9.1e-05,0.0076398,0.0019451,9.11e-05,0.0075911
0.001682,6e-05,0.0075178,0.001684,6.01e-05,0.0074693
0.002101,-0.000182,0.0075238,0.0021032,-0.0001822,0.0074754
0.001806,-6.4e-05,0.0072668,0.0018081,-6.41e-05,0.0072191
0.001781,-0.000219,0.0076328,0.001783,-0.0002193,0.0075841
0.001589,0.000107,0.0077848,0.0015909,0.0001071,0.0077356
0.002629,0.000133,0.0079908,0.0026313,0.0001331,0.0079413
0.002894,3.3e-05,0.0081458,0.0028964,3.3e-05,0.0080961
0.00246,-0.00013,0.0082158,0.0024622,-0.0001301,0.0081659
0.002793,-0.000188,0.0083218,0.0027953,-0.0001882,0.0082718
0.002928,0.000138,0.0085068,0.0029303,0.0001381,0.0084564
0.002232,6.6e-05,0.0085998,0.002234,6.61e-05,0.008549
0.003226,0.000369,0.0086238,0.0032284,0.0003693,0.0085733
0.003258,-3.5e-05,0.0086078,0.0032604,-3.5e-05,0.0085573
0.001461,-0.000263,0.0063068,0.0014627,-0.0002633,0.0062621
0.001455,7e-06,0.0067788,0.0014569,7e-06,0.0067326
0.001414,-0.0001,0.0071698,0.0014158,-0.0001001,0.0071223
0.000755,7.9e-05,0.0067948,0.0007561,7.91e-05,0.0067489
0.001136,-0.00019,0.0067548,0.0011375,-0.0001903,0.0067088
0.001047,-2.7e-05,0.0070308,0.0010485,-2.7e-05,0.0069839
0.00122,-0.000557,0.0064198,0.0012215,-0.0005577,0.0063748
0.001444,-0.00065,0.0066558,0.0014457,-0.0006508,0.0066099
0.001339,-0.000974,0.0066138,0.0013406,-0.0009752,0.0065679
0.000915,-0.000487,0.0064898,0.0009162,-0.0004876,0.0064448
0.001008,-0.000712,0.0069748,0.0010093,-0.000713,0.006928
0.001458,-0.000416,0.0072448,0.0014598,-0.0004165,0.0071971
0.001573,-0.000226,0.0074118,0.0015749,-0.0002263,0.0073636
0.001372,-0.000915,0.0074648,0.0013736,-0.0009161,0.0074165
0.001506,-0.000744,0.0078988,0.0015077,-0.0007448,0.0078493
0.000831,-0.000495,0.0072538,0.0008322,-0.0004957,0.0072061
0.00066,-0.000221,0.0071238,0.000661,-0.0002213,0.0070767
0.000661,-0.001039,0.0088678,0.0006617,-0.0010401,0.0088155
0.000927,-0.00083,0.0087338,0.000928,-0.0008309,0.0086819
0.001111,-0.001008,0.0089048,0.0011121,-0.001009,0.0088528
0.001097,-0.000576,0.0088898,0.0010981,-0.0005766,0.0088375
0.001425,-0.000538,0.0089358,0.0014264,-0.0005385,0.0088838
0.000733,-0.000669,0.0089118,0.0007337,-0.0006697,0.0088589
0.001352,-0.001106,0.0094098,0.0013531,-0.0011069,0.0093569
0.000749,-0.000986,0.0092698,0.0007496,-0.0009868,0.0092164
0.001041,-0.000958,0.0096418,0.0010417,-0.0009586,0.0095878
0.001062,-0.00101,0.0099838,0.0010625,-0.0010105,0.009929
0.000844,-0.000442,0.0090178,0.0008448,-0.0004424,0.0089646
0.000349,-0.000777,0.0087988,0.0003494,-0.0007779,0.008746
0.00065,-0.000181,0.0089788,0.0006506,-0.0001812,0.0089251
0.000784,-0.000571,0.0092628,0.0007846,-0.0005714,0.0092089
0.00063,-0.000271,0.0092408,0.0006304,-0.0002712,0.0091864
0.000693,-0.000692,0.0095648,0.0006933,-0.0006923,0.0095102
0.000619,-0.000698,0.0100118,0.0006192,-0.0006982,0.0099563
0.000557,-0.000386,0.0116038,0.000557,-0.000386,0.0115465
0.000708,-0.000992,0.0096808,0.0007084,-0.0009925,0.0096263
0.002506,-0.000515,0.0078448,0.0025083,-0.0005155,0.0077956
0.00275,-0.000604,0.0079178,0.0027524,-0.0006045,0.0078685
0.002798,-0.000648,0.0082098,0.0028003,-0.0006485,0.00816
0.002948,-0.000888,0.0081818,0.0029504,-0.0008887,0.0081321
0.002329,-0.00039,0.0084208,0.0023311,-0.0003904,0.0083704
0.002507,-0.000711,0.0084298,0.0025091,-0.0007116,0.0083795
0.002478,-0.000538,0.0086548,0.0024801,-0.0005385,0.008604
0.00291,-0.0001,0.0088658,0.0029122,-0.0001001,0.0088147
0.002933,-0.000951,0.0088758,0.0029352,-0.0009517,0.0088248
0.002964,-0.000715,0.0092538,0.0029661,-0.0007155,0.0092021
0.002452,-0.00036,0.0091448,0.0024539,-0.0003603,0.009093
0.002004,-0.001002,0.0104368,0.0020051,-0.0010025,0.0103822
0.002412,-0.001023,0.0103638,0.0024134,-0.0010236,0.0103098
0.002531,-0.000632,0.0103198,0.0025325,-0.0006324,0.0102658
0.002887,-0.000795,0.0104268,0.0028886,-0.0007954,0.0103729
0.002138,-0.000707,0.0103108,0.0021392,-0.0007074,0.0102565
0.002556,-0.000272,0.0104238,0.0025574,-0.0002722,0.0103696
0.002467,-0.000589,0.0107118,0.0024682,-0.0005893,0.010657
0.002465,-0.001005,0.0107178,0.0024663,-0.0010055,0.0106631
0.002838,-0.000981,0.0107098,0.0028395,-0.0009815,0.0106554
0.002151,-0.000974,0.0107418,0.002152,-0.0009745,0.0106867
0.001789,-0.001055,0.0107208,0.0017897,-0.0010554,0.0106653
0.002501,-0.001031,0.0110538,0.0025021,-0.0010315,0.0109985
0.002271,-0.000463,0.0104258,0.0022722,-0.0004632,0.0103713
0.002089,-0.000666,0.0106818,0.0020899,-0.0006663,0.0106266
0.001646,-0.000675,0.0106988,0.0016465,-0.0006752,0.0106429
0.002087,-0.000643,0.0110498,0.0020877,-0.0006432,0.0109938
0.002113,-0.000584,0.0113968,0.0021135,-0.0005841,0.0113402
0.00218,-0.001283,0.0107368,0.0021811,-0.0012836,0.0106819
0.002123,-0.000968,0.0110878,0.0021238,-0.0009683,0.011032
-0.003207,0.00038,0.0169538,-0.003207,0.00038,0.0168938
-0.002864,0.000383,0.0169068,-0.002864,0.000383,0.0168468
-0.001173,0.000293,0.0172208,-0.001173,0.000293,0.0171608
-0.000826,0.000505,0.0172238,-0.000826,0.000505,0.0171638
-0.000402,0.00051,0.0170778,-0.000402,0.00051,0.0170178
-0.00086,-0.000277,0.0171098,-0.00086,-0.000277,0.0170498
-0.000904,1.2e-05,0.0176248,-0.000904,1.2e-05,0.0175648
-0.000945,-0.000285,0.0174368,-0.000945,-0.000285,0.0173768
-0.001135,-2e-05,0.0172798,-0.001135,-2e-05,0.0172198
-0.001232,-0.000218,0.0175678,-0.001232,-0.000218,0.0175078
-0.001462,5e-05,0.0156408,-0.001462,5e-05,0.0155808
-0.001613,0.000478,0.0156078,-0.001613,0.000478,0.0155478
-0.001242,0.000331,0.0157568,-0.001242,0.000331,0.0156968
-0.001438,0.000837,0.0156918,-0.001438,0.000837,0.0156318
-0.001419,0.000403,0.0153618,-0.001419,0.000403,0.0153018
-0.00189,0.000446,0.0157048,-0.00189,0.000446,0.0156448
-0.001792,-0.000104,0.0157738,-0.001792,-0.000104,0.0157138
-0.001514,-0.000319,0.0157618,-0.001514,-0.000319,0.0157018
-0.001908,1.7e-05,0.0152028,-0.001908,1.7e-05,0.0151428
-0.002737,0.000917,0.0149848,-0.002737,0.000917,0.0149248
-0.000211,0.00165,0.0072178,-0.0002113,0.001652,0.0071702
-4.8e-05,0.001479,0.0074738,-4.8e-05,0.0014808,0.0074254
-0.000162,0.001942,0.0071058,-0.0001622,0.0019442,0.0070584
0.000113,0.001886,0.0076218,0.0001131,0.0018881,0.0075731
0.000344,0.001666,0.0073718,0.0003444,0.001668,0.0073237
-0.000478,0.00157,0.0074968,-0.0004786,0.0015719,0.0074484
-5.6e-05,0.001488,0.0078368,-5.61e-05,0.0014898,0.0077873
-0.000843,0.001563,0.0075598,-0.000844,0.0015648,0.0075112
-0.000537,0.001613,0.0081938,-0.0005376,0.0016148,0.0081436
-0.000244,0.002316,0.0079578,-0.0002442,0.0023182,0.0079084
-6e-05,0.00218,0.0081778,-6e-05,0.0021821,0.0081279
-8.3e-05,0.002497,0.0077608,-8.31e-05,0.0024993,0.0077118
-7.4e-05,0.002796,0.0081618,-7.4e-05,0.0027983,0.0081121
-4.2e-05,0.002152,0.0085208,-4.2e-05,0.002154,0.0084702
-0.000445,0.002736,0.0081848,-0.0004454,0.0027383,0.008135
-0.00057,0.002818,0.0084588,-0.0005704,0.0028203,0.0084085
-0.000339,0.002242,0.0086188,-0.0003393,0.002244,0.008568
0.000294,0.002188,0.0085268,0.0002943,0.00219,0.0084762
-0.000239,0.002552,0.0084048,-0.0002392,0.0025542,0.0083545
-5e-05,0.003051,0.0088878,-5e-05,0.0030533,0.0088367
-0.000448,0.00307,0.0091008,-0.0004483,0.0030722,0.0090493
-0.000898,0.002707,0.0089358,-0.0008987,0.002709,0.0088846
-0.000441,0.002718,0.0093378,-0.0004413,0.00272,0.0092858
0.000726,0.001933,0.0102408,0.0007264,0.0019341,0.0101864
0.000871,0.002059,0.0104958,0.0008715,0.0020601,0.0104411
0.001053,0.001905,0.0103198,0.0010536,0.0019061,0.0102654
0.001043,0.002301,0.0103778,0.0010436,0.0023023,0.0103237
0.001461,0.002214,0.0103788,0.0014618,0.0022153,0.0103248
0.000693,0.002274,0.0103928,0.0006934,0.0022753,0.0103385
0.000635,0.002228,0.0107508,0.0006353,0.002229,0.0106956
0.001022,0.002645,0.0102778,0.0010226,0.0026465,0.0102241
0.001037,0.001859,0.0106398,0.0010375,0.0018598,0.0105846
0.001468,0.001887,0.0107298,0.0014687,0.0018879,0.0106748
0.000596,0.001875,0.0106128,0.0005963,0.0018758,0.0105574
0.001012,0.00158,0.0106168,0.0010124,0.0015806,0.0105613
0.001042,0.002002,0.0111278,0.0010423,0.0020026,0.0110718
0.000258,0.002234,0.0103398,0.0002581,0.0022352,0.0102854
0.000648,0.002671,0.0102688,0.0006484,0.0026725,0.010215
0.000277,0.002184,0.0106388,0.0002771,0.002185,0.0105837
-7e-05,0.002328,0.0107288,-7e-05,0.0023291,0.0106737
0.000666,0.002666,0.0107338,0.0006663,0.0026674,0.0106792
0.00073,0.002271,0.0110568,0.0007303,0.0022719,0.0110011
0.000304,0.001883,0.0107918,0.0003041,0.0018836,0.010736
0.000658,0.001474,0.0106698,0.0006582,0.0014744,0.0106138
0.000752,0.001938,0.0110378,0.0007522,0.0019386,0.0109817
0.000726,0.001923,0.0113968,0.0007261,0.0019234,0.0113401
-0.000963,0.001851,0.0104928,-0.0009635,0.0018519,0.0104379
-0.000546,0.00187,0.0103068,-0.0005463,0.0018709,0.0102521
-0.000309,0.002032,0.0103818,-0.0003092,0.002033,0.010327
-0.000462,0.00233,0.0103428,-0.0004623,0.0023313,0.0102886
-4.9e-05,0.002207,0.0103888,-4.9e-05,0.0022082,0.0103343
-0.000856,0.002217,0.0103118,-0.0008565,0.0022183,0.0102576
-0.000519,0.002769,0.0103708,-0.0005193,0.0027706,0.0103169
-0.000471,0.002319,0.0107438,-0.0004712,0.0023201,0.0106887
-0.000505,0.002368,0.0113598,-0.0005051,0.0023687,0.0113035
-0.000474,0.001944,0.0107628,-0.0004742,0.0019447,0.0107071
-8.4e-05,0.001968,0.0106908,-8.4e-05,0.0019687,0.0106352
-0.000885,0.001984,0.0108108,-0.0008854,0.0019848,0.0107553
-0.001322,0.002126,0.0106798,-0.0013227,0.0021271,0.010625
-0.000465,0.001452,0.0106368,-0.0004651,0.0014524,0.0105808
-0.000416,0.001908,0.0110958,-0.0004161,0.0019085,0.0110395
-0.000849,0.002923,0.0103278,-0.0008495,0.0029247,0.0102741
-0.000904,0.002248,0.0106908,-0.0009044,0.0022491,0.0106359
-0.000898,0.0026,0.0107178,-0.0008985,0.0026013,0.0106632
-0.000904,0.00228,0.0110348,-0.0009044,0.0022809,0.0109792
-0.000961,0.001468,0.0106728,-0.0009613,0.0014685,0.010617
-0.000833,0.001107,0.0106648,-0.0008332,0.0011072,0.0106086
-0.00091,0.00203,0.0111188,-0.0009103,0.0020306,0.0110628
-0.000849,0.001809,0.0113898,-0.0008492,0.0018093,0.011333
-0.003536,0.000672,0.0167218,-0.003536,0.000672,0.0166618
-0.003228,0.000682,0.0166368,-0.003228,0.000682,0.0165768
-0.003255,0.001429,0.0170888,-0.003255,0.001429,0.0170288
-0.002934,0.001478,0.0169458,-0.002934,0.001478,0.0168858
-0.00187,0.001508,0.0156368,-0.00187,0.001508,0.0155768
-0.001785,0.001829,0.0156938,-0.001785,0.001829,0.0156338
-0.001499,0.001617,0.0156328,-0.001499,0.001617,0.0155728
-0.001565,0.002084,0.0156958,-0.001565,0.002084,0.0156358
-0.001267,0.002026,0.0156058,-0.001267,0.002026,0.0155458
-0.001617,0.002169,0.0153608,-0.001617,0.002169,0.0153008
-0.001583,0.001701,0.0160448,-0.001583,0.001701,0.0159848
-0.001325,0.001503,0.0159518,-0.001325,0.001503,0.0158918
-0.001931,0.00179,0.0160758,-0.001931,0.00179,0.0160158
-0.001897,0.00211,0.0159618,-0.001897,0.00211,0.0159018
-0.002195,0.00187,0.0156788,-0.002195,0.00187,0.0156188
-0.001998,0.001991,0.0154438,-0.001998,0.001991,0.0153838
-0.002815,0.00148,0.0149698,-0.002815,0.00148,0.0149098
-0.002737,0.001825,0.0151458,-0.002737,0.001825,0.0150858
-0.002439,0.001613,0.0147458,-0.002439,0.001613,0.0146859
-0.002497,0.001592,0.0151058,-0.002497,0.001592,0.0150458
-0.002494,0.001965,0.0150658,-0.002494,0.001965,0.0150058
-0.002039,0.001987,0.0151268,-0.002039,0.001987,0.0150668
-0.002504,0.002451,0.0152108,-0.002504,0.002451,0.0151508
-0.002296,0.001531,0.0153618,-0.002296,0.001531,0.0153018
-0.001979,0.001639,0.0153578,-0.001979,0.001639,0.0152978
-0.001827,0.003017,0.0062578,-0.0018285,0.0030195,0.0062122
-0.003316,-6.1e-05,0.0170018,-0.003316,-6.1e-05,0.0169418
-0.002857,-0.000111,0.0170848,-0.002857,-0.000111,0.0170248
-0.003309,0.001414,0.0062528,-0.0033117,0.0014152,0.0062072
-0.00107,-0.00343,0.0169388,-0.00107,-0.00343,0.0168788
-0.00071,-0.003483,0.0170428,-0.00071,-0.003483,0.0169828
-0.001757,-0.000664,0.0070598,-0.001759,-0.0006648,0.0070126
-0.001225,-0.000225,0.0068988,-0.0012266,-0.0002253,0.0068523
-0.001846,-0.000311,0.0078728,-0.001848,-0.0003113,0.0078235
-0.002386,-0.000359,0.0082508,-0.0023881,-0.0003593,0.0082008
-0.00278,-0.000249,0.0081458,-0.0027823,-0.0002492,0.0080961
-0.002622,-0.000389,0.0085128,-0.0026242,-0.0003893,0.0084623
-0.002995,-0.000655,0.0081198,-0.0029974,-0.0006555,0.0080702
-0.002685,-0.001027,0.0082148,-0.0026872,-0.0010279,0.008165
-0.002851,-0.000741,0.0084688,-0.0028532,-0.0007416,0.0084185
-0.003329,-0.000383,0.0085468,-0.0033315,-0.0003833,0.0084965
-0.003139,-0.000637,0.0085918,-0.0031413,-0.0006375,0.0085413
-0.00302,-0.000283,0.0084528,-0.0030223,-0.0002832,0.0084025
-0.002965,-0.000671,0.0088398,-0.0029672,-0.0006715,0.0087888
-0.002574,-0.00067,0.0088678,-0.002576,-0.0006705,0.0088167
-0.003136,-0.000868,0.0089668,-0.0031382,-0.0008686,0.0089156
-0.003089,-0.000537,0.0091398,-0.0030912,-0.0005374,0.0090883
-0.001083,-0.003358,0.0052328,-0.0010838,-0.0033605,0.0051896
-0.001849,-0.003017,0.0051838,-0.0018504,-0.0030192,0.0051407
-0.002591,-0.002234,0.0061918,-0.0025932,-0.0022359,0.0061464
-0.002864,-0.0022,0.0065158,-0.0028665,-0.0022018,0.0064696
-0.000415,-0.001965,0.0072348,-0.0004155,-0.0019671,0.0071871
2.5e-05,-0.001706,0.0070408,2.5e-05,-0.001708,0.0069937
0.000249,-0.001394,0.0071518,0.0002493,-0.0013958,0.0071044
-0.000133,-0.00189,0.0075518,-0.0001332,-0.0018921,0.0075033
-6.8e-05,-0.002,0.0078788,-6.81e-05,-0.0020021,0.0078295
-0.000216,-0.001712,0.0072468,-0.0002163,-0.001714,0.0071991
-0.000427,-0.001291,0.0069908,-0.0004275,-0.0012927,0.0069439
-0.000267,-0.002268,0.0073548,-0.0002673,-0.0022703,0.0073068
-0.000226,-0.002719,0.0078128,-0.0002262,-0.0027214,0.0077638
-8e-05,-0.002846,0.0082288,-8.01e-05,-0.0028483,0.0081789
-5e-06,-0.002363,0.0081578,-5e-06,-0.0023652,0.008108
8.7e-05,-0.002985,0.0085488,8.71e-05,-0.0029873,0.0084983
-0.001057,-0.003389,0.0062408,-0.0010579,-0.0033918,0.0061952
-0.000682,-0.003403,0.0062148,-0.0006826,-0.0034058,0.0061694
-0.002772,-0.001677,0.0061848,-0.0027744,-0.0016784,0.0061395
-0.002543,-0.001486,0.0062658,-0.0025453,-0.0014873,0.0062204
-0.003046,-0.00164,0.0062448,-0.0030485,-0.0016414,0.0061993
-0.001599,-0.001416,0.0079928,-0.0016006,-0.0014174,0.0079433
-0.001937,-0.001369,0.0074148,-0.0019389,-0.0013703,0.0073666
-0.00198,-0.001426,0.0081308,-0.0019818,-0.0014273,0.008081
-0.002266,-0.001538,0.0082198,-0.0022679,-0.0015393,0.0081699
-0.002227,-0.001485,0.0085978,-0.0022288,-0.0014862,0.0085472
-0.002764,-0.001007,0.0085068,-0.0027662,-0.0010078,0.0084564
-0.002563,-0.001472,0.0081828,-0.0025651,-0.0014732,0.008133
0.000382,-0.001984,0.0072508,0.0003824,-0.0019861,0.0072031
0.000795,-0.001657,0.0070748,0.0007959,-0.0016589,0.0070276
0.001064,-0.001676,0.0071418,0.0010652,-0.0016779,0.0070943
0.000782,-0.001325,0.0070498,0.000783,-0.0013266,0.0070027
0.000187,-0.00139,0.0076058,0.0001872,-0.0013918,0.007557
0.000481,-0.00227,0.0072258,0.0004815,-0.0022723,0.0071781
0.000682,-0.002957,0.0081938,0.0006825,-0.0029594,0.0081441
0.001101,-0.002915,0.0081548,0.0011019,-0.0029173,0.0081052
0.000706,-0.002755,0.0085858,0.0007065,-0.0027572,0.0085352
0.000299,-0.00249,0.0084338,0.0002992,-0.0024921,0.0083835
0.001042,-0.002837,0.0084178,0.0010428,-0.0028392,0.0083676
0.000722,-0.002783,0.0090588,0.0007225,-0.0027851,0.0090073
0.000946,-0.002426,0.0085328,0.0009468,-0.002428,0.0084823
0.001008,-0.002812,0.0089608,0.0010087,-0.0028141,0.0089096
0.000852,-0.002812,0.0093138,0.0008526,-0.002814,0.0092619
-9.1e-05,-0.002463,0.0084658,-9.11e-05,-0.0024651,0.0084154
0.000223,-0.002006,0.0086098,0.0002232,-0.0020079,0.0085589
0.000293,-0.002415,0.0088638,0.0002932,-0.002417,0.0088126
-9e-06,-0.002397,0.0089188,-9e-06,-0.002399,0.0088674
0.000429,-0.002795,0.0089218,0.0004293,-0.0027971,0.0088706
2e-06,-0.002794,0.0090058,2e-06,-0.0027961,0.0089544
0.000593,-0.002437,0.0103568,0.0005933,-0.0024384,0.0103027
0.000988,-0.00249,0.0103688,0.0009886,-0.0024914,0.0103148
0.001112,-0.002078,0.0102578,0.0011127,-0.0020792,0.0102038
0.001462,-0.002093,0.0102588,0.0014629,-0.0020942,0.0102049
0.001296,-0.00207,0.0106858,0.0012966,-0.002071,0.0106309
0.000537,-0.002016,0.0104058,0.0005373,-0.002017,0.0103511
0.001081,-0.00168,0.0103078,0.0010816,-0.0016809,0.0102532
0.00111,-0.002476,0.0107458,0.0011106,-0.0024773,0.0106911
0.001441,-0.002431,0.0106328,0.0014417,-0.0024323,0.0105784
0.000715,-0.002436,0.0106688,0.0007154,-0.0024372,0.0106141
0.001061,-0.001776,0.0105738,0.0010615,-0.0017768,0.0105186
0.001033,-0.002547,0.0110448,0.0010335,-0.0025482,0.0109896
0.000771,-0.002164,0.0104488,0.0007714,-0.0021652,0.0103943
0.000281,-0.002139,0.0103518,0.0002812,-0.0021401,0.0102973
0.000666,-0.001625,0.0103628,0.0006663,-0.0016257,0.0103076
0.000682,-0.002126,0.0107498,0.0006823,-0.0021269,0.0106945
0.000658,-0.002012,0.0114488,0.0006581,-0.0020124,0.011392
0.000263,-0.001703,0.0104158,0.0002631,-0.0017037,0.0103604
0.000663,-0.00177,0.0106568,0.0006632,-0.0017706,0.0106012
0.000809,-0.002081,0.0111288,0.0008093,-0.0020816,0.0110727
0.000293,-0.002557,0.0106158,0.0002931,-0.0025583,0.0105612
0.000672,-0.002476,0.0110508,0.0006723,-0.002477,0.0109953
0.000391,-0.003337,0.0062408,0.0003913,-0.0033398,0.0061953
4e-05,-0.003253,0.0062128,4e-05,-0.0032558,0.0061674
0.000524,-0.00292,0.0062468,0.0005245,-0.0029226,0.0062014
0.000496,-0.001375,0.0065438,0.0004966,-0.0013767,0.0064983
0.000659,-0.001256,0.0063488,0.0006598,-0.0012575,0.0063039
0.000754,-0.00141,0.0067258,0.0007549,-0.0014117,0.0066796
0.001107,-0.001302,0.0067298,0.0011083,-0.0013035,0.0066836
0.000228,-0.00107,0.0067588,0.0002283,-0.0010715,0.0067128
0.000397,-0.000676,0.0066038,0.0003975,-0.0006769,0.0065585
0.000393,-0.001013,0.0072238,0.0003935,-0.0010144,0.0071762
2.2e-05,-0.001446,0.0067828,2.2e-05,-0.0014478,0.0067366
0.001939,-0.002588,0.0169718,0.001939,-0.002588,0.0169118
0.002325,-0.002601,0.0170388,0.002325,-0.002601,0.0169788
0.002305,-0.002679,0.0167018,0.002305,-0.002679,0.0166418
0.001093,-0.002019,0.0157768,0.001093,-0.002019,0.0157168
0.001398,-0.001705,0.0156408,0.001398,-0.001705,0.0155808
0.001086,-0.00176,0.0156438,0.001086,-0.00176,0.0155838
0.001413,-0.001382,0.0155318,0.001413,-0.001382,0.0154718
0.00128,-0.001599,0.0152738,0.00128,-0.001599,0.0152138
0.001544,-0.002138,0.0154238,0.001544,-0.002138,0.0153638
0.000767,-0.001636,0.0156688,0.000767,-0.001636,0.0156088
0.001111,-0.001439,0.0156538,0.001111,-0.001439,0.0155938
0.000965,-0.001799,0.0153608,0.000965,-0.001799,0.0153008
0.001632,-0.001266,0.0157368,0.001632,-0.001266,0.0156768
0.002041,-0.000831,0.0156258,0.002041,-0.000831,0.0155658
0.001631,-0.000976,0.0155488,0.001631,-0.000976,0.0154888
0.002059,-0.001363,0.0159688,0.002059,-0.001363,0.0159088
0.002199,-0.0015,0.0152318,0.002199,-0.0015,0.0151718
0.001686,-0.000566,0.0155948,0.001686,-0.000566,0.0155348
0.001752,-0.000921,0.0160618,0.001752,-0.000921,0.0160018
0.001871,-0.000901,0.0152778,0.001871,-0.000901,0.0152178
0.001698,-0.001243,0.0154118,0.001698,-0.001243,0.0153518
0.001575,-0.001431,0.0152338,0.001575,-0.001431,0.0151738
0.001668,-0.001321,0.0149738,0.001668,-0.001321,0.0149139
0.001775,-0.002106,0.0150668,0.001775,-0.002106,0.0150068
0.002077,-0.002223,0.0149498,0.002077,-0.002223,0.0148899
0.002254,-0.001941,0.0151318,0.002254,-0.001941,0.0150718
0.001988,-0.001795,0.0149938,0.001988,-0.001795,0.0149339
0.001637,-0.001749,0.0149628,0.001637,-0.001749,0.0149029
0.00176,-0.0019,0.0152818,0.00176,-0.0019,0.0152218
0.000853,-0.003053,0.0058238,0.0008537,-0.0030555,0.0057794
-0.002293,0.002261,0.0062108,-0.002295,0.0022629,0.0061654
0.003414,-0.001017,0.0055248,0.0034166,-0.0010178,0.0054809
0.00133,0.002913,0.0061298,0.0013311,0.0029155,0.0060846
0.00131,0.003265,0.0062888,0.0013111,0.0032677,0.0062431
0.001135,0.002248,0.0079368,0.001136,0.0022501,0.0078875
0.001125,0.002605,0.0077748,0.001126,0.0026073,0.0077259
0.001453,0.00253,0.0081458,0.0014542,0.0025321,0.0080961
0.001399,0.002257,0.0082068,0.0014002,0.0022589,0.0081569
0.001361,0.00233,0.0085818,0.0013621,0.0023319,0.0085312
0.000886,0.002465,0.0079938,0.0008868,0.0024672,0.0079444
0.001092,0.002637,0.0081798,0.0010929,0.0026392,0.0081301
0.001082,0.002221,0.0085138,0.0010829,0.0022229,0.0084633
9.9e-05,0.003188,0.0066928,9.91e-05,0.0031909,0.0066463
-0.001082,0.002275,0.0080388,-0.001083,0.002277,0.0079892
-0.001227,0.002666,0.0081388,-0.001228,0.0026682,0.0080892
-0.001234,0.002707,0.0085198,-0.001235,0.0027091,0.0084694
-0.00092,0.0023,0.0085288,-0.0009208,0.002302,0.0084783
-0.001385,0.002127,0.0086138,-0.0013862,0.0021288,0.0085631
0.002867,-0.002087,0.0063358,0.0028694,-0.0020888,0.00629
0.002789,-0.001656,0.0062468,0.0027914,-0.0016574,0.0062013
0.001342,-0.001291,0.0066668,0.0013435,-0.0012924,0.0066207
0.001039,-0.001408,0.0070168,0.0010402,-0.0014097,0.0069697
0.00226,-0.001327,0.0072598,0.0022622,-0.0013283,0.007212
0.002042,-0.001058,0.0069858,0.0020441,-0.0010591,0.0069387
0.00207,-0.00143,0.0075078,0.002072,-0.0014314,0.0074594
0.001568,-0.001178,0.0074638,0.0015697,-0.0011793,0.0074155
0.001736,-0.001431,0.0073968,0.0017378,-0.0014324,0.0073487
0.0016,-0.001353,0.0081608,0.0016016,-0.0013543,0.0081109
0.002557,-0.001459,0.0078248,0.0025592,-0.0014602,0.0077758
0.002895,-0.001327,0.0082038,0.0028973,-0.001328,0.0081541
0.002926,-0.001252,0.0085748,0.0029282,-0.0012529,0.0085244
0.002513,-0.00095,0.0086048,0.002515,-0.0009508,0.0085542
0.002642,-0.001718,0.0082298,0.0026441,-0.0017193,0.00818
0.002618,-0.001359,0.0084708,0.0026201,-0.0013601,0.0084205
0.000847,0.00317,0.0058718,0.0008477,0.0031726,0.0058272
0.000714,0.002953,0.0060358,0.0007146,0.0029555,0.0059909
0.000946,0.00288,0.0062278,0.0009468,0.0028826,0.0061824
0.000895,0.003183,0.0062318,0.0008958,0.0031857,0.0061863
-0.003585,3e-06,0.0063068,-0.003588,3e-06,0.0062611
-0.003265,1.6e-05,0.0062678,-0.0032678,1.6e-05,0.0062223
-0.002956,-0.001198,0.0058658,-0.0029584,-0.001199,0.0058212
-0.003398,-0.001128,0.0062808,-0.0034008,-0.0011289,0.0062351
-0.00296,-0.001206,0.0062388,-0.0029625,-0.001207,0.0061934
0.001017,-0.001959,0.0071028,0.0010181,-0.0019611,0.0070554
0.001302,-0.002044,0.0071308,0.0013033,-0.0020461,0.0070833
0.001335,-0.001776,0.0070508,0.0013364,-0.0017779,0.0070035
0.00141,-0.001856,0.0074238,0.0014114,-0.0018578,0.0073756
0.001671,-0.002619,0.0078138,0.0016724,-0.0026212,0.0077649
0.0015,-0.003068,0.0081208,0.0015012,-0.0030704,0.0080713
0.001729,-0.001903,0.0078968,0.0017306,-0.0019047,0.0078475
0.002296,-0.002073,0.0079828,0.0022979,-0.0020747,0.0079335
0.002558,-0.001861,0.0079018,0.0025601,-0.0018625,0.0078527
0.002084,-0.001806,0.0078858,0.0020858,-0.0018076,0.0078366
0.001877,-0.00173,0.0082018,0.0018786,-0.0017315,0.0081519
0.002226,-0.002379,0.0080098,0.0022278,-0.0023809,0.0079605
0.002088,-0.002188,0.0083868,0.0020896,-0.0021897,0.0083366
0.001724,-0.00209,0.0081728,0.0017255,-0.0020918,0.008123
0.002031,-0.002555,0.0081508,0.0020326,-0.002557,0.0081012
0.001511,-0.001394,0.0077218,0.0015126,-0.0013955,0.0076729
0.001461,-0.001849,0.0082048,0.0014623,-0.0018507,0.0081549
0.00159,-0.001612,0.0084668,0.0015914,-0.0016135,0.0084163
0.001822,-0.002326,0.0078968,0.0018235,-0.002328,0.0078477
0.001743,-0.002465,0.0083078,0.0017444,-0.002467,0.0082578
0.001579,-0.002156,0.0084788,0.0015803,-0.0021578,0.0084284
0.001348,-0.002999,0.0061898,0.0013491,-0.0030015,0.0061444
0.001352,-0.002714,0.0061308,0.0013532,-0.0027164,0.0060857
0.001273,-0.003031,0.0065658,0.0012741,-0.0030337,0.0065196
0.002078,-0.002725,0.0062328,0.0020797,-0.0027273,0.0061873
0.00238,-0.002537,0.0062568,0.002382,-0.0025391,0.0062112
-0.003379,0.001074,0.0062688,-0.0033818,0.0010749,0.0062232
-0.002971,0.001074,0.0063348,-0.0029736,0.0010749,0.0062891
-0.000416,0.001253,0.0063778,-0.0004165,0.0012545,0.006333
-0.000823,0.001293,0.0068478,-0.000824,0.0012946,0.0068013
-0.001067,0.001123,0.0067328,-0.0010683,0.0011244,0.0066866
-0.001054,0.000645,0.0065338,-0.0010553,0.0006458,0.0064885
-0.001213,0.000427,0.0067898,-0.0012146,0.0004276,0.0067436
-0.001472,0.002912,0.0065298,-0.0014733,0.0029146,0.0064836
0.003372,0.001117,0.0067268,0.0033749,0.001118,0.0066802
-0.000327,-0.003281,0.0066388,-0.0003273,-0.0032839,0.0065924
6e-05,-0.003269,0.0065828,6.01e-05,-0.0032719,0.0065366
-0.001086,0.00335,0.0062738,-0.0010869,0.0033528,0.0062282
-0.000694,0.003182,0.0062158,-0.0006946,0.0031847,0.0061704
-0.001074,0.003321,0.0066228,-0.0010749,0.0033239,0.0065764
-0.000655,0.003193,0.0065938,-0.0006556,0.0031958,0.0065475
0.003359,-0.001117,0.0058188,0.0033617,-0.0011179,0.0057742
-0.001123,0.000912,0.0163808,-0.001123,0.000912,0.0163208
-0.000404,0.001144,0.0162988,-0.000404,0.001144,0.0162388
-0.001163,0.000591,0.0165348,-0.001163,0.000591,0.0164748
-0.001262,0.00081,0.0160478,-0.001262,0.00081,0.0159878
-0.001745,0.001,0.0157518,-0.001745,0.001,0.0156918
-0.001186,0.000791,0.0154408,-0.001186,0.000791,0.0153808
-0.001641,0.000765,0.0154048,-0.001641,0.000765,0.0153448
-0.001586,0.001282,0.0157638,-0.001586,0.001282,0.0157038
-0.001247,0.001248,0.0155998,-0.001247,0.001248,0.0155398
-0.002066,0.001291,0.0154358,-0.002066,0.001291,0.0153758
-0.001825,0.000709,0.0157688,-0.001825,0.000709,0.0157088
-0.002087,0.001469,0.0149938,-0.002087,0.001469,0.0149339
-0.002587,0.000643,0.0150668,-0.002587,0.000643,0.0150068
-0.002924,0.000732,0.0152248,-0.002924,0.000732,0.0151648
-0.000875,0.000455,0.0131158,-0.0008751,0.000455,0.0130575
-0.000691,0.000489,0.0132978,-0.0006911,0.000489,0.0132393
-0.000448,0.000496,0.0130478,-0.000448,0.000496,0.0129896
-0.000238,0.000509,0.0132798,-0.000238,0.000509,0.0132213
-0.000399,0.000901,0.0132308,-0.000399,0.0009011,0.0131724
-2.1e-05,0.000841,0.0130898,-2.1e-05,0.0008411,0.0130315
-1.5e-05,0.001286,0.0133798,-1.5e-05,0.0012861,0.0133211
-2.4e-05,0.00039,0.0130748,-2.4e-05,0.00039,0.0130166
-0.000811,0.000852,0.0131988,-0.0008111,0.0008521,0.0131404
-0.000344,0.001274,0.0132168,-0.000344,0.0012741,0.0131583
-0.000418,0.000995,0.0135938,-0.000418,0.000995,0.0135349
-0.000471,0.000513,0.0134938,-0.000471,0.000513,0.0134351
1.5e-05,0.000504,0.0135218,1.5e-05,0.000504,0.013463
0.000332,0.00057,0.0135608,0.000332,0.00057,0.013502
-0.000867,0.000473,0.0135488,-0.000867,0.000473,0.01349
-0.001305,0.000487,0.0134858,-0.0013051,0.000487,0.013427
-0.000123,0.000229,0.0120958,-0.000123,0.000229,0.012038
-0.000384,0.000217,0.0135258,-0.000384,0.000217,0.013467
-0.000446,-0.000212,0.0133638,-0.000446,-0.000212,0.0133052
-0.00013,-0.000499,0.0122338,-0.00013,-0.000499,0.0121759
0.000662,-0.000412,0.0123558,0.0006621,-0.0004121,0.0122979
-0.000455,0.000634,0.0138628,-0.000455,0.000634,0.0138036
-0.000991,0.001189,0.0132948,-0.0009911,0.0011891,0.0132362
-0.000879,0.000919,0.0139188,-0.000879,0.000919,0.0138595
-0.000764,0.000715,0.0134688,-0.000764,0.000715,0.0134101
-0.000826,-0.000138,0.0135138,-0.000826,-0.000138,0.013455
-0.00088,0.000488,0.0140248,-0.00088,0.000488,0.0139654
-0.002323,0.000376,0.0118058,-0.0023234,0.0003761,0.0117486
-0.002007,0.000416,0.0117798,-0.0020073,0.0004161,0.0117225
-0.001714,0.000361,0.0118428,-0.0017142,0.000361,0.0117853
-0.00159,0.000721,0.0118078,-0.0015902,0.0007211,0.0117503
-0.001421,0.000736,0.0122468,-0.0014212,0.0007361,0.0121889
-0.001499,2.6e-05,0.0117658,-0.0014992,2.6e-05,0.0117083
-0.001598,0.000266,0.0121988,-0.0015982,0.000266,0.012141
-0.002308,0.000499,0.0121018,-0.0023084,0.0004991,0.0120442
-0.00236,0.000758,0.0117538,-0.0023605,0.0007582,0.0116968
-0.001757,0.001017,0.0118278,-0.0017572,0.0010171,0.0117704
-0.002006,0.001696,0.0117838,-0.0020065,0.0016964,0.0117269
-0.002063,0.000896,0.0121958,-0.0020633,0.0008961,0.0121381
-0.001969,0.000455,0.0121528,-0.0019693,0.0004551,0.012095
-0.002129,5.9e-05,0.0120928,-0.0021293,5.9e-05,0.0120351
-0.001968,0.000577,0.0125718,-0.0019682,0.0005771,0.0125138
-0.00248,0.00115,0.0117818,-0.0024807,0.0011503,0.0117251
-0.002395,0.000895,0.0121288,-0.0023954,0.0008952,0.0120713
-0.002338,0.001291,0.0120858,-0.0023385,0.0012913,0.0120285
-0.002432,0.000902,0.0125358,-0.0024324,0.0009021,0.0124779
-0.00247,3.3e-05,0.0120898,-0.0024704,3.3e-05,0.0120323
-0.002414,0.000539,0.0124848,-0.0024143,0.0005391,0.0124269
-0.002235,0.000463,0.0127988,-0.0022352,0.0004631,0.0127406
-0.003045,0.000507,0.0141568,-0.0030451,0.000507,0.0140971
-0.002612,0.000468,0.0143588,-0.002612,0.000468,0.014299
-0.003078,0.000878,0.0142888,-0.003078,0.000878,0.014229
-0.003078,-7.7e-05,0.0145998,-0.003078,-7.7e-05,0.0145399
-0.002653,8.3e-05,0.0145818,-0.002653,8.3e-05,0.0145219
-0.003327,-9.5e-05,0.0143468,-0.003327,-9.5e-05,0.014287
-0.001578,-0.000998,0.0156908,-0.001578,-0.000998,0.0156308
-0.001185,-0.000879,0.0155768,-0.001185,-0.000879,0.0155168
-0.00144,-0.000594,0.0155458,-0.00144,-0.000594,0.0154858
-0.001234,-0.001511,0.0159178,-0.001234,-0.001511,0.0158578
-0.001803,-0.001243,0.0155678,-0.001803,-0.001243,0.0155078
-0.001985,-0.001424,0.0153028,-0.001985,-0.001424,0.0152428
-0.001785,-0.00133,0.0149358,-0.001785,-0.00133,0.0148759
-0.002587,-0.001407,0.0150608,-0.002587,-0.001407,0.0150008
-0.002634,-0.001055,0.0149258,-0.002634,-0.001055,0.0148659
0.001963,0.002934,0.0067258,0.0019647,0.0029365,0.0066792
0.002369,0.002223,0.0066098,0.0023711,0.002225,0.0065635
0.002759,0.002205,0.0066168,0.0027614,0.0022069,0.0065704
0.002718,0.001871,0.0068958,0.0027204,0.0018727,0.0068488
-0.00328,0.001466,0.0066318,-0.0032828,0.0014673,0.0065854
-0.002966,0.001458,0.0065918,-0.0029686,0.0014593,0.0065455
0.002347,0.002181,0.0166318,0.002347,0.002181,0.0165718
0.002733,0.002207,0.0166778,0.002733,0.002207,0.0166178
0.000331,0.001747,0.0070558,0.0003314,0.001749,0.0070086
0.000365,0.002006,0.0073928,0.0003654,0.0020082,0.0073447
0.000334,0.001556,0.0081588,0.0003344,0.0015578,0.0081086
0.000317,0.002541,0.0081868,0.0003173,0.0025432,0.0081369
0.000642,0.002172,0.0084788,0.0006426,0.0021739,0.0084283
0.001078,0.003,0.0085408,0.0010788,0.0030023,0.0084904
0.000651,0.002934,0.0089218,0.0006515,0.0029362,0.0088706
0.000283,0.002869,0.0088018,0.0002832,0.0028712,0.0087508
0.000714,0.002877,0.0091988,0.0007145,0.002879,0.0091471
0.000322,0.002884,0.0091978,0.0003222,0.0028861,0.0091461
0.000851,0.000151,0.0171838,0.000851,0.000151,0.0171238
0.001399,0.000158,0.0173958,0.001399,0.000158,0.0173358
0.000649,0.000451,0.0171618,0.000649,0.000451,0.0171018
0.000568,0.000159,0.0170878,0.000568,0.000159,0.0170278
0.000685,3.1e-05,0.0174408,0.000685,3.1e-05,0.0173808
0.000985,0.000175,0.0162938,0.000985,0.000175,0.0162338
0.001331,0.000155,0.0164288,0.001331,0.000155,0.0163688
0.001426,0.000339,0.0167318,0.001426,0.000339,0.0166718
0.001405,-2.9e-05,0.0167918,0.001405,-2.9e-05,0.0167318
0.001006,-1.1e-05,0.0166518,0.001006,-1.1e-05,0.0165918
0.000711,-1.6e-05,0.0167928,0.000711,-1.6e-05,0.0167328
0.001704,-9.9e-05,0.0155818,0.001704,-9.9e-05,0.0155218
0.002289,0.000226,0.0156758,0.002289,0.000226,0.0156158
0.002175,0.000566,0.0156538,0.002175,0.000566,0.0155938
0.001586,0.000509,0.0154948,0.001586,0.000509,0.0154348
0.002013,0.000868,0.0157228,0.002013,0.000868,0.0156628
0.001711,-0.00011,0.0159968,0.001711,-0.00011,0.0159368
0.002081,-0.000111,0.0161118,0.002081,-0.000111,0.0160518
0.001846,0.000375,0.0156928,0.001846,0.000375,0.0156328
0.001734,0.001074,0.0157068,0.001734,0.001074,0.0156468
0.001733,0.000154,0.0162108,0.001733,0.000154,0.0161508
0.002628,0.000294,0.0151498,0.002628,0.000294,0.0150898
0.002929,0.000165,0.0149578,0.002929,0.000165,0.0148979
0.002642,-4.3e-05,0.0149308,0.002642,-4.3e-05,0.0148709
0.002423,-0.000324,0.0149438,0.002423,-0.000324,0.0148839
-0.001122,-0.003445,0.0166688,-0.001122,-0.003445,0.0166088
-0.001049,-0.003151,0.0167548,-0.001049,-0.003151,0.0166948
-0.00077,-0.001643,0.0155948,-0.00077,-0.001643,0.0155348
-0.000494,-0.001619,0.0157078,-0.000494,-0.001619,0.0156478
-0.000693,-0.001347,0.0156348,-0.000693,-0.001347,0.0155748
-0.000891,-0.001737,0.0153568,-0.000891,-0.001737,0.0152968
-0.001189,-0.001789,0.0154118,-0.001189,-0.001789,0.0153518
-0.00106,-0.002323,0.0157938,-0.00106,-0.002323,0.0157338
-0.000973,-0.003107,0.0149698,-0.000973,-0.003107,0.0149098
-0.000498,-0.003007,0.0154308,-0.000498,-0.003007,0.0153708
-0.001134,-0.001911,0.0150668,-0.001134,-0.001911,0.0150068
-0.001016,-0.00104,0.0131268,-0.0010161,-0.0010401,0.0130684
-0.000633,-0.001033,0.0131648,-0.0006331,-0.0010331,0.0131064
-0.000255,-0.00106,0.0131068,-0.000255,-0.0010601,0.0130485
-0.000479,-0.000677,0.0130628,-0.000479,-0.0006771,0.0130045
-0.000107,-0.000634,0.0129558,-0.000107,-0.0006341,0.0128976
-0.000829,-0.000757,0.0131728,-0.0008291,-0.0007571,0.0131144
-0.001198,-0.000681,0.0131528,-0.0011981,-0.0006811,0.0130944
-0.000538,-0.00019,0.0130468,-0.0005381,-0.00019,0.0129886
-0.000456,-0.001041,0.0134918,-0.000456,-0.0010411,0.013433
-7.7e-05,-0.00102,0.0133868,-7.7e-05,-0.0010201,0.0133282
-0.000838,-0.00108,0.0134738,-0.0008381,-0.0010801,0.013415
-0.000441,-0.000953,0.0139868,-0.000441,-0.000953,0.0139274
-0.000607,-0.000455,0.0133288,-0.000607,-0.000455,0.0132703
-0.000811,-0.000727,0.0138578,-0.000811,-0.000727,0.0137986
-0.000822,-0.000963,0.0141278,-0.000822,-0.000963,0.0140683
-0.000689,-0.002396,0.0117378,-0.0006892,-0.0023966,0.0116809
-0.000298,-0.002268,0.0118628,-0.0002981,-0.0022684,0.0118055
-0.000447,-0.002064,0.0116968,-0.0004471,-0.0020643,0.0116396
-0.000107,-0.002083,0.0117158,-0.000107,-0.0020833,0.0116586
8e-06,-0.002095,0.0120038,8e-06,-0.0020953,0.0119462
-0.000849,-0.002052,0.0121228,-0.0008491,-0.0020523,0.0120652
-0.000537,-0.001775,0.0117368,-0.0005371,-0.0017752,0.0116794
-0.000469,-0.001153,0.0117748,-0.0004691,-0.0011531,0.0117173
-0.000487,-0.002403,0.0120468,-0.0004871,-0.0024034,0.0119893
-0.000111,-0.002459,0.0120668,-0.000111,-0.0024594,0.0120093
-0.000852,-0.002402,0.0121408,-0.0008522,-0.0024024,0.0120833
-0.000434,-0.001771,0.0121118,-0.0004341,-0.0017712,0.0120541
-0.000452,-0.002331,0.0124338,-0.0004521,-0.0023313,0.0123759
-0.000874,-0.001746,0.0118978,-0.0008741,-0.0017462,0.0118403
-0.000727,-0.001805,0.0122558,-0.0007271,-0.0018052,0.012198
-0.000722,-0.002109,0.0124258,-0.0007221,-0.0021093,0.0123679
-0.000747,-0.002223,0.0119808,-0.0007471,-0.0022234,0.0119234
-0.000778,-0.002383,0.0125818,-0.0007781,-0.0023833,0.0125238
0.003319,-0.00045,0.0172588,0.003319,-0.00045,0.0171988
0.003096,-0.001087,0.0166318,0.003096,-0.001087,0.0165718
0.003407,-0.001142,0.0167078,0.003407,-0.001142,0.0166478
0.001258,-0.000523,0.0163328,0.001258,-0.000523,0.0162728
0.001423,-0.000193,0.0161678,0.001423,-0.000193,0.0161078
0.001642,-0.000443,0.0159278,0.001642,-0.000443,0.0158678
0.001945,-0.000255,0.0155468,0.001945,-0.000255,0.0154868
0.001597,-0.000274,0.0157368,0.001597,-0.000274,0.0156768
0.001575,-0.000237,0.0153978,0.001575,-0.000237,0.0153378
0.00164,-0.000645,0.0152318,0.00164,-0.000645,0.0151718
0.002619,-0.000571,0.0150178,0.002619,-0.000571,0.0149578
0.002859,-0.000282,0.0149498,0.002859,-0.000282,0.0148899
0.00053,0.003261,0.0167408,0.00053,0.003261,0.0166808
0.000465,0.003554,0.0165638,0.000465,0.003554,0.0165038
0.000186,0.001563,0.0156968,0.000186,0.001563,0.0156368
0.000616,0.001495,0.0156668,0.000616,0.001495,0.0156068
0.000693,0.001808,0.0158388,0.000693,0.001808,0.0157788
0.001025,0.001976,0.0157718,0.001025,0.001976,0.0157118
0.00032,0.001906,0.0157478,0.00032,0.001906,0.0156878
0.000714,0.001414,0.0159878,0.000714,0.001414,0.0159278
0.000407,0.001531,0.0162188,0.000407,0.001531,0.0161588
-1.9e-05,0.001941,0.0156488,-1.9e-05,0.001941,0.0155888
0.000273,0.002965,0.0140378,0.000273,0.0029651,0.0139782
0.000401,0.003219,0.0143078,0.000401,0.003219,0.014248
0.000694,0.002872,0.0140588,0.000694,0.0028721,0.0139992
0.000571,0.002932,0.0143618,0.000571,0.002932,0.014302
0.000737,0.002944,0.0146538,0.000737,0.002944,0.0145939
0.000271,0.002919,0.0146198,0.000271,0.002919,0.0145599
-0.000157,0.002913,0.0146968,-0.000157,0.002913,0.0146369
-0.001654,-0.001702,0.0148278,-0.001654,-0.001702,0.0147679
-0.001293,-0.001713,0.0148438,-0.001293,-0.001713,0.0147839
-0.00142,-0.001439,0.0149718,-0.00142,-0.001439,0.0149119
-0.001884,-0.001899,0.0148338,-0.001884,-0.001899,0.0147739
-0.001805,-0.002295,0.0151308,-0.001805,-0.002295,0.0150708
-0.00235,-0.002106,0.0142238,-0.00235,-0.002106,0.0141641
-0.002202,-0.001801,0.0140828,-0.002202,-0.001801,0.0140232
-0.002972,-0.001796,0.0143358,-0.002972,-0.001796,0.014276
-0.002356,-0.001357,0.0142738,-0.002356,-0.001357,0.0142141
-0.00243,-0.001719,0.0146598,-0.00243,-0.001719,0.0145999
-0.002586,-0.001692,0.0142438,-0.002586,-0.001692,0.0141841
-0.002807,-0.0014,0.0142708,-0.002807,-0.0014,0.0142111
-0.00258,-0.002263,0.0144288,-0.00258,-0.002263,0.014369
-0.002369,-0.001985,0.0135778,-0.0023691,-0.0019851,0.0135187
-0.002256,-0.00173,0.0134388,-0.0022561,-0.0017301,0.0133799
-0.00198,-0.001926,0.0135248,-0.0019801,-0.0019261,0.0134657
-0.002247,-0.001493,0.0139458,-0.0022471,-0.001493,0.0138863
-0.002039,-0.002153,0.0139668,-0.0020391,-0.0021531,0.0139073
-0.002595,-0.002314,0.0136728,-0.0025952,-0.0023141,0.0136136
-0.002413,-0.001264,0.0117408,-0.0024137,-0.0012643,0.0116841
-0.002219,-0.000988,0.0118108,-0.0022195,-0.0009882,0.0117537
-0.001996,-0.001172,0.0116658,-0.0019964,-0.0011722,0.0116088
-0.001716,-0.001023,0.0118008,-0.0017162,-0.0010231,0.0117434
-0.001432,-0.001136,0.0116518,-0.0014322,-0.0011361,0.0115945
-0.00148,-0.000724,0.0116368,-0.0014802,-0.0007241,0.0115795
-0.001511,-0.00097,0.0120608,-0.0015112,-0.0009701,0.0120031
-0.001668,-0.000662,0.0124208,-0.0016682,-0.0006621,0.0123629
-0.001905,-0.000692,0.0117408,-0.0019053,-0.0006921,0.0116835
-0.002243,-0.000561,0.0118128,-0.0022434,-0.0005611,0.0117556
-0.002034,-0.000261,0.0118438,-0.0020343,-0.000261,0.0117864
-0.002051,-0.001054,0.0123628,-0.0020513,-0.0010541,0.012305
-0.002346,-0.000672,0.0120958,-0.0023464,-0.0006721,0.0120383
-0.001336,-0.000653,0.0120548,-0.0013362,-0.0006531,0.011997
-0.002333,-0.000273,0.0120288,-0.0023334,-0.000273,0.0119713
-0.002294,-0.00055,0.0124808,-0.0022943,-0.0005501,0.0124229
-0.00231,-0.001019,0.0120768,-0.0023104,-0.0010192,0.0120193
-0.002193,-0.001402,0.0119668,-0.0021935,-0.0014023,0.0119096
-0.002355,-0.000969,0.0125278,-0.0023553,-0.0009691,0.0124699
-0.001798,-0.003059,0.0166788,-0.001798,-0.003059,0.0166188
0.000413,0.00351,0.0066848,0.0004133,0.003513,0.0066383
0.002011,-0.002922,0.0066628,0.0020127,-0.0029245,0.0066163
0.002126,0.001194,0.0156628,0.002126,0.001194,0.0156028
0.002068,0.001217,0.0152508,0.002068,0.001217,0.0151908
0.001508,0.00122,0.0159178,0.001508,0.00122,0.0158578
0.001764,0.001239,0.0154028,0.001764,0.001239,0.0153428
0.001814,0.000687,0.0157948,0.001814,0.000687,0.0157348
0.001675,0.000872,0.0154408,0.001675,0.000872,0.0153808
0.003395,0.001145,0.0167248,0.003395,0.001145,0.0166648
0.00262,-0.002343,0.0066708,0.0026222,-0.002345,0.0066243
0.002763,-0.001577,0.0065748,0.0027655,-0.0015784,0.0065286
0.000567,-0.001284,0.0164678,0.000567,-0.001284,0.0164078
0.000247,-0.000887,0.0167068,0.000247,-0.000887,0.0166468
-0.000199,-0.000967,0.0168008,-0.000199,-0.000967,0.0167408
0.000431,-0.001257,0.0162278,0.000431,-0.001257,0.0161678
0.000199,-0.00169,0.0155338,0.000199,-0.00169,0.0154738
0.000828,-0.001221,0.0156798,0.000828,-0.001221,0.0156198
0.000644,-0.001703,0.0152558,0.000644,-0.001703,0.0151958
-0.000139,-0.001701,0.0156298,-0.000139,-0.001701,0.0155698
0.000443,-0.001427,0.0157148,0.000443,-0.001427,0.0156548
0.000313,-0.001448,0.0152258,0.000313,-0.001448,0.0151658
0.000284,-0.001409,0.0160558,0.000284,-0.001409,0.0159958
0.000404,-0.002311,0.0157998,0.000404,-0.002311,0.0157398
0.000372,-0.001975,0.0153028,0.000372,-0.001975,0.0152428
0.000257,-0.002859,0.0149718,0.000257,-0.002859,0.0149119
0.00048,-0.002743,0.0152958,0.00048,-0.002743,0.0152358
0.000672,-0.002809,0.0149808,0.000672,-0.002809,0.0149209
-5.9e-05,-0.002914,0.0153538,-5.9e-05,-0.002914,0.0152938
0.000842,-0.003501,0.0062458,0.0008427,-0.0035039,0.0062002
0.000908,-0.003124,0.0061868,0.0009088,-0.0031267,0.0061415
-0.003292,-8e-05,0.0069108,-0.0032949,-8.01e-05,0.0068638
-0.001853,0.000268,0.0071268,-0.0018551,0.0002683,0.0070794
-0.001316,0.000177,0.0072238,-0.0013177,0.0001772,0.0071762
-0.001248,0.000432,0.0071208,-0.0012496,0.0004326,0.0070735
-0.001466,5.9e-05,0.0077378,-0.0014678,5.91e-05,0.0076886
-0.001971,0.00011,0.0082528,-0.001973,0.0001101,0.0082026
-0.002162,0.00011,0.0085818,-0.002164,0.0001101,0.008531
-0.002844,0.000387,0.0087388,-0.0028462,0.0003873,0.008688
-0.002498,-6.1e-05,0.0080118,-0.0025003,-6.11e-05,0.0079623
-0.002571,0.000251,0.0086068,-0.0025731,0.0002512,0.0085561
-0.00338,0.000325,0.0085518,-0.0033825,0.0003252,0.0085015
-0.003083,0.000321,0.0085118,-0.0030854,0.0003212,0.0084615
-0.00303,0.000112,0.0088468,-0.0030322,0.0001121,0.0087958
-0.003069,0.000569,0.0088828,-0.0030712,0.0005694,0.0088317
-0.002726,9e-05,0.0089288,-0.0027281,9.01e-05,0.0088776
-0.002902,-5e-06,0.0092028,-0.0029041,-5e-06,0.0091511
-0.003281,-8e-06,0.0086788,-0.0032834,-8e-06,0.0086282
-0.001419,0.002541,0.0061518,-0.0014203,0.0025433,0.0061067
-0.001092,0.00255,0.0061528,-0.001093,0.0025523,0.0061077
-0.003282,-0.001502,0.0065988,-0.0032848,-0.0015033,0.0065525
-0.003013,-0.001657,0.0066408,-0.0030156,-0.0016584,0.0065944
-0.001164,0.001671,0.0155188,-0.001164,0.001671,0.0154588
-0.00086,0.001485,0.0155598,-0.00086,0.001485,0.0154998
-0.000502,0.001523,0.0156868,-0.000502,0.001523,0.0156268
-0.000862,0.001929,0.0157108,-0.000862,0.001929,0.0156508
-0.000421,0.001849,0.0157128,-0.000421,0.001849,0.0156528
-0.001129,0.002081,0.0153068,-0.001129,0.002081,0.0152468
-0.00121,0.002285,0.0149158,-0.00121,0.002285,0.0148559
-0.001254,0.002648,0.0150458,-0.001254,0.002648,0.0149858
-0.00091,0.003036,0.0149828,-0.00091,0.003036,0.0149228
-0.001372,0.002322,0.0152088,-0.001372,0.002322,0.0151488
-0.001128,0.00244,0.0152958,-0.001128,0.00244,0.0152358
-0.000469,0.002402,0.0153748,-0.000469,0.002402,0.0153148
5.5e-05,-0.00323,0.0169378,5.5e-05,-0.00323,0.0168778
0.000477,-0.003317,0.0169628,0.000477,-0.003317,0.0169028
-0.003257,0.001444,0.0163968,-0.003257,0.001444,0.0163368
0.002672,-0.002344,0.0167318,0.002672,-0.002344,0.0166718
0.002901,-0.002008,0.0165478,0.002901,-0.002008,0.0164878
0.002738,-0.00152,0.0166578,0.002738,-0.00152,0.0165978
-0.003176,-0.001564,0.0167208,-0.003176,-0.001564,0.0166608
-0.000403,-0.001902,0.0156778,-0.000403,-0.001902,0.0156178
-0.00017,-0.001998,0.0156578,-0.00017,-0.001998,0.0155978
-6e-06,-0.002077,0.0153938,-6e-06,-0.002077,0.0153338
6.2e-05,-0.001483,0.0157588,6.2e-05,-0.001483,0.0156988
-8.8e-05,-0.00143,0.0153778,-8.8e-05,-0.00143,0.0153178
-0.000501,-0.001682,0.0153618,-0.000501,-0.001682,0.0153018
-0.000289,-0.002272,0.0157068,-0.000289,-0.002272,0.0156468
-0.00013,-0.002887,0.0149258,-0.00013,-0.002887,0.0148659
-0.000363,-0.002804,0.0152278,-0.000363,-0.002804,0.0151678
-3.8e-05,-0.0014,0.0167348,-3.8e-05,-0.0014,0.0166748
-0.000459,-0.000655,0.0166568,-0.000459,-0.000655,0.0165968
0.00346,0.000727,0.0067378,0.003463,0.0007276,0.0066911
0.003436,0.000652,0.0166888,0.003436,0.000652,0.0166288
0.003078,-0.001638,0.0067158,0.0030807,-0.0016394,0.0066692
0.00331,-0.001494,0.0066628,0.0033128,-0.0014953,0.0066163
-0.002309,0.0027,0.0069078,-0.002311,0.0027023,0.0068608
-0.001907,0.002596,0.0069488,-0.0019087,0.0025983,0.0069017
-0.002242,0.002633,0.0071558,-0.0022439,0.0026353,0.0071083
-0.001824,0.001656,0.0079878,-0.0018257,0.0016575,0.0079383
-0.00121,0.001687,0.0077308,-0.0012112,0.0016888,0.0076818
-0.001609,0.00165,0.0082318,-0.0016105,0.0016515,0.0081818
-0.001706,0.001893,0.0081658,-0.0017075,0.0018947,0.008116
-0.00122,0.001484,0.0081298,-0.0012213,0.0014855,0.0080799
-0.001704,0.001579,0.0085118,-0.0017055,0.0015804,0.0084612
-0.002032,0.002039,0.0081398,-0.0020337,0.0020407,0.0080901
-0.002036,0.001566,0.0085878,-0.0020377,0.0015673,0.0085372
-0.001887,0.002283,0.0086838,-0.0018884,0.0022847,0.0086331
-0.001638,0.002224,0.0088938,-0.0016393,0.0022257,0.0088426
-0.001663,0.002684,0.0085258,-0.0016643,0.002686,0.0084755
-0.001673,0.002709,0.0089318,-0.0016742,0.0027109,0.0088807
-0.001309,0.002186,0.0089538,-0.00131,0.0021877,0.0089025
-0.001915,0.002411,0.0090988,-0.0019164,0.0024127,0.0090473
-0.001588,0.002138,0.0092288,-0.0015892,0.0021396,0.009177
-0.001809,-0.000673,0.0077898,-0.0018109,-0.0006737,0.0077407
-0.001484,-0.000255,0.0078818,-0.0014858,-0.0002553,0.0078322
-0.001797,-0.000523,0.0082068,-0.0017988,-0.0005235,0.0081566
-0.001133,-0.000658,0.0081128,-0.0011344,-0.0006588,0.0080625
-0.001356,-0.000674,0.0085528,-0.0013575,-0.0006748,0.0085017
-0.00199,-0.000213,0.0084128,-0.0019919,-0.0002132,0.0083623
-0.002346,-0.000641,0.0086348,-0.002348,-0.0006416,0.008584
-0.002302,-0.000249,0.0085638,-0.002304,-0.0002492,0.0085131
-0.002298,-9.2e-05,0.0089528,-0.0022999,-9.21e-05,0.0089013
-0.00271,-0.000261,0.0090878,-0.002712,-0.0002612,0.0090363
-0.002758,-0.000946,0.0088598,-0.0027601,-0.0009467,0.0088088
-0.002823,-0.000732,0.0091898,-0.002825,-0.0007325,0.0091381
-0.003086,-0.000246,0.0092438,-0.0030881,-0.0002462,0.0091921
-0.003153,-0.000945,0.0092718,-0.0031551,-0.0009456,0.0092201
-0.003086,-0.000256,0.0096318,-0.003088,-0.0002562,0.0095794
-0.002766,-0.000824,0.0095868,-0.0027679,-0.0008246,0.0095344
-0.000796,-0.00101,0.0103038,-0.0007962,-0.0010103,0.0102481
-0.000334,-0.000976,0.0103118,-0.0003341,-0.0009762,0.0102559
-0.00048,-0.000606,0.0103128,-0.0004801,-0.0006061,0.0102567
-0.000167,-0.000716,0.0104738,-0.000167,-0.0007161,0.0104176
0.000134,-0.000695,0.0106858,0.000134,-0.0006951,0.0106294
-0.000812,-0.000581,0.0103668,-0.0008122,-0.0005811,0.0103108
-0.00078,-0.000609,0.0107538,-0.0007801,-0.0006091,0.0106974
-0.000589,-0.000217,0.0102738,-0.0005891,-0.000217,0.0102177
-0.000399,-0.000592,0.0107028,-0.0003991,-0.0005921,0.0106464
-0.000442,-0.00104,0.0106608,-0.0004421,-0.0010402,0.0106045
-2.3e-05,-0.001011,0.0106498,-2.3e-05,-0.0010112,0.0105935
0.000342,-0.001065,0.0106428,0.0003421,-0.0010652,0.0105866
-0.000833,-0.001024,0.0107018,-0.0008332,-0.0010242,0.0106456
-0.000427,-0.001056,0.0110708,-0.0004271,-0.0010561,0.0110142
-0.000645,-0.000406,0.0105918,-0.0006451,-0.0004061,0.0105355
-0.000928,-0.000156,0.0107638,-0.0009281,-0.000156,0.0107074
-0.000838,-0.000588,0.0110198,-0.0008381,-0.0005881,0.0109632
-0.000747,-0.001334,0.0106728,-0.0007472,-0.0013343,0.0106168
-0.000628,-0.000852,0.0109678,-0.0006281,-0.0008521,0.0109113
-0.003531,0.000687,0.0070648,-0.003534,0.0006876,0.0070175
-0.003271,0.000686,0.0069658,-0.0032739,0.0006866,0.0069187
-0.001951,0.001138,0.0079408,-0.0019529,0.0011391,0.0078914
-0.001651,0.001052,0.0078928,-0.0016527,0.0010531,0.0078434
-0.001642,0.001313,0.0082028,-0.0016436,0.0013143,0.0081528
-0.001184,0.000842,0.0081428,-0.0011854,0.000843,0.0080926
-0.00159,0.000859,0.0085758,-0.0015916,0.0008598,0.0085248
-0.002014,0.001251,0.0082138,-0.0020158,0.0012521,0.0081638
-0.001809,0.000819,0.0080108,-0.0018108,0.0008198,0.0079612
-0.001973,0.000905,0.0086018,-0.0019748,0.0009058,0.008551
-0.002172,-0.002827,0.0062838,-0.0021738,-0.0028293,0.0062381
-0.002564,-0.002496,0.0067168,-0.0025662,-0.0024982,0.0066702
-0.002214,-0.002738,0.0066548,-0.0022159,-0.0027404,0.0066083
-0.002932,-0.002124,0.0069418,-0.0029345,-0.0021258,0.0068947
-0.002653,-0.002196,0.0070198,-0.0026553,-0.0021979,0.0069725
-0.00163,-0.001702,0.0077998,-0.0016316,-0.0017036,0.0077507
-0.001594,-0.001635,0.0083138,-0.0015954,-0.0016365,0.0082636
-0.001544,-0.001929,0.0085218,-0.0015453,-0.0019307,0.0084713
-0.002064,-0.001798,0.0082868,-0.0020657,-0.0017995,0.0082368
-0.001881,-0.001888,0.0086018,-0.0018825,-0.0018895,0.0085512
-0.001931,-0.00251,0.0078518,-0.0019326,-0.0025121,0.0078028
-0.001913,-0.002468,0.0082018,-0.0019145,-0.00247,0.0081521
-0.002639,-0.001995,0.0085858,-0.002641,-0.0019965,0.0085354
-0.002363,-0.002063,0.0086238,-0.0023648,-0.0020646,0.0085733
-0.002299,-0.001834,0.0085718,-0.0023008,-0.0018354,0.0085213
-0.002281,-0.002153,0.0089048,-0.0022826,-0.0021546,0.0088537
-0.002489,-0.001875,0.0089058,-0.0024908,-0.0018764,0.0088547
-0.00233,-0.002077,0.0092828,-0.0023316,-0.0020784,0.009231
-0.00272,-0.00143,0.0089028,-0.002722,-0.0014311,0.0088517
-0.002483,-0.00231,0.0086808,-0.0024848,-0.0023117,0.0086303
-0.00272,0.002193,0.0170728,-0.00272,0.002193,0.0170128
0.002102,0.002341,0.0088068,0.0021036,0.0023427,0.0087559
0.001818,0.002237,0.0087998,0.0018194,0.0022387,0.0087488
0.001749,0.00222,0.0091658,0.0017503,0.0022216,0.0091141
0.002338,0.002203,0.0069628,0.0023401,0.002205,0.0069157
0.002729,0.002251,0.0069668,0.0027314,0.0022529,0.0069197
0.001936,0.002147,0.0069528,0.0019378,0.002149,0.0069057
0.001279,0.001941,0.0081068,0.0012802,0.0019428,0.008057
0.001135,0.001555,0.0081438,0.0011362,0.0015566,0.0080939
0.000997,0.001457,0.0084668,0.000998,0.0014585,0.008416
0.001716,0.001087,0.0078128,0.0017178,0.0010881,0.0077637
0.002109,0.001218,0.0081328,0.0021109,0.0012191,0.008083
0.001705,0.001265,0.0081998,0.0017067,0.0012662,0.0081498
0.001733,0.000874,0.0082088,0.0017348,0.0008749,0.0081587
0.001665,0.001253,0.0086518,0.0016665,0.0012542,0.0086008
0.001739,0.000856,0.0085598,0.0017407,0.0008568,0.0085089
0.001812,0.001615,0.0087448,0.0018135,0.0016163,0.0086938
0.002343,0.001815,0.0086758,0.0023448,0.0018164,0.0086251
0.002156,0.001987,0.0085138,0.0021577,0.0019886,0.0084634
0.002076,0.00197,0.0088368,0.0020776,0.0019715,0.0087857
0.001488,0.001592,0.0088818,0.0014893,0.0015934,0.0088304
0.002247,0.001508,0.0092078,0.0022487,0.0015091,0.009156
0.001745,0.001942,0.0089298,0.0017464,0.0019435,0.0088785
0.00249,0.001998,0.0088658,0.0024918,0.0019994,0.0088148
0.001802,0.001952,0.0092868,0.0018033,0.0019534,0.0092348
0.001548,0.00149,0.0092468,0.0015492,0.0014912,0.0091946
-0.002557,-0.001476,0.0069458,-0.0025594,-0.0014774,0.0068987
-0.003134,-0.001601,0.0069318,-0.0031367,-0.0016024,0.0068848
-0.001334,-0.001263,0.0078078,-0.0013355,-0.0012644,0.0077586
-0.001623,-0.00131,0.0083008,-0.0016246,-0.0013113,0.0082505
-0.00137,-0.001467,0.0085208,-0.0013713,-0.0014684,0.0084701
-0.001751,-0.001484,0.0085798,-0.0017525,-0.0014853,0.0085291
-0.00228,-0.00149,0.0089788,-0.0022817,-0.0014911,0.0089275
-0.001867,-0.001363,0.0088978,-0.0018686,-0.0013641,0.0088465
-0.002537,-0.001139,0.0086108,-0.002539,-0.0011399,0.0085602
-0.002671,-0.001127,0.0092458,-0.0026729,-0.0011278,0.009194
-0.000906,-0.001704,0.0079118,-0.0009069,-0.0017058,0.0078624
-0.001161,-0.001715,0.0081728,-0.0011621,-0.0017167,0.0081229
-0.001243,-0.001811,0.0084228,-0.0012441,-0.0018127,0.0083724
-0.001539,-0.001607,0.0088788,-0.0015403,-0.0016084,0.0088275
-0.001531,-0.002064,0.0093258,-0.0015321,-0.0020655,0.0092737
-0.001908,-0.001717,0.0089848,-0.0019095,-0.0017183,0.0089334
-0.001774,-0.002237,0.0086658,-0.0017754,-0.0022388,0.0086151
-0.001942,-0.002539,0.0085308,-0.0019435,-0.0025409,0.0084805
-0.002267,-0.001782,0.0091798,-0.0022686,-0.0017833,0.0091281
-0.002332,-0.001566,0.0095988,-0.0023336,-0.0015671,0.0095463
-0.001915,-0.002161,0.0096898,-0.0019163,-0.0021624,0.0096372
-0.002668,-0.001482,0.0095868,-0.0026698,-0.001483,0.0095345
-0.002561,-0.002403,0.0094328,-0.0025627,-0.0024046,0.0093809
-0.003277,0.001443,0.0069588,-0.0032798,0.0014442,0.0069117
0.000528,-0.003527,0.0167148,0.000528,-0.003527,0.0166548
0.000585,-0.003105,0.0166648,0.000585,-0.003105,0.0166048
-0.003378,-0.001092,0.0167228,-0.003378,-0.001092,0.0166628
-0.002995,-0.001187,0.0165858,-0.002995,-0.001187,0.0165258
-0.003517,-0.000759,0.0159728,-0.003517,-0.000759,0.0159128
-0.003257,-0.000696,0.0159918,-0.003257,-0.000696,0.0159318
-0.001735,-0.00072,0.0157198,-0.001735,-0.00072,0.0156598
-0.001266,-0.000531,0.0157388,-0.001266,-0.000531,0.0156788
-0.00124,-0.000285,0.0155748,-0.00124,-0.000285,0.0155148
-0.001593,-0.000196,0.0153988,-0.001593,-0.000196,0.0153388
-0.001753,-0.000455,0.0155548,-0.001753,-0.000455,0.0154948
-0.001963,-0.000636,0.0153878,-0.001963,-0.000636,0.0153278
-0.00269,-0.000239,0.0150918,-0.00269,-0.000239,0.0150318
-0.001973,-0.000274,0.0148898,-0.001973,-0.000274,0.0148299
-0.002894,-0.00073,0.0142058,-0.002894,-0.00073,0.0141461
-0.002765,-0.000922,0.0146138,-0.002765,-0.000922,0.0145539
0.000967,0.002825,0.0065518,0.0009679,0.0028276,0.0065057
0.000899,0.003134,0.0065638,0.0008998,0.0031368,0.0065176
0.001818,-0.001428,0.0077948,0.0018198,-0.0014294,0.0077457
0.002223,-0.001111,0.0078678,0.0022251,-0.001112,0.0078186
0.002078,-0.001368,0.0081558,0.0020798,-0.0013692,0.008106
0.002059,-0.001314,0.0085688,0.0020608,-0.0013151,0.0085182
0.001689,-0.000575,0.0082268,0.0016908,-0.0005756,0.0081766
0.001662,-0.000908,0.0085618,0.0016636,-0.0009089,0.0085109
0.001538,-0.001322,0.0085748,0.0015394,-0.0013232,0.0085239
0.002447,-0.001338,0.0087938,0.0024489,-0.001339,0.0087428
0.002921,-0.001307,0.0093638,0.002923,-0.0013079,0.0093119
0.002606,-0.001636,0.0089408,0.0026079,-0.0016372,0.0088896
0.002576,-0.001371,0.0091928,0.0025778,-0.001372,0.0091411
0.001103,-0.001345,0.0074988,0.0011043,-0.0013465,0.0074504
0.00091,-0.001165,0.0072678,0.0009112,-0.0011665,0.00722
0.00073,-0.000948,0.0070788,0.000731,-0.0009493,0.0070316
0.000771,-0.00132,0.0075548,0.0007719,-0.0013216,0.0075062
0.001084,-0.001373,0.0077868,0.0010852,-0.0013745,0.0077377
-0.003347,0.001113,0.0066808,-0.0033499,0.001114,0.0066343
-0.002959,0.001059,0.0066208,-0.0029617,0.00106,0.0065745
-0.003266,0.000671,0.0066038,-0.0032689,0.0006716,0.0065575
-0.002906,0.000693,0.0066208,-0.0029087,0.0006936,0.0065745
-0.002935,0.001082,0.0069928,-0.0029377,0.001083,0.0069456
-2.6e-05,-0.001692,0.0077528,-2.6e-05,-0.001694,0.0077037
-0.00015,-0.001285,0.0077708,-0.0001502,-0.0012867,0.0077214
-5.9e-05,-0.001791,0.0084648,-5.9e-05,-0.0017928,0.008414
-7.7e-05,-0.002076,0.0085798,-7.71e-05,-0.0020779,0.008529
-0.000505,-0.001537,0.0078218,-0.0005056,-0.0015388,0.0077725
-0.000445,-0.001758,0.0082738,-0.0004455,-0.0017598,0.0082235
-0.000357,-0.001372,0.0081888,-0.0003574,-0.0013736,0.0081384
-0.000684,-0.001863,0.0085868,-0.0006846,-0.0018647,0.0085359
-0.000255,-0.002259,0.0079678,-0.0002553,-0.0022612,0.0079184
-0.000564,-0.002163,0.0083898,-0.0005645,-0.002165,0.0083395
-0.000183,-0.002833,0.0086758,-0.0001831,-0.0028352,0.0086251
-0.000263,-0.00319,0.0069208,-0.0002632,-0.0031929,0.0068738
4.6e-05,-0.003295,0.0069308,4.61e-05,-0.0032979,0.0068838
0.000606,-0.001348,0.0072568,0.0006068,-0.0013497,0.0072091
-4e-05,-0.000991,0.0071068,-4.01e-05,-0.0009924,0.0070597
0.000201,-0.000632,0.0071458,0.0002013,-0.000633,0.0070987
0.000316,-0.001022,0.0076408,0.0003165,-0.0010234,0.0075918
2.4e-05,-0.000932,0.0076578,2.4e-05,-0.0009334,0.0076087
-8.5e-05,-0.001507,0.0074408,-8.51e-05,-0.0015089,0.0073925
0.000393,-0.00129,0.0081338,0.0003935,-0.0012916,0.0080835
0.000212,-0.001514,0.0078968,0.0002123,-0.0015158,0.0078472
0.000463,-0.001693,0.0081358,0.0004635,-0.0016948,0.0080857
0.000251,-0.001739,0.0084748,0.0002513,-0.0017408,0.008424
0.000431,-0.002173,0.0078548,0.0004314,-0.0021751,0.0078056
-0.000148,-0.001362,0.0071118,-0.0001482,-0.0013638,0.0070646
-0.000355,-0.001088,0.0071958,-0.0003555,-0.0010895,0.0071482
-0.000429,-0.000618,0.0067588,-0.0004296,-0.0006189,0.006713
0.002374,0.002601,0.0066288,0.002376,0.0026032,0.0065824
-0.000635,0.003234,0.0165998,-0.000635,0.003234,0.0165398
-0.002147,-0.002674,0.0163058,-0.002147,-0.002674,0.0162458
0.001054,0.002637,0.0085598,0.0010548,0.0026391,0.0085093
0.001383,0.002576,0.0089768,0.001384,0.0025779,0.0089255
0.001499,0.002119,0.0092758,0.0015001,0.0021206,0.0092238
0.000865,0.002334,0.0086428,0.0008657,0.0023359,0.008592
0.000743,0.002603,0.0085788,0.0007436,0.0026051,0.0085282
0.001235,0.002845,0.0069378,0.0012361,0.0028476,0.0068908
0.001571,0.002828,0.0069178,0.0015724,0.0028305,0.0068708
0.003186,-0.001502,0.0167008,0.003186,-0.001502,0.0166408
-0.003288,-0.000668,0.0068898,-0.0032909,-0.0006686,0.0068428
0.003292,-0.000117,0.0143028,0.003292,-0.000117,0.014243
0.000317,0.001571,0.0077278,0.0003174,0.0015728,0.0076787
-0.000115,0.001575,0.0082368,-0.0001151,0.0015768,0.0081864
-9.5e-05,0.001895,0.0082698,-9.51e-05,0.0018969,0.0082196
-4.1e-05,0.001496,0.0086358,-4.1e-05,0.0014976,0.0085844
-0.000408,0.001539,0.0085048,-0.0004084,0.0015407,0.0084538
-0.000459,0.003095,0.0095738,-0.0004593,0.003097,0.0095215
-3e-05,0.002822,0.0092628,-3e-05,0.002824,0.0092109
-0.000166,0.003129,0.0093238,-0.0001661,0.0031311,0.0092719
-0.00013,0.00275,0.0096178,-0.0001301,0.0027519,0.0095652
0.000308,0.002777,0.0096238,0.0003082,0.0027789,0.0095713
1e-06,0.002644,0.0100208,1e-06,0.0026457,0.0099675
-0.00034,0.003369,0.0093648,-0.0003402,0.0033712,0.009313
-0.000263,0.002949,0.0099848,-0.0002632,0.0029508,0.0099317
0.0031,-0.000449,0.0065878,0.0031028,-0.0004494,0.0065416
0.001752,-0.000567,0.0077718,0.0017539,-0.0005676,0.0077227
0.001715,-0.00032,0.0079708,0.0017169,-0.0003204,0.0079212
0.001969,-0.000295,0.0083048,0.0019709,-0.0002953,0.0082545
0.001713,-0.000135,0.0082428,0.0017148,-0.0001351,0.0081925
0.001674,0.000165,0.0081228,0.0016758,0.0001652,0.0080727
0.001548,-0.000263,0.0084688,0.0015497,-0.0002633,0.0084179
0.002134,-0.000698,0.0085658,0.0021359,-0.0006986,0.0085151
0.001478,-0.000582,0.0086068,0.0014796,-0.0005826,0.0085556
0.001259,0.000227,0.0070868,0.0012607,0.0002273,0.0070396
0.001343,0.000476,0.0073218,0.0013447,0.0004766,0.0072738
0.001418,9.7e-05,0.0074508,0.0014198,9.71e-05,0.0074025
0.000916,0.000274,0.0072568,0.0009174,0.0002744,0.0072091
0.000717,0.000579,0.0071748,0.0007181,0.0005798,0.0071274
0.000717,0.000155,0.0071048,0.0007181,0.0001552,0.0070578
0.000741,0.000113,0.0074738,0.0007422,0.0001132,0.0074254
0.001731,0.00033,0.0079118,0.0017329,0.0003304,0.0078623
0.001717,0.00053,0.0087058,0.0017187,0.0005305,0.0086545
0.001775,-5.3e-05,0.0079558,0.001777,-5.31e-05,0.0079062
0.001666,0.000121,0.0083768,0.0016677,0.0001211,0.0083262
0.002609,0.000115,0.0083698,0.0026112,0.0001151,0.0083196
0.002524,0.000446,0.0085058,0.0025261,0.0004464,0.0084553
0.002875,0.000412,0.0088058,0.0028772,0.0004123,0.0087548
0.002595,-0.00016,0.0086008,0.0025971,-0.0001601,0.0085502
0.003304,-7.9e-05,0.0093388,0.0033062,-7.9e-05,0.009287
0.00328,-0.000199,0.0101358,0.0032819,-0.0001991,0.0100826
0.000617,0.000353,0.0103588,0.0006171,0.000353,0.0103027
0.001101,0.000835,0.0103488,0.0011013,0.0008352,0.0102931
0.00148,0.000859,0.0103888,0.0014806,0.0008593,0.0103335
0.001431,0.000675,0.0106848,0.0014314,0.0006752,0.0106288
0.000599,0.001001,0.0122478,0.0005991,0.0010011,0.0121899
0.000742,0.000793,0.0103788,0.0007422,0.0007932,0.0103228
0.000671,0.000856,0.0107138,0.0006711,0.0008561,0.0106575
0.000575,0.000336,0.0123008,0.0005751,0.000336,0.0122429
0.001046,0.001224,0.0103388,0.0010464,0.0012245,0.0102835
0.000934,0.000703,0.0107118,0.0009341,0.0007031,0.0106555
0.001127,0.000457,0.0107678,0.0011272,0.0004571,0.0107114
0.00066,0.000478,0.0106668,0.0006601,0.0004781,0.0106104
0.001115,0.000139,0.0106988,0.0011152,0.000139,0.0106425
0.001113,-0.000178,0.0107018,0.0011132,-0.000178,0.0106455
0.001133,0.000533,0.0111898,0.0011332,0.0005331,0.0111331
0.001083,0.000505,0.0117008,0.0010831,0.0005051,0.0116434
0.000708,0.001221,0.0103848,0.0007082,0.0012214,0.0103291
0.000333,0.000896,0.0106938,0.000333,0.0008961,0.0106374
0.000723,0.00118,0.0107768,0.0007231,0.0011802,0.0107205
0.000818,0.000867,0.0110778,0.0008181,0.0008671,0.0110212
0.000216,0.000586,0.0107358,0.000216,0.0005861,0.0106794
0.000773,9.1e-05,0.0107058,0.0007731,9.1e-05,0.0106494
0.000772,0.000507,0.0113398,0.0007721,0.0005071,0.0112829
0.002043,0.000394,0.0117208,0.0020433,0.0003941,0.0116636
0.00242,0.000472,0.0116778,0.0024206,0.0004721,0.0116209
0.002571,0.00083,0.0117068,0.0025717,0.0008302,0.0116502
0.002988,0.000789,0.0117178,0.0029891,0.0007893,0.0116616
0.002209,0.000888,0.0117128,0.0022095,0.0008882,0.0116558
0.002057,0.000955,0.0120818,0.0020573,0.0009552,0.0120242
0.002608,0.001207,0.0117438,0.0026088,0.0012074,0.0116873
0.002505,0.000445,0.0121468,0.0025055,0.0004451,0.0120893
0.00293,0.000418,0.0120148,0.0029308,0.0004181,0.0119579
0.002064,0.000581,0.0120778,0.0020643,0.0005811,0.0120201
0.002592,0.000248,0.0119108,0.0025926,0.0002481,0.0118537
0.002594,0.00059,0.0125078,0.0025944,0.0005901,0.0124499
0.00182,0.000825,0.0117548,0.0018203,0.0008251,0.0116975
0.00209,0.001257,0.0118668,0.0020904,0.0012573,0.0118096
0.002097,0.001601,0.0117728,0.0020975,0.0016014,0.011716
0.001654,0.000839,0.0121688,0.0016542,0.0008391,0.012111
0.002044,0.00129,0.0121678,0.0020443,0.0012902,0.0121102
0.001952,0.000808,0.0124268,0.0019522,0.0008081,0.0123689
0.00169,0.000381,0.0121538,0.0016902,0.000381,0.012096
0.002003,-8.5e-05,0.0120738,0.0020033,-8.5e-05,0.0120161
0.002008,-0.000314,0.0118638,0.0020083,-0.000314,0.0118063
0.002013,0.000386,0.0123968,0.0020133,0.000386,0.0123389
-0.00074,0.003203,0.0069858,-0.0007407,0.0032059,0.0069386
-0.000717,0.001701,0.0078978,-0.0007178,0.0017028,0.0078484
-0.00095,0.001476,0.0085548,-0.000951,0.0014775,0.0085038
-0.001187,0.0019,0.0080778,-0.0011881,0.0019018,0.0080281
-0.001399,0.001429,0.0085558,-0.0014003,0.0014303,0.008505
-0.001258,0.002362,0.0085018,-0.001259,0.0023639,0.0084514
-0.000708,0.002378,0.0086478,-0.0007086,0.00238,0.008597
-0.001259,0.002651,0.0089078,-0.0012599,0.002653,0.0088567
-0.001147,0.002252,0.0087348,-0.0011479,0.0022538,0.0086839
-0.001464,0.002877,0.0175098,-0.001464,0.002877,0.0174498
-0.001041,0.002929,0.0173878,-0.001041,0.002929,0.0173278
-0.002242,0.002247,0.0065638,-0.002244,0.002249,0.0065176
-0.001857,0.00302,0.0069598,-0.0018586,0.0030226,0.0069127
0.003069,0.001097,0.0069388,0.0030717,0.001098,0.0068917
-0.000946,0.002975,0.0170688,-0.000946,0.002975,0.0170088
0.001344,0.002853,0.0166158,0.001344,0.002853,0.0165558
0.001324,0.003288,0.0166858,0.001324,0.003288,0.0166258
0.00095,0.001365,0.0155888,0.00095,0.001365,0.0155288
0.001005,0.001587,0.0158128,0.001005,0.001587,0.0157528
0.001445,0.001392,0.0155798,0.001445,0.001392,0.0155198
0.00134,0.001536,0.0158108,0.00134,0.001536,0.0157508
0.001343,0.001893,0.0158318,0.001343,0.001893,0.0157718
0.001302,0.001856,0.0154608,0.001302,0.001856,0.0154008
0.001127,0.001685,0.0162938,0.001127,0.001685,0.0162338
0.000965,0.002292,0.0151578,0.000965,0.002292,0.0150978
0.001331,0.002175,0.0150948,0.001331,0.002175,0.0150348
0.00136,0.002572,0.0151308,0.00136,0.002572,0.0150708
0.001426,0.00221,0.0153928,0.001426,0.00221,0.0153328
0.001074,0.003036,0.0151268,0.001074,0.003036,0.0150668
0.001698,0.001429,0.0150038,0.001698,0.001429,0.0149439
0.001913,0.001642,0.0152978,0.001913,0.001642,0.0152378
0.002166,0.001515,0.0150328,0.002166,0.001515,0.0149728
0.002325,0.001745,0.0152668,0.002325,0.001745,0.0152068
0.00226,0.001878,0.0149168,0.00226,0.001878,0.0148569
0.00262,0.001934,0.0150248,0.00262,0.001934,0.0149648
0.001576,0.00156,0.0153638,0.001576,0.00156,0.0153038
0.001928,0.001988,0.0151088,0.001928,0.001988,0.0150488
0.001727,0.002086,0.0142448,0.001727,0.002086,0.0141851
0.001796,0.002364,0.0142178,0.001796,0.002364,0.0141581
0.002107,0.002168,0.0141798,0.002107,0.002168,0.0141201
0.002221,0.002437,0.0142908,0.002221,0.002437,0.014231
0.001672,0.002656,0.0142248,0.001672,0.002656,0.0141651
0.002068,0.00216,0.0146678,0.002068,0.00216,0.0146079
0.001643,0.002234,0.0146298,0.001643,0.002234,0.0145699
0.001694,0.002567,0.0145938,0.001694,0.002567,0.0145339
0.001853,0.002239,0.0144628,0.001853,0.002239,0.014403
-0.000981,-0.003449,0.0070408,-0.0009818,-0.003452,0.0069935
-0.000676,-0.0035,0.0070388,-0.0006766,-0.003503,0.0069916
-0.001039,-0.002988,0.0070008,-0.0010399,-0.0029907,0.0069536
0.000874,-0.003079,0.0065598,0.0008748,-0.0030817,0.0065136
-0.001016,-0.003311,0.0162268,-0.001016,-0.003311,0.0161668
-0.00066,-0.003424,0.0162338,-0.00066,-0.003424,0.0161738
0.000185,-0.003267,0.0161958,0.000185,-0.003267,0.0161358
0.001957,-0.002597,0.0069928,0.0019588,-0.0025993,0.0069456
0.002313,-0.002676,0.0070418,0.002315,-0.0026783,0.0069945
0.001004,-0.001975,0.0078098,0.001005,-0.001977,0.0077607
0.001275,-0.002158,0.0085048,0.0012761,-0.0021598,0.0084543
0.001069,-0.001721,0.0081568,0.0010701,-0.0017227,0.0081069
0.000988,-0.002091,0.0083838,0.0009889,-0.0020929,0.0083335
0.001747,-0.001889,0.0085888,0.0017485,-0.0018906,0.0085382
0.00228,-0.001975,0.0085778,0.0022818,-0.0019765,0.0085273
0.002612,-0.002128,0.0085238,0.0026139,-0.0021296,0.0084735
0.002534,-0.001707,0.0085288,0.002536,-0.0017083,0.0084784
0.002591,-0.002013,0.0089098,0.0025928,-0.0020144,0.0088588
0.002077,-0.001738,0.0085528,0.0020787,-0.0017394,0.0085023
0.001987,-0.001765,0.0089398,0.0019885,-0.0017664,0.0088885
0.002136,-0.002415,0.0086418,0.0021376,-0.0024168,0.0085913
0.0018,-0.002128,0.0089598,0.0018013,-0.0021296,0.0089085
0.001575,-0.001696,0.0088818,0.0015763,-0.0016974,0.0088305
0.001681,-0.001326,0.0089298,0.0016824,-0.0013271,0.0088783
0.001516,-0.001466,0.0092198,0.0015172,-0.0014672,0.0091676
0.001824,-0.002316,0.0086688,0.0018254,-0.0023178,0.0086181
0.001478,-0.002504,0.0085798,0.0014791,-0.0025059,0.0085292
0.001634,-0.002415,0.0089468,0.0016352,-0.0024168,0.0088956
0.001569,-0.002124,0.0091488,0.0015702,-0.0021256,0.0090971
0.002321,0.002636,0.0069738,0.002323,0.0026383,0.0069266
0.00126,-0.001159,0.0157328,0.00126,-0.001159,0.0156728
0.00109,-0.000791,0.0156568,0.00109,-0.000791,0.0155968
0.001422,-0.000769,0.0155798,0.001422,-0.000769,0.0155198
0.001405,-0.000861,0.0152808,0.001405,-0.000861,0.0152208
0.001393,-0.001238,0.0160338,0.001393,-0.001238,0.0159738
0.00105,-0.001247,0.0160518,0.00105,-0.001247,0.0159918
0.001345,-0.001296,0.0152558,0.001345,-0.001296,0.0151958
0.000685,-0.000816,0.0155988,0.000685,-0.000816,0.0155388
0.001006,-0.001448,0.0153608,0.001006,-0.001448,0.0153008
0.001019,-0.001274,0.0147418,0.001019,-0.001274,0.0146819
0.001028,-0.001273,0.0151108,0.001028,-0.001273,0.0150508
0.001332,-0.000834,0.0149138,0.001332,-0.000834,0.0148539
0.000707,-0.001356,0.0153468,0.000707,-0.001356,0.0152868
0.001052,-0.000734,0.0153498,0.001052,-0.000734,0.0152898
0.000704,-0.001046,0.0132008,0.0007041,-0.0010461,0.0131424
0.000751,-0.000562,0.0132088,0.0007511,-0.000562,0.0131504
0.001108,-0.000953,0.0131778,0.0011081,-0.0009531,0.0131194
0.001048,-0.000602,0.0131418,0.0010481,-0.0006021,0.0130834
0.001377,-0.000601,0.0132008,0.0013771,-0.000601,0.0131423
0.001364,-0.000203,0.0130728,0.0013641,-0.000203,0.0130145
0.001038,-0.000303,0.0132008,0.0010381,-0.000303,0.0131424
0.000956,-0.000533,0.0134028,0.0009561,-0.000533,0.0133441
0.001071,-0.000999,0.0135328,0.0010711,-0.0009991,0.0134739
0.00148,-0.001085,0.0135158,0.0014801,-0.0010851,0.0134569
0.00078,-0.000944,0.0135558,0.00078,-0.0009441,0.0134969
0.001085,-0.000911,0.0139078,0.001085,-0.000911,0.0138485
0.000737,-0.000207,0.0132318,0.0007371,-0.000207,0.0131734
0.000724,-0.000636,0.0135188,0.000724,-0.000636,0.01346
0.000327,-0.000583,0.0134728,0.000327,-0.000583,0.0134141
0.000708,-0.000274,0.0135138,0.000708,-0.000274,0.013455
0.000748,-0.000613,0.0138688,0.000748,-0.000613,0.0138096
0.000212,-0.000896,0.0133768,0.000212,-0.0008961,0.0133182
0.000731,-0.000911,0.0139638,0.000731,-0.000911,0.0139044
0.002544,-0.00156,0.0142768,0.002544,-0.00156,0.0142171
0.002907,-0.001382,0.0142868,0.002907,-0.001382,0.014227
0.002812,-0.001102,0.0142628,0.002812,-0.001102,0.0142031
0.002539,-0.001159,0.0141918,0.002539,-0.001159,0.0141321
0.002811,-0.000572,0.0143028,0.002811,-0.000572,0.0142431
0.002918,-0.001047,0.0145908,0.002918,-0.001047,0.0145309
0.002452,-0.001403,0.0146258,0.002452,-0.001403,0.0145659
0.002518,-0.000732,0.0141988,0.002518,-0.000732,0.0141391
0.002515,-0.001763,0.0146708,0.002515,-0.001763,0.0146109
0.0024,-0.001479,0.0135058,0.0024001,-0.0014791,0.0134468
0.002859,-0.001338,0.0136038,0.0028592,-0.0013381,0.0135446
0.002995,-0.000702,0.0135058,0.0029952,-0.000702,0.0134468
0.002775,-0.00129,0.0139718,0.0027751,-0.00129,0.0139123
0.002441,-0.001545,0.0139308,0.0024411,-0.001545,0.0138713
0.002597,-0.001315,0.0137478,0.0025971,-0.0013151,0.0136885
0.002452,-0.000685,0.0138238,0.0024521,-0.000685,0.0137644
0.002565,-0.001911,0.0139938,0.0025651,-0.001911,0.0139342
0.002074,-0.001167,0.0117348,0.0020744,-0.0011672,0.0116777
0.002262,-0.000952,0.0118628,0.0022624,-0.0009522,0.0118056
0.002455,-0.001061,0.0116538,0.0024557,-0.0010613,0.0115972
0.002465,-0.000659,0.0117508,0.0024656,-0.0006591,0.0116939
0.002833,-0.000586,0.0118008,0.0028339,-0.0005862,0.0117442
0.002135,-0.000607,0.0117878,0.0021354,-0.0006071,0.0117305
0.002421,-0.000301,0.0119078,0.0024215,-0.0003011,0.0118505
0.00234,-0.000539,0.0120628,0.0023404,-0.0005391,0.0120053
0.00253,-0.00107,0.0121208,0.0025305,-0.0010702,0.0120635
0.00299,-0.00099,0.0120128,0.0029909,-0.0009903,0.0119561
0.002082,-0.001039,0.0120748,0.0020823,-0.0010392,0.0120173
0.001717,-0.001094,0.0120668,0.0017172,-0.0010941,0.0120091
0.002562,-0.001039,0.0124948,0.0025624,-0.0010392,0.012437
0.002014,-0.000717,0.0121048,0.0020143,-0.0007171,0.0120471
0.001609,-0.000756,0.0119648,0.0016092,-0.0007561,0.0119072
0.002012,-0.000664,0.0124218,0.0020123,-0.0006641,0.0123639
0.002258,-0.001031,0.0124438,0.0022583,-0.0010312,0.012386
0.003224,-0.001504,0.0159318,0.003224,-0.001504,0.0158718
0.001289,-0.003131,0.0068798,0.0012901,-0.0031338,0.0068329
0.001293,-0.002627,0.0088818,0.001294,-0.002629,0.0088307
0.001027,-0.002941,0.0092248,0.0010277,-0.002943,0.0091731
0.003087,-0.00042,0.0166248,0.003087,-0.00042,0.0165648
-0.001509,0.002479,0.0069278,-0.0015104,0.0024813,0.0068808
-0.001132,0.002495,0.0069428,-0.0011331,0.0024974,0.0068958
-0.001464,0.002542,0.0072638,-0.0014653,0.0025443,0.007216
-0.003017,0.001814,0.0159948,-0.003017,0.001814,0.0159348
-0.002618,0.002406,0.0159558,-0.002618,0.002406,0.0158958
-0.002467,0.001504,0.0161998,-0.002467,0.001504,0.0161398
-0.001973,0.00174,0.0150978,-0.001973,0.00174,0.0150378
-0.001738,0.001584,0.0150808,-0.001738,0.001584,0.0150208
-0.001715,0.001887,0.0150188,-0.001715,0.001887,0.0149588
-0.001641,0.002404,0.0150298,-0.001641,0.002404,0.0149698
-0.001692,0.001618,0.0154058,-0.001692,0.001618,0.0153458
-0.00209,0.002396,0.0150718,-0.00209,0.002396,0.0150118
-0.001932,0.002281,0.0153048,-0.001932,0.002281,0.0152448
-0.002776,0.001641,0.0142918,-0.002776,0.001641,0.014232
-0.002819,0.001442,0.0145408,-0.002819,0.001442,0.0144809
-0.002435,0.001554,0.0143058,-0.002435,0.001554,0.014246
-0.002369,0.002034,0.0143568,-0.002369,0.002034,0.014297
-0.002007,0.002019,0.0143608,-0.002007,0.002019,0.014301
-0.002464,0.002019,0.0146928,-0.002464,0.002019,0.0146329
-0.001988,0.001645,0.0146988,-0.001988,0.001645,0.0146389
-0.002532,0.002417,0.0145788,-0.002532,0.002417,0.0145189
-0.002669,0.001561,0.0134708,-0.0026692,0.0015611,0.0134118
-0.002717,0.001833,0.0136728,-0.0027172,0.0018331,0.0136136
-0.002299,0.001773,0.0134408,-0.0022991,0.0017731,0.0133819
-0.002454,0.001634,0.0137048,-0.0024541,0.0016341,0.0136455
-0.002486,0.002004,0.0136018,-0.0024861,0.0020041,0.0135426
-0.001931,0.001941,0.0135118,-0.0019311,0.0019411,0.0134528
-0.002417,0.002066,0.0139888,-0.0024171,0.0020661,0.0139292
-0.00237,0.001681,0.0139948,-0.0023701,0.001681,0.0139353
-0.001945,0.001599,0.0139798,-0.001945,0.001599,0.0139203
0.001621,-0.003132,0.0167148,0.001621,-0.003132,0.0166548
0.002,-0.002924,0.0167168,0.002,-0.002924,0.0166568
-0.003005,0.001421,0.0158968,-0.003005,0.001421,0.0158368
-0.001879,0.000812,0.0151888,-0.001879,0.000812,0.0151288
-0.001305,0.000792,0.0149148,-0.001305,0.000792,0.0148549
-0.001609,0.001321,0.0149558,-0.001609,0.001321,0.0148959
-0.001287,0.001156,0.0149778,-0.001287,0.001156,0.0149179
-0.001865,0.001162,0.0150978,-0.001865,0.001162,0.0150378
-0.001108,0.000956,0.0150978,-0.001108,0.000956,0.0150378
-0.000487,0.001305,0.0151218,-0.000487,0.001305,0.0150618
-0.000966,0.001118,0.0154008,-0.000966,0.001118,0.0153408
-0.00135,0.001552,0.0150348,-0.00135,0.001552,0.0149749
-0.00137,0.001049,0.0152748,-0.00137,0.001049,0.0152148
-0.001036,0.000684,0.0151488,-0.001036,0.000684,0.0150888
-0.002813,0.000753,0.0142368,-0.002813,0.000753,0.0141771
-0.002534,0.000905,0.0142628,-0.002534,0.000905,0.0142031
-0.002228,0.000847,0.0142848,-0.002228,0.000847,0.0142251
-0.00238,0.001179,0.0143198,-0.00238,0.001179,0.0142601
-0.002096,0.001214,0.0142498,-0.002096,0.001214,0.0141901
-0.001556,0.001293,0.0143228,-0.001556,0.001293,0.0142631
-0.002709,0.001287,0.0142138,-0.002709,0.001287,0.0141541
-0.002758,0.000682,0.0146688,-0.002758,0.000682,0.0146089
-0.001018,0.003052,0.0166508,-0.001018,0.003052,0.0165908
-0.000644,0.002872,0.0165938,-0.000644,0.002872,0.0165338
-0.000614,0.002517,0.0167008,-0.000614,0.002517,0.0166408
-0.000148,0.000859,0.0163068,-0.000148,0.000859,0.0162468
0.000292,0.001279,0.0164018,0.000292,0.001279,0.0163418
-0.000122,0.001264,0.0169508,-0.000122,0.001264,0.0168908
-6.1e-05,0.000761,0.0166018,-6.1e-05,0.000761,0.0165418
0.000238,0.000719,0.0167148,0.000238,0.000719,0.0166548
-0.000417,0.000731,0.0167738,-0.000417,0.000731,0.0167138
-1.1e-05,0.000795,0.0169928,-1.1e-05,0.000795,0.0169328
-0.000379,0.000598,0.0164958,-0.000379,0.000598,0.0164358
-0.000186,0.001663,0.0157288,-0.000186,0.001663,0.0156688
-0.000247,0.002267,0.0151138,-0.000247,0.002267,0.0150538
-9.8e-05,0.002688,0.0149588,-9.8e-05,0.002688,0.0148989
-0.001075,0.003412,0.0163728,-0.001075,0.003412,0.0163128
-0.001814,-0.00306,0.0159848,-0.001814,-0.00306,0.0159248
-0.002239,-0.002681,0.0159148,-0.002239,-0.002681,0.0158548
-0.001177,-0.001463,0.0152518,-0.001177,-0.001463,0.0151918
-0.001166,-0.002289,0.0151188,-0.001166,-0.002289,0.0150588
-0.000566,-0.001227,0.0149188,-0.000566,-0.001227,0.0148589
-0.000756,-0.001437,0.0152848,-0.000756,-0.001437,0.0152248
-0.000448,-0.001359,0.0151978,-0.000448,-0.001359,0.0151378
-0.001195,-0.001074,0.0152968,-0.001195,-0.001074,0.0152368
-0.001282,-0.000778,0.0151578,-0.001282,-0.000778,0.0150978
-0.000728,-0.002789,0.0142498,-0.000728,-0.002789,0.0141901
-0.000568,-0.002441,0.0142028,-0.000568,-0.002441,0.0141431
-0.001263,-0.00239,0.0141588,-0.001263,-0.00239,0.0140992
-0.000886,-0.002052,0.0141988,-0.000886,-0.002052,0.0141392
-0.000807,-0.0028,0.0146508,-0.000807,-0.0028,0.0145909
-0.001329,-0.002126,0.0143638,-0.001329,-0.002126,0.014304
-0.001346,-0.00252,0.0144818,-0.001346,-0.00252,0.014422
-0.001621,-0.002435,0.0146858,-0.001621,-0.002435,0.0146259
-0.001959,-0.001902,0.0142508,-0.001959,-0.001902,0.0141911
-0.00161,-0.001725,0.0141028,-0.00161,-0.001725,0.0140432
-0.001305,-0.001779,0.0141768,-0.001305,-0.001779,0.0141172
-0.001642,-0.00206,0.0146458,-0.001642,-0.00206,0.0145859
-0.001943,-0.001581,0.0142008,-0.001943,-0.001581,0.0141411
-0.002017,-0.001723,0.0146218,-0.002017,-0.001723,0.0145619
-0.001996,-0.001365,0.0145578,-0.001996,-0.001365,0.014498
-0.001732,-0.002793,0.0133658,-0.0017322,-0.0027933,0.013307
-0.001211,-0.002754,0.0134848,-0.0012111,-0.0027542,0.0134258
-0.001632,-0.002437,0.0132778,-0.0016321,-0.0024372,0.0132191
-0.001337,-0.002451,0.0135148,-0.0013371,-0.0024511,0.0134558
-0.001671,-0.002007,0.0134618,-0.0016711,-0.0020071,0.0134028
-0.001571,-0.002474,0.0138828,-0.001571,-0.0024741,0.0138233
-0.001217,-0.002955,0.0137798,-0.001217,-0.0029551,0.0137204
-0.001877,-0.002575,0.0134178,-0.0018771,-0.0025752,0.0133589
-0.002018,-0.002532,0.0137658,-0.0020181,-0.0025321,0.0137064
-0.001861,-0.002823,0.0136588,-0.0018611,-0.0028232,0.0135996
0.003102,-0.001086,0.0062468,0.0031047,-0.0010869,0.0062013
0.003398,-0.001101,0.0062098,0.0034008,-0.0011019,0.0061643
0.003064,-0.001034,0.0065558,0.0030667,-0.0010349,0.0065096
0.003395,-0.001083,0.0066208,0.0033979,-0.0010839,0.0065744
0.001589,0.002834,0.0159538,0.001589,0.002834,0.0158938
0.001988,0.00289,0.0159118,0.001988,0.00289,0.0158518
0.00308,-0.001041,0.0157958,0.00308,-0.001041,0.0157358
0.002842,0.001876,0.0160298,0.002842,0.001876,0.0159698
0.002561,0.001321,0.0143128,0.002561,0.001321,0.014253
0.002517,0.001938,0.0141718,0.002517,0.001938,0.0141121
0.002417,0.001443,0.0147388,0.002417,0.001443,0.0146789
0.002525,0.001843,0.0147288,0.002525,0.001843,0.0146689
-0.001524,0.000154,0.0149888,-0.001524,0.000154,0.0149289
-0.001261,0.000492,0.0150318,-0.001261,0.000492,0.0149719
-0.001669,0.000114,0.0154388,-0.001669,0.000114,0.0153788
-0.00124,3.7e-05,0.0153708,-0.00124,3.7e-05,0.0153108
-0.001603,-0.000277,0.0149168,-0.001603,-0.000277,0.0148569
-0.002804,0.000231,0.0141738,-0.002804,0.000231,0.0141141
-0.002339,0.000124,0.0142968,-0.002339,0.000124,0.0142371
-0.002289,0.000549,0.0143688,-0.002289,0.000549,0.0143091
-0.003304,0.000194,0.0135208,-0.0033042,0.000194,0.0134618
-0.00301,0.000104,0.0134658,-0.0030102,0.000104,0.0134068
-0.003118,0.000428,0.0134478,-0.0031182,0.000428,0.0133888
-0.002762,0.000508,0.0133178,-0.0027622,0.000508,0.013259
-0.003027,0.000805,0.0135248,-0.0030272,0.0008051,0.0134657
-0.00284,-4.6e-05,0.0139268,-0.0028401,-4.6e-05,0.0138673
-0.003218,-0.000175,0.0136718,-0.0032182,-0.000175,0.0136125
0.000523,-0.00298,0.0066448,0.0005235,-0.0029827,0.0065984
0.000569,-0.0035,0.0069438,0.0005695,-0.003503,0.0068967
0.000661,-0.003115,0.0070318,0.0006616,-0.0031178,0.0069845
-0.001879,0.002991,0.0167478,-0.001879,0.002991,0.0166878
-0.001384,0.002578,0.0167338,-0.001384,0.002578,0.0166738
-0.003319,-1.5e-05,0.0076228,-0.0033218,-1.5e-05,0.0075743
-0.001697,-6.2e-05,0.0081138,-0.0016988,-6.21e-05,0.0080637
-0.001241,-4e-06,0.0080398,-0.0012426,-4e-06,0.0079897
-0.001453,0.000115,0.0084848,-0.0014547,0.0001151,0.0084337
-0.002023,0.00046,0.0085288,-0.0020249,0.0004604,0.0084781
-0.001939,2.4e-05,0.0089058,-0.0019407,2.4e-05,0.0088542
-0.002975,4.1e-05,0.0095498,-0.002977,4.1e-05,0.0094975
-0.003,0.0004,0.0096518,-0.003002,0.0004003,0.0095993
-0.002612,-4e-05,0.0094628,-0.0026139,-4e-05,0.0094105
-0.00282,3.3e-05,0.0098998,-0.0028218,3.3e-05,0.0098468
-0.003246,-1.9e-05,0.0093468,-0.0032482,-1.9e-05,0.0092949
0.002734,0.002224,0.0073768,0.0027363,0.0022259,0.0073289
0.002696,0.001867,0.0076208,0.0026983,0.0018686,0.0075723
0.002576,0.001554,0.0092428,0.0025778,0.0015551,0.009191
0.002522,0.002074,0.0091748,0.0025237,0.0020754,0.0091232
0.002499,0.001541,0.0096358,0.0025007,0.001542,0.0095833
0.002636,0.001865,0.0093058,0.0026378,0.0018663,0.009254
0.002515,0.001962,0.0095988,0.0025166,0.0019633,0.0095465
0.002574,0.001974,0.0100168,0.0025756,0.0019752,0.0099637
0.002699,0.001688,0.0095048,0.0027008,0.0016891,0.0094526
0.00244,0.001501,0.0100188,0.0024415,0.0015019,0.0099656
-0.000668,-0.003449,0.0073948,-0.0006686,-0.0034519,0.0073468
0.001269,-0.003068,0.0072478,0.0012701,-0.0030707,0.0072001
0.001689,-0.003075,0.0073098,0.0016905,-0.0030776,0.007262
0.002008,-0.002921,0.0073568,0.0020097,-0.0029235,0.0073089
0.003043,-0.001185,0.0070718,0.0030457,-0.0011861,0.0070245
0.003403,-0.001048,0.0070338,0.0034059,-0.0010489,0.0069865
0.00307,-0.001583,0.0073438,0.0030726,-0.0015844,0.0072959
0.003339,-0.001377,0.0072898,0.0033418,-0.0013782,0.007242
0.001679,0.001025,0.0150408,0.001679,0.001025,0.0149809
0.001188,0.000847,0.0150638,0.001188,0.000847,0.0150039
0.001319,0.001075,0.0148708,0.001319,0.001075,0.0148109
0.001058,0.001153,0.0150108,0.001058,0.001153,0.0149509
0.001415,0.001577,0.0150348,0.001415,0.001577,0.0149749
0.00136,0.001236,0.0152008,0.00136,0.001236,0.0151408
0.001372,0.000751,0.0153018,0.001372,0.000751,0.0152418
0.001172,0.001537,0.0153858,0.001172,0.001537,0.0153258
0.001415,0.000819,0.0157608,0.001415,0.000819,0.0157008
0.000868,0.000787,0.0151298,0.000868,0.000787,0.0150698
0.001131,0.000694,0.0156038,0.001131,0.000694,0.0155438
0.000587,0.00032,0.0132038,0.0005871,0.00032,0.0131454
0.0009,0.000262,0.0130448,0.0009001,0.000262,0.0129865
0.001167,0.000783,0.0131418,0.0011671,0.0007831,0.0130834
0.001482,0.000816,0.0132448,0.0014821,0.0008161,0.0131863
0.001484,0.000588,0.0135198,0.0014841,0.000588,0.0134609
0.00077,0.000739,0.0131788,0.0007701,0.0007391,0.0131204
0.000938,0.001167,0.0132498,0.0009381,0.0011671,0.0131913
0.001105,0.000771,0.0134638,0.0011051,0.000771,0.013405
0.000681,0.000491,0.0134468,0.000681,0.000491,0.0133881
0.001105,-6.9e-05,0.0135118,0.0011051,-6.9e-05,0.013453
0.000968,0.000414,0.0140058,0.000968,0.000414,0.0139464
0.000628,0.001128,0.0131068,0.0006281,0.0011281,0.0130484
0.000802,0.000864,0.0136198,0.000802,0.000864,0.0135608
0.000195,0.001044,0.0133818,0.000195,0.0010441,0.0133232
0.000769,0.001233,0.0136348,0.000769,0.0012331,0.0135758
0.000685,0.000757,0.0140128,0.000685,0.000757,0.0139534
0.000808,0.000107,0.0134578,0.0008081,0.000107,0.0133991
0.000679,0.000442,0.0139188,0.000679,0.000442,0.0138595
0.002473,0.000763,0.0141918,0.002473,0.000763,0.0141321
0.002537,0.000981,0.0143168,0.002537,0.000981,0.0142571
0.002831,0.000796,0.0142698,0.002831,0.000796,0.0142101
0.002871,0.00122,0.0142648,0.002871,0.00122,0.0142051
0.002923,0.001307,0.0145628,0.002923,0.001307,0.0145029
0.002622,0.000719,0.0136718,0.0026221,0.000719,0.0136126
0.002921,0.000828,0.0134748,0.0029212,0.000828,0.0134158
0.002998,0.001128,0.0135048,0.0029982,0.0011281,0.0134458
0.002587,0.001264,0.0134298,0.0025872,0.0012641,0.0133709
0.002578,0.00105,0.0136088,0.0025781,0.00105,0.0135497
0.00255,0.001529,0.0135628,0.0025501,0.0015291,0.0135037
0.0026,0.00158,0.0139878,0.0026001,0.00158,0.0139282
0.002457,0.001295,0.0138328,0.0024571,0.001295,0.0137734
0.003139,0.000752,0.0159058,0.003139,0.000752,0.0158458
0.003465,0.000705,0.0159388,0.003465,0.000705,0.0158788
0.00112,0.001116,0.0157378,0.00112,0.001116,0.0156778
0.001236,0.000403,0.0157808,0.001236,0.000403,0.0157208
0.000833,0.000799,0.0156668,0.000833,0.000799,0.0156068
0.000671,0.001185,0.0155038,0.000671,0.001185,0.0154438
0.000695,-7.2e-05,0.0156708,0.000695,-7.2e-05,0.0156108
0.001439,3.4e-05,0.0156838,0.001439,3.4e-05,0.0156238
0.00156,0.000394,0.0159168,0.00156,0.000394,0.0158568
0.001288,0.000333,0.0153998,0.001288,0.000333,0.0153398
0.000815,0.000342,0.0156328,0.000815,0.000342,0.0155728
0.000611,-1.1e-05,0.0160988,0.000611,-1.1e-05,0.0160388
0.001737,-0.000101,0.0147888,0.001737,-0.000101,0.0147289
0.001746,0.000143,0.0149768,0.001746,0.000143,0.0149169
0.001759,6.5e-05,0.0153648,0.001759,6.5e-05,0.0153048
0.001733,0.000359,0.0151918,0.001733,0.000359,0.0151318
0.00246,-6.6e-05,0.0141788,0.00246,-6.6e-05,0.0141192
0.002563,0.000238,0.0140488,0.0025631,0.000238,0.0139892
0.002791,0.00016,0.0142418,0.002791,0.00016,0.0141821
0.002968,0.000483,0.0141158,0.0029681,0.000483,0.0140562
0.002327,0.000458,0.0141938,0.002327,0.000458,0.0141342
0.002874,3e-05,0.0146318,0.002874,3e-05,0.0145719
0.002383,8.7e-05,0.0146048,0.002383,8.7e-05,0.0145449
0.002645,0.000463,0.0142418,0.002645,0.000463,0.0141821
2.3e-05,0.003218,0.0074378,2.3e-05,0.0032208,0.0073897
-0.001747,-0.0007,0.0149688,-0.001747,-0.0007,0.0149089
-0.001211,-0.000167,0.0147858,-0.001211,-0.000167,0.0147259
-0.002065,-0.000634,0.0142428,-0.002065,-0.000634,0.0141831
-0.002221,-0.000293,0.0140828,-0.002221,-0.000293,0.0140233
-0.001922,-0.000222,0.0142408,-0.001922,-0.000222,0.0141812
-0.001556,-0.000195,0.0142618,-0.001556,-0.000195,0.0142022
-0.002617,-0.000668,0.0145318,-0.002617,-0.000668,0.014472
-0.002712,0.002289,0.0069818,-0.0027143,0.002291,0.0069347
-0.002113,0.002547,0.0076118,-0.0021148,0.0025491,0.0075633
-0.001853,0.002528,0.0076208,-0.0018546,0.0025302,0.0075723
-0.002372,0.002646,0.0076848,-0.0023739,0.0026481,0.0076362
-0.002227,0.002652,0.0079608,-0.0022287,0.0026541,0.0079117
-0.001641,0.00154,0.0089078,-0.0016424,0.0015413,0.0088564
-0.001682,0.001963,0.0085268,-0.0016834,0.0019646,0.0084763
-0.0017,0.001906,0.0088858,-0.0017013,0.0019075,0.0088346
-0.001332,0.001605,0.0089858,-0.0013331,0.0016064,0.0089341
-0.001598,0.001477,0.0092798,-0.0015993,0.0014782,0.0092276
-0.002064,0.002086,0.0089068,-0.0020655,0.0020876,0.0088557
-0.002481,0.00201,0.0089028,-0.0024828,0.0020115,0.0088518
-0.002099,0.001532,0.0092768,-0.0021006,0.0015331,0.0092248
-0.001735,0.002405,0.0093748,-0.0017362,0.0024067,0.0093228
-0.001701,0.002161,0.0096228,-0.0017022,0.0021625,0.0095703
-0.001641,0.002685,0.0092798,-0.0016421,0.0026869,0.009228
-0.001301,0.002119,0.0096638,-0.0013019,0.0021205,0.009611
-0.002029,0.002431,0.0095528,-0.0020303,0.0024326,0.0095005
-0.001521,0.002216,0.0099668,-0.001522,0.0022174,0.0099136
-0.001911,0.002669,0.0093718,-0.0019123,0.0026708,0.0093199
-0.001969,0.002302,0.0099198,-0.0019702,0.0023034,0.0098668
-0.002676,0.002277,0.0073658,-0.0026782,0.0022789,0.0073179
-0.002306,0.002256,0.0072218,-0.002308,0.002258,0.0071741
0.000936,0.002795,0.0069008,0.0009369,0.0027976,0.0068539
0.000525,0.003564,0.0072908,0.0005254,0.003567,0.007243
0.000659,0.0016,0.0085718,0.0006597,0.0016016,0.0085208
0.00047,0.001845,0.0079028,0.0004705,0.001847,0.0078534
0.0003,0.001498,0.0085368,0.0003003,0.0014996,0.0084857
0.000603,0.002307,0.0087128,0.0006035,0.0023089,0.0086619
0.000298,0.00256,0.0088128,0.0002982,0.0025621,0.0087617
0.000552,0.003103,0.0092618,0.0005524,0.0031051,0.0092101
0.001051,0.003015,0.0092318,0.0010517,0.0030171,0.0091801
0.000698,0.002922,0.0095818,0.0006985,0.002924,0.0095294
0.000608,0.003001,0.0099108,0.0006084,0.0030029,0.0098579
0.000389,0.003111,0.0095508,0.0003893,0.0031131,0.0094985
0.000166,0.00297,0.0099378,0.0001661,0.0029718,0.0098848
0.000926,0.002828,0.0072138,0.0009268,0.0028306,0.0071661
0.001258,0.002918,0.0072408,0.0012591,0.0029206,0.0071931
0.000879,0.002833,0.0166468,0.000879,0.002833,0.0165868
0.000858,0.003189,0.0166568,0.000858,0.003189,0.0165968
-0.001456,0.002929,0.0072788,-0.0014573,0.0029316,0.007231
0.000861,0.001696,0.0151748,0.000861,0.001696,0.0151148
0.000705,0.001571,0.0153708,0.000705,0.001571,0.0153108
0.000958,0.002145,0.0142858,0.000958,0.002145,0.0142261
0.000887,0.002409,0.0143848,0.000887,0.002409,0.014325
0.001423,0.002097,0.0142738,0.001423,0.002097,0.0142141
0.001228,0.002235,0.0144528,0.001228,0.002235,0.014393
0.001401,0.002616,0.0144068,0.001401,0.002616,0.014347
0.000958,0.002557,0.0141038,0.000958,0.002557,0.0140442
0.001113,0.002558,0.0144548,0.001113,0.002558,0.014395
0.000675,0.002599,0.0142548,0.000675,0.002599,0.0141951
0.000992,0.00242,0.0137318,0.000992,0.0024201,0.0136725
0.001431,0.002119,0.0135208,0.0014311,0.0021191,0.0134618
0.00174,0.002258,0.0135318,0.0017401,0.0022581,0.0134727
0.001775,0.00236,0.0139188,0.0017751,0.0023601,0.0138593
0.001365,0.002443,0.0134358,0.0013651,0.0024431,0.0133769
0.00172,0.002572,0.0136398,0.0017201,0.0025721,0.0135806
0.001191,0.002707,0.0136008,0.0011911,0.0027071,0.0135416
0.001499,0.002291,0.0140688,0.001499,0.002291,0.0140092
0.001105,0.002142,0.0139998,0.001105,0.002142,0.0139403
0.001179,0.002607,0.0139168,0.001179,0.0026071,0.0138573
0.000754,0.001874,0.0117268,0.0007541,0.0018743,0.0116695
0.001031,0.001944,0.0116858,0.0010312,0.0019443,0.0116287
0.001047,0.002255,0.0117098,0.0010473,0.0022555,0.0116529
0.001344,0.002355,0.0118328,0.0013444,0.0023556,0.0117759
0.000717,0.002331,0.0117078,0.0007172,0.0023315,0.0116509
0.000675,0.002262,0.0120268,0.0006751,0.0022624,0.0119693
0.000992,0.002819,0.0116378,0.0009924,0.00282,0.0115817
0.001115,0.00215,0.0119688,0.0011152,0.0021504,0.0119114
0.000964,0.002005,0.0122228,0.0009641,0.0020053,0.012165
0.001341,0.001916,0.0121238,0.0013412,0.0019163,0.0120662
0.000655,0.00192,0.0120798,0.0006551,0.0019203,0.0120221
0.00106,0.001626,0.0119848,0.0010601,0.0016262,0.0119272
0.000855,0.0019,0.0125798,0.0008551,0.0019002,0.0125218
0.000351,0.002283,0.0117618,0.0003511,0.0022834,0.0117047
0.000743,0.002716,0.0117178,0.0007432,0.0027169,0.0116613
0.000231,0.002146,0.0120398,0.000231,0.0021463,0.0119822
0.000715,0.002671,0.0120308,0.0007152,0.0026716,0.0119737
0.000707,0.002215,0.0124108,0.0007071,0.0022153,0.0123529
0.000107,0.001851,0.0119068,0.000107,0.0018512,0.0118493
-6e-05,0.001977,0.0120898,-6e-05,0.0019773,0.0120321
0.000578,0.001551,0.0120608,0.0005781,0.0015512,0.0120031
0.000605,0.001906,0.0123648,0.0006051,0.0019062,0.0123069
0.00044,-0.002212,0.0151008,0.00044,-0.002212,0.0150408
0.000103,-0.001729,0.0147868,0.000103,-0.001729,0.0147269
0.000823,-0.001492,0.0149638,0.000823,-0.001492,0.0149039
0.000196,-0.002981,0.0142598,0.000196,-0.002981,0.0142001
0.00045,-0.002823,0.0143718,0.00045,-0.002823,0.014312
0.000698,-0.002815,0.0141918,0.000698,-0.002815,0.0141321
0.000724,-0.002456,0.0142788,0.000724,-0.002456,0.0142191
0.001039,-0.002496,0.0141258,0.001039,-0.002496,0.0140662
0.000352,-0.00252,0.0141958,0.000352,-0.00252,0.0141361
0.000865,-0.002183,0.0143638,0.000865,-0.002183,0.014304
0.001051,-0.002871,0.0146278,0.001051,-0.002871,0.0145679
-0.000112,-0.002413,0.0142148,-0.000112,-0.002413,0.0141551
0.00015,-0.002099,0.0141418,0.00015,-0.002099,0.0140822
0.000258,-0.002392,0.0147008,0.000258,-0.002392,0.0146409
0.00045,-0.002768,0.0147328,0.00045,-0.002768,0.0146729
6e-06,-0.003019,0.0145738,6e-06,-0.003019,0.0145139
0.000381,-0.002872,0.0135608,0.000381,-0.0028722,0.0135017
0.000699,-0.002832,0.0134998,0.000699,-0.0028322,0.0134408
0.000983,-0.002907,0.0141078,0.000983,-0.0029071,0.0140482
0.000322,-0.002956,0.0139258,0.000322,-0.0029561,0.0138663
0.000375,-0.002378,0.0138868,0.000375,-0.0023781,0.0138274
2.2e-05,-0.002348,0.0139178,2.2e-05,-0.0023481,0.0138584
0.000336,-0.002098,0.0138728,0.000336,-0.0020981,0.0138135
0.000636,-0.0025,0.0117958,0.0006362,-0.0025006,0.0117389
0.001047,-0.002395,0.0117568,0.0010473,-0.0023956,0.0117
0.001193,-0.002042,0.0117608,0.0011932,-0.0020424,0.0117037
0.001434,-0.002311,0.0116468,0.0014344,-0.0023117,0.0115903
0.001722,-0.002056,0.0117058,0.0017225,-0.0020566,0.0116491
0.001354,-0.002197,0.0119198,0.0013543,-0.0021975,0.0118627
0.000764,-0.002099,0.0118148,0.0007641,-0.0020993,0.0117575
0.001169,-0.001701,0.0118668,0.0011692,-0.0017012,0.0118094
0.001056,-0.001303,0.0117578,0.0010561,-0.0013032,0.0117004
0.001031,-0.002147,0.0120268,0.0010312,-0.0021474,0.0119693
0.001022,-0.002479,0.0122098,0.0010222,-0.0024795,0.0121523
0.001369,-0.00248,0.0120488,0.0013693,-0.0024806,0.0119917
0.000655,-0.002491,0.0121448,0.0006551,-0.0024915,0.0120873
0.001058,-0.001676,0.0121508,0.0010581,-0.0016762,0.0120931
0.001073,-0.002485,0.0126088,0.0010732,-0.0024854,0.0125509
0.000374,-0.002119,0.0118748,0.0003741,-0.0021193,0.0118174
0.000614,-0.001736,0.0117918,0.0006141,-0.0017362,0.0117344
0.000658,-0.002112,0.0122108,0.0006581,-0.0021123,0.0121531
0.000269,-0.001737,0.0118778,0.000269,-0.0017372,0.0118202
0.000746,-0.001738,0.0121208,0.0007461,-0.0017382,0.0120631
0.000234,-0.001996,0.0121328,0.000234,-0.0019963,0.0120751
0.000757,-0.002104,0.0125678,0.0007571,-0.0021043,0.0125098
0.000229,-0.002493,0.0121988,0.000229,-0.0024934,0.0121412
0.000796,-0.002524,0.0125108,0.0007961,-0.0025244,0.0124529
0.000507,-0.003505,0.0160118,0.000507,-0.003505,0.0159518
0.000842,-0.003436,0.0159188,0.000842,-0.003436,0.0158588
0.000527,-0.003113,0.0159558,0.000527,-0.003113,0.0158958
0.001307,-0.002042,0.0151018,0.001307,-0.002042,0.0150418
0.001339,-0.00179,0.0149578,0.001339,-0.00179,0.0148979
0.000927,-0.00204,0.0150828,0.000927,-0.00204,0.0150228
0.001049,-0.00274,0.0143698,0.001049,-0.00274,0.01431
0.001754,-0.002479,0.0142968,0.001754,-0.002479,0.014237
0.001418,-0.002482,0.0141988,0.001418,-0.002482,0.0141391
0.001366,-0.002058,0.0143068,0.001366,-0.002058,0.0142471
0.001423,-0.002523,0.0147088,0.001423,-0.002523,0.0146489
0.001168,-0.002235,0.0142628,0.001168,-0.002235,0.0142031
0.000318,-0.000872,0.0155338,0.000318,-0.000872,0.0154738
0.000344,-0.001067,0.0157548,0.000344,-0.001067,0.0156948
-3.9e-05,-0.001073,0.0156588,-3.9e-05,-0.001073,0.0155988
0.000214,-0.000587,0.0157548,0.000214,-0.000587,0.0156948
0.000309,-0.001053,0.0160788,0.000309,-0.001053,0.0160188
0.000304,-0.001017,0.0152558,0.000304,-0.001017,0.0151958
9e-06,-0.001,0.0160738,9e-06,-0.001,0.0160138
0.000506,-0.001165,0.0155058,0.000506,-0.001165,0.0154458
0.000157,-0.001393,0.0147628,0.000157,-0.001393,0.0147029
0.002731,-0.001585,0.0073208,0.0027334,-0.0015864,0.0072729
0.00279,-0.002082,0.0077138,0.0027922,-0.0020837,0.0076652
0.002796,-0.001652,0.0076598,0.0027984,-0.0016534,0.0076112
0.001302,-0.001,0.0081468,0.0013034,-0.0010011,0.0080967
0.001318,-0.001297,0.0081128,0.0013194,-0.0012984,0.0080629
0.001093,-0.001339,0.0081678,0.0010942,-0.0013404,0.0081177
0.000904,-0.001203,0.0079748,0.0009051,-0.0012044,0.007925
0.00076,-0.001403,0.0081748,0.0007608,-0.0014045,0.0081246
0.001054,-0.001509,0.0084008,0.0010551,-0.0015105,0.0083502
0.001376,-0.001061,0.0085318,0.0013774,-0.0010621,0.0084809
0.001525,-0.001055,0.0088638,0.0015264,-0.001056,0.0088122
0.001386,-0.001402,0.0088498,0.0013872,-0.0014033,0.0087983
0.001109,-0.001372,0.0088658,0.00111,-0.0013733,0.0088141
0.000939,-0.001197,0.0087018,0.00094,-0.0011982,0.0086503
0.001061,-0.000696,0.0085058,0.0010623,-0.0006968,0.0084546
0.000755,-0.001388,0.0088508,0.0007557,-0.0013894,0.008799
0.001062,-0.001399,0.0091518,0.0010629,-0.0014002,0.0090995
0.000657,-0.000988,0.0103598,0.0006572,-0.0009882,0.0103039
0.001041,-0.000993,0.0103358,0.0010413,-0.0009933,0.0102802
0.001052,-0.000618,0.0103428,0.0010523,-0.0006181,0.010287
0.001432,-0.000632,0.0103178,0.0014325,-0.0006322,0.0102624
0.000703,-0.000601,0.0103538,0.0007031,-0.0006011,0.0102977
0.001051,4e-06,0.0103648,0.0010512,4e-06,0.0103088
0.000919,-0.000756,0.0112698,0.0009191,-0.0007561,0.0112129
0.00107,-0.00102,0.0106988,0.0010703,-0.0010202,0.0106427
0.001456,-0.001068,0.0106228,0.0014565,-0.0010684,0.0105672
0.000725,-0.000978,0.0107008,0.0007251,-0.0009782,0.0106445
0.001096,-0.001026,0.0110468,0.0010962,-0.0010262,0.0109903
0.000331,-0.000721,0.0103008,0.0003311,-0.0007211,0.0102448
0.000614,-0.000233,0.0103488,0.0006141,-0.000233,0.0102927
0.000685,-0.00063,0.0107258,0.0006851,-0.0006301,0.0106694
0.000649,-0.000272,0.0107258,0.0006491,-0.0002721,0.0106694
0.000739,-0.000606,0.0110728,0.0007391,-0.0006061,0.0110161
0.000812,-0.000981,0.0110378,0.0008121,-0.0009811,0.0109812
0.002729,-0.001227,0.0096968,0.0027308,-0.0012278,0.0096442
0.002415,-0.001427,0.0095288,0.0024167,-0.001428,0.0094765
0.002442,-0.000664,0.0097288,0.0024437,-0.0006644,0.0096759
0.002496,-0.00112,0.0100188,0.0024976,-0.0011207,0.0099655
0.002592,-0.001797,0.0098238,0.0025936,-0.0017981,0.0097711
0.002322,-0.001389,0.0098608,0.0023235,-0.0013899,0.0098078
0.002785,-0.001235,0.0100398,0.0027867,-0.0012357,0.0099866
0.002885,-0.000622,0.0100688,0.0028868,-0.0006224,0.0100155
0.002533,-0.001444,0.0102138,0.0025345,-0.0014448,0.0101602
0.002569,-0.000738,0.0099958,0.0025706,-0.0007385,0.0099425
0.002607,-0.001736,0.0103218,0.0026085,-0.001737,0.0102681
0.002562,-0.001381,0.0106498,0.0025634,-0.0013817,0.0105954
-0.003288,0.001436,0.0073418,-0.0032908,0.0014372,0.0072939
-0.003354,-0.001062,0.0065958,-0.0033569,-0.0010629,0.0065495
-0.002941,-0.00118,0.0065748,-0.0029436,-0.001181,0.0065286
-0.003374,-0.001086,0.0069088,-0.0033769,-0.0010869,0.0068618
-0.002991,-0.001177,0.0069718,-0.0029937,-0.0011781,0.0069247
-0.001369,-0.003295,0.0073728,-0.0013701,-0.0032977,0.0073249
-0.001042,-0.003342,0.0073658,-0.0010429,-0.0033448,0.0073179
0.003129,0.000863,0.0073278,0.0031317,0.0008637,0.0072799
0.003446,0.000767,0.0073928,0.0034489,0.0007677,0.0073448
-0.000552,0.003041,0.0143448,-0.000552,0.003041,0.014285
-0.000152,0.002925,0.0142678,-0.000152,0.002925,0.0142081
-0.00051,0.002906,0.0146178,-0.00051,0.002906,0.0145579
-0.000699,0.003307,0.0159108,-0.000699,0.003307,0.0158508
-0.001346,0.002165,0.0142628,-0.001346,0.002165,0.0142031
-0.001068,0.00226,0.0143788,-0.001068,0.00226,0.014319
-0.000946,0.002163,0.0141488,-0.000946,0.002163,0.0140892
-0.000744,0.002249,0.0143978,-0.000744,0.002249,0.014338
-0.000415,0.002658,0.0143448,-0.000415,0.002658,0.014285
-0.001302,0.002714,0.0142648,-0.001302,0.002714,0.0142051
-0.000964,0.003059,0.0143628,-0.000964,0.003059,0.014303
-0.000915,0.002667,0.0146708,-0.000915,0.002667,0.0146109
-0.001575,0.002649,0.0147178,-0.001575,0.002649,0.0146579
-0.00161,0.002302,0.0146368,-0.00161,0.002302,0.0145769
-0.00123,0.002328,0.0145868,-0.00123,0.002328,0.0145269
-0.001361,0.002276,0.0134578,-0.0013611,0.0022761,0.0133989
-0.001288,0.002737,0.0135258,-0.0012881,0.0027372,0.0134667
-0.000575,0.002613,0.0135818,-0.000575,0.0026131,0.0135227
-0.001266,0.002655,0.0138938,-0.001266,0.0026551,0.0138343
-0.001659,0.002718,0.0139228,-0.0016591,0.0027181,0.0138633
-0.001228,0.002231,0.0138738,-0.001228,0.0022311,0.0138144
-0.001676,0.002306,0.0139678,-0.001676,0.0023061,0.0139083
-0.000825,0.001741,0.0117758,-0.0008251,0.0017412,0.0117184
-0.000524,0.001942,0.0118458,-0.0005241,0.0019423,0.0117884
-0.000207,0.001915,0.0117808,-0.000207,0.0019153,0.0117234
-0.000371,0.002245,0.0117448,-0.0003711,0.0022454,0.0116876
-4.6e-05,0.002263,0.0118828,-4.6e-05,0.0022634,0.0118254
-0.000916,0.002436,0.0118098,-0.0009162,0.0024366,0.0117529
-0.000599,0.002521,0.0119048,-0.0005991,0.0025216,0.0118477
-0.000451,0.002392,0.0121298,-0.0004511,0.0023924,0.0120722
-0.000793,0.001991,0.0120138,-0.0007931,0.0019913,0.0119562
-0.001124,0.001891,0.0119738,-0.0011242,0.0018913,0.0119163
-0.000349,0.001388,0.0119378,-0.000349,0.0013882,0.0118802
-0.000437,0.001863,0.0124008,-0.0004371,0.0018632,0.0123429
-0.000696,0.002174,0.0117218,-0.0006961,0.0021744,0.0116647
-0.00082,0.003103,0.0116718,-0.0008203,0.0031042,0.0116158
-0.000846,0.002329,0.0121058,-0.0008461,0.0023294,0.0120483
-0.000862,0.00268,0.0120688,-0.0008622,0.0026806,0.0120116
-0.000847,0.002161,0.0124568,-0.0008471,0.0021613,0.0123989
-0.000749,0.001112,0.0121598,-0.0007491,0.0011121,0.012102
-0.001089,0.000974,0.0157278,-0.001089,0.000974,0.0156678
-0.000722,0.000859,0.0157178,-0.000722,0.000859,0.0156578
-0.000754,0.001173,0.0156928,-0.000754,0.001173,0.0156328
-0.000445,0.001099,0.0157398,-0.000445,0.001099,0.0156798
-0.001057,0.000652,0.0158188,-0.001057,0.000652,0.0157588
-0.002181,0.002289,0.0141818,-0.002181,0.002289,0.0141221
-0.001916,0.002362,0.0144208,-0.001916,0.002362,0.014361
-0.0017,0.002202,0.0142768,-0.0017,0.002202,0.0142171
-0.001634,0.002588,0.0142748,-0.001634,0.002588,0.0142151
-0.002125,0.00225,0.0146418,-0.002125,0.00225,0.0145819
-0.001929,0.002584,0.0141028,-0.001929,0.0025841,0.0140432
-0.00185,-0.002992,0.0069368,-0.0018516,-0.0029946,0.0068897
-0.001468,-0.002949,0.0068768,-0.0014693,-0.0029516,0.0068299
-0.001494,-0.003247,0.0159048,-0.001494,-0.003247,0.0158448
-0.00115,-0.003359,0.0158918,-0.00115,-0.003359,0.0158318
-0.001296,-0.002995,0.0159578,-0.001296,-0.002995,0.0158978
-0.001026,-0.003085,0.0159668,-0.001026,-0.003085,0.0159068
-0.000842,-0.00102,0.0157098,-0.000842,-0.00102,0.0156498
-0.000479,-0.001078,0.0157038,-0.000479,-0.001078,0.0156438
-0.000924,-0.000677,0.0156738,-0.000924,-0.000677,0.0156138
-0.001211,-0.001117,0.0158808,-0.001211,-0.001117,0.0158208
-0.000985,-0.001187,0.0154908,-0.000985,-0.001187,0.0154308
-0.003196,-0.001578,0.0160318,-0.003196,-0.001578,0.0159718
-0.002298,-0.000893,0.0141378,-0.002298,-0.000893,0.0140782
-0.002329,-0.001264,0.0147058,-0.002329,-0.001264,0.0146459
-0.001967,-0.001137,0.0141988,-0.001967,-0.001137,0.0141392
-0.002643,-0.001062,0.0142658,-0.002643,-0.001062,0.0142061
-0.003326,0.001127,0.0073418,-0.0033288,0.001128,0.0072939
-0.002887,0.001002,0.0073898,-0.0028896,0.0010029,0.0073417
-0.003263,0.000664,0.0073018,-0.0032658,0.0006646,0.0072539
-0.002919,0.000615,0.0073528,-0.0029216,0.0006156,0.0073048
-0.003547,0.000661,0.0077328,-0.0035498,0.0006615,0.0076842
-0.003306,0.000672,0.0076588,-0.0033087,0.0006725,0.0076102
-0.000234,0.003287,0.0162088,-0.000234,0.003287,0.0161488
6.9e-05,0.003254,0.0162738,6.9e-05,0.003254,0.0162138
-0.001146,-0.000431,0.0071308,-0.0011476,-0.0004316,0.0070835
-0.000624,-0.000587,0.0071748,-0.0006249,-0.0005879,0.0071274
-0.000864,-0.000261,0.0071028,-0.0008653,-0.0002614,0.0070557
-0.000579,-0.000258,0.0069358,-0.0005799,-0.0002584,0.0068894
-0.000719,0.000152,0.0071118,-0.0007201,0.0001522,0.0070648
-0.001321,-0.000349,0.0075278,-0.0013227,-0.0003495,0.0074792
-0.001154,-0.000372,0.0078778,-0.0011556,-0.0003725,0.0078281
-0.000913,-0.000282,0.0082828,-0.0009143,-0.0002824,0.0082318
-0.001371,-0.000328,0.0081998,-0.0013726,-0.0003284,0.0081494
-0.001199,-0.000321,0.0084848,-0.0012005,-0.0003214,0.0084335
-0.001019,-0.000699,0.0084968,-0.0010202,-0.0006998,0.0084455
-0.001332,-0.001047,0.0081848,-0.0013334,-0.0010481,0.0081346
-0.000434,-0.000207,0.0082928,-0.0004347,-0.0002074,0.0082409
-0.000899,2.9e-05,0.0085248,-0.0009002,2.9e-05,0.0084729
-0.000863,-0.000168,0.0088878,-0.0008639,-0.0001682,0.0088348
-0.001149,-0.000573,0.0088388,-0.0011502,-0.0005736,0.0087867
-0.001599,-0.000293,0.0084848,-0.0016007,-0.0002933,0.0084339
-0.001262,-0.000277,0.0089998,-0.0012633,-0.0002773,0.0089472
-0.001685,-0.000314,0.0089298,-0.0016866,-0.0003143,0.0088779
-0.001249,0.000382,0.0088818,-0.0012503,0.0003824,0.0088296
-0.001221,-0.000864,0.0088908,-0.0012222,-0.0008649,0.0088388
-0.000927,0.000458,0.0103658,-0.0009272,0.0004581,0.0103098
-0.000654,0.000328,0.0104868,-0.0006541,0.0003281,0.0104306
-0.000608,0.000442,0.0102098,-0.0006081,0.0004421,0.0101539
-0.000301,0.000452,0.0103488,-0.000301,0.0004521,0.0102926
-0.00048,0.000858,0.0102768,-0.0004801,0.0008582,0.0102209
-0.000145,0.000743,0.0102678,-0.000145,0.0007431,0.0102118
-0.000858,0.000854,0.0102748,-0.0008582,0.0008542,0.0102191
-0.000367,0.001175,0.0104498,-0.0003671,0.0011753,0.0103938
-0.000437,0.000836,0.0106018,-0.0004371,0.0008361,0.0105455
-0.000324,0.000759,0.0115578,-0.000324,0.0007591,0.0115006
-0.000429,0.000347,0.0106818,-0.0004291,0.000347,0.0106254
-0.000116,0.000491,0.0106898,-0.000116,0.0004911,0.0106334
-0.000808,0.000491,0.0107428,-0.0008081,0.0004911,0.0106864
-0.000439,0.000506,0.0110538,-0.0004391,0.0005061,0.0109971
-0.000731,0.001361,0.0105328,-0.0007312,0.0013614,0.010477
-0.000793,0.000722,0.0110948,-0.0007931,0.0007221,0.0110381
-0.000749,0.000411,0.0110868,-0.0007491,0.000411,0.0110301
-0.000912,0.00044,0.0113598,-0.0009121,0.00044,0.0113028
-0.001664,-0.000619,0.0086388,-0.0016657,-0.0006196,0.0085877
-0.002542,-0.000439,0.0092698,-0.0025439,-0.0004393,0.0092178
-0.002371,-0.00034,0.0095818,-0.0023727,-0.0003402,0.0095291
-0.00266,-0.000306,0.0096968,-0.0026618,-0.0003062,0.0096441
-0.00254,-0.000584,0.0095158,-0.0025418,-0.0005844,0.0094634
-0.00187,-0.000612,0.0096098,-0.0018714,-0.0006124,0.0095567
-0.002103,-0.000539,0.0098778,-0.0021044,-0.0005394,0.0098244
-0.0026,-0.000768,0.0098528,-0.0026017,-0.0007685,0.0097998
0.001558,0.002892,0.0073518,0.0015593,0.0028945,0.0073038
0.001934,0.002913,0.0074558,0.0019356,0.0029154,0.0074077
0.000122,-0.003261,0.0072278,0.0001221,-0.0032639,0.0071801
0.000459,-0.003229,0.0072368,0.0004594,-0.0032319,0.0071891
0.002704,0.001035,0.0076258,0.0027064,0.0010359,0.0075772
0.001324,0.001099,0.0077818,0.0013255,0.0011002,0.0077326
0.000988,0.00106,0.0077768,0.0009892,0.0010613,0.0077276
0.001344,0.00115,0.0080768,0.0013455,0.0011512,0.0080269
0.00142,0.00073,0.0086218,0.0014215,0.0007307,0.0085705
0.000752,0.000918,0.0080578,0.000753,0.0009192,0.0080076
0.000942,0.001118,0.0082508,0.0009431,0.0011193,0.0082003
0.001112,0.000756,0.0085488,0.0011133,0.0007569,0.0084975
0.001482,0.001078,0.0084638,0.0014835,0.0010791,0.0084131
0.001371,0.001121,0.0088498,0.0013723,0.001122,0.0087982
0.000711,0.001258,0.0084818,0.0007118,0.0012594,0.0084307
0.002621,0.000918,0.0093388,0.0026229,0.0009187,0.0092868
0.002911,0.001089,0.0093768,0.002913,0.0010897,0.0093248
0.00287,0.001168,0.0096348,0.0028719,0.0011688,0.0095824
0.0029,0.000848,0.0096738,0.0029019,0.0008486,0.0096213
0.002553,0.000879,0.0096778,0.0025547,0.0008796,0.0096251
0.003007,0.000813,0.0100038,0.0030088,0.0008135,0.0099507
0.002541,0.001193,0.0095558,0.0025427,0.0011938,0.0095034
0.00259,0.00126,0.0099648,0.0025916,0.0012608,0.0099117
0.002677,0.000677,0.0094508,0.0026789,0.0006775,0.0093986
0.002358,0.000819,0.0099628,0.0023595,0.0008195,0.0099095
0.003036,0.00109,0.0077358,0.0030385,0.0010909,0.0076871
0.000511,0.003542,0.0159988,0.000511,0.003542,0.0159388
0.000277,0.001469,0.0149588,0.000277,0.001469,0.0148989
0.000328,0.001415,0.0153588,0.000328,0.001415,0.0152988
-8.9e-05,0.001515,0.0154458,-8.9e-05,0.001515,0.0153858
0.000325,0.002222,0.0142138,0.000325,0.002222,0.0141542
0.000557,0.002289,0.0144388,0.000557,0.002289,0.014379
0.000268,0.002705,0.0142728,0.000268,0.002705,0.0142131
0.000278,0.002502,0.0147188,0.000278,0.002502,0.0146589
-0.000132,0.002648,0.0145738,-0.000132,0.002648,0.0145139
0.00023,0.002921,0.0135808,0.00023,0.0029211,0.0135217
0.000359,0.003223,0.0137568,0.000359,0.0032232,0.0136975
0.000633,0.002956,0.0136288,0.000633,0.0029561,0.0135696
-7.3e-05,0.002823,0.0138388,-7.3e-05,0.0028231,0.0137794
0.002863,0.001368,0.0068988,0.0028656,0.0013692,0.0068518
0.002834,0.001626,0.0070058,0.0028365,0.0016275,0.0069586
-0.001835,-0.003013,0.0058218,-0.0018365,-0.0030154,0.0057772
-0.001467,-0.002966,0.0058068,-0.0014682,-0.0029684,0.0057623
-0.001845,-0.003021,0.0062378,-0.0018465,-0.0030235,0.0061922
-0.001456,-0.002989,0.0061188,-0.0014572,-0.0029915,0.0060736
-0.002455,-0.00265,0.0070218,-0.0024571,-0.0026523,0.0069746
-0.002165,-0.002787,0.0070288,-0.0021669,-0.0027894,0.0069815
-0.003,0.00191,0.0069238,-0.0030026,0.0019116,0.0068768
-0.002666,0.001855,0.0069858,-0.0026684,0.0018567,0.0069386
-0.002925,0.001816,0.0072238,-0.0029275,0.0018176,0.0071761
-0.002953,0.001867,0.0077548,-0.0029553,0.0018685,0.0077061
-0.002619,0.001865,0.0076598,-0.0026212,0.0018666,0.0076112
-0.00258,0.001564,0.0093238,-0.0025818,0.0015651,0.0092719
-0.00266,0.001889,0.0091608,-0.0026618,0.0018903,0.0091093
-0.002467,0.002087,0.0096978,-0.0024686,0.0020883,0.0096453
-0.002424,0.001612,0.0097108,-0.0024256,0.0016131,0.0096582
-0.002065,0.001595,0.0097238,-0.0020664,0.0015961,0.009671
-0.002784,0.001669,0.0096828,-0.0027858,0.0016701,0.0096303
-0.002454,0.001676,0.0100618,-0.0024555,0.001677,0.0100086
-0.002831,0.001709,0.0100458,-0.0028327,0.00171,0.0099927
-0.002941,0.001064,0.0159098,-0.002941,0.001064,0.0158498
-0.003259,0.000661,0.0158478,-0.003259,0.000661,0.0157878
0.001751,0.001464,0.0143358,0.001751,0.001464,0.0142761
0.002195,0.001511,0.0140688,0.002195,0.001511,0.0140092
0.002391,0.001652,0.0144498,0.002391,0.001652,0.01439
0.00218,0.001871,0.0143018,0.00218,0.001871,0.0142421
0.002132,0.001818,0.0145958,0.002132,0.001818,0.0145359
0.001733,0.001604,0.0146528,0.001733,0.001604,0.0145929
0.001882,0.001837,0.0144408,0.001882,0.001837,0.014381
0.001683,0.001926,0.0146638,0.001683,0.001926,0.0146039
0.001375,0.003228,0.0159268,0.001375,0.003228,0.0158668
0.002828,-0.002021,0.0159618,0.002828,-0.002021,0.0159018
0.002776,-0.001593,0.0159188,0.002776,-0.001593,0.0158588
0.001093,-0.000509,0.0157288,0.001093,-0.000509,0.0156688
0.001325,-0.000581,0.0157838,0.001325,-0.000581,0.0157238
0.001292,-0.000426,0.0155218,0.001292,-0.000426,0.0154618
0.001309,-0.000578,0.0151308,0.001309,-0.000578,0.0150708
0.000836,-0.000578,0.0157618,0.000836,-0.000578,0.0157018
0.000636,-0.000398,0.0155498,0.000636,-0.000398,0.0154898
0.001719,-0.000326,0.0149598,0.001719,-0.000326,0.0148999
0.002618,-0.000135,0.0144908,0.002618,-0.000135,0.014431
-0.001483,0.002911,0.0076218,-0.0014843,0.0029134,0.0075733
-0.001117,0.001547,0.0087928,-0.001118,0.0015484,0.0087414
-0.000654,0.001626,0.0087198,-0.0006546,0.0016276,0.0086684
-0.000808,0.001447,0.0089478,-0.0008088,0.0014484,0.0088959
-0.00047,0.001396,0.0089748,-0.0004705,0.0013974,0.0089226
-0.001176,0.001922,0.0087628,-0.001177,0.0019236,0.0087117
-0.001285,0.001571,0.0092508,-0.001286,0.0015723,0.0091985
-0.000842,0.003028,0.0092578,-0.0008426,0.0030301,0.0092061
-0.000868,0.002656,0.0096438,-0.0008686,0.0026578,0.0095912
-0.001243,0.002697,0.0096288,-0.0012438,0.0026988,0.0095763
-0.001222,0.002684,0.0099878,-0.0012228,0.0026857,0.0099347
-0.001206,0.002372,0.0095768,-0.0012068,0.0023736,0.0095243
-0.000393,0.002331,0.0095508,-0.0003933,0.0023327,0.0094981
-0.000897,0.002253,0.0099618,-0.0008976,0.0022545,0.0099084
-0.001173,0.002207,0.0100138,-0.0011737,0.0022084,0.0099603
-0.000669,0.002317,0.0100908,-0.0006694,0.0023185,0.0100371
-0.000269,0.002504,0.0098778,-0.0002692,0.0025057,0.0098246
-0.0009,0.002639,0.0103998,-0.0009005,0.0026405,0.0103458
-0.001233,0.002682,0.0103658,-0.0012337,0.0026835,0.010312
-0.001646,0.002636,0.0103338,-0.0016469,0.0026375,0.0102801
-0.001243,0.002119,0.0103298,-0.0012437,0.0021202,0.0102757
-0.001583,0.00225,0.0103408,-0.0015839,0.0022513,0.0102869
-0.001315,0.000853,0.0084378,-0.0013164,0.0008539,0.0083869
-0.001757,0.001117,0.0084678,-0.0017587,0.001118,0.0084173
-0.00146,0.001096,0.0084218,-0.0014615,0.0010971,0.0083712
-0.001239,0.000912,0.0089268,-0.0012402,0.0009129,0.0088748
-0.001793,0.001354,0.0087168,-0.0017946,0.0013552,0.0086658
-0.002065,0.001033,0.0092808,-0.0020666,0.0010338,0.0092287
-0.001832,0.000655,0.0087198,-0.0018337,0.0006556,0.0086686
-0.002062,0.001811,0.0093028,-0.0020635,0.0018123,0.0092508
-0.001842,0.001714,0.0094808,-0.0018433,0.0017152,0.0094284
-0.001655,0.00142,0.0096348,-0.0016562,0.001421,0.0095819
-0.001658,0.001849,0.0092558,-0.0016593,0.0018504,0.0092038
-0.001266,0.001513,0.0095938,-0.0012669,0.0015141,0.0095407
-0.00165,0.001502,0.0099688,-0.0016511,0.001503,0.0099152
-0.002076,0.002044,0.0096638,-0.0020774,0.0020454,0.0096112
-0.002093,0.001642,0.0100138,-0.0020943,0.001643,0.0099605
-0.001921,0.002617,0.0101088,-0.0019221,0.0026185,0.0100556
-0.001587,0.00264,0.0100058,-0.001588,0.0026416,0.0099527
-0.001995,0.002323,0.0103788,-0.0019961,0.0023243,0.010325
-0.001741,0.002271,0.0107208,-0.0017419,0.0022722,0.0106662
-0.002112,0.002343,0.0107808,-0.0021131,0.0023442,0.0107263
0.000919,0.002835,0.0159638,0.000919,0.002835,0.0159038
0.000875,0.003155,0.0159848,0.000875,0.003155,0.0159248
0.003247,0.000214,0.0135938,0.0032472,0.000214,0.0135346
0.003278,-0.000114,0.0136728,0.0032782,-0.000114,0.0136136
0.001378,0.001681,0.0086138,0.0013792,0.0016825,0.008563
0.001305,0.001884,0.0085308,0.0013062,0.0018857,0.0084802
0.001065,0.001919,0.0085818,0.001066,0.0019207,0.008531
0.001403,0.001915,0.0089308,0.0014042,0.0019166,0.0088794
0.001073,0.001537,0.0089118,0.001074,0.0015384,0.0088601
0.00089,0.001717,0.0087208,0.0008908,0.0017186,0.0086696
0.00069,0.001514,0.0089398,0.0006907,0.0015154,0.0088879
0.001236,0.002339,0.0091838,0.0012369,0.0023407,0.009132
0.001639,0.002215,0.0095488,0.0016401,0.0022165,0.0094964
0.001354,0.002637,0.0092148,0.0013549,0.0026389,0.0091631
0.001064,0.002594,0.0091318,0.0010648,0.0025959,0.0090802
0.001298,0.002226,0.0094468,0.0012989,0.0022276,0.0093945
0.001094,0.002248,0.0096298,0.0010948,0.0022496,0.0095771
0.001349,0.002139,0.0098348,0.0013499,0.0021404,0.0097817
0.000983,0.002406,0.0093968,0.0009837,0.0024077,0.0093446
0.00111,0.002635,0.0095808,0.0011108,0.0026368,0.0095284
0.000994,0.002189,0.0098878,0.0009947,0.0021904,0.0098345
0.001438,0.00237,0.0100748,0.0014389,0.0023714,0.0100214
0.001685,0.002298,0.0099218,0.0016861,0.0022995,0.0098687
0.00174,0.002403,0.0102608,0.001741,0.0024044,0.0102072
0.001161,0.002644,0.0099708,0.0011617,0.0026457,0.0099177
0.001319,0.002499,0.0103538,0.0013198,0.0025004,0.0102999
0.001439,0.002264,0.0106848,0.0014397,0.0022652,0.0106302
0.000893,0.002426,0.0100958,0.0008936,0.0024275,0.0100423
0.000779,0.002662,0.0099318,0.0007795,0.0026637,0.0098787
0.001326,0.002921,0.0076208,0.0013271,0.0029235,0.0075723
0.001279,0.003293,0.0077208,0.00128,0.0032956,0.0076722
0.002349,0.002144,0.0158358,0.002349,0.002144,0.0157758
0.002804,0.002182,0.0159658,0.002804,0.002182,0.0159058
-0.000402,-0.001881,0.0150638,-0.000402,-0.001881,0.0150039
-0.000145,-0.001812,0.0148288,-0.000145,-0.001812,0.0147689
-0.000171,-0.001434,0.0149808,-0.000171,-0.001434,0.0149209
-0.000241,-0.00224,0.0151238,-0.000241,-0.00224,0.0150638
-0.000373,-0.002658,0.0142798,-0.000373,-0.002658,0.0142201
-0.000112,-0.002837,0.0142138,-0.000112,-0.002837,0.0141541
-0.000126,-0.00206,0.0142448,-0.000126,-0.00206,0.0141851
-0.000617,-0.002096,0.0141028,-0.000617,-0.002096,0.0140432
0.002678,-0.002327,0.0073748,0.0026802,-0.0023289,0.0073268
0.001239,-0.003364,0.0159668,0.001239,-0.003364,0.0159068
0.001261,-0.00305,0.0160328,0.001261,-0.00305,0.0159728
-0.003203,-0.001583,0.0073298,-0.0032057,-0.0015843,0.0072819
0.00095,0.002813,0.0075888,0.0009508,0.0028155,0.0075403
0.000895,0.003129,0.0077118,0.0008957,0.0031316,0.0076631
-0.000393,-0.001953,0.0085898,-0.0003934,-0.0019548,0.0085389
-0.000107,-0.001304,0.0085588,-0.0001071,-0.0013055,0.0085075
-2.7e-05,-0.001564,0.0088048,-2.7e-05,-0.0015656,0.0087531
-0.000641,-0.001445,0.0084948,-0.0006417,-0.0014465,0.0084438
-0.000423,-0.001366,0.0088648,-0.0004234,-0.0013674,0.0088128
-0.000307,-0.002277,0.0086798,-0.0003073,-0.002279,0.0086289
-0.0001,-0.002691,0.0093238,-0.0001001,-0.002693,0.0092718
-5e-05,-0.00294,0.0095828,-5e-05,-0.002942,0.0095304
-0.00011,-0.002491,0.0096438,-0.0001101,-0.0024927,0.009591
0.000393,-0.002812,0.0096198,0.0003933,-0.0028139,0.0095673
-0.000583,-0.002073,0.0097558,-0.0005834,-0.0020744,0.0097026
-0.000343,-0.002788,0.0098198,-0.0003432,-0.0027898,0.0097669
0.000229,-0.002949,0.0099058,0.0002291,-0.0029509,0.0098528
-9.5e-05,-0.002494,0.0099808,-9.51e-05,-0.0024956,0.0099274
0.000272,-0.002506,0.0099038,0.0002722,-0.0025076,0.0098506
6e-05,-0.00214,0.0098328,6e-05,-0.0021415,0.0097794
1.7e-05,-0.002416,0.0103598,1.7e-05,-0.0024174,0.0103056
0.000245,-0.002939,0.0102288,0.0002451,-0.0029407,0.0101752
-0.000398,-0.002882,0.0102218,-0.0003982,-0.0028837,0.0101682
-2.8e-05,-0.002807,0.0106408,-2.8e-05,-0.0028085,0.0105864
-0.000802,-0.002433,0.0099148,-0.0008025,-0.0024346,0.0098616
-0.00063,-0.002218,0.0100848,-0.0006304,-0.0022194,0.0100311
-0.000878,-0.002844,0.0103808,-0.0008785,-0.0028456,0.010327
-0.000773,-0.003429,0.0077088,-0.0007736,-0.0034318,0.0076602
-0.000361,-0.003416,0.0077508,-0.0003613,-0.0034187,0.007702
-0.000296,-0.003029,0.0078898,-0.0002962,-0.0030315,0.0078407
-0.000525,-0.001181,0.0078518,-0.0005257,-0.0011825,0.0078022
-1e-06,-0.0015,0.0081938,-1e-06,-0.0015017,0.0081434
-0.000134,-0.000545,0.0078808,-0.0001342,-0.0005459,0.0078305
-0.000521,-0.000904,0.0086308,-0.0005216,-0.0009051,0.0085789
-0.000725,-0.001377,0.0081508,-0.0007258,-0.0013786,0.0081006
-0.001004,-0.00128,0.0084508,-0.0010051,-0.0012814,0.0084
-0.001079,-0.001042,0.0078398,-0.0010803,-0.0010433,0.0077904
-0.001203,-0.001034,0.0085838,-0.0012043,-0.0010351,0.0085326
-0.001049,-0.001381,0.0080758,-0.0010502,-0.0013825,0.0080259
-0.001044,-0.001954,0.0086078,-0.0010449,-0.0019558,0.008557
-0.001271,-0.001805,0.0087958,-0.0012721,-0.0018066,0.0087446
-0.00116,-0.001313,0.0088618,-0.0011611,-0.0013143,0.0088101
-0.001515,-0.001766,0.0092078,-0.0015162,-0.0017674,0.0091558
-0.001047,-0.00226,0.0086948,-0.0010479,-0.0022619,0.0086439
-0.00112,-0.001924,0.0092798,-0.0011209,-0.0019255,0.0092276
-0.001312,-0.002951,0.0095618,-0.0013128,-0.0029529,0.0095096
-0.001556,-0.00239,0.0091978,-0.0015571,-0.0023917,0.0091461
-0.001229,-0.002418,0.0096478,-0.0012298,-0.0024197,0.0095952
-0.00156,-0.002378,0.0096098,-0.001561,-0.0023796,0.0095573
-0.001295,-0.002203,0.0094648,-0.0012959,-0.0022046,0.0094125
-0.001168,-0.002461,0.0099138,-0.0011687,-0.0024626,0.0098607
-0.001402,-0.002898,0.0100278,-0.0014028,-0.0028997,0.0099747
0.002385,0.002615,0.0073938,0.002387,0.0026172,0.0073458
-1.6e-05,0.0015,0.0089648,-1.6e-05,0.0015015,0.0089127
-0.000189,0.001845,0.0085968,-0.0001892,0.0018468,0.0085458
-9.1e-05,0.001996,0.0089558,-9.11e-05,0.0019978,0.0089041
0.000309,0.001398,0.0089058,0.0003093,0.0013994,0.0088537
-0.000149,0.001611,0.0092398,-0.0001491,0.0016124,0.0091872
-0.000464,0.00241,0.0092578,-0.0004644,0.0024118,0.0092058
-5.9e-05,0.002356,0.0096948,-5.9e-05,0.0023576,0.0096419
0.000311,0.00215,0.0096438,0.0003112,0.0021516,0.0095908
2.6e-05,0.00221,0.0099718,2.6e-05,0.0022114,0.0099182
-0.000517,0.002692,0.0097168,-0.0005174,0.0026938,0.0096641
-0.000385,0.00216,0.0099508,-0.0003853,0.0021614,0.0098972
-0.000144,0.002849,0.0103518,-0.0001441,0.0028506,0.0102979
0.000262,0.002861,0.0103168,0.0002622,0.0028626,0.010263
-8.7e-05,0.003063,0.0106618,-8.7e-05,0.0030646,0.0106075
-0.000418,0.002972,0.0106448,-0.0004182,0.0029736,0.0105905
-0.003263,0.00147,0.0077398,-0.0032656,0.0014711,0.0076911
-0.00264,0.00104,0.0092548,-0.0026419,0.0010407,0.0092029
-0.00248,0.001184,0.0096778,-0.0024817,0.0011848,0.0096251
-0.002783,0.001291,0.0096048,-0.0027848,0.0012919,0.0095524
-0.002711,0.000868,0.0095838,-0.0027129,0.0008686,0.0095314
-0.002529,0.000658,0.0093898,-0.0025308,0.0006585,0.0093376
-0.003124,0.000823,0.0096748,-0.003126,0.0008235,0.0096223
-0.00269,0.000416,0.0097338,-0.0026918,0.0004163,0.009681
-0.002724,0.000889,0.0099238,-0.0027257,0.0008896,0.0098708
-0.002364,0.000956,0.0100198,-0.0023655,0.0009566,0.0099664
-0.002332,0.001335,0.0100088,-0.0023335,0.0013358,0.0099555
-0.002037,0.001324,0.0099638,-0.0020383,0.0013249,0.0099104
-0.002772,0.001615,0.0103258,-0.0027736,0.0016159,0.0102722
-0.00279,0.001268,0.0103098,-0.0027916,0.0012687,0.0102561
-0.002762,0.000823,0.0102788,-0.0027636,0.0008235,0.0102251
-0.002576,0.000623,0.0100858,-0.0025776,0.0006234,0.0100323
-0.003062,0.00086,0.0103108,-0.0030637,0.0008605,0.0102572
-0.002874,0.001039,0.0105428,-0.0028755,0.0010396,0.0104887
-0.00186,-0.002918,0.0065978,-0.0018616,-0.0029205,0.0065515
0.00267,-0.002378,0.0159678,0.00267,-0.002378,0.0159078
0.001712,-0.002154,0.0142378,0.001712,-0.002154,0.0141781
0.002268,-0.001991,0.0144058,0.002268,-0.001991,0.014346
0.002541,-0.0019,0.0143248,0.002541,-0.0019,0.014265
0.001995,-0.00194,0.0142208,0.001995,-0.00194,0.0141611
0.001665,-0.001776,0.0144668,0.001665,-0.001776,0.014407
0.00194,-0.001548,0.0142608,0.00194,-0.001548,0.0142011
0.002034,-0.001622,0.0146808,0.002034,-0.001622,0.0146209
0.001718,-0.002251,0.0146398,0.001718,-0.002251,0.0145799
0.002079,-0.002372,0.0146588,0.002079,-0.002372,0.0145989
0.001561,-0.001467,0.0142078,0.001561,-0.001467,0.0141482
0.001647,-0.00136,0.0146208,0.001647,-0.00136,0.0145609
0.001638,-0.002686,0.0146038,0.001638,-0.002686,0.0145439
-0.003349,-0.00115,0.0159778,-0.003349,-0.00115,0.0159178
0.001807,-0.0006,0.0086348,0.0018087,-0.0006006,0.0085838
0.001992,-0.000332,0.0086328,0.0019939,-0.0003323,0.0085819
0.001967,-0.000201,0.0088588,0.0019688,-0.0002012,0.0088073
0.001655,-0.000704,0.0088748,0.0016566,-0.0007047,0.0088232
0.001688,-0.000376,0.0087628,0.0016896,-0.0003764,0.0087114
0.001712,-0.000263,0.0090258,0.0017136,-0.0002633,0.0089737
0.001574,0.000152,0.0089328,0.0015756,0.0001521,0.0088808
0.001772,-0.000401,0.0093398,0.0017734,-0.0004013,0.0092872
0.00264,-0.000519,0.0093058,0.0026419,-0.0005194,0.0092538
0.002979,-0.000431,0.0093158,0.0029811,-0.0004313,0.0092639
0.00297,-0.000255,0.0095808,0.002972,-0.0002552,0.0095284
0.002693,-0.000736,0.0095148,0.0026949,-0.0007365,0.0094625
0.002581,-0.000427,0.0095818,0.0025828,-0.0004273,0.0095293
0.002513,-6.6e-05,0.0097048,0.0025147,-6.6e-05,0.009652
0.002432,-0.000379,0.0098788,0.0024336,-0.0003792,0.0098256
0.001046,-0.000498,0.0077748,0.0010474,-0.0004987,0.0077254
0.001392,-0.000451,0.0078318,0.0013937,-0.0004516,0.0077824
0.001449,-0.000175,0.0077078,0.0014508,-0.0001752,0.0076587
0.001143,-0.000223,0.0079018,0.0011446,-0.0002233,0.007852
0.001467,-1e-05,0.0082108,0.0014687,-1e-05,0.0081604
0.000922,-0.000472,0.0080248,0.0009233,-0.0004727,0.0079746
0.00126,-0.000306,0.0082318,0.0012616,-0.0003064,0.0081812
0.001335,0.000162,0.0079358,0.0013367,0.0001622,0.007886
0.001408,0.000481,0.0083888,0.0014096,0.0004815,0.008338
0.001172,3.4e-05,0.0081768,0.0011736,3.41e-05,0.0081263
0.001441,0.000205,0.0085578,0.0014426,0.0002052,0.0085066
0.001124,-0.000127,0.0085008,0.0011254,-0.0001272,0.0084494
0.002152,0.000901,0.0085758,0.0021539,0.0009018,0.0085252
0.002005,0.0001,0.0090038,0.0020067,0.0001001,0.008952
0.001783,-5.5e-05,0.0086408,0.0017847,-5.5e-05,0.0085896
0.00166,0.000227,0.0093288,0.0016614,0.0002272,0.009276
0.002668,0.000164,0.0093988,0.0026699,0.0001641,0.0093466
0.002969,0.000263,0.0094338,0.002971,0.0002632,0.0093817
0.002911,6.7e-05,0.0096708,0.0029129,6.71e-05,0.0096183
0.002779,0.000115,0.0099408,0.0027808,0.0001151,0.0098877
0.002641,-0.000191,0.0093618,0.0026429,-0.0001911,0.0093097
0.002504,0.00023,0.0099378,0.0025056,0.0002301,0.0098845
-0.002873,-0.002113,0.0076838,-0.0028753,-0.0021147,0.0076353
-0.00188,-0.002931,0.0073568,-0.0018816,-0.0029335,0.0073089
-0.001505,-0.00298,0.0072918,-0.0015063,-0.0029826,0.0072439
-0.001846,-0.002976,0.0077298,-0.0018475,-0.0029784,0.0076811
-0.001485,-0.002898,0.0076368,-0.0014863,-0.0029004,0.0075883
0.001261,-0.003026,0.0075878,0.0012621,-0.0030286,0.0075394
0.001341,-0.002688,0.0076398,0.0013422,-0.0026904,0.0075912
0.001195,-0.002975,0.0078688,0.001196,-0.0029774,0.0078198
0.001127,-0.001819,0.0085178,0.001128,-0.0018207,0.0084672
0.001422,-0.00181,0.0085278,0.0014233,-0.0018116,0.0084772
0.0008,-0.001743,0.0084258,0.0008008,-0.0017447,0.0083752
0.001207,-0.002772,0.0092858,0.0012078,-0.0027739,0.009234
0.001653,-0.002614,0.0093418,0.0016541,-0.0026158,0.0092899
0.001387,-0.002278,0.0095198,0.001388,-0.0022796,0.0094674
0.001106,-0.002851,0.0096828,0.0011067,-0.0028529,0.0096303
0.000767,-0.002873,0.0096268,0.0007675,-0.0028749,0.0095743
0.00099,-0.003113,0.0099138,0.0009906,-0.0031149,0.0098609
0.003058,-0.000809,0.0074828,0.0030607,-0.0008097,0.0074346
0.003395,-0.000802,0.0073938,0.0033979,-0.0008027,0.0073458
-0.003333,0.001128,0.0076608,-0.0033357,0.0011289,0.0076123
-0.00122,0.000859,0.0078308,-0.0012215,0.00086,0.0077814
-0.00037,0.001077,0.0079008,-0.0003705,0.0010785,0.007851
-0.000879,0.001138,0.0082478,-0.00088,0.0011393,0.0081973
-0.001208,0.001165,0.0083028,-0.0012093,0.0011662,0.0082523
-0.001049,0.000618,0.0079788,-0.0010504,0.0006188,0.0079288
-0.001247,0.000477,0.0082548,-0.0012485,0.0004776,0.0082042
-0.003335,0.001193,0.0079728,-0.0033376,0.0011939,0.0079237
-0.002928,0.001132,0.0080598,-0.0029304,0.0011329,0.0080104
-0.003546,0.000664,0.0080958,-0.0035487,0.0006645,0.0080465
-0.003282,0.000657,0.0079958,-0.0032846,0.0006575,0.0079466
5.7e-05,0.003217,0.0159178,5.7e-05,0.003217,0.0158578
-0.001129,-0.003322,0.0155478,-0.001129,-0.003322,0.0154878
-0.00069,-0.003387,0.0155218,-0.00069,-0.003387,0.0154618
-0.003216,0.000787,0.0154218,-0.003216,0.000787,0.0153618
-0.003275,0.000657,0.0151338,-0.003275,0.000657,0.0150738
0.000894,-0.003469,0.0076658,0.0008947,-0.0034718,0.0076173
0.000909,-0.003088,0.0076648,0.0009097,-0.0030906,0.0076162
0.001193,-0.003148,0.0080468,0.0011939,-0.0031505,0.0079975
0.002067,-0.002592,0.0073108,0.0020688,-0.0025943,0.0072629
0.002352,-0.002633,0.0074258,0.0023539,-0.0026352,0.0073777
0.001722,-0.001846,0.0092768,0.0017233,-0.0018474,0.0092248
0.002417,-0.001955,0.0093578,0.0024186,-0.0019563,0.0093059
0.002553,-0.001687,0.0093308,0.0025548,-0.0016882,0.0092789
0.002145,-0.001746,0.0093018,0.0021465,-0.0017472,0.0092499
0.002052,-0.001435,0.0095648,0.0020535,-0.001436,0.0095122
0.002054,-0.00246,0.0094618,0.0020554,-0.0024616,0.0094097
0.001655,-0.002053,0.0095068,0.0016562,-0.0020544,0.0094544
0.001553,-0.001662,0.0096178,0.0015541,-0.0016632,0.009565
0.001473,-0.001322,0.0096618,0.0014741,-0.001323,0.0096086
0.001439,-0.001708,0.0099688,0.0014399,-0.0017091,0.0099152
0.001779,-0.002277,0.0093108,0.0017802,-0.0022786,0.0092589
0.001718,-0.00245,0.0096408,0.0017191,-0.0024516,0.0095883
0.0016,-0.002063,0.0097758,0.0016011,-0.0020644,0.0097229
6e-05,-0.003284,0.0155358,6e-05,-0.003284,0.0154758
0.001988,-0.002959,0.0080868,0.0019895,-0.0029612,0.0080375
0.003078,-0.001123,0.0077918,0.0030805,-0.0011239,0.007743
0.003391,-0.001077,0.0077738,0.0033937,-0.0010779,0.0077251
-0.000967,-0.00344,0.0080858,-0.0009677,-0.0034426,0.0080364
-0.000616,-0.003486,0.0080538,-0.0006165,-0.0034887,0.0080045
0.000354,0.001966,0.0089658,0.0003543,0.0019677,0.0089141
0.000432,0.001683,0.0088078,0.0004324,0.0016846,0.0087563
0.000292,0.001513,0.0092668,0.0002922,0.0015143,0.009214
0.000468,0.002385,0.0094628,0.0004684,0.0023867,0.0094104
0.000782,0.002584,0.0095528,0.0007825,0.0025858,0.0095004
0.000317,0.002171,0.0099708,0.0003172,0.0021724,0.0099172
0.000695,0.002989,0.0103688,0.0006954,0.0029907,0.010315
0.001081,0.003037,0.0103448,0.0010816,0.0030387,0.0102912
0.000603,0.003079,0.0106618,0.0006033,0.0030806,0.0106075
0.000244,0.003034,0.0106338,0.0002441,0.0030356,0.0105795
-0.000199,-0.001347,0.0157648,-0.000199,-0.001347,0.0157048
-8e-05,-0.001402,0.0160818,-8e-05,-0.001402,0.0160218
3.2e-05,-0.000728,0.0155178,3.2e-05,-0.000728,0.0154578
-2e-06,-0.001049,0.0152728,-2e-06,-0.001049,0.0152128
-0.000616,-0.000775,0.0155798,-0.000616,-0.000775,0.0155198
-0.000382,-0.001292,0.0155048,-0.000382,-0.001292,0.0154448
-0.001084,0.003344,0.0079868,-0.0010848,0.0033466,0.0079376
-0.000676,0.003204,0.0080068,-0.0006765,0.0032066,0.0079575
0.003089,0.001124,0.0155918,0.003089,0.001124,0.0155318
0.00342,0.001029,0.0156368,0.00342,0.001029,0.0155768
0.000458,-0.001876,0.0086848,0.0004584,-0.0018778,0.0086337
0.000838,-0.00142,0.0085238,0.0008389,-0.0014215,0.0084728
0.000204,-0.001361,0.0084708,0.0002042,-0.0013626,0.0084198
0.000395,-0.001477,0.0088318,0.0003954,-0.0014785,0.00878
0.000233,-0.001616,0.0091968,0.0002332,-0.0016174,0.0091443
0.000434,-0.002225,0.0086678,0.0004344,-0.002227,0.0086169
0.000833,-0.00278,0.0100318,0.0008335,-0.0027817,0.0099786
0.000295,-0.002396,0.0096138,0.0002952,-0.0023977,0.009561
0.000313,-0.002099,0.0095988,0.0003132,-0.0021005,0.0095459
0.002697,0.001882,0.0082968,0.0026991,0.0018834,0.008247
0.001839,0.001581,0.0094168,0.0018403,0.0015822,0.0093644
0.002156,0.001965,0.0092318,0.0021575,0.0019664,0.00918
0.002153,0.001955,0.0096138,0.0021545,0.0019563,0.0095614
0.002158,0.0016,0.0096028,0.0021595,0.0016011,0.0095503
0.001569,0.001505,0.0096248,0.0015701,0.0015061,0.0095719
0.002092,0.002366,0.0095808,0.0020934,0.0023675,0.0095285
0.002137,0.001665,0.0099078,0.0021384,0.0016661,0.0098547
0.001791,0.001898,0.0095668,0.0017923,0.0018993,0.0095143
0.001724,0.001968,0.0099058,0.0017251,0.0019693,0.0098526
0.001589,0.001427,0.0099368,0.00159,0.0014279,0.0098832
0.002603,0.001682,0.0099638,0.0026046,0.001683,0.0099108
0.002838,0.001777,0.0100158,0.0028397,0.0017781,0.0099628
0.002495,0.001596,0.0102958,0.0024964,0.0015969,0.0102421
0.002552,0.001924,0.0103028,0.0025535,0.0019251,0.0102492
0.002497,0.002071,0.0106138,0.0024983,0.0020721,0.0105596
0.002684,0.001727,0.0101998,0.0026856,0.001728,0.0101464
0.002503,0.001544,0.0106298,0.0025043,0.0015448,0.0105754
-0.00254,-0.002323,0.0083788,-0.0025419,-0.0023247,0.0083289
-0.002823,-0.002223,0.0087158,-0.002825,-0.0022246,0.0086652
-0.001943,-0.001197,0.0084678,-0.0019447,-0.0011981,0.0084173
-0.001531,-0.001299,0.0087988,-0.0015324,-0.0013002,0.0087475
-0.001394,-0.001331,0.0091938,-0.0013952,-0.0013321,0.0091415
-0.002082,-0.001452,0.0092588,-0.0020836,-0.0014531,0.0092068
-0.001598,-0.002063,0.0096508,-0.0015991,-0.0020644,0.0095981
-0.0017,-0.001764,0.0096148,-0.0017012,-0.0017652,0.0095621
-0.001601,-0.002201,0.0099428,-0.001602,-0.0022024,0.0098896
-0.002023,-0.001777,0.0098108,-0.0020243,-0.0017782,0.0097579
-0.001947,-0.001435,0.0095948,-0.0019484,-0.001436,0.0095421
-0.001795,-0.002252,0.0093918,-0.0017963,-0.0022536,0.0093397
-0.001946,-0.002514,0.0096358,-0.0019473,-0.0025156,0.0095834
-0.002349,-0.001856,0.0098518,-0.0023505,-0.0018572,0.009799
-0.002758,-0.001209,0.0098538,-0.0027598,-0.0012098,0.009801
-0.001028,-0.003383,0.0152148,-0.001028,-0.003383,0.0151548
-0.00068,-0.003423,0.0152008,-0.00068,-0.003423,0.0151408
-0.000396,-0.001966,0.0142548,-0.000396,-0.001966,0.0141951
-7.3e-05,-0.001781,0.0141518,-7.3e-05,-0.001781,0.0140922
0.000179,-0.001742,0.0142438,0.000179,-0.001742,0.0141842
-0.000472,-0.001711,0.0141878,-0.000472,-0.001711,0.0141282
4.7e-05,-0.001501,0.0142368,4.7e-05,-0.001501,0.0141772
-7e-05,-0.001526,0.0146038,-7e-05,-0.001526,0.014544
-0.000728,-0.001865,0.0143488,-0.000728,-0.001865,0.0142891
-0.000597,-0.001183,0.0142728,-0.000597,-0.001183,0.0142132
-0.000376,-0.002273,0.0143688,-0.000376,-0.002273,0.0143091
-0.00052,-0.002945,0.0134628,-0.00052,-0.0029452,0.0134038
-0.000232,-0.002763,0.0135778,-0.000232,-0.0027631,0.0135187
-6e-05,-0.002018,0.0135208,-6e-05,-0.0020181,0.0134619
-0.000467,-0.002806,0.0138908,-0.000467,-0.0028061,0.0138313
-0.000401,-0.002087,0.0139198,-0.000401,-0.0020871,0.0138604
-0.001085,-0.001863,0.0143358,-0.001085,-0.001863,0.0142761
-0.000977,-0.001435,0.0141568,-0.000977,-0.001435,0.0140972
-0.001306,-0.001358,0.0140388,-0.001306,-0.001358,0.0139793
-0.001417,-0.00179,0.0145248,-0.001417,-0.00179,0.014465
-0.001196,-0.001386,0.0145258,-0.001196,-0.001386,0.014466
-0.001053,-0.002242,0.0143668,-0.001053,-0.002242,0.014307
-0.000758,-0.002741,0.0134908,-0.000758,-0.0027412,0.0134318
-0.001373,-0.002093,0.0134178,-0.0013731,-0.0020931,0.0133589
-0.001235,-0.002413,0.0138638,-0.001235,-0.0024131,0.0138044
-0.001124,-0.002076,0.0139918,-0.001124,-0.002076,0.0139323
-0.000798,-0.000947,0.0117578,-0.0007981,-0.0009471,0.0117003
-0.000172,-0.000929,0.0118258,-0.000172,-0.0009291,0.0117682
-0.000473,-0.000656,0.0116788,-0.000473,-0.0006561,0.0116214
-0.000137,-0.000596,0.0117748,-0.000137,-0.0005961,0.0117173
9.5e-05,-0.000654,0.0120178,9.5e-05,-0.0006541,0.01196
-0.000806,-0.000641,0.0117658,-0.0008061,-0.0006411,0.0117083
-0.000712,-0.000675,0.0121268,-0.0007121,-0.0006751,0.012069
-0.000478,-0.000126,0.0118418,-0.000478,-0.000126,0.0117842
-0.0005,-0.000518,0.0120568,-0.0005001,-0.0005181,0.011999
-0.000473,-0.000984,0.0121588,-0.000473,-0.0009841,0.012101
-2.3e-05,-0.001008,0.0120668,-2.3e-05,-0.0010081,0.012009
0.000272,-0.000981,0.0120358,0.000272,-0.0009811,0.0119781
-0.000843,-0.000991,0.0121458,-0.0008431,-0.0009911,0.012088
-0.000621,-0.001075,0.0124938,-0.0006211,-0.0010751,0.0124358
-0.000676,-0.000423,0.0118708,-0.0006761,-0.000423,0.0118132
-0.000786,-0.000284,0.0121258,-0.0007861,-0.000284,0.012068
-0.00101,7.1e-05,0.0120818,-0.0010101,7.1e-05,0.012024
-0.000808,-0.000742,0.0124338,-0.0008081,-0.0007421,0.0123759
-0.000935,-0.001499,0.0121828,-0.0009351,-0.0014992,0.012125
-0.000845,-0.001029,0.0127878,-0.0008451,-0.0010291,0.0127297
0.000941,0.001408,0.0142438,0.000941,0.001408,0.0141842
0.001213,0.001582,0.0143228,0.001213,0.001582,0.0142631
0.001473,0.001581,0.0141748,0.001473,0.001581,0.0141152
0.001248,0.001884,0.0142818,0.001248,0.001884,0.0142221
0.001426,0.001536,0.0146228,0.001426,0.001536,0.0145629
0.001017,0.001834,0.0144088,0.001017,0.001834,0.014349
0.000712,0.00197,0.0143278,0.000712,0.00197,0.0142681
0.001064,0.001573,0.0145408,0.001064,0.001573,0.014481
0.000779,0.00143,0.0146058,0.000779,0.00143,0.014546
0.00122,0.00277,0.0153488,0.00122,0.00277,0.0152888
0.001572,0.002784,0.0152938,0.001572,0.002784,0.0152338
0.001244,0.002463,0.0155728,0.001244,0.002463,0.0155128
0.002857,-0.002082,0.0080878,0.0028592,-0.0020836,0.0080384
0.002861,-0.00162,0.0080008,0.0028633,-0.0016213,0.0079515
0.002902,-0.001978,0.0084498,0.0029041,-0.0019795,0.0083997
0.002896,-0.001592,0.0083968,0.0028982,-0.0015932,0.0083468
0.001722,-0.001371,0.0094768,0.0017233,-0.001372,0.0094242
0.00198,-0.001373,0.0099358,0.0019813,-0.0013739,0.0098825
0.001622,-0.000975,0.0096318,0.0016232,-0.0009757,0.0095786
0.001729,-0.000631,0.0096048,0.0017303,-0.0006315,0.0095516
0.001684,-0.00102,0.0100268,0.001685,-0.0010206,0.0099728
0.001591,-0.001378,0.0099778,0.001592,-0.0013789,0.0099241
0.003205,-0.00149,0.0080858,0.0032074,-0.0014911,0.0080365
0.002853,0.001341,0.0079818,0.0028553,0.0013421,0.0079325
-0.002534,-0.002554,0.0074038,-0.0025361,-0.0025561,0.0073558
-0.002231,-0.002721,0.0073638,-0.0022328,-0.0027233,0.0073158
-0.001794,0.000251,0.0086338,-0.0017958,0.0002513,0.0085827
-0.001192,0.000523,0.0085788,-0.0011934,0.0005236,0.0085273
-0.001384,-1.8e-05,0.0091988,-0.0013852,-1.8e-05,0.0091459
-0.00181,-9.5e-05,0.0086648,-0.0018118,-9.51e-05,0.0086136
-0.002212,-2.5e-05,0.0095558,-0.0022136,-2.5e-05,0.009503
-0.001937,0.000105,0.0096558,-0.0019384,0.0001051,0.0096026
-0.002104,4.3e-05,0.0099388,-0.0021054,4.3e-05,0.0098852
-0.002568,0.000293,0.0100218,-0.0025696,0.0002932,0.0099684
-0.003339,0.000236,0.0100028,-0.003341,0.0002361,0.0099498
-0.003108,0.000124,0.0099958,-0.0031099,0.0001241,0.0099427
-0.003069,0.000421,0.0099728,-0.0030709,0.0004213,0.0099198
-0.003054,-0.000275,0.0105098,-0.0030557,-0.0002752,0.0104557
-0.002864,3.6e-05,0.0106088,-0.0028655,3.6e-05,0.0105544
-0.003308,-0.000119,0.0101408,-0.0033099,-0.0001191,0.0100875
-0.003542,-0.000742,0.0080968,-0.0035447,-0.0007425,0.0080474
-0.003304,-0.000848,0.0080188,-0.0033066,-0.0008487,0.0079696
-0.003542,-0.000359,0.0080338,-0.0035447,-0.0003593,0.0079846
-0.003176,-0.000361,0.0081888,-0.0031785,-0.0003613,0.0081391
0.002997,-0.000395,0.0081338,0.0029994,-0.0003953,0.0080842
-0.002971,0.00114,0.0152628,-0.002971,0.00114,0.0152028
-0.002009,0.000786,0.0144758,-0.002009,0.000786,0.014416
-0.001619,0.000799,0.0143758,-0.001619,0.000799,0.0143161
-0.001279,0.001169,0.0141798,-0.001279,0.001169,0.0141202
-0.001258,0.000834,0.0145888,-0.001258,0.000834,0.014529
-0.001652,0.001629,0.0147328,-0.001652,0.001629,0.0146729
-0.002078,0.001608,0.0142898,-0.002078,0.001608,0.0142301
-0.002617,0.000858,0.0134878,-0.0026171,0.000858,0.0134288
-0.002669,0.001228,0.0135868,-0.0026691,0.0012281,0.0135277
-0.002043,0.001262,0.0136488,-0.0020431,0.0012621,0.0135897
-0.002466,0.001266,0.0139568,-0.0024661,0.001266,0.0138973
-0.002631,0.000936,0.0139098,-0.0026311,0.000936,0.0138503
-0.00287,0.000733,0.0138488,-0.0028701,0.000733,0.0137894
-0.001974,0.00086,0.0140628,-0.001974,0.00086,0.0140033
-0.003113,0.000879,0.0139278,-0.0031131,0.000879,0.0138683
-0.002695,0.000561,0.0140128,-0.0026951,0.000561,0.0139533
-0.000906,0.000401,0.0117748,-0.0009061,0.000401,0.0117173
-0.000656,0.000557,0.0116078,-0.0006561,0.0005571,0.0115505
-0.000278,0.000449,0.0117418,-0.000278,0.000449,0.0116843
-1.3e-05,0.000993,0.0117238,-1.3e-05,0.0009931,0.0116664
-0.000839,0.000775,0.0117288,-0.0008391,0.0007751,0.0116714
-0.000532,0.001234,0.0118008,-0.0005321,0.0012341,0.0117433
-0.000483,0.000445,0.0120248,-0.0004831,0.0004451,0.011967
-4.6e-05,0.00055,0.0120428,-4.6e-05,0.0005501,0.011985
0.000239,0.000543,0.0119688,0.000239,0.0005431,0.0119111
-0.000866,0.000476,0.0121128,-0.0008661,0.0004761,0.012055
-0.00029,0.000465,0.0124288,-0.00029,0.0004651,0.0123709
-0.000846,0.001124,0.0117498,-0.0008461,0.0011241,0.0116923
-0.000863,0.00085,0.0120218,-0.0008631,0.0008501,0.0119641
-0.000744,0.000633,0.0119168,-0.0007441,0.0006331,0.0118591
-0.000938,0.000503,0.0125268,-0.0009381,0.0005031,0.0124688
-0.001068,0.002924,0.0072578,-0.001069,0.0029266,0.00721
-0.000684,0.002931,0.0072168,-0.0006846,0.0029337,0.0071691
-0.00191,4.8e-05,0.0140218,-0.00191,4.8e-05,0.0139623
-0.001664,0.000102,0.0143688,-0.001664,0.000102,0.0143091
-0.001609,0.000406,0.0141328,-0.001609,0.000406,0.0140732
-0.001292,0.000489,0.0143318,-0.001292,0.000489,0.0142721
-0.001307,0.000135,0.0145858,-0.001307,0.000135,0.014526
-0.002697,9.9e-05,0.0134838,-0.0026972,9.9e-05,0.0134248
-0.002317,4.2e-05,0.0139648,-0.0023171,4.2e-05,0.0139053
-0.002589,0.000515,0.0136508,-0.0025891,0.000515,0.0135916
-0.002593,0.000228,0.0138518,-0.0025931,0.000228,0.0137924
-0.003323,6.2e-05,0.0127128,-0.0033237,6.2e-05,0.0126551
-0.003004,7.5e-05,0.0128148,-0.0030044,7.5e-05,0.0127567
-0.003039,0.000471,0.0128458,-0.0030395,0.0004711,0.0127877
-0.00308,0.000967,0.0127108,-0.0030806,0.0009672,0.012653
-0.003061,0.000587,0.0131998,-0.0030613,0.0005871,0.0131412
-0.003083,-0.000138,0.0131908,-0.0030833,-0.000138,0.0131322
-0.002739,-5.8e-05,0.0132438,-0.0027392,-5.8e-05,0.0131851
-0.003288,0.000348,0.0128278,-0.0032886,0.0003481,0.0127699
-0.003323,-8.7e-05,0.0129838,-0.0033235,-8.7e-05,0.0129256
-0.003145,-0.000219,0.0128298,-0.0031455,-0.000219,0.0127718
-0.00149,-0.000948,0.0141538,-0.00149,-0.000948,0.0140942
-0.001542,-0.001413,0.0146558,-0.001542,-0.001413,0.0145959
-0.001181,-0.001069,0.0142518,-0.001181,-0.001069,0.0141922
-0.001339,-0.000597,0.0142128,-0.001339,-0.000597,0.0141532
-0.002039,-0.0014,0.0134538,-0.0020391,-0.0014001,0.0133949
-0.00193,-0.001433,0.0137968,-0.0019301,-0.001433,0.0137375
-0.002786,-0.000645,0.0135298,-0.0027861,-0.000645,0.0134707
-0.002721,-0.000934,0.0139798,-0.0027211,-0.000934,0.0139203
-0.002612,-0.00063,0.0138438,-0.0026121,-0.00063,0.0137844
0.003475,-0.000721,0.0081328,0.0034776,-0.0007215,0.0080834
-0.002529,-0.002556,0.0077518,-0.002531,-0.002558,0.0077031
-0.002206,-0.00273,0.0076808,-0.0022078,-0.0027322,0.0076322
-0.002468,-0.002592,0.0080618,-0.0024699,-0.002594,0.0080125
-0.002206,-0.002786,0.0080658,-0.0022077,-0.0027881,0.0080165
0.002786,-0.001609,0.0152558,0.002786,-0.001609,0.0151958
0.002297,-0.001378,0.0142738,0.002297,-0.001378,0.0142141
0.002095,-0.001113,0.0142158,0.002095,-0.001113,0.0141561
0.001717,-0.001093,0.0142528,0.001717,-0.001093,0.0141931
0.001859,-0.000694,0.0141938,0.001859,-0.000694,0.0141342
0.001523,-0.000707,0.0142388,0.001523,-0.000707,0.0141792
0.001671,-0.000882,0.0145248,0.001671,-0.000882,0.014465
0.003122,-0.001568,0.0152548,0.003122,-0.001568,0.0151948
-0.002228,-0.00272,0.0152048,-0.002228,-0.00272,0.0151448
0.001433,-0.001761,0.0141988,0.001433,-0.001761,0.0141392
0.001428,-0.00126,0.0143758,0.001428,-0.00126,0.0143161
0.000737,-0.001638,0.0143358,0.000737,-0.001638,0.0142761
0.000994,-0.001446,0.0141878,0.000994,-0.001446,0.0141282
0.001035,-0.002713,0.0135158,0.0010351,-0.0027131,0.0134567
0.001399,-0.002895,0.0135868,0.0013991,-0.0028952,0.0135277
0.001856,-0.002619,0.0137368,0.0018561,-0.0026191,0.0136775
0.001396,-0.002101,0.0135818,0.0013961,-0.0021011,0.0135227
0.001094,-0.002822,0.0138408,0.001094,-0.0028221,0.0137814
0.001614,-0.002552,0.0139458,0.001614,-0.0025521,0.0138863
0.001095,-0.002104,0.0139468,0.001095,-0.0021041,0.0138873
0.000927,-0.003439,0.0152098,0.000927,-0.003439,0.0151498
0.001646,0.000852,0.0142678,0.001646,0.000852,0.0142081
0.002052,0.00071,0.0142458,0.002052,0.00071,0.0141861
0.002276,0.000882,0.0144718,0.002276,0.000882,0.014412
0.002161,0.001266,0.0144098,0.002161,0.001266,0.01435
0.001821,0.001146,0.0144268,0.001821,0.001146,0.014367
0.001644,0.001212,0.0147078,0.001644,0.001212,0.0146479
0.003114,0.001045,0.0151828,0.003114,0.001045,0.0151228
0.00343,0.001109,0.0151958,0.00343,0.001109,0.0151358
0.002768,0.001075,0.0155188,0.002768,0.001075,0.0154588
-0.001846,0.003009,0.0080358,-0.0018474,0.0030113,0.0079865
-0.001456,0.002923,0.0079858,-0.0014572,0.0029254,0.0079366
-0.000582,-0.003527,0.0158948,-0.000582,-0.003527,0.0158348
-0.002921,-0.001514,0.0075808,-0.0029235,-0.0015153,0.0075324
-0.002642,-0.001646,0.0077998,-0.0026442,-0.0016474,0.0077509
-0.003146,-0.001667,0.0080988,-0.0031484,-0.0016683,0.0080494
-0.000675,-0.001162,0.0086518,-0.0006757,-0.0011633,0.0086003
-0.000817,-0.001342,0.0088048,-0.0008178,-0.0013433,0.0087532
-0.001171,-0.00108,0.0092028,-0.001172,-0.001081,0.0091501
-0.001703,-0.001392,0.0092518,-0.0017044,-0.0013931,0.0091996
-0.001488,-0.001491,0.0095908,-0.0014891,-0.0014921,0.0095379
-0.001148,-0.001353,0.0095558,-0.0011489,-0.001354,0.0095026
-0.001419,-0.001269,0.0099298,-0.0014199,-0.0012698,0.0098759
-0.001904,-0.00078,0.0100298,-0.0019052,-0.0007805,0.0099759
-0.002246,-0.001413,0.0099208,-0.0022475,-0.0014139,0.0098676
-0.002316,-0.000947,0.0099668,-0.0023175,-0.0009476,0.0099135
-0.002386,-0.001573,0.0102848,-0.0023874,-0.0015739,0.0102311
-0.001872,-0.001358,0.0102508,-0.0018731,-0.0013588,0.0101967
-0.002805,-0.00145,0.0103808,-0.0028066,-0.0014508,0.010327
-0.00212,-0.001796,0.0105398,-0.0021211,-0.001797,0.0104855
-0.002676,-0.000994,0.0102318,-0.0026776,-0.0009946,0.0101781
-0.002619,-0.000639,0.0101908,-0.0026206,-0.0006394,0.0101371
-0.002819,-0.0011,0.0105688,-0.0028205,-0.0011006,0.0105146
-0.002597,-0.001356,0.0101368,-0.0025985,-0.0013568,0.0100834
-0.003382,-0.001107,0.0073168,-0.0033849,-0.0011079,0.007269
-0.002966,-0.001097,0.0072838,-0.0029686,-0.001098,0.007236
-0.003299,-0.001448,0.0152298,-0.003299,-0.001448,0.0151698
-0.0031,-0.001613,0.0151618,-0.0031,-0.001613,0.0151018
0.001777,0.001491,0.0135168,0.0017771,0.0014911,0.0134578
0.002221,0.001565,0.0135528,0.0022211,0.0015651,0.0134937
0.002406,0.001744,0.0137928,0.0024061,0.0017441,0.0137334
0.002203,0.001955,0.0136068,0.0022031,0.0019551,0.0135476
0.002618,0.00195,0.0136258,0.0026182,0.0019501,0.0135666
0.00179,0.001934,0.0136348,0.0017901,0.0019341,0.0135756
0.002227,0.002364,0.0136268,0.0022271,0.0023641,0.0135676
0.002194,0.001893,0.0139608,0.0021941,0.001893,0.0139013
0.001698,0.001438,0.0139708,0.001698,0.001438,0.0139113
0.002135,0.002383,0.0139088,0.0021351,0.0023831,0.0138493
0.001901,0.001796,0.0140488,0.001901,0.001796,0.0139892
0.002684,0.001904,0.0139128,0.0026841,0.0019041,0.0138533
0.001983,0.001405,0.0137788,0.0019831,0.0014051,0.0137195
0.001716,0.002189,0.0127518,0.0017162,0.0021893,0.0126937
0.00181,0.002422,0.0128538,0.0018103,0.0024224,0.0127957
0.002099,0.002257,0.0127488,0.0020993,0.0022574,0.0126908
0.00228,0.002444,0.0129518,0.0022804,0.0024444,0.0128937
0.001575,0.002604,0.0127438,0.0015753,0.0026044,0.0126858
0.002184,0.002278,0.0131618,0.0021842,0.0022782,0.0131033
0.001793,0.00207,0.0132218,0.0017931,0.0020702,0.0131631
0.001812,0.002609,0.0129358,0.0018123,0.0026094,0.0128776
0.001689,0.002556,0.0132948,0.0016891,0.0025562,0.013236
0.001907,0.002348,0.0131108,0.0019072,0.0023482,0.0130523
-0.003338,0.001218,0.0083918,-0.0033405,0.0012189,0.0083418
-0.002941,0.001178,0.0083728,-0.0029433,0.0011789,0.0083228
-0.001119,0.001098,0.0085928,-0.0011202,0.0010991,0.0085416
-0.000824,0.000771,0.0084998,-0.000825,0.000772,0.0084484
-0.000687,0.001337,0.0085608,-0.0006877,0.0013385,0.0085096
-0.000385,0.001107,0.0085948,-0.0003855,0.0011083,0.0085432
-0.0012,0.001287,0.0089518,-0.0012011,0.0012882,0.0088999
-0.001185,0.00128,0.0093358,-0.001186,0.0012811,0.009283
-0.001058,0.000766,0.0087138,-0.0010592,0.0007668,0.008662
-0.001122,0.00099,0.0091598,-0.001123,0.0009909,0.0091072
-0.001846,0.000813,0.0092878,-0.0018475,0.0008136,0.0092354
-0.001631,0.001043,0.0092528,-0.0016323,0.0010439,0.0092004
-0.001619,0.000917,0.0095918,-0.0016202,0.0009177,0.0095386
-0.001256,0.000861,0.0096908,-0.0012568,0.0008615,0.0096369
-0.002,0.000949,0.0096168,-0.0020014,0.0009497,0.0095639
-0.001595,0.001026,0.0099548,-0.001596,0.0010266,0.0099009
-0.002133,0.001278,0.0095798,-0.0021345,0.0012789,0.0095272
-0.001964,0.000986,0.0099998,-0.0019653,0.0009866,0.0099461
0.002415,0.002108,0.0152568,0.002415,0.002108,0.0151968
0.002776,0.002146,0.0152918,0.002776,0.002146,0.0152318
0.001631,0.002756,0.0081158,0.0016323,0.0027582,0.0080663
0.000516,0.003564,0.0079998,0.0005164,0.0035667,0.0079506
0.000963,0.002807,0.0079338,0.0009638,0.0028094,0.0078846
0.000821,0.003071,0.0080028,0.0008216,0.0030735,0.0079535
0.000874,0.003118,0.0083398,0.0008747,0.0031204,0.0082898
0.001656,-0.003105,0.0159648,0.001656,-0.003105,0.0159048
0.00234,-0.002668,0.0159668,0.00234,-0.002668,0.0159068
-0.002906,-0.001134,0.0076328,-0.0029085,-0.001135,0.0075843
0.000418,-0.001818,0.0143388,0.000418,-0.001818,0.0142791
0.00071,-0.001926,0.0142688,0.00071,-0.001926,0.0142091
0.00075,-0.001354,0.0142098,0.00075,-0.001354,0.0141502
0.000406,-0.001461,0.0141948,0.000406,-0.001461,0.0141352
0.000177,-0.001439,0.0144838,0.000177,-0.001439,0.014424
0.000578,-0.003455,0.0151608,0.000578,-0.003455,0.0151008
0.000528,-0.003065,0.0152128,0.000528,-0.003065,0.0151528
0.00034,-0.001183,0.0149498,0.00034,-0.001183,0.0148899
0.000606,-0.00133,0.0150258,0.000606,-0.00133,0.0149659
0.0002,-0.000711,0.0152728,0.0002,-0.000711,0.0152128
2e-06,0.003217,0.0152208,2e-06,0.003217,0.0151608
-0.000134,0.001522,0.0150178,-0.000134,0.001522,0.0149579
-0.000649,0.001579,0.0153288,-0.000649,0.001579,0.0152688
-0.000474,0.002139,0.0142288,-0.000474,0.002139,0.0141691
-0.000496,0.002383,0.0143648,-0.000496,0.002383,0.0143051
1.5e-05,0.002194,0.0143098,1.5e-05,0.002194,0.0142501
-0.000229,0.002293,0.0144638,-0.000229,0.002293,0.014404
-8.4e-05,0.002545,0.0143148,-8.4e-05,0.002545,0.0142551
-0.000437,0.002845,0.0135598,-0.000437,0.0028451,0.0135007
-0.00037,0.003213,0.0135938,-0.00037,0.0032132,0.0135346
-7e-05,0.002956,0.0133868,-7e-05,0.0029562,0.0133279
-0.000449,0.002979,0.0139848,-0.000449,0.0029791,0.0139253
0.003092,-0.001111,0.0151998,0.003092,-0.001111,0.0151398
0.003402,-0.001163,0.0151978,0.003402,-0.001163,0.0151378
0.003473,0.000673,0.0080828,0.0034757,0.0006735,0.0080334
4.9e-05,-0.00328,0.0076528,4.9e-05,-0.0032827,0.0076042
0.000477,-0.003445,0.0076108,0.0004774,-0.0034478,0.0075624
0.000525,-0.003027,0.0078028,0.0005255,-0.0030295,0.0077539
0.000356,-0.001269,0.0078138,0.0003565,-0.0012706,0.0077644
0.000653,-0.001211,0.0078518,0.0006538,-0.0012125,0.0078023
0.000477,-0.001041,0.0078888,0.0004777,-0.0010424,0.0078391
0.000306,-0.000605,0.0081968,0.0003065,-0.000606,0.0081455
0.000144,-0.000973,0.0085368,0.0001442,-0.0009742,0.008485
0.00228,-0.002332,0.0152528,0.00228,-0.002332,0.0151928
0.002689,-0.002357,0.0152268,0.002689,-0.002357,0.0151668
0.001711,-0.002254,0.0135828,0.0017111,-0.0022541,0.0135237
0.002068,-0.002248,0.0132618,0.0020682,-0.0022482,0.0132031
0.002335,-0.001961,0.0137298,0.0023351,-0.0019611,0.0136705
0.00261,-0.001954,0.0135608,0.0026102,-0.0019541,0.0135017
0.002119,-0.00168,0.0136408,0.0021191,-0.0016801,0.0135816
0.001726,-0.001784,0.0136238,0.0017261,-0.0017841,0.0135647
0.002083,-0.001817,0.0139248,0.0020831,-0.001817,0.0138653
0.001496,-0.002166,0.0140028,0.001496,-0.002166,0.0139433
0.001684,-0.001389,0.0135378,0.0016841,-0.0013891,0.0134788
0.001696,-0.001752,0.0140298,0.001696,-0.001752,0.0139703
0.001768,-0.001319,0.0139738,0.001768,-0.001319,0.0139143
0.001791,-0.002092,0.0138538,0.0017911,-0.0020921,0.0137944
0.003139,0.000674,0.0152838,0.003139,0.000674,0.0152238
0.003461,0.000692,0.0152268,0.003461,0.000692,0.0151668
0.002326,0.002151,0.0079868,0.0023279,0.0021527,0.0079375
0.002744,0.002214,0.0081068,0.0027461,0.0022157,0.0080574
-0.001883,-0.002957,0.0081058,-0.0018844,-0.0029593,0.0080564
-0.001573,-0.003128,0.0079938,-0.0015742,-0.0031304,0.0079446
-0.001856,-0.003,0.0084508,-0.0018574,-0.0030022,0.0084008
-0.001551,-0.003052,0.0083908,-0.0015522,-0.0030543,0.0083408
-0.001144,-0.001574,0.0092248,-0.0011449,-0.0015753,0.0091725
-0.000889,-0.001769,0.0096588,-0.0008896,-0.0017703,0.0096056
-0.001277,-0.001852,0.0096378,-0.0012779,-0.0018533,0.0095849
-0.001361,-0.001925,0.0101528,-0.0013618,-0.0019262,0.010099
-0.001008,-0.002292,0.0094158,-0.0010087,-0.0022937,0.0093635
-0.001336,-0.002172,0.0098438,-0.0013369,-0.0021734,0.0097907
-0.000669,-0.002775,0.0099738,-0.0006694,-0.0027767,0.0099207
-0.000944,-0.002816,0.0107588,-0.0009445,-0.0028174,0.0107043
-0.001478,-0.002451,0.0099538,-0.0014789,-0.0024525,0.0099007
-0.001163,-0.002537,0.0103518,-0.0011637,-0.0025384,0.0102979
-0.001587,-0.00243,0.0102908,-0.0015879,-0.0024314,0.0102371
-0.001068,-0.002148,0.0103958,-0.0010686,-0.0021492,0.0103415
-0.001188,-0.002403,0.0106968,-0.0011886,-0.0024042,0.0106422
-0.001177,-0.002933,0.0106218,-0.0011776,-0.0029345,0.0105676
0.000931,-0.003468,0.0080678,0.0009317,-0.0034706,0.0080185
0.000887,-0.003083,0.0079908,0.0008877,-0.0030855,0.0079415
-0.001812,-0.000405,0.0093288,-0.0018135,-0.0004053,0.0092762
-0.001523,-0.000351,0.0092638,-0.0015243,-0.0003513,0.009211
-0.00135,-0.000289,0.0096008,-0.0013509,-0.0002892,0.0095468
-0.001172,-0.000578,0.0096428,-0.0011727,-0.0005783,0.0095886
-0.001441,-0.000498,0.0099368,-0.0014418,-0.0004983,0.0098822
-0.001891,-0.000216,0.0097198,-0.0018923,-0.0002162,0.0096664
-0.001909,-0.00022,0.0099838,-0.0019102,-0.0002201,0.0099298
-0.002247,-0.000223,0.0098808,-0.0022485,-0.0002232,0.0098274
-0.002382,-0.000259,0.0103488,-0.0023834,-0.0002592,0.0102946
-0.002749,-0.00028,0.0102788,-0.0027506,-0.0002802,0.010225
-0.002709,-0.000334,0.0106318,-0.0027104,-0.0003342,0.0105773
-0.003018,-0.000631,0.0102988,-0.0030197,-0.0006314,0.0102452
-0.002648,-0.000634,0.0106808,-0.0026494,-0.0006343,0.0106262
-0.002973,-0.000638,0.0106438,-0.0029746,-0.0006383,0.0105895
-0.003175,-0.00052,0.0106678,-0.0031767,-0.0005203,0.0106136
-0.003107,-0.000276,0.0113898,-0.0031083,-0.0002761,0.0113343
-0.003079,-0.000601,0.0109458,-0.0030805,-0.0006013,0.010891
-0.002836,-0.000738,0.0111118,-0.0028373,-0.0007383,0.0110566
-0.003089,-0.000224,0.0110628,-0.0030905,-0.0002241,0.0110078
-0.003346,-0.000373,0.0106888,-0.0033477,-0.0003732,0.0106346
-0.003313,-0.000537,0.0108888,-0.0033146,-0.0005373,0.0108343
-0.003273,3e-05,0.0083978,-0.0032755,3e-05,0.0083478
-0.002102,-0.002796,0.0084038,-0.0021036,-0.0027981,0.0083538
-0.001544,-0.001802,0.0099298,-0.001545,-0.0018032,0.0098764
-0.001559,-0.002074,0.0107158,-0.0015598,-0.0020751,0.010661
-0.001458,-0.001771,0.0106068,-0.0014587,-0.0017719,0.0105519
-0.001966,-0.002167,0.0102888,-0.0019671,-0.0021682,0.0102351
-0.002006,-0.001692,0.0102278,-0.0020072,-0.001693,0.010174
-0.001859,-0.002413,0.0100198,-0.0018601,-0.0024145,0.0099667
-0.002302,-0.002212,0.0102408,-0.0023033,-0.0022133,0.0101873
-0.002172,-0.002181,0.0105818,-0.0021732,-0.0021822,0.0105276
-0.002575,-0.002336,0.0105478,-0.0025764,-0.0023372,0.0104939
-0.002511,-0.001676,0.0106588,-0.0025123,-0.0016769,0.0106045
-0.00229,-0.00194,0.0113568,-0.002291,-0.0019408,0.0113012
-0.00239,-0.002179,0.0109688,-0.0023912,-0.0021801,0.0109141
-0.001821,-0.002142,0.0111668,-0.0018218,-0.0021429,0.0111114
-0.002511,-0.001791,0.0110518,-0.0025122,-0.0017918,0.0109968
-0.002914,-0.00184,0.0112718,-0.0029153,-0.0018408,0.0112167
-0.002705,-0.001416,0.0109978,-0.0027063,-0.0014167,0.0109429
-0.003377,-0.001037,0.0151728,-0.003377,-0.001037,0.0151128
-0.002916,-0.001091,0.0151868,-0.002916,-0.001091,0.0151268
0.001264,0.001918,0.0095368,0.0012649,0.0019194,0.0094841
0.00133,0.001566,0.0095418,0.001331,0.0015672,0.0094889
0.001062,0.001568,0.0096228,0.0010628,0.0015692,0.0095696
0.001392,0.001609,0.0099478,0.0013929,0.00161,0.0098942
0.000934,0.001767,0.0094488,0.0009347,0.0017684,0.0093961
0.000711,0.001512,0.0096608,0.0007115,0.0015131,0.0096072
0.000975,0.001453,0.0099108,0.0009756,0.0014539,0.0098567
0.001333,0.003259,0.0083378,0.001334,0.0032614,0.008288
-0.000109,-0.001811,0.0091098,-0.0001091,-0.0018126,0.0090577
-3.3e-05,-0.002158,0.0096008,-3.3e-05,-0.0021596,0.0095479
-0.000112,-0.001396,0.0092088,-0.0001121,-0.0013972,0.0091559
-0.000235,-0.00189,0.0097168,-0.0002352,-0.0018913,0.0096634
-0.000329,-0.001825,0.0094068,-0.0003293,-0.0018264,0.009354
-0.00058,-0.001683,0.0095838,-0.0005804,-0.0016843,0.0095305
-0.00041,-0.001413,0.0095428,-0.0004103,-0.001414,0.0094891
-0.000537,-0.001764,0.0098888,-0.0005373,-0.0017651,0.0098349
-0.00077,-0.003445,0.0083968,-0.0007706,-0.0034475,0.0083468
-0.000708,-0.00307,0.0085428,-0.0007085,-0.0030723,0.0084924
-0.00035,-0.002996,0.0084758,-0.0003503,-0.0029983,0.0084255
-0.000324,-0.00159,0.0085458,-0.0003243,-0.0015917,0.0084947
-0.000158,-0.000961,0.0085698,-0.0001582,-0.0009622,0.0085179
9.7e-05,-0.00064,0.0084788,9.71e-05,-0.0006409,0.0084265
0.000113,-0.00115,0.0088558,0.0001131,-0.0011512,0.0088034
0.000544,0.003567,0.0152278,0.000544,0.003567,0.0151678
0.000844,0.002823,0.0153368,0.000844,0.002823,0.0152768
0.00084,0.003185,0.0152968,0.00084,0.003185,0.0152368
0.000876,0.003162,0.0148708,0.000876,0.003162,0.0148109
-0.000657,0.00341,0.0084178,-0.0006575,0.0034125,0.0083678
-0.000326,0.003423,0.0083538,-0.0003262,0.0034256,0.0083039
-5.8e-05,0.001553,0.0096198,-5.8e-05,0.0015541,0.0095661
-0.000165,0.001932,0.0097318,-0.0001651,0.0019334,0.0096784
0.000281,0.001512,0.0096808,0.0002812,0.001513,0.0096269
-0.000446,0.001609,0.0095618,-0.0004463,0.0016102,0.0095084
-1.2e-05,0.001538,0.0100418,-1.2e-05,0.0015387,0.009987
-0.000851,0.001559,0.0095978,-0.0008516,0.0015601,0.0095445
-0.000402,0.001501,0.0099558,-0.0004022,0.0015018,0.0099013
-0.000486,0.002552,0.0100518,-0.0004863,0.0025536,0.0099984
-0.0002,0.002315,0.0101318,-0.0002001,0.0023164,0.010078
0.000102,0.002595,0.0104558,0.0001021,0.0025965,0.0104016
-0.000448,0.002637,0.0107418,-0.0004482,0.0026383,0.0106871
-0.000178,0.002934,0.0113918,-0.0001781,0.0029352,0.0113361
-5e-05,0.003006,0.0110398,-5e-05,0.0030074,0.0109848
0.000293,0.00297,0.0111268,0.0002931,0.0029714,0.0110716
-0.000428,0.003102,0.0109918,-0.0004282,0.0031035,0.010937
-0.00053,0.002956,0.0114508,-0.0005302,0.0029572,0.0113951
-0.000755,0.003126,0.0112428,-0.0007553,0.0031274,0.0111876
-0.000432,0.002861,0.0117918,-0.0004321,0.0028619,0.0117352
0.00126,-0.002065,0.0092678,0.001261,-0.0020666,0.0092157
0.001392,-0.001775,0.0091578,0.0013931,-0.0017764,0.0091059
0.001334,-0.001875,0.0095878,0.001335,-0.0018763,0.009535
0.001043,-0.00206,0.0096358,0.0010437,-0.0020615,0.0095829
0.001358,-0.002085,0.0099718,0.0013589,-0.0020863,0.0099184
0.000904,-0.001958,0.0092918,0.0009047,-0.0019596,0.0092395
0.000971,-0.001694,0.0095578,0.0009717,-0.0016953,0.0095048
0.001074,-0.002422,0.0098838,0.0010747,-0.0024236,0.0098307
0.001157,-0.002852,0.0100018,0.0011577,-0.0028537,0.0099487
0.001497,-0.002466,0.0098758,0.001498,-0.0024676,0.0098229
0.001395,-0.002388,0.0102878,0.0013958,-0.0023894,0.010234
0.001392,-0.002807,0.0102788,0.0013928,-0.0028086,0.0102252
0.001062,-0.002904,0.0103028,0.0010626,-0.0029057,0.0102492
0.000667,-0.002432,0.0099998,0.0006674,-0.0024335,0.0099464
0.000757,-0.002808,0.0104328,0.0007574,-0.0028096,0.0103788
0.001089,-0.002817,0.0106258,0.0010896,-0.0028185,0.0105715
0.001226,-0.003091,0.0083448,0.0012269,-0.0030933,0.0082949
0.001413,-0.002737,0.0082868,0.0014141,-0.0027392,0.0082369
0.001205,-0.003059,0.0086678,0.0012059,-0.0030612,0.0086173
0.001985,-0.00015,0.0096958,0.0019864,-0.0001501,0.0096426
0.001641,-0.000238,0.0096448,0.0016421,-0.0002382,0.0095912
0.001739,2.8e-05,0.0096158,0.0017402,2.8e-05,0.0095624
0.001752,-0.000402,0.0098748,0.0017531,-0.0004022,0.0098209
0.001515,-0.000762,0.0099318,0.0015159,-0.0007624,0.0098776
0.002605,-0.000448,0.0100918,0.0026066,-0.0004483,0.0100383
0.002913,-0.000727,0.0108098,0.0029145,-0.0007274,0.0107552
0.002541,5.7e-05,0.0102398,0.0025425,5.7e-05,0.010186
0.002563,-0.000295,0.0107778,0.0025643,-0.0002952,0.0107229
0.001362,-0.000223,0.0088388,0.0013635,-0.0002232,0.0087868
0.001182,-0.000551,0.0092048,0.001183,-0.0005515,0.0091517
0.0009,-0.000461,0.0086978,0.0009011,-0.0004615,0.0086456
0.000733,-0.000185,0.0086018,0.0007339,-0.0001852,0.0085493
0.001517,0.000563,0.0089488,0.0015185,0.0005635,0.0088968
0.001283,9.7e-05,0.0093098,0.001284,9.71e-05,0.0092564
0.000776,0.000212,0.0086508,0.0007769,0.0002123,0.0085983
0.000753,0.000135,0.0089828,0.0007537,0.0001351,0.0089292
0.00229,0.000162,0.0092878,0.0022918,0.0001621,0.0092356
0.002236,5.8e-05,0.0099928,0.0022374,5.8e-05,0.0099392
0.001738,0.000579,0.0093718,0.0017394,0.0005795,0.0093191
0.001692,0.000411,0.0096368,0.0016932,0.0004113,0.0095834
0.001543,0.000803,0.0096118,0.0015441,0.0008036,0.0095585
0.001711,0.000804,0.0099828,0.0017121,0.0008045,0.0099288
0.001788,-9.2e-05,0.0093488,0.0017894,-9.21e-05,0.0092961
0.001599,0.00012,0.0098688,0.0015999,0.0001201,0.0098146
0.002837,0.000584,0.0102268,0.0028387,0.0005843,0.0101732
0.002862,-8.3e-05,0.0103398,0.0028636,-8.3e-05,0.0102859
0.00269,0.00042,0.0099758,0.0026917,0.0004203,0.0099226
0.0026,-0.000157,0.0100488,0.0026016,-0.0001571,0.0099954
-0.001094,0.002937,0.0075838,-0.0010949,0.0029395,0.0075353
0.000109,0.00085,0.0077898,0.0001092,0.0008513,0.0077402
-0.000112,0.00098,0.0078578,-0.0001122,0.0009814,0.0078081
-2.8e-05,0.001183,0.0077348,-2.8e-05,0.0011846,0.0076855
0.000309,0.001274,0.0078718,0.0003094,0.0012756,0.0078222
-0.000185,0.001131,0.0081458,-0.0001853,0.0011326,0.0080953
-3e-05,0.000879,0.0081718,-3e-05,0.0008803,0.0081209
0.000378,0.000787,0.0080698,0.0003786,0.0007883,0.0080193
-9.1e-05,0.000952,0.0085608,-9.11e-05,0.0009532,0.0085089
-0.000505,0.001229,0.0082398,-0.0005056,0.0012305,0.0081892
-0.000235,0.000727,0.0079398,-0.0002354,0.0007282,0.0078896
0.001683,0.000917,0.0093338,0.0016843,0.0009177,0.0092812
0.001787,0.001174,0.0091968,0.0017884,0.0011749,0.0091447
0.002139,0.001251,0.0095128,0.0021405,0.0012519,0.0094603
0.001709,0.001239,0.0095518,0.0017103,0.0012399,0.0094989
0.001738,0.001221,0.0099438,0.0017391,0.0012218,0.0098902
0.001913,0.000694,0.0091618,0.0019146,0.0006946,0.0091097
0.002821,0.001045,0.0100668,0.0028227,0.0010456,0.0100136
0.002872,0.001256,0.0099968,0.0028738,0.0012568,0.0099438
0.003027,0.001182,0.0102338,0.0030287,0.0011827,0.0101804
0.002859,0.000892,0.0107328,0.0028605,0.0008925,0.0106783
0.002693,0.000756,0.0100018,0.0026947,0.0007565,0.0099486
0.003063,0.001066,0.0084268,0.0030653,0.0010668,0.0083767
-0.001275,0.00149,0.0142118,-0.001275,0.00149,0.0141522
-0.001126,0.001602,0.0144818,-0.001126,0.001602,0.014422
-0.000868,0.001571,0.0142058,-0.000868,0.001571,0.0141462
-0.000739,0.001562,0.0144868,-0.000739,0.001562,0.014427
-0.000849,0.001945,0.0143368,-0.000849,0.001945,0.0142771
-0.000924,0.001514,0.0147608,-0.000924,0.001514,0.0147009
-0.00059,0.001488,0.0147638,-0.00059,0.001488,0.0147039
-0.001358,0.00155,0.0146528,-0.001358,0.00155,0.0145929
-0.001151,0.001999,0.0144138,-0.001151,0.001999,0.014354
-0.001308,0.001996,0.0146838,-0.001308,0.001996,0.0146239
-0.001735,0.00198,0.0146668,-0.001735,0.00198,0.0146069
-0.001927,0.002968,0.0152808,-0.001927,0.002968,0.0152208
-0.001485,0.002934,0.0152278,-0.001485,0.002934,0.0151678
-0.001501,0.002561,0.0153208,-0.001501,0.002561,0.0152608
-0.002095,0.002343,0.0134948,-0.0020951,0.0023432,0.0134358
-0.001772,0.002332,0.0136158,-0.0017721,0.0023321,0.0135566
-0.001609,0.002599,0.0134938,-0.0016091,0.0025992,0.0134348
-0.002052,0.002401,0.0138358,-0.0020521,0.0024011,0.0137764
-0.001907,0.002672,0.0136588,-0.0019071,0.0026721,0.0135996
0.001646,-0.000403,0.0142238,0.001646,-0.000403,0.0141642
0.002195,-0.000553,0.0141948,0.002195,-0.000553,0.0141352
0.002016,-0.000288,0.0141028,0.002016,-0.000288,0.0140433
0.001487,-9e-05,0.0142268,0.001487,-9e-05,0.0141672
0.002063,-7.8e-05,0.0142728,0.002063,-7.8e-05,0.0142131
0.001943,-0.000227,0.0146178,0.001943,-0.000227,0.014558
0.001657,0.00012,0.0140438,0.001657,0.00012,0.0139843
0.001709,8.5e-05,0.0146118,0.001709,8.5e-05,0.014552
0.001722,-0.000551,0.0145168,0.001722,-0.000551,0.014457
0.002741,-0.000605,0.0136238,0.0027411,-0.000605,0.0135646
0.002903,-0.000252,0.0135768,0.0029032,-0.000252,0.0135177
0.002828,0.000168,0.0135958,0.0028281,0.000168,0.0135367
0.003067,-0.000442,0.0137878,0.0030671,-0.000442,0.0137284
0.002901,-0.00071,0.0138758,0.0029011,-0.00071,0.0138164
0.002403,-0.000349,0.0140408,0.0024031,-0.000349,0.0139813
0.002546,-3.3e-05,0.0137918,0.0025461,-3.3e-05,0.0137325
0.001367,-0.000276,0.0151738,0.001367,-0.000276,0.0151138
0.001453,-2.8e-05,0.0148458,0.001453,-2.8e-05,0.0147859
0.000869,-0.000499,0.0151078,0.000869,-0.000499,0.0150479
0.000338,0.001647,0.0142208,0.000338,0.001647,0.0141612
0.000393,0.001551,0.0145928,0.000393,0.001551,0.014533
0.000645,0.001552,0.0143228,0.000645,0.001552,0.0142631
5.5e-05,0.00153,0.0146978,5.5e-05,0.00153,0.0146379
0.00022,0.00262,0.0134368,0.00022,0.0026202,0.0133779
0.000713,0.002554,0.0138748,0.000713,0.0025541,0.0138154
9.5e-05,0.002516,0.0140408,9.5e-05,0.0025161,0.0139813
0.000366,0.002218,0.0138378,0.000366,0.0022181,0.0137785
-4.4e-05,0.00217,0.0139218,-4.4e-05,0.0021701,0.0138624
0.00025,0.002851,0.0127578,0.00025,0.0028514,0.0126997
0.000796,0.003018,0.0127198,0.0007961,0.0030185,0.0126619
0.000486,0.003114,0.0128878,0.0004861,0.0031145,0.0128297
0.000685,0.002926,0.0131798,0.0006851,0.0029263,0.0131212
-6.6e-05,0.002976,0.0129378,-6.6e-05,0.0029764,0.0128795
-0.001802,-0.003074,0.0149128,-0.001802,-0.003074,0.0148529
-0.001683,-0.001607,0.0134728,-0.0016831,-0.0016071,0.0134139
-0.001359,-0.001714,0.0135398,-0.0013591,-0.0017141,0.0134808
-0.001465,-0.001331,0.0135328,-0.0014651,-0.0013311,0.0134739
-0.001851,-0.001813,0.0138978,-0.0018511,-0.001813,0.0138384
-0.001867,-0.002304,0.0135908,-0.0018671,-0.0023041,0.0135317
-0.001599,-0.002543,0.0127988,-0.0015992,-0.0025434,0.0127407
-0.001241,-0.002522,0.0127968,-0.0012412,-0.0025223,0.0127387
-0.001941,-0.002571,0.0127628,-0.0019414,-0.0025715,0.0127049
-0.001647,-0.00202,0.0127888,-0.0016472,-0.0020202,0.0127307
-0.001162,-0.002815,0.0131678,-0.0011621,-0.0028153,0.0131092
-0.001965,-0.001874,0.0127498,-0.0019653,-0.0018742,0.0126917
-0.001996,-0.002405,0.0131438,-0.0019962,-0.0024053,0.0130853
-0.001809,-0.002682,0.0130378,-0.0018092,-0.0026824,0.0129795
-0.002478,-0.002626,0.0149208,-0.002478,-0.002626,0.0148609
-0.002238,-0.002733,0.0148098,-0.002238,-0.002733,0.0147499
-0.002622,-0.00234,0.0147338,-0.002622,-0.00234,0.0146739
0.002233,0.000173,0.0143038,0.002233,0.000173,0.0142441
0.001652,0.000497,0.0141868,0.001652,0.000497,0.0141272
0.002038,2.7e-05,0.0145338,0.002038,2.7e-05,0.014474
0.001788,-0.000118,0.0142628,0.001788,-0.000118,0.0142031
0.003283,0.000305,0.0128258,0.0032836,0.0003051,0.0127679
0.003301,-5.6e-05,0.0128168,0.0033016,-5.6e-05,0.0127589
0.001391,7.1e-05,0.0151858,0.001391,7.1e-05,0.0151258
0.001096,-6.5e-05,0.0154578,0.001096,-6.5e-05,0.0153978
0.000669,4.3e-05,0.0153568,0.000669,4.3e-05,0.0152968
-0.001699,-0.00057,0.0142958,-0.001699,-0.00057,0.0142361
-0.001212,-0.000228,0.0141268,-0.001212,-0.000228,0.0140673
-0.002921,-0.000313,0.0134318,-0.0029212,-0.000313,0.0133729
-0.002633,-0.00029,0.0135548,-0.0026331,-0.00029,0.0134957
-0.003129,-0.000579,0.0128158,-0.0031295,-0.0005791,0.0127578
-0.002851,-0.000308,0.0127148,-0.0028514,-0.000308,0.0126568
-0.003009,-0.00056,0.0131738,-0.0030093,-0.0005601,0.0131152
-0.002773,-0.000851,0.0132788,-0.0027732,-0.0008511,0.0132201
-0.003383,-0.000563,0.0130158,-0.0033836,-0.0005631,0.0129576
-0.003411,-0.000888,0.0147938,-0.003411,-0.000888,0.0147339
-0.001526,-0.003252,0.0148948,-0.001526,-0.003252,0.0148349
-0.001145,-0.003397,0.0148508,-0.001145,-0.003397,0.0147909
-0.003274,0.000622,0.0083418,-0.0032765,0.0006225,0.0082919
-0.002966,0.00069,0.0084748,-0.0029683,0.0006905,0.0084245
-0.003296,0.00066,0.0086578,-0.0032984,0.0006605,0.0086073
0.000941,-0.00342,0.0147688,0.000941,-0.00342,0.0147089
0.000905,-0.00306,0.0148228,0.000905,-0.00306,0.0147629
0.00307,-0.001082,0.0148328,0.00307,-0.001082,0.0147729
-0.001367,-0.003334,0.0083408,-0.001368,-0.0033365,0.008291
-0.001053,-0.003206,0.0084178,-0.0010538,-0.0032084,0.0083677
0.002782,-0.002061,0.0148768,0.002782,-0.002061,0.0148169
0.002824,-0.001636,0.0148588,0.002824,-0.001636,0.0147989
0.00054,-0.003437,0.0147918,0.00054,-0.003437,0.0147319
0.000568,-0.003054,0.0148308,0.000568,-0.003054,0.0147709
0.001293,0.003265,0.0148638,0.001293,0.003265,0.0148039
-0.003278,-0.000723,0.0083208,-0.0032805,-0.0007235,0.0082709
0.00344,0.001032,0.0147778,0.00344,0.001032,0.0147179
0.003267,-0.000115,0.0108358,0.0032686,-0.0001151,0.0107813
0.000885,-0.003492,0.0084428,0.0008856,-0.0034945,0.0083928
0.000889,-0.003124,0.0083988,0.0008897,-0.0031264,0.0083487
-0.001113,0.002951,0.0151768,-0.001113,0.002951,0.0151168
-0.000746,0.002902,0.0151388,-0.000746,0.002902,0.0150788
0.002823,0.001686,0.0084228,0.0028251,0.0016873,0.0083727
-0.001385,0.002904,0.0083188,-0.0013861,0.0029062,0.0082689
-0.002259,0.00263,0.0085628,-0.0022607,0.0026319,0.0085125
-0.003222,-0.001519,0.0148748,-0.003222,-0.001519,0.0148149
0.001626,-0.003121,0.0088568,0.0016271,-0.0031232,0.008806
0.001966,-0.002928,0.0088408,0.0019674,-0.00293,0.00879
0.00172,-0.001898,0.0100118,0.0017211,-0.0018992,0.0099584
0.002243,-0.002028,0.0099108,0.0022444,-0.0020293,0.0098579
0.002618,-0.002338,0.0102368,0.0026195,-0.0023393,0.0101835
0.002064,-0.001719,0.0099278,0.0020653,-0.0017201,0.0098747
0.002137,-0.00169,0.0103628,0.0021382,-0.001691,0.0103088
0.002116,-0.002229,0.0103478,0.0021172,-0.0022303,0.0102941
0.001692,-0.002088,0.0104608,0.0016929,-0.0020892,0.0104066
0.001768,-0.001604,0.0102018,0.0017691,-0.001605,0.0101479
0.001633,-0.001279,0.0104098,0.0016338,-0.0012796,0.010355
0.001691,-0.001722,0.0106408,0.0016919,-0.0017229,0.010586
0.001742,-0.002299,0.0100728,0.0017431,-0.0023004,0.0100195
0.001761,-0.002414,0.0103688,0.001762,-0.0024154,0.010315
0.000689,-0.001315,0.0092038,0.0006896,-0.0013162,0.009151
0.000323,-0.001758,0.0097258,0.0003232,-0.0017592,0.0096722
0.000324,-0.001365,0.0095478,0.0003242,-0.0013659,0.009494
0.000208,-0.001711,0.0100808,0.0002081,-0.0017119,0.0100262
0.000488,-0.002289,0.0094058,0.0004884,-0.0022907,0.0093534
0.000177,-0.001958,0.0099998,0.0001771,-0.0019592,0.0099458
0.000473,-0.002689,0.0100788,0.0004733,-0.0026907,0.0100254
0.000675,-0.003062,0.0108298,0.0006753,-0.0030635,0.0107752
0.000307,-0.002441,0.0103278,0.0003072,-0.0024424,0.0102737
0.001341,-0.000777,0.0095608,0.001342,-0.0007775,0.0095072
0.001075,-0.001324,0.0095708,0.0010758,-0.001325,0.0095175
0.001341,-0.001335,0.0099878,0.0013418,-0.0013358,0.0099338
0.000697,-0.00143,0.0096318,0.0006975,-0.001431,0.0095781
0.000982,-0.001484,0.0098288,0.0009826,-0.001485,0.009775
0.00142,-0.001049,0.0099138,0.0014209,-0.0010496,0.0098597
0.00141,-0.000487,0.0100578,0.0014106,-0.0004872,0.0100029
0.001273,-0.000863,0.0104958,0.0012734,-0.0008632,0.01044
0.001381,-0.001444,0.0102708,0.0013817,-0.0014448,0.0102162
0.001066,-0.001355,0.0103018,0.0010665,-0.0013556,0.0102467
0.001398,-0.001809,0.0103248,0.0013988,-0.00181,0.0102705
0.0015,-0.001377,0.0107128,0.0015006,-0.0013775,0.0106573
0.000912,-0.001171,0.0101458,0.0009124,-0.0011715,0.0100907
0.00072,-0.00103,0.0100058,0.0007203,-0.0010304,0.0099507
0.000912,-0.000804,0.0098858,0.0009124,-0.0008043,0.0098308
0.000933,-0.001471,0.0105298,0.0009333,-0.0014715,0.0104743
0.000536,-0.001005,0.0117998,0.000536,-0.0010051,0.0117423
0.000749,-0.0007,0.0117588,0.0007491,-0.0007001,0.0117013
0.00098,-0.000989,0.0117628,0.0009801,-0.0009891,0.0117053
0.001127,-0.000593,0.0117358,0.0011271,-0.0005931,0.0116783
0.001497,-0.000623,0.0116978,0.0014972,-0.0006231,0.0116404
0.001494,-0.000524,0.0121568,0.0014942,-0.0005241,0.012099
0.001122,-0.000182,0.0118108,0.0011221,-0.000182,0.0117532
0.001179,-0.000637,0.0120648,0.0011791,-0.0006371,0.012007
0.00115,-0.000949,0.0121078,0.0011501,-0.0009491,0.01205
0.001469,-0.00094,0.0121008,0.0014692,-0.0009401,0.0120431
0.000812,-0.000975,0.0120418,0.0008121,-0.0009751,0.011984
0.001077,-0.000888,0.0124938,0.0010771,-0.0008881,0.0124358
0.00085,-0.000416,0.0118018,0.0008501,-0.000416,0.0117442
0.000386,-0.00063,0.0117238,0.000386,-0.0006301,0.0116663
0.000705,-0.000139,0.0118078,0.0007051,-0.000139,0.0117502
0.000737,-0.000602,0.0121098,0.0007371,-0.0006021,0.012052
0.000325,-0.000507,0.0119998,0.000325,-0.000507,0.011942
0.000773,-0.000256,0.0120948,0.0007731,-0.000256,0.012037
0.000801,-0.000634,0.0124368,0.0008011,-0.0006341,0.0123788
0.000686,-0.000963,0.0124028,0.0006861,-0.0009631,0.0123449
0.001048,-0.001838,0.0099428,0.0010487,-0.0018392,0.0098892
0.000727,-0.001685,0.0099628,0.0007274,-0.001686,0.0099087
0.00151,-0.00254,0.0113548,0.0015106,-0.002541,0.0112992
0.001008,-0.00288,0.0109808,0.0010085,-0.0028814,0.0109259
0.001342,-0.002433,0.0110018,0.0013426,-0.0024341,0.0109467
0.00085,-0.002682,0.0108108,0.0008504,-0.0026833,0.0107561
0.000645,-0.002817,0.0110308,0.0006453,-0.0028183,0.0109757
0.001027,-0.002898,0.0113668,0.0010274,-0.0028992,0.0113113
0.001863,-0.002335,0.0113578,0.0018638,-0.002336,0.0113022
0.001151,-0.002357,0.0113438,0.0011514,-0.0023578,0.0112878
0.001562,-0.002103,0.0112438,0.0015626,-0.0021038,0.011188
0.001337,-0.00273,0.0117998,0.0013375,-0.0027309,0.0117434
0.001044,-0.002866,0.0117198,0.0010444,-0.002867,0.0116636
0.00125,-0.002818,0.0122208,0.0012503,-0.0028188,0.0121637
0.000866,-0.00267,0.0115748,0.0008663,-0.0026709,0.0115186
0.000735,-0.002398,0.0113778,0.0007352,-0.0023987,0.0113216
0.001004,-0.002892,0.0120118,0.0010043,-0.0028929,0.011955
0.002751,0.001796,0.0090158,0.0027529,0.0017973,0.0089645
0.001821,0.001571,0.0100728,0.0018221,0.001572,0.0100192
0.002141,0.00201,0.0099688,0.0021423,0.0020112,0.0099157
0.002137,0.001965,0.0102688,0.0021382,0.0019661,0.0102151
0.001479,0.001538,0.0102818,0.0014798,0.0015389,0.0102274
0.00209,0.002328,0.0102538,0.0020912,0.0023293,0.0102003
0.00215,0.001621,0.0107198,0.0021511,0.0016218,0.0106651
0.001611,0.001797,0.0101288,0.001612,0.0017981,0.0100751
0.001726,0.002143,0.0105798,0.0017269,0.0021442,0.0105254
0.001553,0.00152,0.0106538,0.0015537,0.0015207,0.0105986
0.002517,0.001556,0.0111248,0.0025181,0.0015567,0.0110696
0.002638,0.001879,0.0107618,0.0026393,0.00188,0.0107074
0.002456,0.001942,0.0109958,0.0024572,0.0019429,0.0109409
0.002516,0.002016,0.0113758,0.0025171,0.0020169,0.0113204
0.002597,0.001689,0.0109078,0.0025983,0.0016898,0.0108531
0.0025,0.001618,0.0114218,0.002501,0.0016187,0.0113661
0.002564,0.001619,0.0117778,0.0025649,0.0016196,0.0117214
0.001436,-0.00167,0.0135648,0.0014361,-0.0016701,0.0135058
0.001419,-0.00136,0.0135468,0.0014191,-0.0013601,0.0134879
0.001375,-0.001621,0.0138838,0.001375,-0.001621,0.0138244
0.00089,-0.00196,0.0137038,0.00089,-0.0019601,0.0136446
0.001063,-0.001384,0.0134678,0.0010631,-0.0013841,0.013409
0.001087,-0.0017,0.0138858,0.001087,-0.0017001,0.0138264
0.0013,-0.001262,0.0136718,0.0013001,-0.0012621,0.0136127
0.001544,-0.000929,0.0139508,0.001544,-0.000929,0.0138914
0.001494,-0.001359,0.0138148,0.001494,-0.0013591,0.0137555
0.001099,-0.001319,0.0138798,0.001099,-0.001319,0.0138205
0.000894,-0.00124,0.0136098,0.000894,-0.0012401,0.0135508
0.00073,-0.001327,0.0138878,0.00073,-0.001327,0.0138285
0.001,-0.002885,0.0125888,0.0010002,-0.0028856,0.0125311
0.000919,-0.002882,0.0131118,0.0009191,-0.0028823,0.0130533
0.001535,-0.002836,0.0128618,0.0015353,-0.0028365,0.0128038
0.001713,-0.00243,0.0130358,0.0017132,-0.0024303,0.0129774
0.001387,-0.002442,0.0127988,0.0013872,-0.0024423,0.0127407
0.000994,-0.002322,0.0128518,0.0009941,-0.0023223,0.0127936
0.00137,-0.00202,0.0128908,0.0013701,-0.0020202,0.0128325
0.001453,-0.002682,0.0132078,0.0014531,-0.0026823,0.0131492
0.00064,-0.002387,0.0127478,0.0006401,-0.0023873,0.0126897
0.001272,-0.003364,0.0146138,0.001272,-0.003364,0.0145539
0.001187,-0.003067,0.0144288,0.001187,-0.003067,0.014369
0.001383,-0.000977,0.0143018,0.001383,-0.000977,0.0142421
0.001092,-0.000953,0.0142648,0.001092,-0.000953,0.0142052
0.001417,-0.001019,0.0145898,0.001417,-0.001019,0.01453
0.001314,-0.001249,0.0146518,0.001314,-0.001249,0.014592
0.000895,-0.001174,0.0144318,0.000895,-0.001174,0.0143721
0.000729,-0.001003,0.0143018,0.000729,-0.001003,0.0142421
0.001077,-0.000604,0.0142928,0.001077,-0.000604,0.0142332
0.000909,-0.003039,0.0144378,0.000909,-0.003039,0.014378
0.002777,0.001801,0.0155408,0.002777,0.001801,0.0154808
0.000817,-0.003472,0.0088038,0.0008176,-0.0034744,0.0087531
0.000891,-0.003054,0.0087228,0.0008917,-0.0030563,0.0086721
0.001251,-0.003388,0.0091528,0.0012518,-0.0033903,0.0091014
0.001251,-0.003086,0.0091878,0.0012518,-0.0030881,0.0091363
-0.001854,0.002997,0.0087608,-0.0018553,0.0029991,0.0087101
-0.001458,0.002868,0.0087158,-0.0014591,0.0028701,0.0086651
-0.002289,0.002651,0.0092328,-0.0022905,0.0026528,0.0091813
-0.000711,0.001655,0.0092658,-0.0007116,0.0016564,0.0092133
-0.000887,0.001706,0.0099008,-0.0008876,0.0017071,0.009847
-0.001276,0.001935,0.0100028,-0.0012768,0.0019362,0.0099492
-0.001265,0.001542,0.0100658,-0.0012658,0.001543,0.0100117
-0.001889,0.001749,0.0101828,-0.0018901,0.0017501,0.0101291
-0.001616,0.001567,0.0104218,-0.0016169,0.0015678,0.0103673
-0.001722,0.002006,0.0100178,-0.0017231,0.0020073,0.0099645
-0.001606,0.002009,0.0104878,-0.0016069,0.0020101,0.0104335
-0.001215,0.001692,0.0103448,-0.0012157,0.0016929,0.0102902
-0.001632,0.001564,0.0107388,-0.0016327,0.0015647,0.0106836
-0.00211,0.001988,0.0103608,-0.0021112,0.0019891,0.010307
-0.002479,0.002034,0.0103708,-0.0024804,0.0020351,0.0103171
-0.00213,0.002084,0.0106728,-0.0021311,0.0020851,0.0106184
-0.002056,0.001597,0.0106678,-0.0020571,0.0015978,0.0106131
-0.001643,0.002428,0.0114198,-0.0016437,0.002429,0.011364
-0.001682,0.002747,0.0107288,-0.0016829,0.0027484,0.0106744
-0.001541,0.00272,0.0113988,-0.0015416,0.0027211,0.0113432
-0.001669,0.002384,0.0110868,-0.0016698,0.0023851,0.0110316
-0.001277,0.00224,0.0111878,-0.0012775,0.0022409,0.0111321
-0.002016,0.002388,0.0110778,-0.0020169,0.0023891,0.0110228
-0.001602,0.002729,0.0111008,-0.0016027,0.0027303,0.0110458
-0.002072,0.002296,0.0114218,-0.0020729,0.002297,0.0113662
-0.001838,0.002331,0.0117898,-0.0018386,0.0023318,0.0117333
-0.001194,-0.002195,0.0136738,-0.0011941,-0.0021951,0.0136146
-0.001104,-0.001893,0.0136038,-0.0011041,-0.0018931,0.0135447
-0.000835,-0.001783,0.0139148,-0.000835,-0.0017831,0.0138554
-0.001268,-0.001698,0.0138858,-0.001268,-0.0016981,0.0138264
-0.001189,-0.001469,0.0137358,-0.001189,-0.0014691,0.0136766
-0.001214,-0.001149,0.0134338,-0.0012141,-0.0011491,0.013375
-0.000659,-0.001422,0.0135318,-0.000659,-0.0014221,0.0134729
-0.000829,-0.001454,0.0138468,-0.000829,-0.001454,0.0137875
-0.000454,-0.001467,0.0138888,-0.000454,-0.001467,0.0138295
-0.001216,-0.000883,0.0138788,-0.001216,-0.000883,0.0138195
-0.001109,-0.000486,0.0138498,-0.001109,-0.000486,0.0137906
-0.001581,-0.001512,0.0138228,-0.0015811,-0.001512,0.0137635
-0.000741,-0.002864,0.0127838,-0.0007411,-0.0028644,0.0127257
-0.000913,-0.002478,0.0127988,-0.0009131,-0.0024783,0.0127406
-0.000479,-0.002533,0.0127698,-0.0004791,-0.0025333,0.0127117
-0.000948,-0.002157,0.0127008,-0.0009481,-0.0021573,0.0126427
-0.00053,-0.003075,0.0131738,-0.0005301,-0.0030753,0.0131152
-0.001368,-0.001893,0.0128338,-0.0013681,-0.0018932,0.0127756
-0.001282,-0.002441,0.0132168,-0.0012821,-0.0024412,0.0131581
-0.001563,-0.001738,0.0127478,-0.0015632,-0.0017382,0.0126897
-0.001622,-0.002125,0.0131528,-0.0016221,-0.0021252,0.0130942
-0.001281,-0.001649,0.0128908,-0.0012811,-0.0016492,0.0128326
-0.001455,-0.00179,0.0131198,-0.0014551,-0.0017901,0.0130613
-0.002343,-0.001724,0.0127728,-0.0023433,-0.0017242,0.0127148
-0.001815,-0.001517,0.0126658,-0.0018152,-0.0015172,0.0126077
-0.001833,-0.001709,0.0131028,-0.0018332,-0.0017091,0.0130443
-0.00248,-0.001792,0.0132218,-0.0024802,-0.0017922,0.0131631
-0.001864,-0.001339,0.0130818,-0.0018642,-0.0013391,0.0130233
-0.001807,-0.002289,0.0128588,-0.0018072,-0.0022893,0.0128006
-0.002331,-0.002202,0.0130928,-0.0023313,-0.0022023,0.0130344
-0.001912,-0.002638,0.0120938,-0.0019126,-0.0026388,0.0120371
-0.001336,-0.002845,0.0120618,-0.0013364,-0.0028459,0.0120051
-0.001574,-0.002515,0.0120698,-0.0015744,-0.0025157,0.0120128
-0.00124,-0.002436,0.0121538,-0.0012403,-0.0024365,0.0120965
-0.001979,-0.002398,0.0118378,-0.0019797,-0.0023988,0.0117814
-0.001405,-0.002119,0.0120308,-0.0014053,-0.0021194,0.0119734
-0.001609,-0.002343,0.0125558,-0.0016093,-0.0023434,0.012498
-0.002058,-0.002058,0.0119428,-0.0020586,-0.0020586,0.011886
-0.002559,-0.002526,0.0088348,-0.0025608,-0.0025278,0.008784
-0.002237,-0.002714,0.0087708,-0.0022386,-0.0027159,0.0087202
-0.001014,0.003201,0.0091728,-0.0010147,0.0032032,0.0091213
-0.001599,0.000269,0.0135888,-0.0015991,0.000269,0.0135298
-0.001611,-0.000325,0.0135338,-0.0016111,-0.000325,0.0134749
-0.001579,0.000105,0.0139458,-0.001579,0.000105,0.0138864
-0.001485,0.000459,0.0138148,-0.0014851,0.000459,0.0137556
-0.001246,0.000181,0.0139478,-0.001246,0.000181,0.0138884
-0.00149,-0.00026,0.0138998,-0.00149,-0.00026,0.0138405
-0.001767,-5.3e-05,0.0137018,-0.0017671,-5.3e-05,0.0136427
-0.001095,0.000241,0.0136078,-0.0010951,0.000241,0.0135489
-0.000672,0.000168,0.0135908,-0.000672,0.000168,0.0135319
-0.000394,0.000111,0.0138338,-0.000394,0.000111,0.0137746
-0.001088,-0.000104,0.0137978,-0.001088,-0.000104,0.0137386
-0.000954,3.4e-05,0.0141698,-0.000954,3.4e-05,0.0141103
-0.001223,0.000601,0.0139538,-0.001223,0.000601,0.0138944
-0.001224,0.000962,0.0139478,-0.001224,0.000962,0.0138884
-0.001257,-0.00031,0.0134968,-0.0012571,-0.00031,0.013438
-0.001352,3.5e-05,0.0142528,-0.001352,3.5e-05,0.0141932
-0.002684,2.3e-05,0.0128328,-0.0026843,2.3e-05,0.0127746
-0.002129,-7.2e-05,0.0127778,-0.0021292,-7.2e-05,0.0127197
-0.002322,0.000106,0.0129758,-0.0023222,0.000106,0.0129175
-0.002132,0.000855,0.0126498,-0.0021323,0.0008551,0.0125917
-0.002354,0.00084,0.0128228,-0.0023543,0.0008401,0.0127646
-0.002337,-0.000274,0.0131518,-0.0023372,-0.000274,0.0130933
-0.002756,0.001006,0.0126928,-0.0027564,0.0010062,0.0126349
-0.002746,0.00094,0.0131968,-0.0027462,0.0009401,0.0131382
-0.002541,0.000184,0.0131768,-0.0025412,0.000184,0.0131182
-0.002642,-0.000259,0.0130358,-0.0026423,-0.000259,0.0129774
-0.00337,0.00027,0.0121078,-0.0033711,0.0002701,0.0120512
-0.002883,-4.1e-05,0.0121638,-0.0028837,-4.1e-05,0.0121066
-0.003034,0.000221,0.0120528,-0.0030349,0.0002211,0.0119959
-0.003009,0.00059,0.0120008,-0.0030099,0.0005902,0.011944
-0.002668,0.000415,0.0121028,-0.0026686,0.0004151,0.0120455
-0.003171,0.000385,0.0124718,-0.0031718,0.0003851,0.0124144
-0.002756,-0.000124,0.0125178,-0.0027564,-0.000124,0.01246
-0.003136,-0.000195,0.0125008,-0.0031367,-0.000195,0.0124433
-0.003281,-9.1e-05,0.0122148,-0.003282,-9.1e-05,0.012158
-0.003079,-0.000361,0.0120328,-0.0030799,-0.0003611,0.0119761
0.001313,0.002827,0.0087308,0.001314,0.0028291,0.00868
-0.000646,-0.003446,0.0087838,-0.0006465,-0.0034484,0.0087331
0.001541,0.002841,0.0145868,0.001541,0.002841,0.0145269
0.001963,0.002881,0.0145968,0.001963,0.002881,0.0145369
-0.000426,0.001402,0.0142988,-0.000426,0.001402,0.0142391
-0.000485,0.001687,0.0144218,-0.000485,0.001687,0.0143621
1.7e-05,0.001514,0.0143378,1.7e-05,0.001514,0.0142781
-0.000127,0.00193,0.0143298,-0.000127,0.00193,0.0142701
-0.000366,0.001942,0.0144628,-0.000366,0.001942,0.014403
-0.000473,0.002368,0.0135318,-0.000473,0.0023681,0.0134728
7e-05,0.002262,0.0134858,7e-05,0.0022621,0.0134269
-0.000191,0.002284,0.0136478,-0.000191,0.0022841,0.0135887
-6.5e-05,0.002626,0.0135508,-6.5e-05,0.0026261,0.0134917
-0.000563,0.002635,0.0139348,-0.000563,0.0026351,0.0138753
-0.000416,0.002899,0.0128268,-0.0004161,0.0028994,0.0127687
-0.000419,0.002855,0.0131898,-0.000419,0.0028553,0.0131312
0.003106,0.000728,0.0087138,0.0031083,0.0007285,0.0086631
0.003443,0.00067,0.0087568,0.0034454,0.0006705,0.0087062
0.000675,0.001599,0.0100198,0.0006754,0.0015999,0.0099654
0.000442,0.00174,0.0095298,0.0004423,0.0017413,0.0094767
0.000353,0.001542,0.0099918,0.0003532,0.0015428,0.0099372
0.000375,0.002421,0.0099878,0.0003752,0.0024225,0.0099344
0.000367,0.002562,0.0103218,0.0003672,0.0025635,0.0102678
0.000385,0.002747,0.0105998,0.0003852,0.0027485,0.0105454
0.00048,0.002323,0.0101908,0.0004803,0.0023244,0.0101369
0.000696,0.003028,0.0114118,0.0006963,0.0030293,0.0113562
0.000608,0.003059,0.0110258,0.0006083,0.0030605,0.0109709
0.000272,0.003034,0.0114508,0.0002721,0.0030352,0.0113951
0.000215,0.003084,0.0118478,0.0002151,0.003085,0.0117914
-0.002641,0.002312,0.0083948,-0.0026429,0.0023137,0.0083448
-0.002317,0.002256,0.0083428,-0.0023188,0.0022577,0.0082928
-0.002681,0.002322,0.0080368,-0.0026831,0.0023238,0.0079875
-0.002302,0.002231,0.0080148,-0.0023038,0.0022328,0.0079655
-0.003339,0.001223,0.0087768,-0.0033413,0.0012239,0.0087261
0.000378,-0.001919,0.0135538,0.000378,-0.0019191,0.0134948
3.5e-05,-0.001697,0.0134778,3.5e-05,-0.0016971,0.013419
0.000824,-0.001633,0.0140048,0.000824,-0.001633,0.0139454
0.000198,-0.00179,0.0139068,0.000198,-0.00179,0.0138474
0.000378,-0.00221,0.0136108,0.000378,-0.0022101,0.0135517
-8.1e-05,-0.002101,0.0139258,-8.1e-05,-0.0021011,0.0138664
0.000314,-0.002872,0.0127688,0.000314,-0.0028724,0.0127107
0.000732,-0.002728,0.0128108,0.0007321,-0.0027284,0.0127527
0.000393,-0.002515,0.0128808,0.000393,-0.0025153,0.0128225
0.000792,-0.002118,0.0129708,0.0007921,-0.0021182,0.0129125
0.000218,-0.002997,0.0131878,0.000218,-0.0029973,0.0131292
-3.8e-05,-0.002564,0.0127128,-3.8e-05,-0.0025643,0.0126547
7.7e-05,-0.002068,0.0126608,7.7e-05,-0.0020682,0.0126027
0.000343,-0.002429,0.0131708,0.000343,-0.0024292,0.0131122
-2.9e-05,-0.002442,0.0132598,-2.9e-05,-0.0024422,0.0132011
-0.000178,-0.002859,0.0132438,-0.000178,-0.0028592,0.0131851
-0.003327,-0.001154,0.0148108,-0.003327,-0.001154,0.0147509
-0.003262,7e-06,0.0090308,-0.0032643,7e-06,0.0089795
-0.001867,0.000246,0.0093698,-0.0018685,0.0002462,0.0093171
-0.001596,0.00023,0.0093238,-0.0015973,0.0002302,0.0092709
-0.001536,7.5e-05,0.0096608,-0.001537,7.51e-05,0.009607
-0.001196,0.000347,0.0093308,-0.0011969,0.0003472,0.0092773
-0.001422,0.000489,0.0095838,-0.001423,0.0004893,0.0095301
-0.001078,9.7e-05,0.0097358,-0.0010785,9.7e-05,0.009681
-0.001586,0.000262,0.0100678,-0.0015868,0.0002621,0.0100131
-0.001773,-6.3e-05,0.0094328,-0.0017744,-6.3e-05,0.0093799
-0.002288,0.000227,0.0100428,-0.0022895,0.0002271,0.0099891
-0.002242,2e-06,0.0102698,-0.0022433,2e-06,0.0102156
-0.002001,0.000206,0.0103768,-0.002002,0.0002061,0.010322
-0.002785,0.000457,0.0107128,-0.0027864,0.0004572,0.0106582
-0.002653,0.000199,0.0107878,-0.0026543,0.0001991,0.010733
-0.003274,0.000118,0.0105808,-0.0032757,0.0001181,0.0105267
-0.003055,0.000273,0.0106518,-0.0030566,0.0002731,0.0105975
-0.002856,1.2e-05,0.0113208,-0.0028572,1.2e-05,0.0112652
-0.003089,0.000897,0.0107348,-0.0030906,0.0008975,0.0106804
-0.003047,0.000474,0.0112428,-0.0030484,0.0004742,0.0111875
-0.002961,1.3e-05,0.0109468,-0.0029624,1.3e-05,0.0108919
-0.002675,7.5e-05,0.0110308,-0.0026762,7.5e-05,0.0109755
-0.003234,-8.1e-05,0.0107928,-0.0032356,-8.1e-05,0.0107383
-0.001436,-0.003209,0.0144478,-0.001436,-0.003209,0.014388
-0.001105,-0.003358,0.0144868,-0.001105,-0.003358,0.014427
-0.000556,-0.000855,0.0143018,-0.000556,-0.000855,0.0142422
-0.001025,-0.000713,0.0142348,-0.001025,-0.000713,0.0141752
-0.000785,-0.001355,0.0146028,-0.000785,-0.001355,0.014543
-0.001266,-0.000875,0.0145518,-0.001266,-0.000875,0.014492
-0.002919,0.001104,0.0147818,-0.002919,0.001104,0.0147219
-0.003296,0.000674,0.0147998,-0.003296,0.000674,0.0147399
-0.002878,0.000704,0.0149278,-0.002878,0.000704,0.0148679
0.002607,-0.001414,0.0127298,0.0026074,-0.0014142,0.0126718
0.002927,-0.001372,0.0127958,0.0029275,-0.0013722,0.0127379
0.002812,-0.001054,0.0128268,0.0028124,-0.0010542,0.0127687
0.002499,-0.001006,0.0127908,0.0024993,-0.0010061,0.0127326
0.002943,-0.0006,0.0129238,0.0029434,-0.0006001,0.0128656
0.00294,-0.001367,0.0131878,0.0029403,-0.0013672,0.0131292
0.002549,-0.001426,0.0131148,0.0025493,-0.0014261,0.0130563
0.002515,-0.000655,0.0127618,0.0025153,-0.0006551,0.0127037
0.002538,-0.001759,0.0132258,0.0025382,-0.0017592,0.0131671
0.002506,-0.001469,0.0121468,0.0025066,-0.0014694,0.0120896
0.002808,-0.001335,0.0121128,0.0028088,-0.0013354,0.0120559
0.00297,-0.000633,0.0120678,0.0029709,-0.0006332,0.0120109
0.002843,-0.000849,0.0123418,0.0028436,-0.0008492,0.0122844
0.002892,-0.001413,0.0124068,0.0028927,-0.0014134,0.0123495
0.002531,-0.001347,0.0123998,0.0025315,-0.0013473,0.0123422
0.002438,-0.000676,0.0123648,0.0024384,-0.0006761,0.012307
0.002418,-0.001685,0.0124088,0.0024185,-0.0016853,0.0123513
0.00308,-0.001637,0.0146208,0.00308,-0.001637,0.0145609
0.003317,-0.001503,0.0144968,0.003317,-0.001503,0.014437
0.003358,-0.001104,0.0145298,0.003358,-0.001104,0.0144699
0.002812,0.000447,0.0144708,0.002812,0.000447,0.014411
0.002658,0.00029,0.0147758,0.002658,0.00029,0.0147159
0.001051,-0.000183,0.0142598,0.001051,-0.000183,0.0142002
0.001012,0.000211,0.0141798,0.001012,0.000211,0.0141203
0.001309,0.000194,0.0142918,0.001309,0.000194,0.0142322
0.001278,0.000525,0.0141498,0.001278,0.000525,0.0140903
0.001074,0.000755,0.0142308,0.001074,0.000755,0.0141712
0.001343,0.000937,0.0143208,0.001343,0.000937,0.0142611
0.00138,0.000515,0.0144928,0.00138,0.000515,0.014433
0.001396,8.8e-05,0.0145338,0.001396,8.8e-05,0.014474
0.00107,-2.9e-05,0.0146898,0.00107,-2.9e-05,0.0146299
0.001024,0.000402,0.0143558,0.001024,0.000402,0.0142961
0.000738,0.000511,0.0142698,0.000738,0.000511,0.0142102
0.001006,0.000119,0.0144268,0.001006,0.000119,0.0143671
0.000736,-4.1e-05,0.0145698,0.000736,-4.1e-05,0.01451
0.001347,0.000216,0.0136078,0.0013471,0.000216,0.0135488
0.001647,0.000102,0.0135238,0.0016471,0.000102,0.0134649
0.001496,-0.000178,0.0134848,0.0014961,-0.000178,0.013426
0.001282,0.000492,0.0138118,0.001282,0.000492,0.0137526
0.001312,0.000186,0.0139998,0.001312,0.000186,0.0139404
0.001035,9.2e-05,0.0138408,0.001035,9.2e-05,0.0137816
0.001428,-1.9e-05,0.0137938,0.0014281,-1.9e-05,0.0137346
0.001021,-0.000334,0.0134998,0.0010211,-0.000334,0.013441
0.000691,8.9e-05,0.0138178,0.000691,8.9e-05,0.0137586
0.001211,-0.000232,0.0139468,0.001211,-0.000232,0.0138875
0.000665,0.000459,0.0117248,0.0006651,0.000459,0.0116673
0.000857,0.000692,0.0117748,0.0008571,0.0006921,0.0117173
0.001046,0.000945,0.0117388,0.0010461,0.0009451,0.0116814
0.001452,0.000827,0.0117998,0.0014522,0.0008271,0.0117423
0.000669,0.00089,0.0117458,0.0006691,0.0008901,0.0116883
0.001074,0.001343,0.0117318,0.0010741,0.0013432,0.0116744
0.001158,0.000796,0.0120858,0.0011581,0.0007961,0.012028
0.00118,0.000398,0.0121538,0.0011801,0.000398,0.012096
0.001438,0.000568,0.0121788,0.0014382,0.0005681,0.012121
0.001044,8.5e-05,0.0120938,0.0010441,8.5e-05,0.012036
0.00116,0.000552,0.0124068,0.0011601,0.0005521,0.0123489
0.00031,0.000859,0.0117458,0.00031,0.0008591,0.0116883
0.000797,0.001199,0.0116868,0.0007971,0.0011991,0.0116294
0.000786,0.000865,0.0120718,0.0007861,0.0008651,0.012014
0.000399,0.00093,0.0120838,0.000399,0.0009301,0.012026
0.000733,0.001282,0.0120558,0.0007331,0.0012822,0.011998
0.000523,0.000859,0.0126158,0.0005231,0.0008591,0.0125578
0.000697,0.000111,0.0121448,0.0006971,0.000111,0.012087
0.000651,0.000448,0.0125648,0.0006511,0.0004481,0.0125068
0.002513,-3.8e-05,0.0126578,0.0025133,-3.8e-05,0.0125998
0.002796,9.4e-05,0.0126858,0.0027964,9.4e-05,0.0126278
0.00295,0.000539,0.0127528,0.0029505,0.0005391,0.0126948
0.002884,0.000884,0.0128278,0.0028844,0.0008841,0.0127697
0.002879,-1.3e-05,0.0130138,0.0028793,-1.3e-05,0.0129554
0.002957,-0.000316,0.0131698,0.0029573,-0.000316,0.0131112
0.00248,0.000841,0.0126728,0.0024803,0.0008411,0.0126148
0.002608,0.000122,0.0129428,0.0026083,0.000122,0.0128845
0.002529,0.000153,0.0122078,0.0025294,0.000153,0.0121502
0.002809,0.000129,0.0121098,0.0028097,0.000129,0.0120526
0.002949,0.000777,0.0121208,0.0029498,0.0007772,0.0120638
0.002971,0.000407,0.0123788,0.0029717,0.0004071,0.0123213
0.002379,-3.1e-05,0.0123908,0.0023793,-3.1e-05,0.012333
0.002579,-9e-05,0.0120948,0.0025795,-9e-05,0.0120374
0.00253,-0.000315,0.0123188,0.0025304,-0.0003151,0.0122611
0.001352,0.001297,0.0142488,0.001352,0.001297,0.0141892
0.001094,0.001166,0.0143448,0.001094,0.001166,0.0142851
0.001267,0.001178,0.0145738,0.001267,0.001178,0.014514
0.000837,0.000873,0.0143308,0.000837,0.000873,0.0142711
0.000765,0.001194,0.0143258,0.000765,0.001194,0.0142661
0.001637,0.001181,0.0137948,0.0016371,0.001181,0.0137356
0.001824,0.00074,0.0138768,0.0018241,0.00074,0.0138175
0.001851,0.000553,0.0134748,0.0018511,0.000553,0.0134159
0.001654,0.000338,0.0137888,0.0016541,0.000338,0.0137296
0.003028,0.001167,0.0127788,0.0030286,0.0011672,0.0127209
0.002457,0.001222,0.0127528,0.0024573,0.0012222,0.0126947
0.002857,0.001386,0.0133238,0.0028573,0.0013861,0.013265
0.002751,0.001162,0.0128588,0.0027514,0.0011622,0.0128007
0.002509,0.001618,0.0128338,0.0025094,0.0016182,0.0127757
0.002576,0.001589,0.0132328,0.0025762,0.0015891,0.0131741
0.002663,0.000682,0.0128948,0.0026633,0.0006821,0.0128365
0.001192,0.00164,0.0137148,0.001192,0.0016401,0.0136556
0.001458,0.001573,0.0135938,0.0014581,0.0015731,0.0135348
0.001312,0.001849,0.0139958,0.001312,0.001849,0.0139363
0.001311,0.001411,0.0139528,0.001311,0.001411,0.0138934
0.001023,0.001551,0.0139778,0.001023,0.001551,0.0139184
0.000901,0.001706,0.0137248,0.000901,0.0017061,0.0136656
0.000642,0.001558,0.0139508,0.000642,0.001558,0.0138914
0.001021,0.002168,0.0128148,0.0010211,0.0021682,0.0127566
0.001008,0.002491,0.0129698,0.0010081,0.0024913,0.0129115
0.001357,0.002175,0.0128778,0.0013571,0.0021752,0.0128195
0.001366,0.002597,0.0129378,0.0013662,0.0025973,0.0128795
0.000894,0.002596,0.0126158,0.0008941,0.0025964,0.0125579
0.000681,0.0027,0.0128208,0.0006811,0.0027004,0.0127626
0.000933,0.002437,0.0122308,0.0009332,0.0024374,0.0121732
0.001567,0.002167,0.0120038,0.0015674,0.0021675,0.0119466
0.001288,0.00228,0.0121788,0.0012882,0.0022804,0.0121213
0.001692,0.002381,0.0123118,0.0016924,0.0023815,0.0122544
0.00153,0.002671,0.0119378,0.0015305,0.0026719,0.0118812
0.001138,0.002666,0.0120498,0.0011383,0.0026667,0.0119928
0.001406,0.002254,0.0125378,0.0014062,0.0022543,0.0124799
0.001054,0.002273,0.0124748,0.0010541,0.0022733,0.0124169
0.001132,0.002681,0.0124388,0.0011322,0.0026815,0.0123812
0.001222,0.002849,0.0144908,0.001222,0.002849,0.014431
0.001196,0.002414,0.0149218,0.001196,0.002414,0.0148619
-0.003132,-0.001492,0.0145388,-0.003132,-0.001492,0.0144789
-0.002793,-0.00146,0.0128038,-0.0027935,-0.0014602,0.0127458
-0.00211,-0.001473,0.0127608,-0.0021103,-0.0014732,0.0127027
-0.002367,-0.001297,0.0129338,-0.0023673,-0.0012971,0.0128755
-0.002256,-0.000944,0.0128898,-0.0022562,-0.0009441,0.0128315
-0.001919,-0.001155,0.0127758,-0.0019192,-0.0011551,0.0127176
-0.002812,-0.000669,0.0127998,-0.0028124,-0.0006691,0.0127417
-0.002065,-0.000689,0.0127688,-0.0020652,-0.0006891,0.0127107
-0.002222,-0.001456,0.0131958,-0.0022222,-0.0014561,0.0131372
-0.002616,-0.001016,0.0128678,-0.0026163,-0.0010161,0.0128096
-0.002973,-0.001736,0.0132748,-0.0029733,-0.0017362,0.0132162
-0.002713,-0.001422,0.0120628,-0.0027138,-0.0014224,0.012006
-0.001857,-0.001533,0.0119668,-0.0018573,-0.0015333,0.0119094
-0.002234,-0.001764,0.0120488,-0.0022346,-0.0017644,0.0119917
-0.0024,-0.001411,0.0125588,-0.0024004,-0.0014112,0.012501
-0.001976,-0.001446,0.0123188,-0.0019763,-0.0014462,0.012261
-0.002473,-0.001682,0.0123208,-0.0024736,-0.0016824,0.0122634
-0.002629,-0.000963,0.0121768,-0.0026296,-0.0009632,0.0121195
-0.002731,-0.000918,0.0125108,-0.0027315,-0.0009182,0.0124531
-0.002623,-0.00058,0.0124048,-0.0026234,-0.0005801,0.0123471
0.002841,-0.001521,0.0087188,0.0028431,-0.0015221,0.0086681
0.002873,-0.002102,0.0091358,0.0028749,-0.0021034,0.0090844
0.002848,-0.001574,0.0091048,0.00285,-0.0015751,0.0090534
0.002884,-0.001037,0.0113498,0.0028852,-0.0010374,0.0112943
0.002834,-0.001393,0.0110428,0.0028353,-0.0013937,0.0109879
0.002557,-0.001415,0.0111408,0.0025581,-0.0014156,0.0110855
0.003001,-0.001029,0.0110238,0.0030024,-0.0010295,0.0109689
0.002647,-0.001314,0.0109298,0.0026483,-0.0013146,0.0108749
0.002545,-0.000663,0.0111048,0.0025461,-0.0006633,0.0110493
0.002518,-0.000945,0.0113838,0.0025189,-0.0009453,0.0113278
0.002567,-0.00137,0.0114248,0.002568,-0.0013705,0.011369
0.002537,-0.001775,0.0113628,0.0025381,-0.0017758,0.0113073
0.002499,-0.001367,0.0118358,0.0024997,-0.0013674,0.0117791
-0.001927,0.000865,0.0137188,-0.0019271,0.000865,0.0136596
-0.001654,0.000888,0.0136568,-0.0016541,0.000888,0.0135977
-0.00157,0.00081,0.0140098,-0.00157,0.00081,0.0139504
-0.001509,0.001133,0.0137258,-0.0015091,0.001133,0.0136666
-0.001322,0.001264,0.0133528,-0.0013221,0.0012641,0.0132941
-0.001651,0.001195,0.0140118,-0.001651,0.001195,0.0139523
-0.001573,0.001478,0.0139718,-0.001573,0.001478,0.0139123
-0.001856,0.001102,0.0136278,-0.0018561,0.0011021,0.0135687
-0.002075,0.001541,0.0135788,-0.0020751,0.0015411,0.0135197
-0.001939,0.00121,0.0139638,-0.0019391,0.00121,0.0139044
-0.001781,0.000654,0.0138118,-0.0017811,0.000654,0.0137525
-0.002337,0.001582,0.0128128,-0.0023373,0.0015822,0.0127547
-0.002309,0.001223,0.0126868,-0.0023093,0.0012232,0.0126287
-0.001965,0.001215,0.0125528,-0.0019652,0.0012152,0.0124948
-0.002927,0.001386,0.0127388,-0.0029276,0.0013863,0.012681
-0.002619,0.001381,0.0127968,-0.0026194,0.0013812,0.0127387
-0.002776,0.00166,0.0128688,-0.0027765,0.0016603,0.0128108
-0.002737,0.001627,0.0131818,-0.0027373,0.0016272,0.0131232
-0.002523,0.000686,0.0130558,-0.0025232,0.0006861,0.0129974
-0.003108,0.000915,0.0131668,-0.0031084,0.0009151,0.0131083
0.001626,-0.003137,0.0152418,0.001626,-0.003137,0.0151818
0.002004,-0.002901,0.0152108,0.002004,-0.002901,0.0151508
0.000215,0.000898,0.0083938,0.0002153,0.0008993,0.0083424
7e-06,0.001247,0.0084198,7e-06,0.0012485,0.0083687
-0.000211,0.001143,0.0088738,-0.0002112,0.0011442,0.0088214
0.000178,0.000864,0.0091368,0.0001782,0.0008647,0.0090831
-0.00043,0.001097,0.0092188,-0.0004304,0.0010979,0.0091654
-0.000323,0.000724,0.0086648,-0.0003234,0.0007249,0.0086123
0.003056,-0.000481,0.0152748,0.003056,-0.000481,0.0152148
0.00281,0.001466,0.0087008,0.0028121,0.0014671,0.0086502
0.001882,-0.002658,0.0148738,0.001882,-0.002658,0.0148139
0.002259,-0.002638,0.0148468,0.002259,-0.002638,0.0147869
-0.001068,0.003358,0.0145228,-0.001068,0.003358,0.0144629
-0.000667,0.003256,0.0145128,-0.000667,0.003256,0.0144529
-0.0013,0.00162,0.0134918,-0.0013001,0.0016201,0.0134329
-0.000903,0.001505,0.0138678,-0.000903,0.001505,0.0138085
-0.00046,0.00154,0.0138338,-0.00046,0.0015401,0.0137745
-0.001276,0.001507,0.0137648,-0.001276,0.0015071,0.0137056
-0.001926,0.002001,0.0139798,-0.001926,0.002001,0.0139203
-0.001232,0.00214,0.0127888,-0.0012321,0.0021403,0.0127306
-0.00093,0.002151,0.0128418,-0.0009301,0.0021512,0.0127836
-0.00075,0.002296,0.0130218,-0.0007501,0.0022962,0.0129634
-0.000906,0.002592,0.0128658,-0.0009061,0.0025923,0.0128076
-0.001252,0.002672,0.0128258,-0.0012522,0.0026724,0.0127677
-0.00083,0.002704,0.0132128,-0.0008301,0.0027042,0.0131542
-0.001681,0.002729,0.0131898,-0.0016812,0.0027293,0.0131312
-0.001409,0.002093,0.0131358,-0.0014091,0.0020932,0.0130773
-0.001125,0.002212,0.0131658,-0.0011251,0.0022122,0.0131072
-0.001735,0.002255,0.0132918,-0.0017351,0.0022552,0.013233
-0.001279,0.002242,0.0120228,-0.0012793,0.0022424,0.0119654
-0.001343,0.002671,0.0120518,-0.0013434,0.0026718,0.0119949
-0.001111,0.002555,0.0121188,-0.0011113,0.0025556,0.0120615
-0.000494,0.002762,0.0121248,-0.0004941,0.0027626,0.0120676
-0.000893,0.003019,0.0120768,-0.0008933,0.0030199,0.01202
-0.001233,0.002651,0.0124358,-0.0012332,0.0026515,0.0123782
-0.001293,0.002255,0.0125048,-0.0012932,0.0022553,0.0124469
-0.001098,0.00233,0.0122998,-0.0010982,0.0023304,0.0122421
-0.000453,0.002202,0.0124038,-0.0004531,0.0022023,0.0123459
-0.001565,0.002226,0.0124388,-0.0015653,0.0022264,0.0123811
0.00092,0.002826,0.0087188,0.0009207,0.0028282,0.008668
0.00085,0.003164,0.0087088,0.0008506,0.0031663,0.0086582
0.000828,0.00317,0.0090398,0.0008286,0.0031722,0.0089885
0.003057,0.00105,0.0144238,0.003057,0.00105,0.014364
0.003321,0.001208,0.0145258,0.003321,0.001208,0.0144659
0.000105,-0.003368,0.0083918,0.0001051,-0.0033705,0.0083418
0.000434,-0.003362,0.0084028,0.0004343,-0.0033645,0.0083528
0.000531,-0.003089,0.0085328,0.0005314,-0.0030913,0.0084824
0.000599,-0.001301,0.0085498,0.0005997,-0.0013024,0.0084986
0.000361,-0.000575,0.0085188,0.0003615,-0.0005758,0.0084665
8.2e-05,0.003252,0.0147628,8.2e-05,0.003252,0.0147029
0.000437,0.003419,0.0147688,0.000437,0.003419,0.0147089
0.002781,-0.002043,0.0144688,0.002781,-0.002043,0.014409
0.002768,-0.001641,0.0144828,0.002768,-0.001641,0.014423
0.001998,0.002603,0.0137478,0.0019981,0.0026031,0.0136885
0.001764,0.00263,0.0139218,0.0017641,0.0026301,0.0138623
0.001774,0.001498,0.0128948,0.0017742,0.0014982,0.0128365
0.002159,0.001552,0.0128988,0.0021592,0.0015522,0.0128405
0.002351,0.001741,0.0130658,0.0023512,0.0017412,0.0130073
0.002253,0.001888,0.0127568,0.0022533,0.0018883,0.0126988
0.002462,0.002084,0.0129358,0.0024624,0.0020843,0.0128776
0.002217,0.001965,0.0132268,0.0022172,0.0019652,0.0131681
0.001782,0.001675,0.0132038,0.0017821,0.0016751,0.0131452
0.002576,0.001948,0.0132558,0.0025763,0.0019482,0.0131971
-0.002607,0.001814,0.0083478,-0.002609,0.0018154,0.0082978
-0.002482,0.002019,0.0085708,-0.0024839,0.0020205,0.0085204
-0.001376,0.002918,0.0148288,-0.001376,0.002918,0.0147689
0.002668,-0.002362,0.0146358,0.002668,-0.002362,0.0145759
0.001639,-0.002163,0.0127738,0.0016392,-0.0021633,0.0127157
0.002224,-0.001972,0.0129968,0.0022243,-0.0019722,0.0129384
0.002644,-0.001831,0.0128008,0.0026445,-0.0018313,0.0127429
0.002462,-0.002161,0.0131178,0.0024623,-0.0021613,0.0130594
0.00208,-0.001735,0.0128658,0.0020802,-0.0017352,0.0128076
0.001772,-0.001796,0.0128958,0.0017722,-0.0017962,0.0128375
0.001964,-0.001396,0.0126968,0.0019642,-0.0013962,0.0126387
0.00205,-0.001747,0.0132438,0.0020502,-0.0017471,0.0131851
0.001752,-0.002047,0.0131728,0.0017521,-0.0020472,0.0131142
0.001556,-0.001356,0.0128578,0.0015562,-0.0013561,0.0127996
0.001656,-0.001586,0.0132478,0.0016561,-0.0015861,0.0131892
0.001465,-0.001287,0.0132598,0.0014651,-0.0012871,0.0132012
-0.001515,0.002847,0.0144498,-0.001515,0.002847,0.01439
-0.001183,0.00289,0.0145068,-0.001183,0.00289,0.014447
-0.001268,0.000884,0.0142448,-0.001268,0.000884,0.0141852
-0.000993,0.000767,0.0142468,-0.000993,0.000767,0.0141872
-0.000771,0.000981,0.0143228,-0.000771,0.000981,0.0142631
-0.000921,0.001292,0.0144118,-0.000921,0.001292,0.0143521
-0.001275,0.001167,0.0144378,-0.001275,0.001167,0.014378
-0.001226,0.001282,0.0147418,-0.001226,0.001282,0.0146819
-0.001207,0.000428,0.0147228,-0.001207,0.000428,0.0146629
-0.002018,0.002474,0.0128428,-0.0020183,0.0024744,0.0127848
-0.001566,0.002621,0.0127998,-0.0015663,0.0026214,0.0127418
-0.002161,0.002264,0.0131018,-0.0021613,0.0022643,0.0130433
-0.001758,0.002546,0.0129828,-0.0017582,0.0025463,0.0129245
-0.001886,0.002249,0.0130298,-0.0018862,0.0022492,0.0129714
-0.003242,-0.001563,0.0141678,-0.0032421,-0.001563,0.0141081
-0.002836,0.001001,0.0144518,-0.002836,0.001001,0.014392
-0.003231,0.000656,0.0144778,-0.003231,0.000656,0.014418
-0.002969,0.000625,0.0144808,-0.002969,0.000625,0.014421
-0.003554,0.000709,0.0141148,-0.0035541,0.000709,0.0140552
-0.003276,0.000709,0.0141308,-0.0032761,0.000709,0.0140711
-0.002213,-0.002739,0.0140538,-0.0022131,-0.0027391,0.0139942
-0.001365,-0.003293,0.0087308,-0.001366,-0.0032953,0.0086802
0.00236,0.002182,0.0086648,0.0023618,0.0021836,0.0086142
0.00274,0.002216,0.0088448,0.0027419,0.0022176,0.008794
0.002392,0.002074,0.0145218,0.002392,0.002074,0.0144619
0.002749,0.002158,0.0146178,0.002749,0.002158,0.0145579
-0.003281,0.001157,0.0140868,-0.0032811,0.001157,0.0140272
-0.00288,0.001019,0.0140908,-0.0028801,0.001019,0.0140312
-0.003353,-0.001242,0.0080478,-0.0033556,-0.0012429,0.0079985
-0.002938,-0.001179,0.0079768,-0.0029404,-0.00118,0.0079276
-0.003383,-0.001066,0.0083498,-0.0033855,-0.0010668,0.0082999
-0.002993,-0.001144,0.0083588,-0.0029953,-0.0011449,0.0083088
-0.001335,9.8e-05,0.0099478,-0.0013356,9.81e-05,0.0098929
-0.001531,0.000566,0.0099088,-0.0015319,0.0005663,0.0098545
-0.001599,-0.000152,0.0099858,-0.0015998,-0.0001521,0.0099313
-0.001143,0.000561,0.0097828,-0.0011436,0.0005613,0.0097282
-0.001242,0.000188,0.0103638,-0.0012423,0.000188,0.010308
-0.001422,6.2e-05,0.0107678,-0.0014223,6.2e-05,0.0107116
-0.001867,-1.3e-05,0.0101528,-0.001868,-1.3e-05,0.0100983
-0.000768,0.000197,0.0099948,-0.0007682,0.000197,0.0099392
-0.000853,0.000538,0.0099978,-0.0008532,0.0005382,0.0099424
-0.000881,6.3e-05,0.0103758,-0.0008811,6.3e-05,0.0103197
-0.000489,0.00013,0.0102848,-0.0004891,0.00013,0.0102287
-0.000842,-0.000243,0.0104668,-0.0008421,-0.000243,0.0104106
-0.0013,0.000798,0.0100448,-0.0013006,0.0007984,0.00999
-0.001334,0.000556,0.0103108,-0.0013345,0.0005562,0.0102553
-0.001207,0.00092,0.0103108,-0.0012074,0.0009203,0.0102554
-0.001188,0.000547,0.0106008,-0.0011882,0.0005471,0.0105447
-0.001088,-2.7e-05,0.0101138,-0.0010883,-2.7e-05,0.0100583
-0.001178,-0.000324,0.0099368,-0.0011785,-0.0003241,0.0098818
-0.000812,-0.000206,0.0099558,-0.0008122,-0.0002061,0.0099003
-0.001198,-0.000198,0.0104708,-0.0011983,-0.000198,0.0104148
-0.002178,1.2e-05,0.0113708,-0.0021785,1.2e-05,0.0113142
-0.002327,-9.4e-05,0.0109868,-0.0023279,-9.4e-05,0.0109311
-0.001976,0.000121,0.0110378,-0.0019765,0.000121,0.0109816
-0.002787,0.000476,0.0113918,-0.0027881,0.0004762,0.011336
-0.00268,0.000449,0.0111018,-0.0026812,0.0004492,0.0110464
-0.002653,0.000853,0.0110748,-0.0026542,0.0008534,0.0110196
-0.002604,-7.6e-05,0.0108088,-0.0026053,-7.6e-05,0.0107539
-0.0027,-0.00025,0.0110658,-0.0027012,-0.0002501,0.0110105
-0.003361,0.000272,0.0113618,-0.0033625,0.0002721,0.0113065
-0.003123,0.000171,0.0113108,-0.0031244,0.0001711,0.0112554
-0.00303,-2.9e-05,0.0117228,-0.0030311,-2.9e-05,0.0116666
-0.00313,0.000874,0.0113898,-0.0031313,0.0008744,0.0113344
-0.002673,6.8e-05,0.0117708,-0.0026737,6.8e-05,0.011714
-0.003208,-0.000272,0.0117308,-0.0032092,-0.0002721,0.0116747
-0.003285,-7.3e-05,0.0114728,-0.0032864,-7.3e-05,0.0114172
0.000105,-0.003286,0.0148038,0.000105,-0.003286,0.0147439
0.000567,0.003528,0.0144728,0.000567,0.003528,0.014413
0.00091,0.002777,0.0143968,0.00091,0.002777,0.014337
0.000905,0.00311,0.0144448,0.000905,0.00311,0.014385
0.001763,0.000365,0.0100058,0.001764,0.0003652,0.0099516
0.002118,0.000545,0.0099198,0.0021194,0.0005454,0.0098663
0.002115,-0.000308,0.0098988,0.0021164,-0.0003082,0.0098453
0.002124,-6.7e-05,0.0103778,0.0021251,-6.7e-05,0.0103231
0.001706,0.000195,0.0103118,0.0017067,0.0001951,0.0102566
0.001805,0.000578,0.0102308,0.001806,0.0005783,0.0101762
0.001836,-5.9e-05,0.0099968,0.0018371,-5.9e-05,0.0099426
0.001687,-0.000287,0.0102748,0.0016878,-0.0002871,0.0102198
0.001587,0.000164,0.0105458,0.0015875,0.000164,0.01049
0.001023,-2.1e-05,0.0099568,0.0010233,-2.1e-05,0.0099014
0.001436,-0.000182,0.0099778,0.0014367,-0.0001821,0.0099231
0.001301,0.000174,0.0100088,0.0013015,0.0001741,0.0099537
0.001376,0.000515,0.0098878,0.0013767,0.0005153,0.0098333
0.001343,0.000863,0.0100188,0.0013437,0.0008634,0.0099642
0.001404,0.000507,0.0102368,0.0014045,0.0005072,0.0101815
0.001411,7e-06,0.0103478,0.0014114,7e-06,0.0102921
0.001419,0.000157,0.0107588,0.0014193,0.000157,0.0107025
0.000769,0.000469,0.0100438,0.0007692,0.0004691,0.0099882
0.000752,3e-05,0.0103188,0.0007521,3e-05,0.0102628
0.002602,0.000327,0.0108068,0.0026033,0.0003272,0.0107519
0.002868,-0.000431,0.0105998,0.0028695,-0.0004312,0.0105455
0.002498,-1.1e-05,0.0109488,0.0024991,-1.1e-05,0.0108935
0.002894,0.000504,0.0109688,0.0028954,0.0005042,0.0109139
0.00305,-0.000445,0.0109628,0.0030515,-0.0004452,0.010908
0.002809,-0.00015,0.0107878,0.0028104,-0.0001501,0.0107331
0.002365,-0.000314,0.0112718,0.0023657,-0.0003141,0.0112157
0.002697,-0.000282,0.0111518,0.0026981,-0.0002821,0.0110963
0.002516,9.3e-05,0.0113618,0.0025168,9.3e-05,0.0113056
0.003156,0.000232,0.0114238,0.0031573,0.0002321,0.0113683
0.003257,-0.000112,0.0114818,0.0032584,-0.0001121,0.0114262
0.001331,0.000383,0.0096038,0.0013319,0.0003832,0.0095498
0.001471,-0.0002,0.0092098,0.0014723,-0.0002002,0.009157
0.001425,-4e-06,0.0096038,0.0014259,-4e-06,0.0095499
0.00074,8.8e-05,0.0096088,0.0007403,8.8e-05,0.0095538
0.001107,-0.00018,0.0095868,0.0011076,-0.0001801,0.0095324
0.001875,-0.000707,0.0100328,0.0018762,-0.0007074,0.0099788
0.00179,-0.000584,0.0104118,0.0017908,-0.0005843,0.0103567
0.001715,-0.000164,0.0106518,0.0017155,-0.0001641,0.010596
0.001679,-0.00092,0.0103358,0.0016798,-0.0009204,0.0102809
0.00289,-0.00072,0.0110618,0.0028913,-0.0007203,0.0110067
0.002861,-0.000538,0.0113518,0.0028622,-0.0005382,0.0112962
0.002509,-0.0006,0.0114108,0.0025098,-0.0006002,0.0113546
-0.002665,0.002352,0.0087178,-0.0026669,0.0023537,0.0086672
-0.002281,0.002285,0.0086928,-0.0022827,0.0022867,0.0086422
-6.5e-05,0.001487,0.0105668,-6.5e-05,0.0014874,0.0105109
-0.000116,0.001969,0.0100958,-0.0001161,0.0019701,0.0100416
0.000325,0.001427,0.0103978,0.0003251,0.0014274,0.0103421
-0.000522,0.001539,0.0103888,-0.0005222,0.0015396,0.0103334
-0.000261,0.001491,0.0102328,-0.0002611,0.0014916,0.0101776
-0.00092,0.001504,0.0102648,-0.0009204,0.0015047,0.0102099
-6.1e-05,0.002705,0.0107438,-6.1e-05,0.0027064,0.0106891
-3.5e-05,0.002633,0.0114268,-3.5e-05,0.0026339,0.0113707
-6.8e-05,0.002291,0.0110998,-6.8e-05,0.0022918,0.0110439
0.000308,0.002268,0.0111568,0.0003081,0.0022687,0.0111008
-0.000605,0.002135,0.0111838,-0.0006052,0.0021356,0.0111276
-0.000755,0.003152,0.0105948,-0.0007554,0.0031537,0.0105407
-0.000485,0.002731,0.0110858,-0.0004852,0.0027322,0.0110305
-7e-05,0.002665,0.0111108,-7e-05,0.0026661,0.0110553
-0.000951,0.002589,0.0110428,-0.0009514,0.0025902,0.0109876
-0.000349,0.002664,0.0114078,-0.0003491,0.0026649,0.0113518
-0.000409,0.002334,0.0110738,-0.0004091,0.0023348,0.011018
-0.000826,0.002304,0.0113778,-0.0008262,0.0023047,0.0113215
-0.002442,-0.002641,0.0091238,-0.0024436,-0.0026428,0.0090725
-0.002145,-0.002789,0.0091098,-0.0021465,-0.0027909,0.0090585
-0.002826,-0.002225,0.0091698,-0.0028279,-0.0022265,0.0091184
-0.002474,-0.002301,0.0091038,-0.0024757,-0.0023026,0.0090524
-0.002796,0.001638,0.0107078,-0.0027974,0.0016388,0.0106535
-0.002441,0.001631,0.0107688,-0.0024422,0.0016318,0.0107142
-0.00243,0.001991,0.0107048,-0.0024313,0.001992,0.0106504
-0.00243,0.002057,0.0114638,-0.002431,0.0020579,0.0114082
-0.00236,0.001558,0.0110868,-0.0023611,0.0015587,0.0110315
-0.002,0.001598,0.0111148,-0.0020008,0.0015987,0.0110592
-0.002697,0.001606,0.0110648,-0.0026983,0.0016068,0.0110098
-0.002396,0.00167,0.0114658,-0.0023969,0.0016706,0.0114099
-0.002653,0.001952,0.0108378,-0.0026543,0.001953,0.0107833
-0.002344,0.002171,0.0109968,-0.0023451,0.002172,0.010942
-0.002802,0.001607,0.0114048,-0.0028032,0.0016077,0.0113493
-0.002711,0.001532,0.0117348,-0.002712,0.0015326,0.0116786
-0.002276,0.002266,0.0090858,-0.0022776,0.0022676,0.0090344
-0.000926,0.001219,0.0096068,-0.0009267,0.0012198,0.0095531
-0.001273,0.00121,0.0097308,-0.0012739,0.0012108,0.0096772
-0.001242,0.001126,0.0100408,-0.0012427,0.0011266,0.0099863
-0.001067,0.000683,0.0094248,-0.0010678,0.0006835,0.009371
-0.000686,0.00166,0.0100948,-0.0006864,0.0016609,0.0100404
-0.000713,0.002009,0.0099378,-0.0007135,0.0020103,0.0098842
-0.001264,0.001595,0.0106958,-0.0012645,0.0015956,0.0106403
-0.001704,0.001058,0.0104768,-0.0017048,0.0010585,0.0104218
-0.001817,0.001318,0.0101838,-0.0018181,0.0013188,0.0101298
-0.001839,0.00074,0.0101118,-0.0018401,0.0007404,0.0100576
-0.001574,0.001568,0.0114288,-0.0015744,0.0015684,0.0113722
-0.00163,0.001922,0.0107348,-0.0016308,0.0019229,0.0106799
-0.001634,0.001928,0.0114288,-0.0016345,0.0019286,0.0113725
-0.001656,0.001594,0.0110798,-0.0016566,0.0015946,0.0110239
-0.001402,0.001459,0.0111958,-0.0014023,0.0014593,0.0111394
-0.001916,0.00199,0.0108248,-0.0019169,0.001991,0.01077
-0.002049,0.002014,0.0110778,-0.0020499,0.0020149,0.0110226
-0.00168,0.002007,0.0110658,-0.0016807,0.0020079,0.0110104
-0.002029,0.001957,0.0114398,-0.0020298,0.0019577,0.0113839
-0.002039,0.001603,0.0114518,-0.0020397,0.0016035,0.0113956
0.001766,-0.000497,0.0135018,0.0017661,-0.000497,0.0134429
0.001747,-0.000281,0.0136308,0.0017471,-0.000281,0.0135718
0.001581,-0.000261,0.0139208,0.001581,-0.000261,0.0138615
0.001671,-0.000605,0.0138468,0.0016711,-0.000605,0.0137875
0.002324,-0.000353,0.0125998,0.0023243,-0.000353,0.0125418
0.0027,-0.000268,0.0128538,0.0027003,-0.000268,0.0127956
-0.000382,-0.001963,0.0100348,-0.0003822,-0.0019642,0.0099808
-9.6e-05,-0.002032,0.0100578,-9.61e-05,-0.0020332,0.0100038
-3.3e-05,-0.001762,0.0099428,-3.3e-05,-0.001763,0.0098886
-0.000291,-0.001544,0.0099648,-0.0002912,-0.0015448,0.0099103
-9.8e-05,-0.001574,0.0102828,-9.8e-05,-0.0015746,0.0102275
-0.000738,-0.001861,0.0100568,-0.0007384,-0.0018621,0.0100027
-0.000658,-0.001438,0.0099328,-0.0006583,-0.0014387,0.0098783
-0.000464,-0.001341,0.0103348,-0.0004642,-0.0013414,0.0102792
-0.000251,-0.002299,0.0101238,-0.0002512,-0.0023004,0.01007
-5e-05,-0.002858,0.0113928,-5e-05,-0.0028591,0.011337
-7.5e-05,-0.002472,0.0114498,-7.5e-05,-0.0024727,0.0113934
-9.8e-05,-0.002811,0.0110098,-9.8e-05,-0.0028123,0.0109547
0.000231,-0.002918,0.0111458,0.0002311,-0.0029193,0.0110906
-0.000303,-0.003008,0.0111438,-0.0003031,-0.0030094,0.0110886
-3.3e-05,-0.002374,0.0110708,-3.3e-05,-0.0023749,0.011015
-0.000457,-0.002755,0.0110058,-0.0004572,-0.0027563,0.0109507
-0.00083,-0.002402,0.0111208,-0.0008303,-0.0024029,0.0110652
-0.000464,-0.002035,0.0110628,-0.0004641,-0.0020356,0.0110067
-0.000391,-0.0025,0.0114468,-0.0003911,-0.0025008,0.0113905
-0.000394,-0.002888,0.0113848,-0.0003942,-0.0028892,0.0113291
-0.00047,-0.002742,0.0117338,-0.0004701,-0.0027428,0.0116772
-0.000435,-0.003453,0.0091218,-0.0004353,-0.0034553,0.0090705
-0.00082,-0.003454,0.0091888,-0.0008206,-0.0034563,0.0091373
-0.000267,-0.002918,0.0092518,-0.0002672,-0.0029201,0.0092
-4.9e-05,-0.001473,0.0096228,-4.9e-05,-0.001474,0.009569
2.8e-05,-0.00075,0.0095918,2.8e-05,-0.0007503,0.0095369
-0.000826,-0.001339,0.0096248,-0.0008266,-0.0013399,0.0095711
-0.001123,-0.00094,0.0096468,-0.0011237,-0.0009406,0.0095929
-0.001185,-0.000964,0.0100358,-0.0011856,-0.0009644,0.009981
-0.001084,-0.001956,0.0100268,-0.0010847,-0.0019572,0.0099731
-0.001184,-0.00175,0.0103478,-0.0011846,-0.0017509,0.0102932
-0.001166,-0.001246,0.0102648,-0.0011665,-0.0012465,0.0102098
-0.000998,-0.002281,0.0100938,-0.0009986,-0.0022824,0.0100402
-0.001237,-0.002037,0.0106638,-0.0012376,-0.002038,0.0106089
-0.001137,-0.002668,0.0107208,-0.0011376,-0.0026694,0.0106663
-0.000695,-0.002757,0.0107638,-0.0006954,-0.0027584,0.0107092
-0.000806,-0.00287,0.0110388,-0.0008064,-0.0028714,0.0109838
-0.00159,-0.00246,0.0106798,-0.0015908,-0.0024613,0.0106254
-0.001255,-0.002495,0.0113678,-0.0012555,-0.002496,0.011312
-0.001212,-0.00247,0.0110558,-0.0012125,-0.0024711,0.0110005
-0.001608,-0.00243,0.0110468,-0.0016087,-0.0024311,0.0109917
-0.001078,-0.002202,0.0111818,-0.0010784,-0.0022028,0.0111259
-0.001224,-0.002794,0.0113438,-0.0012245,-0.0027952,0.0112883
-0.001141,-0.002888,0.0116898,-0.0011414,-0.0028891,0.0116337
-0.000222,-0.00132,0.0135008,-0.000222,-0.0013201,0.013442
-0.000501,-0.001871,0.0139068,-0.000501,-0.0018711,0.0138474
-0.000269,-0.002263,0.0137078,-0.000269,-0.0022631,0.0136486
-0.000497,-0.00296,0.0125868,-0.0004971,-0.0029605,0.0125291
-0.000232,-0.002807,0.0128228,-0.000232,-0.0028074,0.0127647
-0.000557,-0.002152,0.0126698,-0.0005571,-0.0021523,0.0126117
-0.000426,-0.002809,0.0130268,-0.000426,-0.0028093,0.0129684
-0.001156,-0.003355,0.0141118,-0.001156,-0.0033551,0.0140522
-0.003281,0.001478,0.0091258,-0.0032832,0.001479,0.0090745
-0.002969,0.001434,0.0091878,-0.002971,0.001435,0.0091362
-0.002671,0.000956,0.0107718,-0.0026723,0.0009565,0.0107171
-0.002335,0.001149,0.0114428,-0.0023358,0.0011494,0.0113866
-0.002619,0.001262,0.0110218,-0.0026202,0.0012626,0.0109668
-0.002311,0.001214,0.0111138,-0.002312,0.0012145,0.0110583
-0.002522,0.000704,0.0108878,-0.0025232,0.0007043,0.0108327
-0.002965,0.000791,0.0111458,-0.0029664,0.0007914,0.0110907
-0.002744,0.000866,0.0113518,-0.0027451,0.0008664,0.0112961
0.002121,0.001145,0.0098858,0.0021224,0.0011457,0.0098325
0.001707,0.001273,0.0103338,0.0017079,0.0012737,0.0102793
0.001755,0.001265,0.0107288,0.0017557,0.0012655,0.0106734
0.002577,0.001029,0.0108368,0.0025783,0.0010295,0.010782
0.002868,0.001325,0.0107408,0.0028695,0.0013257,0.0106864
0.002903,0.000948,0.0113528,0.0029042,0.0009484,0.0112973
0.00282,0.000857,0.0110738,0.0028213,0.0008574,0.0110187
0.002571,0.000897,0.0111608,0.0025721,0.0008974,0.0111053
0.002515,0.001244,0.0110808,0.0025161,0.0012446,0.0110256
0.002536,0.001318,0.0113848,0.002537,0.0013185,0.011329
0.002607,0.000664,0.0108798,0.0026083,0.0006643,0.0108248
0.001255,0.00085,0.0093688,0.001256,0.0008507,0.0093157
0.001439,0.00108,0.0091668,0.0014402,0.0010809,0.0091145
0.001007,0.001078,0.0091608,0.0010079,0.001079,0.0091082
0.00104,0.000741,0.0097018,0.0010406,0.0007414,0.0096474
0.000926,0.000813,0.0094068,0.0009267,0.0008136,0.009353
0.000945,0.001161,0.0096468,0.0009456,0.0011618,0.0095929
0.000885,-0.00347,0.0141428,0.000885,-0.0034701,0.0140831
0.001549,0.002827,0.0090928,0.0015501,0.002829,0.0090414
0.001957,0.002945,0.0091588,0.0019583,0.002947,0.0091074
0.001544,0.002433,0.0092338,0.0015451,0.0024347,0.009182
0.001842,0.00244,0.0105988,0.001843,0.0024413,0.0105446
0.00211,0.002247,0.0105398,0.0021111,0.0022482,0.0104857
0.002258,0.002502,0.0106978,0.0022592,0.0025033,0.0106436
0.002097,0.002189,0.0109778,0.002098,0.0021901,0.0109229
0.00173,0.00239,0.0110738,0.0017308,0.0023911,0.0110187
0.001629,0.002642,0.0109858,0.0016298,0.0026433,0.0109309
0.001709,0.002308,0.0113538,0.0017097,0.0023089,0.0112981
0.001763,0.002321,0.0117348,0.0017636,0.0023218,0.0116784
0.001346,0.00189,0.0099548,0.0013469,0.0018912,0.0099013
0.001339,0.001873,0.0102378,0.0013398,0.0018741,0.0101837
0.001063,0.001541,0.0103438,0.0010635,0.0015417,0.0102889
0.0009,0.001696,0.0101448,0.0009005,0.001697,0.0100904
0.000797,0.001942,0.0099468,0.0007975,0.0019433,0.0098931
0.000706,0.001557,0.0103418,0.0007063,0.0015576,0.0102866
0.001133,0.002346,0.0107278,0.0011336,0.0023472,0.0106731
0.000997,0.002618,0.0106208,0.0009975,0.0026194,0.0105664
0.001335,0.002285,0.0109988,0.0013356,0.002286,0.0109436
0.00104,0.002291,0.0110258,0.0010404,0.0022919,0.0109703
0.001416,0.002328,0.0113368,0.0014165,0.0023289,0.011281
0.000863,0.002449,0.0108868,0.0008634,0.0024501,0.0108317
0.001065,0.002702,0.0113528,0.0010654,0.0027031,0.0112971
0.000931,0.002184,0.0113008,0.0009313,0.0021847,0.0112446
0.00124,0.002854,0.0090348,0.0012409,0.002856,0.0089835
0.001262,0.002728,0.0141888,0.001262,0.002728,0.0141291
0.001409,0.003244,0.0141428,0.001409,0.0032441,0.0140831
-0.001953,-0.002894,0.0087468,-0.0019544,-0.0028961,0.0086962
-0.001627,-0.003071,0.0087708,-0.0016282,-0.0030732,0.0087201
-0.001883,-0.001138,0.0100048,-0.0018842,-0.0011387,0.0099512
-0.001535,-0.000891,0.0099788,-0.0015359,-0.0008915,0.0099245
-0.00149,-0.001506,0.0102858,-0.0014908,-0.0015068,0.0102314
-0.001442,-0.001346,0.0106128,-0.0014426,-0.0013465,0.0105574
-0.001861,-0.001957,0.0107368,-0.001862,-0.001958,0.0106821
-0.001636,-0.002077,0.0114478,-0.0016365,-0.0020777,0.0113916
-0.001518,-0.001755,0.0113228,-0.0015184,-0.0017555,0.0112665
-0.001474,-0.002148,0.0111028,-0.0014746,-0.0021489,0.0110473
-0.00159,-0.001645,0.0110358,-0.0015906,-0.0016456,0.01098
-0.00202,-0.001712,0.0114548,-0.0020207,-0.0017126,0.0113986
-0.001924,-0.00176,0.0111548,-0.0019248,-0.0017607,0.0110992
-0.001945,-0.001399,0.0111008,-0.0019457,-0.0013995,0.011045
-0.00173,-0.002269,0.0108818,-0.0017309,-0.0022701,0.010827
-0.001935,-0.002546,0.0106868,-0.001936,-0.0025473,0.0106325
-0.001905,-0.002457,0.0111738,-0.0019059,-0.0024581,0.0111186
-0.001976,-0.002029,0.0114058,-0.0019768,-0.0020298,0.0113499
-0.002717,0.002208,0.0153378,-0.002717,0.002208,0.0152778
-0.002272,0.002173,0.0153388,-0.002272,0.002173,0.0152788
-0.002431,0.002446,0.0156468,-0.002431,0.002446,0.0155868
-0.000754,-0.000556,0.0143118,-0.000754,-0.000556,0.0142521
-0.000844,-0.000304,0.0141158,-0.000844,-0.000304,0.0140563
-0.000439,-0.000313,0.0142168,-0.000439,-0.000313,0.0141572
-0.002333,-0.000618,0.0129608,-0.0023332,-0.0006181,0.0129025
-0.002215,-0.000403,0.0127578,-0.0022153,-0.000403,0.0126997
-0.001931,-0.000298,0.0128018,-0.0019312,-0.000298,0.0127436
-0.002505,-0.000343,0.0127688,-0.0025053,-0.000343,0.0127107
-0.002613,-0.000587,0.0131368,-0.0026132,-0.0005871,0.0130783
-0.000714,0.000262,0.0142728,-0.000714,0.000262,0.0142132
-0.000472,0.000466,0.0141108,-0.000472,0.000466,0.0140513
-0.000555,3.2e-05,0.0141318,-0.000555,3.2e-05,0.0140723
-0.000913,7.4e-05,0.0145848,-0.000913,7.4e-05,0.014525
-0.000453,0.000148,0.0145048,-0.000453,0.000148,0.014445
-0.001093,-0.000107,0.0143908,-0.001093,-0.000107,0.0143311
-0.001132,0.000187,0.0149818,-0.001132,0.000187,0.0149219
-0.000338,-0.000672,0.0137518,-0.000338,-0.000672,0.0136927
-0.001744,-0.000522,0.0128738,-0.0017442,-0.0005221,0.0128156
-0.001402,-0.000693,0.0127648,-0.0014022,-0.0006931,0.0127067
-0.001612,-0.000308,0.0126738,-0.0016122,-0.000308,0.0126158
-0.001275,-0.000271,0.0126828,-0.0012751,-0.000271,0.0126248
-0.001441,-4.5e-05,0.0128558,-0.0014412,-4.5e-05,0.0127977
-0.001946,0.000216,0.0128218,-0.0019462,0.000216,0.0127636
-0.002753,-0.000668,0.0119668,-0.0027537,-0.0006682,0.0119098
-0.002551,-0.000455,0.0120418,-0.0025515,-0.0004551,0.0119845
-0.002734,-0.000263,0.0119448,-0.0027347,-0.0002631,0.0118878
-0.002626,-0.000237,0.0122378,-0.0026265,-0.000237,0.0121802
-0.002408,-0.000248,0.0124398,-0.0024083,-0.000248,0.0123819
-0.002068,-0.000689,0.0123138,-0.0020683,-0.0006891,0.012256
-0.002904,-0.000441,0.0138158,-0.0029041,-0.000441,0.0137564
-0.002924,-0.000772,0.0121698,-0.0029248,-0.0007722,0.0121127
-0.003297,-2.7e-05,0.0140368,-0.0032971,-2.7e-05,0.0139772
-0.001614,-0.003121,0.0141188,-0.001614,-0.0031211,0.0140591
-0.002379,-0.002051,0.0120158,-0.0023798,-0.0020516,0.0119591
-0.00275,-0.001818,0.0120328,-0.0027509,-0.0018186,0.0119763
-0.002578,-0.002345,0.0122218,-0.0025788,-0.0023458,0.0121651
0.002867,0.001393,0.0090738,0.002869,0.001394,0.0090224
0.002851,0.001414,0.0094178,0.0028529,0.0014149,0.0093658
0.003111,0.001027,0.0091508,0.0031131,0.0010277,0.0090993
0.003435,0.001015,0.0091398,0.0034373,0.0010157,0.0090885
0.000339,0.001641,0.0134048,0.000339,0.0016411,0.0133461
0.000217,0.001594,0.0138658,0.000217,0.001594,0.0138065
0.000297,0.002161,0.0128078,0.000297,0.0021612,0.0127496
0.000369,0.002429,0.0128208,0.000369,0.0024293,0.0127626
0.00072,0.002237,0.0127508,0.0007201,0.0022373,0.0126927
0.000544,0.002365,0.0129708,0.0005441,0.0023652,0.0129125
0.000422,0.002495,0.0131948,0.000422,0.0024952,0.0131362
3.5e-05,0.00255,0.0131838,3.5e-05,0.0025502,0.0131252
0.00011,0.00304,0.0121638,0.00011,0.0030408,0.0121067
0.000589,0.003032,0.0120298,0.0005892,0.0030329,0.011973
0.000615,0.002872,0.0125148,0.0006151,0.0028725,0.0124571
0.000274,0.002741,0.0124348,0.0002741,0.0027415,0.0123771
-0.000108,0.002816,0.0125248,-0.000108,0.0028165,0.012467
0.000128,-0.003337,0.0087508,0.0001281,-0.0033394,0.0087001
0.000477,-0.003421,0.0087318,0.0004773,-0.0034234,0.0086812
0.002352,-0.002657,0.0087528,0.0023537,-0.0026589,0.0087022
0.002294,-0.001898,0.0108498,0.0022951,-0.0018989,0.0107951
0.002581,-0.001764,0.0107218,0.0025823,-0.0017649,0.0106674
0.002545,-0.002162,0.0113068,0.0025461,-0.002163,0.0112516
0.002136,-0.001663,0.0107018,0.0021371,-0.0016639,0.0106472
0.002115,-0.001694,0.0113708,0.0021158,-0.0016946,0.0113149
0.002148,-0.002114,0.0113098,0.0021489,-0.0021149,0.0112543
0.002065,-0.002191,0.0109938,0.002066,-0.002192,0.0109389
0.001789,-0.002046,0.0109918,0.0017898,-0.002047,0.0109366
0.002164,-0.001613,0.0110058,0.002165,-0.0016137,0.0109506
0.00161,-0.001605,0.0113058,0.0016104,-0.0016054,0.0112494
0.00172,-0.00171,0.0110728,0.0017206,-0.0017106,0.0110171
0.002499,-0.001724,0.0110448,0.0025002,-0.0017248,0.0109898
0.001675,-0.001345,0.0111418,0.0016755,-0.0013454,0.0110856
0.001821,-0.002351,0.0107018,0.0018219,-0.0023522,0.0106474
0.001697,-0.002418,0.0110438,0.0016978,-0.0024191,0.0109887
-0.001475,0.002885,0.0091138,-0.001476,0.002887,0.0090624
0.002832,-0.002105,0.0141598,0.0028321,-0.0021051,0.0141001
0.002782,-0.001712,0.0141338,0.0027821,-0.001712,0.0140741
0.000835,-0.000531,0.0143908,0.000835,-0.000531,0.0143311
0.000685,-0.000274,0.0142518,0.000685,-0.000274,0.0141922
0.003033,-0.001039,0.0140548,0.0030331,-0.001039,0.0139952
0.003394,-0.001089,0.0141438,0.0033941,-0.001089,0.0140841
-0.00075,-8e-06,0.0095758,-0.0007503,-8e-06,0.0095209
-0.000359,-4.8e-05,0.0094368,-0.0003591,-4.8e-05,0.0093818
-0.000937,-0.000334,0.0096778,-0.0009374,-0.0003341,0.009623
-0.001095,-4.6e-05,0.0094548,-0.0010957,-4.6e-05,0.0094006
-0.001125,0.000248,0.0085118,-0.0011264,0.0002483,0.0084603
-0.000665,0.000237,0.0085808,-0.0006659,0.0002373,0.0085284
-0.000477,0.000481,0.0084028,-0.0004777,0.0004817,0.0083509
-0.000367,0.000212,0.0084808,-0.0003675,0.0002123,0.0084282
-0.000782,0.000108,0.0088648,-0.0007828,0.0001081,0.0088117
-0.00116,-3e-06,0.0087528,-0.0011613,-3e-06,0.0087007
-0.003558,0.000353,0.0095048,-0.0035603,0.0003532,0.0094528
0.001566,0.002572,0.0087258,0.0015672,0.0025739,0.008675
-0.001212,0.002364,0.0107818,-0.0012126,0.0023652,0.010727
-0.001187,0.002658,0.0107688,-0.0011876,0.0026594,0.0107142
-0.000796,0.002709,0.0113348,-0.0007963,0.0027101,0.0112791
-0.001237,0.002709,0.0110488,-0.0012376,0.0027103,0.0109938
-0.001227,0.002677,0.0114098,-0.0012275,0.0026781,0.0113541
-0.001182,0.002415,0.0110178,-0.0011825,0.0024161,0.0109625
-0.000845,0.0029,0.0109218,-0.0008454,0.0029014,0.010867
-0.001253,0.002311,0.0114438,-0.0012534,0.0023118,0.0113876
-0.001202,0.002351,0.0117128,-0.0012023,0.0023516,0.0116561
-0.003359,0.001097,0.0091368,-0.0033613,0.0010978,0.0090854
-0.002994,0.001052,0.0091038,-0.0029961,0.0010527,0.0090524
-0.002267,-0.002665,0.0094708,-0.0022685,-0.0026667,0.0094188
-0.002536,-0.001266,0.0106298,-0.0025373,-0.0012667,0.0105754
-0.002506,-0.001472,0.0113358,-0.002507,-0.0014726,0.0112802
-0.002356,-0.001392,0.0109888,-0.0023571,-0.0013927,0.0109337
-0.00275,-0.000952,0.0113568,-0.0027511,-0.0009524,0.0113011
-0.002701,-0.001037,0.0109778,-0.0027023,-0.0010375,0.0109228
-0.002822,-0.001375,0.0113358,-0.0028232,-0.0013756,0.0112804
-0.002583,-0.002224,0.0113518,-0.0025841,-0.002225,0.0112965
-0.002438,-0.001773,0.0117638,-0.0024388,-0.0017736,0.0117074
-0.002634,-0.001848,0.0114888,-0.0026351,-0.0018488,0.0114332
-0.002936,-0.001855,0.0117238,-0.0029372,-0.0018557,0.0116679
0.002819,0.001891,0.0094748,0.0028208,0.0018922,0.0094228
0.002751,0.001852,0.0097578,0.0027527,0.0018531,0.0097052
0.001813,0.001768,0.0107428,0.0018139,0.0017689,0.0106879
0.002103,0.001977,0.0107258,0.0021041,0.001978,0.0106713
0.002145,0.002018,0.0114588,0.0021458,0.0020188,0.011403
0.002112,0.001577,0.0110828,0.0021129,0.0015777,0.0110274
0.001605,0.001415,0.0110548,0.0016055,0.0014154,0.0109988
0.002135,0.0016,0.0114238,0.0021357,0.0016006,0.0113677
0.001776,0.001993,0.0110038,0.0017768,0.0019939,0.0109486
0.001528,0.001988,0.0113958,0.0015285,0.0019886,0.0113396
0.001845,0.001686,0.0110468,0.0018458,0.0016867,0.0109913
0.00152,0.001549,0.0113798,0.0015203,0.0015494,0.0113232
0.001659,0.001611,0.0117388,0.0016593,0.0016113,0.0116817
0.003241,-0.000417,0.0143778,0.003241,-0.000417,0.014318
0.002785,0.001739,0.0148218,0.002785,0.001739,0.0147619
-0.000581,-0.003448,0.0148278,-0.000581,-0.003448,0.0147679
-0.000625,-0.003477,0.0144748,-0.000625,-0.003477,0.014415
-0.000285,-0.001405,0.0141478,-0.000285,-0.001405,0.0140882
-0.000156,-0.00135,0.0143878,-0.000156,-0.00135,0.0143281
-8.4e-05,-0.001079,0.0141218,-8.4e-05,-0.001079,0.0140623
0.000222,-0.001105,0.0141128,0.000222,-0.001105,0.0140533
0.000144,-0.000688,0.0141848,0.000144,-0.000688,0.0141252
-0.000168,-0.001188,0.0146628,-0.000168,-0.001188,0.014603
-0.00053,-0.0006,0.0140708,-0.00053,-0.0006,0.0140114
0.000588,-0.003441,0.0144568,0.000588,-0.003441,0.014397
0.00057,-0.003076,0.0143868,0.00057,-0.003076,0.014327
0.000446,-0.001139,0.0143598,0.000446,-0.001139,0.0143001
0.000615,-0.001363,0.0144198,0.000615,-0.001363,0.0143601
0.0007,-0.000664,0.0142218,0.0007,-0.000664,0.0141622
0.000462,-0.000489,0.0143798,0.000462,-0.000489,0.0143201
0.000303,-0.00098,0.0145498,0.000303,-0.00098,0.01449
0.000413,-0.001379,0.0145968,0.000413,-0.001379,0.014537
0.000593,-0.003481,0.0140978,0.000593,-0.0034811,0.0140382
0.000534,-0.003087,0.0140888,0.000534,-0.0030871,0.0140292
0.002807,-0.002011,0.0094848,0.0028088,-0.0020123,0.0094327
0.002763,-0.001545,0.0095208,0.0027648,-0.001546,0.0094686
-8.9e-05,0.001609,0.0135388,-8.9e-05,0.0016091,0.0134799
-0.000474,0.002125,0.0128218,-0.0004741,0.0021252,0.0127636
-0.00049,0.002364,0.0129438,-0.00049,0.0023642,0.0128855
-2.7e-05,0.002303,0.0128198,-2.7e-05,0.0023033,0.0127616
-0.000239,0.002253,0.0130408,-0.000239,0.0022532,0.0129824
-7.6e-05,0.002613,0.0128278,-7.6e-05,0.0026133,0.0127696
-7.3e-05,0.002788,0.0120168,-7.3e-05,0.0027887,0.0119597
-0.000289,0.003127,0.0121668,-0.0002891,0.0031279,0.0121099
-0.000525,0.003029,0.0124698,-0.0005251,0.0030297,0.0124123
-0.001099,0.00331,0.0141948,-0.001099,0.0033101,0.0141351
-0.00072,0.003196,0.0141678,-0.00072,0.0031961,0.0141081
-0.003227,0.000731,0.0090878,-0.0032292,0.0007315,0.0090364
-0.002952,0.001083,0.0094048,-0.002954,0.0010837,0.0093528
0.000782,-0.001353,0.0099528,0.0007824,-0.0013537,0.0098983
0.000185,-0.001363,0.0100068,0.0001851,-0.0013636,0.0099518
0.00014,-0.001346,0.0103648,0.00014,-0.0013464,0.0103091
0.000138,-0.001586,0.0108428,0.000138,-0.0015864,0.0107866
0.000449,-0.002277,0.0101378,0.0004493,-0.0022784,0.010084
0.000387,-0.002924,0.0108368,0.0003872,-0.0029255,0.0107821
0.00055,-0.002761,0.0106528,0.0005503,-0.0027624,0.0105983
0.000697,-0.002864,0.0113968,0.0006973,-0.0028652,0.0113411
0.00032,-0.002467,0.0114348,0.0003201,-0.0024677,0.0113785
0.000326,-0.002477,0.0111278,0.0003261,-0.0024779,0.0110721
0.000395,-0.00216,0.0111928,0.0003951,-0.0021606,0.0111365
0.000341,-0.002834,0.0114298,0.0003411,-0.0028351,0.0113739
0.000381,-0.002833,0.0117598,0.0003811,-0.0028339,0.0117033
-0.000444,-0.003429,0.0095398,-0.0004443,-0.0034312,0.0094877
-0.003352,-0.00104,0.0145048,-0.003352,-0.00104,0.0144449
-0.002965,-0.001102,0.0144458,-0.002965,-0.001102,0.014386
0.003085,0.000616,0.0095308,0.003087,0.0006164,0.0094786
0.003377,0.001108,0.0141318,0.0033771,0.001108,0.0140721
0.001069,-0.001983,0.0129328,0.0010691,-0.0019832,0.0128745
0.001431,-0.001704,0.0129078,0.0014311,-0.0017042,0.0128495
0.001139,-0.001739,0.0128378,0.0011391,-0.0017392,0.0127796
0.000803,-0.001801,0.0128408,0.0008031,-0.0018012,0.0127826
0.001056,-0.001412,0.0127888,0.0010561,-0.0014122,0.0127307
0.001707,-0.002548,0.0120428,0.0017075,-0.0025488,0.011986
0.001455,-0.002278,0.0125248,0.0014552,-0.0022783,0.012467
0.000838,-0.002742,0.0122748,0.0008382,-0.0027426,0.0122174
0.000954,-0.003418,0.0138178,0.000954,-0.0034182,0.0137584
0.000171,-0.003293,0.0090918,0.0001711,-0.0032953,0.0090404
0.000502,-0.003448,0.0090308,0.0005024,-0.0034504,0.0089796
0.000327,-0.00103,0.0096748,0.0003272,-0.0010305,0.0096202
0.000359,-0.000739,0.0094768,0.0003592,-0.0007394,0.0094222
0.000261,-0.001075,0.0099608,0.0002611,-0.0010754,0.0099056
0.000914,-0.003461,0.0091288,0.0009146,-0.0034633,0.0090775
0.000861,-0.003095,0.0091478,0.0008616,-0.0030971,0.0090963
0.000925,-0.003424,0.0095508,0.0009256,-0.0034262,0.0094987
0.00098,-0.003073,0.0094688,0.0009806,-0.003075,0.0094167
0.000957,0.00147,0.0129198,0.0009571,0.0014702,0.0128616
0.001338,0.001604,0.0128038,0.0013382,0.0016042,0.0127456
0.001464,0.001522,0.0132248,0.0014641,0.0015221,0.0131662
0.001105,0.001584,0.0131518,0.0011051,0.0015841,0.0130933
0.000727,0.001487,0.0132598,0.0007271,0.0014871,0.0132012
0.001349,0.003289,0.0138108,0.0013491,0.0032892,0.0137515
0.001269,0.002423,0.0141838,0.001269,0.002423,0.0141241
0.001351,0.000898,0.0136118,0.0013511,0.000898,0.0135528
0.001376,0.001281,0.0135668,0.0013761,0.0012811,0.0135078
0.00108,0.001122,0.0135828,0.0010801,0.0011221,0.0135239
0.00129,0.001138,0.0138148,0.00129,0.001138,0.0137556
0.00144,0.00081,0.0139258,0.00144,0.00081,0.0138664
0.001021,0.00069,0.0138568,0.001021,0.00069,0.0137976
0.000964,0.001093,0.0139788,0.000964,0.001093,0.0139194
-0.002629,-0.001656,0.0085528,-0.002631,-0.0016573,0.0085024
-0.003249,0.001501,0.0138608,-0.0032492,0.0015011,0.0138014
-0.001999,0.001527,0.0127548,-0.0019992,0.0015272,0.0126967
-0.001822,0.001675,0.0129698,-0.0018222,0.0016752,0.0129114
-0.00158,0.001544,0.0128438,-0.0015802,0.0015442,0.0127856
-0.00182,0.001844,0.0127428,-0.0018202,0.0018442,0.0126847
-0.002027,0.002122,0.0127728,-0.0020273,0.0021223,0.0127147
-0.00167,0.001531,0.0132208,-0.0016701,0.0015311,0.0131622
-0.00137,0.001589,0.0131718,-0.0013701,0.0015891,0.0131133
-0.002013,0.001623,0.0131758,-0.0020132,0.0016231,0.0131172
-0.001947,0.001976,0.0129858,-0.0019472,0.0019762,0.0129274
-0.002058,0.001998,0.0132338,-0.0020582,0.0019982,0.0131751
-0.00241,0.00203,0.0131888,-0.0024103,0.0020302,0.0131302
-0.002378,0.00161,0.0131688,-0.0023782,0.0016101,0.0131102
-0.002762,0.001658,0.0120738,-0.0027629,0.0016585,0.0120171
-0.002422,0.001659,0.0119108,-0.0024227,0.0016595,0.0118541
-0.002464,0.001999,0.0121188,-0.0024647,0.0019996,0.012062
-0.002084,0.002246,0.0121068,-0.0020846,0.0022466,0.0120499
-0.002456,0.002027,0.0124668,-0.0024566,0.0020275,0.0124094
-0.002183,0.001447,0.0124028,-0.0021834,0.0014472,0.0123451
-0.002719,0.001917,0.0122498,-0.0027198,0.0019176,0.0121929
-0.001171,0.001052,0.0136018,-0.0011711,0.0010521,0.0135428
-0.000547,0.001186,0.0134148,-0.000547,0.0011861,0.0133561
-0.001311,0.001268,0.0139698,-0.001311,0.001268,0.0139104
-0.001051,0.000716,0.0136858,-0.001051,0.000716,0.0136268
-0.001904,0.000809,0.0128998,-0.0019042,0.0008091,0.0128415
-0.001534,0.000968,0.0128578,-0.0015342,0.0009681,0.0127996
-0.00177,0.001256,0.0129008,-0.0017702,0.0012561,0.0128426
-0.001244,0.001519,0.0128128,-0.0012441,0.0015192,0.0127546
-0.001234,0.000861,0.0131258,-0.0012341,0.0008611,0.0130674
-0.002776,0.000909,0.0120858,-0.0027767,0.0009092,0.0120287
-0.002674,0.001262,0.0121228,-0.0026747,0.0012623,0.0120657
-0.002032,0.001213,0.0120438,-0.0020323,0.0012132,0.0119863
-0.002739,0.000831,0.0123948,-0.0027395,0.0008312,0.0123372
-0.001949,0.000903,0.0124338,-0.0019492,0.0009031,0.0123759
-0.003091,0.0008,0.0123778,-0.0030918,0.0008002,0.0123206
-0.002839,0.000355,0.0124618,-0.0028395,0.0003551,0.0124041
0.001794,-0.0,0.0128088,0.0017942,-0.0,0.0127507
0.002158,9.7e-05,0.0127688,0.0021582,9.7e-05,0.0127107
0.00214,0.000546,0.0127308,0.0021402,0.0005461,0.0126727
0.0015,0.000589,0.0127308,0.0015002,0.0005891,0.0126727
0.002063,0.000893,0.0127178,0.0020632,0.0008931,0.0126597
0.002077,6.8e-05,0.0131608,0.0020772,6.8e-05,0.0131023
0.001632,8.5e-05,0.0131138,0.0016321,8.5e-05,0.0130554
0.002167,-0.000182,0.0132838,0.0021672,-0.000182,0.0132251
0.001735,0.000343,0.0127198,0.0017352,0.000343,0.0126617
0.001714,0.000994,0.0128198,0.0017142,0.0009941,0.0127616
0.001739,0.000558,0.0132238,0.0017391,0.000558,0.0131653
0.001654,-0.000303,0.0132608,0.0016541,-0.000303,0.0132022
0.00113,-0.000583,0.0136528,0.0011301,-0.000583,0.0135938
0.001359,-0.000634,0.0138518,0.001359,-0.000634,0.0137925
0.001055,-0.000549,0.0139118,0.001055,-0.000549,0.0138525
0.000874,-0.000506,0.0136448,0.000874,-0.000506,0.0135858
0.001622,-0.000682,0.0127968,0.0016222,-0.0006821,0.0127387
0.002114,-0.000683,0.0127838,0.0021142,-0.0006831,0.0127257
0.001655,-0.000298,0.0128668,0.0016552,-0.000298,0.0128086
0.001749,-0.000654,0.0131238,0.0017492,-0.0006541,0.0130654
0.001485,-0.000981,0.0131338,0.0014851,-0.0009811,0.0130754
0.002653,-0.000518,0.0121088,0.0026536,-0.0005181,0.0120515
0.002864,-0.00023,0.0119838,0.0028648,-0.0002301,0.0119269
-0.000651,-0.003314,0.0137318,-0.000651,-0.0033142,0.0136725
0.000193,-0.001315,0.0134368,0.000193,-0.0013151,0.0133781
-2.4e-05,-0.001445,0.0138268,-2.4e-05,-0.001445,0.0137676
7e-06,-0.00061,0.0134158,7e-06,-0.00061,0.0133572
-1.1e-05,-0.000766,0.0138788,-1.1e-05,-0.000766,0.0138196
-0.000429,-0.001915,0.0128488,-0.0004291,-0.0019152,0.0127906
-0.000103,-0.001754,0.0127108,-0.000103,-0.0017542,0.0126527
0.000206,-0.001721,0.0128238,0.000206,-0.0017212,0.0127656
-0.000263,-0.001456,0.0128638,-0.000263,-0.0014562,0.0128057
-0.000745,-0.001901,0.0128228,-0.0007451,-0.0019012,0.0127646
-0.000263,-0.002279,0.0129128,-0.000263,-0.0022792,0.0128545
-0.000516,-0.00299,0.0119228,-0.0005162,-0.0029909,0.0118662
-0.000281,-0.002747,0.0121208,-0.0002811,-0.0027476,0.0120635
-4.1e-05,-0.002837,0.0118778,-4.1e-05,-0.0028378,0.011821
-0.000122,-0.002459,0.0124098,-0.000122,-0.0024594,0.012352
0.0003,-0.003007,0.0124338,0.0003001,-0.0030077,0.0123763
-0.000356,-0.002706,0.0124408,-0.0003561,-0.0027065,0.0123831
-0.000871,-0.002913,0.0124458,-0.0008712,-0.0029136,0.0123883
-0.001104,-0.001904,0.0129018,-0.0011041,-0.0019042,0.0128435
-0.001012,-0.001474,0.0127988,-0.0010121,-0.0014742,0.0127407
-0.001244,-0.001371,0.0130778,-0.0012441,-0.0013711,0.0130194
-0.001107,-0.001761,0.0132338,-0.0011071,-0.0017611,0.0131752
-0.001087,-0.002267,0.0129768,-0.0010871,-0.0022672,0.0129184
-0.000984,-0.003043,0.0121188,-0.0009843,-0.0030439,0.012062
-0.00063,-0.002752,0.0121378,-0.0006301,-0.0027526,0.0120806
-0.001177,-0.002416,0.0125118,-0.0011772,-0.0024164,0.012454
-0.001302,-0.002058,0.0125988,-0.0013022,-0.0020583,0.0125408
-0.001162,-0.00279,0.0124858,-0.0011622,-0.0027906,0.0124282
-0.001502,-0.003266,0.0090928,-0.001503,-0.0032682,0.0090415
-0.001094,-0.003385,0.0090538,-0.0010947,-0.0033873,0.0090026
-0.001551,-0.001025,0.0127218,-0.0015512,-0.0010251,0.0126637
-0.001526,-0.001412,0.0132058,-0.0015261,-0.0014121,0.0131472
-0.001227,-0.001111,0.0127948,-0.0012271,-0.0011111,0.0127367
-0.003267,-0.001456,0.0138338,-0.0032672,-0.0014561,0.0137744
-0.003004,-0.001698,0.0136848,-0.0030042,-0.0016981,0.0136256
-0.001024,0.002899,0.0087248,-0.0010248,0.0029012,0.0086741
-0.001448,0.002463,0.0091258,-0.0014491,0.0024648,0.0090742
-0.001052,0.002476,0.0090638,-0.0010528,0.0024779,0.0090123
-0.001434,0.002457,0.0094508,-0.001435,0.0024587,0.0093986
3e-06,-0.003244,0.0140698,3e-06,-0.0032441,0.0140102
0.001836,-0.001369,0.0130578,0.0018362,-0.0013691,0.0129994
0.002341,-0.001261,0.0128148,0.0023413,-0.0012612,0.0127566
0.002064,-0.001005,0.0126888,0.0020642,-0.0010051,0.0126307
0.002181,-0.001409,0.0131078,0.0021812,-0.0014091,0.0130493
0.001791,-0.001058,0.0128558,0.0017912,-0.0010581,0.0127976
0.003066,-0.001043,0.0137188,0.0030661,-0.001043,0.0136595
0.003046,-0.001597,0.0139008,0.0030461,-0.0015971,0.0138413
0.003298,-0.001504,0.0138618,0.0032982,-0.0015041,0.0138024
0.001993,-0.002744,0.0140948,0.001993,-0.0027441,0.0140352
0.002344,-0.002626,0.0142028,0.0023441,-0.0026261,0.0141431
8.3e-05,0.003118,0.0095838,8.3e-05,0.0031201,0.0095315
0.000443,-0.001866,0.0129168,0.000443,-0.0018662,0.0128586
0.000734,-0.001406,0.0129118,0.0007341,-0.0014061,0.0128536
0.000158,-0.001418,0.0128638,0.000158,-0.0014181,0.0128057
0.000169,-0.001416,0.0131638,0.000169,-0.0014161,0.0131054
0.000477,-0.002228,0.0130358,0.000477,-0.0022282,0.0129774
0.000289,-0.002961,0.0120498,0.0002891,-0.0029618,0.0119929
0.000723,-0.002919,0.0120938,0.0007232,-0.0029198,0.0120368
0.000257,-0.002384,0.0125468,0.000257,-0.0023843,0.0124888
0.000495,-0.002624,0.0124728,0.0004951,-0.0026244,0.012415
0.000588,-0.003456,0.0137368,0.000588,-0.0034562,0.0136775
0.000559,-0.003055,0.0137258,0.000559,-0.0030551,0.0136665
0.000636,-0.001262,0.0135558,0.000636,-0.0012621,0.0134969
0.000418,-0.001052,0.0135008,0.000418,-0.0010521,0.013442
0.000345,-0.000961,0.0139168,0.000345,-0.000961,0.0138575
0.000346,-0.000695,0.0137928,0.000346,-0.000695,0.0137337
-0.002381,0.002602,0.0148958,-0.002381,0.002602,0.0148359
-0.001925,0.002538,0.0147918,-0.001925,0.002538,0.0147319
-0.001678,0.002754,0.0150488,-0.001678,0.002754,0.0149888
0.001318,-0.003003,0.0141828,0.001318,-0.0030031,0.0141231
0.001287,-0.002733,0.0141198,0.001287,-0.0027331,0.0140602
0.000111,-0.003307,0.0144318,0.000111,-0.003307,0.014372
6.9e-05,0.003201,0.0143898,6.9e-05,0.003201,0.01433
0.002816,0.00139,0.0148868,0.002816,0.00139,0.0148269
0.002383,0.00257,0.0094618,0.0023845,0.0025717,0.0094098
0.001858,0.002557,0.0097108,0.0018592,0.0025586,0.0096582
0.002365,0.002602,0.0098068,0.0023664,0.0026036,0.0097542
0.001607,0.002844,0.0102698,0.0016079,0.0028456,0.0102163
0.001249,0.002851,0.0093588,0.0012499,0.0028529,0.0093069
0.00129,0.003296,0.0094428,0.0012908,0.0032981,0.0093909
0.002881,-0.002097,0.0137768,0.0028812,-0.0020971,0.0137175
0.002711,-0.001668,0.0137598,0.0027111,-0.0016681,0.0137005
0.001847,0.000199,0.0107108,0.0018476,0.0001991,0.010655
0.002238,0.000242,0.0106938,0.002239,0.0002421,0.0106386
0.002116,0.0001,0.0113998,0.0021164,0.0001,0.0113431
0.002201,5e-06,0.0110978,0.0022017,5e-06,0.0110418
0.00175,2.9e-05,0.0110828,0.0017503,2.9e-05,0.0110263
0.001949,-0.000296,0.0112878,0.0019494,-0.0002961,0.0112312
0.001671,0.000398,0.0112398,0.0016713,0.0003981,0.0111831
0.00179,0.000508,0.0109388,0.0017905,0.0005081,0.0108826
0.001722,0.000796,0.0111088,0.0017224,0.0007962,0.0110524
0.00149,-0.000289,0.0112848,0.0014902,-0.000289,0.011228
0.001596,-0.000415,0.0110048,0.0015963,-0.0004151,0.0109484
0.002849,0.000194,0.0114508,0.0028501,0.0001941,0.0113949
0.002835,0.000429,0.0116778,0.0028359,0.0004291,0.0116214
0.002753,1e-05,0.0117498,0.0027538,1e-05,0.0116931
0.002354,1.7e-05,0.0117438,0.0023545,1.7e-05,0.0116867
0.002691,0.0004,0.0114318,0.002692,0.0004001,0.0113758
0.001329,0.001153,0.0099888,0.0013298,0.0011537,0.0099346
0.001305,0.001114,0.0103528,0.0013055,0.0011144,0.0102976
0.000773,0.001225,0.0100038,0.0007734,0.0012256,0.009949
0.002139,0.001188,0.0114718,0.0021396,0.0011883,0.0114153
0.001722,0.001165,0.0110218,0.0017225,0.0011653,0.0109657
0.001638,0.001151,0.0113028,0.0016383,0.0011512,0.0112462
0.002608,0.000941,0.0114148,0.002609,0.0009414,0.0113589
0.002695,0.001144,0.0114598,0.002696,0.0011444,0.0114039
0.002425,0.00115,0.0120848,0.0024255,0.0011502,0.0120275
0.002708,0.00071,0.0114458,0.002709,0.0007103,0.0113898
-0.003043,-0.001603,0.0091188,-0.0030451,-0.0016041,0.0090674
-0.002665,-0.001694,0.0091938,-0.0026669,-0.0016952,0.0091422
0.001664,-0.002241,0.0120138,0.0016644,-0.0022415,0.0119567
0.002176,-0.002231,0.0120238,0.0021767,-0.0022317,0.0119671
0.002314,-0.002004,0.0122688,0.0023146,-0.0020045,0.0122116
0.00254,-0.001791,0.0120868,0.0025408,-0.0017915,0.01203
0.002138,-0.001801,0.0121318,0.0021385,-0.0018014,0.0120745
0.001694,-0.001795,0.0121688,0.0016943,-0.0017953,0.0121112
0.001991,-0.001777,0.0124728,0.0019913,-0.0017773,0.012415
0.001964,-0.002237,0.0124768,0.0019644,-0.0022374,0.0124192
0.001467,-0.00148,0.0120318,0.0014672,-0.0014802,0.0119742
0.001607,-0.00171,0.0126248,0.0016072,-0.0017102,0.0125668
0.001672,-0.001369,0.0124328,0.0016722,-0.0013692,0.0123749
0.001714,-0.002014,0.0124278,0.0017143,-0.0020143,0.01237
0.000494,0.001917,0.0100648,0.0004943,0.0019181,0.0100107
0.000429,0.002011,0.0103328,0.0004292,0.0020121,0.0102782
0.000309,0.001583,0.0106908,0.0003091,0.0015834,0.0106348
0.000386,0.00236,0.0107818,0.0003862,0.0023611,0.0107267
0.000378,0.002605,0.0108128,0.0003782,0.0026063,0.0107579
0.000741,0.002707,0.0113668,0.0007413,0.0027081,0.011311
0.000323,0.002639,0.0110978,0.0003231,0.0026401,0.0110424
0.000679,0.002617,0.0110748,0.0006793,0.0026181,0.0110195
0.000315,0.002672,0.0114248,0.0003151,0.0026729,0.0113688
0.000617,0.00219,0.0113358,0.0006172,0.0021906,0.0112794
0.000291,0.002269,0.0114548,0.0002911,0.0022696,0.0113982
-0.000332,0.001681,0.0107068,-0.0003321,0.0016815,0.0106509
-8.4e-05,0.001542,0.0114518,-8.4e-05,0.0015422,0.0113948
-8.5e-05,0.001878,0.0114298,-8.5e-05,0.0018783,0.0113729
-8.6e-05,0.001565,0.0110118,-8.6e-05,0.0015653,0.0109553
0.000271,0.001567,0.0111318,0.000271,0.0015672,0.0110752
-0.000469,0.001474,0.0111068,-0.0004691,0.0014742,0.0110502
-0.000339,0.001609,0.0110098,-0.0003391,0.0016093,0.0109534
-9e-05,0.001934,0.0110908,-9e-05,0.0019345,0.0110345
-0.000494,0.001907,0.0114798,-0.0004941,0.0019073,0.0114229
-0.00043,0.001509,0.0114088,-0.0004301,0.0015092,0.0113518
-0.000444,0.001641,0.0118028,-0.0004441,0.0016412,0.0117453
-0.001875,0.00097,0.0107618,-0.0018758,0.0009704,0.0107063
-0.001385,0.00086,0.0105508,-0.0013855,0.0008603,0.0104951
-0.001644,0.000874,0.0114988,-0.0016442,0.0008741,0.0114418
-0.001587,0.001182,0.0106978,-0.0015876,0.0011825,0.0106423
-0.001296,0.001277,0.0107278,-0.0012964,0.0012774,0.010672
-0.001568,0.001163,0.0113848,-0.0015683,0.0011632,0.011328
-0.001621,0.000811,0.0111298,-0.0016213,0.0008112,0.0110733
-0.001205,0.000792,0.0110308,-0.0012052,0.0007921,0.0109742
-0.001966,0.000859,0.0110818,-0.0019666,0.0008593,0.0110257
-0.001971,0.0012,0.0110778,-0.0019717,0.0012004,0.011022
-0.001621,0.001231,0.0110848,-0.0016214,0.0012313,0.0110286
-0.001943,0.001197,0.0114858,-0.0019434,0.0011973,0.0114291
-0.00178,0.000627,0.0108768,-0.0017805,0.0006272,0.0108208
-0.002104,0.000991,0.0113258,-0.0021046,0.0009913,0.0112695
-0.002344,0.00084,0.0114708,-0.0023447,0.0008402,0.0114144
-0.002784,0.001165,0.0117848,-0.0027849,0.0011654,0.0117284
-0.002691,0.000768,0.0118178,-0.0026918,0.0007682,0.0117611
-0.00255,0.00062,0.0114578,-0.0025508,0.0006202,0.0114016
-0.002682,0.000462,0.0117048,-0.0026828,0.0004621,0.0116482
0.00035,-0.001949,0.0107598,0.0003501,-0.0019497,0.0107041
0.000646,-0.00136,0.0106718,0.0006462,-0.0013603,0.0106157
0.000737,-0.001737,0.0114008,0.0007371,-0.0017373,0.0113439
-6.6e-05,-0.001842,0.0106508,-6.6e-05,-0.0018427,0.0105951
0.000356,-0.001469,0.0106418,0.0003561,-0.0014694,0.0105858
0.00024,-0.001665,0.0114518,0.00024,-0.0016652,0.0113948
0.000335,-0.001798,0.0111658,0.0003351,-0.0017984,0.0111093
0.000717,-0.001686,0.0110288,0.0007172,-0.0016864,0.0109725
-5.9e-05,-0.001649,0.0110458,-5.9e-05,-0.0016493,0.0109893
0.000189,-0.001434,0.0111768,0.000189,-0.0014342,0.0111201
0.000522,-0.002284,0.0108938,0.0005222,-0.0022849,0.0108384
0.000379,-0.001901,0.0115388,0.0003791,-0.0019013,0.0114817
0.000104,-0.003299,0.0097858,0.0001041,-0.0033011,0.0097332
-0.0004,-0.003471,0.0098468,-0.0004003,-0.0034731,0.0097941
0.000456,-0.001296,0.0100928,0.0004562,-0.0012965,0.0100377
0.00044,-0.00105,0.0101348,0.0004401,-0.0010503,0.0100793
-1.1e-05,-0.001068,0.0098278,-1.1e-05,-0.0010684,0.0097728
0.000348,-0.000804,0.0098748,0.0003481,-0.0008042,0.0098195
0.000381,-0.001029,0.0103508,0.0003811,-0.0010292,0.0102949
0.000109,-0.001016,0.0102748,0.000109,-0.0010162,0.0102189
0.00041,-0.001318,0.0103368,0.0004101,-0.0013184,0.0102812
-0.000126,-0.000697,0.0100458,-0.000126,-0.0006971,0.0099901
-7.7e-05,-0.001349,0.0105848,-7.7e-05,-0.0013493,0.0105287
-0.000631,-0.000627,0.0099858,-0.0006312,-0.0006272,0.0099302
-0.000853,-0.001448,0.0102448,-0.0008534,-0.0014486,0.0101897
-0.000428,-0.001368,0.0107048,-0.0004281,-0.0013683,0.0106486
-0.00039,-0.001891,0.0107068,-0.0003901,-0.0018917,0.0106511
4.3e-05,-0.002143,0.0113678,4.3e-05,-0.0021435,0.0113112
-5.6e-05,-0.001715,0.0113348,-5.6e-05,-0.0017152,0.0112779
-0.000478,-0.001626,0.0113728,-0.0004781,-0.0016262,0.0113159
-0.000406,-0.001737,0.0110948,-0.0004061,-0.0017374,0.0110384
-0.000818,-0.001854,0.0111208,-0.0008182,-0.0018545,0.0110645
-0.000361,-0.001401,0.0110508,-0.0003611,-0.0014012,0.0109942
-0.000584,-0.001962,0.0113898,-0.0005841,-0.0019624,0.0113331
-0.002243,0.002652,0.0098188,-0.0022444,0.0026536,0.0097661
-0.001834,0.002559,0.0098258,-0.0018352,0.0025606,0.0097731
-0.002269,0.00261,0.0101498,-0.0022703,0.0026115,0.0100966
-0.002997,0.001886,0.0098348,-0.0029988,0.0018872,0.0097822
-0.002629,0.001845,0.0098548,-0.0026306,0.0018462,0.009802
-0.002448,0.002051,0.0100178,-0.0024495,0.0020522,0.0099647
-0.001443,0.002881,0.0140568,-0.001443,0.0028811,0.0139972
-0.001058,-0.00329,0.0095038,-0.0010587,-0.0032921,0.0094517
-0.000728,-0.003364,0.0094848,-0.0007285,-0.0033662,0.0094328
-0.002724,0.001797,0.0147968,-0.002724,0.001797,0.0147369
-0.003083,0.001793,0.0152028,-0.003083,0.001793,0.0151428
0.003066,-0.001064,0.0091538,0.0030681,-0.0010647,0.0091023
0.003421,-0.001033,0.0090788,0.0034234,-0.0010337,0.0090276
0.003438,-0.000802,0.0096108,0.0034402,-0.0008025,0.0095586
-0.003343,-0.000858,0.0137208,-0.0033432,-0.000858,0.0136615
-0.002915,-0.000773,0.0137848,-0.0029151,-0.000773,0.0137254
0.003476,0.000761,0.0138678,0.0034762,0.000761,0.0138084
0.0023,0.000875,0.0129468,0.0023002,0.0008751,0.0128885
0.002124,0.001225,0.0128338,0.0021242,0.0012251,0.0127756
0.001816,0.001217,0.0129028,0.0018162,0.0012171,0.0128445
0.001745,0.001254,0.0132368,0.0017451,0.0012541,0.0131782
0.001773,0.000692,0.0128688,0.0017732,0.0006921,0.0128106
0.003072,0.001062,0.0119908,0.003073,0.0010624,0.0119343
0.002885,0.001183,0.0124668,0.0028857,0.0011833,0.0124093
0.002542,0.000936,0.0123998,0.0025424,0.0009362,0.0123421
0.002555,0.001513,0.0121128,0.0025557,0.0015134,0.0120557
0.00258,0.001581,0.0124948,0.0025805,0.0015813,0.0124372
0.00257,0.00126,0.0124168,0.0025705,0.0012602,0.0123592
0.002703,0.000652,0.0122478,0.0027036,0.0006521,0.0121903
-0.002547,-0.002511,0.0098058,-0.0025485,-0.0025125,0.0097532
-0.002228,-0.00267,0.0098168,-0.0022294,-0.0026716,0.0097642
-0.001049,-0.001812,0.0106758,-0.0010494,-0.0018128,0.0106204
-0.000814,-0.001731,0.0114828,-0.0008141,-0.0017313,0.0114258
-0.001061,-0.001456,0.0105478,-0.0010614,-0.0014565,0.0104922
-0.001233,-0.001675,0.0114198,-0.0012332,-0.0016753,0.011363
-0.001248,-0.00186,0.0110248,-0.0012484,-0.0018606,0.0109689
-0.001357,-0.001464,0.0111608,-0.0013573,-0.0014644,0.0111044
-0.001332,-0.002129,0.0113448,-0.0013324,-0.0021297,0.0112886
-0.001784,-0.001256,0.0106118,-0.0017848,-0.0012566,0.0105567
-0.001525,-0.001385,0.0114108,-0.0015253,-0.0013853,0.011354
-0.001192,-0.001021,0.0106548,-0.0011923,-0.0010213,0.0105988
-0.001611,-0.001351,0.0110078,-0.0016115,-0.0013514,0.0109518
-0.001609,-0.001023,0.0109998,-0.0016094,-0.0010233,0.0109436
-0.002131,-0.000751,0.0111908,-0.0021316,-0.0007512,0.0111346
-0.001911,-0.000962,0.0113308,-0.0019114,-0.0009622,0.0112742
-0.001992,-0.001461,0.0113898,-0.0019926,-0.0014614,0.0113335
-0.001551,-0.002428,0.0113478,-0.0015516,-0.002429,0.0112921
-0.001585,-0.002097,0.0117568,-0.0015854,-0.0020975,0.0117
-0.001745,-0.001575,0.0116088,-0.0017454,-0.0015753,0.0115519
-0.001248,-0.002135,0.0117588,-0.0012483,-0.0021355,0.0117018
-0.001552,-0.002388,0.0117758,-0.0015525,-0.0023887,0.0117192
-0.001798,-0.001848,0.0114648,-0.0017986,-0.0018486,0.0114085
-0.002019,-0.001737,0.0117768,-0.0020195,-0.0017375,0.01172
-0.001773,-0.002299,0.0115478,-0.0017736,-0.0022998,0.0114917
-0.002576,-0.000558,0.0117498,-0.0025767,-0.0005581,0.011693
-0.001748,-0.000489,0.0099938,-0.001749,-0.0004893,0.0099396
-0.001197,-0.000673,0.0102698,-0.0011974,-0.0006732,0.0102142
-0.003294,0.001152,0.0137468,-0.0032942,0.0011521,0.0136875
-0.002892,0.00102,0.0137188,-0.0028921,0.00102,0.0136595
-0.003562,0.000665,0.0137778,-0.0035622,0.000665,0.0137185
-0.003229,0.000581,0.0137658,-0.0032291,0.000581,0.0137065
0.001552,0.002815,0.0135398,0.0015521,0.0028152,0.0134807
0.001962,0.002897,0.0135188,0.0019622,0.0028973,0.0134598
0.002016,0.002505,0.0134168,0.0020162,0.0025052,0.0133579
0.002434,0.002572,0.0134158,0.0024343,0.0025723,0.013357
0.001977,0.002654,0.0131268,0.0019773,0.0026543,0.0130684
0.001751,0.001477,0.0120098,0.0017513,0.0014772,0.0119523
0.002196,0.001548,0.0120628,0.0021965,0.0015483,0.0120055
0.00236,0.001792,0.0123288,0.0023605,0.0017924,0.0122714
0.00214,0.001942,0.0121128,0.0021405,0.0019425,0.0120557
0.002551,0.002038,0.0121708,0.0025518,0.0020386,0.012114
0.001719,0.001892,0.0121048,0.0017193,0.0018924,0.0120473
0.002118,0.001994,0.0124468,0.0021184,0.0019944,0.0123892
0.00217,0.001483,0.0125028,0.0021703,0.0014832,0.0124449
0.001647,0.001527,0.0124848,0.0016472,0.0015272,0.0124269
0.002038,0.002415,0.0124658,0.0020385,0.0024156,0.0124084
0.001588,0.001976,0.0123798,0.0015882,0.0019763,0.012322
0.0026,0.001947,0.0126078,0.0026006,0.0019474,0.0125502
0.00135,-0.00172,0.0107208,0.0013506,-0.0017207,0.0106655
0.00139,-0.001727,0.0114258,0.0013903,-0.0017274,0.0113691
0.001526,-0.002147,0.0108728,0.0015267,-0.002148,0.0108178
0.001182,-0.002091,0.0110678,0.0011824,-0.0020918,0.0110121
0.001382,-0.001829,0.0110528,0.0013825,-0.0018296,0.010997
0.000907,-0.001945,0.0107958,0.0009074,-0.0019458,0.0107403
0.001034,-0.001679,0.0114808,0.0010342,-0.0016793,0.0114239
0.001032,-0.001748,0.0111218,0.0010323,-0.0017485,0.0110655
0.001358,-0.003042,0.0098758,0.0013588,-0.0030439,0.009823
0.003077,0.001097,0.0098658,0.0030789,0.0010977,0.009813
0.003385,0.001172,0.0098388,0.003387,0.0011727,0.0097862
0.002148,-0.001319,0.0110558,0.0021489,-0.0013195,0.0110003
0.00207,-0.001362,0.0113948,0.0020706,-0.0013624,0.0113385
0.00161,-0.001054,0.0113098,0.0016103,-0.0010542,0.0112531
0.001809,-0.001056,0.0110358,0.0018096,-0.0010563,0.0109797
0.001885,-0.000756,0.0112348,0.0018854,-0.0007562,0.0111783
0.00186,-0.001409,0.0109008,0.0018608,-0.0014096,0.0108453
0.001754,-0.001358,0.0113588,0.0017544,-0.0013583,0.0113023
0.001612,-0.001372,0.0116698,0.0016123,-0.0013722,0.0116126
0.002797,-0.002156,0.0098108,0.0027987,-0.0021573,0.0097582
-0.002413,-0.002647,0.0138188,-0.0024131,-0.0026471,0.0137594
-0.001898,-0.001902,0.0121588,-0.0018984,-0.0019024,0.0121014
-0.001657,-0.001991,0.0120628,-0.0016573,-0.0019914,0.0120054
-0.001542,-0.001734,0.0119488,-0.0015423,-0.0017343,0.0118914
-0.001242,-0.001537,0.0120808,-0.0012422,-0.0015372,0.0120231
-0.001522,-0.001311,0.0120648,-0.0015222,-0.0013112,0.0120071
-0.001581,-0.001753,0.0123708,-0.0015812,-0.0017533,0.012313
-0.002082,-0.001734,0.0124688,-0.0020823,-0.0017343,0.012411
-0.001791,-0.002279,0.0121978,-0.0017914,-0.0022795,0.0121405
-0.003244,-9e-05,0.0098348,-0.003246,-9.01e-05,0.0097821
-0.003379,-0.001126,0.0141268,-0.0033791,-0.001126,0.0140672
-0.002959,-0.001119,0.0141368,-0.0029591,-0.001119,0.0140771
-0.000453,0.001531,0.0127838,-0.000453,0.0015312,0.0127257
-2e-06,0.00158,0.0126938,-2e-06,0.0015802,0.0126357
-0.000157,0.001652,0.0129288,-0.000157,0.0016522,0.0128706
-6.4e-05,0.001982,0.0128508,-6.4e-05,0.0019822,0.0127926
2.9e-05,0.001496,0.0131458,2.9e-05,0.0014961,0.0130874
-0.000555,0.001461,0.0131888,-0.000555,0.0014611,0.0131303
-0.000322,0.001857,0.0129438,-0.000322,0.0018572,0.0128855
-0.000861,0.001517,0.0132838,-0.0008611,0.0015171,0.0132252
-0.000161,0.002271,0.0122048,-0.000161,0.0022713,0.0121471
7.8e-05,0.002529,0.0122368,7.8e-05,0.0025294,0.0121792
0.00032,0.002784,0.0120138,0.0003201,0.0027847,0.0119567
-6.5e-05,0.002495,0.0125608,-6.5e-05,0.0024953,0.0125028
-2.2e-05,0.002185,0.0124768,-2.2e-05,0.0021853,0.0124189
0.000332,0.002048,0.0124738,0.000332,0.0020483,0.0124159
-0.000523,0.002688,0.0125188,-0.0005231,0.0026884,0.012461
0.000844,-0.003441,0.0134448,0.0008441,-0.0034413,0.0133859
0.001213,-0.00332,0.0134568,0.0012131,-0.0033203,0.0133979
0.000977,-0.003076,0.0134038,0.0009771,-0.0030763,0.0133449
0.002324,0.002179,0.0094068,0.0023256,0.0021805,0.0093548
-0.001779,-0.003097,0.0133928,-0.0017792,-0.0030973,0.013334
0.002886,0.001723,0.0140428,0.0028861,0.001723,0.0139832
0.002825,0.001455,0.0097828,0.0028268,0.0014559,0.0097301
0.002791,0.001475,0.0101138,0.0027927,0.0014759,0.0100606
0.00196,-0.002878,0.0094848,0.0019613,-0.0028799,0.0094327
-0.003278,0.001471,0.0098518,-0.00328,0.0014719,0.0097991
-0.002969,0.001433,0.0098188,-0.0029708,0.0014339,0.0097661
-0.000796,-0.003388,0.0133888,-0.0007961,-0.0033883,0.01333
0.0031,-0.001088,0.0134268,0.0031003,-0.0010881,0.0133679
0.002806,-0.002143,0.0133748,0.0028063,-0.0021432,0.0133161
0.002787,-0.001627,0.0133488,0.0027872,-0.0016271,0.01329
-0.002674,0.0023,0.0095608,-0.0026757,0.0023015,0.0095087
-0.002284,0.002268,0.0094338,-0.0022855,0.0022695,0.0093818
-0.001843,-0.003018,0.0091138,-0.0018443,-0.0030201,0.0090625
-0.001511,-0.002979,0.0091238,-0.001512,-0.0029811,0.0090724
-0.003254,0.001481,0.0134618,-0.0032543,0.0014812,0.0134029
-0.002931,0.001475,0.0133878,-0.0029313,0.0014751,0.0133289
-0.003333,-9e-05,0.0132958,-0.0033334,-9e-05,0.0132371
-0.00159,0.00023,0.0128448,-0.0015902,0.00023,0.0127866
-0.001218,0.000282,0.0127738,-0.0012181,0.000282,0.0127157
-0.001454,0.000654,0.0128228,-0.0014542,0.0006541,0.0127647
-0.001183,0.000894,0.0127698,-0.0011831,0.0008941,0.0127117
-0.001318,0.000112,0.0131548,-0.0013181,0.000112,0.0130964
-0.001772,0.000495,0.0128708,-0.0017722,0.000495,0.0128126
-0.001771,-0.000124,0.0129848,-0.0017712,-0.000124,0.0129265
-0.002338,6.2e-05,0.0125348,-0.0023383,6.2e-05,0.0124769
-0.001961,2e-05,0.0124458,-0.0019612,2e-05,0.0123879
-0.002603,0.00014,0.0123858,-0.0026034,0.00014,0.0123281
0.000439,0.003569,0.0138458,0.000439,0.0035692,0.0137864
0.000944,0.002801,0.0138088,0.000944,0.0028011,0.0137494
0.000831,0.003183,0.0138408,0.000831,0.0031831,0.0137814
0.000526,0.003198,0.0132758,0.000526,0.0031983,0.0132171
0.000541,0.003555,0.0130478,0.0005411,0.0035557,0.0129897
0.000316,0.001489,0.0127938,0.000316,0.0014892,0.0127357
0.000735,0.00162,0.0127538,0.0007351,0.0016202,0.0126957
0.000224,0.001821,0.0130008,0.000224,0.0018212,0.0129425
0.000409,0.00229,0.0122738,0.0004091,0.0022903,0.012216
0.000944,0.002893,0.0133988,0.0009441,0.0028932,0.0133399
0.000868,0.003175,0.0134028,0.0008681,0.0031753,0.0133439
-0.001799,0.003017,0.0094498,-0.0018002,0.003019,0.0093979
-0.00144,0.002884,0.0094568,-0.001441,0.0028859,0.0094047
-0.001835,0.002998,0.0099208,-0.0018361,0.0029998,0.009868
-0.001442,0.002875,0.0098288,-0.0014429,0.0028768,0.0097761
-0.000718,0.001696,0.0107108,-0.0007183,0.0016966,0.010655
-0.000863,0.001574,0.0109938,-0.0008632,0.0015744,0.0109375
-0.001181,0.001865,0.0108208,-0.0011815,0.0018657,0.0107653
-0.001275,0.001986,0.0110748,-0.0012755,0.0019867,0.011019
-0.00122,0.001935,0.0113558,-0.0012203,0.0019355,0.0112994
-0.001217,0.001659,0.0110398,-0.0012174,0.0016595,0.0109837
-0.00126,0.001609,0.0114498,-0.0012602,0.0016093,0.011393
-0.001243,0.001614,0.0118268,-0.0012432,0.0016142,0.0117694
-0.001833,0.002381,0.0122678,-0.0018334,0.0023816,0.0122105
-0.001654,0.002098,0.0120868,-0.0016543,0.0020984,0.0120295
-0.001643,0.002647,0.0120838,-0.0016435,0.0026478,0.012027
-0.00188,0.002704,0.0122348,-0.0018806,0.0027048,0.0121779
-0.001878,0.000183,0.0121398,-0.0018782,0.000183,0.012082
-0.001364,-5e-05,0.0120668,-0.0013642,-5e-05,0.012009
-0.001274,0.000413,0.0120918,-0.0012741,0.0004131,0.012034
-0.001539,0.000471,0.0125278,-0.0015392,0.0004711,0.0124698
-0.001583,2.4e-05,0.0125078,-0.0015832,2.4e-05,0.0124498
-0.001228,8e-05,0.0124208,-0.0012281,8e-05,0.0123629
-0.001739,-0.000152,0.0122438,-0.0017392,-0.000152,0.012186
-0.001576,-0.000339,0.0119268,-0.0015762,-0.000339,0.0118691
-0.001964,-0.000323,0.0125228,-0.0019642,-0.000323,0.0124648
-0.00068,0.00011,0.0120558,-0.0006801,0.00011,0.011998
-0.000821,1.9e-05,0.0124678,-0.0008211,1.9e-05,0.0124098
-0.000424,3e-05,0.0123358,-0.0004241,3e-05,0.0122779
-0.000829,-0.000228,0.0128018,-0.0008291,-0.000228,0.0127437
-0.000747,0.000183,0.0128428,-0.0007471,0.000183,0.0127847
-0.001349,0.000901,0.0119618,-0.0013492,0.0009011,0.0119042
-0.001247,0.000603,0.0125158,-0.0012472,0.0006031,0.0124578
-0.001254,0.000937,0.0124908,-0.0012542,0.0009371,0.0124328
-0.002261,0.000448,0.0114998,-0.0022615,0.0004481,0.0114431
-0.002334,-0.000353,0.0112358,-0.0023347,-0.0003531,0.0111797
-0.002298,4.4e-05,0.0117098,-0.0022984,4.4e-05,0.0116527
-0.002019,0.000445,0.0113568,-0.0020194,0.0004451,0.0113001
-0.00199,6.1e-05,0.0117728,-0.0019903,6.1e-05,0.0117155
-0.002445,-0.000287,0.0116878,-0.0024456,-0.0002871,0.0116309
-0.002551,-0.000106,0.0114508,-0.0025518,-0.000106,0.0113945
0.003264,-0.000434,0.0095538,0.0032661,-0.0004343,0.0095016
0.001053,-0.000338,0.0099958,0.0010533,-0.0003381,0.0099405
0.000836,-0.000549,0.0100978,0.0008362,-0.0005491,0.0100422
0.000682,-0.000319,0.0099598,0.0006822,-0.0003191,0.0099043
0.001567,-0.000663,0.0113678,0.0015672,-0.0006631,0.0113109
0.001748,-0.000528,0.0119268,0.0017482,-0.0005281,0.0118692
-0.002256,0.002273,0.0098328,-0.0022574,0.0022744,0.00978
0.002005,-0.00295,0.0138128,0.0020051,-0.0029502,0.0137534
-0.003312,0.001141,0.0098968,-0.003314,0.0011417,0.009844
-0.002986,0.001054,0.0097998,-0.0029879,0.0010547,0.0097471
-0.00073,0.000989,0.0100758,-0.0007303,0.0009893,0.0100205
-0.000877,0.001176,0.0099778,-0.0008774,0.0011766,0.0099231
-0.000439,0.000956,0.0099518,-0.0004392,0.0009563,0.0098965
-0.001216,0.001282,0.0104368,-0.0012165,0.0012825,0.0103814
-0.001048,0.000684,0.0101548,-0.0010483,0.0006842,0.0100994
-0.003237,0.000584,0.0098108,-0.003239,0.0005844,0.0097581
-0.00291,0.000649,0.0099088,-0.0029118,0.0006494,0.0098559
-0.003554,0.000683,0.0101838,-0.003556,0.0006834,0.0101306
-0.003309,0.000612,0.0101708,-0.0033109,0.0006124,0.0101175
0.002689,-0.002351,0.0094348,0.0026907,-0.0023525,0.0093829
0.001814,-0.001879,0.0114278,0.0018146,-0.0018796,0.0113716
0.002247,-0.001919,0.0115318,0.0022479,-0.0019197,0.0114758
0.00242,-0.002178,0.0116658,0.0024209,-0.0021788,0.0116099
0.002004,-0.002159,0.0117138,0.0020047,-0.0021597,0.0116574
0.002136,-0.002397,0.0116328,0.0021368,-0.0023979,0.0115769
0.00174,-0.001672,0.0117328,0.0017404,-0.0016724,0.0116758
0.002483,-0.001755,0.0117258,0.0024839,-0.0017556,0.0116696
0.001713,-0.002562,0.0116968,0.0017136,-0.0025629,0.0116407
-0.00105,0.002938,0.0094488,-0.0010507,0.00294,0.0093967
-0.000696,0.002916,0.0094828,-0.0006965,0.002918,0.0094306
-0.002487,-0.002218,0.0097998,-0.0024885,-0.0022194,0.0097471
-0.003007,-0.001894,0.0099128,-0.0030088,-0.0018951,0.00986
-0.002624,-0.001908,0.0097038,-0.0026257,-0.0019092,0.0096513
-0.003035,-0.001586,0.0097488,-0.0030369,-0.001587,0.0096963
-0.002595,-0.002391,0.0101478,-0.0025965,-0.0023924,0.0100946
0.000531,-0.003459,0.0133898,0.0005311,-0.0034594,0.013331
0.000498,-0.003066,0.0133788,0.000498,-0.0030662,0.0133199
6.9e-05,-0.003248,0.0137178,6.9e-05,-0.0032482,0.0136585
-0.002927,0.001938,0.0142558,-0.0029271,0.001938,0.0141961
-0.002585,0.001863,0.0141588,-0.002585,0.001863,0.0140991
-0.00298,0.001813,0.0145218,-0.00298,0.001813,0.0144619
-0.001142,-0.00186,0.0122268,-0.0011422,-0.0018603,0.012169
-0.00092,-0.001765,0.0125528,-0.0009201,-0.0017652,0.0124948
-0.001261,-0.001697,0.0125798,-0.0012612,-0.0016972,0.0125218
-0.001355,-0.001406,0.0124488,-0.0013552,-0.0014062,0.0123909
-0.001045,-0.002251,0.0123188,-0.0010452,-0.0022514,0.0122611
-0.001095,-0.003396,0.0130588,-0.0010952,-0.0033966,0.0130007
-0.000647,-0.003437,0.0130888,-0.0006471,-0.0034376,0.0130305
3.3e-05,-0.00106,0.0127458,3.3e-05,-0.0010601,0.0126877
-0.00044,-0.001099,0.0128078,-0.00044,-0.0010991,0.0127497
0.000171,-0.000637,0.0126998,0.000171,-0.0006371,0.0126418
5.1e-05,-0.000866,0.0131158,5.1e-05,-0.0008661,0.0130575
-0.000656,-0.000647,0.0127558,-0.0006561,-0.0006471,0.0126978
-0.000916,-0.001374,0.0132098,-0.0009161,-0.0013741,0.0131513
-0.000184,-0.001937,0.0121468,-0.000184,-0.0019372,0.0120891
-9.3e-05,-0.001667,0.0120258,-9.3e-05,-0.0016672,0.0119681
9e-06,-0.002136,0.0123208,9e-06,-0.0021363,0.012263
0.000127,-0.001396,0.0120418,0.000127,-0.0013962,0.011984
-4.7e-05,-0.001451,0.0124598,-4.7e-05,-0.0014512,0.0124019
-0.000401,-0.001488,0.0119218,-0.000401,-0.0014882,0.0118642
-0.00048,-0.00177,0.0125418,-0.0004801,-0.0017702,0.0124838
-0.000451,-0.001416,0.0123648,-0.0004511,-0.0014162,0.0123069
-0.000263,-0.002242,0.0122038,-0.000263,-0.0022423,0.0121461
-0.000714,-0.001296,0.0129318,-0.0007141,-0.0012961,0.0128736
-0.000995,-0.00071,0.0127928,-0.0009951,-0.0007101,0.0127347
-0.001138,-0.000449,0.0128718,-0.0011381,-0.000449,0.0128137
0.002246,-0.001286,0.0120838,0.0022464,-0.0012862,0.0120264
0.002158,-0.00146,0.0123328,0.0021584,-0.0014602,0.0122751
0.001623,-0.000905,0.0125118,0.0016232,-0.0009051,0.0124538
0.001414,-0.000543,0.0124668,0.0014142,-0.0005431,0.0124088
0.001075,-0.00132,0.0120648,0.0010751,-0.0013202,0.0120071
0.001329,-0.000839,0.0124868,0.0013292,-0.0008391,0.0124288
0.001287,-0.001154,0.0126098,0.0012871,-0.0011541,0.0125518
0.001099,-0.001373,0.0124458,0.0010991,-0.0013732,0.0123879
0.001363,-0.001857,0.0125368,0.0013632,-0.0018572,0.0124788
0.000975,-0.001114,0.0123198,0.0009751,-0.0011141,0.0122619
0.000802,-0.0014,0.0124488,0.0008021,-0.0014002,0.0123909
0.000965,-0.00168,0.0125388,0.0009651,-0.0016802,0.0124808
0.001113,-0.000574,0.0124878,0.0011131,-0.0005741,0.0124298
0.001115,-0.000981,0.0128478,0.0011151,-0.0009811,0.0127897
0.003382,-0.00114,0.0130198,0.0033826,-0.0011402,0.0129617
0.002725,-0.001216,0.0133178,0.0027252,-0.0012161,0.013259
0.001448,-0.000986,0.0128238,0.0014482,-0.0009861,0.0127656
0.001132,-0.001332,0.0132368,0.0011321,-0.0013321,0.0131783
0.000943,-0.001192,0.0130338,0.0009431,-0.0011921,0.0129755
0.00071,-0.001011,0.0128558,0.0007101,-0.0010111,0.0127977
0.001067,-0.00065,0.0127898,0.0010671,-0.0006501,0.0127317
0.00146,-0.000493,0.0129658,0.0014601,-0.000493,0.0129076
0.001436,-9e-05,0.0128138,0.0014362,-9e-05,0.0127557
0.001094,-6.7e-05,0.0128138,0.0010941,-6.7e-05,0.0127557
0.001412,0.000178,0.0127148,0.0014122,0.000178,0.0126567
0.000809,-0.000515,0.0128948,0.0008091,-0.0005151,0.0128367
0.000669,-0.000201,0.0127918,0.0006691,-0.000201,0.0127337
0.0017,-0.00072,0.0122498,0.0017002,-0.0007201,0.012192
0.001596,-0.000213,0.0118848,0.0015962,-0.000213,0.0118272
0.001971,-0.000229,0.0125138,0.0019712,-0.000229,0.0124558
0.001582,-0.000143,0.0125038,0.0015822,-0.000143,0.0124458
0.001761,0.000134,0.0124118,0.0017612,0.000134,0.0123539
0.001716,-0.000478,0.0125098,0.0017162,-0.0004781,0.0124518
-0.003233,-0.001536,0.0134578,-0.0032333,-0.0015362,0.0133989
0.001373,0.002798,0.0097388,0.0013739,0.0027998,0.0096862
0.001344,0.003297,0.0097508,0.0013448,0.003299,0.0096983
0.000841,0.001718,0.0108078,0.0008413,0.0017185,0.0107519
0.001197,0.001643,0.0107598,0.0011974,0.0016436,0.0107042
0.001294,0.001479,0.0110048,0.0012943,0.0014794,0.0109486
0.001008,0.001633,0.0110418,0.0010082,0.0016334,0.0109855
0.000656,0.001581,0.0110358,0.0006561,0.0015813,0.0109794
0.001141,0.001496,0.0112898,0.0011412,0.0014963,0.0112331
0.000857,0.002458,0.0115138,0.0008573,0.0024588,0.0114574
0.001081,0.003028,0.0113468,0.0010815,0.0030293,0.0112914
-0.002299,0.002694,0.0140498,-0.0022991,0.0026941,0.0139902
-0.00223,0.002638,0.0144338,-0.00223,0.002638,0.014374
0.001297,-0.003063,0.0101698,0.0012977,-0.0030648,0.0101165
0.001622,-0.003046,0.0102628,0.0016229,-0.0030477,0.0102094
0.001975,-0.002932,0.0102788,0.0019761,-0.0029336,0.0102254
0.000933,-0.001249,0.0107968,0.0009332,-0.0012493,0.0107406
0.0013,-0.000987,0.0115868,0.0013002,-0.0009871,0.0115296
0.001351,-0.001274,0.0110508,0.0013513,-0.0012743,0.0109945
0.001038,-0.001342,0.0110588,0.0010382,-0.0013423,0.0110023
0.001357,-0.000916,0.0109188,0.0013573,-0.0009162,0.0108625
0.001408,-0.001343,0.0113818,0.0014082,-0.0013432,0.011325
0.000711,-0.001355,0.0110508,0.0007111,-0.0013552,0.0109943
0.001083,-0.001396,0.0113568,0.0010832,-0.0013962,0.0113
0.001023,-0.001994,0.0114308,0.0010232,-0.0019945,0.0113742
0.001357,-0.002025,0.0114698,0.0013574,-0.0020256,0.0114133
0.001459,-0.001825,0.0117608,0.0014593,-0.0018253,0.0117037
-0.003304,0.001116,0.0134128,-0.0033043,0.0011161,0.013354
-0.002932,0.001101,0.0133748,-0.0029322,0.0011011,0.0133159
-0.003558,0.00069,0.0134288,-0.0035584,0.0006901,0.01337
-0.00328,0.000697,0.0133758,-0.0032803,0.0006971,0.013317
0.000602,-0.003027,0.0094538,0.0006024,-0.003029,0.0094017
0.003382,-0.001128,0.0098608,0.003384,-0.0011287,0.0098081
0.000925,-0.003444,0.0098918,0.0009256,-0.0034461,0.0098391
-0.002971,0.001889,0.0094628,-0.0029729,0.0018902,0.0094108
-0.0011,0.002924,0.0137588,-0.0011,0.0029241,0.0136995
-0.000757,0.002869,0.0137638,-0.000757,0.0028691,0.0137045
-0.000692,0.002422,0.0137238,-0.000692,0.0024221,0.0136646
4.7e-05,0.000735,0.0133828,4.7e-05,0.0007351,0.0133242
-9.8e-05,0.001003,0.0134818,-9.8e-05,0.0010031,0.013423
0.00026,0.001357,0.0135288,0.00026,0.0013571,0.0134699
-9.3e-05,0.001359,0.0139748,-9.3e-05,0.001359,0.0139154
-0.000101,0.000846,0.0138098,-0.000101,0.000846,0.0137506
0.000323,0.000943,0.0139448,0.000323,0.000943,0.0138855
2.8e-05,0.000909,0.0141618,2.8e-05,0.000909,0.0141023
-0.000304,0.001218,0.0134958,-0.000304,0.0012181,0.013437
-0.000594,0.001196,0.0137328,-0.000594,0.001196,0.0136737
-0.000304,0.000741,0.0135738,-0.000304,0.000741,0.0135149
-0.000495,0.000971,0.0142328,-0.000495,0.000971,0.0141732
-0.001097,0.001502,0.0131328,-0.0010971,0.0015021,0.0130744
-0.000901,0.001569,0.0127348,-0.0009011,0.0015692,0.0126767
-0.000752,0.001583,0.0130048,-0.0007521,0.0015832,0.0129465
-0.000782,0.001903,0.0129298,-0.0007821,0.0019032,0.0128715
-0.001121,0.00184,0.0133678,-0.0011211,0.0018401,0.013309
-0.000983,0.003145,0.0131218,-0.0009831,0.0031454,0.0130634
-0.000613,0.003158,0.0131958,-0.0006131,0.0031583,0.0131372
0.002771,-0.001593,0.0129758,0.0027714,-0.0015932,0.0129176
0.003109,-0.00165,0.0131168,0.0031095,-0.0016503,0.0130585
0.003324,-0.001508,0.0130158,0.0033247,-0.0015083,0.0129578
-0.000284,-0.003245,0.0101538,-0.0002842,-0.0032469,0.0101005
6.9e-05,-0.003245,0.0101138,6.9e-05,-0.0032469,0.0100606
0.001231,0.002838,0.0130578,0.0012312,0.0028383,0.0129994
0.001638,0.002743,0.0130568,0.0016382,0.0027434,0.0129984
0.001417,0.003205,0.0130258,0.0014172,0.0032056,0.0129677
0.000859,0.000794,0.0127688,0.0008591,0.0007941,0.0127107
0.00103,0.000993,0.0129538,0.0010301,0.0009931,0.0128956
0.001425,0.000904,0.0129008,0.0014251,0.0009041,0.0128426
0.001289,0.001291,0.0129708,0.0012891,0.0012911,0.0129125
0.00073,0.001234,0.0127678,0.0007301,0.0012341,0.0127097
0.001659,0.000915,0.0125718,0.0016592,0.0009151,0.0125138
0.001496,0.001226,0.0120438,0.0014962,0.0012262,0.0119861
0.000996,0.001154,0.0119768,0.0009961,0.0011541,0.0119191
0.001287,0.001498,0.0119648,0.0012872,0.0014982,0.0119072
0.001312,0.000825,0.0125488,0.0013122,0.0008251,0.0124908
0.000921,0.000786,0.0124518,0.0009211,0.0007861,0.0123938
0.00087,0.001167,0.0123568,0.0008701,0.0011672,0.0122989
0.000997,0.001546,0.0125438,0.0009971,0.0015462,0.0124858
0.001127,0.001691,0.0122098,0.0011271,0.0016912,0.012152
0.001245,0.001874,0.0124988,0.0012452,0.0018742,0.0124408
0.000799,0.001717,0.0122708,0.0007991,0.0017172,0.012213
0.000657,0.001524,0.0124798,0.0006571,0.0015242,0.0124218
0.001687,3.5e-05,0.0120718,0.0016872,3.5e-05,0.0120141
0.00226,0.000162,0.0120698,0.0022603,0.000162,0.0120122
0.002095,7e-05,0.0123448,0.0020953,7e-05,0.0122869
0.001707,0.000577,0.0124538,0.0017072,0.0005771,0.0123959
0.002857,0.000319,0.0129578,0.0028573,0.000319,0.0128995
0.002764,0.000262,0.0132768,0.0027642,0.000262,0.0132181
0.00116,0.000566,0.0128398,0.0011601,0.0005661,0.0127817
0.001474,0.000463,0.0130528,0.0014741,0.000463,0.0129945
0.001355,8.4e-05,0.0133018,0.0013551,8.4e-05,0.0132432
0.001065,-4e-06,0.0131948,0.0010651,-4e-06,0.0131364
0.000717,0.000494,0.0128628,0.0007171,0.0004941,0.0128047
0.000739,0.000129,0.0127978,0.0007391,0.000129,0.0127397
0.000673,4.8e-05,0.0130998,0.0006731,4.8e-05,0.0130415
0.002834,0.001453,0.0104438,0.0028356,0.0014538,0.0103899
0.002712,0.001805,0.0104768,0.0027135,0.001806,0.0104229
0.001188,0.000873,0.0108388,0.0011882,0.0008732,0.0107825
0.001379,0.00117,0.0107678,0.0013794,0.0011704,0.0107119
0.000962,0.001063,0.0106168,0.0009622,0.0010632,0.0105608
0.001336,0.001242,0.0113348,0.0013362,0.0012422,0.011278
0.001564,0.000733,0.0113978,0.0015642,0.0007331,0.0113409
0.001398,0.000894,0.0111498,0.0013982,0.0008941,0.0110932
0.001231,0.000883,0.0114378,0.0012312,0.0008831,0.0113808
0.002109,0.000875,0.0113068,0.0021096,0.0008752,0.0112505
0.002391,0.000817,0.0114158,0.0023917,0.0008173,0.0113595
0.001873,0.001174,0.0113878,0.0018735,0.0011743,0.0113312
0.001774,0.001258,0.0116548,0.0017743,0.0012582,0.0115977
0.001879,0.000598,0.0113978,0.0018793,0.0005981,0.011341
0.001707,0.000531,0.0118148,0.0017072,0.0005311,0.0117573
0.003381,0.001053,0.0101528,0.0033829,0.0010536,0.0100996
0.001912,0.002982,0.0102118,0.0019131,0.0029837,0.0101585
0.001923,0.002623,0.0101558,0.0019241,0.0026245,0.0101025
0.002333,0.002613,0.0103228,0.0023343,0.0026144,0.0102693
-0.002555,-0.002164,0.0133538,-0.0025552,-0.0021642,0.013295
-0.002906,-0.002086,0.0137328,-0.0029062,-0.0020861,0.0136736
-0.00294,-0.002104,0.0130898,-0.0029405,-0.0021044,0.0130316
-0.002662,-0.002335,0.0130678,-0.0026625,-0.0023354,0.0130096
-0.00162,-0.001388,0.0124168,-0.0016202,-0.0013882,0.0123589
-0.001175,-0.001137,0.0121708,-0.0011751,-0.0011371,0.012113
-0.00211,0.001561,0.0120288,-0.0021104,0.0015613,0.0119715
-0.00189,0.001519,0.0122478,-0.0018903,0.0015192,0.0121901
-0.001672,0.00161,0.0120078,-0.0016723,0.0016103,0.0119503
-0.001723,0.00179,0.0122588,-0.0017233,0.0017903,0.0122011
-0.001745,0.002007,0.0124758,-0.0017453,0.0020073,0.012418
-0.001609,0.001528,0.0124788,-0.0016092,0.0015282,0.0124209
-0.001233,0.001541,0.0124728,-0.0012332,0.0015412,0.0124148
-0.002069,0.002048,0.0124538,-0.0020694,0.0020484,0.0123961
-0.001941,0.00171,0.0124728,-0.0019413,0.0017103,0.0124149
-0.002977,0.001898,0.0130638,-0.0029775,0.0018983,0.0130056
-0.00243,0.002049,0.0128408,-0.0024304,0.0020493,0.0127828
-0.003319,0.001408,0.0130968,-0.0033196,0.0014082,0.0130386
-0.003003,0.001494,0.0130088,-0.0030035,0.0014942,0.0129506
0.000528,0.001658,0.0108078,0.0005281,0.0016584,0.0107517
0.000663,0.001579,0.0114098,0.0006631,0.0015792,0.0113529
0.000237,0.001894,0.0110698,0.0002371,0.0018945,0.0110135
0.000315,0.001939,0.0113788,0.000315,0.0019394,0.011322
0.000355,0.001663,0.0109398,0.0003551,0.0016634,0.0108835
0.000301,0.001543,0.0114588,0.000301,0.0015432,0.0114017
0.000307,0.001634,0.0117798,0.000307,0.0016342,0.0117224
7.9e-05,0.003209,0.0102938,7.9e-05,0.0032108,0.0102402
0.001263,-0.002085,0.0122178,0.0012632,-0.0020853,0.0121601
0.001392,-0.001814,0.0120738,0.0013922,-0.0018143,0.0120162
0.001101,-0.002052,0.0126218,0.0011011,-0.0020523,0.0125638
0.000906,-0.001946,0.0122608,0.0009061,-0.0019463,0.012203
0.000641,-0.003446,0.0130798,0.0006411,-0.0034466,0.0130216
0.000548,-0.003062,0.0130128,0.0005481,-0.0030624,0.0129545
0.000837,-0.000757,0.0126998,0.0008371,-0.0007571,0.0126417
0.000356,-0.001005,0.0130568,0.000356,-0.0010051,0.0129985
0.000469,-0.001382,0.0131708,0.000469,-0.0013821,0.0131124
0.00046,-0.001878,0.0121318,0.0004601,-0.0018782,0.0120741
0.000696,-0.00135,0.0121278,0.0006961,-0.0013502,0.01207
0.00027,-0.001677,0.0124958,0.00027,-0.0016772,0.0124378
0.000343,-0.002217,0.0121858,0.0003431,-0.0022173,0.0121281
-0.003183,0.000288,0.0102788,-0.0031848,0.0002882,0.0102252
-0.002846,0.00035,0.0101258,-0.0028477,0.0003502,0.0100724
-0.001781,6.4e-05,0.0106298,-0.0017816,6.4e-05,0.0105741
-0.001526,-0.000252,0.0105798,-0.0015264,-0.0002521,0.0105239
-0.001592,-3e-05,0.0114428,-0.0015922,-3e-05,0.0113858
-0.001567,-1.2e-05,0.0111268,-0.0015673,-1.2e-05,0.0110702
-0.001218,0.000125,0.0110858,-0.0012182,0.000125,0.0110292
-0.001522,0.000437,0.0111018,-0.0015223,0.0004371,0.0110452
-0.001743,-0.000157,0.0108558,-0.0017434,-0.000157,0.0107997
-0.001876,-0.000325,0.0106188,-0.0018767,-0.0003251,0.0105633
-0.001973,-0.000362,0.0113228,-0.0019734,-0.0003621,0.0112662
-0.001958,-0.000175,0.0110938,-0.0019585,-0.000175,0.0110375
-0.001118,0.000252,0.0107458,-0.0011182,0.000252,0.0106895
-0.000802,0.000174,0.0107738,-0.0008021,0.000174,0.0107174
-0.000745,0.000139,0.0114598,-0.0007451,0.000139,0.0114027
-0.000875,6.7e-05,0.0111078,-0.0008751,6.7e-05,0.0110511
-0.000552,0.000215,0.0109518,-0.0005521,0.000215,0.0108952
-0.000877,-0.000198,0.0113018,-0.0008771,-0.000198,0.0112449
-0.001247,0.000584,0.0114228,-0.0012471,0.0005841,0.0113658
-0.00119,0.000463,0.0111158,-0.0011901,0.0004631,0.0110591
-0.001172,-9.9e-05,0.0109568,-0.0011722,-9.9e-05,0.0109003
-0.001217,-0.000275,0.0107548,-0.0012172,-0.000275,0.0106985
-0.001218,-0.000162,0.0112668,-0.0012181,-0.000162,0.01121
-0.001334,9.8e-05,0.0113768,-0.0013341,9.8e-05,0.0113198
-0.001621,-0.000547,0.0107448,-0.0016214,-0.0005471,0.0106888
-0.001601,-0.000747,0.0111548,-0.0016013,-0.0007471,0.0110983
-0.001551,-0.000324,0.0113968,-0.0015512,-0.000324,0.0113398
-0.001216,-0.000666,0.0111958,-0.0012162,-0.0006661,0.0111391
-0.001939,0.000232,0.0115298,-0.0019393,0.000232,0.0114728
-0.001601,0.000211,0.0115008,-0.0016012,0.000211,0.0114437
-0.001184,0.000146,0.0117448,-0.0011841,0.000146,0.0116873
-0.001802,-0.000113,0.0116078,-0.0018022,-0.000113,0.0115506
0.002385,0.002112,0.0138208,0.0023851,0.0021121,0.0137614
0.002765,0.00221,0.0138668,0.0027651,0.0022101,0.0138074
0.00241,0.002152,0.0134048,0.0024102,0.0021522,0.0133459
0.002799,0.00217,0.0134548,0.0027993,0.0021702,0.0133959
-0.002958,0.001877,0.0105638,-0.0029596,0.001878,0.0105099
-0.002638,0.001835,0.0105318,-0.0026394,0.001836,0.0104778
-0.003306,0.001349,0.0102348,-0.0033078,0.0013497,0.0101814
-0.001939,-0.002893,0.0094988,-0.0019403,-0.0028949,0.0094468
-0.001609,-0.003129,0.0094208,-0.00161,-0.003131,0.0093689
-0.003268,-0.00046,0.0097648,-0.00327,-0.0004603,0.0097122
-0.002869,-0.000485,0.0099028,-0.0028708,-0.0004853,0.0098498
-0.000385,-0.000358,0.0099738,-0.0003851,-0.0003581,0.0099181
-0.00358,-0.0003,0.0103168,-0.003582,-0.0003002,0.0102633
0.002838,0.001397,0.0136678,0.0028381,0.0013971,0.0136086
0.000601,-0.003494,0.0097658,0.0006014,-0.0034961,0.0097133
0.000571,-0.002972,0.0098178,0.0005714,-0.0029739,0.009765
-0.003305,0.001099,0.0130268,-0.0033056,0.0010992,0.0129687
-0.002931,0.001122,0.0129758,-0.0029314,0.0011222,0.0129175
-0.000908,0.000864,0.0128298,-0.0009081,0.0008641,0.0127717
-0.000699,0.001009,0.0129678,-0.0006991,0.0010091,0.0129096
-0.000867,0.00131,0.0129178,-0.0008671,0.0013101,0.0128596
-0.001187,0.000467,0.0131988,-0.0011871,0.000467,0.0131404
-0.001842,0.001021,0.0121998,-0.0018423,0.0010211,0.012142
-0.001595,0.000933,0.0121728,-0.0015952,0.0009331,0.012115
-0.001526,0.000854,0.0124828,-0.0015262,0.0008541,0.0124248
-0.00161,0.001242,0.0120398,-0.0016102,0.0012422,0.0119821
-0.001334,0.001417,0.0121148,-0.0013342,0.0014172,0.0120571
-0.001677,0.001128,0.0124548,-0.0016772,0.0011281,0.0123969
-0.001789,0.000689,0.0123148,-0.0017892,0.0006891,0.0122569
-0.003295,0.000668,0.0129858,-0.0032955,0.0006681,0.0129276
0.000217,0.00149,0.0120598,0.000217,0.0014902,0.012002
0.000217,0.001646,0.0124988,0.000217,0.0016462,0.0124408
0.000366,0.001849,0.0121248,0.000366,0.0018492,0.0120671
-0.000159,0.001877,0.0123648,-0.000159,0.0018772,0.0123069
-9.9e-05,0.001536,0.0123948,-9.9e-05,0.0015362,0.0123369
-0.003191,-0.001485,0.0130478,-0.0031915,-0.0014853,0.0129896
-0.000216,-0.003152,0.0134208,-0.000216,-0.0031522,0.0133619
6.1e-05,-0.003245,0.0133438,6.1e-05,-0.0032453,0.013285
-0.002447,-0.002644,0.0102038,-0.0024484,-0.0026455,0.0101505
-0.002122,-0.002698,0.0101608,-0.0021232,-0.0026996,0.0101076
-0.00261,0.001884,0.0133348,-0.0026102,0.0018842,0.013276
0.00308,-0.000468,0.0102778,0.0030818,-0.0004683,0.0102242
0.002886,-0.001996,0.0101488,0.0028876,-0.0019971,0.0100956
0.002836,-0.001612,0.0101258,0.0028377,-0.0016129,0.0100725
-0.000972,0.003191,0.0102018,-0.0009726,0.0031928,0.0101485
-0.000613,0.003143,0.0102388,-0.0006134,0.0031448,0.0101853
-0.000716,0.002819,0.0134338,-0.000716,0.0028192,0.0133749
-0.001462,0.002828,0.0129878,-0.0014622,0.0028284,0.0129295
-0.001069,0.002798,0.0130348,-0.0010691,0.0027983,0.0129764
-0.001139,0.001652,0.0121908,-0.0011391,0.0016522,0.012133
-0.000671,0.001725,0.0120828,-0.0006711,0.0017252,0.0120251
-0.000829,0.001532,0.0123648,-0.0008291,0.0015322,0.0123069
-0.000442,0.001546,0.0123368,-0.0004421,0.0015462,0.0122789
-0.000974,0.00194,0.0122348,-0.0009741,0.0019403,0.012177
-0.001215,0.001974,0.0123748,-0.0012152,0.0019743,0.0123169
0.000941,0.002815,0.0129788,0.0009411,0.0028153,0.0129205
0.000912,0.002782,0.0093898,0.0009126,0.0027839,0.0093377
0.000846,0.003166,0.0093878,0.0008466,0.0031681,0.0093359
0.000962,0.002824,0.0097658,0.0009626,0.0028258,0.0097131
0.0009,0.00316,0.0097948,0.0009006,0.003162,0.0097421
0.0009,0.003198,0.0101498,0.0009005,0.0031998,0.0100965
0.000932,0.003473,0.0102578,0.0009325,0.0034749,0.0102044
-0.003195,-0.001565,0.0094408,-0.0031971,-0.001566,0.0093889
-0.001854,0.003035,0.0137828,-0.0018541,0.0030352,0.0137235
-0.001504,0.002893,0.0136968,-0.0015041,0.0028931,0.0136375
0.00277,0.001758,0.0134108,0.0027702,0.0017581,0.0133519
-0.003,0.001093,0.0101508,-0.0030018,0.0010936,0.0100975
0.003381,0.001084,0.0135548,0.0033813,0.0010841,0.0134958
-0.001897,-0.002245,0.0133398,-0.0018971,-0.0022452,0.013281
-0.002196,-0.002228,0.0136788,-0.0021961,-0.0022281,0.0136196
-0.002472,-0.002637,0.0130338,-0.0024725,-0.0026375,0.0129757
-0.002197,-0.002681,0.0130748,-0.0021974,-0.0026814,0.0130166
0.002819,-0.00156,0.0105018,0.0028205,-0.0015608,0.0104478
0.002824,-0.001545,0.0107838,0.0028254,-0.0015458,0.0107294
0.003097,-0.001115,0.0101808,0.0030988,-0.0011156,0.0101275
0.003437,-0.001024,0.0101738,0.0034389,-0.0010246,0.0101206
0.00311,0.000808,0.0130858,0.0031104,0.0008081,0.0130274
0.003458,0.000765,0.0130788,0.0034586,0.0007651,0.0130206
-0.002898,-0.000833,0.0099928,-0.0028998,-0.0008335,0.0099397
-0.003532,-0.000668,0.0101828,-0.003534,-0.0006684,0.0101295
-0.003361,-0.000866,0.0102718,-0.0033629,-0.0008665,0.0102184
-0.001102,-0.003394,0.0126448,-0.0011023,-0.0033949,0.0125874
0.000533,-0.003493,0.0126628,0.0005331,-0.0034939,0.0126054
0.000583,-0.003086,0.0126508,0.0005831,-0.0030866,0.0125931
0.003415,-0.001011,0.0127168,0.0034158,-0.0010112,0.0126593
-0.001746,-0.000759,0.0120458,-0.0017462,-0.0007591,0.0119881
-0.001233,-0.000276,0.0116798,-0.0012331,-0.000276,0.0116224
-0.001186,-0.000642,0.0124258,-0.0011861,-0.0006421,0.0123679
0.001893,-0.002669,0.0133978,0.0018932,-0.0026692,0.0133389
0.002244,-0.002697,0.0134508,0.0022442,-0.0026973,0.0133919
0.001264,0.002765,0.0127078,0.0012642,0.0027655,0.0126499
-0.003358,-0.001092,0.0095378,-0.0033602,-0.0010927,0.0094857
0.002864,-0.002063,0.0126638,0.0028647,-0.0020635,0.0126064
0.002794,-0.001655,0.0125998,0.0027946,-0.0016554,0.0125422
0.002788,-0.002056,0.0122398,0.0027889,-0.0020567,0.0121831
0.002715,-0.001649,0.0122918,0.0027157,-0.0016494,0.0122347
-0.003213,-0.001538,0.0105198,-0.0032147,-0.0015388,0.010466
-0.000955,-0.001509,0.0109358,-0.0009552,-0.0015094,0.0108796
-0.000692,-0.001397,0.0116008,-0.0006921,-0.0013972,0.0115435
-0.001098,-0.000977,0.0114088,-0.0010981,-0.0009771,0.0113518
-0.001195,-0.001163,0.0110698,-0.0011952,-0.0011632,0.0110133
-0.001249,-0.001329,0.0114568,-0.0012492,-0.0013292,0.0113998
-0.001219,-0.00132,0.0118258,-0.0012192,-0.0013202,0.0117683
-0.001082,-0.001951,0.0115058,-0.0010822,-0.0019514,0.011449
-0.000838,-0.002143,0.0113888,-0.0008382,-0.0021436,0.0113323
-0.001201,-0.001845,0.0118348,-0.0012012,-0.0018453,0.0117775
-0.001049,-0.002279,0.0115628,-0.0010493,-0.0022796,0.0115062
-0.001177,-0.002481,0.0118568,-0.0011773,-0.0024817,0.0117999
-0.003524,0.00067,0.0105168,-0.0035259,0.0006704,0.010463
-0.00323,0.000721,0.0105158,-0.0032317,0.0007214,0.0104619
-0.001358,0.00085,0.0113268,-0.0013582,0.0008501,0.0112699
-0.001277,0.001284,0.0114378,-0.0012772,0.0012842,0.0113808
-0.001813,0.001391,0.0117038,-0.0018133,0.0013913,0.0116467
-0.001111,0.000903,0.0117708,-0.0011111,0.0009031,0.0117133
-0.001683,0.001676,0.0117498,-0.0016834,0.0016763,0.0116928
-0.001828,0.000595,0.0116128,-0.0018283,0.0005951,0.0115556
-0.001107,-0.00338,0.0098828,-0.0011077,-0.003382,0.0098301
-0.000736,-0.003401,0.0099108,-0.0007365,-0.003403,0.009858
-0.001191,-0.003028,0.0098548,-0.0011917,-0.0030299,0.009802
-0.003312,-0.001137,0.0134988,-0.0033123,-0.0011371,0.0134399
-0.002976,-0.001015,0.0134728,-0.0029762,-0.0010151,0.0134138
-0.00303,0.0018,0.0126618,-0.0030308,0.0018005,0.0126044
-0.002627,0.001826,0.0126258,-0.0026275,0.0018264,0.0125681
-0.003574,-1.4e-05,0.0106008,-0.0035759,-1.4e-05,0.0105468
-1.4e-05,-0.001275,0.0114218,-1.4e-05,-0.0012751,0.0113648
3e-05,-0.001794,0.0116878,3e-05,-0.0017942,0.0116305
-1.6e-05,-0.002355,0.0117528,-1.6e-05,-0.0023555,0.0116957
-0.000426,-0.001287,0.0113468,-0.0004261,-0.0012871,0.0112899
-0.000278,-0.002272,0.0115808,-0.0002781,-0.0022725,0.0115239
-0.000366,-0.003405,0.0105008,-0.0003662,-0.0034068,0.010447
-0.000682,-0.003427,0.0105838,-0.0006824,-0.0034288,0.0105298
-0.000607,-0.002912,0.0105218,-0.0006073,-0.0029136,0.0104677
-0.000328,-0.003053,0.0105468,-0.0003282,-0.0030546,0.0104927
-6.1e-05,-0.000957,0.0114498,-6.1e-05,-0.0009571,0.0113927
-5.6e-05,-0.001327,0.0110248,-5.6e-05,-0.0013272,0.0109682
-4.4e-05,-0.000987,0.0109378,-4.4e-05,-0.0009871,0.0108813
-0.000345,-0.000744,0.0112368,-0.000345,-0.0007441,0.01118
-0.000483,-0.00097,0.0114158,-0.000483,-0.0009701,0.0113588
0.000535,-0.002989,0.0101518,0.0005353,-0.0029908,0.0100984
-0.000639,-0.001239,0.0121268,-0.0006391,-0.0012391,0.012069
-0.000779,-0.001413,0.0124698,-0.0007791,-0.0014132,0.0124119
-0.001388,-0.001047,0.0124418,-0.0013882,-0.0010471,0.0123839
-0.001078,-0.00139,0.0124268,-0.0010781,-0.0013902,0.0123689
-0.002143,-0.002959,0.0126868,-0.0021436,-0.0029598,0.0126294
-0.001797,-0.003082,0.0128128,-0.0017974,-0.0030827,0.0127551
-0.001816,0.002959,0.0134048,-0.0018162,0.0029593,0.013346
-0.001498,0.002886,0.0133628,-0.0014981,0.0028863,0.013304
0.003062,0.001125,0.0105728,0.0030636,0.0011256,0.0105188
0.003362,0.001122,0.0104898,0.0033638,0.0011226,0.010436
0.001902,0.002666,0.0122668,0.0019026,0.0026668,0.0122098
0.001295,0.002854,0.0101558,0.0012958,0.0028557,0.0101025
0.003469,0.000706,0.0102468,0.0034709,0.0007064,0.0101934
0.001291,0.00327,0.0105748,0.0012917,0.0032717,0.0105209
0.001317,0.00169,0.0114528,0.0013173,0.0016904,0.011396
0.001034,0.001942,0.0114068,0.0010342,0.0019425,0.0113502
0.001352,0.002012,0.0117678,0.0013523,0.0020124,0.0117108
0.001314,0.001616,0.0116938,0.0013142,0.0016163,0.0116366
0.001035,0.001651,0.0117348,0.0010351,0.0016512,0.0116775
0.000857,0.00176,0.0115418,0.0008571,0.0017603,0.0114848
0.000701,0.0016,0.0117678,0.0007011,0.0016002,0.0117104
0.001611,0.002558,0.0105028,0.0016119,0.0025594,0.0104487
0.001629,0.002428,0.0107978,0.0016298,0.0024292,0.0107432
0.001563,0.002934,0.0109518,0.0015638,0.0029354,0.0108971
0.001157,-0.003398,0.0130558,0.0011572,-0.0033986,0.0129977
0.001289,-0.003039,0.0131598,0.0012892,-0.0030394,0.0131013
0.001972,2.5e-05,0.0117448,0.0019723,2.5e-05,0.0116875
0.001714,0.000201,0.0117978,0.0017142,0.000201,0.0117404
0.001702,-9.3e-05,0.0115288,0.0017022,-9.3e-05,0.0114717
0.001433,0.000421,0.0115358,0.0014332,0.000421,0.0114786
0.001434,-0.00031,0.0106188,0.0014343,-0.0003101,0.0105628
0.001399,9.9e-05,0.0113388,0.0013992,9.9e-05,0.0112819
0.001412,-8.6e-05,0.0110128,0.0014122,-8.6e-05,0.0109563
0.001106,5.8e-05,0.0110438,0.0011061,5.8e-05,0.0109872
0.001444,0.000409,0.0110278,0.0014442,0.0004091,0.0109713
0.001066,-0.000153,0.0113388,0.0010661,-0.000153,0.0112819
0.000757,9.3e-05,0.0111368,0.0007571,9.3e-05,0.0110801
0.001212,-0.000544,0.0107118,0.0012122,-0.0005441,0.0106556
0.001372,-0.000615,0.0110688,0.0013722,-0.0006151,0.0110122
0.00107,-0.000651,0.0110448,0.0010701,-0.0006511,0.0109882
0.000893,-0.000495,0.0107818,0.0008931,-0.0004951,0.0107254
0.000127,-0.003299,0.0126138,0.000127,-0.0032997,0.0125563
6.5e-05,-0.003286,0.0129548,6.5e-05,-0.0032865,0.0128967
0.001939,-0.002712,0.0098708,0.0019402,-0.0027136,0.009818
0.002325,-0.002594,0.0097888,0.0023264,-0.0025956,0.0097362
0.001888,-0.002637,0.0102168,0.0018891,-0.0026385,0.0101634
0.002284,-0.002715,0.0101828,0.0022853,-0.0027165,0.0101296
0.001628,-0.002674,0.0101378,0.001629,-0.0026756,0.0100845
0.00046,0.003562,0.0101228,0.0004603,0.003564,0.0100697
-0.003125,-0.001635,0.0101898,-0.0031268,-0.0016359,0.0101365
0.003343,-0.000371,0.0130838,0.0033435,-0.0003711,0.0130255
-0.002704,0.002252,0.0102118,-0.0027055,0.0022533,0.0101585
-0.00229,0.002229,0.0101808,-0.0022913,0.0022303,0.0101274
0.001224,-0.003357,0.0109668,0.0012246,-0.0033586,0.0109122
0.001235,-0.00306,0.0107998,0.0012356,-0.0030615,0.0107454
0.000492,-0.002265,0.0115918,0.0004921,-0.0022655,0.011535
0.000657,-0.001353,0.0114178,0.0006571,-0.0013532,0.0113608
0.000325,-0.001322,0.0114448,0.000325,-0.0013221,0.0113877
0.000352,-0.001359,0.0117818,0.000352,-0.0013591,0.0117243
0.000287,-0.002492,0.0118668,0.0002871,-0.0024925,0.0118097
0.001013,-0.001007,0.0113858,0.0010131,-0.0010071,0.0113288
0.001314,-0.001366,0.0117608,0.0013142,-0.0013662,0.0117034
0.000828,-0.001185,0.0115778,0.0008281,-0.0011851,0.0115206
0.000724,-0.000986,0.0114438,0.0007241,-0.0009861,0.0113867
0.000696,-0.001322,0.0117958,0.0006961,-0.0013221,0.0117383
0.00195,-0.002962,0.0109408,0.0019509,-0.0029634,0.0108863
-0.001955,-0.002883,0.0098568,-0.0019562,-0.0028847,0.0098041
-0.001638,-0.003078,0.0098608,-0.001639,-0.0030799,0.0098081
-0.003263,0.001435,0.0105528,-0.0032647,0.0014358,0.0104989
-0.002947,0.001453,0.0104878,-0.0029486,0.0014538,0.0104339
0.000162,0.003189,0.0131518,0.000162,0.0031893,0.0130933
-0.000447,0.001605,0.0120598,-0.0004471,0.0016052,0.0120021
-0.000149,0.001577,0.0120978,-0.000149,0.0015772,0.01204
-0.003222,0.000673,0.0109118,-0.0032236,0.0006733,0.0108572
-0.000362,-0.003472,0.0108908,-0.0003622,-0.0034737,0.0108363
0.002781,0.00215,0.0103028,0.0027826,0.0021512,0.0102493
-0.001014,0.002918,0.0098188,-0.0010146,0.0029198,0.009766
-8.9e-05,0.000927,0.0099788,-8.9e-05,0.0009272,0.0099233
-0.000198,0.001204,0.0100548,-0.000198,0.0012044,0.0099995
-7.1e-05,0.00106,0.0103518,-7.1e-05,0.0010602,0.0102958
-2e-05,0.000762,0.0106078,-2e-05,0.0007621,0.0105515
-0.000465,0.001214,0.0107448,-0.0004651,0.0012142,0.0106885
-0.000384,0.000685,0.0100718,-0.0003841,0.0006851,0.0100161
-0.001386,0.002805,0.0101718,-0.0013868,0.0028066,0.0101184
-0.001072,0.00285,0.0101618,-0.0010726,0.0028517,0.0101084
-0.001616,0.00291,0.0101868,-0.0016169,0.0029117,0.0101335
6.4e-05,0.003223,0.0112438,6.4e-05,0.0032244,0.0111886
0.000449,0.00323,0.0112038,0.0004492,0.0032315,0.0111487
0.000124,0.003222,0.0109288,0.0001241,0.0032236,0.0108741
0.002806,0.001879,0.0109678,0.0028074,0.0018799,0.0109131
0.000157,-0.003312,0.0104758,0.0001571,-0.0033138,0.0104219
0.00046,-0.003411,0.0104218,0.0004602,-0.0034129,0.0103681
0.000538,-0.003062,0.0104928,0.0005383,-0.0030637,0.0104388
0.000326,-0.00095,0.0114588,0.000326,-0.0009501,0.0114017
0.000367,-0.001033,0.0110468,0.000367,-0.0010331,0.0109902
0.000367,-0.000642,0.0112698,0.000367,-0.0006421,0.011213
0.00041,-0.001325,0.0109378,0.0004101,-0.0013252,0.0108813
-0.00153,-0.003246,0.0123528,-0.0015305,-0.003247,0.012296
-0.00121,-0.003346,0.0123388,-0.0012104,-0.0033471,0.012282
0.000925,-0.003091,0.0106348,0.0009255,-0.0030926,0.0105806
0.001288,-0.003,0.0104678,0.0012887,-0.0030016,0.010414
0.001271,-0.002672,0.0104798,0.0012717,-0.0026735,0.0104258
-0.002439,-0.002636,0.0106118,-0.0024403,-0.0026374,0.0105578
-0.002163,-0.002781,0.0105768,-0.0021641,-0.0027825,0.0105229
0.00303,-0.001628,0.0110528,0.0030314,-0.0016288,0.010998
0.003257,-0.001591,0.0109158,0.0032586,-0.0015918,0.0108613
0.002382,0.002552,0.0110218,0.0023831,0.0025532,0.0109671
0.001143,-0.00338,0.0127048,0.0011433,-0.0033808,0.0126473
0.001295,-0.003024,0.0127208,0.0012953,-0.0030246,0.0126631
0.003341,-1.1e-05,0.0123678,0.0033419,-1.1e-05,0.0123107
0.001421,0.000101,0.0121328,0.0014212,0.000101,0.012075
0.001418,0.000386,0.0124608,0.0014182,0.000386,0.0124029
0.001408,7.4e-05,0.0124438,0.0014082,7.4e-05,0.0123859
0.001165,-0.000241,0.0120748,0.0011651,-0.000241,0.012017
0.000854,6.8e-05,0.0124998,0.0008541,6.8e-05,0.0124418
0.001201,-0.000182,0.0124918,0.0012011,-0.000182,0.0124338
0.000954,-0.000496,0.0122068,0.0009541,-0.0004961,0.0121489
0.003077,-0.001105,0.0123228,0.0030779,-0.0011053,0.0122657
0.003393,-0.001068,0.0123908,0.003394,-0.0010683,0.0123339
0.00319,-0.001505,0.0124528,0.0031909,-0.0015054,0.0123958
0.001685,-0.003083,0.0131398,0.0016852,-0.0030835,0.0130814
0.002082,-0.002891,0.0130718,0.0020824,-0.0028915,0.0130136
-0.002672,0.002285,0.0126968,-0.0026727,0.0022856,0.0126393
-0.002295,0.002255,0.0126678,-0.0022955,0.0022555,0.0126101
0.001961,-0.002636,0.0105238,0.0019621,-0.0026374,0.0104699
0.002303,-0.002632,0.0105738,0.0023042,-0.0026334,0.0105198
-0.003306,0.001415,0.0109298,-0.0033076,0.0014157,0.0108753
-0.00355,0.000655,0.0127348,-0.0035509,0.0006552,0.0126773
-0.00329,0.000634,0.0126358,-0.0032908,0.0006341,0.0125783
-0.002695,0.002243,0.0137858,-0.0026952,0.0022431,0.0137265
-0.002282,0.002203,0.0137398,-0.0022821,0.0022031,0.0136805
-0.002318,0.002221,0.0105368,-0.0023192,0.0022222,0.0104828
-0.002719,0.002298,0.0109838,-0.0027203,0.0022991,0.0109292
-0.002578,0.001877,0.0112028,-0.0025792,0.0018778,0.0111476
-0.002452,0.002045,0.0117868,-0.0024529,0.0020457,0.0117306
-0.00334,0.001185,0.0125818,-0.0033409,0.0011853,0.0125246
-0.003357,-0.000788,0.0126738,-0.0033578,-0.0007882,0.0126163
0.000564,-0.003486,0.0122978,0.0005642,-0.0034871,0.012241
0.000938,-0.003419,0.0123898,0.0009383,-0.0034201,0.0123329
0.000556,-0.00309,0.0122758,0.0005561,-0.0030908,0.0122187
0.000394,-0.001248,0.0120308,0.000394,-0.0012481,0.0119731
0.000499,-0.001039,0.0121628,0.0004991,-0.0010391,0.012105
0.000202,-0.001038,0.0123548,0.000202,-0.0010381,0.0122969
-3.5e-05,-0.000738,0.0123788,-3.5e-05,-0.0007381,0.0123209
0.000397,-0.000686,0.0123328,0.000397,-0.0006861,0.0122749
0.003383,-0.001109,0.0104858,0.0033848,-0.0011096,0.010432
0.000526,0.003532,0.0124078,0.0005262,0.0035331,0.0123509
-0.003193,-0.001532,0.0126768,-0.0031938,-0.0015324,0.0126194
-0.001379,-0.003346,0.0106268,-0.0013797,-0.0033477,0.0105728
-0.001081,-0.003306,0.0105668,-0.0010816,-0.0033077,0.0105128
-0.002312,0.002276,0.0123018,-0.0023126,0.0022766,0.0122447
-0.001104,0.00103,0.0121138,-0.0011041,0.0010301,0.012056
-0.000383,0.001126,0.0120918,-0.000383,0.0011261,0.012034
-0.001079,0.00071,0.0122208,-0.0010791,0.0007101,0.0121629
-0.001882,-0.00298,0.0102578,-0.0018831,-0.0029817,0.0102044
-0.001573,-0.003009,0.0102468,-0.0015739,-0.0030107,0.0101934
-0.002556,-0.002561,0.0127278,-0.0025567,-0.0025616,0.0126703
-0.002272,-0.002675,0.0127368,-0.0022725,-0.0026756,0.0126792
-0.002585,-0.002254,0.0126598,-0.0025856,-0.0022545,0.0126023
-0.002988,-0.001854,0.0128158,-0.0029887,-0.0018544,0.0127581
-0.002651,-0.001795,0.0126348,-0.0026515,-0.0017954,0.0125771
-0.001105,0.003295,0.0105818,-0.0011056,0.0032967,0.0105278
0.003398,-0.000458,0.0109838,0.0033997,-0.0004582,0.0109291
0.002415,-0.002608,0.0131118,0.0024154,-0.0026084,0.0130535
0.002779,-0.001703,0.0109498,0.0027803,-0.0017038,0.0108951
-0.001059,0.002888,0.0126468,-0.0010592,0.0028885,0.012589
0.003048,0.001117,0.0109898,0.0030495,0.0011175,0.010935
0.003383,0.001107,0.0109488,0.0033846,0.0011075,0.0108942
0.002791,0.001729,0.0126798,0.0027916,0.0017294,0.0126221
0.002361,0.00218,0.0124318,0.0023616,0.0021805,0.0123745
0.002726,0.002245,0.0124448,0.0027268,0.0022457,0.0123878
0.003352,-0.001154,0.0109128,0.0033536,-0.0011546,0.0108583
0.000211,-0.003418,0.0122968,0.0002111,-0.0034191,0.0122399
6e-06,-0.003237,0.0122598,6e-06,-0.0032379,0.0122028
-0.001431,0.002844,0.0126398,-0.0014313,0.0028446,0.0125821
-0.003282,0.001137,0.0105618,-0.0032837,0.0011376,0.0105079
-0.001142,0.00095,0.0107368,-0.0011423,0.0009502,0.0106806
-0.000845,0.001151,0.0113338,-0.0008451,0.0011511,0.0112769
-0.001228,0.001157,0.0111418,-0.0012282,0.0011572,0.0110852
-0.000841,0.001291,0.0110488,-0.0008411,0.0012912,0.0109923
-0.001039,0.000597,0.0108648,-0.0010392,0.0005971,0.0108083
-0.002892,0.001083,0.0109138,-0.0028934,0.0010835,0.0108591
-0.001462,-0.003285,0.0102448,-0.0014628,-0.0032868,0.0101914
-0.001099,-0.00329,0.0101898,-0.0010996,-0.0032919,0.0101365
0.000516,-0.003476,0.0109528,0.0005163,-0.0034777,0.0108982
-0.003178,-0.001522,0.0109858,-0.0031795,-0.0015227,0.0109312
-0.002845,-0.002155,0.0116008,-0.0028462,-0.0021559,0.0115452
0.001197,-0.000546,0.0113818,0.0011971,-0.0005461,0.0113248
0.001379,-0.000289,0.0115838,0.0013792,-0.000289,0.0115266
0.000864,-0.000472,0.0115008,0.0008641,-0.000472,0.0114436
0.000669,-0.00016,0.0114428,0.0006691,-0.00016,0.0113857
0.001432,7e-05,0.0117428,0.0014322,7e-05,0.0116854
0.001006,0.000237,0.0114078,0.0010061,0.000237,0.0113508
0.000718,0.00014,0.0114158,0.0007181,0.00014,0.0113588
0.000765,0.00012,0.0117158,0.0007651,0.00012,0.0116584
-0.002282,0.002139,0.0133948,-0.0022822,0.0021392,0.0133359
-0.000987,-0.003088,0.0113288,-0.0009874,-0.0030894,0.0112734
-0.000634,-0.003041,0.0112088,-0.0006343,-0.0030424,0.0111536
-0.000823,-0.002818,0.0117588,-0.0008233,-0.0028189,0.0117024
0.00313,0.000747,0.0109938,0.0031315,0.0007474,0.010939
0.003461,0.000734,0.0109798,0.0034627,0.0007344,0.0109252
0.001353,0.002894,0.0122608,0.0013534,0.0028948,0.0122038
0.001289,0.003282,0.0122788,0.0012894,0.0032831,0.0122221
0.001241,0.002479,0.0126598,0.0012412,0.0024794,0.0126018
0.000914,0.002825,0.0123158,0.0009142,0.0028256,0.0122584
0.000867,0.003133,0.0123218,0.0008672,0.0031339,0.0122647
0.002751,-0.001626,0.0112048,0.0027522,-0.0016267,0.0111496
0.002775,-0.001035,0.0118008,0.0027759,-0.0010353,0.0117443
0.002935,-0.001346,0.0117588,0.0029361,-0.0013465,0.0117027
-0.001827,0.002992,0.0105608,-0.001828,0.0029936,0.0105069
0.001908,0.002564,0.0119318,0.0019086,0.0025649,0.0118754
0.002361,0.002613,0.0119668,0.0023619,0.0026139,0.0119106
0.00188,0.0029,0.0116988,0.0018807,0.0029012,0.011643
0.002344,0.002196,0.0119678,0.0023448,0.0021967,0.0119113
0.002772,0.002209,0.0119528,0.002773,0.0022098,0.0118966
-0.003356,0.001076,0.0122648,-0.0033571,0.0010764,0.0122081
-0.003003,0.001091,0.0122848,-0.0030038,0.0010913,0.0122277
-0.00355,0.000682,0.0124198,-0.0035511,0.0006822,0.0123629
-0.003313,0.000649,0.0122808,-0.003314,0.0006492,0.0122239
0.002061,-0.002801,0.0126548,0.0020615,-0.0028017,0.0125974
0.002372,-0.002553,0.0127508,0.0023725,-0.0025536,0.0126932
0.001756,-0.002545,0.0127248,0.0017563,-0.0025454,0.0126669
0.000547,-0.003464,0.0119158,0.0005472,-0.0034653,0.0118596
0.00084,-0.003487,0.0119978,0.0008403,-0.0034883,0.0119416
0.000558,-0.003122,0.0119248,0.0005582,-0.003123,0.0118683
0.002044,-0.002563,0.0109798,0.002045,-0.0025642,0.0109251
0.002365,-0.00269,0.0109388,0.0023661,-0.0026913,0.0108843
0.001697,-0.002677,0.0108058,0.0016978,-0.0026783,0.0107513
-0.003282,-0.001475,0.0123288,-0.0032831,-0.0014755,0.012272
-0.003149,-0.001507,0.0118918,-0.0031502,-0.0015076,0.0118357
0.00122,0.002825,0.0109558,0.0012206,0.0028264,0.010901
-0.003274,-5e-05,0.0119388,-0.0032752,-5e-05,0.0118824
-0.003232,-0.000759,0.0105078,-0.0032338,-0.0007594,0.0104539
-0.000615,-0.00342,0.0126438,-0.0006152,-0.0034209,0.0125864
-0.000231,-0.00328,0.0126208,-0.0002311,-0.0032807,0.0125632
-0.003361,-0.001027,0.0130318,-0.0033616,-0.0010272,0.0129737
-0.002959,-0.001004,0.0130438,-0.0029594,-0.0010041,0.0129854
-0.003335,-0.001153,0.0126368,-0.0033359,-0.0011533,0.0125795
-0.003309,0.001382,0.0120218,-0.0033102,0.0013825,0.0119655
-0.002964,0.001375,0.0120418,-0.002965,0.0013755,0.0119852
-0.002845,-0.002178,0.0119318,-0.0028461,-0.0021788,0.0118756
-0.002873,-0.002163,0.0122268,-0.002874,-0.0021637,0.0121702
-0.002258,0.002643,0.0105788,-0.0022592,0.0026444,0.0105248
-0.001868,0.002569,0.0105668,-0.001869,0.0025704,0.0105127
-0.002265,0.002668,0.0108558,-0.0022661,0.0026693,0.0108014
0.001265,0.002912,0.0118968,0.0012654,0.002913,0.0118404
0.001254,0.003303,0.0119268,0.0012545,0.0033042,0.0118706
-0.00298,0.001892,0.0119338,-0.0029811,0.0018927,0.0118776
-0.002692,0.001918,0.0118928,-0.002693,0.0019187,0.0118365
-0.003028,0.001892,0.0122518,-0.003029,0.0018926,0.0121951
-0.001481,-0.003235,0.0119968,-0.0014815,-0.0032362,0.0119405
-0.001148,-0.003393,0.0119968,-0.0011484,-0.0033942,0.0119406
0.00234,-0.002307,0.0109368,0.0023411,-0.0023081,0.0108821
0.002648,-0.002374,0.0109818,0.0026493,-0.0023751,0.0109272
0.000573,0.003281,0.0109058,0.0005733,0.0032826,0.0108512
0.000916,0.002901,0.0119488,0.0009163,0.0029019,0.0118921
0.000884,0.00321,0.0119498,0.0008843,0.0032111,0.0118934
0.003311,0.000361,0.0119288,0.0033122,0.0003611,0.0118725
0.002962,-0.002022,0.0119478,0.0029631,-0.0020227,0.0118916
0.002777,-0.001584,0.0119288,0.0027779,-0.0015845,0.0118723
-0.000225,-0.001324,0.0121328,-0.000225,-0.0013242,0.012075
-0.000422,-0.000644,0.0123668,-0.000422,-0.0006441,0.0123089
0.00237,0.002231,0.0108458,0.0023712,0.0022321,0.0107913
5e-05,0.003174,0.0124748,5e-05,0.0031747,0.0124174
0.003075,-0.000772,0.0113098,0.0030763,-0.0007723,0.0112544
0.003469,-0.000685,0.0113048,0.0034705,-0.0006853,0.0112496
-0.000667,0.003348,0.0108798,-0.0006673,0.0033496,0.0108253
0.002816,-0.002035,0.0116108,0.0028172,-0.0020358,0.0115551
0.002762,-0.001601,0.0115908,0.0027631,-0.0016016,0.011535
-0.002554,-0.002501,0.0109648,-0.0025552,-0.0025022,0.0109102
-0.002223,-0.002717,0.0109558,-0.0022241,-0.0027183,0.0109012
-0.00184,-0.003028,0.0120168,-0.0018407,-0.0030291,0.0119605
-0.003326,-0.001216,0.0102168,-0.0033279,-0.0012167,0.0101635
-0.002959,-0.001224,0.0101578,-0.0029607,-0.0012247,0.0101045
0.000149,-0.003383,0.0108048,0.0001491,-0.0033847,0.0107504
0.001242,-0.003031,0.0111468,0.0012426,-0.0030324,0.0110918
0.001236,-0.002727,0.0112138,0.0012365,-0.0027282,0.0111585
0.001249,-0.003011,0.0115408,0.0012495,-0.0030122,0.0114851
-0.001952,0.002564,0.0133048,-0.0019522,0.0025642,0.0132461
-0.00237,0.00261,0.0133318,-0.0023703,0.0026103,0.0132731
-0.00229,0.002599,0.0136608,-0.0022902,0.0025992,0.0136016
0.002781,0.001507,0.0112848,0.0027822,0.0015077,0.0112295
0.002674,0.00177,0.0112108,0.0026752,0.0017708,0.0111556
0.001301,0.001171,0.0117358,0.0013012,0.0011711,0.0116784
0.000918,0.000882,0.0114778,0.0009181,0.0008821,0.0114207
0.000718,0.001194,0.0113768,0.0007181,0.0011941,0.0113198
0.000652,0.000831,0.0114508,0.0006521,0.0008311,0.0113937
-0.001074,-0.003405,0.0112898,-0.0010745,-0.0034065,0.0112347
-0.002203,0.002702,0.0113758,-0.002204,0.0027032,0.0113205
-0.00186,0.002641,0.0112418,-0.0018608,0.0026422,0.0111866
-0.001626,0.002768,0.0118098,-0.0016266,0.002769,0.0117536
0.003145,-0.000388,0.0119988,0.003146,-0.0003881,0.0119422
-0.003266,-5.3e-05,0.0111708,-0.0032675,-5.3e-05,0.0111157
-0.001844,0.003013,0.0109738,-0.0018449,0.0030145,0.0109192
-0.001454,0.002883,0.0108898,-0.0014547,0.0028844,0.0108352
-0.00226,-0.002644,0.0121168,-0.0022608,-0.0026449,0.0120603
-0.001092,0.00331,0.0120668,-0.0010924,0.0033112,0.0120104
-0.000635,0.003168,0.0120498,-0.0006352,0.003169,0.0119932
-0.003357,-0.001079,0.0105498,-0.0033588,-0.0010796,0.0104959
0.000892,0.00287,0.0105098,0.0008925,0.0028716,0.0104557
0.000888,0.003207,0.0104968,0.0008885,0.0032087,0.0104429
0.000843,0.003228,0.0108508,0.0008434,0.0032296,0.0107963
0.000844,0.003252,0.0111628,0.0008444,0.0032535,0.0111078
-0.002664,-0.001103,0.0118458,-0.0026648,-0.0011033,0.0117891
0.000526,-0.003493,0.0115538,0.0005262,-0.0034945,0.0114982
0.000925,-0.003445,0.0115718,0.0009254,-0.0034464,0.0115162
0.000533,-0.003061,0.0115718,0.0005332,-0.0030622,0.0115159
-0.003051,-0.000646,0.0118288,-0.0030521,-0.0006462,0.0117724
0.003105,0.001082,0.0123018,0.0031059,0.0010823,0.0122448
0.003394,0.001233,0.0123888,0.0033951,0.0012334,0.012332
-0.002533,-0.002474,0.0116268,-0.002534,-0.002475,0.0115711
0.002649,-0.002389,0.0123558,0.0026498,-0.0023898,0.012299
1.8e-05,0.00324,0.0116008,1.8e-05,0.0032413,0.011545
0.000751,0.003043,0.0117448,0.0007513,0.0030441,0.0116886
-0.00012,0.003034,0.0118218,-0.00012,0.003035,0.0117654
-0.00136,-0.003341,0.0116888,-0.0013605,-0.0033423,0.011633
-0.000563,-0.003495,0.0116678,-0.0005632,-0.0034964,0.0116121
-0.000256,-0.003367,0.0115908,-0.0002561,-0.0033684,0.0115351
0.003003,-0.000327,0.0116458,0.0030041,-0.0003271,0.0115897
-0.000291,0.003246,0.0112928,-0.0002911,0.0032474,0.0112375
-0.001106,0.002881,0.0122358,-0.0011063,0.0028818,0.0121787
-0.00073,0.002878,0.0122518,-0.0007302,0.0028787,0.0121945
-0.00066,0.002532,0.0122968,-0.0006601,0.0025324,0.0122391
0.000107,0.000882,0.0119768,0.000107,0.0008821,0.0119191
-0.000121,0.001011,0.0120588,-0.000121,0.0010111,0.012001
-4.1e-05,0.001246,0.0119428,-4.1e-05,0.0012461,0.0118851
0.000356,0.001206,0.0121378,0.000356,0.0012062,0.01208
-0.000156,0.001178,0.0123808,-0.000156,0.0011781,0.0123229
-5.8e-05,0.000813,0.0123408,-5.8e-05,0.0008131,0.0122829
0.000324,0.000938,0.0123728,0.000324,0.0009381,0.0123149
-0.000454,0.000945,0.0124118,-0.0004541,0.0009451,0.0123538
7.7e-05,0.000929,0.0126598,7.7e-05,0.0009291,0.0126018
-0.000535,0.001237,0.0123278,-0.0005351,0.0012372,0.0122699
-0.000299,0.000766,0.0121378,-0.000299,0.0007661,0.01208
-0.000444,0.00099,0.0128258,-0.000444,0.0009901,0.0127677
0.002756,0.001809,0.0119388,0.002757,0.0018096,0.0118824
0.002017,0.002522,0.0111548,0.0020179,0.0025232,0.0110998
-0.002994,0.001819,0.0116218,-0.0029952,0.0018197,0.0115661
-0.002086,0.002063,0.0117708,-0.0020867,0.0020637,0.0117143
-0.003317,0.001373,0.0116508,-0.0033183,0.0013736,0.0115951
-0.002973,0.001385,0.0115828,-0.0029742,0.0013856,0.011527
0.001972,0.002601,0.0116118,0.0019728,0.002602,0.011556
0.002336,0.002565,0.0114948,0.002337,0.0025661,0.0114393
0.002128,0.002351,0.0117518,0.0021288,0.0023519,0.0116957
0.001642,0.002526,0.0115898,0.0016426,0.002527,0.0115338
0.001633,-0.003087,0.0117378,0.0016336,-0.0030882,0.0116819
0.002803,0.001395,0.0126418,0.0028035,0.0013953,0.0125841
0.002784,0.001438,0.0129728,0.0027844,0.0014382,0.0129145
-0.001759,0.002496,0.0126408,-0.0017593,0.0024965,0.012583
-0.00233,0.002627,0.0126728,-0.0023306,0.0026277,0.0126154
-0.00332,0.001063,0.0119238,-0.0033212,0.0010634,0.0118676
-0.002983,0.001026,0.0119408,-0.002984,0.0010263,0.0118843
0.003022,-0.001091,0.0115898,0.0030232,-0.0010914,0.011534
0.003456,-0.00093,0.0117038,0.0034574,-0.0009304,0.011648
0.000104,-0.003307,0.0119498,0.000104,-0.0033082,0.0118934
-0.000457,-0.003532,0.0120658,-0.0004572,-0.0035333,0.0120094
-0.003353,-0.001018,0.0123368,-0.003354,-0.0010183,0.0122799
-0.00292,-0.001074,0.0122768,-0.0029208,-0.0010743,0.0122196
-0.000237,-0.003492,0.0122508,-0.0002371,-0.0034931,0.0121941
-0.000214,-0.003316,0.0111478,-0.0002141,-0.0033175,0.0110928
7.7e-05,-0.003325,0.0111748,7.7e-05,-0.0033265,0.0111198
0.002368,0.002208,0.0115818,0.002369,0.0022089,0.011526
0.002746,0.00225,0.0115888,0.0027471,0.0022509,0.0115332
0.00278,0.001434,0.0115538,0.0027811,0.0014346,0.011498
-0.003336,-0.000796,0.0107978,-0.0033377,-0.0007964,0.0107434
-0.003549,-0.000553,0.0109608,-0.0035507,-0.0005533,0.0109063
-0.002647,0.002337,0.0120168,-0.002648,0.0023379,0.0119605
-0.002322,0.002262,0.0119108,-0.0023228,0.0022628,0.0118544
-0.00335,0.000648,0.0119478,-0.0033512,0.0006482,0.0118915
0.001231,-0.003061,0.0119408,0.0012314,-0.0030621,0.0118844
-0.002914,0.001194,0.0112428,-0.0029153,0.0011945,0.0111875
-0.002543,0.001074,0.0112588,-0.002544,0.0010744,0.0112032
-0.002949,0.001032,0.0115808,-0.0029502,0.0010324,0.0115249
-0.001113,0.001012,0.0114888,-0.0011131,0.0010121,0.0114317
-0.000888,0.000773,0.0114048,-0.0008881,0.0007731,0.0113478
-0.000679,0.000908,0.0114848,-0.0006791,0.0009081,0.0114277
-0.000453,0.001118,0.0114268,-0.000453,0.0011181,0.0113697
-0.001214,0.001222,0.0118038,-0.0012141,0.0012221,0.0117463
-0.001065,0.00068,0.0115748,-0.0010651,0.0006801,0.0115176
-0.001321,0.000517,0.0117398,-0.0013211,0.0005171,0.0116824
-0.001882,-0.002968,0.0106628,-0.001883,-0.0029695,0.0106087
-0.001486,-0.003061,0.0106288,-0.0014868,-0.0030626,0.0105747
-0.00333,-0.001125,0.0109658,-0.0033316,-0.0011255,0.0109112
-0.002937,-0.0012,0.0108668,-0.0029385,-0.0012006,0.0108122
-0.002336,-0.001009,0.0114388,-0.0023367,-0.0010093,0.0113825
-0.001845,0.002986,0.0123398,-0.0018456,0.0029869,0.0122829
-0.001463,0.002867,0.0122768,-0.0014634,0.0028678,0.0122198
-0.003493,-0.00076,0.0117198,-0.0034944,-0.0007603,0.011664
0.000111,-0.003339,0.0115448,0.000111,-0.0033404,0.0114891
0.001283,0.002906,0.0115738,0.0012835,0.0029072,0.011518
0.001286,0.003299,0.0116108,0.0012865,0.0033003,0.0115552
0.000885,0.003218,0.0115628,0.0008854,0.0032193,0.0115071
-0.001784,-0.003057,0.0115548,-0.0017848,-0.0030583,0.0114992
-0.001469,-0.003028,0.0116538,-0.0014696,-0.0030292,0.011598
-0.002099,-0.002901,0.0115518,-0.0020999,-0.0029022,0.0114963
-0.003388,-0.001072,0.0119568,-0.0033892,-0.0010724,0.0119006
-0.002964,-0.001074,0.0119148,-0.002965,-0.0010744,0.0118583
-0.002957,-0.001172,0.0115728,-0.0029582,-0.0011725,0.011517
0.002861,0.001348,0.0119258,0.002862,0.0013485,0.0118693
0.003402,0.0011,0.0120568,0.0034032,0.0011004,0.0120005
-0.001436,0.002473,0.0105438,-0.0014368,0.0024743,0.0104896
-0.001091,0.002446,0.0105238,-0.0010916,0.0024473,0.0104695
-0.00147,0.002522,0.0108658,-0.0014707,0.0025232,0.010811
-0.001432,-0.002688,0.0109558,-0.0014327,-0.0026893,0.010901
-0.002233,0.002649,0.0117568,-0.0022339,0.00265,0.0117009
-0.00227,0.00224,0.0116358,-0.0022709,0.0022409,0.0115799
-0.001963,0.00266,0.0119418,-0.0019637,0.0026609,0.0118854
0.001612,-0.003126,0.0124898,0.0016125,-0.0031269,0.0124327
0.001998,-0.002926,0.0122678,0.0019986,-0.002927,0.0122111
0.002305,-0.002689,0.0124028,0.0023057,-0.0026898,0.0123459
0.001699,-0.002519,0.0123448,0.0016994,-0.0025196,0.0122874
-0.003315,0.001037,0.0116078,-0.0033164,0.0010374,0.0115521
-0.0033,0.000636,0.0115658,-0.0033014,0.0006363,0.0115101
-0.00292,0.000667,0.0115648,-0.0029211,0.0006672,0.0115088
-0.001065,-0.000554,0.0114868,-0.0010651,-0.0005541,0.0114297
-0.000729,-0.00062,0.0113258,-0.0007291,-0.0006201,0.0112689
-0.000418,-0.000295,0.0112058,-0.0004181,-0.000295,0.011149
-0.000879,-0.000137,0.0117798,-0.0008791,-0.000137,0.0117222
-0.001134,-0.000708,0.0117648,-0.0011341,-0.0007081,0.0117073
-0.000996,-0.000449,0.0118518,-0.0009961,-0.000449,0.0117942
-0.001178,-0.001002,0.0118568,-0.0011781,-0.0010021,0.0117992
-0.001881,0.002984,0.0119788,-0.0018817,0.0029851,0.0119225
-0.001444,0.002935,0.0119548,-0.0014445,0.002936,0.0118984
0.002774,0.000988,0.0118968,0.0027748,0.0009883,0.0118401
-0.001396,0.002894,0.0116018,-0.0013965,0.0028951,0.011546
-0.001075,0.002901,0.0115318,-0.0010754,0.0029022,0.011476
-0.000822,0.002739,0.0117158,-0.0008223,0.0027399,0.0116594
-0.001444,0.002511,0.0116628,-0.0014445,0.0025119,0.0116065
0.002867,0.001378,0.0122668,0.0028678,0.0013784,0.0122097
0.001991,-0.002578,0.0118918,0.0019917,-0.0025789,0.0118355
0.002328,-0.002634,0.0120078,0.0023288,-0.0026349,0.0119515
-0.001356,0.002898,0.0112438,-0.0013566,0.0028993,0.0111886
-0.001049,0.002891,0.0111948,-0.0010495,0.0028923,0.0111396
0.001803,0.00182,0.0005058,0.0018036,0.0018206,0.0004749
0.002216,0.001741,0.0004638,0.0022168,0.0017416,0.000433
0.002447,0.00199,0.0010578,0.0024479,0.0019907,0.0010255
0.002068,0.001998,0.0010648,0.0020688,0.0019987,0.0010325
0.001584,0.002002,0.0010348,0.0015846,0.0020027,0.0010026
0.002076,0.001927,0.0014008,0.0020767,0.0019277,0.0013677
0.000331,0.001011,0.0007248,0.0003311,0.0010114,0.0006936
0.000503,0.000803,0.0005898,0.0005032,0.0008033,0.0005589
0.000262,0.000801,0.0010378,0.0002621,0.0008012,0.0010059
0.000267,0.001149,0.0010548,0.0002671,0.0011494,0.0010229
0.000739,0.001166,0.0010398,0.0007392,0.0011664,0.0010079
-0.000168,0.001087,0.0010918,-0.0001681,0.0010873,0.0010598
0.000291,0.001128,0.0014658,0.0002911,0.0011284,0.001433
0.000311,0.000605,0.0007818,0.0003111,0.0006052,0.0007504
-5e-05,0.000692,0.0009558,-5e-05,0.0006922,0.0009241
0.000269,0.000406,0.0010728,0.0002691,0.0004061,0.0010408
0.000262,0.0008,0.0014128,0.0002621,0.0008002,0.0013802
-0.00041,0.001031,0.0007858,-0.0004101,0.0010314,0.0007544
7.2e-05,0.000643,0.0013088,7.2e-05,0.0006432,0.0012764
-0.000116,0.00115,0.0014488,-0.000116,0.0011504,0.0014161
-0.000408,0.000657,0.0006748,-0.0004081,0.0006572,0.0006437
-0.000349,0.000512,0.0009908,-0.0003491,0.0005122,0.000959
-0.000986,0.00299,0.0005328,-0.0009863,0.0029911,0.0005017
-0.000685,0.002857,0.0005438,-0.0006852,0.002858,0.0005127
0.001911,-0.001544,0.0004768,0.0019116,-0.0015445,0.000446
0.002237,-0.00159,0.0004438,0.0022377,-0.0015905,0.000413
0.002091,-0.001374,0.0010218,0.0020917,-0.0013745,0.0009897
0.002054,-0.001357,0.0013538,0.0020547,-0.0013575,0.001321
0.002285,-0.001929,0.0004948,0.0022858,-0.0019297,0.0004639
-0.001771,-0.001531,0.0005388,-0.0017716,-0.0015315,0.0005078
-0.002102,-0.001238,0.0005188,-0.0021027,-0.0012384,0.0004879
-0.001329,-0.002642,0.0004628,-0.0013295,-0.002643,0.0004319
-0.002896,-0.000817,0.0005868,-0.002897,-0.0008173,0.0005556
-0.000208,-0.000312,0.0013268,-0.0002081,-0.0003121,0.0012944
-8.6e-05,-0.000203,0.0010108,-8.6e-05,-0.0002031,0.000979
-0.000376,-0.00041,0.0007638,-0.0003761,-0.0004101,0.0007325
-0.000499,-0.000349,0.0012978,-0.0004992,-0.0003491,0.0012654
-0.000418,-0.000217,0.0010598,-0.0004181,-0.0002171,0.0010279
-0.000345,-0.000545,0.0005318,-0.0003451,-0.0005452,0.0005009
0.000473,9.7e-05,0.0006238,0.0004732,9.7e-05,0.0005927
0.000587,0.000253,0.0009788,0.0005872,0.0002531,0.000947
0.000324,0.000292,0.0007688,0.0003241,0.0002921,0.0007374
0.000323,0.000323,0.0014078,0.0003231,0.0003231,0.0013752
-0.000141,0.000348,0.0011188,-0.000141,0.0003481,0.0010868
0.000296,-0.000268,0.0010568,0.0002961,-0.0002681,0.0010249
0.000377,1.7e-05,0.0012248,0.0003771,1.7e-05,0.0011926
0.000298,0.001019,0.0018088,0.0002981,0.0010193,0.0017753
-5.7e-05,0.001147,0.0020178,-5.7e-05,0.0011474,0.0019839
0.000276,0.001632,0.0017838,0.0002761,0.0016326,0.0017503
0.000288,0.001193,0.0020518,0.0002881,0.0011934,0.0020178
0.000457,0.000602,0.0015228,0.0004571,0.0006022,0.0014899
0.00035,0.000394,0.0017678,0.0003501,0.0003941,0.0017345
0.001894,0.001432,0.0005358,0.0018946,0.0014324,0.0005049
0.002205,0.001404,0.0005228,0.0022058,0.0014045,0.0004919
0.002063,0.001187,0.0010798,0.0020637,0.0011874,0.0010476
2.9e-05,1.6e-05,0.0012968,2.9e-05,1.6e-05,0.0012644
-0.000108,0.000454,0.0014578,-0.000108,0.0004541,0.0014251
-0.000333,-0.000106,0.0007588,-0.0003331,-0.0001061,0.0007274
0.000236,-0.000609,0.0013648,0.0002361,-0.0006092,0.0013323
0.000458,-0.000539,0.0004678,0.0004581,-0.0005392,0.0004371
0.001925,-0.001915,0.0004608,0.0019256,-0.0019157,0.00043
0.001679,-0.001866,0.0009608,0.0016796,-0.0018666,0.0009289
-0.000423,0.000927,0.0014208,-0.0004231,0.0009273,0.0013881
-0.000135,0.001619,0.0017848,-0.000135,0.0016196,0.0017513
-0.000551,0.001577,0.0017498,-0.0005512,0.0015776,0.0017163
-0.000469,0.001257,0.0020278,-0.0004691,0.0012574,0.0019938
-0.000371,0.000584,0.0015008,-0.0003711,0.0005841,0.001468
-0.001091,-0.001513,0.0005588,-0.0010913,-0.0015135,0.0005278
-0.001295,-0.001218,0.0006038,-0.0012954,-0.0012184,0.0005728
-0.001798,-0.000767,0.0005178,-0.0017986,-0.0007673,0.0004869
-0.002012,-0.000514,0.0005398,-0.0020127,-0.0005142,0.0005089
0.001827,-0.00105,0.0005088,0.0018276,-0.0010503,0.0004779
0.002282,-0.001163,0.0005138,0.0022828,-0.0011634,0.0004829
0.001693,-0.00097,0.0010668,0.0016936,-0.0009703,0.0010348
0.002035,-0.001013,0.0013658,0.0020357,-0.0010134,0.001333
0.000285,-1.2e-05,0.0016308,0.000285,-1.2e-05,0.0015978
-9e-06,0.000458,0.0018388,-9e-06,0.0004581,0.0018054
0.000352,-0.000402,0.0020568,0.0003521,-0.0004021,0.002023
-0.000162,1.3e-05,0.0017708,-0.000162,1.3e-05,0.0017375
0.000219,-0.000314,0.0017908,0.0002191,-0.0003141,0.0017575
0.000402,4.1e-05,0.0020068,0.0004021,4.1e-05,0.0019731
-0.000292,-0.001562,0.0004548,-0.0002921,-0.0015625,0.0004241
-0.000996,-0.000844,0.0005918,-0.0009963,-0.0008443,0.0005608
-0.001333,-0.000606,0.0005648,-0.0013334,-0.0006062,0.0005339
0.000133,-0.001494,0.0006228,0.0001331,-0.0014945,0.0005918
0.000459,-0.001513,0.0005498,0.0004592,-0.0015135,0.0005189
0.000122,-0.001215,0.0005228,0.000122,-0.0012154,0.000492
4.4e-05,8e-06,0.0020758,4.4e-05,8e-06,0.002042
-0.000386,-8.3e-05,0.0015208,-0.0003861,-8.3e-05,0.001488
0.000298,0.001143,0.0024428,0.0002981,0.0011434,0.002408
0.00066,0.00114,0.0023538,0.0006602,0.0011404,0.0023191
-6.6e-05,0.0012,0.0024568,-6.6e-05,0.0012004,0.002422
0.000315,0.000814,0.0024678,0.0003151,0.0008143,0.0024331
0.00033,0.001223,0.0028308,0.0003301,0.0012234,0.0027952
0.000186,0.000605,0.0022578,0.0001861,0.0006052,0.0022236
-0.0001,0.00078,0.0024318,-0.0001,0.0007802,0.0023972
0.000259,0.000406,0.0025948,0.0002591,0.0004061,0.00256
0.000284,0.0008,0.0028158,0.0002841,0.0008003,0.0027804
-7.9e-05,0.00085,0.0028588,-7.9e-05,0.0008503,0.0028233
-7.6e-05,0.001198,0.0028698,-7.6e-05,0.0011985,0.0028341
-0.000477,0.000849,0.0024428,-0.0004771,0.0008493,0.0024081
-0.00047,0.001244,0.0024808,-0.0004702,0.0012444,0.0024459
-0.00087,0.001232,0.0024378,-0.0008703,0.0012325,0.0024029
-0.000359,0.000669,0.0022098,-0.0003591,0.0006693,0.0021756
-0.000132,-0.000313,0.0019698,-0.000132,-0.000313,0.0019362
0.00024,-0.000298,0.0026298,0.00024,-0.0002981,0.002595
0.000523,-0.000154,0.0024758,0.0005232,-0.0001541,0.0024412
-0.000111,-0.000145,0.0025188,-0.000111,-0.000145,0.0024842
0.000198,4.9e-05,0.0024648,0.0001981,4.9e-05,0.0024303
0.00024,-0.000634,0.0027938,0.0002401,-0.0006342,0.0027585
0.000234,0.000263,0.0022768,0.0002341,0.0002631,0.0022426
0.000235,0.000497,0.0028538,0.0002351,0.0004972,0.0028185
-2.8e-05,0.000408,0.0025018,-2.8e-05,0.0004081,0.0024672
0.00033,-0.000127,0.0022568,0.0003301,-0.000127,0.0022226
-0.000148,0.000139,0.0023878,-0.0001481,0.000139,0.0023534
9.5e-05,0.000135,0.0027708,9.5e-05,0.000135,0.0027357
-0.000323,-0.000813,0.0005398,-0.0003231,-0.0008132,0.0005089
-0.000598,-0.000506,0.0006098,-0.0005982,-0.0005062,0.0005788
-0.000245,-0.000693,0.0020088,-0.0002451,-0.0006932,0.0019751
-0.000114,-0.000159,0.0028508,-0.0001141,-0.0001591,0.0028156
-0.000395,-0.000398,0.0020718,-0.0003951,-0.0003981,0.002038
-0.00068,-0.000345,0.0023198,-0.0006802,-0.0003451,0.0022854
-9.9e-05,0.000471,0.0028228,-9.9e-05,0.0004712,0.0027876
-0.000336,-0.000148,0.0022538,-0.0003361,-0.000148,0.0022197
0.000503,-0.000824,0.0005438,0.0005032,-0.0008243,0.000513
0.000147,-0.000498,0.0005578,0.000147,-0.0004982,0.0005269
-0.000695,0.000143,0.0228718,-0.000695,0.000143,0.0228118
0.000903,0.00281,0.0228148,0.000903,0.00281,0.0227548
0.000174,0.000246,0.0229908,0.000174,0.000246,0.0229308
0.000313,-2.9e-05,0.0229988,0.000313,-2.9e-05,0.0229388
0.000373,-1.9e-05,0.0224928,0.000373,-1.9e-05,0.0224328
0.002318,-0.00151,0.0231178,0.002318,-0.00151,0.0230578
0.002641,-0.001557,0.0230668,0.002641,-0.001557,0.0230068
0.000376,-0.000488,0.0227588,0.000376,-0.000488,0.0226988
0.001527,0.002108,0.0230938,0.001527,0.002108,0.0230338
0.001787,0.002043,0.0232268,0.001787,0.002043,0.0231668
-0.001079,0.002939,0.0228108,-0.001079,0.002939,0.0227508
-0.000768,0.002832,0.0228598,-0.000768,0.002832,0.0227998
0.002738,0.000715,0.0228178,0.002738,0.000715,0.0227578
0.002221,0.001326,0.0227988,0.002221,0.001326,0.0227388
0.002637,0.001345,0.0228048,0.002637,0.001345,0.0227448
0.002421,0.001583,0.0226968,0.002421,0.001583,0.0226368
-0.000261,-0.003058,0.0228088,-0.000261,-0.003058,0.0227488
0.001834,0.0018,0.0227478,0.001834,0.0018,0.0226878
0.002236,0.001898,0.0227848,0.002236,0.001898,0.0227248
0.002271,0.001778,0.0224228,0.002271,0.001778,0.0223628
0.002109,0.001955,0.0221558,0.002109,0.001955,0.0220958
0.001424,0.001816,0.0226318,0.001424,0.001816,0.0225718
-0.000415,0.00016,0.0228658,-0.000415,0.00016,0.0228058
-0.000256,0.000337,0.0228988,-0.000256,0.000337,0.0228388
-0.000876,2.8e-05,0.0225518,-0.000876,2.8e-05,0.0224918
-0.001061,-0.000131,0.0222228,-0.001061,-0.000131,0.0221628
-0.002434,0.001446,0.0228068,-0.002434,0.001446,0.0227468
-0.002075,0.001441,0.0227438,-0.002075,0.001441,0.0226838
-0.002163,0.001761,0.0228108,-0.002163,0.001761,0.0227508
-0.002192,0.00185,0.0223018,-0.002192,0.00185,0.0222418
0.00042,0.000855,0.0223378,0.00042,0.000855,0.0222778
0.000369,0.001087,0.0222918,0.000369,0.001087,0.0222318
0.0008,0.001102,0.0225598,0.0008,0.001102,0.0224998
0.000177,0.001029,0.0217238,0.000177,0.001029,0.0216638
0.000338,0.00065,0.0222118,0.000338,0.00065,0.0221518
0.000229,0.000366,0.0224828,0.000229,0.000366,0.0224228
0.0019,0.001365,0.0228168,0.0019,0.001365,0.0227568
0.002054,0.00154,0.0225818,0.002054,0.00154,0.0225218
0.002633,0.001015,0.0227938,0.002633,0.001015,0.0227338
-0.001038,0.002109,0.0227968,-0.001038,0.002109,0.0227368
-0.001659,0.002032,0.0227808,-0.001659,0.002032,0.0227208
-0.001506,0.002494,0.0227678,-0.001506,0.002494,0.0227078
-0.001788,-0.001488,0.0227828,-0.001788,-0.001488,0.0227228
-0.002057,-0.001244,0.0227848,-0.002057,-0.001244,0.0227248
-0.002154,-0.001579,0.0224038,-0.002154,-0.001579,0.0223438
-0.001766,-0.001557,0.0223138,-0.001766,-0.001557,0.0222538
0.001054,0.002707,0.0225438,0.001054,0.002707,0.0224838
-0.001383,0.001741,0.0227998,-0.001383,0.001741,0.0227398
-0.001559,0.001418,0.0227278,-0.001559,0.001418,0.0226678
1e-06,-1.8e-05,0.0225128,1e-06,-1.8e-05,0.0224528
-0.000134,-0.000332,0.0225818,-0.000134,-0.000332,0.0225218
-0.000271,-4.3e-05,0.0221928,-0.000271,-4.3e-05,0.0221328
-6.9e-05,-0.000281,0.0220628,-6.9e-05,-0.000281,0.0220028
-0.000492,-0.000353,0.0224808,-0.000492,-0.000353,0.0224208
0.000193,-1.6e-05,0.0221248,0.000193,-1.6e-05,0.0220648
0.000489,0.000127,0.0222278,0.000489,0.000127,0.0221678
0.000642,-0.000289,0.0224478,0.000642,-0.000289,0.0223878
0.000441,0.000427,0.0222738,0.000441,0.000427,0.0222138
0.000253,-0.000316,0.0225208,0.000253,-0.000316,0.0224608
0.00222,0.000669,0.0224448,0.00222,0.000669,0.0223848
0.002111,0.001076,0.0225268,0.002111,0.001076,0.0224668
0.000209,-0.000396,0.0220508,0.000209,-0.000396,0.0219908
-0.000164,-0.000676,0.0225808,-0.000164,-0.000676,0.0225208
0.000385,-0.000324,0.0222648,0.000385,-0.000324,0.0222048
0.000403,-0.000569,0.0219768,0.000403,-0.000569,0.0219168
0.001888,-0.000825,0.0223888,0.001888,-0.000825,0.0223288
0.000395,0.000564,0.0215998,0.000395,0.000564,0.0215398
0.000323,0.000411,0.0219248,0.000323,0.000411,0.0218648
0.000393,0.000429,0.0213158,0.000393,0.000429,0.0212558
-0.000735,-0.00049,0.0216348,-0.000735,-0.00049,0.0215748
-0.002045,-0.000537,0.0226728,-0.002045,-0.000537,0.0226128
-0.001067,-0.001547,0.0227338,-0.001067,-0.001547,0.0226738
-0.001442,-0.001562,0.0223698,-0.001442,-0.001562,0.0223098
-0.001106,-0.001547,0.0223088,-0.001106,-0.001547,0.0222488
-0.000701,0.001521,0.0228048,-0.000701,0.001521,0.0227448
0.000316,-0.000425,0.0215518,0.000316,-0.000425,0.0214918
0.000443,-0.000621,0.0215448,0.000443,-0.000621,0.0214848
0.000179,-0.000251,0.0213448,0.000179,-0.000251,0.0212848
-0.000102,-0.000384,0.0213838,-0.000102,-0.000384,0.0213238
0.000322,9.3e-05,0.0213308,0.000322,9.3e-05,0.0212708
0.000332,-0.000259,0.0218508,0.000332,-0.000259,0.0217908
-0.000265,-0.000248,0.0217868,-0.000265,-0.000248,0.0217268
0.000328,5.6e-05,0.0217598,0.000328,5.6e-05,0.0216998
0.00033,-0.000598,0.0212098,0.00033,-0.000598,0.0211498
-0.000202,-0.0007,0.0215478,-0.000202,-0.0007,0.0214878
-8.1e-05,4.5e-05,0.0213438,-8.1e-05,4.5e-05,0.0212838
-0.000371,-0.000552,0.0212578,-0.000371,-0.000552,0.0211978
-0.000703,0.001061,0.0224198,-0.000703,0.001061,0.0223598
1.3e-05,0.000423,0.0213668,1.3e-05,0.000423,0.0213068
-2.5e-05,-5e-05,0.0217048,-2.5e-05,-5e-05,0.0216448
6.4e-05,-0.001513,0.0228118,6.4e-05,-0.001513,0.0227518
0.000147,-0.001213,0.0227618,0.000147,-0.001213,0.0227018
0.000401,-0.000143,0.0215888,0.000401,-0.000143,0.0215288
0.000235,-2.8e-05,0.0210038,0.000235,-2.8e-05,0.0209438
0.00126,0.000397,0.0225018,0.00126,0.000397,0.0224418
-0.000952,-0.000446,0.0232128,-0.000952,-0.000446,0.0231528
-0.00031,-0.001508,0.0228098,-0.00031,-0.001508,0.0227498
-0.000752,-0.001144,0.0226558,-0.000752,-0.001144,0.0225958
-0.001367,-0.000513,0.0228738,-0.001367,-0.000513,0.0228138
0.000394,-0.000788,0.0227838,0.000394,-0.000788,0.0227238
8.3e-05,-0.00046,0.0228768,8.3e-05,-0.00046,0.0228168
6.8e-05,-0.000803,0.0223408,6.8e-05,-0.000803,0.0222808
0.000409,-0.000795,0.0223808,0.000409,-0.000795,0.0223208
0.000305,-0.000275,0.0206718,0.000305,-0.000275,0.0206118
0.000385,-0.000274,0.0210648,0.000385,-0.000274,0.0210048
-0.000156,-0.000209,0.0210658,-0.000156,-0.000209,0.0210058
-5.4e-05,-0.000341,0.0207028,-5.4e-05,-0.000341,0.0206428
0.000105,-1.7e-05,0.0206948,0.000105,-1.7e-05,0.0206348
-0.000516,-0.000257,0.0210448,-0.000516,-0.000257,0.0209848
-0.000247,-0.00045,0.0205418,-0.000247,-0.00045,0.0204818
-0.000707,-0.000554,0.0227118,-0.000707,-0.000554,0.0226518
0.000862,0.000411,0.0225038,0.000862,0.000411,0.0224438
0.000131,0.000449,0.0210208,0.000131,0.000449,0.0209608
-5.7e-05,0.000155,0.0210048,-5.7e-05,0.000155,0.0209448
-0.000218,-0.001935,0.0017858,-0.0002181,-0.0019357,0.0017522
0.000102,-0.001932,0.0017418,0.000102,-0.0019327,0.0017083
-0.000334,-0.002217,0.0019858,-0.0003341,-0.0022179,0.0019516
-0.000706,-0.002237,0.0022778,-0.0007063,-0.0022379,0.0022429
-0.000295,-0.002252,0.0026118,-0.0002951,-0.0022529,0.0025761
-0.000683,-0.002255,0.0029478,-0.0006833,-0.002256,0.0029112
-0.00067,-0.002228,0.0012168,-0.0006702,-0.0022288,0.0011843
-0.000326,-0.002183,0.0012508,-0.0003261,-0.0021838,0.0012183
-0.000709,-0.00228,0.0015278,-0.0007092,-0.0022808,0.0014946
-0.000991,-0.002345,0.0023198,-0.0009914,-0.002346,0.0022847
-0.00105,-0.00264,0.0026598,-0.0010505,-0.0026412,0.0026236
-0.000735,-0.002652,0.0026408,-0.0007353,-0.0026532,0.0026047
0.001228,-0.001805,0.0017218,0.0012285,-0.0018056,0.0016882
0.00152,-0.001824,0.0016208,0.0015205,-0.0018247,0.0015873
0.001193,-0.001512,0.0015468,0.0011934,-0.0015125,0.0015137
0.00081,-0.001813,0.0016268,0.0008103,-0.0018136,0.0015935
0.000855,-0.001464,0.0015188,0.0008553,-0.0014645,0.0014858
0.00129,-0.00251,0.0023248,0.0012905,-0.0025111,0.0022894
0.00094,-0.00223,0.0022978,0.0009404,-0.0022309,0.0022627
0.000466,-0.001502,0.0015358,0.0004662,-0.0015025,0.0015029
0.000152,-0.002281,0.0022728,0.0001521,-0.0022819,0.0022379
0.000589,-0.002297,0.0023378,0.0005892,-0.0022979,0.0023027
0.000299,-0.000348,0.0034798,0.0002992,-0.0003482,0.0034433
0.000311,-0.000212,0.0039398,0.0003112,-0.0002122,0.0039023
0.000729,-0.000148,0.0039248,0.0007295,-0.0001481,0.0038872
-0.000124,-0.000342,0.0038738,-0.0001241,-0.0003422,0.0038363
0.000331,-0.000242,0.0042148,0.0003312,-0.0002422,0.0041766
0.000626,-0.00068,0.0041698,0.0006264,-0.0006804,0.0041315
0.000268,-0.000527,0.0041848,0.0002682,-0.0005274,0.0041467
-2.3e-05,-0.0006,0.0043398,-2.3e-05,-0.0006004,0.0043012
0.000923,-0.001492,0.0029298,0.0009234,-0.0014926,0.0028937
0.000569,0.000789,0.0028538,0.0005692,0.0007893,0.0028183
0.000306,0.000116,0.0031458,0.0003062,0.0001161,0.0031099
0.000299,0.000517,0.0032328,0.0002992,0.0005172,0.0031968
0.000322,-0.000104,0.0029248,0.0003222,-0.0001041,0.0028894
0.000282,-0.000212,0.0031888,0.0002821,-0.0002121,0.0031529
-7.5e-05,3.5e-05,0.0031278,-7.5e-05,3.5e-05,0.003092
0.000258,0.000264,0.0035348,0.0002582,0.0002641,0.0034981
0.000893,-0.002665,0.0037318,0.0008935,-0.0026665,0.0036929
0.000961,-0.002292,0.0038218,0.0009615,-0.0022932,0.0037829
0.000511,-0.002078,0.0033538,0.0005112,-0.002079,0.0033164
0.000131,-0.002266,0.0036478,0.0001311,-0.0022672,0.0036096
-0.000487,-0.000664,0.0035978,-0.0004873,-0.0006644,0.0035608
-7.7e-05,-0.000291,0.0034138,-7.7e-05,-0.0002912,0.0033775
-0.000486,-0.000352,0.0035058,-0.0004863,-0.0003522,0.0034692
8.2e-05,-4e-06,0.0034388,8.21e-05,-4e-06,0.0034023
-3.8e-05,-0.000354,0.0041818,-3.8e-05,-0.0003542,0.0041437
-7.9e-05,-0.000656,0.0037808,-7.9e-05,-0.0006564,0.0037435
-0.000418,-0.000369,0.0041088,-0.0004182,-0.0003692,0.0040708
-0.000383,-0.000248,0.0038488,-0.0003832,-0.0002481,0.0038114
0.000577,-0.002302,0.0037868,0.0005773,-0.0023032,0.0037481
0.000569,-0.001859,0.0039298,0.0005693,-0.00186,0.0038912
5.2e-05,-0.000793,0.0015538,5.2e-05,-0.0007932,0.001521
0.000214,-0.000962,0.0017448,0.0002141,-0.0009623,0.0017115
-0.000372,-0.000378,0.0017198,-0.0003721,-0.0003781,0.0016867
-0.000231,0.00015,0.0027678,-0.0002311,0.0001501,0.0027327
0.000141,0.00136,0.0031208,0.000141,0.0013606,0.0030845
1e-06,0.001667,0.0032488,1e-06,0.0016678,0.003212
-0.00038,0.000629,0.0029188,-0.0003801,0.0006292,0.0028833
-0.001295,-0.000958,0.0016258,-0.0012954,-0.0009583,0.0015926
-0.001018,-0.000812,0.0016468,-0.0010183,-0.0008122,0.0016136
-0.001218,-0.001237,0.0017588,-0.0012184,-0.0012375,0.0017253
-0.001564,-0.000828,0.0016568,-0.0015646,-0.0008283,0.0016235
-0.000675,-0.0003,0.0015508,-0.0006752,-0.0003001,0.0015179
-0.000696,-0.000899,0.0021058,-0.0006962,-0.0008993,0.0020717
-0.000241,-0.001204,0.0018838,-0.0002411,-0.0012044,0.0018502
8.7e-05,-0.001205,0.0019288,8.71e-05,-0.0012054,0.0018951
-0.000642,-0.001134,0.0023258,-0.0006422,-0.0011344,0.0022912
-6.2e-05,-0.001306,0.0024468,-6.2e-05,-0.0013065,0.002412
-0.001015,-0.000808,0.0012178,-0.0010153,-0.0008083,0.0011856
-0.000689,-0.001506,0.0019168,-0.0006892,-0.0015066,0.001883
-0.001731,-0.001089,0.0026018,-0.0017317,-0.0010894,0.0025662
-0.001723,-0.001211,0.0011648,-0.0017235,-0.0012114,0.0011325
-0.002156,-0.000405,0.0015408,-0.0021568,-0.0004051,0.0015076
-0.002267,-0.001142,0.0011948,-0.0022678,-0.0011424,0.0011623
-0.002154,-0.001155,0.0026088,-0.0021549,-0.0011555,0.002573
-0.002081,-0.001247,0.0022438,-0.0020818,-0.0012475,0.0022089
-0.001132,-0.002671,0.0011588,-0.0011324,-0.002672,0.0011263
-0.00155,-0.003109,0.0007788,-0.0015506,-0.0031102,0.0007471
-0.001094,-0.003083,0.0011358,-0.0010944,-0.0030842,0.0011032
-0.000735,-0.003089,0.0011928,-0.0007353,-0.0030903,0.00116
-0.000321,-0.002115,0.0033658,-0.0003211,-0.002116,0.0033284
-0.000649,-0.002147,0.0037398,-0.0006494,-0.0021481,0.0037014
-0.000296,-0.002226,0.0041088,-0.0002962,-0.0022273,0.0040694
-0.00063,-0.002273,0.0043998,-0.0006304,-0.0022745,0.0043596
-0.001006,-0.002626,0.0040248,-0.0010066,-0.0026275,0.0039851
0.002816,-0.000843,0.0015468,0.0028171,-0.0008433,0.0015133
0.00188,-0.000862,0.0016478,0.0018806,-0.0008623,0.0016144
0.002339,-0.00026,0.0015678,0.0023399,-0.0002601,0.0015345
0.002662,-0.000846,0.0019028,0.002663,-0.0008463,0.0018685
0.002036,-0.000968,0.0027718,0.0020369,-0.0009684,0.0027357
0.001912,-0.00081,0.0012098,0.0019127,-0.0008103,0.0011774
0.002315,-0.0008,0.0012278,0.0023158,-0.0008003,0.0011952
0.002014,-0.001423,0.0017878,0.0020147,-0.0014235,0.0017539
0.002013,-0.001107,0.0022638,0.0020138,-0.0011074,0.0022289
0.002265,-0.001114,0.0022878,0.0022659,-0.0011144,0.0022527
0.001277,-0.000773,0.0019108,0.0012774,-0.0007732,0.0018771
0.001262,-0.000421,0.0019598,0.0012624,-0.0004211,0.001926
0.001257,-0.000682,0.0022828,0.0012574,-0.0006823,0.0022483
0.000854,-0.000212,0.0015928,0.0008543,-0.0002121,0.0015598
0.000431,0.001002,0.0029018,0.0004312,0.0010024,0.0028661
0.000349,0.001089,0.0031518,0.0003492,0.0010895,0.0031156
0.000287,0.001227,0.0034608,0.0002871,0.0012276,0.0034238
0.000436,0.000597,0.0029868,0.0004362,0.0005972,0.0029512
0.000926,-0.000434,0.0020428,0.0009263,-0.0004341,0.0020089
0.000898,-0.000696,0.0022708,0.0008983,-0.0006962,0.0022364
0.001159,-0.000786,0.0012078,0.0011594,-0.0007862,0.0011755
0.000905,-0.000481,0.0011548,0.0009053,-0.0004811,0.0011226
0.000882,-0.000796,0.0015338,0.0008823,-0.0007962,0.0015009
0.000877,-0.001051,0.0023308,0.0008773,-0.0010514,0.0022962
0.000516,-0.000404,0.0016508,0.0005161,-0.0004041,0.0016177
0.000444,-0.000832,0.0026478,0.0004441,-0.0008323,0.0026127
0.00086,-0.000763,0.0026758,0.0008603,-0.0007633,0.0026406
0.000446,-0.000785,0.0012948,0.0004461,-0.0007852,0.0012625
0.000464,-0.000458,0.0011778,0.0004642,-0.0004581,0.0011457
0.000439,-0.000692,0.0018858,0.0004391,-0.0006922,0.0018523
0.000589,-0.001107,0.0022998,0.0005892,-0.0011074,0.0022653
0.00121,-0.002243,0.0009968,0.0012104,-0.0022438,0.0009647
0.000814,-0.0023,0.0009228,0.0008143,-0.0023008,0.000891
0.001185,-0.002336,0.0016788,0.0011855,-0.0023369,0.0016451
0.000452,-0.002693,0.0012148,0.0004521,-0.0026939,0.0011822
0.000581,-0.002345,0.0011858,0.0005812,-0.0023458,0.0011533
-0.000327,-0.003021,0.0011488,-0.0003271,-0.0030221,0.0011163
6.8e-05,-0.00304,0.0012218,6.8e-05,-0.0030412,0.001189
-0.000304,-0.002633,0.0011788,-0.0003041,-0.002634,0.0011463
5e-05,-0.002614,0.0011868,5e-05,-0.0026149,0.0011543
9.1e-05,-0.002533,0.0008328,9.1e-05,-0.0025339,0.0008011
0.000786,-0.001768,0.0009238,0.0007863,-0.0017686,0.0008921
0.000502,-0.001543,0.0008708,0.0005022,-0.0015435,0.0008392
0.000523,-0.002341,0.0009058,0.0005232,-0.0023418,0.000874
3.9e-05,-0.001859,0.0008408,3.9e-05,-0.0018596,0.0008093
0.000383,-0.002135,0.0012088,0.0003831,-0.0021357,0.0011764
0.000176,-0.002251,0.0015518,0.0001761,-0.0022518,0.0015185
-0.001002,-0.001761,0.0008768,-0.0010023,-0.0017616,0.0008452
0.001312,-0.000842,0.0032958,0.0013126,-0.0008424,0.003259
0.001277,-0.000455,0.0032998,0.0012776,-0.0004552,0.0032631
0.001242,-0.000813,0.0036498,0.0012426,-0.0008134,0.0036122
0.000539,0.000185,0.0035838,0.0005393,0.0001851,0.003547
0.000256,0.000419,0.0041138,0.0002562,0.0004193,0.0040758
6.9e-05,0.000426,0.0038598,6.9e-05,0.0004263,0.0038224
0.000259,0.000795,0.0038778,0.0002591,0.0007954,0.0038402
0.000415,-9.6e-05,0.0036668,0.0004153,-9.6e-05,0.0036299
-3.5e-05,-1e-06,0.0037968,-3.5e-05,-1e-06,0.0037595
0.000253,0.000173,0.0043398,0.0002532,0.0001731,0.0043013
0.00045,4.9e-05,0.0041318,0.0004503,4.9e-05,0.0040938
0.000359,0.00012,0.0046478,0.0003593,0.0001201,0.0046086
0.000456,0.000396,0.0043068,0.0004563,0.0003963,0.0042683
-0.000111,0.000434,0.0042418,-0.000111,0.0004343,0.0042036
0.000312,-6.8e-05,0.0044078,0.0003122,-6.8e-05,0.0043692
0.000248,-0.000227,0.0046618,0.0002482,-0.0002272,0.0046226
4.7e-05,0.000105,0.0046218,4.71e-05,0.000105,0.0045826
7.9e-05,-1.9e-05,0.0049198,7.91e-05,-1.9e-05,0.0048799
-4.8e-05,0.000112,0.0042808,-4.8e-05,0.0001121,0.0042424
-0.000317,-0.00011,0.0036118,-0.0003172,-0.0001101,0.003575
0.00027,0.001202,0.0038848,0.0002701,0.0012026,0.0038469
0.000728,0.00116,0.0038978,0.0007284,0.0011607,0.0038597
-0.000162,0.001087,0.0039328,-0.0001621,0.0010877,0.0038949
-2.6e-05,0.000789,0.0038598,-2.6e-05,0.0007894,0.0038223
2.8e-05,0.000748,0.0042128,2.8e-05,0.0007485,0.0041745
-9.2e-05,-0.000189,0.0046068,-9.21e-05,-0.0001892,0.0045677
-0.000327,-0.000113,0.0043768,-0.0003272,-0.0001131,0.0043382
0.00099,-0.000529,0.0034268,0.0009905,-0.0005293,0.00339
0.000928,-0.000763,0.0036198,0.0009285,-0.0007634,0.0035825
0.000171,-0.000346,0.0049278,0.0001712,-0.0003464,0.0048878
0.000308,-0.000245,0.0055148,0.0003084,-0.0002453,0.005473
0.000661,-0.000371,0.0054658,0.0006617,-0.0003714,0.0054242
-7.1e-05,-3.6e-05,0.0053058,-7.11e-05,-3.61e-05,0.0052646
0.000295,0.000111,0.0054008,0.0002954,0.0001111,0.0053594
-2.7e-05,-0.000654,0.0055198,-2.7e-05,-0.0006547,0.0054782
0.000374,-0.000864,0.0029898,0.0003742,-0.0008644,0.002954
0.000286,-0.001154,0.0031858,0.0002861,-0.0011545,0.0031495
-7.7e-05,-0.000778,0.0029178,-7.7e-05,-0.0007783,0.0028823
0.000513,-0.000467,0.0033178,0.0005133,-0.0004672,0.0032815
0.000512,-0.000836,0.0033518,0.0005122,-0.0008364,0.0033153
-0.000465,0.000766,0.0036358,-0.0004652,0.0007664,0.0035987
-9.2e-05,0.001205,0.0034708,-9.21e-05,0.0012056,0.0034338
-7.4e-05,0.001142,0.0042938,-7.41e-05,0.0011428,0.004255
-0.000506,0.000754,0.0039958,-0.0005063,0.0007545,0.0039579
-0.00048,0.001205,0.0039038,-0.0004803,0.0012057,0.0038657
-0.000243,0.000586,0.0037118,-0.0002431,0.0005863,0.0036747
0.000547,-0.001127,0.0040698,0.0005473,-0.0011277,0.0040314
0.00137,0.00177,0.0030958,0.0013706,0.0017708,0.0030589
0.001176,0.001092,0.0033568,0.0011766,0.0010925,0.0033198
-0.000339,0.000572,0.0043678,-0.0003392,0.0005724,0.0043292
0.000803,0.000466,0.0037348,0.0008035,0.0004663,0.0036975
0.001315,0.00035,0.0038448,0.0013157,0.0003502,0.0038068
0.000676,0.000944,0.0030348,0.0006763,0.0009444,0.0029988
0.000541,0.000999,0.0033348,0.0005413,0.0009995,0.0032982
0.00047,0.00074,0.0033938,0.0004702,0.0007404,0.0033572
6e-05,0.00069,0.0036538,6e-05,0.0006904,0.0036168
-0.000161,0.000178,0.0050088,-0.0001612,0.0001782,0.0049686
-0.000141,-0.000297,0.0049208,-0.0001412,-0.0002974,0.0048809
7.8e-05,0.000102,0.0056298,7.81e-05,0.0001021,0.0055876
-6.4e-05,0.000463,0.0055528,-6.41e-05,0.0004636,0.005511
-6.1e-05,0.000309,0.0052908,-6.11e-05,0.0003094,0.0052497
-0.000351,-6.6e-05,0.0050798,-0.0003515,-6.61e-05,0.0050393
-0.000463,-0.000233,0.0053908,-0.0004636,-0.0002332,0.0053494
0.000503,0.000612,0.0038598,0.0005033,0.0006123,0.0038223
0.000491,0.000343,0.0038898,0.0004913,0.0003432,0.0038524
0.000246,0.000192,0.0051228,0.0002463,0.0001923,0.0050823
0.000561,0.000183,0.0049978,0.0005616,0.0001832,0.0049575
0.000301,0.000414,0.0056778,0.0003013,0.0004145,0.0056357
0.000209,0.000478,0.0053058,0.0002092,0.0004786,0.0052647
0.000307,0.000808,0.0052948,0.0003073,0.0008088,0.0052537
0.000399,-0.00013,0.0051548,0.0003995,-0.0001302,0.0051141
0.000302,0.001196,0.0053348,0.0003022,0.0011971,0.0052933
0.000738,0.001123,0.0053658,0.0007387,0.001124,0.0053241
-4.6e-05,0.001262,0.0053448,-4.6e-05,0.0012632,0.0053032
0.000319,0.001243,0.0056968,0.0003193,0.0012443,0.0056541
0.000414,0.000547,0.0050418,0.0004144,0.0005476,0.0050014
-4e-05,0.000705,0.0053328,-4.01e-05,0.0007058,0.0052916
0.000217,0.000725,0.0055498,0.0002172,0.0007258,0.005508
0.000482,0.000135,0.0056778,0.0004826,0.0001351,0.0056356
0.000178,0.000499,0.0060638,0.0001782,0.0004996,0.0060206
0.000339,-0.000105,0.0058258,0.0003394,-0.0001051,0.0057831
-0.00012,-0.000289,0.0055948,-0.0001202,-0.0002893,0.0055527
0.000276,-0.000209,0.0061038,0.0002763,-0.0002092,0.0060604
-8.5e-05,-0.0,0.0059518,-8.51e-05,-0.0,0.0059087
0.000457,3.8e-05,0.0062568,0.0004575,3.81e-05,0.0062129
0.000864,-0.001855,0.0045548,0.0008646,-0.0018562,0.0045145
0.000891,-0.001545,0.0044058,0.0008916,-0.001546,0.0043661
0.001295,-0.002504,0.0051648,0.001296,-0.0025059,0.0051222
0.000471,-0.002196,0.0048698,0.0004713,-0.0021976,0.0048284
0.000174,-0.002258,0.0051228,0.0001741,-0.0022598,0.0050807
-0.000394,-0.000658,0.0051388,-0.0003944,-0.0006587,0.0050981
0.00058,-0.00193,0.0053668,0.0005805,-0.0019317,0.0053243
0.001529,-0.002295,0.0009598,0.0015295,-0.0022958,0.0009278
0.001905,-0.002304,0.0008908,0.0019057,-0.0023049,0.0008588
0.001244,-0.001533,0.0008748,0.0012444,-0.0015335,0.0008432
0.002736,-0.000552,0.0032578,0.0027374,-0.0005523,0.0032201
0.001825,-0.000853,0.0029528,0.0018258,-0.0008534,0.0029164
0.002215,-0.000806,0.0030408,0.002216,-0.0008064,0.003004
0.00166,-0.000983,0.0032198,0.0016608,-0.0009835,0.0031829
0.002283,-0.000373,0.0030438,0.002284,-0.0003731,0.003007
0.002617,-0.000816,0.0033758,0.0026183,-0.0008164,0.0033379
0.001924,-0.000783,0.0041108,0.0019251,-0.0007834,0.0040716
0.002114,-0.001027,0.0042968,0.0021153,-0.0010276,0.0042568
0.00185,-0.001489,0.0033538,0.0018509,-0.0014897,0.0033162
0.002206,-0.001506,0.0033218,0.0022071,-0.0015067,0.003284
0.002261,-0.001124,0.0037608,0.0022622,-0.0011246,0.0037221
0.001895,-0.00157,0.0008228,0.0018956,-0.0015705,0.0007912
0.001255,-0.001517,0.0011568,0.0012554,-0.0015175,0.0011245
0.001151,-0.001162,0.0011618,0.0011514,-0.0011624,0.0011296
0.000779,-0.001106,0.0008818,0.0007792,-0.0011064,0.0008502
0.000843,-0.001151,0.0012108,0.0008433,-0.0011514,0.0011785
0.001836,-0.001183,0.0011918,0.0018366,-0.0011834,0.0011594
0.001622,-0.001762,0.0012558,0.0016226,-0.0017626,0.0012232
0.001901,-0.001922,0.0012228,0.0019016,-0.0019227,0.0011902
0.001516,-0.00142,0.0016138,0.0015165,-0.0014205,0.0015805
0.001252,-0.001099,0.0019068,0.0012525,-0.0010994,0.0018731
0.001193,-0.001501,0.0022178,0.0011935,-0.0015016,0.0021832
0.000828,-0.001414,0.0019068,0.0008283,-0.0014145,0.001873
0.000891,-0.001097,0.0019328,0.0008913,-0.0010974,0.0018991
0.000857,-0.001467,0.0021918,0.0008573,-0.0014675,0.0021574
0.002611,0.000695,0.0019928,0.002612,0.0006953,0.0019583
0.002221,0.000781,0.0023878,0.0022219,0.0007813,0.0023526
0.00226,0.000346,0.0024438,0.0022609,0.0003461,0.0024085
0.001878,0.000689,0.0024208,0.0018787,0.0006892,0.0023857
0.002075,0.001216,0.0025268,0.0020759,0.0012165,0.0024912
0.000855,0.000993,0.0017438,0.0008553,0.0009933,0.0017104
0.000554,0.000996,0.0017348,0.0005542,0.0009963,0.0017015
0.000437,0.001343,0.0016998,0.0004371,0.0013435,0.0016665
0.000447,0.000642,0.0019688,0.0004471,0.0006422,0.0019351
0.000496,0.000589,0.0023348,0.0004961,0.0005892,0.0023004
0.000963,0.00119,0.0024568,0.0009634,0.0011904,0.0024218
0.001254,-0.00304,0.0026648,0.0012546,-0.0030414,0.0026283
0.001313,-0.002689,0.0026368,0.0013136,-0.0026902,0.0026005
0.002319,-0.001548,0.0008458,0.0023198,-0.0015485,0.000814
0.002693,-0.001581,0.0008378,0.002694,-0.0015816,0.000806
0.002292,-0.001174,0.0008508,0.0022928,-0.0011744,0.0008191
0.002342,-0.001219,0.0012838,0.0023428,-0.0012194,0.001251
0.002331,-0.000804,0.0008868,0.0023318,-0.0008043,0.000855
0.002696,-0.000825,0.0008658,0.0026969,-0.0008253,0.000834
0.002329,-0.000507,0.0009118,0.0023298,-0.0005072,0.00088
0.002718,-0.000373,0.0009068,0.0027189,-0.0003731,0.0008749
0.002585,0.000635,0.0033238,0.0025863,0.0006353,0.003286
0.002246,0.000764,0.0037968,0.0022472,0.0007644,0.0037581
0.002217,0.000364,0.0038708,0.0022182,0.0003642,0.003832
0.002013,0.001264,0.0030238,0.0020139,0.0012646,0.002987
0.002327,0.00118,0.0030258,0.0023281,0.0011806,0.0029888
0.001908,0.000646,0.0038888,0.001909,0.0006463,0.0038502
0.002168,0.001203,0.0038918,0.0021693,0.0012037,0.0038527
0.002641,-0.000812,0.0044738,0.0026428,-0.0008126,0.004433
0.002773,-0.000523,0.0046288,0.0027749,-0.0005234,0.0045875
0.00187,-0.000825,0.0045548,0.0018712,-0.0008256,0.0045145
0.002258,-0.00079,0.0044798,0.0022595,-0.0007905,0.0044393
0.002682,-0.000804,0.0047678,0.0026839,-0.0008046,0.0047262
0.001845,-0.000337,0.0048218,0.0018464,-0.0003373,0.0047809
0.002245,-0.000316,0.0049108,0.0022467,-0.0003162,0.0048693
0.002302,-0.001512,0.0047878,0.0023036,-0.0015131,0.0047461
0.00233,-0.00116,0.0051748,0.0023318,-0.0011609,0.0051323
0.002257,-0.000351,0.0012028,0.0022577,-0.0003511,0.0011703
0.001503,-0.000769,0.0009558,0.0015035,-0.0007692,0.0009241
0.001842,-0.000869,0.0008588,0.0018426,-0.0008693,0.0008272
0.001937,-0.000349,0.0008528,0.0019376,-0.0003491,0.0008212
0.002226,-0.000249,0.0008708,0.0022268,-0.0002491,0.0008391
0.002317,-0.001606,0.0022778,0.002318,-0.0016067,0.0022426
0.002404,-0.001336,0.0023158,0.002405,-0.0013366,0.0022805
0.002761,-0.001102,0.0023178,0.0027622,-0.0011025,0.0022823
0.002317,-0.000808,0.0022568,0.0023179,-0.0008083,0.0022218
0.0024,-0.000545,0.0023008,0.0024009,-0.0005452,0.0022657
0.002293,-0.001207,0.0026638,0.002294,-0.0012075,0.0026277
0.002669,-0.001126,0.0026248,0.0026702,-0.0011265,0.0025886
0.002341,-0.001959,0.0026108,0.0023421,-0.0019599,0.0025746
0.002754,-0.001933,0.0026618,0.0027554,-0.0019339,0.0026252
0.002249,-0.001523,0.0029638,0.00225,-0.0015238,0.0029269
0.002622,-0.001496,0.0030098,0.0026233,-0.0014967,0.0029726
0.002309,0.000438,0.0010058,0.0023098,0.0004382,0.0009738
0.002267,0.001388,0.0008598,0.0022678,0.0013885,0.000828
0.002681,0.00144,0.0008148,0.002682,0.0014405,0.000783
0.002334,0.00101,0.0012418,0.0023348,0.0010103,0.0012092
0.002619,0.000999,0.0011718,0.00262,0.0009993,0.0011392
0.002348,0.001049,0.0015578,0.0023489,0.0010493,0.0015244
0.001874,0.001406,0.0008858,0.0018746,0.0014065,0.000854
0.001459,0.001051,0.0011868,0.0014595,0.0010514,0.0011545
0.001529,0.001028,0.0015538,0.0015295,0.0010284,0.0015207
0.002334,0.001789,0.0012218,0.0023348,0.0017896,0.0011891
0.002362,0.001813,0.0014808,0.0023629,0.0018137,0.0014474
0.002615,0.001377,0.0016448,0.002616,0.0013776,0.001611
0.002351,0.001632,0.0016458,0.0023519,0.0016326,0.0016121
0.002259,0.001882,0.0019388,0.0022599,0.0018828,0.0019043
0.000226,0.001963,0.0017238,0.0002261,0.0019637,0.0016903
0.000463,0.002075,0.0016858,0.0004632,0.0020757,0.0016523
0.001158,0.002064,0.0019898,0.0011585,0.0020648,0.0019555
0.000928,0.002287,0.0019928,0.0009284,0.0022879,0.0019584
0.000931,0.002047,0.0022708,0.0009314,0.0020478,0.0022359
0.000877,0.002448,0.0012778,0.0008773,0.0024489,0.001245
0.001163,0.001363,0.0018948,0.0011634,0.0013635,0.001861
0.000953,0.001377,0.0021818,0.0009533,0.0013775,0.0021474
0.000936,0.001823,0.0025988,0.0009364,0.0018237,0.0025633
0.000745,0.001922,0.0029048,0.0007453,0.0019228,0.0028685
0.000469,0.002584,0.0017878,0.0004692,0.002585,0.0017538
0.000499,0.002876,0.0017628,0.0004992,0.0028771,0.0017288
0.000629,0.002429,0.0026838,0.0006293,0.0024301,0.0026478
0.000469,0.002042,0.0012648,0.0004691,0.0020427,0.0012322
0.000485,0.002453,0.0012848,0.0004852,0.0024539,0.0012521
0.000409,0.001862,0.0019588,0.0004092,0.0018627,0.0019248
0.000115,0.001793,0.0022618,0.000115,0.0017937,0.0022272
0.000552,0.001783,0.0026678,0.0005522,0.0017837,0.0026322
0.001862,0.002228,0.0008988,0.0018627,0.0022288,0.0008669
0.001518,0.002406,0.0008128,0.0015185,0.0024068,0.0007811
0.001868,0.002176,0.0012618,0.0018687,0.0021768,0.001229
0.001854,0.002614,0.0012258,0.0018547,0.0026151,0.001193
0.001226,0.001367,0.0012928,0.0012264,0.0013675,0.0012603
0.001123,0.001638,0.0012328,0.0011233,0.0016386,0.0012004
0.0011,0.001311,0.0015708,0.0011004,0.0013114,0.0015377
0.000848,0.001704,0.0012648,0.0008483,0.0017046,0.0012324
0.000769,0.001311,0.0016428,0.0007693,0.0013114,0.0016096
0.001968,0.001916,0.0017128,0.0019687,0.0019167,0.001679
0.001594,0.002064,0.0017368,0.0015946,0.0020648,0.001703
0.000461,0.001716,0.0012768,0.0004611,0.0017166,0.0012443
4.8e-05,0.001746,0.0016078,4.8e-05,0.0017466,0.0015746
-0.000705,0.002597,0.0016558,-0.0007052,0.002598,0.0016221
-0.000606,0.002963,0.0017668,-0.0006062,0.0029642,0.0017327
-0.00028,0.00211,0.0019258,-0.0002801,0.0021108,0.0018918
-0.001383,0.001878,0.0018868,-0.0013835,0.0018787,0.0018527
-0.001087,0.001791,0.0019768,-0.0010874,0.0017917,0.0019427
-0.001417,0.001797,0.0022738,-0.0014175,0.0017977,0.0022388
-0.001044,0.002138,0.0013218,-0.0010444,0.0021388,0.001289
-0.000698,0.002108,0.0013258,-0.0006982,0.0021088,0.0012931
-0.001138,0.001418,0.0019048,-0.0011384,0.0014185,0.001871
-0.00074,0.00142,0.0018978,-0.0007403,0.0014205,0.001864
-0.000939,0.001596,0.0017558,-0.0009393,0.0015966,0.0017223
-0.000758,0.001043,0.0018818,-0.0007582,0.0010433,0.0018481
-0.000978,0.001783,0.0024538,-0.0009784,0.0017837,0.0024186
-0.000665,0.001765,0.0024228,-0.0006653,0.0017657,0.0023877
0.000946,0.002877,0.0030428,0.0009465,0.0028784,0.0030054
0.00095,0.00245,0.0034318,0.0009505,0.0024513,0.0033938
0.001167,0.002122,0.0033668,0.0011676,0.002123,0.0033291
0.000924,0.002132,0.0037018,0.0009245,0.0021331,0.0036633
0.000959,0.001408,0.0037198,0.0009595,0.0014087,0.0036819
0.00082,0.001838,0.0038028,0.0008204,0.001839,0.0037644
0.001257,0.001982,0.0037788,0.0012577,0.0019831,0.0037402
0.000489,0.002048,0.0031438,0.0004892,0.0020489,0.0031069
5.5e-05,0.002147,0.0030588,5.5e-05,0.002148,0.0030221
-0.000112,0.002805,0.0031818,-0.000112,0.0028064,0.0031443
-6e-05,0.002009,0.0032858,-6e-05,0.0020099,0.0032487
0.000501,0.002581,0.0030788,0.0005012,0.0025822,0.0030417
0.00052,0.002925,0.0030538,0.0005203,0.0029265,0.0030165
0.000192,0.001915,0.0033918,0.0001921,0.0019159,0.0033545
0.000475,0.00192,0.0034388,0.0004752,0.0019209,0.0034013
9.9e-05,0.001726,0.0037348,9.9e-05,0.0017269,0.0036968
0.000548,0.001841,0.0038488,0.0005483,0.001842,0.0038104
0.000478,0.001803,0.0041168,0.0004783,0.0018041,0.0040778
-0.000297,0.000633,0.0019388,-0.0002971,0.0006332,0.0019052
-0.000675,0.000659,0.0022608,-0.0006752,0.0006592,0.0022264
-0.00024,0.000682,0.0012208,-0.0002401,0.0006822,0.0011886
-0.000672,0.000567,0.0015108,-0.0006722,0.0005672,0.001478
-0.000345,0.000101,0.0020328,-0.0003451,0.0001011,0.001999
-0.000704,0.000271,0.0024158,-0.0007042,0.0002711,0.0023812
-0.000739,0.001075,0.0015418,-0.0007392,0.0010754,0.0015088
-0.001033,0.00026,0.0024618,-0.0010333,0.0002601,0.002427
0.002386,0.001817,0.0026488,0.0023871,0.0018178,0.0026125
0.002727,0.001861,0.0026128,0.0027283,0.0018619,0.0025764
0.002343,0.001785,0.0029808,0.0023441,0.0017859,0.0029437
0.002356,0.001859,0.0033318,0.0023572,0.0018599,0.0032937
0.002299,0.00171,0.0037388,0.0023003,0.001711,0.0036997
0.000409,0.000703,0.0058088,0.0004094,0.0007038,0.0057662
0.000347,0.001145,0.0059768,0.0003474,0.0011463,0.0059334
4.3e-05,0.001057,0.0060148,4.31e-05,0.0010582,0.0059714
0.000234,0.001143,0.0062438,0.0002343,0.0011444,0.0061996
0.002637,0.000691,0.0047918,0.0026389,0.0006915,0.0047501
0.00225,0.00079,0.0051668,0.0022518,0.0007906,0.0051245
0.00227,0.00029,0.0052818,0.0022719,0.0002902,0.0052392
0.0019,0.00062,0.0053168,0.0019016,0.0006205,0.0052745
0.002178,0.001172,0.0052618,0.0021797,0.001173,0.0052191
0.001864,0.00139,0.0012268,0.0018646,0.0013905,0.0011942
0.002266,0.001369,0.0012578,0.0022668,0.0013695,0.0012251
0.001545,0.001143,0.0019158,0.0015456,0.0011434,0.0018819
0.001893,0.001158,0.0019228,0.0018937,0.0011584,0.0018887
0.001481,0.000951,0.0022038,0.0014816,0.0009514,0.0021693
0.002325,0.00111,0.0027618,0.002326,0.0011105,0.0027255
0.002642,0.001096,0.0026498,0.0026432,0.0010965,0.0026136
0.000487,0.002824,0.0013268,0.0004872,0.002825,0.0012938
9.4e-05,0.002832,0.0009248,9.41e-05,0.002833,0.0008928
-0.000259,0.002849,0.0012808,-0.0002591,0.00285,0.001248
0.000104,0.002851,0.0013058,0.000104,0.002852,0.0012729
5.6e-05,0.002079,0.0009048,5.6e-05,0.0020797,0.000873
0.000415,0.002034,0.0009058,0.0004152,0.0020347,0.0008741
4.8e-05,0.002446,0.0009128,4.8e-05,0.0024468,0.000881
0.0001,0.002471,0.0012858,0.0001,0.0024719,0.0012531
-0.000237,0.002096,0.0013198,-0.0002371,0.0020967,0.0012871
7.4e-05,0.002091,0.0012718,7.4e-05,0.0020917,0.0012393
0.001551,0.00216,0.0023518,0.0015517,0.0021609,0.0023165
0.001914,0.00216,0.0026828,0.0019149,0.0021609,0.0026465
0.002227,0.00225,0.0025658,0.002228,0.002251,0.0025296
0.001924,0.002598,0.0026178,0.0019249,0.0025992,0.0025814
0.001486,0.002112,0.0030798,0.0014867,0.002113,0.0030427
0.001833,0.002109,0.0030078,0.0018339,0.00211,0.0029707
0.002096,0.001951,0.0031358,0.0020971,0.001952,0.0030983
-0.000639,0.002857,0.0009008,-0.0006392,0.0028581,0.0008689
-0.000275,0.002811,0.0009068,-0.0002751,0.002812,0.0008749
-0.000602,0.003213,0.0008638,-0.0006022,0.0032143,0.0008319
-0.000632,0.002619,0.0029958,-0.0006323,0.0026202,0.0029588
0.000311,0.002743,0.0031928,0.0003112,0.0027443,0.0031553
-0.00028,0.002206,0.0034518,-0.0002801,0.0022071,0.0034141
-0.001344,0.001911,0.0032938,-0.0013446,0.0019119,0.0032564
-0.001056,0.00184,0.0033888,-0.0010565,0.0018409,0.0033513
-0.001395,0.001752,0.0036848,-0.0013957,0.0017529,0.0036465
-0.001025,0.001398,0.0033618,-0.0010255,0.0013986,0.0033247
-0.000688,0.001413,0.0033728,-0.0006883,0.0014136,0.0033358
-0.000884,0.001572,0.0031718,-0.0008844,0.0015727,0.0031351
-0.000669,0.001844,0.0037898,-0.0006694,0.001845,0.0037515
-0.000391,0.000818,0.0052358,-0.0003914,0.0008188,0.0051948
4.6e-05,0.000674,0.0057788,4.61e-05,0.0006748,0.0057364
-6.8e-05,0.001205,0.0048898,-6.81e-05,0.001206,0.0048495
-0.00011,0.001213,0.0056978,-0.0001101,0.0012142,0.0056552
-0.000255,0.000523,0.0050988,-0.0002553,0.0005236,0.0050583
0.00129,0.002574,0.0045868,0.0012909,0.0025757,0.0045456
0.000968,0.002457,0.0047628,0.0009687,0.0024587,0.0047213
0.001289,0.00218,0.0047988,0.0012899,0.0021815,0.0047573
0.000909,0.001362,0.0047808,0.0009097,0.001363,0.0047403
0.001242,0.001401,0.0048038,0.0012429,0.001402,0.004763
0.000956,0.001379,0.0050918,0.0009568,0.0013801,0.0050505
0.00084,0.001809,0.0053568,0.0008407,0.0018105,0.0053143
0.001424,0.001924,0.0053618,0.0014252,0.0019256,0.005319
0.000242,0.002174,0.0045188,0.0002422,0.0021754,0.0044784
0.000487,0.002077,0.0045438,0.0004873,0.0020784,0.0045034
-9.7e-05,0.002533,0.0046838,-9.7e-05,0.0025348,0.0046426
0.000411,0.00255,0.0045798,0.0004113,0.0025517,0.0045388
0.000528,0.002836,0.0045488,0.0005283,0.0028379,0.0045076
0.000544,0.002552,0.0048218,0.0005444,0.0025538,0.0047801
-7.4e-05,0.00091,0.0056828,-7.41e-05,0.000911,0.0056406
-0.000165,0.001504,0.0059838,-0.0001652,0.0015056,0.00594
-8.3e-05,0.000936,0.0063638,-8.31e-05,0.0009372,0.0063193
-0.000286,0.000615,0.0057708,-0.0002863,0.0006157,0.0057284
0.00018,0.001891,0.0047058,0.0001801,0.0018923,0.0046652
0.000448,0.001835,0.0048188,0.0004483,0.0018364,0.0047779
0.000149,0.001761,0.0050608,0.0001491,0.0017624,0.0050194
-0.000677,0.002096,0.0009598,-0.0006773,0.0020967,0.0009279
-0.000305,0.002077,0.0009608,-0.0003051,0.0020777,0.0009289
-0.000668,0.002477,0.0009518,-0.0006682,0.0024779,0.0009198
-0.000632,0.00251,0.0013138,-0.0006322,0.0025109,0.001281
-0.000276,0.002475,0.0013108,-0.0002761,0.0024759,0.001278
0.000467,0.001334,0.0012628,0.0004672,0.0013345,0.0012304
6.3e-05,0.001356,0.0009118,6.3e-05,0.0013564,0.0008802
0.000427,0.001337,0.0008818,0.0004272,0.0013375,0.0008503
5.7e-05,0.001702,0.0009128,5.7e-05,0.0017026,0.0008811
0.000451,0.00179,0.0010308,0.0004511,0.0017906,0.0009988
7.5e-05,0.001712,0.0012668,7.5e-05,0.0017126,0.0012343
-0.00028,0.001396,0.0013078,-0.0002801,0.0013965,0.0012753
8.1e-05,0.001331,0.0012718,8.1e-05,0.0013314,0.0012394
0.000896,0.002779,0.0023048,0.0008964,0.0027802,0.0022694
0.000109,0.002922,0.0022388,0.0001091,0.0029232,0.0022036
0.000503,0.002863,0.0022088,0.0005032,0.0028642,0.0021737
0.00051,0.002891,0.0026258,0.0005102,0.0028923,0.0025896
-0.000203,0.002891,0.0027028,-0.0002031,0.0028923,0.0026664
0.000137,0.002921,0.0026248,0.0001371,0.0029223,0.0025886
0.00015,0.002912,0.0029788,0.0001501,0.0029134,0.0029417
-0.001434,0.002146,0.0008968,-0.0014345,0.0021467,0.000865
-0.001072,0.002113,0.0009128,-0.0010724,0.0021137,0.000881
-0.001444,0.002511,0.0008718,-0.0014445,0.0025119,0.00084
-0.001824,0.002161,0.0012708,-0.0018247,0.0021618,0.001238
-0.0015,0.002119,0.0012508,-0.0015005,0.0021197,0.0012181
-0.000685,0.001397,0.0009628,-0.0006852,0.0013975,0.0009311
-0.000354,0.001339,0.0009578,-0.0003541,0.0013395,0.000926
-0.000666,0.001729,0.0009898,-0.0006662,0.0017296,0.0009579
-0.000651,0.001748,0.0013268,-0.0006512,0.0017486,0.0012942
-0.000273,0.001737,0.0012578,-0.0002731,0.0017376,0.0012254
-0.001078,0.001401,0.0012568,-0.0010784,0.0014015,0.0012244
-0.000746,0.001461,0.0012368,-0.0007463,0.0014615,0.0012044
-0.000621,0.002895,0.0022538,-0.0006212,0.0028962,0.0022185
-0.000273,0.002884,0.0022718,-0.0002731,0.0028852,0.0022365
-0.001029,0.002897,0.0026528,-0.0010295,0.0028984,0.0026164
-0.000705,0.002864,0.0027118,-0.0007053,0.0028653,0.0026754
-0.001814,0.002143,0.0009258,-0.0018147,0.0021438,0.0008938
-0.002188,0.00247,0.0010078,-0.0021888,0.002471,0.0009755
-0.002645,0.00228,0.0012718,-0.0026461,0.002281,0.0012388
-0.002231,0.002231,0.0012408,-0.0022318,0.0022319,0.001208
-0.001386,0.000992,0.0016098,-0.0013865,0.0009923,0.0015767
-0.002168,0.000663,0.0023538,-0.0021688,0.0006633,0.0023187
-0.001775,0.000664,0.0012358,-0.0017756,0.0006642,0.0012034
-0.002121,0.000629,0.0015928,-0.0021218,0.0006292,0.0015595
-0.00211,-0.000158,0.0019978,-0.0021108,-0.0001581,0.0019636
-0.002124,0.000264,0.0024138,-0.0021248,0.0002641,0.0023786
-0.001405,0.001464,0.0009018,-0.0014055,0.0014645,0.0008701
-0.001039,0.00143,0.0008988,-0.0010393,0.0014305,0.0008671
-0.001448,0.001771,0.0008698,-0.0014485,0.0017716,0.0008381
-0.001466,0.001766,0.0012368,-0.0014665,0.0017666,0.0012043
-0.00112,0.00178,0.0012598,-0.0011204,0.0017806,0.0012273
-0.001813,0.001392,0.0012618,-0.0018136,0.0013925,0.0012292
-0.002131,0.001363,0.0008978,-0.0021317,0.0013635,0.0008659
-0.001771,0.001403,0.0008958,-0.0017716,0.0014035,0.000864
-0.002185,0.001771,0.0008958,-0.0021858,0.0017716,0.0008639
-0.002216,0.001778,0.0012558,-0.0022168,0.0017787,0.001223
-0.001828,0.001769,0.0012498,-0.0018287,0.0017696,0.0012171
-0.002545,0.001375,0.0012668,-0.0025459,0.0013755,0.001234
-0.002174,0.001356,0.0012628,-0.0021747,0.0013565,0.0012301
-0.002154,0.001463,0.0029278,-0.002155,0.0014636,0.0028911
-0.001821,0.001427,0.0030738,-0.0018218,0.0014276,0.0030369
-0.00161,0.001968,0.0031798,-0.0016108,0.0019689,0.0031425
-0.002174,0.000615,0.0036738,-0.0021752,0.0006153,0.0036355
-0.001794,1.8e-05,0.0033898,-0.0017948,1.8e-05,0.0033526
-0.002158,0.00025,0.0038488,-0.0021592,0.0002501,0.0038101
-0.002476,0.00073,0.0012568,-0.0024769,0.0007302,0.0012241
-0.002096,-0.000496,0.0009028,-0.0020967,-0.0004962,0.0008711
-0.002821,0.000442,0.0009128,-0.002822,0.0004422,0.0008809
-0.002543,-1.6e-05,0.0012618,-0.0025439,-1.6e-05,0.0012291
-0.002796,0.000708,0.0019908,-0.0027971,0.0007083,0.0019562
-0.002495,0.000712,0.0019418,-0.0024959,0.0007123,0.0019075
-0.002873,0.000715,0.0022728,-0.0028742,0.0007153,0.0022375
-0.002165,0.001882,0.0019068,-0.0021659,0.0018827,0.0018724
-0.002125,0.001799,0.0022238,-0.0021259,0.0017997,0.0021887
-0.002129,0.001463,0.0022578,-0.0021298,0.0014636,0.0022227
-0.001802,0.001497,0.0022558,-0.0018027,0.0014976,0.0022209
-0.002623,0.002327,0.0022228,-0.0026243,0.0023281,0.0021873
-0.002216,0.002267,0.0022738,-0.002217,0.002268,0.0022383
-0.002451,0.001445,0.0027208,-0.0024521,0.0014457,0.0026844
-0.002178,0.001445,0.0026428,-0.002179,0.0014456,0.0026068
-0.002945,-0.000507,0.0012848,-0.0029461,-0.0005072,0.0012519
-0.003193,-0.000417,0.0008658,-0.0031942,-0.0004172,0.0008339
-0.001777,-0.001123,0.0041108,-0.001778,-0.0011237,0.0040716
-0.001439,-0.001085,0.0040998,-0.0014399,-0.0010857,0.0040609
-0.002519,-0.000861,0.0030418,-0.0025202,-0.0008614,0.0030047
-0.002218,-0.000808,0.0029948,-0.002219,-0.0008084,0.0029581
-0.00211,-0.000369,0.0029788,-0.0021109,-0.0003692,0.0029423
-0.001808,-0.000639,0.0033918,-0.0018089,-0.0006393,0.0033545
-0.002468,-0.000494,0.0033888,-0.0024692,-0.0004942,0.003351
-0.002516,-0.00079,0.0040828,-0.0025175,-0.0007905,0.0040431
-0.002166,-0.000772,0.0040408,-0.0021672,-0.0007724,0.0040016
-0.002174,-0.001147,0.0037768,-0.0021752,-0.0011476,0.003738
-0.003143,0.000305,0.0016998,-0.0031443,0.0003051,0.0016658
-0.002881,0.000242,0.0016768,-0.0028821,0.0002421,0.001643
-0.000357,0.000739,0.0033818,-0.0003572,0.0007394,0.0033453
-0.00068,0.000599,0.0037408,-0.0006804,0.0005993,0.0037035
-0.000214,0.000663,0.0040478,-0.0002141,0.0006634,0.0040099
-0.00066,0.000646,0.0043708,-0.0006605,0.0006464,0.004332
-0.000327,3e-06,0.0033248,-0.0003272,3e-06,0.0032886
-0.000634,0.000307,0.0038888,-0.0006344,0.0003072,0.0038513
-0.001016,-0.000404,0.0033328,-0.0010165,-0.0004042,0.0032962
-0.000757,-0.000307,0.0034408,-0.0007574,-0.0003072,0.0034042
5.8e-05,0.000119,0.0062728,5.8e-05,0.0001192,0.0062289
-0.000311,-6.5e-05,0.0056758,-0.0003114,-6.51e-05,0.0056335
-0.000898,2.8e-05,0.0067768,-0.0008992,2.8e-05,0.0067308
-0.000546,6.2e-05,0.0067948,-0.0005468,6.21e-05,0.006749
-0.000939,-0.000363,0.0067748,-0.0009403,-0.0003635,0.0067288
-0.001133,-0.000107,0.0065258,-0.0011345,-0.0001071,0.0064806
-0.002187,0.001334,0.0045058,-0.0021884,0.0013349,0.0044651
-0.001652,0.0021,0.0044468,-0.0016531,0.0021014,0.0044061
-0.001861,0.000752,0.0048228,-0.0018623,0.0007526,0.0047818
-0.002169,0.000684,0.0051808,-0.0021708,0.0006846,0.0051385
-0.002057,-0.00011,0.0048008,-0.0020585,-0.0001101,0.0047598
-0.001787,3.2e-05,0.0048068,-0.0017883,3.2e-05,0.0047661
-0.002198,0.000342,0.0052768,-0.0021998,0.0003423,0.0052343
-0.002258,0.000994,0.0045638,-0.0022595,0.0009947,0.004523
-0.001376,-0.000525,0.0009318,-0.0013764,-0.0005252,0.0009001
-0.001834,-1.4e-05,0.0012938,-0.0018346,-1.4e-05,0.0012613
-0.002188,-0.001145,0.0008538,-0.0021887,-0.0011454,0.0008221
-0.002525,-2.8e-05,0.0019558,-0.002526,-2.8e-05,0.0019215
-0.002886,0.000282,0.0023098,-0.0028872,0.0002821,0.0022744
-0.00318,-0.000287,0.0023238,-0.0031814,-0.0002871,0.0022882
-0.002933,-0.000242,0.0022638,-0.0029342,-0.0002421,0.0022285
-0.001441,-0.001193,0.0009158,-0.0014415,-0.0011934,0.0008841
-0.002195,-0.00151,0.0012538,-0.0021958,-0.0015106,0.0012211
-0.002832,-0.001468,0.0008238,-0.0028331,-0.0014686,0.000792
-0.002576,-0.001604,0.0007748,-0.0025769,-0.0016046,0.0007432
-0.00287,-0.001219,0.0008188,-0.0028711,-0.0012195,0.000787
-0.002476,-0.001966,0.0010968,-0.002477,-0.0019668,0.0010643
-0.00228,-0.001797,0.0008208,-0.0022808,-0.0017976,0.0007891
-0.002813,-0.000839,0.0022088,-0.0028142,-0.0008394,0.0021737
-0.002506,-0.000844,0.0023188,-0.002507,-0.0008443,0.0022836
-0.002855,-0.000487,0.0022728,-0.0028562,-0.0004872,0.0022375
-0.000647,-0.000271,0.0029248,-0.0006472,-0.0002711,0.0028893
-0.000432,-0.000669,0.0033518,-0.0004322,-0.0006694,0.0033154
-0.000687,-0.001592,0.0033558,-0.0006873,-0.0015928,0.0033187
-0.001217,-0.00161,0.0033998,-0.0012176,-0.0016108,0.0033624
-0.000603,-0.001171,0.0037478,-0.0006034,-0.0011716,0.0037101
-0.001709,-0.0008,0.0044538,-0.0017101,-0.0008005,0.0044139
-0.001462,-0.000703,0.0044188,-0.0014629,-0.0007035,0.0043793
-0.001762,-0.001103,0.0054778,-0.0017635,-0.001104,0.0054349
-0.001394,-0.001092,0.0055008,-0.0013953,-0.001093,0.0054582
-0.001095,-0.000654,0.0067498,-0.0010964,-0.0006548,0.0067038
-0.002521,-0.000802,0.0044698,-0.0025227,-0.0008025,0.0044291
-0.00218,-0.000738,0.0044898,-0.0021814,-0.0007385,0.0044494
-0.002085,-0.000454,0.0044468,-0.0020863,-0.0004543,0.0044066
-0.001778,-0.000695,0.0048638,-0.0017793,-0.0006955,0.0048228
-0.002493,-0.000461,0.0048528,-0.0024948,-0.0004613,0.0048111
-0.002119,-0.001239,0.0051318,-0.0021206,-0.00124,0.0050895
-0.001786,-0.000856,0.0058848,-0.0017878,-0.0008568,0.0058408
-0.00145,-0.000725,0.0058878,-0.0014515,-0.0007258,0.0058442
-0.000381,-0.000332,0.0063788,-0.0003814,-0.0003324,0.0063344
-0.000201,-0.00065,0.0064238,-0.0002013,-0.0006508,0.0063792
-3.2e-05,-0.000267,0.0063298,-3.2e-05,-0.0002673,0.0062856
-2.7e-05,-0.000714,0.0068178,-2.7e-05,-0.0007151,0.0067718
0.000332,-0.000244,0.0064288,0.0003324,-0.0002443,0.0063843
8e-06,2.5e-05,0.0067018,8e-06,2.5e-05,0.0066565
-0.00253,-0.000833,0.0059288,-0.0025323,-0.0008337,0.0058843
-0.002181,-0.000794,0.0058408,-0.002183,-0.0007947,0.0057967
-0.002073,-0.000414,0.0058848,-0.002075,-0.0004144,0.0058407
-0.001763,-0.000832,0.0064058,-0.0017648,-0.0008329,0.0063604
-0.000248,-0.00068,0.0071788,-0.0002484,-0.0006811,0.0071315
-1.4e-05,-0.000299,0.0070838,-1.4e-05,-0.0002996,0.007037
0.000354,-0.000293,0.0071228,0.0003546,-0.0002935,0.0070758
0.000151,7.9e-05,0.0070938,0.0001513,7.91e-05,0.007047
-8.1e-05,1.5e-05,0.0074078,-8.11e-05,1.5e-05,0.0073595
-0.000366,-0.000388,0.0071358,-0.0003666,-0.0003887,0.0070888
-0.000493,0.00014,0.0074718,-0.0004938,0.0001403,0.0074233
-0.000842,9.2e-05,0.0075038,-0.0008433,9.22e-05,0.0074553
-0.001152,-0.000116,0.0072458,-0.0011536,-0.0001162,0.0071981
-0.002478,-0.000466,0.0062748,-0.0024804,-0.0004664,0.0062295
-0.002222,-0.000377,0.0063308,-0.0022242,-0.0003774,0.0062854
-0.000165,0.000259,0.0064998,-0.0001652,0.0002593,0.0064551
-4.4e-05,0.00045,0.0068148,-4.41e-05,0.0004507,0.006769
0.00034,0.000143,0.0067848,0.0003406,0.0001432,0.0067391
-0.000304,-7.1e-05,0.0065948,-0.0003044,-7.11e-05,0.0065498
-0.002404,-0.001161,0.0066908,-0.0024063,-0.0011621,0.0066444
-0.002096,-0.001158,0.0067198,-0.0020981,-0.0011592,0.0066734
-0.001814,-0.001524,0.0012108,-0.0018146,-0.0015245,0.0011783
-0.001308,-0.001526,0.0012908,-0.0013084,-0.0015265,0.0012582
-0.001751,-0.001818,0.0010268,-0.0017516,-0.0018186,0.0009946
-0.001435,-0.001873,0.0009668,-0.0014355,-0.0018736,0.0009349
-0.001881,-0.002226,0.0012058,-0.0018817,-0.0022268,0.0011731
-0.002113,-0.002385,0.0015198,-0.0021138,-0.002386,0.0014863
-0.002218,-0.001976,0.0016358,-0.0022188,-0.0019768,0.0016021
-0.001444,-0.002288,0.0011908,-0.0014445,-0.0022888,0.0011582
-0.001158,-0.002312,0.0011828,-0.0011584,-0.0023128,0.0011503
-0.001472,-0.002326,0.0015328,-0.0014725,-0.0023269,0.0014994
-0.001477,-0.002692,0.0011568,-0.0014775,-0.0026931,0.0011242
-0.001725,-0.00187,0.0016198,-0.0017257,-0.0018707,0.0015863
-0.001437,-0.001964,0.0016378,-0.0014376,-0.0019647,0.0016043
-0.001793,-0.001557,0.0015838,-0.0017937,-0.0015576,0.0015504
-0.00218,-0.00158,0.0016078,-0.0021808,-0.0015806,0.0015743
-0.002182,-0.001968,0.0023548,-0.0021829,-0.0019688,0.0023193
0.000469,0.00212,0.0216388,0.000469,0.00212,0.0215788
3.5e-05,0.002464,0.0216888,3.5e-05,0.002464,0.0216288
-0.000176,0.00189,0.0216888,-0.000176,0.00189,0.0216288
0.00011,0.001756,0.0216738,0.00011,0.001756,0.0216138
-0.000349,0.002126,0.0220818,-0.000349,0.002126,0.0220218
-0.000674,0.00245,0.0220038,-0.000674,0.00245,0.0219438
-0.000656,0.001813,0.0224638,-0.000656,0.001813,0.0224038
0.001238,0.001097,0.0219448,0.001238,0.001097,0.0218848
0.00125,0.000406,0.0219728,0.00125,0.000406,0.0219128
0.000883,0.001033,0.0220128,0.000883,0.001033,0.0219528
0.000506,0.001107,0.0218938,0.000506,0.001107,0.0218338
0.001204,-0.000292,0.0219858,0.001204,-0.000292,0.0219258
0.001322,-0.001064,0.0219568,0.001322,-0.001064,0.0218968
5.7e-05,-0.000821,0.0217278,5.7e-05,-0.000821,0.0216678
0.000388,-0.000771,0.0217298,0.000388,-0.000771,0.0216698
0.000831,-0.000387,0.0216878,0.000831,-0.000387,0.0216278
0.000883,-0.000334,0.0219728,0.000883,-0.000334,0.0219128
0.000893,-0.000893,0.0224718,0.000893,-0.000893,0.0224118
0.001358,0.001778,0.0202858,0.001358,0.001778,0.0202258
0.001345,0.001822,0.0205818,0.001345,0.001822,0.0205218
0.000363,0.000778,0.0199268,0.000363,0.000778,0.0198668
0.000617,0.000744,0.0200778,0.000617,0.000744,0.0200178
0.000276,0.001082,0.0198298,0.000276,0.001082,0.0197698
0.000211,0.001038,0.0202758,0.000211,0.001038,0.0202158
-4.4e-05,0.00127,0.0199418,-4.4e-05,0.00127,0.0198818
0.000425,0.000815,0.0205218,0.000425,0.000815,0.0204618
0.000387,0.000488,0.0204498,0.000387,0.000488,0.0203898
9.7e-05,0.00215,0.0203118,9.7e-05,0.00215,0.0202518
0.000443,0.002042,0.0202618,0.000443,0.002042,0.0202018
-2.7e-05,0.00073,0.0199518,-2.7e-05,0.00073,0.0198918
-0.000601,0.00108,0.0195718,-0.000601,0.00108,0.0195118
0.000176,5.1e-05,0.0200578,0.000176,5.1e-05,0.0199978
0.000374,0.00041,0.0200368,0.000374,0.00041,0.0199768
0.000795,-2.8e-05,0.0199018,0.000795,-2.8e-05,0.0198418
0.000522,4.1e-05,0.0200528,0.000522,4.1e-05,0.0199928
0.000318,-7.8e-05,0.0203318,0.000318,-7.8e-05,0.0202718
3.8e-05,0.000329,0.0199808,3.8e-05,0.000329,0.0199208
0.000429,0.00013,0.0205158,0.000429,0.00013,0.0204558
3e-06,2.5e-05,0.0203828,3e-06,2.5e-05,0.0203228
0.000903,0.001866,0.0212578,0.000903,0.001866,0.0211978
0.000533,0.001746,0.0209528,0.000533,0.001746,0.0208928
0.000584,0.001899,0.0211898,0.000584,0.001899,0.0211298
4.4e-05,0.002864,0.0224198,4.4e-05,0.002864,0.0223598
8.6e-05,0.002144,0.0223988,8.6e-05,0.002144,0.0223388
-0.000709,0.002921,0.0220008,-0.000709,0.002921,0.0219408
4.6e-05,0.002516,0.0223918,4.6e-05,0.002516,0.0223318
-0.000693,0.002833,0.0222678,-0.000693,0.002833,0.0222078
0.000156,0.000259,0.0216498,0.000156,0.000259,0.0215898
-0.000666,0.000339,0.0224328,-0.000666,0.000339,0.0223728
-0.000671,-0.0007,0.0201468,-0.000671,-0.0007,0.0200868
-0.000382,-0.000312,0.0200128,-0.000382,-0.000312,0.0199528
-0.001069,-0.000654,0.0196888,-0.001069,-0.000654,0.0196288
8.7e-05,0.001826,0.0202778,8.7e-05,0.001826,0.0202178
-0.00025,0.000282,0.0200858,-0.00025,0.000282,0.0200258
-7.1e-05,5.2e-05,0.0198638,-7.1e-05,5.2e-05,0.0198038
1.1e-05,-0.000295,0.0203698,1.1e-05,-0.000295,0.0203098
-0.000197,-8.6e-05,0.0200968,-0.000197,-8.6e-05,0.0200368
2.1e-05,-0.000328,0.0199048,2.1e-05,-0.000328,0.0198448
-0.000639,0.002432,0.0205658,-0.000639,0.002432,0.0205058
-0.001085,0.002868,0.0202768,-0.001085,0.002868,0.0202168
-0.000746,0.002912,0.0203398,-0.000746,0.002912,0.0202798
-7.2e-05,0.000705,0.0191748,-7.2e-05,0.000705,0.0191148
-0.000101,0.001077,0.0192548,-0.000101,0.001077,0.0191948
0.000228,0.001147,0.0191768,0.000228,0.001147,0.0191168
-0.000114,0.001179,0.0196608,-0.000114,0.001179,0.0196008
-5.1e-05,0.000647,0.0195248,-5.1e-05,0.000647,0.0194648
0.000282,0.000727,0.0196088,0.000282,0.000727,0.0195488
-0.000403,0.000543,0.0194298,-0.000403,0.000543,0.0193698
0.000188,0.002112,0.0187918,0.000188,0.002112,0.0187318
0.000505,0.002017,0.0188228,0.000505,0.002017,0.0187628
0.00025,0.000878,0.0184788,0.00025,0.000878,0.0184188
0.000232,0.001268,0.0184058,0.000232,0.001268,0.0183458
0.00011,0.00098,0.0188468,0.00011,0.00098,0.0187868
-9e-05,0.001204,0.0185088,-9e-05,0.001204,0.0184488
0.000213,0.000278,0.0188038,0.000213,0.000278,0.0187438
-0.000582,0.000554,0.0185508,-0.000582,0.000554,0.0184908
-0.000226,0.000813,0.0185408,-0.000226,0.000813,0.0184808
7.5e-05,0.000535,0.0185798,7.5e-05,0.000535,0.0185198
-0.000441,0.001273,0.0182388,-0.000441,0.001273,0.0181788
0.000252,-4.3e-05,0.0185668,0.000252,-4.3e-05,0.0185068
0.000503,0.000112,0.0187198,0.000503,0.000112,0.0186598
0.000659,-3.9e-05,0.0185008,0.000659,-3.9e-05,0.0184408
0.00039,0.000279,0.0184548,0.00039,0.000279,0.0183948
0.000318,-5e-05,0.0188568,0.000318,-5e-05,0.0187968
0.000409,0.000547,0.0186708,0.000409,0.000547,0.0186108
0.000293,2e-06,0.0191438,0.000293,2e-06,0.0190838
8e-06,3.6e-05,0.0188908,8e-06,3.6e-05,0.0188308
0.000334,-0.000267,0.0189928,0.000334,-0.000267,0.0189328
0.000305,0.000536,0.0193108,0.000305,0.000536,0.0192508
0.000216,0.000364,0.0196968,0.000216,0.000364,0.0196368
0.000138,0.002469,0.0187898,0.000138,0.002469,0.0187298
9.3e-05,0.001741,0.0188278,9.3e-05,0.001741,0.0187678
-0.00043,-3.9e-05,0.0184388,-0.00043,-3.9e-05,0.0183788
-0.000391,0.000241,0.0185828,-0.000391,0.000241,0.0185228
-6.3e-05,9.6e-05,0.0185588,-6.3e-05,9.6e-05,0.0184988
-0.0004,-8e-06,0.0188528,-0.0004,-8e-06,0.0187928
-2.9e-05,-0.000222,0.0190348,-2.9e-05,-0.000222,0.0189748
-3.2e-05,-2.2e-05,0.0193048,-3.2e-05,-2.2e-05,0.0192448
-0.000236,0.000479,0.0186288,-0.000236,0.000479,0.0185688
-0.000905,0.000514,0.0187188,-0.000905,0.000514,0.0186588
-0.000323,0.000133,0.0191298,-0.000323,0.000133,0.0190698
-0.000292,0.000158,0.0194718,-0.000292,0.000158,0.0194118
-8e-06,-0.000302,0.0192788,-8e-06,-0.000302,0.0192188
-5.8e-05,1.9e-05,0.0195918,-5.8e-05,1.9e-05,0.0195318
0.000237,-6.2e-05,0.0197388,0.000237,-6.2e-05,0.0196788
-0.000107,-0.000271,0.0196178,-0.000107,-0.000271,0.0195578
-0.000323,-0.000205,0.0193078,-0.000323,-0.000205,0.0192478
-0.000404,-0.000201,0.0197128,-0.000404,-0.000201,0.0196528
-0.000255,0.002151,0.0191548,-0.000255,0.002151,0.0190948
-0.000572,0.002489,0.0191618,-0.000572,0.002489,0.0191018
-0.000632,0.002869,0.0187188,-0.000632,0.002869,0.0186588
0.000144,0.000171,0.0194308,0.000144,0.000171,0.0193708
0.000444,3e-06,0.0193598,0.000444,3e-06,0.0192998
0.000285,-0.000129,0.0194268,0.000285,-0.000129,0.0193668
0.000292,-0.000329,0.0192658,0.000292,-0.000329,0.0192058
0.000342,-0.000305,0.0196318,0.000342,-0.000305,0.0195718
9e-06,-0.000676,0.0196408,9e-06,-0.000676,0.0195808
-0.000244,-0.000498,0.0198168,-0.000244,-0.000498,0.0197568
-0.000244,-0.000503,0.0191208,-0.000244,-0.000503,0.0190608
-0.001145,0.000301,0.0186318,-0.001145,0.000301,0.0185718
-0.001055,-7.9e-05,0.0186678,-0.001055,-7.9e-05,0.0186078
-4.3e-05,0.001263,0.0177538,-4.3e-05,0.001263,0.0176938
0.000333,0.001173,0.0178278,0.000333,0.001173,0.0177678
-8.7e-05,0.00138,0.0181898,-8.7e-05,0.00138,0.0181298
1.1e-05,0.000769,0.0181578,1.1e-05,0.000769,0.0180978
-0.000419,0.000828,0.0182018,-0.000419,0.000828,0.0181418
-0.000392,0.000577,0.0179528,-0.000392,0.000577,0.0178928
0.002294,0.000344,0.0224808,0.002294,0.000344,0.0224208
0.002557,0.000339,0.0224828,0.002557,0.000339,0.0224228
0.001267,0.00111,0.0205228,0.001267,0.00111,0.0204628
0.001357,0.000339,0.0202128,0.001357,0.000339,0.0201528
0.001356,0.000335,0.0204958,0.001356,0.000335,0.0204358
0.000166,-0.000613,0.0201758,0.000166,-0.000613,0.0201158
0.000498,-0.000533,0.0201078,0.000498,-0.000533,0.0200478
0.000329,-0.000277,0.0200298,0.000329,-0.000277,0.0199698
0.000374,-0.000557,0.0197898,0.000374,-0.000557,0.0197298
-0.000424,-0.000551,0.0200958,-0.000424,-0.000551,0.0200358
0.000442,-0.000519,0.0190768,0.000442,-0.000519,0.0190168
0.000805,0.000506,0.0209448,0.000805,0.000506,0.0208848
0.000578,0.001114,0.0204728,0.000578,0.001114,0.0204128
0.000497,0.001036,0.0210728,0.000497,0.001036,0.0210128
0.000881,0.002888,0.0216118,0.000881,0.002888,0.0215518
0.000824,0.003135,0.0215758,0.000824,0.003135,0.0215158
0.000148,0.002855,0.0216878,0.000148,0.002855,0.0216278
0.000541,0.002794,0.0216728,0.000541,0.002794,0.0216128
-0.000235,0.002795,0.0216398,-0.000235,0.002795,0.0215798
-0.001215,0.002154,0.0224088,-0.001215,0.002154,0.0223488
-0.001452,0.002488,0.0223618,-0.001452,0.002488,0.0223018
-0.001404,0.001116,0.0216198,-0.001404,0.001116,0.0215598
-0.002085,0.000379,0.0223828,-0.002085,0.000379,0.0223228
-0.002144,0.00116,0.0215848,-0.002144,0.00116,0.0215248
0.000168,0.001408,0.0223508,0.000168,0.001408,0.0222908
0.0005,0.00136,0.0223478,0.0005,0.00136,0.0222878
0.000117,0.001776,0.0223258,0.000117,0.001776,0.0222658
5.1e-05,0.001085,0.0223228,5.1e-05,0.001085,0.0222628
4.5e-05,-0.001171,0.0216908,4.5e-05,-0.001171,0.0216308
-0.001103,-0.000851,0.0215938,-0.001103,-0.000851,0.0215338
-0.000728,-0.000821,0.0216228,-0.000728,-0.000821,0.0215628
-0.000286,-0.000786,0.0221498,-0.000286,-0.000786,0.0220898
-0.00105,-0.000996,0.0223688,-0.00105,-0.000996,0.0223088
-0.000749,-0.001075,0.0223118,-0.000749,-0.001075,0.0222518
-8.4e-05,-0.000296,0.0184318,-8.4e-05,-0.000296,0.0183718
0.000205,-0.000357,0.0184418,0.000205,-0.000357,0.0183818
-0.000346,-0.000571,0.0184068,-0.000346,-0.000571,0.0183468
-0.000616,0.00037,0.0210098,-0.000616,0.00037,0.0209498
-0.000667,0.001078,0.0201828,-0.000667,0.001078,0.0201228
-0.000716,0.00254,0.0216868,-0.000716,0.00254,0.0216268
-0.000241,0.002939,0.0206318,-0.000241,0.002939,0.0205718
4.1e-05,0.002971,0.0205578,4.1e-05,0.002971,0.0204978
9.9e-05,0.002516,0.0209008,9.9e-05,0.002516,0.0208408
0.000104,0.002123,0.0209628,0.000104,0.002123,0.0209028
0.000968,0.001772,0.0198218,0.000968,0.001772,0.0197618
0.000745,0.002463,0.0188348,0.000745,0.002463,0.0187748
0.000699,0.002456,0.0191058,0.000699,0.002456,0.0190458
0.000591,0.001732,0.0195278,0.000591,0.001732,0.0194678
0.001021,0.002839,0.0221678,0.001021,0.002839,0.0221078
0.001885,-0.000349,0.0220398,0.001885,-0.000349,0.0219798
0.001542,-0.000323,0.0219648,0.001542,-0.000323,0.0219048
0.001996,0.001184,0.0204788,0.001996,0.001184,0.0204188
0.002013,0.001185,0.0210028,0.002013,0.001185,0.0209428
0.002271,0.000719,0.0209628,0.002271,0.000719,0.0209028
0.001905,0.002051,0.0215978,0.001905,0.002051,0.0215378
0.00189,0.002099,0.0208778,0.00189,0.002099,0.0208178
0.001833,0.002136,0.0212348,0.001833,0.002136,0.0211748
0.002645,0.001432,0.0224108,0.002645,0.001432,0.0223508
0.002204,0.001437,0.0216498,0.002204,0.001437,0.0215898
0.002634,0.00134,0.0215928,0.002634,0.00134,0.0215328
0.001892,-0.000788,0.0202048,0.001892,-0.000788,0.0201448
0.002215,-0.000824,0.0201638,0.002215,-0.000824,0.0201038
0.002604,-0.000811,0.0205658,0.002604,-0.000811,0.0205058
0.002326,-0.000445,0.0206038,0.002326,-0.000445,0.0205438
0.001921,-0.001477,0.0205318,0.001921,-0.001477,0.0204718
0.002295,0.000273,0.0196148,0.002295,0.000273,0.0195548
0.002263,0.001022,0.0187858,0.002263,0.001022,0.0187258
0.001808,0.001125,0.0190978,0.001808,0.001125,0.0190378
0.002192,0.001112,0.0190938,0.002192,0.001112,0.0190338
0.002241,0.000631,0.0195778,0.002241,0.000631,0.0195178
0.001888,0.001411,0.0219178,0.001888,0.001411,0.0218578
0.002221,0.001479,0.0219728,0.002221,0.001479,0.0219128
0.002706,0.001149,0.0219148,0.002706,0.001149,0.0218548
0.001641,0.001479,0.0218068,0.001641,0.001479,0.0217468
0.001838,0.001313,0.0216148,0.001838,0.001313,0.0215548
0.002255,0.00136,0.0209828,0.002255,0.00136,0.0209228
0.002598,0.001315,0.0209468,0.002598,0.001315,0.0208868
0.000441,-0.000739,0.0202598,0.000441,-0.000739,0.0201998
0.000884,-0.000257,0.0202388,0.000884,-0.000257,0.0201788
0.000977,-0.000408,0.0205118,0.000977,-0.000408,0.0204518
0.000579,-0.000296,0.0202438,0.000579,-0.000296,0.0201838
0.000519,-0.000255,0.0204858,0.000519,-0.000255,0.0204258
0.000462,-0.000821,0.0205768,0.000462,-0.000821,0.0205168
0.000133,-0.000507,0.0206768,0.000133,-0.000507,0.0206168
0.000684,-0.000982,0.0209418,0.000684,-0.000982,0.0208818
0.000669,-0.000982,0.0212118,0.000669,-0.000982,0.0211518
0.001806,-0.000778,0.0186978,0.001806,-0.000778,0.0186378
0.002167,-0.000806,0.0187388,0.002167,-0.000806,0.0186788
0.002476,-0.000816,0.0192328,0.002476,-0.000816,0.0191728
0.001885,-0.000899,0.0195018,0.001885,-0.000899,0.0194418
0.001295,-0.000236,0.0225338,0.001295,-0.000236,0.0224738
0.001207,-0.001577,0.0217898,0.001207,-0.001577,0.0217298
0.000801,-0.001868,0.0217648,0.000801,-0.001868,0.0217048
0.000848,-0.001542,0.0218078,0.000848,-0.001542,0.0217478
0.002659,-0.001515,0.0223608,0.002659,-0.001515,0.0223008
0.002716,-0.001116,0.0219518,0.002716,-0.001116,0.0218918
0.001528,-0.002315,0.0224038,0.001528,-0.002315,0.0223438
0.001927,-0.002386,0.0223658,0.001927,-0.002386,0.0223058
0.001591,-0.00188,0.0224518,0.001591,-0.00188,0.0223918
0.001846,-0.001609,0.0224778,0.001846,-0.001609,0.0224178
0.00232,-0.00198,0.0223988,0.00232,-0.00198,0.0223388
0.001483,-0.001994,0.0221488,0.001483,-0.001994,0.0220888
0.001944,-0.002739,0.0218658,0.001944,-0.002739,0.0218058
0.002171,-0.00271,0.0220938,0.002171,-0.00271,0.0220338
0.001208,-0.001519,0.0223868,0.001208,-0.001519,0.0223268
0.00121,-0.002341,0.0224078,0.00121,-0.002341,0.0223478
-0.000642,-0.002225,0.0224438,-0.000642,-0.002225,0.0223838
0.001227,-0.001492,0.0203048,0.001227,-0.001492,0.0202448
0.000826,-0.001842,0.0203438,0.000826,-0.001842,0.0202838
0.00052,-0.002298,0.0209128,0.00052,-0.002298,0.0208528
0.000469,-0.001838,0.0210198,0.000469,-0.001838,0.0209598
-0.00064,-0.001497,0.0202578,-0.00064,-0.001497,0.0201978
-0.000238,-0.001532,0.0202058,-0.000238,-0.001532,0.0201458
-0.000994,-0.002375,0.0209268,-0.000994,-0.002375,0.0208668
-0.000686,-0.002184,0.0209288,-0.000686,-0.002184,0.0208688
-0.000684,-0.002629,0.0209798,-0.000684,-0.002629,0.0209198
0.000397,-0.000267,0.0186308,0.000397,-0.000267,0.0185708
0.000399,-0.000585,0.0183328,0.000399,-0.000585,0.0182728
0.000833,-0.001872,0.0188048,0.000833,-0.001872,0.0187448
0.000854,-0.00151,0.0187878,0.000854,-0.00151,0.0187278
0.000613,-0.002323,0.0193778,0.000613,-0.002323,0.0193178
0.00075,-0.002608,0.0194728,0.00075,-0.002608,0.0194128
0.000162,-0.002556,0.0223668,0.000162,-0.002556,0.0223068
0.001222,-0.00231,0.0216308,0.001222,-0.00231,0.0215708
0.002253,-0.001796,0.0211808,0.002253,-0.001796,0.0211208
0.001978,-0.002618,0.0215668,0.001978,-0.002618,0.0215068
0.00231,-0.002689,0.0217148,0.00231,-0.002689,0.0216548
0.001854,-0.001544,0.0216928,0.001854,-0.001544,0.0216328
-0.000588,-0.003065,0.0222808,-0.000588,-0.003065,0.0222208
-0.000276,-0.002986,0.0223518,-0.000276,-0.002986,0.0222918
-0.000659,-0.002552,0.0223878,-0.000659,-0.002552,0.0223278
0.000107,-0.001862,0.0223408,0.000107,-0.001862,0.0222808
8e-05,-0.001478,0.0223598,8e-05,-0.001478,0.0222998
0.000481,-0.00149,0.0223748,0.000481,-0.00149,0.0223148
0.000149,-0.003007,0.0217148,0.000149,-0.003007,0.0216548
0.000116,-0.002638,0.0217098,0.000116,-0.002638,0.0216498
-0.001347,-0.002985,0.0221048,-0.001347,-0.002985,0.0220448
-0.00109,-0.003098,0.0220728,-0.00109,-0.003098,0.0220128
-0.001835,-0.000783,0.0220698,-0.001835,-0.000783,0.0220098
-0.002141,-0.001125,0.0224048,-0.002141,-0.001125,0.0223448
-0.000286,-0.001514,0.0223648,-0.000286,-0.001514,0.0223048
8.3e-05,-0.001152,0.0223468,8.3e-05,-0.001152,0.0222868
-0.000982,-0.000771,0.0202028,-0.000982,-0.000771,0.0201428
-0.000507,-0.000506,0.0206068,-0.000507,-0.000506,0.0205468
-0.000658,-0.001006,0.0208758,-0.000658,-0.001006,0.0208158
-0.000252,-0.003035,0.0209448,-0.000252,-0.003035,0.0208848
-0.000591,-0.002211,0.0195548,-0.000591,-0.002211,0.0194948
-0.00066,-0.00253,0.0196028,-0.00066,-0.00253,0.0195428
-0.001443,-0.001941,0.0223908,-0.001443,-0.001941,0.0223308
-0.001412,-0.002564,0.0215398,-0.001412,-0.002564,0.0214798
-0.001416,-0.001119,0.0223058,-0.001416,-0.001119,0.0222458
-0.001782,-0.00077,0.0206268,-0.001782,-0.00077,0.0205668
-0.002089,-0.001934,0.0223488,-0.002089,-0.001934,0.0222888
-0.001397,-0.003075,0.0206078,-0.001397,-0.003075,0.0205478
-0.001093,-0.003083,0.0206038,-0.001093,-0.003083,0.0205438
-0.001433,-0.002579,0.0209068,-0.001433,-0.002579,0.0208468
-0.002959,-0.001585,0.0219578,-0.002959,-0.001585,0.0218978
-0.002607,-0.001615,0.0220248,-0.002607,-0.001615,0.0219648
-0.002888,-0.001234,0.0220178,-0.002888,-0.001234,0.0219578
-0.002904,-0.000788,0.0224158,-0.002904,-0.000788,0.0223558
-0.002543,-0.000843,0.0224258,-0.002543,-0.000843,0.0223658
-0.00217,-0.001875,0.0216568,-0.00217,-0.001875,0.0215968
-0.001439,-0.001862,0.0216828,-0.001439,-0.001862,0.0216228
-0.001801,-0.001554,0.0213098,-0.001801,-0.001554,0.0212498
-0.002089,-0.001325,0.0212498,-0.002089,-0.001325,0.0211898
-0.002809,0.00022,0.0222868,-0.002809,0.00022,0.0222268
-0.002858,-0.000423,0.0223878,-0.002858,-0.000423,0.0223278
-0.001319,0.001061,0.0201958,-0.001319,0.001061,0.0201358
-0.00139,-0.000361,0.0187978,-0.00139,-0.000361,0.0187378
-0.002166,-0.000432,0.0187968,-0.002166,-0.000432,0.0187368
-0.001838,-0.000825,0.0192358,-0.001838,-0.000825,0.0191758
-0.002039,-0.000595,0.0192228,-0.002039,-0.000595,0.0191628
-0.00214,-0.001173,0.0195338,-0.00214,-0.001173,0.0194738
-0.002043,-0.000423,0.0223538,-0.002043,-0.000423,0.0222938
-0.002535,-0.000879,0.0212058,-0.002535,-0.000879,0.0211458
-0.002795,-0.000555,0.0212788,-0.002795,-0.000555,0.0212188
-0.002545,-0.001935,0.0210848,-0.002545,-0.001935,0.0210248
-0.002858,-0.000318,0.0215878,-0.002858,-0.000318,0.0215278
-0.003218,0.000866,0.0204758,-0.003218,0.000866,0.0204158
-0.003197,-0.000407,0.0208698,-0.003197,-0.000407,0.0208098
-0.001351,0.001114,0.0187928,-0.001351,0.001114,0.0187328
-0.002045,0.000308,0.0195688,-0.002045,0.000308,0.0195088
-0.001711,0.000179,0.0197678,-0.001711,0.000179,0.0197078
-0.001123,-0.000809,0.0220038,-0.001123,-0.000809,0.0219438
-0.001428,-0.000525,0.0219928,-0.001428,-0.000525,0.0219328
-0.001822,-0.000779,0.0213848,-0.001822,-0.000779,0.0213248
-0.002088,-0.000553,0.0212168,-0.002088,-0.000553,0.0211568
-0.002126,-0.000418,0.0215508,-0.002126,-0.000418,0.0214908
-0.002536,-0.000878,0.0208398,-0.002536,-0.000878,0.0207798
-0.002148,0.001492,0.0219228,-0.002148,0.001492,0.0218628
-0.002087,0.001042,0.0223608,-0.002087,0.001042,0.0223008
-0.001796,0.001515,0.0219198,-0.001796,0.001515,0.0218598
-0.00144,0.001537,0.0219268,-0.00144,0.001537,0.0218668
-0.002096,0.001454,0.0222928,-0.002096,0.001454,0.0222328
-0.001737,0.001484,0.0222758,-0.001737,0.001484,0.0222158
-0.002535,0.001496,0.0212118,-0.002535,0.001496,0.0211518
-0.002211,0.001478,0.0211908,-0.002211,0.001478,0.0211308
-0.002947,0.001451,0.0216018,-0.002947,0.001451,0.0215418
-0.002534,0.001471,0.0215358,-0.002534,0.001471,0.0214758
-0.002231,0.001773,0.0208508,-0.002231,0.001773,0.0207908
-0.002211,0.00142,0.0208208,-0.002211,0.00142,0.0207608
-0.001826,0.00139,0.0208838,-0.001826,0.00139,0.0208238
-0.002914,0.001443,0.0208648,-0.002914,0.001443,0.0208048
-0.002609,0.001411,0.0208488,-0.002609,0.001411,0.0207888
-0.001442,0.002501,0.0216208,-0.001442,0.002501,0.0215608
-0.001354,0.002158,0.0216338,-0.001354,0.002158,0.0215738
-0.001091,0.002182,0.0216298,-0.001091,0.002182,0.0215698
-0.002136,0.00221,0.0216438,-0.002136,0.00221,0.0215838
-0.001835,0.002183,0.0216478,-0.001835,0.002183,0.0215878
-0.001373,0.001497,0.0222478,-0.001373,0.001497,0.0221878
-0.001049,0.00146,0.0223068,-0.001049,0.00146,0.0222468
-0.001134,0.002961,0.0212128,-0.001134,0.002961,0.0211528
-0.001376,0.002181,0.0022958,-0.0013766,0.0021819,0.0022606
-0.001047,0.002116,0.0023298,-0.0010474,0.0021168,0.0022947
-0.001801,0.002234,0.0027008,-0.0018018,0.002235,0.0026644
-0.001376,0.00219,0.0026738,-0.0013766,0.0021909,0.0026377
-0.002216,0.00218,0.0030398,-0.0022171,0.0021811,0.0030024
-0.001777,0.002211,0.0030478,-0.0017778,0.0022121,0.0030106
6.1e-05,-0.002674,0.0016218,6.1e-05,-0.002675,0.0015882
-0.000291,-0.00161,0.0016068,-0.0002911,-0.0016105,0.0015737
-0.000672,-0.001582,0.0016068,-0.0006722,-0.0015825,0.0015736
-0.000235,-0.00153,0.0019518,-0.0002351,-0.0015305,0.0019179
7.6e-05,-0.00153,0.0019368,7.6e-05,-0.0015305,0.001903
0.000106,-0.001133,0.0011868,0.000106,-0.0011334,0.0011546
0.000477,-0.001166,0.0011808,0.0004772,-0.0011664,0.0011487
-0.000317,-0.00083,0.0012848,-0.0003171,-0.0008302,0.0012525
0.000134,-0.000804,0.0012398,0.000134,-0.0008042,0.0012076
0.000111,-0.001561,0.0015998,0.000111,-0.0015615,0.0015667
-0.000277,-0.002623,0.0026018,-0.0002771,-0.0026241,0.0025659
1.7e-05,-0.002633,0.0026278,1.7e-05,-0.0026341,0.0025918
0.00012,-0.002986,0.0022858,0.00012,-0.0029873,0.0022505
7.7e-05,-0.002669,0.0022718,7.71e-05,-0.0026701,0.0022367
-0.000698,-0.003053,0.0023278,-0.0006983,-0.0030544,0.0022923
-0.000647,-0.002743,0.0023478,-0.0006473,-0.0027442,0.0023124
-0.000217,-0.002582,0.0023198,-0.0002171,-0.002583,0.0022846
-0.000784,-0.002543,0.0023028,-0.0007843,-0.002544,0.0022676
-0.001033,-0.00299,0.0027138,-0.0010335,-0.0029914,0.0026772
-0.000694,-0.003028,0.0027108,-0.0006943,-0.0030294,0.0026742
-0.000631,-0.002982,0.0030868,-0.0006313,-0.0029835,0.0030493
-0.00035,-0.002132,0.0048378,-0.0003503,-0.0021335,0.0047966
-0.000645,-0.002139,0.0051478,-0.0006455,-0.0021407,0.0051057
-0.000286,-0.002128,0.0055238,-0.0002863,-0.0021299,0.0054807
-0.000706,-0.002247,0.0057908,-0.0007067,-0.0022491,0.0057468
-0.001038,-0.002614,0.0054348,-0.0010388,-0.0026161,0.0053915
-0.000657,-0.002569,0.0055888,-0.0006576,-0.0025711,0.0055452
-0.00017,-0.001083,0.0009468,-0.00017,-0.0010834,0.0009151
0.000115,-0.001107,0.0008568,0.000115,-0.0011073,0.0008253
-0.000959,-0.00111,0.0010788,-0.0009593,-0.0011104,0.0010468
-0.000668,-0.001153,0.0009788,-0.0006682,-0.0011534,0.000947
-0.001014,-0.00145,0.0012528,-0.0010143,-0.0014505,0.0012204
-0.000731,-0.001448,0.0012408,-0.0007312,-0.0014485,0.0012085
-0.001426,-0.001629,0.0015728,-0.0014265,-0.0016296,0.0015395
-0.001066,-0.001596,0.0015448,-0.0010664,-0.0015965,0.0015117
-0.00177,-0.002757,0.0018018,-0.0017707,-0.0027582,0.0017675
-0.001481,-0.002781,0.0019008,-0.0014816,-0.0027821,0.0018663
-0.001558,-0.002793,0.0023238,-0.0015587,-0.0027942,0.0022882
-0.001282,-0.003061,0.0030108,-0.0012827,-0.0030626,0.0029734
-0.001014,-0.003034,0.0030408,-0.0010145,-0.0030356,0.0030034
0.002272,-0.001897,0.0008308,0.0022729,-0.0018977,0.000799
0.002339,-0.00196,0.0018768,0.0023399,-0.0019608,0.0018425
0.002669,-0.00203,0.0018138,0.0026701,-0.0020309,0.0017794
0.001511,-0.001534,0.0023388,0.0015116,-0.0015346,0.0023038
0.00186,-0.001516,0.0022288,0.0018607,-0.0015166,0.0021939
0.001592,-0.001232,0.0022688,0.0015926,-0.0012325,0.002234
0.001209,-0.000309,0.0010268,0.0012094,-0.0003091,0.000995
0.000807,-0.000384,0.0008188,0.0008072,-0.0003841,0.0007874
0.002727,-0.000846,0.0026358,0.0027282,-0.0008464,0.0025996
0.002733,-0.000525,0.0027098,0.0027342,-0.0005253,0.0026735
0.001624,0.001833,0.0022418,0.0016246,0.0018337,0.0022069
0.002005,0.00183,0.0025828,0.0020059,0.0018308,0.0025469
0.001656,0.001686,0.0026348,0.0016567,0.0016867,0.002599
0.001759,0.001865,0.0033118,0.0017599,0.0018659,0.0032741
0.001887,0.001371,0.0023628,0.0018878,0.0013716,0.0023277
0.001508,0.001651,0.0023808,0.0015086,0.0016517,0.0023457
0.001907,0.001461,0.0026918,0.0019078,0.0014616,0.0026558
0.00226,0.001881,0.0023218,0.0022609,0.0018818,0.0022864
0.001177,0.002368,0.0026888,0.0011775,0.002369,0.0026526
0.0012,0.002101,0.0030338,0.0012006,0.0021019,0.0029969
0.000945,0.002504,0.0026168,0.0009454,0.0025051,0.0025808
0.000113,0.002521,0.0022458,0.000113,0.002522,0.0022108
0.000136,0.002509,0.0026208,0.000136,0.0025101,0.0025849
0.000443,0.002582,0.0026428,0.0004432,0.0025831,0.0026068
0.000109,0.002169,0.0026748,0.000109,0.0021699,0.002639
-0.001351,0.001033,0.0012238,-0.0013515,0.0010333,0.0011914
-0.001086,0.001067,0.0011818,-0.0010864,0.0010674,0.0011496
-0.001431,0.001364,0.0016578,-0.0014315,0.0013645,0.0016244
-0.001131,0.001388,0.0015818,-0.0011314,0.0013885,0.0015487
-0.001087,0.002939,0.0019288,-0.0010875,0.0029402,0.0018943
-0.000677,0.002509,0.0022768,-0.0006773,0.00251,0.0022417
-0.000678,0.002152,0.0022738,-0.0006783,0.0021528,0.0022389
-0.000347,0.002132,0.0023048,-0.0003471,0.0021328,0.0022699
-0.001044,0.002185,0.0026848,-0.0010445,0.0021859,0.0026488
-0.001405,0.002161,0.0030298,-0.0014056,0.002162,0.0029928
-0.001057,0.00209,0.0030258,-0.0010575,0.0020909,0.002989
-0.000646,0.002502,0.0045018,-0.0006464,0.0025036,0.004461
-0.000148,0.002832,0.0045988,-0.0001481,0.0028339,0.0045576
-0.000291,0.002182,0.0048348,-0.0002912,0.0021836,0.0047936
-0.000104,0.000909,0.0067728,-0.0001042,0.0009103,0.0067268
1.7e-05,0.001306,0.0063588,1.7e-05,0.0013076,0.0063141
7e-05,0.001156,0.0069818,7.01e-05,0.0011576,0.006935
0.000302,0.000911,0.0067688,0.0003024,0.0009123,0.0067229
-0.000473,0.000946,0.0067448,-0.0004736,0.0009473,0.0066989
-0.000113,0.000933,0.0071748,-0.0001132,0.0009343,0.0071274
-0.000483,0.001215,0.0067238,-0.0004836,0.0012165,0.0066778
-0.000299,0.000659,0.0065918,-0.0002994,0.0006599,0.0065466
-0.001343,0.001899,0.0046718,-0.0013439,0.0019003,0.0046309
-0.001078,0.001794,0.0048198,-0.0010788,0.0017953,0.0047787
-0.001391,0.001811,0.0050808,-0.0013921,0.0018124,0.0050388
-0.001025,0.001457,0.0048028,-0.0010258,0.0014581,0.0047621
-0.000675,0.001456,0.0048078,-0.0006755,0.0014571,0.0047673
-0.000878,0.001621,0.0046058,-0.0008786,0.0016221,0.0045656
-0.000939,0.001834,0.0053558,-0.0009398,0.0018356,0.0053133
-0.000673,0.001851,0.0052488,-0.0006735,0.0018525,0.0052067
-0.000688,0.001075,0.0009468,-0.0006882,0.0010754,0.0009151
-0.00179,0.00137,0.0016768,-0.0017906,0.0013705,0.0016433
-0.001799,0.001825,0.0026618,-0.0017998,0.0018258,0.0026257
-0.001441,0.001798,0.0026378,-0.0014416,0.0017987,0.002602
-0.001448,0.001451,0.0022888,-0.0014486,0.0014515,0.002254
-0.0011,0.001409,0.0022658,-0.0011004,0.0014095,0.0022312
-0.001765,0.001423,0.0026728,-0.0017657,0.0014236,0.0026369
-0.002183,0.001818,0.0026378,-0.002184,0.0018188,0.0026016
-0.002505,0.001174,0.0023288,-0.0025061,0.0011745,0.0022935
-0.002157,0.001046,0.0023048,-0.0021579,0.0010464,0.0022697
-0.000896,0.000263,0.0010448,-0.0008963,0.000263,0.0010129
-0.00065,-0.000365,0.0009008,-0.0006502,-0.0003651,0.0008692
-0.00109,2.4e-05,0.0012078,-0.0010904,2.4e-05,0.0011756
-0.002169,-0.000356,0.0022928,-0.0021698,-0.0003561,0.0022579
-0.002813,-0.000715,0.0018878,-0.0028141,-0.0007153,0.0018535
-0.002472,-0.000857,0.0019438,-0.0024729,-0.0008573,0.0019095
-0.002478,5.9e-05,0.0026328,-0.0024791,5.9e-05,0.0025969
-0.001786,-0.000834,0.0022768,-0.0017867,-0.0008343,0.002242
-0.001992,-0.000588,0.0023488,-0.0019928,-0.0005882,0.0023139
-0.002846,-0.001214,0.0026708,-0.0028473,-0.0012146,0.0026344
-0.002532,-0.001105,0.0026188,-0.0025331,-0.0011055,0.0025828
-0.002915,-0.000826,0.0029978,-0.0029164,-0.0008264,0.0029606
-0.002879,0.000369,0.0031248,-0.0028804,0.0003692,0.0030874
-0.002156,-0.001513,0.0026438,-0.0021569,-0.0015136,0.0026078
-0.002104,-0.001578,0.0022588,-0.0021049,-0.0015786,0.0022237
-0.001803,-0.001549,0.0022188,-0.0018037,-0.0015496,0.002184
-0.001785,-0.002239,0.0033758,-0.0017859,-0.0022402,0.0033377
-0.002184,-0.002279,0.0036798,-0.0021852,-0.0022803,0.0036407
0.001896,0.002155,0.0220478,0.001896,0.002155,0.0219878
0.002265,0.002221,0.0219678,0.002265,0.002221,0.0219078
0.002722,-0.000998,0.0208138,0.002722,-0.000998,0.0207538
0.002708,-0.001042,0.0211758,0.002708,-0.001042,0.0211158
0.002308,-0.001493,0.0209328,0.002308,-0.001493,0.0208728
0.002581,-0.001488,0.0208678,0.002581,-0.001488,0.0208078
0.00231,-0.002615,0.0223808,0.00231,-0.002615,0.0223208
-0.002106,-0.000391,0.0208768,-0.002106,-0.000391,0.0208168
-0.002506,0.001911,0.0219628,-0.002506,0.001911,0.0219028
-0.002189,0.001892,0.0219308,-0.002189,0.001892,0.0218708
-0.001367,0.001819,0.0215978,-0.001367,0.001819,0.0215378
-0.001377,0.001495,0.0215858,-0.001377,0.001495,0.0215258
-0.001029,0.001383,0.0216498,-0.001029,0.001383,0.0215898
-0.002149,0.001542,0.0215288,-0.002149,0.001542,0.0214688
-0.001797,0.001506,0.0215818,-0.001797,0.001506,0.0215218
-0.002186,0.001897,0.0212358,-0.002186,0.001897,0.0211758
-0.001455,0.00252,0.0209498,-0.001455,0.00252,0.0208898
-0.001402,0.002134,0.0209448,-0.001402,0.002134,0.0208848
0.000458,-0.001515,0.0011768,0.0004582,-0.0015155,0.0011446
9.2e-05,-0.003004,0.0029838,9.2e-05,-0.0030055,0.0029466
0.000435,-0.002948,0.0029858,0.0004352,-0.0029494,0.0029487
-0.000655,0.002533,0.0026468,-0.0006552,0.0025341,0.0026108
-0.000253,0.002534,0.0026018,-0.0002531,0.0025351,0.002566
0.000137,0.001369,0.0216928,0.000137,0.001369,0.0216328
0.000495,0.001298,0.0215828,0.000495,0.001298,0.0215228
0.00093,0.00286,0.0202188,0.00093,0.00286,0.0201588
0.000123,0.002921,0.0201708,0.000123,0.002921,0.0201108
0.000444,0.002885,0.0201508,0.000444,0.002885,0.0200908
0.002241,-0.000356,0.0215588,0.002241,-0.000356,0.0214988
0.002712,-0.000288,0.0212288,0.002712,-0.000288,0.0211688
0.001358,-0.000274,0.0187548,0.001358,-0.000274,0.0186948
0.00057,-0.000281,0.0188368,0.00057,-0.000281,0.0187768
0.000422,-0.000826,0.0191288,0.000422,-0.000826,0.0190688
0.000142,-0.000494,0.0191208,0.000142,-0.000494,0.0190608
0.000663,-0.000988,0.0197048,0.000663,-0.000988,0.0196448
0.0012,-0.001448,0.0173008,0.0012,-0.001448,0.0172408
0.000322,-0.000516,0.0173728,0.000322,-0.000516,0.0173128
0.000613,-0.000483,0.0171618,0.000613,-0.000483,0.0171018
0.000178,-0.000245,0.0170118,0.000178,-0.000245,0.0169518
0.00039,-0.000361,0.0171948,0.00039,-0.000361,0.0171348
0.000217,0.000107,0.0170948,0.000217,0.000107,0.0170348
0.000233,-0.000268,0.0174898,0.000233,-0.000268,0.0174298
0.000249,4.7e-05,0.0175408,0.000249,4.7e-05,0.0174808
0.000313,-0.000317,0.0177788,0.000313,-0.000317,0.0177188
0.000465,-0.000474,0.0175928,0.000465,-0.000474,0.0175328
-0.000478,-0.000497,0.0172318,-0.000478,-0.000497,0.0171718
-0.000413,-0.000201,0.0171798,-0.000413,-0.000201,0.0171198
1.6e-05,-7.1e-05,0.0171948,1.6e-05,-7.1e-05,0.0171348
-0.000377,-0.000416,0.0178668,-0.000377,-0.000416,0.0178068
-5.8e-05,-0.000268,0.0177768,-5.8e-05,-0.000268,0.0177168
0.000146,-0.00042,0.0180998,0.000146,-0.00042,0.0180398
0.000241,2.1e-05,0.0182448,0.000241,2.1e-05,0.0181848
0.000799,-0.001818,0.0173498,0.000799,-0.001818,0.0172898
0.000887,-0.001482,0.0172988,0.000887,-0.001482,0.0172388
0.000304,0.000414,0.0169418,0.000304,0.000414,0.0168818
-6.6e-05,0.00036,0.0170608,-6.6e-05,0.00036,0.0170008
0.000329,0.000907,0.0170338,0.000329,0.000907,0.0169738
0.000254,0.000452,0.0175838,0.000254,0.000452,0.0175238
0.000375,-0.0001,0.0172248,0.000375,-0.0001,0.0171648
-0.000138,-9.6e-05,0.0174558,-0.000138,-9.6e-05,0.0173958
0.000389,8e-06,0.0168398,0.000389,8e-06,0.0167798
-0.000109,-0.000695,0.0182198,-0.000109,-0.000695,0.0181598
-0.00025,-0.000568,0.0176558,-0.00025,-0.000568,0.0175958
0.000491,0.000185,0.0177528,0.000491,0.000185,0.0176928
0.000293,0.00053,0.0182168,0.000293,0.00053,0.0181568
0.000342,-7.6e-05,0.0179278,0.000342,-7.6e-05,0.0178678
-7.2e-05,-4.9e-05,0.0181168,-7.2e-05,-4.9e-05,0.0180568
0.000585,-0.002325,0.0179828,0.000585,-0.002325,0.0179228
0.000435,-0.001452,0.0212498,0.000435,-0.001452,0.0211898
0.000195,-0.00119,0.0213268,0.000195,-0.00119,0.0212668
-0.000239,-0.001755,0.0216388,-0.000239,-0.001755,0.0215788
9.4e-05,-0.001765,0.0216388,9.4e-05,-0.001765,0.0215788
-0.000303,-0.001541,0.0212328,-0.000303,-0.001541,0.0211728
-0.000645,-0.001149,0.0211878,-0.000645,-0.001149,0.0211278
-0.001352,-0.001532,0.0211718,-0.001352,-0.001532,0.0211118
-0.002197,-0.001527,0.0206598,-0.002197,-0.001527,0.0205998
-0.001903,-0.001476,0.0206378,-0.001903,-0.001476,0.0205778
-0.002144,-0.001217,0.0205678,-0.002144,-0.001217,0.0205078
-0.002774,-0.000335,0.0201978,-0.002774,-0.000335,0.0201378
-0.002796,-0.000785,0.0202188,-0.002796,-0.000785,0.0201588
-0.002485,-0.000848,0.0201778,-0.002485,-0.000848,0.0201178
-0.00322,0.000738,0.0190608,-0.00322,0.000738,0.0190008
-0.002773,0.000382,0.0194918,-0.002773,0.000382,0.0194318
-0.002878,-0.000311,0.0195258,-0.002878,-0.000311,0.0194658
-0.000373,-0.000118,0.0178478,-0.000373,-0.000118,0.0177878
-0.000589,0.000352,0.0196558,-0.000589,0.000352,0.0195958
-0.000532,0.001053,0.0187728,-0.000532,0.001053,0.0187128
-0.000919,-0.000324,0.0191508,-0.000919,-0.000324,0.0190908
-0.000785,-0.000531,0.0172798,-0.000785,-0.000531,0.0172198
-0.001141,-0.000519,0.0168648,-0.001141,-0.000519,0.0168048
-0.001704,0.001092,0.0174128,-0.001704,0.001092,0.0173528
-0.001398,0.001078,0.0172938,-0.001398,0.001078,0.0172338
-0.0014,-0.000373,0.0173498,-0.0014,-0.000373,0.0172898
-0.002062,0.000407,0.0181448,-0.002062,0.000407,0.0180848
-0.00212,0.001111,0.0173688,-0.00212,0.001111,0.0173088
-0.001411,0.001104,0.0159808,-0.001411,0.001104,0.0159208
-0.000685,-0.000528,0.0158098,-0.000685,-0.000528,0.0157498
-0.000869,-0.000238,0.0157278,-0.000869,-0.000238,0.0156678
-0.000449,-0.000246,0.0157348,-0.000449,-0.000246,0.0156748
-0.000912,0.000149,0.0155718,-0.000912,0.000149,0.0155118
-0.000997,-0.000263,0.0161588,-0.000997,-0.000263,0.0160988
-0.000869,-0.000154,0.0154038,-0.000869,-0.000154,0.0153438
-0.001267,-0.000282,0.0159688,-0.001267,-0.000282,0.0159088
-0.001114,-0.000286,0.0152868,-0.001114,-0.000286,0.0152268
-0.001117,-0.000556,0.0161498,-0.001117,-0.000556,0.0160898
-0.001075,-0.000514,0.0154388,-0.001075,-0.000514,0.0153788
-0.0001,-0.00071,0.0157848,-0.0001,-0.00071,0.0157248
-4.7e-05,-0.000428,0.0155888,-4.7e-05,-0.000428,0.0155288
-0.000134,-0.000649,0.0152368,-0.000134,-0.000649,0.0151768
0.000171,-0.000254,0.0155818,0.000171,-0.000254,0.0155218
-0.000109,-3e-05,0.0156818,-0.000109,-3e-05,0.0156218
-0.000116,-0.000195,0.0161478,-0.000116,-0.000195,0.0160878
-0.000155,-0.000205,0.0153888,-0.000155,-0.000205,0.0153288
-0.000603,0.0001,0.0157198,-0.000603,0.0001,0.0156598
-0.000469,-0.000265,0.0153688,-0.000469,-0.000265,0.0153088
-0.000594,-0.000314,0.0163838,-0.000594,-0.000314,0.0163238
-0.000345,-0.000544,0.0155408,-0.000345,-0.000544,0.0154808
-0.000521,-0.000628,0.0152148,-0.000521,-0.000628,0.0151548
-0.000741,0.000449,0.0157138,-0.000741,0.000449,0.0156538
-0.001167,-5.8e-05,0.0157838,-0.001167,-5.8e-05,0.0157238
-0.001072,-0.000481,0.0149708,-0.001072,-0.000481,0.0149109
-2.3e-05,-0.000256,0.0165168,-2.3e-05,-0.000256,0.0164568
-0.000114,-0.000643,0.0168548,-0.000114,-0.000643,0.0167948
0.00037,-0.000155,0.0164718,0.00037,-0.000155,0.0164118
-6.9e-05,0.00019,0.0163698,-6.9e-05,0.00019,0.0163098
-0.000172,-0.000221,0.0168878,-0.000172,-0.000221,0.0168278
-0.000525,-0.000199,0.0168068,-0.000525,-0.000199,0.0167468
-0.000379,-0.000477,0.0169518,-0.000379,-0.000477,0.0168918
-0.000255,-0.000481,0.0163068,-0.000255,-0.000481,0.0162468
0.000282,0.000117,0.0162218,0.000282,0.000117,0.0161618
2.1e-05,5.8e-05,0.0167938,2.1e-05,5.8e-05,0.0167338
-2.8e-05,0.000491,0.0167178,-2.8e-05,0.000491,0.0166578
-0.000283,-0.0001,0.0165448,-0.000283,-0.0001,0.0164848
-0.000327,0.000286,0.0156668,-0.000327,0.000286,0.0156068
0.000187,0.00022,0.0157358,0.000187,0.00022,0.0156758
-5.6e-05,0.000416,0.0155968,-5.6e-05,0.000416,0.0155368
3.7e-05,7e-05,0.0159988,3.7e-05,7e-05,0.0159388
-0.000122,0.000135,0.0153138,-0.000122,0.000135,0.0152538
0.000372,0.00046,0.0157778,0.000372,0.00046,0.0157178
0.000173,0.00077,0.0156748,0.000173,0.00077,0.0156148
9.3e-05,0.000491,0.0160488,9.3e-05,0.000491,0.0159888
3e-06,0.00049,0.0152768,3e-06,0.00049,0.0152168
-0.000456,0.000924,0.0154028,-0.000456,0.000924,0.0153428
-0.000503,6.2e-05,0.0153928,-0.000503,6.2e-05,0.0153328
-0.000604,0.000179,0.0151028,-0.000604,0.000179,0.0150429
-0.001109,-0.00013,0.0150918,-0.001109,-0.00013,0.0150319
-0.002089,0.000336,0.0167508,-0.002089,0.000336,0.0166908
-0.000291,0.00136,0.0216198,-0.000291,0.00136,0.0215598
-0.001688,0.001964,0.0208688,-0.001688,0.001964,0.0208088
-0.001404,0.001788,0.0209208,-0.001404,0.001788,0.0208608
-0.001406,0.001431,0.0209438,-0.001406,0.001431,0.0208838
-0.001047,0.00138,0.0209018,-0.001047,0.00138,0.0208418
-0.000972,0.002146,0.0202478,-0.000972,0.002146,0.0201878
0.001313,-0.002309,0.0030458,0.0013136,-0.0023101,0.0030088
0.001918,-0.001523,0.0025728,0.0019188,-0.0015236,0.0025371
0.002274,-0.001549,0.0026168,0.002275,-0.0015497,0.0025808
0.001925,-0.001155,0.0025548,0.0019258,-0.0011555,0.0025192
0.001621,-0.000763,0.0023308,0.0016216,-0.0007633,0.002296
0.001934,-0.000801,0.0022328,0.0019347,-0.0008013,0.0021981
0.001538,-0.001451,0.0029638,0.0015387,-0.0014516,0.0029273
0.00184,-0.001519,0.0029668,0.0018408,-0.0015197,0.0029302
0.002334,-0.000335,0.0026418,0.002335,-0.0003352,0.002606
0.001897,-0.000296,0.0022738,0.0018977,-0.0002961,0.0022391
0.002295,-0.000273,0.0023118,0.0022959,-0.0002731,0.0022768
0.002722,0.000239,0.0033328,0.0027234,0.0002391,0.003295
0.001524,0.0011,0.0026738,0.0015246,0.0011004,0.0026382
0.001517,0.001126,0.0029438,0.0015177,0.0011265,0.0029076
0.002678,0.000981,0.0033918,0.0026794,0.0009815,0.0033537
0.002273,0.001424,0.0037328,0.0022743,0.0014248,0.0036939
0.002461,0.001731,0.0040118,0.0024625,0.001732,0.0039719
0.001951,0.002614,0.0033338,0.0019521,0.0026154,0.0032955
0.001546,0.002461,0.0036908,0.0015469,0.0024624,0.0036519
0.00158,0.002115,0.0037998,0.0015809,0.0021162,0.0037608
0.001972,0.002227,0.0041838,0.0019732,0.0022284,0.0041435
0.00227,0.002196,0.0040898,0.0022714,0.0021973,0.0040496
0.001907,0.002087,0.0045098,0.0019083,0.0020884,0.0044688
0.002119,0.001914,0.0045748,0.0021204,0.0019153,0.0045336
0.000388,0.001249,0.0065348,0.0003885,0.0012506,0.0064894
0.000718,0.001298,0.0066988,0.0007189,0.0012996,0.0066528
0.000442,0.001168,0.0069228,0.0004426,0.0011695,0.0068762
0.000483,0.000674,0.0065888,0.0004836,0.0006749,0.0065436
0.000293,0.000484,0.0068228,0.0002934,0.0004847,0.0067769
0.000267,0.000924,0.0071498,0.0002674,0.0009253,0.0071025
0.000588,-0.000171,0.0067118,0.0005888,-0.0001712,0.0066663
0.000256,0.000527,0.0071318,0.0002564,0.0005279,0.0070847
0.000416,2.8e-05,0.0065398,0.0004165,2.8e-05,0.0064949
0.000217,-0.000306,0.0067578,0.0002174,-0.0003065,0.0067122
0.00038,0.000244,0.0071578,0.0003806,0.0002444,0.0071107
0.000846,0.001043,0.0044548,0.0008466,0.0010437,0.0044154
0.00033,0.000172,0.0074778,0.0003306,0.0001723,0.0074292
-9.7e-05,0.000531,0.0071328,-9.71e-05,0.0005319,0.0070858
0.000279,0.000554,0.0075058,0.0002795,0.0005549,0.0074572
5.5e-05,0.000392,0.0074298,5.51e-05,0.0003927,0.0073815
0.000476,-2.8e-05,0.0072948,0.0004768,-2.8e-05,0.0072471
0.000242,-0.000253,0.0074428,0.0002424,-0.0002535,0.0073944
0.000491,-2.1e-05,0.0076718,0.0004919,-2.1e-05,0.0076224
0.000455,0.001341,0.0044908,0.0004553,0.0013419,0.0044512
0.000508,0.001049,0.0047718,0.0005084,0.0010498,0.0047318
0.000116,0.000751,0.0047788,0.0001161,0.0007517,0.0047391
0.000509,0.000639,0.0047618,0.0005094,0.0006395,0.004722
0.00015,0.000674,0.0050838,0.0001501,0.0006747,0.0050433
0.000556,0.000668,0.0052018,0.0005565,0.0006687,0.0051609
0.001113,0.001156,0.0053398,0.001114,0.001157,0.0052978
0.000503,0.000348,0.0053268,0.0005036,0.0003484,0.0052857
0.000453,0.00123,0.0072978,0.0004536,0.0012316,0.0072499
0.000246,0.00127,0.0075648,0.0002463,0.0012716,0.0075161
0.000451,0.000702,0.0073378,0.0004517,0.0007031,0.0072898
0.000955,0.002482,0.0061508,0.0009559,0.0024843,0.0061058
0.001234,0.002125,0.0061628,0.0012352,0.002127,0.0061178
0.000979,0.002095,0.0064848,0.00098,0.0020971,0.006439
0.000911,0.001385,0.0061648,0.000912,0.0013865,0.0061203
0.001231,0.001441,0.0061978,0.0012323,0.0014425,0.006153
0.000943,0.001464,0.0064438,0.0009441,0.0014656,0.0063984
0.000878,0.001767,0.0068948,0.000879,0.001769,0.006848
5.7e-05,0.002126,0.0058238,5.7e-05,0.002128,0.0057799
0.000493,0.002101,0.0058168,0.0004934,0.002103,0.0057729
-0.000253,0.002717,0.0059358,-0.0002532,0.0027194,0.0058912
0.000646,0.002552,0.0057008,0.0006466,0.0025542,0.0056569
0.000524,0.002795,0.0058108,0.0005244,0.0027974,0.0057665
0.000527,0.0026,0.0061248,0.0005275,0.0026024,0.0060798
-0.000263,0.00127,0.0072398,-0.0002634,0.0012717,0.0071921
-0.000288,0.000674,0.0072918,-0.0002884,0.0006751,0.0072441
0.000135,0.001908,0.0061558,0.0001351,0.00191,0.0061111
0.000496,0.001933,0.0060988,0.0004965,0.001935,0.0060542
0.000153,0.001853,0.0064998,0.0001532,0.001855,0.0064542
0.000494,0.001855,0.0068618,0.0004945,0.0018571,0.0068151
-0.00024,0.001777,0.0027038,-0.0002402,0.0017777,0.0026682
0.00016,0.001784,0.0026668,0.0001601,0.0017847,0.0026313
0.000126,0.001389,0.0022788,0.0001261,0.0013895,0.0022443
0.000434,0.001342,0.0022898,0.0004342,0.0013425,0.0022552
-0.00063,0.001447,0.0022738,-0.0006302,0.0014475,0.0022392
-0.000271,0.001415,0.0022868,-0.0002711,0.0014155,0.0022523
-0.000217,0.001417,0.0026268,-0.0002171,0.0014175,0.0025915
-0.001053,0.001444,0.0026168,-0.0010534,0.0014446,0.0025814
-0.000697,0.001393,0.0026218,-0.0006973,0.0013935,0.0025865
-0.000649,0.001429,0.0030378,-0.0006493,0.0014296,0.0030015
-0.000236,0.001356,0.0031238,-0.0002361,0.0013566,0.0030875
0.000125,0.002866,0.0037208,0.0001251,0.0028676,0.0036818
-0.000273,0.002829,0.0041568,-0.0002732,0.0028307,0.0041167
0.000111,0.002872,0.0040998,0.0001111,0.0028737,0.0040598
-0.001418,0.001391,0.0030348,-0.0014186,0.0013916,0.0029983
-0.001035,0.001399,0.0029838,-0.0010354,0.0013996,0.0029476
-0.00109,0.002751,0.0016958,-0.0010904,0.0027521,0.0016619
-0.001397,0.002581,0.0016158,-0.0013975,0.002582,0.0015821
-0.001385,0.000648,0.0023288,-0.0013855,0.0006482,0.0022942
-0.001084,0.00064,0.0023628,-0.0010844,0.0006402,0.0023282
-0.001246,0.001252,0.0024538,-0.0012465,0.0012525,0.0024187
-0.001427,0.001054,0.0022818,-0.0014275,0.0010544,0.0022471
-0.002135,0.001086,0.0026738,-0.0021359,0.0010865,0.0026378
-0.001784,0.001068,0.0026428,-0.0017847,0.0010685,0.0026071
-0.002121,0.001128,0.0029618,-0.0021219,0.0011285,0.0029251
-0.002119,0.000736,0.0026928,-0.0021199,0.0007363,0.0026569
-0.001812,0.000766,0.0026948,-0.0018127,0.0007663,0.0026591
-0.002141,0.00074,0.0030008,-0.002142,0.0007403,0.0029642
-0.000632,0.000587,0.0051558,-0.0006326,0.0005876,0.005115
-0.000246,0.0007,0.0055168,-0.0002463,0.0007008,0.0054751
-0.000621,0.000692,0.0057638,-0.0006217,0.0006927,0.0057213
-0.000294,-2.1e-05,0.0047678,-0.0002943,-2.11e-05,0.0047283
-0.000624,0.000286,0.0053008,-0.0006247,0.0002863,0.0052597
-0.000994,0.001019,0.0046018,-0.0009947,0.0010197,0.004562
-0.000684,0.000997,0.0045758,-0.0006845,0.0009977,0.0045362
-0.000981,0.000326,0.0053018,-0.0009819,0.0003263,0.0052605
-0.002254,0.001416,0.0059248,-0.002256,0.0014173,0.0058803
-0.001828,0.00143,0.0058998,-0.0018297,0.0014313,0.0058555
-0.001625,0.002,0.0060128,-0.0016265,0.0020018,0.0059681
-0.002157,0.000617,0.0065908,-0.0021592,0.0006176,0.0065447
-0.001746,8.7e-05,0.0062508,-0.0017479,8.71e-05,0.006206
-0.002101,0.00026,0.0066598,-0.0021032,0.0002603,0.0066136
-0.001735,0.000282,0.0067388,-0.001737,0.0002823,0.0066926
-0.000377,0.000347,0.0071008,-0.0003776,0.0003476,0.0070539
-9.4e-05,0.00025,0.0071178,-9.42e-05,0.0002505,0.0070709
0.000132,1e-06,0.0077538,0.0001323,1e-06,0.0077038
-0.000297,-4e-05,0.0070688,-0.0002975,-4.01e-05,0.0070221
-0.000628,0.000101,0.0078258,-0.0006291,0.0001012,0.0077759
-0.00044,8.6e-05,0.0081428,-0.0004408,8.62e-05,0.0080914
-0.001149,5.5e-05,0.0020028,-0.0011493,5.5e-05,0.0019689
-0.001396,-0.000413,0.0023588,-0.0013965,-0.0004132,0.0023241
-0.00208,-6.1e-05,0.0026618,-0.0020809,-6.11e-05,0.0026261
-0.001779,-2.6e-05,0.0026348,-0.0017797,-2.6e-05,0.0025993
-0.002849,-0.000394,0.0030188,-0.0028503,-0.0003942,0.0029816
-0.002497,4.2e-05,0.0034618,-0.0024983,4.2e-05,0.0034238
-0.001711,-0.001523,0.0026198,-0.0017117,-0.0015237,0.0025841
-0.001429,-0.001607,0.0022448,-0.0014295,-0.0016076,0.00221
-0.001376,-0.001221,0.0022538,-0.0013765,-0.0012214,0.0022192
-0.001763,-0.00153,0.0030458,-0.0017638,-0.0015307,0.003009
-0.002214,-0.001496,0.0029918,-0.002215,-0.0014967,0.0029549
-0.001348,-0.002168,0.0026728,-0.0013486,-0.0021689,0.0026368
-0.001432,-0.002264,0.0029228,-0.0014326,-0.002265,0.002886
-0.001686,-0.001868,0.0031608,-0.0016868,-0.0018689,0.0031236
-0.001846,-0.002618,0.0029338,-0.0018469,-0.0026193,0.0028966
-0.001502,-0.002681,0.0029598,-0.0015027,-0.0026823,0.0029227
-0.001772,-0.002284,0.0040938,-0.0017731,-0.0022854,0.0040538
-0.002143,-0.002268,0.0043648,-0.0021444,-0.0022695,0.004324
-0.002168,-0.001933,0.0037198,-0.0021692,-0.0019341,0.0036808
-0.000207,-0.000816,0.0044558,-0.0002072,-0.0008166,0.0044168
0.000279,-0.000883,0.0045768,0.0002792,-0.0008837,0.0045375
-7e-06,-0.001015,0.0046818,-7e-06,-0.0010158,0.0046422
-0.000983,-0.000764,0.0044298,-0.0009837,-0.0007645,0.0043906
-0.000661,-0.000702,0.0044208,-0.0006615,-0.0007025,0.0043819
-0.000243,-0.000682,0.0049068,-0.0002433,-0.0006827,0.0048667
-0.001039,-0.000468,0.0048088,-0.0010398,-0.0004684,0.0047688
-0.001042,-0.001447,0.0048188,-0.0010428,-0.0014481,0.004778
-0.000683,-0.001425,0.0048108,-0.0006835,-0.001426,0.0047703
-0.000596,-0.002148,0.0065598,-0.0005966,-0.0021502,0.0065138
-0.000598,-0.002637,0.0067638,-0.0005986,-0.0026396,0.0067172
0.002298,0.001381,0.0201258,0.002298,0.001381,0.0200658
0.002614,0.001335,0.0201288,0.002614,0.001335,0.0200688
0.002275,0.0018,0.0195098,0.002275,0.0018,0.0194498
0.002336,-0.001879,0.0205088,0.002336,-0.001879,0.0204488
0.002767,-0.001963,0.0204528,0.002767,-0.001963,0.0203928
0.001235,-0.001559,0.0210358,0.001235,-0.001559,0.0209758
0.002779,-0.001043,0.0201768,0.002779,-0.001043,0.0201168
0.002234,-0.001553,0.0201358,0.002234,-0.001553,0.0200758
0.001789,-0.000828,0.0172378,0.001789,-0.000828,0.0171778
0.002212,-0.000859,0.0172598,0.002212,-0.000859,0.0171998
0.002654,-0.000824,0.0177458,0.002654,-0.000824,0.0176858
0.002375,-0.00048,0.0177378,0.002375,-0.00048,0.0176778
0.001519,-0.001082,0.0176278,0.001519,-0.001082,0.0175678
0.001929,-0.00155,0.0176168,0.001929,-0.00155,0.0175568
0.002259,-0.001653,0.0176608,0.002259,-0.001653,0.0176008
0.002308,-0.001128,0.0180798,0.002308,-0.001128,0.0180198
-0.000271,-0.001526,0.0208478,-0.000271,-0.001526,0.0207878
-0.001397,-0.001518,0.0208308,-0.001397,-0.001518,0.0207708
-0.001067,-0.001524,0.0208558,-0.001067,-0.001524,0.0207958
-0.001415,-0.000869,0.0205858,-0.001415,-0.000869,0.0205258
-0.001088,-0.000782,0.0205768,-0.001088,-0.000782,0.0205168
-0.001328,-0.000515,0.0205678,-0.001328,-0.000515,0.0205078
-0.001475,-0.001092,0.0209178,-0.001475,-0.001092,0.0208578
-0.000958,-0.000711,0.0188198,-0.000958,-0.000711,0.0187598
-0.000698,-0.00084,0.0187318,-0.000698,-0.00084,0.0186718
-0.001169,-0.000854,0.0187388,-0.001169,-0.000854,0.0186788
-0.000546,-0.000579,0.0191848,-0.000546,-0.000579,0.0191248
-0.001469,-0.001948,0.0209218,-0.001469,-0.001948,0.0208618
-0.000609,-0.003124,0.0202738,-0.000609,-0.003124,0.0202138
-0.000956,-0.00309,0.0202628,-0.000956,-0.00309,0.0202028
-0.001705,-0.002627,0.0198428,-0.001705,-0.002627,0.0197828
-0.001378,-0.002615,0.0198738,-0.001378,-0.002615,0.0198138
-0.001414,-0.002585,0.0194658,-0.001414,-0.002585,0.0194058
-0.000351,-0.00151,0.0173638,-0.000351,-0.00151,0.0173038
-0.000971,-0.002274,0.0182538,-0.000971,-0.002274,0.0181938
-0.000659,-0.002266,0.0181508,-0.000659,-0.002266,0.0180908
-0.000585,-0.002605,0.0181668,-0.000585,-0.002605,0.0181068
-0.002148,0.001829,0.0202608,-0.002148,0.001829,0.0202008
-0.002075,0.001491,0.0202428,-0.002075,0.001491,0.0201828
-0.00179,0.001448,0.0200998,-0.00179,0.001448,0.0200398
-0.002564,0.001438,0.0201378,-0.002564,0.001438,0.0200778
-0.000246,-0.00192,0.0024638,-0.0002461,-0.0019208,0.0024286
0.000118,-0.001926,0.0023218,0.000118,-0.0019268,0.002287
0.000136,-0.00153,0.0023508,0.0001361,-0.0015306,0.0023161
0.00048,-0.001558,0.0023128,0.0004802,-0.0015586,0.0022781
9.7e-05,-0.001174,0.0022748,9.7e-05,-0.0011744,0.0022404
0.000494,-0.00227,0.0026218,0.0004942,-0.0022709,0.002586
0.000169,-0.002248,0.0029478,0.0001691,-0.002249,0.0029113
0.001993,-0.002643,0.0016088,0.0019938,-0.0026441,0.001575
0.002337,-0.002691,0.0015928,0.0023381,-0.0026922,0.0015589
0.002271,-0.001929,0.0015288,0.0022719,-0.0019298,0.0014954
0.002192,-0.001892,0.0198188,0.002192,-0.001892,0.0197588
0.002321,-0.002658,0.0202668,0.002321,-0.002658,0.0202068
0.001846,-0.001517,0.0201818,0.001846,-0.001517,0.0201218
-0.000673,-0.002924,0.0015768,-0.0006733,-0.0029251,0.0015432
-0.000346,-0.003038,0.0015768,-0.0003461,-0.0030392,0.0015432
-0.001046,-0.003074,0.0014738,-0.0010464,-0.0030752,0.0014404
0.001295,0.001057,0.0212278,0.001295,0.001057,0.0211678
0.000958,0.001024,0.0190778,0.000958,0.001024,0.0190178
0.00081,0.000312,0.0196018,0.00081,0.000312,0.0195418
0.001327,0.000321,0.0196688,0.001327,0.000321,0.0196088
0.000549,0.001053,0.0190108,0.000549,0.001053,0.0189508
0.000504,0.000196,0.0197608,0.000504,0.000196,0.0197008
0.002296,0.001832,0.0203118,0.002296,0.001832,0.0202518
0.001585,0.001446,0.0202188,0.001585,0.001446,0.0201588
0.001898,0.001309,0.0202068,0.001898,0.001309,0.0201468
0.0027,0.00111,0.0204878,0.0027,0.00111,0.0204278
0.002658,0.001113,0.0198388,0.002658,0.001113,0.0197788
0.000218,0.001254,0.0169898,0.000218,0.001254,0.0169298
0.000346,0.001206,0.0173858,0.000346,0.001206,0.0173258
0.000343,0.0006,0.0172378,0.000343,0.0006,0.0171778
0.000363,0.000596,0.0178838,0.000363,0.000596,0.0178238
0.002309,0.000283,0.0181748,0.002309,0.000283,0.0181148
0.00187,0.000693,0.0180998,0.00187,0.000693,0.0180398
0.002245,0.000659,0.0181528,0.002245,0.000659,0.0180928
-0.000732,0.001324,0.0209378,-0.000732,0.001324,0.0208778
-0.000221,0.001392,0.0209458,-0.000221,0.001392,0.0208858
-0.000635,0.000996,0.0209148,-0.000635,0.000996,0.0208548
-0.001334,0.001091,0.0209548,-0.001334,0.001091,0.0208948
-0.00059,0.002562,0.0195198,-0.00059,0.002562,0.0194598
-0.001016,0.002117,0.0194728,-0.001016,0.002117,0.0194128
0.000119,0.002119,0.0173928,0.000119,0.002119,0.0173328
0.00048,0.002056,0.0173658,0.00048,0.002056,0.0173058
9.9e-05,0.002485,0.0173528,9.9e-05,0.002485,0.0172928
6.2e-05,0.001758,0.0173238,6.2e-05,0.001758,0.0172638
-0.000231,0.002192,0.0178268,-0.000231,0.002192,0.0177668
-0.000599,0.002499,0.0177538,-0.000599,0.002499,0.0176938
-0.000618,0.001928,0.0181648,-0.000618,0.001928,0.0181048
0.00055,0.001359,0.0026418,0.0005502,0.0013595,0.0026065
0.000488,0.002846,0.0041478,0.0004883,0.0028478,0.0041077
0.000661,0.003159,0.0040088,0.0006615,0.0031609,0.0039688
0.00019,0.002848,0.0044548,0.0001901,0.0028499,0.0044139
-0.000247,0.002849,0.0017068,-0.0002471,0.0028501,0.001673
0.000131,0.002866,0.0017038,0.000131,0.0028671,0.0016699
-0.001721,0.002061,0.0017068,-0.0017217,0.0020618,0.001673
-0.001438,0.002142,0.0016258,-0.0014386,0.0021428,0.0015922
-0.001189,0.00234,0.0017018,-0.0011894,0.0023409,0.0016681
-0.00146,0.0022,0.0037458,-0.0014608,0.0022012,0.0037069
-0.001057,0.002173,0.0037928,-0.0010576,0.0021742,0.0037541
-0.00223,0.002145,0.0037978,-0.0022313,0.0021462,0.0037584
-0.001811,0.002149,0.0037438,-0.001812,0.0021502,0.0037048
-0.001785,0.002165,0.0040928,-0.0017861,0.0021663,0.0040529
-0.001467,0.002185,0.0041218,-0.0014679,0.0021863,0.004082
-0.002185,0.001777,0.0016388,-0.0021858,0.0017777,0.0016051
-0.002282,0.001812,0.0033078,-0.0022832,0.0018129,0.0032699
-0.002133,0.00175,0.0036538,-0.0021341,0.001751,0.0036151
-0.002126,0.001416,0.0037078,-0.0021271,0.0014168,0.0036691
-0.001815,0.001354,0.0037368,-0.001816,0.0013547,0.0036984
-0.002524,0.001403,0.0041218,-0.0025255,0.0014039,0.0040818
-0.002177,0.001407,0.0040838,-0.0021783,0.0014078,0.0040441
-0.002349,0.001826,0.0037778,-0.0023503,0.001827,0.0037386
-0.000615,1.9e-05,0.0012318,-0.0006151,1.9e-05,0.0011995
-0.000303,2.4e-05,0.0012248,-0.0003031,2.4e-05,0.0011926
-0.001375,-0.00036,0.0015928,-0.0013754,-0.0003601,0.0015598
-0.001124,1.6e-05,0.0033958,-0.0011245,1.6e-05,0.0033591
-0.002161,-0.000507,0.0037858,-0.0021622,-0.0005073,0.0037473
-0.002853,-0.000747,0.0033528,-0.0028545,-0.0007474,0.0033147
-0.002504,-0.000846,0.0033778,-0.0025053,-0.0008464,0.0033399
-0.002487,5e-05,0.0040398,-0.0024885,5e-05,0.0040004
-0.00285,-0.000777,0.0037108,-0.0028516,-0.0007774,0.0036718
-0.002562,-0.000831,0.0037528,-0.0025634,-0.0008315,0.0037139
-0.002849,-0.000456,0.0037778,-0.0028506,-0.0004562,0.0037386
-0.00285,-0.000897,0.0016518,-0.0028511,-0.0008974,0.001618
-0.001051,-0.001546,0.0025968,-0.0010514,-0.0015466,0.0025614
-0.00071,-0.00148,0.0026438,-0.0007103,-0.0014806,0.0026084
-0.001454,-0.001509,0.0031068,-0.0014547,-0.0015096,0.00307
-0.001125,-0.00155,0.0030558,-0.0011255,-0.0015507,0.0030193
-0.001421,-0.002241,0.0033808,-0.0014217,-0.0022421,0.0033429
-0.001095,-0.002164,0.0033988,-0.0010955,-0.0021651,0.003361
-0.001452,-0.002311,0.0036998,-0.0014528,-0.0023123,0.003661
-0.001788,-0.002588,0.0033628,-0.001789,-0.0025894,0.0033245
-0.001762,-0.001955,0.0038958,-0.001763,-0.0019561,0.0038566
-0.001428,-0.00197,0.0038148,-0.0014288,-0.0019711,0.003776
-0.001496,-0.002719,0.0037778,-0.0014969,-0.0027206,0.0037385
-0.002182,-0.001416,0.0033778,-0.0021831,-0.0014167,0.0033399
-0.001862,-0.001443,0.0034218,-0.0018629,-0.0014437,0.0033841
-0.00219,-0.001512,0.0037348,-0.0021912,-0.0015128,0.0036959
-0.001814,-0.001526,0.0037048,-0.0018149,-0.0015268,0.0036663
0.002268,-0.00154,0.0015408,0.0022689,-0.0015406,0.0015074
0.001231,-0.001485,0.0025668,0.0012315,-0.0014856,0.0025314
0.001199,-0.001191,0.0025948,0.0011995,-0.0011915,0.0025595
0.001221,-0.001506,0.0028648,0.0012215,-0.0015066,0.0028287
0.000888,-0.001118,0.0026268,0.0008883,-0.0011184,0.0025915
0.001298,-0.000748,0.0026098,0.0012985,-0.0007483,0.0025745
0.001287,-0.000444,0.0025438,0.0012875,-0.0004442,0.0025087
0.001439,-0.001136,0.0029888,0.0014396,-0.0011365,0.0029525
0.001332,-0.001197,0.0033378,0.0013326,-0.0011976,0.0033007
0.001332,-0.001508,0.0032978,0.0013326,-0.0015087,0.0032607
0.001245,-0.001493,0.0036208,0.0012457,-0.0014938,0.0035829
0.000919,-0.001508,0.0033048,0.0009194,-0.0015087,0.0032678
0.000927,-0.001163,0.0033228,0.0009275,-0.0011635,0.0032859
0.000898,-0.001524,0.0036558,0.0008985,-0.0015248,0.003618
0.000829,-0.000202,0.0044998,0.0008296,-0.0002022,0.0044607
0.001267,-0.000693,0.0047588,0.001268,-0.0006936,0.0047186
0.000992,-0.00042,0.0048628,0.0009928,-0.0004203,0.0048226
0.000975,-0.000782,0.0051318,0.0009758,-0.0007827,0.0050908
0.000912,-0.000874,0.0054838,0.0009129,-0.0008748,0.0054418
0.000446,-0.000416,0.0047888,0.0004464,-0.0004164,0.0047491
0.000425,-0.000746,0.0047928,0.0004254,-0.0007467,0.004753
0.002274,-0.001553,0.0037128,0.0022753,-0.0015539,0.0036739
0.002596,-0.001503,0.0037518,0.0025975,-0.0015038,0.0037126
0.002419,-0.001288,0.0037528,0.0024203,-0.0012887,0.0037139
0.002874,-0.001173,0.0037498,0.0028757,-0.0011737,0.0037106
0.002302,-0.00087,0.0037148,0.0023032,-0.0008705,0.0036762
0.002579,-0.000877,0.0036848,0.0025804,-0.0008775,0.0036461
0.002312,-0.001206,0.0040818,0.0023134,-0.0012067,0.0040421
0.0023,-0.001936,0.0040888,0.0023014,-0.0019372,0.0040487
0.002705,-0.002085,0.0040928,0.0027067,-0.0020863,0.0040525
0.002346,-0.001455,0.0044228,0.0023475,-0.0014559,0.0043821
0.002794,-0.000868,0.0058438,0.0027964,-0.0008687,0.0057994
0.001868,-0.000868,0.0059738,0.0018698,-0.0008689,0.0059295
0.002263,-0.000846,0.0058768,0.0022651,-0.0008468,0.0058326
0.002247,-0.000308,0.0059358,0.0022491,-0.0003083,0.0058915
0.002641,-0.000811,0.0062098,0.0026434,-0.0008117,0.0061646
0.002232,-0.00077,0.0069698,0.0022343,-0.0007708,0.0069227
0.000562,-0.000655,0.0072088,0.0005628,-0.000656,0.0071613
0.000291,-0.000324,0.0077438,0.0002915,-0.0003246,0.0076941
0.002204,-0.001476,0.0061878,0.0022061,-0.0014774,0.0061426
0.002235,-0.001061,0.0066128,0.0022372,-0.0010621,0.0065666
0.002261,-0.000333,0.0209158,0.002261,-0.000333,0.0208558
0.002765,-0.000174,0.0201698,0.002765,-0.000174,0.0201098
0.002801,-0.000271,0.0204278,0.002801,-0.000271,0.0203678
0.001824,-0.000775,0.0209448,0.001824,-0.000775,0.0208848
0.001359,-0.002336,0.0201848,0.001359,-0.002336,0.0201248
0.000103,-0.001876,0.0209558,0.000103,-0.001876,0.0208958
0.000124,-0.001464,0.0208428,0.000124,-0.001464,0.0207828
0.000452,-0.001443,0.0208678,0.000452,-0.001443,0.0208078
7.6e-05,-0.002517,0.0201768,7.6e-05,-0.002517,0.0201168
-0.000631,-0.000788,0.0212938,-0.000631,-0.000788,0.0212338
-0.000652,-0.000498,0.0212808,-0.000652,-0.000498,0.0212208
-0.001779,-0.001562,0.0203438,-0.001779,-0.001562,0.0202838
-0.002164,-0.001977,0.0202358,-0.002164,-0.001977,0.0201758
-0.002172,-0.001216,0.0191318,-0.002172,-0.001216,0.0190718
-0.00261,-0.00083,0.0195548,-0.00261,-0.00083,0.0194948
-0.001647,-0.00098,0.0180518,-0.001647,-0.00098,0.0179918
-0.001386,-0.00115,0.0179828,-0.001386,-0.00115,0.0179228
-0.002181,-0.001108,0.0180858,-0.002181,-0.001108,0.0180258
-0.00137,-0.000404,0.0209598,-0.00137,-0.000404,0.0208998
-0.001752,-0.000792,0.0199488,-0.001752,-0.000792,0.0198888
-0.002061,-0.00043,0.0198768,-0.002061,-0.00043,0.0198168
-0.002118,-0.000413,0.0201728,-0.002118,-0.000413,0.0201128
3.1e-05,-0.00304,0.0016178,3.1e-05,-0.0030412,0.0015841
0.000407,0.00131,0.0209198,0.000407,0.00131,0.0208598
-0.000219,0.001997,0.0209528,-0.000219,0.001997,0.0208928
6.7e-05,0.001787,0.0209438,6.7e-05,0.001787,0.0208838
6.9e-05,0.002507,0.0201978,6.9e-05,0.002507,0.0201378
0.000555,0.002859,0.0191738,0.000555,0.002859,0.0191138
0.000568,0.003225,0.0191248,0.000568,0.003225,0.0190648
0.000903,0.002487,0.0195228,0.000903,0.002487,0.0194628
7.9e-05,0.002848,0.0195218,7.9e-05,0.002848,0.0194618
0.000497,0.002805,0.0195778,0.000497,0.002805,0.0195178
0.000175,0.00207,0.0195228,0.000175,0.00207,0.0194628
0.000494,0.00202,0.0195318,0.000494,0.00202,0.0194718
0.001307,0.001873,0.0175378,0.001307,0.001873,0.0174778
0.000805,0.001919,0.0180438,0.000805,0.001919,0.0179838
0.000981,0.001838,0.0183458,0.000981,0.001838,0.0182858
0.000605,0.002541,0.0176218,0.000605,0.002541,0.0175618
0.000591,0.001846,0.0183028,0.000591,0.001846,0.0182428
0.001849,0.001152,0.0033068,0.0018499,0.0011525,0.0032695
0.001604,0.001035,0.0035878,0.0016048,0.0010355,0.00355
0.002323,0.001132,0.0041118,0.0023244,0.0011327,0.0040721
0.002626,0.001119,0.0040788,0.0026276,0.0011197,0.0040389
0.002353,0.001133,0.0044108,0.0023545,0.0011337,0.0043703
0.002674,0.00103,0.0047448,0.0026759,0.0010307,0.0047032
0.002637,0.000716,0.0062638,0.0026394,0.0007167,0.0062185
0.002266,0.000328,0.0066678,0.0022683,0.0003283,0.0066215
0.001513,0.00077,0.0058628,0.0015145,0.0007708,0.0058192
0.001865,0.000615,0.0058978,0.0018668,0.0006156,0.0058538
0.001689,0.001103,0.0060548,0.0016907,0.0011041,0.0060103
0.00187,0.000631,0.0065808,0.001872,0.0006317,0.0065349
0.002142,0.001181,0.0071068,0.0021442,0.0011822,0.0070593
0.001863,0.000646,0.0069318,0.0018651,0.0006467,0.0068849
0.000866,-0.000201,0.0024208,0.0008663,-0.0002011,0.0023862
0.001923,-0.000398,0.0031248,0.0019238,-0.0003982,0.0030881
0.001152,0.002434,0.0040978,0.0011527,0.0024354,0.004058
0.001186,0.002059,0.0044348,0.0011868,0.0020603,0.0043944
0.000848,0.00245,0.0041248,0.0008485,0.0024515,0.0040851
0.000872,0.002108,0.0044698,0.0008725,0.0021094,0.0044294
0.000495,0.002482,0.0041098,0.0004953,0.0024835,0.0040701
0.000593,0.002533,0.0043718,0.0005934,0.0025346,0.0043314
0.00101,0.002633,0.0039578,0.0010106,0.0026345,0.0039183
0.000139,0.002465,0.0037268,0.0001391,0.0024663,0.0036881
0.000481,0.00208,0.0038978,0.0004813,0.0020812,0.003859
0.000118,0.002481,0.0040898,0.0001181,0.0024825,0.0040502
-0.000269,0.002118,0.0041558,-0.0002692,0.0021193,0.0041164
5.6e-05,0.002115,0.0041058,5.6e-05,0.0021162,0.0040665
-0.000664,0.002514,0.0033738,-0.0006643,0.0025152,0.003336
-0.000293,0.002516,0.0033858,-0.0002931,0.0025172,0.003348
-0.000643,0.002544,0.0037538,-0.0006434,0.0025454,0.003715
-0.000633,0.002184,0.0037768,-0.0006334,0.0021852,0.0037383
-0.000304,0.002158,0.0037398,-0.0003041,0.0021591,0.0037014
-0.000245,0.002495,0.0041098,-0.0002452,0.0024965,0.0040702
-0.001095,0.002196,0.0041568,-0.0010957,0.0021973,0.0041171
-0.000673,0.002134,0.0041568,-0.0006734,0.0021353,0.0041173
-0.000616,0.002653,0.0058458,-0.0006166,0.0026553,0.0058015
0.000293,0.002684,0.0059198,0.0002933,0.0026864,0.0058753
2.1e-05,0.002876,0.0058378,2.1e-05,0.0028784,0.0057934
-0.000313,0.002203,0.0062348,-0.0003133,0.0022052,0.0061897
-0.001354,0.001942,0.0061188,-0.0013553,0.0019439,0.0060739
-0.00106,0.0019,0.0061828,-0.001061,0.0019019,0.0061379
-0.001439,0.001845,0.0064978,-0.0014404,0.0018469,0.006452
-0.000695,0.001871,0.0069518,-0.0006958,0.0018731,0.0069048
-0.000979,0.001912,0.0071498,-0.00098,0.001914,0.0071023
-0.000705,0.001862,0.0072958,-0.0007058,0.001864,0.0072479
-0.000674,0.001454,0.0061558,-0.0006747,0.0014556,0.0061114
-0.000676,0.001905,0.0066148,-0.0006767,0.001907,0.0065688
-0.001046,0.003015,0.0033938,-0.0010466,0.0030166,0.0033554
-0.001332,0.00216,0.0044088,-0.0013329,0.0021614,0.0043683
-0.001077,0.002145,0.0045608,-0.0010777,0.0021464,0.0045201
-0.001399,0.001071,0.0026388,-0.0013996,0.0010714,0.0026033
-0.00106,0.001076,0.0026108,-0.0010604,0.0010764,0.0025755
-0.001412,0.001045,0.0029858,-0.0014126,0.0010455,0.0029495
-0.001821,0.001776,0.0040838,-0.0018221,0.0017771,0.0040442
-0.001502,0.001762,0.0040638,-0.0015028,0.001763,0.0040245
-0.001466,0.001409,0.0037218,-0.0014668,0.0014097,0.0036836
-0.001066,0.001424,0.0037338,-0.0010666,0.0014248,0.0036958
-0.001813,0.001368,0.0041118,-0.0018141,0.0013688,0.0040724
-0.001471,0.001376,0.0040988,-0.0014718,0.0013768,0.0040597
-0.001723,0.001805,0.0038128,-0.0017239,0.001806,0.0037739
-0.002197,0.001806,0.0040518,-0.0021983,0.0018071,0.004012
-0.00216,0.001021,0.0037068,-0.0021611,0.0010215,0.0036683
-0.002113,-0.000822,0.0037568,-0.0021142,-0.0008224,0.0037183
-0.002929,-0.001126,0.0040898,-0.0029308,-0.0011267,0.0040497
-0.002564,-0.001161,0.0041058,-0.0025656,-0.0011617,0.0040659
-0.002902,-0.000825,0.0045008,-0.0029039,-0.0008255,0.0044597
-0.002152,-0.001522,0.0040998,-0.0021533,-0.0015229,0.00406
-0.000571,-0.002971,0.0037118,-0.0005713,-0.0029727,0.0036728
-0.000498,-0.002708,0.0037168,-0.0004983,-0.0027095,0.003678
-0.000982,-0.00258,0.0037758,-0.0009826,-0.0025814,0.0037368
-0.000724,-0.002572,0.0038268,-0.0007244,-0.0025734,0.0037877
-0.00104,-0.003048,0.0040728,-0.0010407,-0.0030499,0.0040326
0.002702,-0.000474,0.0040318,0.0027036,-0.0004743,0.0039921
-0.001812,-0.001888,0.0203208,-0.001812,-0.001888,0.0202608
-0.001448,-0.001807,0.0202758,-0.001448,-0.001807,0.0202158
-0.001356,0.001728,0.0201208,-0.001356,0.001728,0.0200608
-0.001304,0.0014,0.0202298,-0.001304,0.0014,0.0201698
0.000853,-0.003068,0.0040878,0.0008535,-0.0030699,0.0040476
0.000943,-0.002735,0.0041088,0.0009436,-0.0027367,0.0040688
0.000461,-0.003021,0.0044128,0.0004613,-0.003023,0.0043719
0.000882,-0.001818,0.0060068,0.0008829,-0.0018198,0.0059624
0.000983,-0.001551,0.0058098,0.0009839,-0.0015525,0.0057662
0.000878,-0.002612,0.0066118,0.0008788,-0.0026145,0.0065656
0.000523,-0.002115,0.0062648,0.0005235,-0.0021171,0.0062197
0.000165,-0.002171,0.0065198,0.0001652,-0.0021732,0.006474
0.000621,-0.002238,0.0066738,0.0006216,-0.0022403,0.0066275
0.000656,-0.001759,0.0067178,0.0006567,-0.001761,0.0066715
0.000536,-0.001472,0.0025898,0.0005362,-0.0014726,0.0025546
0.000529,-0.001136,0.0025918,0.0005292,-0.0011364,0.0025567
7.7e-05,-0.000762,0.0022418,7.7e-05,-0.0007623,0.0022076
0.000439,-0.000773,0.0022378,0.0004391,-0.0007732,0.0022035
5.5e-05,-0.000377,0.0022958,5.5e-05,-0.0003771,0.0022616
0.000175,-0.00148,0.0030168,0.0001751,-0.0014806,0.0029807
0.000133,-0.001943,0.0030438,0.0001331,-0.0019438,0.0030073
0.000102,-0.003033,0.0037098,0.0001021,-0.0030347,0.0036707
0.000503,-0.00304,0.0036858,0.0005033,-0.0030417,0.0036468
7.3e-05,-0.002661,0.0038078,7.3e-05,-0.0026625,0.0037688
5.5e-05,-0.003038,0.0043858,5.5e-05,-0.00304,0.004345
0.001943,0.002082,0.0194858,0.001943,0.002082,0.0194258
0.002255,-0.001956,0.0033518,0.0022562,-0.001957,0.0033137
0.002604,-0.002407,0.0038878,0.0026056,-0.0024084,0.003848
0.001489,-0.001552,0.0038088,0.0014898,-0.0015528,0.0037703
0.001831,-0.001502,0.0037238,0.001832,-0.0015028,0.0036853
0.001561,-0.001241,0.0037928,0.0015619,-0.0012417,0.0037545
0.001573,0.00176,0.0036878,0.0015738,0.0017609,0.0036494
0.00195,0.001853,0.0040888,0.0019512,0.0018541,0.004049
0.002249,0.001824,0.0040588,0.0022504,0.0018251,0.0040189
0.001573,0.001796,0.0039948,0.0015739,0.001797,0.0039556
0.001693,0.001881,0.0045608,0.0016941,0.0018823,0.0045199
0.001925,0.001383,0.0037668,0.0019261,0.0013837,0.0037282
0.0019,0.001462,0.0040708,0.0019011,0.0014628,0.0040314
0.002314,0.001479,0.0040198,0.0023154,0.0014799,0.0039801
0.001507,0.001346,0.0044948,0.001508,0.0013469,0.0044547
0.001874,0.001366,0.0044168,0.0018752,0.0013669,0.0043766
-0.002512,-0.001866,0.0045448,-0.0025137,-0.0018672,0.0045035
-0.002177,-0.00192,0.0045268,-0.0021785,-0.0019213,0.0044857
-0.001783,-0.001498,0.0041058,-0.0017841,-0.0014989,0.0040664
-0.001489,-0.001457,0.0040628,-0.0014899,-0.0014579,0.0040237
-0.001418,-0.001526,0.0037038,-0.0014187,-0.0015268,0.0036656
-0.001075,-0.00158,0.0037178,-0.0010756,-0.0015808,0.0036797
-0.001426,-0.001119,0.0037068,-0.0014267,-0.0011196,0.0036688
-0.002157,-0.001174,0.0041418,-0.0021583,-0.0011747,0.0041021
-0.001708,-0.001676,0.0044448,-0.0017091,-0.0016771,0.0044044
-0.002237,-0.001511,0.0044438,-0.0022384,-0.001512,0.0044031
-0.001745,0.001452,0.0195268,-0.001745,0.001452,0.0194668
-0.002474,0.001456,0.0194518,-0.002474,0.001456,0.0193918
0.002282,-0.000284,0.0201468,0.002282,-0.000284,0.0200868
0.002737,-0.000295,0.0197478,0.002737,-0.000295,0.0196878
0.001329,-0.000257,0.0209338,0.001329,-0.000257,0.0208738
0.00085,-0.000331,0.0208748,0.00085,-0.000331,0.0208148
0.00088,-0.00033,0.0211958,0.00088,-0.00033,0.0211358
-0.000268,0.001371,0.0202198,-0.000268,0.001371,0.0201598
0.002256,-0.001894,0.0190698,0.002256,-0.001894,0.0190098
0.002619,-0.001855,0.0191558,0.002619,-0.001855,0.0190958
0.00188,-0.001566,0.0194788,0.00188,-0.001566,0.0194188
0.001307,-0.002404,0.0195148,0.001307,-0.002404,0.0194548
0.000479,-0.000697,0.0173558,0.000479,-0.000697,0.0172958
0.000894,-0.001044,0.0182408,0.000894,-0.001044,0.0181808
0.000518,-0.000174,0.0175978,0.000518,-0.000174,0.0175378
6e-06,-0.000807,0.0176618,6e-06,-0.000807,0.0176018
0.000339,-0.000747,0.0176338,0.000339,-0.000747,0.0175738
0.000114,-0.000534,0.0176408,0.000114,-0.000534,0.0175808
0.000432,-0.000859,0.0179188,0.000432,-0.000859,0.0178588
0.000538,-0.000986,0.0182098,0.000538,-0.000986,0.0181498
0.001256,-0.001522,0.0159028,0.001256,-0.001522,0.0158428
0.000767,-0.000238,0.0151988,0.000767,-0.000238,0.0151388
0.0004,-0.000346,0.0157428,0.0004,-0.000346,0.0156828
0.000333,-0.000232,0.0160948,0.000333,-0.000232,0.0160348
0.000422,-0.000192,0.0154448,0.000422,-0.000192,0.0153848
0.000361,-0.00055,0.0154668,0.000361,-0.00055,0.0154068
0.000727,-0.000352,0.0165528,0.000727,-0.000352,0.0164928
0.000497,-0.000364,0.0168748,0.000497,-0.000364,0.0168148
0.000475,-0.000709,0.0168258,0.000475,-0.000709,0.0167658
0.00044,-0.000449,0.0163218,0.00044,-0.000449,0.0162618
0.00088,-0.001849,0.0160078,0.00088,-0.001849,0.0159478
0.000922,-0.001556,0.0159988,0.000922,-0.001556,0.0159388
0.000547,0.000179,0.0158238,0.000547,0.000179,0.0157638
0.000299,0.000439,0.0154278,0.000299,0.000439,0.0153678
0.000334,-5.2e-05,0.0158088,0.000334,-5.2e-05,0.0157488
0.000193,7.2e-05,0.0154008,0.000193,7.2e-05,0.0153408
0.000263,-0.000299,0.0148808,0.000263,-0.000299,0.0148209
0.000334,0.000307,0.0165628,0.000334,0.000307,0.0165028
0.000636,0.00016,0.0164698,0.000636,0.00016,0.0164098
0.00061,-0.002326,0.0165858,0.00061,-0.002326,0.0165258
0.000202,-0.001135,0.0198548,0.000202,-0.001135,0.0197948
-0.000116,-0.001877,0.0202528,-0.000116,-0.001877,0.0201928
0.000174,-0.002626,0.0194908,0.000174,-0.002626,0.0194308
-0.000183,-0.000963,0.0209028,-0.000183,-0.000963,0.0208428
9.1e-05,-0.001104,0.0209158,9.1e-05,-0.001104,0.0208558
-0.001026,-0.001586,0.0199118,-0.001026,-0.001586,0.0198518
-0.001412,-0.001261,0.0199508,-0.001412,-0.001261,0.0198908
-0.001703,-0.001793,0.0195348,-0.001703,-0.001793,0.0194748
-0.001398,-0.001844,0.0195098,-0.001398,-0.001844,0.0194498
-0.001401,-0.002607,0.0188598,-0.001401,-0.002607,0.0187998
-0.002234,-0.001824,0.0187898,-0.002234,-0.001824,0.0187298
-0.002698,-0.001612,0.0185518,-0.002698,-0.001612,0.0184918
-0.002978,-0.001213,0.0183588,-0.002978,-0.001213,0.0182988
-0.001357,-0.0004,0.0201748,-0.001357,-0.0004,0.0201148
-0.002094,-0.000424,0.0194688,-0.002094,-0.000424,0.0194088
-0.002925,-0.000323,0.0188028,-0.002925,-0.000323,0.0187428
-0.002833,0.000333,0.0188058,-0.002833,0.000333,0.0187458
-0.00288,0.000243,0.0181478,-0.00288,0.000243,0.0180878
7.4e-05,0.000269,0.0173448,7.4e-05,0.000269,0.0172848
-0.000597,0.000322,0.0182108,-0.000597,0.000322,0.0181508
-0.000594,0.001071,0.0174178,-0.000594,0.001071,0.0173578
-0.001002,-0.000359,0.0177128,-0.001002,-0.000359,0.0176528
0.000124,0.001407,0.0201868,0.000124,0.001407,0.0201268
0.000472,0.001334,0.0201628,0.000472,0.001334,0.0201028
0.000133,0.002853,0.0187998,0.000133,0.002853,0.0187398
0.000524,0.002834,0.0187908,0.000524,0.002834,0.0187308
-0.000619,-0.002887,0.0044098,-0.0006194,-0.0028889,0.004369
-0.000304,-0.003067,0.0043908,-0.0003042,-0.003069,0.0043499
-0.00092,-0.002937,0.0043948,-0.0009206,-0.0029389,0.0043539
-0.00147,-0.002179,0.0040398,-0.0014708,-0.0021803,0.0040002
-0.001357,-0.002206,0.0043408,-0.0013579,-0.0022074,0.0043005
-0.000264,-0.000863,0.0059458,-0.0002643,-0.0008639,0.0059027
0.000474,-0.000392,0.0080128,0.0004748,-0.0003927,0.0079622
-1e-05,-0.000302,0.0077648,-1e-05,-0.0003026,0.0077149
0.000416,-0.000166,0.0082228,0.0004167,-0.0001663,0.0081712
2e-06,8e-06,0.0081488,2e-06,8e-06,0.008097
0.00033,-0.000283,0.0084898,0.0003305,-0.0002834,0.0084372
0.000554,-0.000696,0.0080938,0.0005549,-0.0006971,0.0080432
-2.8e-05,-0.00063,0.0081438,-2.81e-05,-0.000631,0.0080926
-0.00021,-0.000315,0.0059968,-0.0002102,-0.0003153,0.0059537
-8.2e-05,0.000244,0.0078028,-8.22e-05,0.0002445,0.0077527
-2.5e-05,0.00053,0.0081838,-2.5e-05,0.0005309,0.0081323
0.000157,8.5e-05,0.0085088,0.0001572,8.51e-05,0.0084558
-0.000279,-6.1e-05,0.0079338,-0.0002795,-6.11e-05,0.0078831
-0.000376,-0.000397,0.0085368,-0.0003765,-0.0003976,0.0084842
-0.000261,-0.000674,0.0084968,-0.0002614,-0.0006749,0.0084446
-5e-05,-0.000272,0.0084918,-5.01e-05,-0.0002724,0.0084389
-0.000108,-0.000171,0.0088858,-0.0001081,-0.0001711,0.0088317
-0.000407,-0.000393,0.0092308,-0.0004072,-0.0003932,0.0091763
-0.000937,-0.000442,0.0062138,-0.0009381,-0.0004425,0.0061698
-0.000753,-0.000629,0.0068958,-0.0007541,-0.0006299,0.0068494
-0.0007,-0.001454,0.0062838,-0.0007008,-0.0014556,0.006239
-0.001186,-0.001483,0.0061218,-0.0011872,-0.0014845,0.0060772
-0.000637,-0.001171,0.0067798,-0.0006378,-0.0011725,0.0067337
-0.000918,-0.002217,0.0080788,-0.0009188,-0.002219,0.0080291
-0.000628,-0.002118,0.0081048,-0.0006286,-0.00212,0.008055
-0.000226,-0.002153,0.0076678,-0.0002262,-0.0021552,0.007619
0.001914,-0.000363,0.0041048,0.0019151,-0.0003632,0.0040658
0.002242,-0.00037,0.0039808,0.0022432,-0.0003702,0.0039417
0.001526,-0.000804,0.0038528,0.0015268,-0.0008044,0.0038145
0.001865,-0.000864,0.0037378,0.001866,-0.0008645,0.0036995
0.001527,-0.000466,0.0037818,0.0015278,-0.0004663,0.0037438
0.001935,-0.001172,0.0040668,0.0019361,-0.0011727,0.0040275
0.001309,0.000467,0.0030168,0.0013095,0.0004672,0.0029807
0.001276,0.000448,0.0033098,0.0012766,0.0004482,0.0032731
0.002662,0.000214,0.0048388,0.0026639,0.0002142,0.0047971
0.001209,0.001466,0.0041338,0.0012097,0.0014669,0.0040947
0.001207,0.001414,0.0043948,0.0012078,0.0014149,0.0043551
0.000865,0.001413,0.0040898,0.0008655,0.0014138,0.004051
0.000854,0.001744,0.0041198,0.0008545,0.001745,0.0040807
0.000844,0.001386,0.0044548,0.0008446,0.0013869,0.0044152
0.000478,0.001182,0.0082088,0.0004786,0.0011835,0.0081583
0.000695,0.00023,0.0079108,0.0006962,0.0002304,0.0078607
0.000456,-6.7e-05,0.0079688,0.0004568,-6.71e-05,0.0079181
0.000431,0.000272,0.0085928,0.0004315,0.0002723,0.00854
0.000786,0.000526,0.0066118,0.000787,0.0005267,0.0065664
0.00132,0.000373,0.0066448,0.0013217,0.0003735,0.006599
0.000262,0.000127,0.0088298,0.0002622,0.0001271,0.0087761
-7.6e-05,0.000638,0.0085458,-7.61e-05,0.0006389,0.0084934
0.00011,0.000483,0.0088278,0.0001101,0.0004834,0.0087742
0.000489,-4.6e-05,0.0087298,0.0004895,-4.6e-05,0.0086765
0.000243,-0.000319,0.0088328,0.0002432,-0.0003193,0.008779
-5.5e-05,0.00013,0.0088488,-5.5e-05,0.0001301,0.0087948
0.000253,0.000308,0.0093618,0.0002531,0.0003081,0.009307
0.000566,0.001404,0.0058498,0.0005666,0.0014054,0.0058064
0.000138,0.000744,0.0062688,0.0001381,0.0007449,0.0062248
0.000433,0.000643,0.0062108,0.0004335,0.0006438,0.0061669
0.000109,0.000725,0.0065998,0.0001091,0.000726,0.0065546
0.000379,0.00112,0.0085898,0.0003795,0.0011214,0.0085382
0.000631,0.001038,0.0086498,0.0006317,0.0010392,0.0085981
0.000278,0.001173,0.0091468,0.0002782,0.001174,0.0090937
0.000487,0.000824,0.0086488,0.0004876,0.000825,0.0085967
0.000947,0.002367,0.0076338,0.0009479,0.0023692,0.0075851
0.000946,0.001808,0.0080158,0.000947,0.0018098,0.0079662
0.000946,0.001724,0.0083948,0.0009469,0.0017257,0.0083443
0.001555,0.001872,0.0076708,0.0015565,0.0018738,0.007622
0.001896,0.001829,0.0076108,0.0018977,0.0018307,0.0075622
0.001558,0.001933,0.0079578,0.0015594,0.0019348,0.0079084
0.000916,0.00212,0.0080328,0.0009169,0.002122,0.0079832
0.000914,0.0014,0.0076948,0.0009151,0.0014016,0.0076459
0.001278,0.001389,0.0077818,0.0012794,0.0013905,0.0077327
0.000873,0.001715,0.0075838,0.000874,0.0017169,0.0075352
0.000979,0.00135,0.0079648,0.0009801,0.0013515,0.0079152
0.000507,0.002492,0.0076008,0.0005075,0.0024944,0.0075522
0.000446,0.001873,0.0076398,0.0004465,0.0018751,0.007591
0.000138,0.001831,0.0079488,0.0001381,0.001833,0.0078993
0.000498,0.00141,0.0040708,0.0004983,0.0014108,0.0040322
8.1e-05,0.001367,0.0037328,8.11e-05,0.0013677,0.0036951
0.000414,0.001448,0.0037218,0.0004142,0.0014487,0.003684
7.3e-05,0.001745,0.0041188,7.31e-05,0.001746,0.0040799
-0.000297,0.001365,0.0041028,-0.0002972,0.0013658,0.0040642
3.5e-05,0.001371,0.0041048,3.51e-05,0.0013718,0.0040662
0.000117,0.001374,0.0044998,0.0001171,0.001375,0.0044602
0.000113,0.00288,0.0050958,0.0001131,0.0028821,0.0050533
0.000436,0.002817,0.0050328,0.0004363,0.0028191,0.0049904
0.000502,0.002809,0.0054678,0.0005024,0.0028113,0.0054244
-0.000204,0.002863,0.0055108,-0.0002042,0.0028653,0.0054672
0.000115,0.002862,0.0054708,0.0001151,0.0028643,0.0054274
-0.000638,0.001377,0.0037118,-0.0006383,0.0013777,0.003674
-0.000295,0.001383,0.0037138,-0.0002951,0.0013838,0.0036761
-0.000653,0.001394,0.0040858,-0.0006534,0.0013948,0.0040471
-0.001453,0.001383,0.0045138,-0.001454,0.0013839,0.0044736
-0.001091,0.001381,0.0044788,-0.0010917,0.0013819,0.004439
-0.001446,0.002547,0.0030668,-0.0014467,0.0025482,0.0030295
-0.000677,0.00103,0.0026238,-0.0006772,0.0010303,0.0025886
-0.000276,0.001027,0.0026458,-0.0002761,0.0010274,0.0026106
-0.000634,0.000687,0.0026568,-0.0006342,0.0006872,0.0026217
-0.000277,0.000675,0.0026568,-0.0002771,0.0006752,0.0026218
-0.000726,0.000617,0.0029248,-0.0007263,0.0006172,0.0028891
-0.001424,0.001093,0.0033098,-0.0014246,0.0010935,0.0032728
-0.001045,0.000996,0.0033448,-0.0010455,0.0009965,0.003308
-0.001438,0.001035,0.0037088,-0.0014388,0.0010355,0.0036709
-0.001428,0.00068,0.0033518,-0.0014287,0.0006803,0.0033148
-0.001123,0.000675,0.0034428,-0.0011235,0.0006753,0.0034058
-0.001385,0.000683,0.0036878,-0.0013857,0.0006834,0.00365
-0.00217,0.00102,0.0040588,-0.0021713,0.0010206,0.0040194
-0.001857,0.001023,0.0040788,-0.0018581,0.0010236,0.0040396
-0.002096,0.000997,0.0043468,-0.0020973,0.0009976,0.0043067
-0.002139,0.000645,0.0040218,-0.0021403,0.0006454,0.0039827
-0.001795,0.000662,0.0040818,-0.0017961,0.0006624,0.0040428
-0.002216,0.000613,0.0043778,-0.0022174,0.0006134,0.0043377
-0.001381,0.002128,0.0052018,-0.0013821,0.0021297,0.0051592
-0.001047,0.002195,0.0052208,-0.0010478,0.0021968,0.0051783
-0.001325,0.002395,0.0051798,-0.001326,0.0023968,0.0051371
-0.001802,0.002221,0.0055388,-0.0018035,0.0022228,0.0054952
-0.001476,0.002204,0.0055228,-0.0014773,0.0022059,0.0054793
-0.001537,0.002574,0.0052038,-0.0015381,0.002576,0.0051609
-0.002289,0.002233,0.0058338,-0.0022909,0.0022348,0.0057893
-0.001897,0.002181,0.0058678,-0.0018986,0.0021828,0.0058233
-0.000448,0.000822,0.0062558,-0.0004485,0.000823,0.0062117
-0.000659,0.000631,0.0065268,-0.0006599,0.0006318,0.0064817
-0.000299,3.1e-05,0.0062578,-0.0002993,3.1e-05,0.0062139
-0.000681,0.000281,0.0066398,-0.0006819,0.0002814,0.0065944
-0.000122,0.000307,0.0085388,-0.0001222,0.0003074,0.0084858
0.000109,4e-05,0.0091698,0.000109,4e-05,0.0091151
-0.000372,0.000413,0.0086638,-0.0003725,0.0004135,0.0086108
-0.00031,-4.8e-05,0.0086348,-0.0003104,-4.81e-05,0.0085815
-0.001212,0.001963,0.0074158,-0.0012132,0.001965,0.0073676
-0.001491,0.001881,0.0079898,-0.0014924,0.0018827,0.0079403
-0.000699,0.001733,0.0084198,-0.0006997,0.0017347,0.0083692
-0.000565,0.001899,0.0086728,-0.0005655,0.0019008,0.0086217
-0.001007,0.001341,0.0077828,-0.0010082,0.0013425,0.0077336
-0.000681,0.00139,0.0078788,-0.0006818,0.0013916,0.0078293
-0.000294,0.000717,0.0094158,-0.0002941,0.0007174,0.0093612
-0.000115,0.000956,0.0092748,-0.0001151,0.0009567,0.0092208
-3.8e-05,0.000886,0.0095858,-3.8e-05,0.0008864,0.009531
-3.6e-05,0.001236,0.0091268,-3.6e-05,0.0012371,0.0090738
0.000119,0.001178,0.0097808,0.0001191,0.0011785,0.009726
0.000361,0.000901,0.0096218,0.0003612,0.0009014,0.0095671
-0.000552,0.001282,0.0095728,-0.0005524,0.0012829,0.0095189
-0.002544,0.000667,0.0048318,-0.0025458,0.0006675,0.0047901
-0.002788,0.000703,0.0051328,-0.0027901,0.0007035,0.0050902
-0.002202,0.00186,0.0048138,-0.0022036,0.0018613,0.004772
-0.001829,0.001962,0.0047688,-0.0018303,0.0019634,0.0047272
-0.002143,0.001806,0.0051328,-0.0021446,0.0018074,0.0050902
-0.002167,0.001428,0.0051178,-0.0021687,0.0014291,0.0050754
-0.001838,0.001487,0.0051048,-0.0018394,0.0014881,0.0050627
-0.002542,0.001435,0.0055728,-0.0025441,0.0014362,0.0055291
-0.002236,0.001453,0.0055068,-0.0022379,0.0014542,0.0054634
-0.001415,-0.001134,0.0030648,-0.0014156,-0.0011345,0.0030283
-0.00106,-0.00114,0.0031778,-0.0010604,-0.0011405,0.0031412
-0.001001,-0.000823,0.0033368,-0.0010015,-0.0008234,0.0033001
-0.001743,-0.000411,0.0040648,-0.001744,-0.0004112,0.004026
-0.001426,-0.000369,0.0040518,-0.0014268,-0.0003692,0.0040133
-0.001398,-0.000799,0.0038228,-0.0013988,-0.0007995,0.0037847
-0.001024,-0.0008,0.0036838,-0.0010246,-0.0008004,0.0036463
-0.001324,-0.000452,0.0037478,-0.0013247,-0.0004522,0.00371
-0.001491,-0.000245,0.0037268,-0.0014918,-0.0002451,0.003689
-0.001793,-8.6e-05,0.0041238,-0.0017941,-8.61e-05,0.0040848
-0.002868,-0.000403,0.0044208,-0.0028699,-0.0004033,0.00438
-0.002543,-4e-06,0.0048358,-0.0025448,-4e-06,0.0047942
-0.003284,-0.00039,0.0055158,-0.0032866,-0.0003903,0.005472
-0.002957,-0.000374,0.0055478,-0.0029594,-0.0003743,0.0055041
-0.002906,-0.00077,0.0051178,-0.0029082,-0.0007706,0.0050751
-0.002578,-0.000803,0.0051808,-0.00258,-0.0008036,0.0051381
-0.002877,-0.00046,0.0052188,-0.0028792,-0.0004604,0.005176
-0.003297,-0.000785,0.0054728,-0.0032995,-0.0007856,0.0054291
-0.001371,-0.001813,0.0044648,-0.0013719,-0.0018142,0.0044245
-0.001725,-0.002654,0.0044028,-0.0017261,-0.0026557,0.0043618
-0.001442,-0.002603,0.0044438,-0.0014429,-0.0026047,0.0044029
-0.002107,-0.002317,0.0052018,-0.0021086,-0.0023188,0.0051589
-0.002135,-0.001948,0.0052258,-0.0021366,-0.0019495,0.0051829
-0.001686,-0.002087,0.0054978,-0.0016874,-0.0020887,0.0054544
-0.002084,-0.002375,0.0058228,-0.0020857,-0.002377,0.0057783
-0.002163,-0.001604,0.0055008,-0.0021648,-0.0016053,0.0054574
-0.00216,-0.002024,0.0058838,-0.0021619,-0.0020257,0.0058393
-0.002107,-0.00227,0.0061868,-0.0021088,-0.002272,0.0061415
-0.00183,-0.00223,0.0062268,-0.0018316,-0.002232,0.0061815
-0.002208,-0.00237,0.0065478,-0.00221,-0.0023721,0.0065016
-0.001376,0.001368,0.0194838,-0.001376,0.001368,0.0194238
-0.001049,0.001332,0.0195118,-0.001049,0.001332,0.0194518
-0.002184,0.001357,0.0188228,-0.002184,0.001357,0.0187628
-0.001871,0.001337,0.0188218,-0.001871,0.001337,0.0187618
-0.002887,0.001408,0.0187368,-0.002887,0.001408,0.0186768
-0.002561,0.001367,0.0188328,-0.002561,0.001367,0.0187728
0.001898,0.001118,0.0040248,0.0018991,0.0011187,0.0039857
0.000518,-0.001472,0.0033068,0.0005182,-0.0014727,0.00327
-0.000227,-0.001931,0.0039088,-0.0002271,-0.0019321,0.0038702
6.7e-05,-0.001936,0.0038498,6.7e-05,-0.001937,0.0038114
0.000105,-0.00156,0.0037698,0.0001051,-0.0015608,0.0037319
0.000128,-0.001229,0.0037378,0.0001281,-0.0012296,0.0037003
0.000494,-0.002217,0.0040738,0.0004943,-0.0022183,0.0040345
0.000124,-0.002267,0.0043938,0.0001241,-0.0022685,0.0043537
0.001849,0.001299,0.0195758,0.001849,0.001299,0.0195158
0.002323,0.001367,0.0187858,0.002323,0.001367,0.0187258
0.002654,0.001345,0.0187038,0.002654,0.001345,0.0186438
0.00258,0.001838,0.0181708,0.00258,0.001838,0.0181108
0.0019,-0.001549,0.0040748,0.0019011,-0.0015499,0.0040353
0.00227,-0.001567,0.0040958,0.0022714,-0.0015679,0.0040559
0.001499,-0.001334,0.0043668,0.0014999,-0.0013349,0.004327
0.001962,-0.001893,0.0046498,0.0019633,-0.0018943,0.0046085
0.001572,-0.000717,0.0195658,0.001572,-0.000717,0.0195058
0.001232,-0.001463,0.0194298,0.001232,-0.001463,0.0193698
0.002286,-0.001656,0.0187858,0.002286,-0.001656,0.0187258
0.002739,-0.000998,0.0180408,0.002739,-0.000998,0.0179808
0.002839,-0.00103,0.0183978,0.002839,-0.00103,0.0183378
0.002038,-0.000723,0.0159288,0.002038,-0.000723,0.0158688
0.002316,-0.000768,0.0158478,0.002316,-0.000768,0.0157878
0.001755,-0.000757,0.0158358,0.001755,-0.000757,0.0157758
0.002691,-0.000811,0.0162978,0.002691,-0.000811,0.0162378
0.001536,-0.001075,0.0162578,0.001536,-0.001075,0.0161978
0.001862,-0.001061,0.0163058,0.001862,-0.001061,0.0162458
0.001927,-0.001563,0.0162118,0.001927,-0.001563,0.0161518
0.002302,-0.001504,0.0161928,0.002302,-0.001504,0.0161328
0.002304,-0.001195,0.0166518,0.002304,-0.001195,0.0165918
0.001873,0.00206,0.0056338,0.0018746,0.0020617,0.00559
0.002313,0.002139,0.0055018,0.0023148,0.0021407,0.0054581
0.001522,0.00248,0.0055568,0.0015233,0.002482,0.0055131
0.001913,0.002491,0.0054898,0.0019145,0.002493,0.0054461
-0.000643,0.001724,0.0040968,-0.0006434,0.001725,0.0040578
-0.000303,0.001742,0.0040748,-0.0003032,0.001743,0.004036
-0.000684,0.001449,0.0044078,-0.0006845,0.00145,0.0043683
-0.000256,0.001325,0.0045128,-0.0002562,0.0013259,0.0044733
-0.00023,0.002838,0.0051548,-0.0002302,0.0028401,0.0051121
-0.000723,0.002826,0.0052488,-0.0007235,0.0028282,0.0052059
-0.002189,0.001811,0.0030018,-0.00219,0.0018118,0.0029647
-0.0002,-0.001858,0.0195968,-0.0002,-0.001858,0.0195368
6.8e-05,-0.001897,0.0195298,6.8e-05,-0.001897,0.0194698
4.7e-05,-0.001518,0.0195138,4.7e-05,-0.001518,0.0194538
0.000128,-0.003011,0.0188738,0.000128,-0.003011,0.0188138
0.000131,-0.002581,0.0187988,0.000131,-0.002581,0.0187388
0.000103,-0.001034,0.0200858,0.000103,-0.001034,0.0200258
-0.00061,-0.00079,0.0198258,-0.00061,-0.00079,0.0197658
-0.000293,-0.000761,0.0198838,-0.000293,-0.000761,0.0198238
-0.000556,-0.000537,0.0198508,-0.000556,-0.000537,0.0197908
-0.000221,-0.000978,0.0195188,-0.000221,-0.000978,0.0194588
5.3e-05,-0.001072,0.0194748,5.3e-05,-0.001072,0.0194148
-0.00028,-0.001546,0.0195528,-0.00028,-0.001546,0.0194928
-0.00102,-0.000772,0.0173688,-0.00102,-0.000772,0.0173088
-0.000418,-0.000748,0.0178138,-0.000418,-0.000748,0.0177538
-0.000589,-0.000567,0.0177418,-0.000589,-0.000567,0.0176818
-0.000904,-0.000981,0.0179528,-0.000904,-0.000981,0.0178928
-0.000287,-0.003065,0.0188638,-0.000287,-0.003065,0.0188038
-0.000287,-0.001629,0.0159328,-0.000287,-0.001629,0.0158728
-0.000327,-0.000662,0.0148938,-0.000327,-0.000662,0.0148339
-8.2e-05,-0.000382,0.0148518,-8.2e-05,-0.000382,0.0147919
1.4e-05,-7.4e-05,0.0150538,1.4e-05,-7.4e-05,0.0149939
-0.000628,-0.002565,0.0167638,-0.000628,-0.002565,0.0167038
-0.000979,-0.001526,0.0192578,-0.000979,-0.001526,0.0191978
-0.001298,-0.001256,0.0191108,-0.001298,-0.001256,0.0190508
-0.001771,-0.001553,0.0184878,-0.001771,-0.001553,0.0184278
-0.002053,-0.001303,0.0184708,-0.002053,-0.001303,0.0184108
-0.002155,-0.000468,0.0184658,-0.002155,-0.000468,0.0184058
-0.001827,-0.001593,0.0177728,-0.001827,-0.001593,0.0177128
-0.002203,-0.001248,0.0177348,-0.002203,-0.001248,0.0176748
-0.001413,-0.001056,0.0165748,-0.001413,-0.001056,0.0165148
-0.002137,-0.000353,0.0158488,-0.002137,-0.000353,0.0157888
-0.002216,-0.001071,0.0166478,-0.002216,-0.001071,0.0165878
-0.001335,-0.000822,0.0191678,-0.001335,-0.000822,0.0191078
-0.001047,-0.00079,0.0191338,-0.001047,-0.00079,0.0190738
-0.001295,-0.000417,0.0195528,-0.001295,-0.000417,0.0194928
-0.001314,0.001036,0.0194898,-0.001314,0.001036,0.0194298
-0.001417,0.002527,0.0188308,-0.001417,0.002527,0.0187708
-0.001364,0.002131,0.0187968,-0.001364,0.002131,0.0187368
-0.001016,0.002105,0.0187898,-0.001016,0.002105,0.0187298
-0.000355,0.001265,0.0194858,-0.000355,0.001265,0.0194258
-0.000639,0.002551,0.0181258,-0.000639,0.002551,0.0180658
-0.001422,0.002537,0.0181368,-0.001422,0.002537,0.0180768
0.000506,0.002065,0.0160148,0.000506,0.002065,0.0159548
0.000518,0.000888,0.0155758,0.000518,0.000888,0.0155158
0.000264,0.001232,0.0157108,0.000264,0.001232,0.0156508
0.00028,0.001161,0.0160838,0.00028,0.001161,0.0160238
-6e-05,0.001237,0.0156428,-6e-05,0.001237,0.0155828
0.000298,0.001059,0.0154378,0.000298,0.001059,0.0153778
0.000324,0.000766,0.0153648,0.000324,0.000766,0.0153048
-7.8e-05,0.000834,0.0153718,-7.8e-05,0.000834,0.0153118
8.5e-05,0.001091,0.0151928,8.5e-05,0.001091,0.0151328
-0.000541,0.00132,0.0154558,-0.000541,0.00132,0.0153958
-0.000374,0.000625,0.0157638,-0.000374,0.000625,0.0157038
0.000771,0.001208,0.0167748,0.000771,0.001208,0.0167148
0.00012,0.001138,0.0148588,0.00012,0.001138,0.0147989
0.000411,0.00116,0.0150768,0.000411,0.00116,0.0150169
0.000113,0.002466,0.0159748,0.000113,0.002466,0.0159148
2.4e-05,0.000782,0.0148618,2.4e-05,0.000782,0.0148019
-0.000303,0.000691,0.0151288,-0.000303,0.000691,0.0150688
-0.000307,0.002156,0.0163588,-0.000307,0.002156,0.0162988
-0.000583,0.002518,0.0163478,-0.000583,0.002518,0.0162878
-0.001424,0.001765,0.0188388,-0.001424,0.001765,0.0187788
-0.001374,0.001428,0.0188548,-0.001374,0.001428,0.0187948
-0.001069,0.001368,0.0187218,-0.001069,0.001368,0.0186618
0.002358,-0.001937,0.0183078,0.002358,-0.001937,0.0182478
0.002663,-0.002352,0.0188888,0.002663,-0.002352,0.0188288
0.001915,-0.001638,0.0187158,0.001915,-0.001638,0.0186558
0.002339,0.001901,0.0047438,0.0023406,0.0019023,0.0047021
0.002629,0.001951,0.0048238,0.0026308,0.0019524,0.0047817
0.002381,0.001853,0.0050188,0.0023828,0.0018544,0.0049764
0.00235,0.001423,0.0051518,0.0023518,0.0014241,0.0051092
0.002629,0.001381,0.0051198,0.002631,0.001382,0.0050772
0.002315,0.001662,0.0052038,0.0023168,0.0016633,0.005161
0.00231,0.00178,0.0054528,0.0023118,0.0017814,0.0054094
0.002572,0.001867,0.0054268,0.002574,0.0018685,0.0053833
0.002311,0.001412,0.0058788,0.0023131,0.0014132,0.0058344
-0.000607,-0.00155,0.0036498,-0.0006073,-0.0015508,0.0036121
-0.000288,-0.001562,0.0037278,-0.0002881,-0.0015628,0.0036899
0.001241,0.000984,0.0198618,0.001241,0.000984,0.0198018
0.000875,0.001042,0.0176348,0.000875,0.001042,0.0175748
0.000552,0.001096,0.0175948,0.000552,0.001096,0.0175348
0.000622,0.000617,0.0180758,0.000622,0.000617,0.0180158
0.001612,0.002163,0.0180798,0.001612,0.002163,0.0180198
0.000942,0.003184,0.0176108,0.000942,0.003184,0.0175508
0.000904,0.002524,0.0180698,0.000904,0.002524,0.0180098
0.000988,0.002515,0.0183638,0.000988,0.002515,0.0183038
0.001371,0.001886,0.0161898,0.001371,0.001886,0.0161298
0.001027,0.001803,0.0169278,0.001027,0.001803,0.0168678
0.0027,0.001165,0.0183268,0.0027,0.001165,0.0182668
0.002404,0.001362,0.0181368,0.002404,0.001362,0.0180768
0.002325,0.000338,0.0167548,0.002325,0.000338,0.0166948
0.002333,0.001048,0.0158448,0.002333,0.001048,0.0157848
0.001953,0.000673,0.0166928,0.001953,0.000673,0.0166328
0.002333,0.000769,0.0167228,0.002333,0.000769,0.0166628
0.002908,0.0004,0.0187438,0.002908,0.0004,0.0186838
0.002812,0.000388,0.0190758,0.002812,0.000388,0.0190158
0.002736,-0.000232,0.0187408,0.002736,-0.000232,0.0186808
0.002864,-0.000394,0.0190078,0.002864,-0.000394,0.0189478
0.001169,-0.001204,0.0040128,0.0011697,-0.0012047,0.0039742
0.001221,-0.00154,0.0043778,0.0012218,-0.001541,0.004338
0.000906,-0.001175,0.0040698,0.0009065,-0.0011757,0.0040312
0.001281,-0.00075,0.0040978,0.0012818,-0.0007504,0.0040592
0.001254,-0.000798,0.0043728,0.0012548,-0.0007985,0.0043335
0.001302,-0.001087,0.0044888,0.0013029,-0.0010877,0.004449
0.001292,-0.001115,0.0047958,0.001293,-0.0011158,0.0047552
0.001201,-0.001563,0.0051028,0.001202,-0.0015642,0.0050611
0.000893,-0.000392,0.0040578,0.0008936,-0.0003922,0.0040197
0.000914,-0.000737,0.0043748,0.0009146,-0.0007375,0.0043357
0.0005,-0.001551,0.0044198,0.0005003,-0.001552,0.0043802
0.000898,-0.001576,0.0047088,0.0008986,-0.0015771,0.0046683
0.000903,-0.001221,0.0048148,0.0009037,-0.0012219,0.0047743
0.000883,-0.000189,0.0058788,0.000884,-0.0001892,0.0058359
0.001248,-0.000668,0.0061268,0.0012494,-0.0006687,0.0060827
0.001011,-0.00077,0.0064478,0.0010123,-0.0007709,0.0064028
0.000915,-0.001142,0.0065548,0.0009161,-0.0011434,0.0065093
0.000939,-0.001129,0.0069148,0.0009402,-0.0011304,0.0068681
0.00051,-0.000424,0.0062178,0.0005106,-0.0004245,0.0061739
0.000531,-0.000798,0.0062448,0.0005317,-0.000799,0.0062008
0.000341,-0.000293,0.0091828,0.0003412,-0.0002932,0.0091283
0.000551,-0.001176,0.0069128,0.0005518,-0.0011775,0.0068662
0.002313,-0.001535,0.0051298,0.0023148,-0.0015362,0.0050873
0.002362,-0.000772,0.0051338,0.0023638,-0.0007726,0.0050915
0.002669,-0.000791,0.0050588,0.002671,-0.0007916,0.0050164
0.002376,-0.000497,0.0051468,0.0023779,-0.0004974,0.0051045
0.002304,-0.001219,0.0055548,0.0023059,-0.00122,0.0055113
0.002323,-0.001917,0.0055088,0.0023249,-0.0019185,0.0054652
0.002681,-0.002013,0.0054558,0.0026831,-0.0020146,0.0054122
0.002271,-0.001512,0.0058378,0.002273,-0.0015133,0.0057935
0.001945,-0.000865,0.0073058,0.0019471,-0.0008659,0.0072579
0.002219,-0.000852,0.0073108,0.0022212,-0.0008528,0.0072628
0.001709,-0.00079,0.0074218,0.0017109,-0.0007909,0.0073736
0.002566,-0.000774,0.0078078,0.0025683,-0.0007747,0.0077588
0.00225,-0.001522,0.0078228,0.002252,-0.0015234,0.0077737
0.001876,-0.001096,0.0083398,0.0018778,-0.001097,0.0082895
0.002293,-0.001079,0.0084228,0.002295,-0.0010799,0.0083725
0.001539,-0.001089,0.0083378,0.0015405,-0.0010901,0.0082874
0.000134,0.001346,0.0195568,0.000134,0.001346,0.0194968
0.00046,0.001247,0.0195408,0.00046,0.001247,0.0194808
8.4e-05,0.001703,0.0195048,8.4e-05,0.001703,0.0194448
0.000108,0.002937,0.0181238,0.000108,0.002937,0.0180638
0.000139,0.001012,0.0040638,0.0001391,0.0010126,0.0040256
0.000436,0.001026,0.0040638,0.0004363,0.0010267,0.0040255
-0.000166,0.000977,0.0046598,-0.0001661,0.0009778,0.0046202
4.2e-05,0.000905,0.0044808,4.21e-05,0.0009057,0.0044417
0.000499,0.002488,0.0054738,0.0004994,0.0024901,0.0054305
0.000991,0.002579,0.0052888,0.0009918,0.002581,0.0052458
8.4e-05,0.002492,0.0051158,8.41e-05,0.002494,0.0050735
0.000122,0.002152,0.0051278,0.0001221,0.0021537,0.0050858
0.000471,0.002065,0.0052758,0.0004714,0.0020667,0.0052334
0.000113,0.002489,0.0054668,0.0001131,0.0024911,0.0054236
-0.00022,0.002135,0.0055248,-0.0002202,0.0021369,0.0054817
6e-05,0.002124,0.0054718,6e-05,0.0021258,0.0054288
-0.001001,-0.001524,0.0041298,-0.0010016,-0.0015249,0.0040908
-0.001049,-0.002146,0.0047968,-0.0010498,-0.0021475,0.0047555
-0.000572,-0.001166,0.0040738,-0.0005723,-0.0011667,0.0040354
-0.000231,-0.001131,0.0041008,-0.0002311,-0.0011317,0.0040624
-0.000974,-0.000695,0.0041038,-0.0009746,-0.0006954,0.0040654
-0.000648,-0.000714,0.0040558,-0.0006484,-0.0007144,0.0040177
-0.000577,-0.001487,0.0044898,-0.0005774,-0.001488,0.0044501
-0.000268,-0.001498,0.0044738,-0.0002682,-0.001499,0.0044342
-0.000127,-0.001309,0.0046378,-0.0001271,-0.0013099,0.004598
-0.000621,-0.002963,0.0051648,-0.0006215,-0.0029652,0.005122
-0.000338,-0.002963,0.0052308,-0.0003383,-0.0029653,0.0051879
-0.000532,-0.002691,0.0052248,-0.0005324,-0.0026931,0.005182
-0.000733,-0.0025,0.0052338,-0.0007336,-0.002502,0.0051911
-0.001717,-0.002692,0.0052638,-0.0017183,-0.002694,0.0052207
-0.001383,-0.002643,0.0052318,-0.001384,-0.002645,0.0051888
-0.001432,-0.002599,0.0048228,-0.001433,-0.0026009,0.0047809
-0.00176,-0.001492,0.0047338,-0.0017612,-0.001493,0.0046927
-0.002139,-0.001615,0.0051728,-0.0021407,-0.0016163,0.0051302
-0.001793,-0.001504,0.0050818,-0.0017944,-0.0015052,0.0050398
2.6e-05,-0.000726,0.0025688,2.6e-05,-0.0007262,0.002534
-0.000634,0.00292,0.0181308,-0.000634,0.00292,0.0180708
0.001225,0.001764,0.0047938,0.0012259,0.0017653,0.0047527
0.001318,0.002095,0.0055418,0.0013191,0.0020968,0.0054984
0.001224,0.002124,0.0058038,0.0012251,0.0021259,0.0057597
0.00085,0.002438,0.0054838,0.0008507,0.00244,0.0054405
0.000867,0.002081,0.0057998,0.0008678,0.0020829,0.0057559
0.002786,0.000384,0.0061358,0.0027885,0.0003843,0.0060908
0.002246,0.000716,0.0055218,0.0022479,0.0007166,0.0054785
0.002229,0.000631,0.0058138,0.002231,0.0006316,0.0057698
0.001967,0.00062,0.0080538,0.001969,0.0006206,0.0080041
0.002281,0.000809,0.0080118,0.0022831,0.0008098,0.0079622
0.002178,0.001189,0.0085328,0.0021798,0.00119,0.0084822
0.002686,0.000745,0.0076948,0.0026884,0.0007457,0.007646
0.002372,0.000257,0.0081698,0.0023742,0.0002573,0.0081199
0.001843,0.000635,0.0073768,0.001845,0.0006357,0.0073287
0.001661,0.001216,0.0074218,0.0016628,0.0012173,0.0073736
0.002287,0.001025,0.0073328,0.0022892,0.001026,0.0072848
0.000918,-0.00027,0.0037128,0.0009185,-0.0002702,0.0036755
0.002742,-0.000887,0.0055108,0.0027442,-0.0008877,0.0054672
-0.00071,0.002501,0.0047818,-0.0007105,0.0025028,0.0047403
-0.000367,0.002497,0.0047798,-0.0003673,0.0024988,0.0047384
-0.000625,0.002513,0.0050968,-0.0006255,0.0025149,0.0050545
-0.001051,0.00293,0.0049608,-0.0010518,0.0029321,0.0049184
-0.00095,0.002695,0.0051938,-0.0009507,0.0026971,0.005151
-0.000618,0.002188,0.0051668,-0.0006185,0.0021898,0.0051246
-0.000286,0.002159,0.0051258,-0.0002862,0.0021607,0.0050838
-0.001032,0.002252,0.0055318,-0.0010329,0.0022539,0.0054884
-0.000715,0.002129,0.0056688,-0.0007156,0.0021309,0.0056252
-0.001393,0.002124,0.0058638,-0.0013942,0.0021259,0.0058195
-0.00107,0.002111,0.0058458,-0.001071,0.0021129,0.0058017
-0.000706,0.000969,0.0037978,-0.0007064,0.0009695,0.0037601
-0.001075,0.000991,0.0040648,-0.0010757,0.0009916,0.0040263
-0.001319,0.001059,0.0044318,-0.0013199,0.0010597,0.0043921
-0.001434,0.000661,0.0040588,-0.0014349,0.0006614,0.0040202
-0.001137,0.00069,0.0041128,-0.0011377,0.0006904,0.0040743
-0.001366,0.000707,0.0043408,-0.0013669,0.0007074,0.0043015
-0.00152,0.001012,0.0045858,-0.001521,0.0010127,0.0045456
-0.001821,0.00182,0.0055168,-0.0018225,0.0018215,0.0054734
-0.001484,0.001786,0.0054838,-0.0014853,0.0017876,0.0054407
-0.001388,0.001417,0.0051218,-0.0013891,0.0014181,0.00508
-0.001029,0.001402,0.0051338,-0.0010299,0.0014031,0.0050922
-0.001791,0.001421,0.0055188,-0.0017926,0.0014222,0.0054756
-0.00143,0.001473,0.0054858,-0.0014313,0.0014743,0.0054429
-0.002181,0.001866,0.0054818,-0.0021828,0.0018675,0.0054383
-0.002152,0.001022,0.0051508,-0.0021537,0.0010228,0.0051085
-0.00251,0.001073,0.0055618,-0.0025121,0.0010739,0.0055182
-0.002883,0.001014,0.0058408,-0.0028854,0.0010148,0.0057964
-0.002175,0.001069,0.0054918,-0.0021769,0.0010699,0.0054486
-0.001833,0.001064,0.0055178,-0.0018346,0.0010649,0.0054747
-0.003238,0.000654,0.0058978,-0.0032407,0.0006545,0.0058531
-0.002896,0.000683,0.0058918,-0.0028985,0.0006836,0.0058472
-0.002488,0.00072,0.0062508,-0.0024903,0.0007207,0.0062055
-0.001777,0.000353,0.0082448,-0.0017789,0.0003534,0.0081945
-0.001496,0.000299,0.0080958,-0.0014977,0.0002994,0.0080458
-0.001854,0.000824,0.0077398,-0.0018559,0.0008249,0.0076908
-0.002084,0.000858,0.0080038,-0.002086,0.0008588,0.0079542
-0.001771,-1e-05,0.0076978,-0.001773,-1e-05,0.0076489
-0.002113,0.000337,0.0081558,-0.0021151,0.0003373,0.0081059
-0.002215,0.00107,0.0073678,-0.0022172,0.001071,0.0073197
-0.002514,0.000697,0.0081758,-0.0025162,0.0006976,0.008126
-0.001032,-0.000345,0.0038588,-0.0010326,-0.0003452,0.0038211
-0.000696,-0.000221,0.0037938,-0.0006964,-0.0002211,0.0037565
-0.002155,-0.000323,0.0051318,-0.0021567,-0.0003233,0.0050898
-0.002902,-0.000618,0.0047708,-0.002904,-0.0006184,0.004729
-0.002585,-0.00078,0.0048558,-0.0025869,-0.0007806,0.004814
-0.002167,-0.000862,0.0051478,-0.0021687,-0.0008627,0.0051056
-0.001781,-0.000812,0.0051848,-0.0017825,-0.0008127,0.0051429
-0.002537,-0.000788,0.0055538,-0.0025391,-0.0007887,0.0055102
-0.002932,-0.000805,0.0059258,-0.0029345,-0.0008057,0.0058812
-0.000643,-0.000819,0.0037468,-0.0006434,-0.0008194,0.0037093
-0.000253,-0.000837,0.0036498,-0.0002531,-0.0008374,0.0036127
-0.0006,-0.000495,0.0037658,-0.0006003,-0.0004953,0.0037285
-0.001723,-0.001741,0.0188578,-0.001723,-0.001741,0.0187978
-0.001383,-0.001873,0.0188678,-0.001383,-0.001873,0.0188078
-0.001125,-0.003045,0.0177158,-0.001125,-0.003045,0.0176558
-0.00139,-0.0026,0.0180238,-0.00139,-0.0026,0.0179638
-0.001419,-0.001854,0.0181958,-0.001419,-0.001854,0.0181358
-0.002445,-0.000163,0.0180188,-0.002445,-0.000163,0.0179588
-0.002196,-0.000366,0.0180638,-0.002196,-0.000366,0.0180038
-0.002914,0.001454,0.0179838,-0.002914,0.001454,0.0179238
-0.0026,0.001516,0.0179578,-0.0026,0.001516,0.0178978
0.002293,-0.001948,0.0047678,0.0022946,-0.0019494,0.004726
0.001469,-0.00149,0.0052538,0.0014702,-0.0014912,0.0052116
0.001868,-0.001508,0.0051478,0.0018695,-0.0015092,0.0051055
0.001461,-0.001134,0.0051378,0.0014622,-0.0011349,0.0050961
0.001828,0.001384,0.0187918,0.001828,0.001384,0.0187318
0.001522,0.001196,0.0047898,0.0015231,0.0011969,0.004749
0.001864,0.001164,0.0047068,0.0018653,0.0011648,0.0046659
0.001595,0.00105,0.0050948,0.0015963,0.0010508,0.0050532
0.00054,-0.00152,0.0040708,0.0005403,-0.0015209,0.0040321
0.000147,-0.001135,0.0040918,0.0001471,-0.0011357,0.0040535
0.000159,-0.000835,0.0036788,0.0001591,-0.0008355,0.0036417
0.000546,-0.000825,0.0037668,0.0005463,-0.0008254,0.0037294
0.000151,-0.000438,0.0037448,0.0001511,-0.0004383,0.0037077
-0.000232,-0.001478,0.0040918,-0.0002321,-0.0014789,0.0040532
9e-05,-0.001465,0.0040708,9.01e-05,-0.0014659,0.0040322
-0.000249,-0.001869,0.0046138,-0.0002492,-0.0018703,0.0045735
9.9e-05,-0.001921,0.0045108,9.91e-05,-0.0019223,0.0044707
0.000113,-0.002677,0.0045018,0.0001131,-0.0026788,0.004461
0.000143,-0.00301,0.0051778,0.0001431,-0.0030123,0.005135
0.000549,-0.003078,0.0051188,0.0005494,-0.0030803,0.0050761
5.2e-05,-0.002939,0.0058178,5.21e-05,-0.0029415,0.0057734
0.000494,-0.00306,0.0058108,0.0004944,-0.0030626,0.0057664
0.000888,-0.00186,0.0074398,0.000889,-0.001862,0.0073915
0.000941,-0.001481,0.0073018,0.0009421,-0.0014827,0.0072539
0.000911,-0.002656,0.0081068,0.0009118,-0.0026582,0.0080572
0.000959,-0.002272,0.0080668,0.0009599,-0.0022741,0.0080172
0.00061,-0.00226,0.0080388,0.0006106,-0.0022621,0.0079892
0.000648,-0.002239,0.0083238,0.0006486,-0.002241,0.0082736
0.000159,-0.002081,0.0076618,0.0001592,-0.0020832,0.007613
0.000145,-0.002198,0.0079428,0.0001452,-0.0022002,0.0078934
0.001255,-0.003025,0.0054388,0.001256,-0.0030274,0.0053952
0.001332,-0.002699,0.0053948,0.0013331,-0.0027011,0.0053515
0.000925,-0.002671,0.0054788,0.0009257,-0.0026732,0.0054354
-0.000638,0.002593,0.0055058,-0.0006386,0.0025951,0.0054624
-0.000252,0.002503,0.0054658,-0.0002522,0.0025051,0.0054226
0.001936,0.001789,0.0047758,0.0019374,0.0017903,0.0047343
0.00155,0.001706,0.0052178,0.0015513,0.0017074,0.0051754
0.001996,0.001832,0.0054678,0.0019976,0.0018335,0.0054244
0.001667,0.001729,0.0054728,0.0016684,0.0017305,0.0054297
0.001908,0.001355,0.0052038,0.0019095,0.0013561,0.0051614
0.001909,0.001457,0.0055018,0.0019106,0.0014583,0.0054586
0.002291,0.001411,0.0054698,0.0022929,0.0014122,0.0054264
0.001554,0.00141,0.0059978,0.0015555,0.0014114,0.0059534
0.002236,0.001042,0.0055388,0.0022379,0.0010429,0.0054954
0.002691,0.001023,0.0062098,0.0026934,0.0010239,0.0061645
0.00133,-0.002329,0.0180788,0.00133,-0.002329,0.0180188
0.000175,-0.000849,0.0158978,0.000175,-0.000849,0.0158378
0.000437,-0.000813,0.0158718,0.000437,-0.000813,0.0158118
-0.000399,0.000247,0.0148538,-0.000399,0.000247,0.0147939
0.00019,0.000243,0.0151008,0.00019,0.000243,0.0150409
-0.000336,-2.9e-05,0.0150648,-0.000336,-2.9e-05,0.0150049
-0.000238,-0.000672,0.0142418,-0.000238,-0.000672,0.0141822
-9.2e-05,-0.000277,0.0142458,-9.2e-05,-0.000277,0.0141862
0.000255,-0.000353,0.0141398,0.000255,-0.000353,0.0140803
0.000107,5.6e-05,0.0141758,0.000107,5.6e-05,0.0141163
0.000498,0.000232,0.0149788,0.000498,0.000232,0.0149189
0.000414,-6.7e-05,0.0151028,0.000414,-6.7e-05,0.0150429
0.000733,6.5e-05,0.0141388,0.000733,6.5e-05,0.0140793
0.000405,-0.000236,0.0146318,0.000405,-0.000236,0.014572
0.000344,5.1e-05,0.0145368,0.000344,5.1e-05,0.014477
0.001271,-0.000339,0.0159118,0.001271,-0.000339,0.0158518
0.00038,0.000209,0.0143308,0.00038,0.000209,0.0142711
0.000226,0.000484,0.0142748,0.000226,0.000484,0.0142152
0.000483,0.000446,0.0143518,0.000483,0.000446,0.0142921
-8.3e-05,0.00052,0.0141758,-8.3e-05,0.00052,0.0141163
0.000277,0.000425,0.0146858,0.000277,0.000425,0.014626
0.00046,-0.000124,0.0143548,0.00046,-0.000124,0.0142951
0.000111,-0.00082,0.0162818,0.000111,-0.00082,0.0162218
0.000411,-0.000782,0.0162608,0.000411,-0.000782,0.0162008
0.000157,-0.000469,0.0163188,0.000157,-0.000469,0.0162588
0.000644,-0.00089,0.0165308,0.000644,-0.00089,0.0164708
0.000689,-0.001001,0.0168598,0.000689,-0.001001,0.0167998
0.001267,-0.001522,0.0145058,0.001267,-0.001522,0.014446
0.000856,-0.001914,0.0145998,0.000856,-0.001914,0.01454
0.000896,-0.001619,0.0146448,0.000896,-0.001619,0.014585
0.000453,-0.002174,0.0148338,0.000453,-0.002174,0.0147739
0.000143,-0.00214,0.0151208,0.000143,-0.00214,0.0150608
0.000652,-0.002282,0.0152308,0.000652,-0.002282,0.0151708
2.8e-05,-0.001738,0.0188378,2.8e-05,-0.001738,0.0187778
9.3e-05,-0.001463,0.0184718,9.3e-05,-0.001463,0.0184118
0.000398,-0.001494,0.0183498,0.000398,-0.001494,0.0182898
-0.000661,-0.000877,0.0159108,-0.000661,-0.000877,0.0158508
-0.001286,-0.000773,0.0159048,-0.001286,-0.000773,0.0158448
-0.000306,0.000272,0.0142578,-0.000306,0.000272,0.0141982
-0.000258,-4.8e-05,0.0143768,-0.000258,-4.8e-05,0.0143171
-0.000534,-0.000615,0.0163018,-0.000534,-0.000615,0.0162418
-0.001734,-0.000326,0.0145538,-0.001734,-0.000326,0.014494
-0.001363,-0.000311,0.0144978,-0.001363,-0.000311,0.014438
-0.001439,-0.001178,0.0151548,-0.001439,-0.001178,0.0150948
-0.002166,-0.001184,0.0151678,-0.002166,-0.001184,0.0151078
-0.003239,0.000657,0.0162158,-0.003239,0.000657,0.0161558
-0.002741,0.000441,0.0165618,-0.002741,0.000441,0.0165018
-0.002862,-0.00037,0.0167088,-0.002862,-0.00037,0.0166488
0.000394,0.001083,0.0143528,0.000394,0.001083,0.0142931
0.000626,0.000978,0.0144008,0.000626,0.000978,0.0143411
0.000258,0.001306,0.0141618,0.000258,0.001306,0.0141022
0.000241,0.001244,0.0146058,0.000241,0.001244,0.014546
0.000474,0.000712,0.0144788,0.000474,0.000712,0.0144191
-0.000263,0.001074,0.0160068,-0.000263,0.001074,0.0159468
5e-05,0.001059,0.0159668,5e-05,0.001059,0.0159068
-0.000105,0.001223,0.0142628,-0.000105,0.001223,0.0142032
-0.000326,0.000685,0.0143278,-0.000326,0.000685,0.0142681
-0.00058,0.000403,0.0167258,-0.00058,0.000403,0.0166658
-0.000655,0.001049,0.0160348,-0.000655,0.001049,0.0159748
-0.001808,0.000816,0.0149228,-0.001808,0.000816,0.0148629
-0.002149,0.00075,0.0151758,-0.002149,0.00075,0.0151158
-0.001847,4.4e-05,0.0148768,-0.001847,4.4e-05,0.0148169
-0.001822,0.000388,0.0153808,-0.001822,0.000388,0.0153208
-0.002226,0.00104,0.0146108,-0.002226,0.00104,0.0145509
-0.00046,-0.000263,0.0126028,-0.0004601,-0.000263,0.0125448
-0.000809,-0.000198,0.0132198,-0.0008091,-0.000198,0.0131614
-0.001151,-0.000252,0.0132238,-0.0011511,-0.000252,0.0131653
-0.001428,-0.000375,0.0130688,-0.0014281,-0.000375,0.0130105
-0.000348,-0.000456,0.0128108,-0.000348,-0.0004561,0.0127527
-7.6e-05,-0.000244,0.0127898,-7.6e-05,-0.000244,0.0127318
0.000335,-0.000288,0.0125688,0.000335,-0.000288,0.0125108
0.000135,9.1e-05,0.0127658,0.000135,9.1e-05,0.0127078
-7.2e-05,-0.000183,0.0132008,-7.2e-05,-0.000183,0.0131424
-0.000427,0.00025,0.0127308,-0.0004271,0.00025,0.0126728
-0.00044,0.000226,0.0131338,-0.00044,0.000226,0.0130755
-0.000866,0.000509,0.0128188,-0.0008661,0.0005091,0.0127607
-0.000554,0.000499,0.0127588,-0.0005541,0.0004991,0.0127007
-0.000788,0.000116,0.0132188,-0.0007881,0.000116,0.0131604
-0.001125,0.000586,0.0128768,-0.0011251,0.0005861,0.0128186
-0.001088,-8.8e-05,0.0129788,-0.0010881,-8.8e-05,0.0129206
-0.000339,-0.000437,0.0135368,-0.000339,-0.000437,0.013478
-0.000116,-0.00027,0.0134758,-0.000116,-0.00027,0.0134171
0.000288,-0.000314,0.0134478,0.000288,-0.000314,0.0133891
9.5e-05,3.8e-05,0.0134278,9.5e-05,3.8e-05,0.0133692
-0.000121,-0.000279,0.0138878,-0.000121,-0.000279,0.0138286
-0.000603,-0.000288,0.0137868,-0.000603,-0.000288,0.0137277
-0.000132,0.000246,0.0135678,-0.000132,0.000246,0.013509
0.000274,0.000283,0.0135838,0.000274,0.000283,0.0135249
-2.6e-05,0.000101,0.0138038,-2.6e-05,0.000101,0.0137447
0.000287,4.8e-05,0.0138338,0.000287,4.8e-05,0.0137746
-0.000338,-5.4e-05,0.0135898,-0.000338,-5.4e-05,0.0135309
-0.001809,0.000825,0.0134438,-0.0018091,0.000825,0.013385
-0.002117,0.000721,0.0138158,-0.0021171,0.000721,0.0137565
-0.001755,3e-05,0.0134278,-0.0017551,3e-05,0.013369
-0.000137,0.000247,0.0127398,-0.000137,0.000247,0.0126818
-8e-06,0.000549,0.0126988,-8e-06,0.0005491,0.0126408
-5.7e-05,7e-05,0.0130318,-5.7e-05,7e-05,0.0129736
0.000329,0.000512,0.0127428,0.000329,0.0005121,0.0126848
0.000263,7.5e-05,0.0130958,0.000263,7.5e-05,0.0130375
-0.000263,0.000481,0.0127868,-0.000263,0.0004811,0.0127287
-0.000301,-3.4e-05,0.0128848,-0.000301,-3.4e-05,0.0128267
-0.002088,0.000373,0.0138508,-0.0020881,0.000373,0.0137915
-0.002134,0.00114,0.0129748,-0.0021342,0.0011401,0.0129165
0.001994,-0.000211,0.0187078,0.001994,-0.000211,0.0186478
0.00229,-0.000236,0.0186698,0.00229,-0.000236,0.0186098
0.000853,-0.000246,0.0194328,0.000853,-0.000246,0.0193728
0.000903,-0.000335,0.0197468,0.000903,-0.000335,0.0196868
-0.000649,0.001358,0.0051678,-0.0006495,0.0013591,0.0051264
-0.000263,0.001379,0.0051728,-0.0002632,0.0013802,0.0051315
-0.001063,0.001557,0.0054578,-0.0010639,0.0015584,0.0054152
-0.001447,0.001419,0.0059008,-0.0014484,0.0014204,0.0058567
-0.001071,0.001457,0.0057968,-0.001072,0.0014584,0.0057532
-0.001411,0.000787,0.0047968,-0.0014121,0.0007876,0.0047563
-0.001417,0.001072,0.0052418,-0.0014182,0.0010729,0.0051999
-0.002131,0.000746,0.0055258,-0.0021328,0.0007467,0.0054826
-0.001851,0.000726,0.0055698,-0.0018527,0.0007267,0.0055267
-0.002112,0.000657,0.0058258,-0.002114,0.0006576,0.0057818
-0.002256,0.001857,0.0062568,-0.002258,0.0018587,0.0062114
-0.001896,0.001933,0.0061698,-0.0018977,0.0019348,0.0061247
-0.002218,0.001836,0.0066178,-0.0022201,0.0018377,0.0065716
-0.000617,0.000308,0.0080908,-0.000618,0.0003085,0.0080399
-0.00014,0.000239,0.0093018,-0.0001401,0.0002391,0.009247
-5.8e-05,-0.000327,0.0091428,-5.81e-05,-0.0003272,0.0090882
4.6e-05,0.000129,0.0095988,4.6e-05,0.000129,0.0095435
-2.9e-05,0.000504,0.0096178,-2.9e-05,0.0005041,0.0095626
0.000367,0.000152,0.0096558,0.0003671,0.000152,0.0096005
-0.000129,-0.000334,0.0096238,-0.000129,-0.0003341,0.0095686
0.000112,-2e-06,0.0099718,0.000112,-2e-06,0.0099161
-0.000535,-0.000324,0.0096728,-0.0005352,-0.0003241,0.0096176
-0.000394,0.000281,0.0099848,-0.0003941,0.000281,0.0099291
0.000587,0.000249,0.0092968,0.0005873,0.0002491,0.0092423
0.00059,-0.000165,0.0096048,0.0005902,-0.0001651,0.0095497
0.000704,-1.4e-05,0.0099288,0.0007042,-1.4e-05,0.0098733
0.000297,0.00056,0.0096148,0.0002971,0.0005602,0.0095597
0.00021,0.000453,0.0099468,0.00021,0.0004531,0.0098912
0.000408,-3.9e-05,0.0093768,0.0004082,-3.9e-05,0.0093219
0.000234,-0.000342,0.0095358,0.0002341,-0.0003421,0.0094807
0.000355,0.000225,0.0100748,0.000355,0.000225,0.010019
-0.000591,0.000848,0.0083498,-0.0005918,0.0008492,0.0082987
-0.000594,0.000736,0.0086448,-0.0005947,0.0007369,0.0085926
0.000481,0.001264,0.0094918,0.0004813,0.0012649,0.0094381
0.000293,0.00094,0.0099808,0.0002931,0.0009403,0.0099254
-0.00028,0.000783,0.0077118,-0.0002805,0.0007842,0.0076625
-0.000283,-3e-05,0.0076498,-0.0002835,-3e-05,0.0076004
-0.000655,0.001179,0.0073448,-0.0006559,0.0011806,0.0072968
-0.002165,0.000689,0.0094998,-0.0021666,0.0006895,0.0094472
-0.00175,-9e-06,0.0091378,-0.0017515,-9e-06,0.0090855
-0.002116,0.000341,0.0096508,-0.0021175,0.0003412,0.0095978
-9.5e-05,0.000257,0.0099418,-9.5e-05,0.000257,0.0098861
-0.000162,0.000551,0.0099438,-0.000162,0.0005511,0.0098882
-8.9e-05,-0.000302,0.0100178,-8.9e-05,-0.000302,0.0099621
4.3e-05,0.000422,0.0102938,4.3e-05,0.0004221,0.0102377
0.000304,0.000109,0.0103038,0.000304,0.000109,0.0102477
0.000132,-0.000278,0.0103478,0.000132,-0.000278,0.0102916
2.9e-05,0.000152,0.0106268,2.9e-05,0.000152,0.0105704
-0.000257,-7.2e-05,0.0101218,-0.000257,-7.2e-05,0.0100659
-0.00248,0.001157,0.0088748,-0.0024819,0.0011579,0.0088237
-0.002207,0.001082,0.0089398,-0.0022088,0.0010829,0.0088885
-0.001015,-0.000793,0.0047868,-0.0010158,-0.0007936,0.0047466
-0.001764,-0.000402,0.0055018,-0.0017656,-0.0004023,0.0054591
-0.001471,-0.000384,0.0055998,-0.0014724,-0.0003844,0.0055572
-0.001406,-0.000265,0.0052028,-0.0014072,-0.0002652,0.0051614
-0.001338,-0.001153,0.0051338,-0.0013391,-0.0011539,0.0050922
-0.002183,-0.001268,0.0055378,-0.0021848,-0.0012691,0.0054944
-0.002887,-0.000436,0.0073268,-0.0028896,-0.0004364,0.0072789
0.000474,-0.000548,0.0092808,0.0004743,-0.0005483,0.0092264
0.000255,-0.000423,0.0099658,0.000255,-0.0004231,0.0099101
-0.001714,-0.001038,0.0095688,-0.0017153,-0.0010388,0.0095158
-0.001391,-0.001101,0.0095308,-0.0013921,-0.0011018,0.0094776
-0.001717,-0.000715,0.0092098,-0.0017184,-0.0007156,0.0091575
-0.002185,-0.001169,0.0095318,-0.0021866,-0.0011698,0.0094793
-0.001736,-0.001533,0.0054938,-0.0017375,-0.0015343,0.0054507
-0.001419,-0.001494,0.0055068,-0.0014203,-0.0014953,0.0054638
-0.001539,-0.001374,0.0060468,-0.0015405,-0.0013754,0.0060023
-0.001435,-0.001525,0.0052048,-0.0014362,-0.0015262,0.0051626
-0.001786,-0.001592,0.0058858,-0.0017877,-0.0015935,0.0058416
-0.00225,-0.001509,0.0058898,-0.002252,-0.0015103,0.0058454
-0.002503,-0.001802,0.0173268,-0.002503,-0.001802,0.0172668
-0.002198,-0.001942,0.0173318,-0.002198,-0.001942,0.0172718
-0.002914,-0.001472,0.0169368,-0.002914,-0.001472,0.0168768
-0.002909,-0.001177,0.0169748,-0.002909,-0.001177,0.0169148
-0.001428,-0.00228,0.0058618,-0.0014292,-0.002282,0.0058174
-0.001709,-0.001956,0.0060548,-0.0017106,-0.0019578,0.00601
-0.001428,-0.001969,0.0059988,-0.0014293,-0.0019708,0.0059543
-0.001681,-0.002689,0.0057608,-0.0016824,-0.0026912,0.0057165
-0.001432,-0.002581,0.0058458,-0.0014332,-0.0025832,0.0058014
0.001927,-0.001506,0.0054838,0.0019286,-0.0015073,0.0054406
0.002266,-0.001558,0.0055128,0.0022679,-0.0015593,0.0054693
0.001928,-0.00115,0.0054828,0.0019297,-0.001151,0.0054397
0.001944,-0.000786,0.0051528,0.0019455,-0.0007866,0.0051108
0.001553,-0.000491,0.0052698,0.0015543,-0.0004914,0.005228
0.001581,-0.001399,0.0058258,0.0015825,-0.0014003,0.0057819
0.001906,-0.001505,0.0058778,0.0019077,-0.0015064,0.0058335
0.001926,-0.002684,0.0058018,0.0019276,-0.0026862,0.0057573
0.002332,-0.002682,0.0059288,0.0023339,-0.0026842,0.005884
0.000109,0.001389,0.0188188,0.000109,0.001389,0.0187588
0.000437,0.001264,0.0187688,0.000437,0.001264,0.0187088
-0.000632,0.00137,0.0187898,-0.000632,0.00137,0.0187298
-0.000311,0.001378,0.0187918,-0.000311,0.001378,0.0187318
8.1e-05,0.002127,0.0180338,8.1e-05,0.002127,0.0179738
0.000433,0.002075,0.0180438,0.000433,0.002075,0.0179838
0.000138,0.002881,0.0173378,0.000138,0.002881,0.0172778
0.000484,0.002867,0.0173908,0.000484,0.002867,0.0173308
-0.000573,0.002833,0.0173928,-0.000573,0.002833,0.0173328
0.000625,0.002579,0.0183538,0.000625,0.002579,0.0182938
0.001249,0.000475,0.0047148,0.0012499,0.0004754,0.0046749
0.001961,-0.000358,0.0053728,0.0019627,-0.0003583,0.0053303
0.002217,-0.0003,0.0052418,0.0022188,-0.0003002,0.0051994
0.000499,0.001379,0.0055108,0.0004995,0.0013803,0.0054685
0.00079,0.001437,0.0055328,0.0007907,0.0014383,0.0054902
0.000589,0.00167,0.0054748,0.0005895,0.0016715,0.0054322
0.000121,0.001418,0.0051218,0.0001211,0.0014192,0.0050807
0.000455,0.001344,0.0051468,0.0004554,0.0013451,0.0051056
9.8e-05,0.001758,0.0054668,9.81e-05,0.0017596,0.0054243
0.000403,0.001807,0.0054758,0.0004034,0.0018086,0.0054331
0.000294,0.001936,0.0059138,0.0002943,0.0019379,0.0058698
-0.000245,0.001463,0.0055288,-0.0002452,0.0014644,0.0054864
0.000123,0.001405,0.0055058,0.0001231,0.0014063,0.0054636
0.00013,0.00137,0.0059398,0.0001301,0.0013715,0.0058963
0.000369,0.001387,0.0060268,0.0003694,0.0013885,0.005983
0.002352,-0.002079,0.0176548,0.002352,-0.002079,0.0175948
0.001899,-0.001608,0.0179868,0.001899,-0.001608,0.0179268
-0.001394,0.001868,0.0180138,-0.001394,0.001868,0.0179538
-0.001011,0.001359,0.0180248,-0.001011,0.001359,0.0179648
-0.001367,0.002126,0.0174328,-0.001367,0.002126,0.0173728
-0.00103,0.002068,0.0174448,-0.00103,0.002068,0.0173848
0.000473,-0.001522,0.0048498,0.0004733,-0.0015232,0.0048092
-0.00016,-0.001841,0.0052968,-0.0001601,-0.0018425,0.0052546
8.2e-05,-0.001974,0.0051628,8.21e-05,-0.0019756,0.0051209
0.000132,-0.001558,0.0051698,0.0001321,-0.0015593,0.0051283
0.000498,-0.001596,0.0052198,0.0004984,-0.0015973,0.0051781
0.000125,-0.001163,0.0051898,0.0001251,-0.0011641,0.0051487
0.001299,0.001754,0.0054788,0.0013001,0.0017555,0.0054358
0.001317,0.001422,0.0058388,0.0013183,0.0014234,0.005795
0.002661,0.001936,0.0062188,0.0026633,0.0019377,0.0061734
0.002407,0.001781,0.0069788,0.0024092,0.0017826,0.0069317
0.001979,0.002195,0.0176688,0.001979,0.002195,0.0176088
0.002326,0.002185,0.0176828,0.002326,0.002185,0.0176228
0.001901,0.00144,0.0179398,0.001901,0.00144,0.0178798
0.001583,0.002176,0.0172458,0.001583,0.002176,0.0171858
0.001917,0.002177,0.0172468,0.001917,0.002177,0.0171868
0.002312,0.001423,0.0173018,0.002312,0.001423,0.0172418
0.002772,0.001382,0.0173278,0.002772,0.001382,0.0172678
0.00232,0.001847,0.0166948,0.00232,0.001847,0.0166348
-0.002129,0.001844,0.0173378,-0.002129,0.001844,0.0172778
-0.002088,0.001485,0.0173548,-0.002088,0.001485,0.0172948
-0.001825,0.001367,0.0172898,-0.001825,0.001367,0.0172298
-0.002918,0.001414,0.0173088,-0.002918,0.001414,0.0172488
-0.002584,0.00141,0.0173848,-0.002584,0.00141,0.0173248
0.001947,-0.00071,0.0055388,0.0019487,-0.0007106,0.0054957
0.002315,-0.000662,0.0054908,0.002317,-0.0006626,0.0054476
-0.000557,-0.001543,0.0051458,-0.0005575,-0.0015443,0.0051043
-0.000231,-0.001559,0.0051568,-0.0002312,-0.0015603,0.0051154
-0.000438,-0.001295,0.0052468,-0.0004384,-0.0012961,0.0052054
-0.000632,-0.002163,0.0094368,-0.0006325,-0.0021646,0.0093843
-0.001025,-0.002649,0.0096448,-0.0010257,-0.0026508,0.0095923
-0.000666,-0.002665,0.0095958,-0.0006665,-0.0026668,0.0095433
0.000552,-0.000366,0.0040858,0.0005524,-0.0003662,0.0040479
-0.000602,-7.5e-05,0.0041258,-0.0006024,-7.51e-05,0.0040878
-0.000232,-8.8e-05,0.0040748,-0.0002322,-8.8e-05,0.0040369
-0.001378,-0.000365,0.0044048,-0.0013789,-0.0003652,0.0043655
-0.001099,9.9e-05,0.0048438,-0.0010999,9.91e-05,0.0048037
-0.001798,-5.5e-05,0.0055138,-0.0017996,-5.5e-05,0.0054711
-0.002892,-0.000333,0.0059018,-0.0028945,-0.0003333,0.0058572
-0.002507,0.000154,0.0062618,-0.0025094,0.0001542,0.0062165
-0.001061,-0.000295,0.0052758,-0.0010619,-0.0002953,0.0052346
-0.000745,-0.000232,0.0051588,-0.0007457,-0.0002322,0.005118
-0.001107,4.9e-05,0.0055568,-0.0011081,4.91e-05,0.0055148
-0.001418,0.000632,0.0058488,-0.0014194,0.0006326,0.0058054
-0.001031,5.3e-05,0.0062498,-0.0010323,5.3e-05,0.0062057
-0.003252,0.000278,0.0067108,-0.0032549,0.0002782,0.0066642
-0.002946,0.000274,0.0067268,-0.0029487,0.0002743,0.0066803
-0.002861,-0.000823,0.0064138,-0.0028636,-0.0008237,0.006368
-0.002494,-0.000875,0.0062878,-0.0024963,-0.0008758,0.0062424
-0.002496,-0.000105,0.0069908,-0.0024985,-0.0001051,0.0069437
-0.002518,-0.001812,0.0067678,-0.0025203,-0.0018137,0.0067211
-0.002205,-0.001825,0.0066128,-0.0022071,-0.0018267,0.0065666
-0.001819,-0.002168,0.0070198,-0.0018207,-0.00217,0.0069726
-0.002115,-0.002281,0.0072208,-0.0021169,-0.002283,0.0071731
-0.002234,0.001779,0.0044608,-0.0022355,0.0017801,0.0044199
-0.001396,-0.001244,0.0176778,-0.001396,-0.001244,0.0176178
-0.00109,-0.000796,0.0176308,-0.00109,-0.000796,0.0175708
-0.001434,-0.000491,0.0177098,-0.001434,-0.000491,0.0176498
-0.000612,-0.003142,0.0173858,-0.000612,-0.003142,0.0173258
-0.001517,-0.002752,0.0166738,-0.001517,-0.002752,0.0166138
-0.000285,-0.002108,0.0148138,-0.000285,-0.002108,0.0147539
-0.000642,-0.002174,0.0152518,-0.000642,-0.002174,0.0151918
-0.000653,-0.002683,0.0153228,-0.000653,-0.002683,0.0152628
0.001244,-0.001604,0.0180578,0.001244,-0.001604,0.0179978
0.001306,-0.002332,0.0172828,0.001306,-0.002332,0.0172228
0.001291,-0.001001,0.0190028,0.001291,-0.001001,0.0189428
8.7e-05,-0.001854,0.0181198,8.7e-05,-0.001854,0.0180598
0.00013,-0.001523,0.0181448,0.00013,-0.001523,0.0180848
0.00041,-0.001455,0.0179668,0.00041,-0.001455,0.0179068
0.000135,-0.002619,0.0173808,0.000135,-0.002619,0.0173208
0.001276,0.001067,0.0182908,0.001276,0.001067,0.0182308
0.0012,0.001188,0.0160358,0.0012,0.001188,0.0159758
0.000851,0.001078,0.0161938,0.000851,0.001078,0.0161338
0.000868,0.000426,0.0166468,0.000868,0.000426,0.0165868
0.000895,0.000339,0.0169348,0.000895,0.000339,0.0168748
0.000521,0.001108,0.0161798,0.000521,0.001108,0.0161198
0.000532,0.000619,0.0166138,0.000532,0.000619,0.0165538
0.002342,0.001476,0.0166978,0.002342,0.001476,0.0166378
0.002319,0.00081,0.0152498,0.002319,0.00081,0.0151898
0.002317,0.000374,0.0152938,0.002317,0.000374,0.0152338
0.001984,0.001052,0.0146718,0.001984,0.001052,0.0146119
0.001999,0.000315,0.0154188,0.001999,0.000315,0.0153588
0.001326,0.00046,0.0187858,0.001326,0.00046,0.0187258
0.001323,0.000347,0.0190798,0.001323,0.000347,0.0190198
0.002817,0.000351,0.0176768,0.002817,0.000351,0.0176168
0.002689,-0.000224,0.0172648,0.002689,-0.000224,0.0172048
0.002859,-0.000299,0.0175988,0.002859,-0.000299,0.0175388
-0.00182,-0.001551,0.0171128,-0.00182,-0.001551,0.0170528
-0.002064,-0.001324,0.0170408,-0.002064,-0.001324,0.0169808
-0.001389,-0.000395,0.0180928,-0.001389,-0.000395,0.0180328
-0.001771,-0.000832,0.0171058,-0.001771,-0.000832,0.0170458
-0.002136,-0.000486,0.0170738,-0.002136,-0.000486,0.0170138
-0.002152,-0.000397,0.0173488,-0.002152,-0.000397,0.0172888
-0.00291,-0.000812,0.0166698,-0.00291,-0.000812,0.0166098
-0.002519,-0.000833,0.0166488,-0.002519,-0.000833,0.0165888
-0.001705,0.001019,0.0181728,-0.001705,0.001019,0.0181128
0.002349,-0.001579,0.0172938,0.002349,-0.001579,0.0172338
0.002368,-0.001611,0.0165908,0.002368,-0.001611,0.0165308
0.002589,-0.00082,0.0147988,0.002589,-0.00082,0.0147389
0.001839,-0.001084,0.0147978,0.001839,-0.001084,0.0147379
0.002174,-0.000845,0.0151708,0.002174,-0.000845,0.0151108
0.002254,-0.001497,0.0148868,0.002254,-0.001497,0.0148269
0.001834,-0.000782,0.0180638,0.001834,-0.000782,0.0180038
-0.000633,0.001801,0.0055628,-0.0006336,0.0018026,0.0055198
-0.000294,0.001757,0.0055058,-0.0002943,0.0017586,0.0054632
-0.001125,0.002894,0.0065558,-0.001126,0.0028966,0.0065096
-0.00074,0.002873,0.0066258,-0.0007407,0.0028756,0.0065795
-0.000329,-0.000833,0.0185688,-0.000329,-0.000833,0.0185088
0.00185,0.002089,0.0165978,0.00185,0.002089,0.0165378
0.000874,0.002575,0.0169498,0.000874,0.002575,0.0168898
0.001173,0.001668,0.0148058,0.001173,0.001668,0.0147459
0.000883,0.002369,0.0148788,0.000883,0.002369,0.0148189
0.00048,0.001885,0.0148688,0.00048,0.001885,0.0148089
0.000151,0.001804,0.0153118,0.000151,0.001804,0.0152518
0.000833,0.00128,0.0148598,0.000833,0.00128,0.0147999
0.001289,0.001373,0.0149038,0.001289,0.001373,0.0148439
0.000891,0.001589,0.0148648,0.000891,0.001589,0.0148049
0.000954,0.001378,0.0151658,0.000954,0.001378,0.0151058
0.000886,0.001815,0.0155328,0.000886,0.001815,0.0154728
0.000514,0.002352,0.0148468,0.000514,0.002352,0.0147869
0.000497,0.001777,0.0155378,0.000497,0.001777,0.0154778
-0.003244,0.000326,0.0074398,-0.0032468,0.0003263,0.0073917
-0.002909,0.000258,0.0073568,-0.0029117,0.0002583,0.0073088
-0.002143,-0.00149,0.0062788,-0.002145,-0.0014914,0.0062335
-0.001784,-0.001517,0.0062528,-0.0017857,-0.0015185,0.0062076
-0.001695,-0.001816,0.0174828,-0.001695,-0.001816,0.0174228
-0.000959,0.001127,0.0053458,-0.0009599,0.001128,0.005304
-0.00143,0.001023,0.0058598,-0.0014315,0.001024,0.0058161
-0.002917,0.000717,0.0069758,-0.0029197,0.0007176,0.0069287
-0.002546,0.000749,0.0069758,-0.0025485,0.0007497,0.0069287
-0.002494,-0.001727,0.0167258,-0.002494,-0.001727,0.0166658
-0.002947,-0.001508,0.0161918,-0.002947,-0.001508,0.0161318
-0.002915,-0.001257,0.0163268,-0.002915,-0.001257,0.0162668
-0.0003,0.001443,0.0180088,-0.0003,0.001443,0.0179488
-0.001457,0.001771,0.0173418,-0.001457,0.001771,0.0172818
-0.00107,0.001379,0.0172918,-0.00107,0.001379,0.0172318
-0.002098,0.001398,0.0166588,-0.002098,0.001398,0.0165988
-0.002907,0.001488,0.0165948,-0.002907,0.001488,0.0165348
0.001597,0.002647,0.0061968,0.0015984,0.0026493,0.0061515
0.001883,0.002525,0.0062628,0.0018847,0.0025272,0.0062173
0.001597,0.002517,0.0065698,0.0015985,0.0025193,0.0065236
0.000488,0.001327,0.0180928,0.000488,0.001327,0.0180328
0.000145,0.00177,0.0179768,0.000145,0.00177,0.0179168
4.8e-05,0.002879,0.0166808,4.8e-05,0.002879,0.0166208
0.000438,0.002798,0.0166198,0.000438,0.002798,0.0165598
-0.000649,0.002531,0.0174208,-0.000649,0.002531,0.0173608
0.000142,0.002099,0.0166878,0.000142,0.002099,0.0166278
0.000516,0.002013,0.0166038,0.000516,0.002013,0.0165438
0.000138,0.001828,0.0144538,0.000138,0.001828,0.014394
-0.00147,0.0018,0.0148828,-0.00147,0.0018,0.0148229
-0.001113,0.001785,0.0148318,-0.001113,0.001785,0.0147719
-0.001095,0.001454,0.0149698,-0.001095,0.001454,0.0149099
-0.000793,0.001423,0.0151298,-0.000793,0.001423,0.0150698
0.002295,-0.001901,0.0168738,0.002295,-0.001901,0.0168138
-0.000717,0.002505,0.0065578,-0.0007177,0.0025074,0.0065117
-0.001063,0.002966,0.0061868,-0.0010639,0.0029686,0.0061415
-0.000803,0.002885,0.0062028,-0.0008037,0.0028875,0.0061575
-0.001434,0.00205,0.0070308,-0.0014354,0.0020521,0.0069836
-0.001128,0.002082,0.0070238,-0.0011292,0.0020841,0.0069766
-0.000654,0.002493,0.0069108,-0.0006546,0.0024954,0.0068639
-0.00035,0.002524,0.0069048,-0.0003503,0.0025265,0.0068579
-0.00055,0.002446,0.0071778,-0.0005505,0.0024484,0.0071302
-0.001081,0.002852,0.0069278,-0.001082,0.0028546,0.0068808
-0.000744,0.002841,0.0069228,-0.0007447,0.0028437,0.0068758
-0.00077,0.002522,0.0073138,-0.0007707,0.0025244,0.0072659
-0.00148,0.002527,0.0076378,-0.0014813,0.0025292,0.0075892
-0.001171,0.002515,0.0076308,-0.0011721,0.0025173,0.0075822
-0.001424,0.002501,0.0079648,-0.0014252,0.0025031,0.0079155
-0.000347,0.002159,0.0091978,-0.0003473,0.0021607,0.0091458
0.000164,0.001805,0.0091208,0.0001641,0.0018066,0.0090686
0.000525,0.001761,0.0090748,0.0005255,0.0017625,0.0090227
0.000138,0.00185,0.0094688,0.0001381,0.0018515,0.0094159
-0.00143,0.001865,0.0090748,-0.0014311,0.0018665,0.0090231
-0.001131,0.001851,0.0090988,-0.0011319,0.0018525,0.009047
-0.001416,0.001827,0.0094458,-0.0014171,0.0018284,0.0093933
-0.000565,0.001772,0.0098058,-0.0005654,0.0017732,0.0097521
-0.000696,0.001371,0.0093248,-0.0006966,0.0013721,0.0092718
0.000561,0.001025,0.0101308,0.0005612,0.0010253,0.0100753
0.000534,0.001345,0.0101678,0.0005342,0.0013455,0.0101126
0.000331,0.001243,0.0107188,0.0003311,0.0012432,0.0106625
0.000466,0.000703,0.0102148,0.0004661,0.0007031,0.0101589
0.000323,0.000447,0.0103958,0.0003231,0.0004471,0.0103396
-0.000333,0.001007,0.0108718,-0.0003331,0.0010071,0.0108153
-0.000141,0.00092,0.0107478,-0.000141,0.0009201,0.0106914
-8.3e-05,0.000898,0.0113908,-8.3e-05,0.0008981,0.0113338
9e-06,0.001149,0.0106628,9e-06,0.0011492,0.0106065
-0.000119,0.001219,0.0114368,-0.000119,0.0012191,0.0113797
9e-06,0.000755,0.0110128,9e-06,0.0007551,0.0109562
0.000338,0.000822,0.0110578,0.000338,0.0008221,0.0110011
-0.000332,0.000788,0.0111468,-0.000332,0.0007881,0.0110901
-0.000469,0.001237,0.0111108,-0.0004691,0.0012372,0.0110541
-9.7e-05,0.001119,0.0110708,-9.7e-05,0.0011191,0.0110142
-0.00027,0.000666,0.0108618,-0.00027,0.0006661,0.0108053
-0.000228,-0.001838,0.0059828,-0.0002282,-0.0018399,0.0059387
0.000114,-0.001834,0.0058948,0.0001141,-0.0018358,0.0058509
0.000118,-0.002584,0.0058958,0.0001181,-0.0025863,0.0058514
0.001167,-0.001531,0.0054798,0.001168,-0.0015324,0.0054371
0.000955,-0.001214,0.0054978,0.0009559,-0.0012151,0.0054555
-0.000214,-0.001064,0.0055728,-0.0002142,-0.0010651,0.0055308
0.000139,-0.001127,0.0055638,0.0001392,-0.0011281,0.0055217
-0.000373,-0.00153,0.0058558,-0.0003734,-0.0015316,0.0058124
0.000491,-0.001479,0.0062598,0.0004915,-0.0014807,0.0062151
0.000894,-0.000212,0.0073098,0.0008953,-0.0002123,0.0072619
0.001292,-0.000353,0.0074908,0.0012937,-0.0003535,0.0074423
0.001048,-0.000248,0.0076268,0.0010495,-0.0002483,0.0075778
0.001261,-0.000753,0.0077658,0.0012625,-0.0007539,0.0077166
0.001036,-0.000728,0.0079828,0.0010373,-0.0007289,0.0079329
0.000535,-0.000454,0.0076658,0.0005359,-0.0004547,0.0076166
0.000121,-0.000743,0.0078188,0.0001212,-0.0007442,0.007769
0.000423,-0.000791,0.0078318,0.0004237,-0.0007922,0.0077821
-6.8e-05,-0.002578,0.0068998,-6.81e-05,-0.0025805,0.0068529
0.000129,-0.002517,0.0066188,0.0001291,-0.0025195,0.0065726
0.001022,-0.00265,0.0069488,0.001023,-0.0026525,0.0069017
0.000961,-0.003093,0.0073028,0.0009618,-0.0030957,0.0072549
0.000496,-0.002091,0.0069498,0.0004965,-0.0020932,0.0069028
0.000128,-0.002676,0.0073528,0.0001281,-0.0026785,0.0073048
0.000898,-0.001829,0.0088688,0.0008988,-0.0018306,0.0088173
0.000984,-0.001555,0.0086918,0.0009849,-0.0015565,0.0086406
0.000929,-0.002618,0.0095368,0.0009296,-0.0026198,0.0094844
0.000489,-0.002271,0.0090788,0.0004894,-0.0022728,0.0090271
0.000104,-0.002259,0.0094038,0.0001041,-0.0022607,0.0093514
0.000639,-0.002271,0.0097308,0.0006394,-0.0022726,0.0096778
0.000252,-0.000281,0.0107548,0.000252,-0.000281,0.0106983
0.000151,-0.000824,0.0052568,0.0001511,-0.0008248,0.0052158
0.00048,-0.000785,0.0051538,0.0004805,-0.0007857,0.005113
0.000115,-0.000369,0.0052358,0.0001151,-0.0003695,0.0051949
0.000152,-0.00144,0.0054558,0.0001521,-0.0014413,0.0054137
-0.000623,-0.000823,0.0052408,-0.0006236,-0.0008238,0.0051997
-0.000253,-0.000833,0.0052738,-0.0002533,-0.0008338,0.0052328
-0.000601,-0.000505,0.0052998,-0.0006016,-0.0005055,0.0052587
0.001373,0.000333,0.0081758,0.0013746,0.0003334,0.0081254
0.000495,0.000438,0.0100848,0.0004951,0.0004381,0.0100291
0.000433,-0.000107,0.0101428,0.0004331,-0.000107,0.0100869
0.000538,0.001136,0.0076628,0.0005387,0.0011375,0.0076138
0.000442,0.000739,0.0076958,0.0004427,0.0007402,0.0076466
0.002788,0.001067,0.0068738,0.0027906,0.001068,0.0068269
0.002297,0.000985,0.0069168,0.0022993,0.000986,0.0068699
0.002381,0.001352,0.0072908,0.0023833,0.0013533,0.0072429
0.002676,0.000647,0.0090918,0.002678,0.0006475,0.0090402
0.002347,0.000766,0.0094838,0.0023487,0.0007666,0.0094313
0.002335,0.000339,0.0096198,0.0023367,0.0003392,0.009567
0.001658,0.001291,0.0089618,0.0016594,0.0012921,0.0089102
0.00225,0.00102,0.0088638,0.0022518,0.0010208,0.0088126
0.001952,0.000702,0.0095598,0.0019534,0.0007025,0.0095069
0.00121,0.001777,0.0061488,0.0012112,0.0017788,0.006104
0.0015,0.001867,0.0062138,0.0015014,0.0018688,0.0061687
0.00181,0.001875,0.0062198,0.0018117,0.0018767,0.0061746
0.001887,0.001959,0.0067198,0.0018888,0.0019609,0.0066733
0.001946,0.001405,0.0069908,0.001948,0.0014064,0.0069436
0.00231,0.001389,0.0069328,0.0023122,0.0013904,0.0068858
0.001888,0.001756,0.0070048,0.0018899,0.0017577,0.0069576
0.001575,0.00178,0.0072338,0.0015766,0.0017818,0.007186
0.000115,0.002603,0.0061568,0.0001151,0.0026054,0.0061118
3.6e-05,0.00256,0.0065158,3.6e-05,0.0025625,0.0064699
-0.000245,0.002641,0.0065778,-0.0002452,0.0026436,0.0065317
0.001559,0.001459,0.0173608,0.001559,0.001459,0.0173008
0.001929,0.001427,0.0173218,0.001929,0.001427,0.0172618
0.001587,-0.000481,0.0058158,0.0015886,-0.0004815,0.0057723
0.002794,-0.000474,0.0068878,0.0027967,-0.0004745,0.0068409
0.000813,-0.000245,0.0052268,0.0008138,-0.0002452,0.0051858
0.002726,-0.001005,0.0065798,0.0027285,-0.001006,0.0065336
0.002728,-0.00117,0.0069638,0.0027305,-0.0011711,0.0069167
0.002796,-0.000821,0.0070118,0.0027986,-0.0008218,0.0069646
0.002632,-0.000878,0.0073768,0.0026344,-0.0008788,0.0073287
0.002706,-0.000434,0.0076588,0.0027085,-0.0004344,0.0076101
0.002688,-0.00115,0.0076508,0.0026904,-0.001151,0.0076021
0.002712,-0.000805,0.0091518,0.002714,-0.0008056,0.0091002
0.002275,-0.00083,0.0100058,0.0022764,-0.0008305,0.0099523
0.00206,-0.001058,0.0100738,0.0020613,-0.0010586,0.0100201
0.00189,-0.001473,0.0091638,0.0018915,-0.0014741,0.0091119
0.00227,-0.001487,0.0091048,0.0022717,-0.0014881,0.0090532
0.002081,-0.001457,0.0088268,0.0020827,-0.0014582,0.0087757
0.002249,-0.001926,0.0161708,0.002249,-0.001926,0.0161108
-0.001332,-0.00219,0.0062088,-0.0013332,-0.002192,0.0061636
-0.0014,-0.002259,0.0065178,-0.0014013,-0.0022612,0.0064718
-0.001395,-0.002637,0.0062118,-0.0013962,-0.0026393,0.0061665
-0.001445,-0.001908,0.0066318,-0.0014465,-0.0019099,0.0065856
-0.001701,-0.002574,0.0065758,-0.0017025,-0.0025763,0.0065296
-0.001388,-0.002561,0.0065778,-0.0013893,-0.0025633,0.0065316
-0.002537,-0.001888,0.0075598,-0.0025392,-0.0018896,0.0075114
-0.002212,-0.001815,0.0073418,-0.002214,-0.0018167,0.0072938
-0.002069,-0.002094,0.0076698,-0.0020708,-0.0020958,0.0076211
-0.001755,-0.002195,0.0076678,-0.0017566,-0.002197,0.0076191
0.001377,0.002502,0.0068938,0.0013783,0.0025044,0.0068469
0.001271,0.002144,0.0069238,0.0012723,0.0021461,0.0068768
0.001233,0.002091,0.0072328,0.0012342,0.0020931,0.007185
0.000913,0.00246,0.0068798,0.0009139,0.0024624,0.0068329
0.000903,0.002143,0.0068968,0.0009039,0.0021452,0.0068499
0.000862,0.002076,0.0072208,0.0008629,0.0020782,0.0071731
0.001582,0.002128,0.0073698,0.0015835,0.00213,0.0073217
0.001931,0.002107,0.0073688,0.0019328,0.0021089,0.0073208
0.000872,0.002528,0.0087828,0.0008727,0.00253,0.0087318
0.001273,0.002371,0.0088638,0.001274,0.0023729,0.0088127
0.001262,0.002032,0.0091428,0.001263,0.0020336,0.009091
0.000912,0.002363,0.0091468,0.0009127,0.0023648,0.0090951
0.001001,0.002097,0.0093968,0.0010018,0.0020986,0.0093444
0.000908,0.001366,0.0090748,0.0009088,0.0013672,0.0090226
0.001259,0.001377,0.0091188,0.0012601,0.0013782,0.0090666
0.00091,0.001687,0.0091088,0.0009108,0.0016885,0.0090567
0.001009,0.001435,0.0093548,0.0010098,0.0014362,0.009302
0.000897,0.001723,0.0098288,0.0008976,0.0017242,0.0097752
0.000553,0.002591,0.0087868,0.0005534,0.0025931,0.0087358
0.000473,0.002568,0.0090948,0.0004734,0.00257,0.0090432
0.000529,0.001842,0.0098028,0.0005294,0.0018433,0.0097492
0.002276,-0.001924,0.0062288,0.002278,-0.0019257,0.0061835
0.002628,-0.001971,0.0062048,0.0026303,-0.0019727,0.0061594
0.002271,-0.001657,0.0066898,0.0022732,-0.0016586,0.0066434
0.00187,-0.002633,0.0065728,0.0018717,-0.0026353,0.0065266
0.002288,-0.002677,0.0066228,0.00229,-0.0026793,0.0065764
0.001343,-0.002365,0.0166508,0.001343,-0.002365,0.0165908
-4.6e-05,-0.00101,0.0180378,-4.6e-05,-0.00101,0.0179778
8.2e-05,-0.001754,0.0172988,8.2e-05,-0.001754,0.0172388
-0.001023,-0.00145,0.0170078,-0.001023,-0.00145,0.0169478
-0.001405,-0.001111,0.0169878,-0.001405,-0.001111,0.0169278
0.000133,-0.000359,0.0144628,0.000133,-0.000359,0.0144031
0.000438,-0.000448,0.0128718,0.0004381,-0.000448,0.0128137
0.000615,-0.000728,0.0129748,0.0006151,-0.0007281,0.0129166
0.000316,-0.000261,0.0131688,0.000316,-0.000261,0.0131105
0.000608,-0.000202,0.0138748,0.000608,-0.000202,0.0138156
0.000343,-0.000245,0.0138978,0.000343,-0.000245,0.0138386
-0.000292,-0.00182,0.0131788,-0.000292,-0.0018202,0.0131203
3.7e-05,-0.001836,0.0130618,3.7e-05,-0.0018362,0.0130034
-0.000281,-0.002171,0.0134048,-0.000281,-0.0021711,0.013346
-0.000652,-0.002173,0.0137468,-0.000652,-0.0021731,0.0136876
-0.000962,-0.00231,0.0138098,-0.000962,-0.0023101,0.0137505
-0.001044,-0.002665,0.0139718,-0.001044,-0.0026651,0.0139123
-0.000732,-0.00259,0.0138628,-0.000732,-0.0025901,0.0138034
-0.001644,-0.001849,0.0167038,-0.001644,-0.001849,0.0166438
-0.002121,-0.00157,0.0164108,-0.002121,-0.00157,0.0163508
-0.001808,-0.001521,0.0162808,-0.001808,-0.001521,0.0162208
-0.002125,-0.001179,0.0162638,-0.002125,-0.001179,0.0162038
-0.001381,-0.002642,0.0159398,-0.001381,-0.002642,0.0158798
-0.001365,-0.002608,0.0152108,-0.001365,-0.002608,0.0151508
0.001415,-0.000308,0.0179238,0.001415,-0.000308,0.0178638
0.001331,-0.000422,0.0182658,0.001331,-0.000422,0.0182058
0.000897,-0.000224,0.0179598,0.000897,-0.000224,0.0178998
0.000854,-0.000369,0.0182668,0.000854,-0.000369,0.0182068
0.001947,-0.00026,0.0172798,0.001947,-0.00026,0.0172198
0.002211,-0.000194,0.0172698,0.002211,-0.000194,0.0172098
-0.001747,-0.001058,0.0138528,-0.0017471,-0.001058,0.0137935
-0.001446,-0.001165,0.0138038,-0.0014461,-0.001165,0.0137446
-0.001747,-0.000641,0.0135578,-0.0017471,-0.000641,0.0134988
-0.002449,-0.001059,0.0138488,-0.0024491,-0.001059,0.0137894
-0.002117,-0.001093,0.0137968,-0.0021171,-0.001093,0.0137375
-0.00207,-0.0003,0.0165998,-0.00207,-0.0003,0.0165398
-0.000917,-0.000404,0.0188648,-0.000917,-0.000404,0.0188048
-0.002786,-0.000361,0.0158278,-0.002786,-0.000361,0.0157678
-0.002562,-0.000833,0.0159758,-0.002562,-0.000833,0.0159158
-0.002808,0.000349,0.0159018,-0.002808,0.000349,0.0158418
-0.002807,0.000371,0.0151608,-0.002807,0.000371,0.0151008
6.4e-05,0.001052,0.0144748,6.4e-05,0.001052,0.014415
-0.00031,0.000798,0.0148198,-0.00031,0.000798,0.0147599
-0.000705,0.00069,0.0152038,-0.000705,0.00069,0.0151438
-0.00027,-6e-06,0.0147218,-0.00027,-6e-06,0.0146619
-0.000707,0.000367,0.0153398,-0.000707,0.000367,0.0152798
-0.001022,0.001039,0.0147368,-0.001022,0.001039,0.0146769
-0.000747,0.001106,0.0146748,-0.000747,0.001106,0.014615
-0.002453,0.000989,0.0167578,-0.002453,0.000989,0.0166978
-0.002144,0.001048,0.0166998,-0.002144,0.001048,0.0166398
-0.000675,0.001103,0.0181248,-0.000675,0.001103,0.0180648
7.5e-05,0.001391,0.0173358,7.5e-05,0.001391,0.0172758
0.000541,0.002563,0.0169658,0.000541,0.002563,0.0169058
-0.001434,-0.00211,0.0069358,-0.0014354,-0.0021121,0.0068888
-0.001116,-0.002092,0.0069438,-0.0011171,-0.0020941,0.0068968
-0.001355,-0.002163,0.0072758,-0.0013563,-0.0021651,0.0072279
-0.001713,-0.001173,0.0067468,-0.0017148,-0.0011743,0.0067004
-0.001412,-0.001132,0.0066758,-0.0014136,-0.0011333,0.0066297
-0.00188,-0.001477,0.0068878,-0.0018819,-0.0014785,0.0068409
-0.001412,-0.002561,0.0069458,-0.0014133,-0.0025634,0.0068988
-0.00175,-0.002537,0.0072968,-0.0017516,-0.0025393,0.007249
-0.001424,-0.002593,0.0073048,-0.0014253,-0.0025954,0.0072569
-0.001952,-0.00293,0.0048398,-0.0019534,-0.0029321,0.0047976
-0.00155,-0.002953,0.0048128,-0.0015511,-0.0029551,0.0047707
-0.001332,-0.000381,0.0065768,-0.0013337,-0.0003815,0.0065313
0.000422,-0.000542,0.0107598,0.0004221,-0.0005421,0.0107033
-9.1e-05,-0.000376,0.0107398,-9.1e-05,-0.000376,0.0106834
0.000266,-0.000302,0.0113688,0.000266,-0.000302,0.0113118
0.000369,-0.000255,0.0111198,0.000369,-0.000255,0.0110631
0.000692,-0.000188,0.0110928,0.0006921,-0.000188,0.0110361
1.9e-05,-0.000223,0.0110868,1.9e-05,-0.000223,0.0110301
0.000357,8.7e-05,0.0111208,0.000357,8.7e-05,0.0110641
0.000642,-0.000683,0.0114318,0.0006421,-0.0006831,0.0113747
1.8e-05,-0.000663,0.0112938,1.8e-05,-0.0006631,0.0112369
-0.000425,-0.000273,0.0106758,-0.0004251,-0.000273,0.0106194
-0.000129,-0.000266,0.0113968,-0.000129,-0.000266,0.0113398
-4.5e-05,-0.000749,0.0110228,-4.5e-05,-0.0007491,0.0109662
-0.000323,-0.000334,0.0109258,-0.000323,-0.000334,0.0108693
0.000116,4.2e-05,0.0113368,0.000116,4.2e-05,0.0112799
-0.00011,0.000548,0.0113928,-0.00011,0.0005481,0.0113358
3.7e-05,7.5e-05,0.0109688,3.7e-05,7.5e-05,0.0109122
-3.6e-05,0.000439,0.0110548,-3.6e-05,0.0004391,0.0109982
-0.000322,-4.9e-05,0.0108748,-0.000322,-4.9e-05,0.0108183
-0.000423,0.000369,0.0113318,-0.000423,0.000369,0.0112749
-0.001003,-0.000401,0.0090678,-0.0010039,-0.0004014,0.0090146
-0.00125,-0.000701,0.0099058,-0.0012506,-0.0007013,0.0098511
-0.00063,-0.001078,0.0095698,-0.0006304,-0.0010787,0.0095156
-0.001405,-0.000271,0.0102258,-0.0014055,-0.0002711,0.0101704
-0.001767,-0.00115,0.0111628,-0.0017675,-0.0011503,0.0111065
-0.000749,-0.001097,0.0112868,-0.0007491,-0.0010971,0.01123
-0.0012,0.000339,0.0115158,-0.0012001,0.000339,0.0114586
-0.000886,0.000127,0.0117538,-0.0008861,0.000127,0.0116963
-0.000539,0.000169,0.0117128,-0.000539,0.000169,0.0116554
-0.001059,1.5e-05,0.0115208,-0.0010591,1.5e-05,0.0114636
-0.000994,-0.000687,0.0120738,-0.0009941,-0.0006871,0.012016
-0.001146,-0.000325,0.0121268,-0.0011461,-0.000325,0.012069
-0.000403,-0.000286,0.0121448,-0.000403,-0.000286,0.0120869
-0.002096,-0.000325,0.0101648,-0.0020973,-0.0003252,0.0101107
-0.002501,-0.000518,0.0105048,-0.0025024,-0.0005183,0.0104504
-0.002147,-0.001199,0.0108528,-0.002148,-0.0011996,0.0107976
-0.002208,0.001803,0.0069928,-0.0022101,0.0018047,0.0069456
-0.001913,0.001765,0.0069098,-0.0019149,0.0017667,0.0068628
-0.002215,0.001825,0.0073218,-0.0022171,0.0018267,0.0072739
-0.001391,0.001116,0.0062098,-0.0013925,0.0011172,0.0061651
-0.001052,0.001029,0.0061498,-0.0010532,0.0010301,0.0061056
-0.001015,0.00067,0.0061978,-0.0010162,0.0006708,0.0061536
-0.001415,0.000689,0.0066038,-0.0014167,0.0006898,0.006558
-0.002178,0.001138,0.0069618,-0.0021802,0.0011392,0.0069147
-0.001833,0.001167,0.0068978,-0.0018349,0.0011682,0.0068509
-0.002139,0.000724,0.0069168,-0.0021412,0.0007247,0.0068699
-0.001835,0.00078,0.0069168,-0.001837,0.0007809,0.0068699
-0.002129,0.00066,0.0072778,-0.0021312,0.0006607,0.0072299
-0.002882,0.000683,0.0076608,-0.0028845,0.0006836,0.0076121
-0.002977,0.000678,0.0080478,-0.0029794,0.0006785,0.0079984
0.000468,-0.001503,0.0170128,0.000468,-0.001503,0.0169528
9.9e-05,-0.001158,0.0169388,9.9e-05,-0.001158,0.0168788
0.002305,0.002173,0.0161748,0.002305,0.002173,0.0161148
0.001633,0.001497,0.0166378,0.001633,0.001497,0.0165778
0.00189,0.001454,0.0165828,0.00189,0.001454,0.0165228
0.002441,0.001387,0.0159878,0.002441,0.001387,0.0159278
0.002767,0.001398,0.0159368,0.002767,0.001398,0.0158768
-0.000647,0.0014,0.0174208,-0.000647,0.0014,0.0173608
-0.000716,0.0029,0.0159698,-0.000716,0.0029,0.0159098
-0.000346,0.002856,0.0159048,-0.000346,0.002856,0.0158448
-0.002546,-0.001811,0.0159698,-0.002546,-0.001811,0.0159098
-0.002204,-0.00192,0.0159708,-0.002204,-0.00192,0.0159108
-0.002534,-0.001866,0.0152948,-0.002534,-0.001866,0.0152348
-0.003046,-0.001561,0.0154778,-0.003046,-0.001561,0.0154178
-0.002728,-0.001633,0.0156458,-0.002728,-0.001633,0.0155858
-0.002271,-0.001747,0.0079968,-0.0022729,-0.0017485,0.0079474
0.000131,-0.001822,0.0066078,0.0001311,-0.001824,0.0065619
0.001288,-0.001149,0.0061368,0.0012894,-0.0011502,0.0060923
0.001391,-0.00147,0.0061548,0.0013925,-0.0014715,0.00611
0.001292,-0.001527,0.0065598,0.0012934,-0.0015287,0.0065139
0.001018,-0.001183,0.0061278,0.0010191,-0.0011843,0.0060835
0.001016,-0.001467,0.0064908,0.0010171,-0.0014687,0.0064452
0.001318,-0.001859,0.0067578,0.0013193,-0.0018609,0.0067113
0.001407,-0.002291,0.0074338,0.0014083,-0.0022932,0.0073856
0.002886,0.000349,0.0072888,0.0028887,0.0003493,0.007241
0.002756,0.000308,0.0076358,0.0027585,0.0003083,0.0075871
0.00134,0.000297,0.0059328,0.0013414,0.0002973,0.0058893
0.001333,0.000299,0.0062178,0.0013345,0.0002993,0.0061734
0.001903,0.001011,0.0069308,0.001905,0.0010121,0.0068838
0.000579,0.002659,0.0065708,0.0005795,0.0026615,0.0065247
0.000493,0.002565,0.0068478,0.0004935,0.0025675,0.006801
0.000138,0.00258,0.0069108,0.0001381,0.0025825,0.0068638
9.6e-05,0.002565,0.0072678,9.61e-05,0.0025675,0.00722
0.000139,0.001859,0.0068608,0.0001392,0.0018611,0.0068141
0.000106,0.001877,0.0072328,0.0001061,0.0018791,0.0071851
0.000175,0.002503,0.0076518,0.0001752,0.0025054,0.0076031
9.5e-05,0.002508,0.0079738,9.51e-05,0.0025103,0.0079244
0.001248,0.001398,0.0069808,0.0012494,0.0013996,0.0069338
0.001207,0.001719,0.0069348,0.0012083,0.0017209,0.0068879
0.00125,0.001383,0.0072498,0.0012514,0.0013846,0.007202
0.000873,0.001401,0.0072548,0.0008741,0.0014027,0.0072071
-0.001235,-0.001466,0.0166368,-0.001235,-0.001466,0.0165768
-0.001703,-0.001816,0.0159298,-0.001703,-0.001816,0.0158698
-0.001395,-0.001886,0.0159028,-0.001395,-0.001886,0.0158428
-0.001765,-0.001727,0.0152228,-0.001765,-0.001727,0.0151628
-0.001455,-0.001826,0.0151848,-0.001455,-0.001826,0.0151248
-0.001828,-0.001588,0.0156038,-0.001828,-0.001588,0.0155438
0.002269,-0.001404,0.0069388,0.0022712,-0.0014054,0.0068918
0.002288,-0.001817,0.0069448,0.0022901,-0.0018187,0.0068977
0.00261,-0.001915,0.0068998,0.0026123,-0.0019167,0.0068528
0.002252,-0.001749,0.0074058,0.0022541,-0.0017506,0.0073577
-0.002834,-1.5e-05,0.0077288,-0.0028365,-1.5e-05,0.00768
-0.002504,3.3e-05,0.0077178,-0.0025064,3.3e-05,0.0076689
-0.002878,-0.000513,0.0077488,-0.0028805,-0.0005134,0.0077
-0.002939,0.000291,0.0081158,-0.0029414,0.0002912,0.0080662
-0.001049,0.001391,0.0069548,-0.0010502,0.0013927,0.0069079
-0.001442,0.00172,0.0069278,-0.0014435,0.0017218,0.0068809
-0.001086,0.001723,0.0069328,-0.0010872,0.0017249,0.0068859
-0.000252,-0.002063,0.0070278,-0.0002523,-0.0020652,0.0069806
-0.000588,-0.002224,0.0072868,-0.0005886,-0.0022262,0.0072389
-0.001447,-0.00037,0.0165938,-0.001447,-0.00037,0.0165338
-0.001426,0.001503,0.0162688,-0.001426,0.001503,0.0162088
-0.001699,0.00104,0.0167378,-0.001699,0.00104,0.0166778
-0.002175,0.001467,0.0156258,-0.002175,0.001467,0.0155658
-0.0022,0.001096,0.0152098,-0.0022,0.001096,0.0151498
0.001219,-0.000972,0.0175838,0.001219,-0.000972,0.0175238
0.001374,-0.001055,0.0168138,0.001374,-0.001055,0.0167538
0.001337,-0.000234,0.0144678,0.001337,-0.000234,0.014408
0.001275,-0.000416,0.0147928,0.001275,-0.000416,0.0147329
0.000953,-0.000468,0.0148378,0.000953,-0.000468,0.0147779
0.000884,-0.000831,0.0151168,0.000884,-0.000831,0.0150568
0.000502,-0.000522,0.0147528,0.000502,-0.000522,0.0146929
0.000475,-0.000841,0.0148118,0.000475,-0.000841,0.0147519
0.000493,-0.000831,0.0151378,0.000493,-0.000831,0.0150778
0.001341,-0.002386,0.0159108,0.001341,-0.002386,0.0158508
0.00135,-0.00239,0.0152548,0.00135,-0.00239,0.0151948
0.001298,-0.001535,0.0130738,0.0012981,-0.0015351,0.0130154
0.000933,-0.001845,0.0131118,0.0009331,-0.0018452,0.0130533
0.000991,-0.001539,0.0130708,0.0009911,-0.0015391,0.0130124
0.000416,0.001086,0.0128788,0.000416,0.0010861,0.0128206
0.000298,0.000495,0.0132298,0.000298,0.000495,0.0131714
0.00044,-0.000106,0.0129358,0.0004401,-0.000106,0.0128777
0.000579,0.000205,0.0135348,0.000579,0.000205,0.013476
0.000247,0.000521,0.0139038,0.000247,0.000521,0.0138445
0.00045,-7.1e-05,0.0136238,0.00045,-7.1e-05,0.0135649
0.000538,-0.002217,0.0133858,0.000538,-0.0022171,0.013327
0.000135,-0.002213,0.0136738,0.000135,-0.0022131,0.0136147
0.000553,-0.001815,0.0139258,0.000553,-0.001815,0.0138664
0.000704,-0.002241,0.0140328,0.000704,-0.0022411,0.0139733
0.001314,0.001089,0.0168658,0.001314,0.001089,0.0168058
0.000903,0.001118,0.0145588,0.000903,0.001118,0.014499
0.000927,0.001,0.0148238,0.000927,0.001,0.0147639
0.000762,0.000343,0.0152078,0.000762,0.000343,0.0151478
0.000499,0.001101,0.0148348,0.000499,0.001101,0.0147749
0.000474,0.000703,0.0147918,0.000474,0.000703,0.0147319
0.000563,0.000596,0.0152378,0.000563,0.000596,0.0151778
0.000567,0.001048,0.0152688,0.000567,0.001048,0.0152088
0.000547,0.000597,0.0155408,0.000547,0.000597,0.0154808
0.000468,0.000202,0.0155688,0.000468,0.000202,0.0155088
0.002957,0.001235,0.0161978,0.002957,0.001235,0.0161378
0.002361,0.001409,0.0153288,0.002361,0.001409,0.0152688
0.000658,0.000938,0.0129338,0.0006581,0.0009381,0.0128756
0.000256,0.001287,0.0125268,0.000256,0.0012872,0.0124688
0.000334,0.001285,0.0131888,0.000334,0.0012851,0.0131304
0.00051,0.000683,0.0129598,0.0005101,0.0006831,0.0129016
-0.000152,0.001046,0.0128688,-0.000152,0.0010461,0.0128107
-4.5e-05,0.001308,0.0128218,-4.5e-05,0.0013081,0.0127637
-0.000281,0.001313,0.0129678,-0.000281,0.0013131,0.0129096
-0.000275,0.00074,0.0129238,-0.000275,0.0007401,0.0128656
0.000447,0.001305,0.0137938,0.000447,0.001305,0.0137346
0.00065,0.001161,0.0140308,0.00065,0.001161,0.0139714
0.000547,0.000659,0.0137318,0.000547,0.000659,0.0136727
0.002632,0.00063,0.0133848,0.0026322,0.00063,0.0133259
0.00226,0.000636,0.0138648,0.0022601,0.000636,0.0138054
0.001846,0.000259,0.0133028,0.0018461,0.000259,0.0132442
0.002297,6.3e-05,0.0134738,0.0022971,6.3e-05,0.0134149
0.002673,-9.2e-05,0.0134328,0.0026732,-9.2e-05,0.0133739
0.002298,0.000263,0.0139138,0.0022981,0.000263,0.0138544
0.002368,0.001048,0.0132768,0.0023682,0.0010481,0.0132181
0.001859,-3.6e-05,0.0133928,0.0018591,-3.6e-05,0.0133341
0.002082,3.2e-05,0.0139438,0.0020821,3.2e-05,0.0138844
-0.00109,0.002112,0.0159358,-0.00109,0.002112,0.0158758
-0.000232,-0.002981,0.0159728,-0.000232,-0.002981,0.0159128
-0.002142,-0.002263,0.0147828,-0.002142,-0.002263,0.0147229
-0.00184,-0.002254,0.0148498,-0.00184,-0.002254,0.0147899
-0.002165,-0.002288,0.0150918,-0.002165,-0.002288,0.0150318
-0.002257,0.001845,0.0058568,-0.0022589,0.0018466,0.0058124
-0.001511,0.001805,0.0072808,-0.0015125,0.0018068,0.0072329
-0.001017,0.001356,0.0073228,-0.0010182,0.0013576,0.0072749
-0.002267,0.001829,0.0076198,-0.002269,0.0018306,0.0075712
-0.001957,0.001843,0.0076398,-0.0019588,0.0018447,0.0075911
-0.002197,0.001812,0.0079708,-0.0021989,0.0018135,0.0079215
-0.0023,0.00222,0.0076538,-0.0023019,0.0022219,0.0076052
-0.002542,0.001479,0.0084408,-0.002544,0.0014802,0.0083905
0.002792,-0.00093,0.0159098,0.002792,-0.00093,0.0158498
0.002914,-0.001082,0.0161728,0.002914,-0.001082,0.0161128
0.00264,-0.000808,0.0134238,0.0026402,-0.000808,0.0133649
0.001821,-0.001125,0.0133448,0.0018211,-0.0011251,0.0132861
0.001965,-0.00148,0.0134148,0.0019651,-0.0014801,0.0133559
0.002124,-0.001411,0.0139488,0.0021241,-0.001411,0.0138893
0.00184,-0.000781,0.0166808,0.00184,-0.000781,0.0166208
0.002735,-0.000324,0.0154788,0.002735,-0.000324,0.0154188
5.3e-05,0.001387,0.0166678,5.3e-05,0.001387,0.0166078
0.000434,0.00134,0.0166968,0.000434,0.00134,0.0166368
-0.000235,0.001917,0.0166348,-0.000235,0.001917,0.0165748
7.3e-05,0.001773,0.0166458,7.3e-05,0.001773,0.0165858
0.00051,0.002772,0.0152938,0.00051,0.002772,0.0152338
0.000535,0.002414,0.0155648,0.000535,0.002414,0.0155048
0.000524,0.00275,0.0149098,0.000524,0.00275,0.0148499
0.000865,0.002849,0.0149268,0.000865,0.002849,0.0148669
0.000579,0.003091,0.0148468,0.000579,0.003091,0.0147869
9.5e-05,0.002813,0.0152918,9.5e-05,0.002813,0.0152318
8.7e-05,0.002436,0.0152828,8.7e-05,0.002436,0.0152228
0.00126,0.001827,0.0133908,0.0012601,0.0018271,0.013332
0.00097,0.002431,0.0133668,0.0009701,0.0024312,0.013308
0.000971,0.002079,0.0137188,0.000971,0.0020791,0.0136596
0.00015,0.001902,0.0133318,0.00015,0.0019021,0.0132731
0.000518,0.001919,0.0133278,0.000518,0.0019191,0.0132691
0.000141,0.00191,0.0136818,0.000141,0.0019101,0.0136227
0.000962,0.001702,0.0134058,0.0009621,0.0017021,0.013347
0.000993,0.001385,0.0137558,0.000993,0.0013851,0.0136966
0.000919,0.001814,0.0141058,0.000919,0.001814,0.0140463
0.000553,0.002599,0.0134218,0.000553,0.0025992,0.0133629
0.000521,0.001876,0.0140708,0.000521,0.001876,0.0140113
-9e-05,0.001852,0.0131358,-9e-05,0.0018522,0.0130774
-0.000319,0.002156,0.0134438,-0.000319,0.0021561,0.0133849
-0.001518,0.001857,0.0133838,-0.0015181,0.0018571,0.013325
-0.001587,0.002073,0.0136878,-0.0015871,0.0020731,0.0136286
-0.001066,0.00139,0.0134968,-0.0010661,0.0013901,0.0134379
-0.000755,0.001377,0.0135128,-0.000755,0.0013771,0.0134539
-0.00068,0.001907,0.0137618,-0.00068,0.0019071,0.0137026
-0.000749,0.002475,0.0076288,-0.0007497,0.0024773,0.0075801
-0.000358,0.002474,0.0076928,-0.0003583,0.0024763,0.0076439
-0.000596,0.002481,0.0079738,-0.0005965,0.0024832,0.0079244
0.000109,0.002814,0.0084508,0.0001091,0.0028163,0.0084005
-0.001082,0.002948,0.0079908,-0.0010829,0.0029504,0.0079415
-0.000714,0.002864,0.0080508,-0.0007146,0.0028664,0.0080013
0.001917,0.001441,0.0077488,0.0019188,0.0014424,0.0076998
0.002283,0.001435,0.0077348,0.0022851,0.0014363,0.0076859
0.002364,0.001827,0.0076578,0.002366,0.0018286,0.0076092
0.002463,0.001849,0.0079148,0.002465,0.0018505,0.0078656
0.002367,0.00181,0.0083318,0.0023689,0.0018115,0.0082818
0.001351,0.00126,0.0065198,0.0013525,0.0012614,0.0064741
0.001247,0.001049,0.0069218,0.0012485,0.0010503,0.006875
0.000305,0.001199,0.0110708,0.000305,0.0011992,0.0110141
0.000682,0.001266,0.0110498,0.0006821,0.0012662,0.0109932
0.000339,0.001208,0.0114198,0.000339,0.0012081,0.0113628
0.000556,0.000638,0.0109168,0.0005561,0.0006381,0.0108602
0.000264,0.000442,0.0110688,0.000264,0.0004421,0.0110121
0.000307,0.000872,0.0114078,0.000307,0.0008721,0.0113508
0.000224,0.000421,0.0113798,0.000224,0.000421,0.0113228
0.000437,-3.5e-05,0.0108758,0.0004371,-3.5e-05,0.0108193
0.00083,0.00043,0.0095168,0.0008304,0.0004302,0.0094623
0.000385,-6e-06,0.0116138,0.000385,-6e-06,0.0115565
0.000359,0.000389,0.0117258,0.000359,0.000389,0.0116683
7.1e-05,0.000678,0.0116378,7.1e-05,0.0006781,0.0115805
0.000315,-0.000194,0.0118188,0.000315,-0.000194,0.0117612
-9.8e-05,2e-05,0.0117198,-9.8e-05,2e-05,0.0116623
0.000237,0.000149,0.0120558,0.000237,0.000149,0.011998
0.000578,0.00134,0.0087348,0.0005786,0.0013414,0.0086832
0.000591,0.001185,0.0090888,0.0005915,0.0011861,0.0090361
0.000545,0.000764,0.0090948,0.0005455,0.0007646,0.0090413
0.00018,0.00083,0.0093938,0.0001801,0.0008305,0.0093394
0.000643,0.000705,0.0094818,0.0006434,0.0007054,0.0094274
0.000259,0.001189,0.0117788,0.000259,0.0011891,0.0117213
5.3e-05,0.001353,0.0116408,5.3e-05,0.0013531,0.0115835
0.000438,0.000648,0.0115508,0.000438,0.0006481,0.0114936
0.000565,0.000334,0.0098258,0.0005651,0.0003341,0.0097704
0.002385,0.001074,0.0083838,0.002387,0.0010749,0.0083336
0.002431,0.00106,0.0086618,0.002433,0.0010609,0.008611
0.002314,0.000717,0.0083928,0.002316,0.0007176,0.0083425
0.002673,0.0007,0.0083288,0.0026752,0.0007006,0.0082787
0.002323,0.000714,0.0087218,0.0023249,0.0007146,0.0086709
0.002746,0.000996,0.0090698,0.002748,0.0009967,0.0090183
0.002341,0.00142,0.0086868,0.0023428,0.0014211,0.008636
0.002629,0.000689,0.0104848,0.0026305,0.0006894,0.0104306
0.002339,0.000386,0.0110238,0.0023399,0.0003861,0.0109681
0.002695,0.000302,0.0111058,0.0026962,0.0003021,0.0110504
0.002278,0.001087,0.0101818,0.0022794,0.0010876,0.010128
0.002012,0.000705,0.0110118,0.0020126,0.0007052,0.0109558
0.002139,0.001221,0.0110808,0.0021398,0.0012215,0.0110252
0.001993,-0.000375,0.0105778,0.0019939,-0.0003752,0.0105225
0.002309,-0.000284,0.0106578,0.0023101,-0.0002841,0.0106028
7e-06,-0.001799,0.0165728,7e-06,-0.001799,0.0165128
7.8e-05,-0.002705,0.0159148,7.8e-05,-0.002705,0.0158548
0.00016,-0.002634,0.0152598,0.00016,-0.002634,0.0151998
-0.000312,0.001383,0.0166478,-0.000312,0.001383,0.0165878
0.000136,-0.001167,0.0173198,0.000136,-0.001167,0.0172598
0.000442,-0.001506,0.0163048,0.000442,-0.001506,0.0162448
0.000132,-0.001245,0.0162478,0.000132,-0.001245,0.0161878
-0.000667,-0.00073,0.0170138,-0.000667,-0.00073,0.0169538
-0.00036,-0.000777,0.0171348,-0.00036,-0.000777,0.0170748
-0.000698,-0.000466,0.0169398,-0.000698,-0.000466,0.0168798
0.00197,0.002616,0.0076908,0.0019716,0.0026182,0.0076421
0.00168,0.002479,0.0079608,0.0016814,0.0024811,0.0079115
0.001923,0.002186,0.0084478,0.0019245,0.0021878,0.0083976
0.002279,0.002135,0.0083008,0.0022808,0.0021367,0.0082509
0.001248,0.001818,0.0072338,0.0012493,0.0018199,0.0071861
0.002298,0.001845,0.0080858,0.0022999,0.0018465,0.0080363
0.001965,0.001438,0.0084718,0.0019667,0.0014393,0.0084214
0.002314,0.001434,0.0083448,0.0023159,0.0014352,0.0082947
0.001544,0.001829,0.0084248,0.0015454,0.0018306,0.0083744
0.001876,0.001762,0.0083908,0.0018776,0.0017635,0.0083405
0.001527,0.001871,0.0087088,0.0015283,0.0018726,0.0086579
-0.002233,-0.00051,0.0154968,-0.002233,-0.00051,0.0154368
-0.002133,-0.000342,0.0151708,-0.002133,-0.000342,0.0151108
-0.002423,-0.000792,0.0147968,-0.002423,-0.000792,0.0147369
-0.001398,0.00148,0.0166068,-0.001398,0.00148,0.0165468
-0.001735,0.001961,0.0162948,-0.001735,0.001961,0.0162348
-0.001083,0.003034,0.0155508,-0.001083,0.003034,0.0154908
-0.000747,0.002964,0.0155868,-0.000747,0.002964,0.0155268
-0.001071,-0.001455,0.0070498,-0.0010723,-0.0014567,0.0070026
-0.000622,-0.001479,0.0068638,-0.0006228,-0.0014808,0.0068173
-0.001367,-0.002165,0.0076608,-0.0013683,-0.002167,0.007612
-0.000977,-0.002175,0.0076628,-0.000978,-0.0021771,0.007614
-0.001355,-0.002188,0.0080218,-0.0013562,-0.0021899,0.0079723
-0.001396,-0.002574,0.0076568,-0.0013972,-0.0025763,0.0076081
-0.001705,-0.002529,0.0080308,-0.0017064,-0.0025311,0.0079814
-0.001399,-0.002556,0.0080328,-0.0014002,-0.0025581,0.0079834
-0.0014,-0.002626,0.0083338,-0.0014011,-0.0026281,0.0082838
-0.001366,-0.002229,0.0087168,-0.0013671,-0.0022308,0.008666
-0.001727,-0.002563,0.0087188,-0.0017283,-0.0025649,0.0086681
-0.001397,-0.002685,0.0086978,-0.001398,-0.002687,0.0086471
-0.000312,-0.002173,0.0105988,-0.0003122,-0.002174,0.0105438
-0.000635,-0.002216,0.0108628,-0.0006353,-0.0022169,0.0108074
-0.000963,-0.002348,0.0109108,-0.0009634,-0.0023491,0.0108556
-0.000986,-0.002646,0.0112178,-0.0009864,-0.0026471,0.0111623
-0.000631,-0.002639,0.0113328,-0.0006312,-0.00264,0.0112769
0.001531,-0.001497,0.0158568,0.001531,-0.001497,0.0157968
0.00184,-0.001524,0.0158478,0.00184,-0.001524,0.0157878
0.002295,0.001827,0.0160178,0.002295,0.001827,0.0159578
0.001898,0.001338,0.0159988,0.001898,0.001338,0.0159388
0.001902,0.002496,0.0148158,0.001902,0.002496,0.0147559
0.001576,0.002413,0.0152478,0.001576,0.002413,0.0151878
0.002734,0.000387,0.0161638,0.002734,0.000387,0.0161038
-0.001074,0.000736,0.0069228,-0.0010754,0.000737,0.0068761
-0.001421,0.000672,0.0072928,-0.0014228,0.0006728,0.007245
-0.001398,0.001031,0.0073398,-0.0013997,0.0010322,0.0072918
-0.00062,0.001146,0.0069788,-0.0006208,0.0011475,0.006932
-0.000295,0.001169,0.0069348,-0.0002954,0.0011706,0.0068882
-0.000649,0.000787,0.0069808,-0.0006499,0.0007881,0.006934
-0.000322,0.000717,0.0069828,-0.0003225,0.0007181,0.0069362
-0.000678,0.0007,0.0072488,-0.000679,0.000701,0.0072011
-0.001413,0.00104,0.0076718,-0.0014146,0.0010412,0.007623
-0.00105,0.001006,0.0076638,-0.0010513,0.0010072,0.0076148
-0.001383,0.00106,0.0080558,-0.0013845,0.0010612,0.008006
-0.001045,0.000633,0.0076298,-0.0010464,0.0006339,0.0075808
-0.001375,0.00065,0.0080008,-0.0013766,0.0006508,0.007951
-0.000272,0.000793,0.0091208,-0.0002722,0.0007936,0.009067
-0.000659,0.000679,0.0094638,-0.0006594,0.0006794,0.0094094
-0.000601,-8e-05,0.0091418,-0.0006014,-8.01e-05,0.0090876
-0.000278,6e-06,0.0090718,-0.0002782,6e-06,0.0090174
-0.000571,0.000285,0.0095968,-0.0005712,0.0002851,0.0095418
-0.00012,0.00023,0.0113278,-0.00012,0.00023,0.0112709
-0.000306,-0.000347,0.0117648,-0.000306,-0.000347,0.0117073
-0.000334,-6e-06,0.0114668,-0.000334,-6e-06,0.0114097
-8.1e-05,0.001575,0.0117968,-8.1e-05,0.0015752,0.0117393
-0.000931,0.001152,0.0088358,-0.0009319,0.0011532,0.0087839
-0.002079,0.001075,0.0084488,-0.0020808,0.0010759,0.0083984
-0.002022,0.001155,0.0087148,-0.0020238,0.001156,0.0086638
-0.002902,0.001514,0.0088598,-0.0029041,0.0015151,0.0088089
-0.002591,0.001439,0.0088518,-0.0025929,0.0014401,0.0088008
-0.001827,0.000704,0.0105838,-0.0018277,0.0007043,0.0105284
-0.002178,0.000699,0.0109178,-0.0021789,0.0006993,0.0108622
-0.001766,0.000295,0.0111548,-0.0017663,0.0002951,0.0110983
-0.002202,0.000286,0.0110188,-0.0022027,0.0002861,0.0109629
-0.002549,0.001103,0.0103648,-0.0025504,0.0011037,0.0103108
-0.002259,0.001071,0.0103788,-0.0022603,0.0010716,0.0103246
0.002246,-0.000346,0.0069138,0.0022483,-0.0003463,0.0068669
0.001789,-0.000433,0.0073638,0.001791,-0.0004335,0.0073157
0.002697,-0.000464,0.0084338,0.0026992,-0.0004644,0.0083835
0.001359,-0.000368,0.0065908,0.0013607,-0.0003685,0.0065452
0.001339,-0.000413,0.0069398,0.0013407,-0.0004135,0.0068931
0.000884,-0.000223,0.0066138,0.0008852,-0.0002233,0.0065684
0.00088,-0.00035,0.0069228,0.0008812,-0.0003505,0.0068763
0.001356,-0.00078,0.0069138,0.0013577,-0.000781,0.0068671
0.001292,-0.00069,0.0072418,0.0012937,-0.0006909,0.0071941
0.000909,-0.000776,0.0072688,0.0009102,-0.0007771,0.007221
0.001285,-0.00119,0.0076608,0.0012865,-0.0011913,0.007612
0.000976,-0.000199,0.0088318,0.0009771,-0.0001992,0.0087792
0.001303,-0.000863,0.0091048,0.0013042,-0.0008638,0.0090524
0.000994,-0.00085,0.0093738,0.0009948,-0.0008506,0.0093203
0.000843,-0.001172,0.0094788,0.0008436,-0.0011729,0.0094252
0.000899,-0.001173,0.0098078,0.0008995,-0.0011737,0.0097535
0.000643,-0.000363,0.0087958,0.0006437,-0.0003634,0.0087427
0.000516,-0.000506,0.0090138,0.0005164,-0.0005064,0.0089601
0.000546,-0.000794,0.0091708,0.0005464,-0.0007947,0.0091172
0.00052,-0.001085,0.0094578,0.0005203,-0.0010857,0.0094039
0.000531,-0.001208,0.0098588,0.0005313,-0.0012086,0.0098041
0.002758,-0.001103,0.0083468,0.0027602,-0.0011039,0.0082968
0.002818,-0.000818,0.0084208,0.0028202,-0.0008187,0.0083706
0.002764,-0.000732,0.0087188,0.0027661,-0.0007325,0.008668
0.002773,-0.000373,0.0091048,0.0027751,-0.0003733,0.0090532
0.002729,-0.001117,0.0091088,0.002731,-0.0011178,0.0090573
0.002658,-0.000785,0.0106118,0.0026594,-0.0007854,0.0105574
0.002293,-0.00077,0.0112218,0.0022938,-0.0007703,0.0111658
0.002089,-0.000981,0.0114148,0.0020895,-0.0009813,0.0113583
0.001928,-0.001403,0.0105298,0.001929,-0.0014037,0.0104752
0.002311,-0.001482,0.0105098,0.0023123,-0.0014828,0.0104556
0.002159,-0.001385,0.0101888,0.0021603,-0.0013858,0.0101351
0.002265,-0.001099,0.0109328,0.002266,-0.0010995,0.0108775
-0.000656,-0.000304,0.0174418,-0.000656,-0.000304,0.0173818
-0.000632,0.002453,0.0083758,-0.0006325,0.0024551,0.0083256
-0.000528,0.002554,0.0086408,-0.0005284,0.0025561,0.0085901
7e-05,0.002466,0.0083328,7.01e-05,0.0024682,0.0082826
5.9e-05,0.0025,0.0086468,5.9e-05,0.0025021,0.008596
-0.000773,0.002504,0.0088418,-0.0007736,0.002506,0.0087907
-0.00069,0.002513,0.0091098,-0.0006905,0.0025149,0.0090582
-0.000277,0.00259,0.0090648,-0.0002772,0.002592,0.0090133
-0.000691,0.002499,0.0094488,-0.0006915,0.0025008,0.0093965
0.000918,0.002885,0.0101048,0.0009186,0.0028867,0.0100515
0.001213,0.002086,0.0105768,0.0012136,0.0020871,0.0105221
0.000904,0.002099,0.0108138,0.0009044,0.0020999,0.0107585
0.000902,0.001382,0.0105098,0.0009023,0.0013825,0.0104542
0.001256,0.001384,0.0105488,0.0012565,0.0013845,0.0104934
0.000876,0.001719,0.0104698,0.0008764,0.0017198,0.0104147
0.00096,0.0014,0.0108358,0.0009602,0.0014003,0.0107797
0.001395,0.001981,0.0110148,0.0013956,0.0019818,0.0109592
0.0005,0.002465,0.0105528,0.0005003,0.0024663,0.0104983
0.000192,0.001853,0.0105148,0.0001921,0.0018538,0.0104595
7.1e-05,0.001734,0.0108688,7.1e-05,0.0017344,0.0108126
0.000517,0.001783,0.0112068,0.0005171,0.0017833,0.0111502
-0.000298,0.002185,0.0105988,-0.0002982,0.002186,0.0105438
-0.001375,0.001831,0.0105668,-0.0013757,0.0018319,0.010512
-0.00146,0.001783,0.0109098,-0.0014606,0.0017837,0.0108543
-0.000995,0.001822,0.0110348,-0.0009953,0.0018225,0.0109787
-0.000694,0.001854,0.0110648,-0.0006942,0.0018545,0.0110085
-0.001491,0.001825,0.0153118,-0.001491,0.001825,0.0152518
-0.002156,0.001559,0.0159328,-0.002156,0.001559,0.0158728
-0.001764,0.001498,0.0159228,-0.001764,0.001498,0.0158628
-0.002218,0.001802,0.0149108,-0.002218,0.001802,0.0148509
-0.001914,0.001813,0.0148908,-0.001914,0.001813,0.0148309
-0.002247,0.001817,0.0152278,-0.002247,0.001817,0.0151678
-0.002713,0.002227,0.0149198,-0.002713,0.002227,0.0148598
-0.002284,0.002161,0.0149498,-0.002284,0.002161,0.0148898
-0.001454,-0.000337,0.0071838,-0.0014558,-0.0003374,0.0071363
-0.002066,-0.000307,0.0081188,-0.002068,-0.0003073,0.008069
-0.00255,-0.000793,0.0084458,-0.0025521,-0.0007937,0.0083955
-0.002809,-0.000379,0.0087818,-0.0028112,-0.0003793,0.0087309
-0.003349,-0.001047,0.0087568,-0.0033514,-0.0010477,0.0087061
-0.002982,-0.00108,0.0086998,-0.0029842,-0.0010808,0.0086491
0.000126,-0.001811,0.0073658,0.0001261,-0.0018131,0.0073178
0.000101,-0.002592,0.0080508,0.0001011,-0.0025943,0.0080012
-0.001838,-0.00151,0.0078138,-0.0018398,-0.0015114,0.0077647
0.000559,-0.001489,0.0069768,0.0005597,-0.0014908,0.0069299
0.000165,-0.002132,0.0083928,0.0001652,-0.002134,0.0083424
0.000456,-0.002,0.0083918,0.0004564,-0.0020019,0.0083414
0.0001,-0.002255,0.0086818,0.0001001,-0.002257,0.0086309
0.000134,-0.002648,0.0087478,0.0001341,-0.0026501,0.0086969
0.000845,-0.001888,0.0103178,0.0008454,-0.001889,0.0102632
0.000915,-0.00153,0.0101298,0.0009155,-0.0015308,0.0100753
0.000949,-0.002295,0.0109328,0.0009494,-0.002296,0.0108775
0.00044,-0.002257,0.0105978,0.0004402,-0.0022581,0.0105429
0.000203,-0.002316,0.0108568,0.0002031,-0.002317,0.0108014
0.001342,-0.001866,0.0153308,0.001342,-0.001866,0.0152708
0.001854,-0.00154,0.0152648,0.001854,-0.00154,0.0152048
0.001547,-0.001078,0.0151778,0.001547,-0.001078,0.0151178
0.002272,-0.001925,0.0147988,0.002272,-0.001925,0.0147389
0.002371,-0.002662,0.0151868,0.002371,-0.002662,0.0151268
0.001223,0.002448,0.0083748,0.001224,0.00245,0.0083247
0.001273,0.00211,0.0083928,0.0012741,0.0021118,0.0083425
0.001256,0.002099,0.0087378,0.0012571,0.0021008,0.0086868
0.000891,0.002441,0.0083618,0.0008918,0.0024431,0.0083116
0.000901,0.002089,0.0083888,0.0009018,0.0020909,0.0083385
0.000885,0.002097,0.0087568,0.0008858,0.0020988,0.0087057
-0.001491,0.002511,0.0083188,-0.0014922,0.002513,0.0082688
-0.001054,0.002476,0.0083448,-0.0010549,0.0024781,0.0082947
-0.001463,0.002469,0.0087048,-0.0014641,0.0024709,0.008654
-0.00109,0.002094,0.0083868,-0.001091,0.0020959,0.0083365
-0.00067,0.002103,0.0084668,-0.0006706,0.0021049,0.0084163
0.001323,-0.001503,0.0069188,0.0013244,-0.0015046,0.0068719
0.001324,-0.001152,0.0069178,0.0013256,-0.0011533,0.006871
0.00127,-0.001559,0.0072448,0.0012714,-0.0015607,0.0071971
0.002284,-0.001492,0.0084498,0.0022859,-0.0014932,0.0083995
0.002289,-0.001931,0.0076988,0.002291,-0.0019327,0.0076501
0.002305,-0.001797,0.0082068,0.0023069,-0.0017985,0.008157
0.002056,-0.002704,0.0077328,0.0020577,-0.0027062,0.0076841
0.002434,-0.002532,0.0077308,0.0024359,-0.002534,0.0076821
0.002275,-0.002736,0.0080848,0.0022767,-0.0027381,0.0080354
0.001756,-0.002725,0.0080868,0.0017574,-0.0027272,0.0080374
-0.000732,0.001235,0.0065778,-0.0007329,0.0012365,0.0065322
-0.000587,0.001059,0.0166998,-0.000587,0.001059,0.0166398
-0.000113,0.001126,0.0131698,-0.000113,0.0011261,0.0131114
0.000145,0.001138,0.0130048,0.000145,0.0011381,0.0129466
-0.000594,0.000871,0.0134368,-0.000594,0.0008711,0.0133781
-0.000671,0.000752,0.0137138,-0.000671,0.000752,0.0136547
-8.5e-05,-0.000213,0.0120288,-8.5e-05,-0.000213,0.011971
4.4e-05,3.5e-05,0.0123938,4.4e-05,3.5e-05,0.0123359
0.000233,0.000486,0.0123788,0.000233,0.0004861,0.0123209
0.000456,0.000101,0.0125348,0.0004561,0.000101,0.0124768
-0.000138,-0.000371,0.0124898,-0.000138,-0.000371,0.0124318
-0.000558,7.3e-05,0.0133548,-0.000558,7.3e-05,0.0132962
-0.000248,5.4e-05,0.0132948,-0.000248,5.4e-05,0.0132363
-0.000247,-0.000657,0.0120488,-0.000247,-0.0006571,0.011991
0.000235,-0.000268,0.0120718,0.000235,-0.000268,0.012014
0.000472,-0.000433,0.0121908,0.0004721,-0.000433,0.0121329
0.00066,-0.000171,0.0124608,0.0006601,-0.000171,0.0124028
-0.000597,0.00036,0.0138208,-0.000597,0.00036,0.0137616
-0.000708,0.001172,0.0132008,-0.0007081,0.0011721,0.0131424
-0.002224,0.00142,0.0116738,-0.0022246,0.0014204,0.0116171
-0.001637,0.001931,0.0117778,-0.0016374,0.0019315,0.0117208
-0.00171,0.000654,0.0120588,-0.0017102,0.0006541,0.0120011
-0.002153,0.0007,0.0123268,-0.0021533,0.0007001,0.012269
-0.001764,-3.8e-05,0.0119588,-0.0017642,-3.8e-05,0.0119012
-0.002113,0.000309,0.0124378,-0.0021133,0.000309,0.0123799
-0.001801,0.000298,0.0124888,-0.0018012,0.000298,0.0124308
-0.002148,0.00104,0.0117328,-0.0021485,0.0010402,0.0116758
-0.003203,0.000345,0.0145968,-0.003203,0.000345,0.0145369
-0.002898,0.000326,0.0145508,-0.002898,0.000326,0.0144909
-0.003223,-0.000419,0.0145528,-0.003223,-0.000419,0.0144929
-0.00292,-0.000499,0.0145658,-0.00292,-0.000499,0.0145059
-0.001017,-0.001508,0.0155928,-0.001017,-0.001508,0.0155328
-0.001323,-0.001263,0.0155608,-0.001323,-0.001263,0.0155008
-0.001958,-0.001629,0.0149418,-0.001958,-0.001629,0.0148819
0.000926,0.002796,0.0083958,0.0009267,0.0027982,0.0083457
0.001249,0.000451,0.0175458,0.001249,0.000451,0.0174858
0.001385,-0.000262,0.0165298,0.001385,-0.000262,0.0164698
0.001316,-0.000416,0.0169428,0.001316,-0.000416,0.0168828
0.00085,-0.000391,0.0169018,0.00085,-0.000391,0.0168418
0.002252,-0.000159,0.0158288,0.002252,-0.000159,0.0157688
-0.001473,-0.002232,0.0152078,-0.001473,-0.002232,0.0151478
-0.000301,-0.000757,0.0133418,-0.000301,-0.0007571,0.0132832
-0.001283,-0.0015,0.0133578,-0.0012831,-0.0015001,0.0132991
-0.001008,-0.001178,0.0137898,-0.001008,-0.001178,0.0137306
-0.000661,-0.001177,0.0138328,-0.000661,-0.001177,0.0137736
-0.000263,-0.001528,0.0116038,-0.000263,-0.0015282,0.0115465
-0.000102,-0.001333,0.0118118,-0.000102,-0.0013331,0.0117543
-0.000917,-0.001296,0.0119228,-0.0009171,-0.0012961,0.0118652
-0.000347,-0.002046,0.0119958,-0.000347,-0.0020463,0.0119382
-0.000584,-0.002156,0.0121878,-0.0005841,-0.0021563,0.0121301
-0.000949,-0.002607,0.0125108,-0.0009492,-0.0026074,0.012453
-0.00065,-0.00256,0.0123738,-0.0006501,-0.0025604,0.0123161
0.001915,-0.000309,0.0152498,0.001915,-0.000309,0.0151898
0.000145,0.001396,0.0160168,0.000145,0.001396,0.0159568
0.000457,0.001312,0.0158998,0.000457,0.001312,0.0158398
-0.002248,-0.001805,0.0144058,-0.002248,-0.001805,0.014346
-0.002489,-0.001754,0.0138778,-0.0024891,-0.0017541,0.0138183
-0.002178,-0.001782,0.0137568,-0.0021781,-0.0017821,0.0136975
-0.001737,-0.000915,0.0115238,-0.0017373,-0.0009152,0.0114668
-0.001731,-0.001112,0.0124278,-0.0017312,-0.0011122,0.0123699
-0.002492,-0.000847,0.0117058,-0.0024927,-0.0008472,0.011649
-0.002109,-0.000801,0.0115808,-0.0021094,-0.0008012,0.0115239
-0.002098,-0.000346,0.0115798,-0.0020984,-0.0003461,0.0115228
-0.001767,-0.000442,0.0116828,-0.0017672,-0.0004421,0.0116255
2.8e-05,-0.001129,0.0165578,2.8e-05,-0.001129,0.0164978
0.000203,-0.001249,0.0155318,0.000203,-0.001249,0.0154718
2.4e-05,-0.00185,0.0159018,2.4e-05,-0.00185,0.0158418
-0.001119,0.000117,0.0069998,-0.0011205,0.0001172,0.0069529
-0.002502,-5e-05,0.0084088,-0.0025042,-5e-05,0.0083585
-0.000176,0.001397,0.0159558,-0.000176,0.001397,0.0158958
-0.000676,0.002518,0.0148568,-0.000676,0.002518,0.0147969
-0.00034,0.002561,0.0148408,-0.00034,0.002561,0.0147809
-0.000678,0.002561,0.0151418,-0.000678,0.002561,0.0150818
-0.001083,0.002906,0.0148238,-0.001083,0.002906,0.0147639
-0.000753,0.002862,0.0148388,-0.000753,0.002862,0.0147789
-0.000191,-0.00179,0.0153068,-0.000191,-0.00179,0.0152468
9.3e-05,-0.001747,0.0151048,9.3e-05,-0.001747,0.0150448
-0.002212,0.001822,0.0084028,-0.0022138,0.0018235,0.0083526
-0.001889,0.00183,0.0083638,-0.0018906,0.0018315,0.0083136
-0.002194,0.001851,0.0087698,-0.0021957,0.0018524,0.0087189
-0.001086,-0.000722,0.0076768,-0.0010874,-0.000723,0.0076277
-0.001864,-0.000869,0.0085528,-0.0018657,-0.0008698,0.008502
-0.003387,-0.0011,0.0090978,-0.0033893,-0.0011007,0.0090465
-0.003004,-0.00118,0.0090618,-0.0030061,-0.0011808,0.0090104
-0.002866,-0.000401,0.0094248,-0.002868,-0.0004013,0.0093727
-0.001008,-0.00045,0.0105608,-0.0010082,-0.0004501,0.0105046
-0.000652,-0.001556,0.0105088,-0.0006522,-0.0015565,0.0104532
-0.000907,-0.001164,0.0110028,-0.0009071,-0.0011642,0.0109463
-0.000604,-0.00124,0.0109458,-0.0006041,-0.0012402,0.0108893
-0.002124,0.000752,0.0084728,-0.0021259,0.0007527,0.0084223
-0.001809,0.00074,0.0084418,-0.0018108,0.0007407,0.0083912
-0.002165,0.000739,0.0087938,-0.0021668,0.0007396,0.0087427
-0.001744,-0.00186,0.0081218,-0.0017455,-0.0018616,0.0080721
-0.001426,-0.001859,0.0081078,-0.0014273,-0.0018607,0.0080581
-0.001833,-0.002157,0.0083368,-0.0018345,-0.0021588,0.0082867
-0.002112,-0.002287,0.0087108,-0.0021136,-0.0022887,0.0086601
-0.002139,-0.001906,0.0088278,-0.0021406,-0.0019074,0.0087768
0.001976,0.002128,0.0090548,0.0019774,0.0021296,0.0090033
0.002275,0.00217,0.0090318,0.0022766,0.0021715,0.0089805
0.001287,0.001326,0.0083578,0.0012883,0.0013273,0.0083073
0.001249,0.001653,0.0084038,0.0012502,0.0016546,0.0083534
0.001273,0.001393,0.0086738,0.0012742,0.0013943,0.0086226
0.000916,0.001405,0.0087268,0.0009169,0.0014064,0.0086754
0.001895,0.001073,0.0083998,0.0018968,0.001074,0.0083494
0.001924,0.001447,0.0091228,0.0019255,0.0014481,0.009071
0.001575,0.001864,0.0091328,0.0015762,0.0018655,0.009081
0.001916,0.001745,0.0090858,0.0019175,0.0017463,0.0090342
-0.002098,-0.002163,0.0091548,-0.0020995,-0.0021645,0.0091032
-0.002077,-0.002264,0.0094398,-0.0020784,-0.0022655,0.0093877
-0.002466,-0.001808,0.0094488,-0.0024677,-0.0018092,0.0093967
-0.002172,-0.001869,0.0095388,-0.0021735,-0.0018703,0.0094865
-0.001383,-0.000386,0.0151798,-0.001383,-0.000386,0.0151198
0.001862,-0.001479,0.0084208,0.0018636,-0.0014803,0.0083704
0.002346,-0.001791,0.0088048,0.0023478,-0.0017924,0.0087539
0.00274,-0.001812,0.0086828,0.002742,-0.0018133,0.0086322
0.001289,-0.00155,0.0076728,0.0012904,-0.0015516,0.007624
0.001288,-0.001482,0.0079558,0.0012894,-0.0014836,0.0079063
0.000944,-0.001479,0.0076478,0.0009451,-0.0014807,0.007599
0.000944,-0.001178,0.0077248,0.0009451,-0.0011794,0.0076757
0.000973,-0.001486,0.0079578,0.0009741,-0.0014876,0.0079082
-0.000197,-0.001754,0.0080588,-0.0001972,-0.0017559,0.0080089
0.000142,-0.001837,0.0081238,0.0001422,-0.0018389,0.0080738
-0.000269,-0.002063,0.0083638,-0.0002693,-0.002065,0.0083134
-0.000659,-0.002249,0.0086718,-0.0006596,-0.002251,0.0086209
0.000504,-0.000804,0.0069218,0.0005047,-0.0008051,0.0068753
0.000101,-0.001106,0.0074258,0.0001012,-0.0011076,0.0073775
0.000508,-0.001473,0.0077958,0.0005086,-0.0014747,0.0077465
0.00224,-0.000379,0.0080608,0.0022421,-0.0003793,0.0080112
0.00131,0.000403,0.0076118,0.0013117,0.0004035,0.007563
0.002819,0.000243,0.0090908,0.0028211,0.0002432,0.0090393
0.000546,0.00066,0.0122488,0.0005461,0.0006601,0.0121909
0.000487,0.000401,0.0120278,0.0004871,0.000401,0.01197
0.000444,-0.000145,0.0122468,0.0004441,-0.000145,0.0121889
0.000868,0.001057,0.0102358,0.0008683,0.0010573,0.0101803
0.000883,0.000369,0.0109938,0.0008831,0.000369,0.0109372
0.000555,0.001071,0.0105758,0.0005551,0.0010712,0.0105196
0.000187,0.000777,0.0104328,0.000187,0.0007771,0.0103767
0.000475,0.000721,0.0105228,0.0004751,0.0007211,0.0104666
0.001056,0.001182,0.0110988,0.0010562,0.0011822,0.0110422
0.00055,0.000315,0.0111078,0.0005501,0.000315,0.0110511
0.002708,0.000652,0.0119398,0.0027087,0.0006522,0.0118828
0.002288,0.000735,0.0123628,0.0022883,0.0007351,0.012305
0.00234,0.000323,0.0124258,0.0023403,0.000323,0.0123679
0.001975,0.001056,0.0117418,0.0019754,0.0010562,0.0116846
0.002199,0.001089,0.0124518,0.0021993,0.0010892,0.0123939
0.0018,0.001116,0.0119758,0.0018003,0.0011162,0.0119183
-0.00141,0.001891,0.0083718,-0.0014113,0.0018927,0.0083215
-0.001118,0.001732,0.0084688,-0.0011191,0.0017336,0.0084182
-0.001467,0.001803,0.0087198,-0.0014683,0.0018045,0.0086688
0.001521,0.001812,0.0148708,0.001521,0.001812,0.0148109
0.001884,0.001773,0.0148808,0.001884,0.001773,0.0148209
0.001537,0.001817,0.0151808,0.001537,0.001817,0.0151208
0.001985,0.002562,0.0140818,0.001985,0.0025621,0.0140222
0.001554,0.002374,0.0143868,0.001554,0.002374,0.014327
0.002388,-0.002284,0.0087828,0.0023897,-0.0022856,0.008732
0.002699,-0.002333,0.0088588,0.0027009,-0.0023346,0.008808
0.002039,-0.002711,0.0084798,0.0020405,-0.002713,0.0084296
0.002422,-0.002527,0.0084308,0.0024238,-0.0025289,0.0083808
0.001817,-0.001555,0.0087188,0.0018185,-0.0015563,0.0086679
0.001223,-0.000914,0.0161738,0.001223,-0.000914,0.0161138
0.001221,-0.000994,0.0151438,0.001221,-0.000994,0.0150838
0.001286,-0.001099,0.0154158,0.001286,-0.001099,0.0153558
0.00126,-0.000372,0.0133468,0.0012601,-0.000372,0.0132882
0.000885,-0.000238,0.0129908,0.0008851,-0.000238,0.0129326
0.001247,-0.000755,0.0134358,0.0012471,-0.0007551,0.0133771
0.000965,-0.000768,0.0136488,0.000965,-0.000768,0.0135898
0.000876,-0.001086,0.0137778,0.000876,-0.001086,0.0137186
0.001291,-0.000989,0.0137238,0.0012911,-0.000989,0.0136647
0.000953,-0.001143,0.0141038,0.000953,-0.001143,0.0140443
0.000594,-0.000401,0.0130558,0.0005941,-0.000401,0.0129975
0.000527,-0.00043,0.0133388,0.000527,-0.00043,0.0132802
0.000527,-0.000772,0.0133908,0.000527,-0.0007721,0.0133322
0.000574,-0.000962,0.0137238,0.000574,-0.000962,0.0136647
0.000554,-0.001153,0.0140868,0.000554,-0.001153,0.0140273
0.002757,-0.00087,0.0140838,0.0027571,-0.00087,0.0140242
0.002749,-0.000414,0.0140498,0.0027491,-0.000414,0.0139902
0.002705,-0.000886,0.0144208,0.002705,-0.000886,0.014361
0.00268,-0.001156,0.0147448,0.00268,-0.001156,0.0146849
0.002744,-0.000816,0.0115598,0.002745,-0.0008163,0.0115037
0.001889,-0.000822,0.0116888,0.0018893,-0.0008221,0.0116316
0.002258,-0.000787,0.0115748,0.0022585,-0.0007872,0.0115181
0.001594,-0.00099,0.0117398,0.0015942,-0.0009901,0.0116824
0.002262,-0.000354,0.0115788,0.0022625,-0.0003541,0.0115219
0.002613,-0.000804,0.0119788,0.0026136,-0.0008042,0.0119217
0.002272,-0.001603,0.0119808,0.0022726,-0.0016034,0.0119238
0.00204,-0.00147,0.0117278,0.0020405,-0.0014704,0.0116709
0.001923,-0.001115,0.0123688,0.0019233,-0.0011151,0.012311
0.001213,-0.002378,0.0088198,0.001214,-0.0023799,0.0087688
-0.001855,0.002159,0.0149618,-0.001855,0.002159,0.0149019
-0.00149,0.002094,0.0150068,-0.00149,0.002094,0.0149468
-0.001437,0.001427,0.0152978,-0.001437,0.001427,0.0152378
-0.00112,0.00134,0.0152448,-0.00112,0.00134,0.0151848
-0.002229,0.001868,0.0141488,-0.002229,0.001868,0.0140891
-0.002059,0.001961,0.0147328,-0.002059,0.001961,0.0146729
-0.002225,0.00181,0.0145218,-0.002225,0.00181,0.014462
-0.002222,0.001407,0.0145848,-0.002222,0.001407,0.0145249
-0.00186,0.00141,0.0146028,-0.00186,0.00141,0.0145429
-0.0022,0.001833,0.0137638,-0.0022001,0.0018331,0.0137045
-0.002186,0.001416,0.0138948,-0.0021861,0.001416,0.0138354
-0.001792,0.001369,0.0137968,-0.0017921,0.001369,0.0137375
-0.000998,0.000678,0.0148318,-0.000998,0.000678,0.0147719
-0.001336,0.000707,0.0152048,-0.001336,0.000707,0.0151448
-0.000704,0.001029,0.0152878,-0.000704,0.001029,0.0152278
-0.001784,0.001052,0.0141888,-0.001784,0.001052,0.0141292
-0.000217,0.00107,0.0166828,-0.000217,0.00107,0.0166228
0.000107,0.001059,0.0166578,0.000107,0.001059,0.0165978
-0.000178,0.001862,0.0153738,-0.000178,0.001862,0.0153138
-0.00104,-0.000768,0.0148468,-0.00104,-0.000768,0.0147869
-0.001813,-0.002642,0.0140208,-0.001813,-0.0026421,0.0139612
-0.001405,-0.00219,0.0139688,-0.001405,-0.0021901,0.0139093
-0.001743,-0.001763,0.0144718,-0.001743,-0.001763,0.014412
-0.001195,-0.003064,0.0134298,-0.0011951,-0.0030643,0.0133709
-0.001362,-0.002655,0.0137338,-0.0013621,-0.0026551,0.0136745
-0.002529,-0.000335,0.0146108,-0.002529,-0.000335,0.0145509
-0.002236,-0.000339,0.0144208,-0.002236,-0.000339,0.014361
-0.002888,0.000386,0.0137478,-0.0028881,0.000386,0.0136885
-0.003271,-0.000445,0.0133388,-0.0032713,-0.000445,0.01328
-0.00117,-5.3e-05,0.0076338,-0.0011716,-5.31e-05,0.0075848
-0.001774,1.2e-05,0.0084198,-0.0017758,1.2e-05,0.0083691
0.002359,0.001811,0.0090518,0.0023607,0.0018123,0.0090004
0.002362,0.001795,0.0094088,0.0023636,0.0017962,0.0093567
0.00237,0.001777,0.0098008,0.0023715,0.0017781,0.0097481
0.002353,0.001801,0.0101158,0.0023544,0.0018021,0.0100625
0.001339,0.001085,0.0155108,0.001339,0.001085,0.0154508
0.000792,0.000389,0.0137008,0.000792,0.000389,0.0136418
0.000555,0.001177,0.0134118,0.000555,0.0011771,0.0133531
0.000453,0.000799,0.0134408,0.000453,0.0007991,0.0133821
0.000212,0.000826,0.0136568,0.000212,0.000826,0.0135978
0.000469,0.00033,0.0140918,0.000469,0.00033,0.0140323
0.002301,0.001051,0.0141608,0.002301,0.001051,0.0141012
0.002671,0.001061,0.0140948,0.0026711,0.001061,0.0140352
0.002428,0.001123,0.0144798,0.002428,0.001123,0.01442
0.002778,0.001005,0.0147808,0.002778,0.001005,0.0147209
0.002824,0.001062,0.0138008,0.0028241,0.001062,0.0137414
0.00125,0.000557,0.0161328,0.00125,0.000557,0.0160728
0.002662,-0.000415,0.0147388,0.002662,-0.000415,0.0146789
-0.00225,0.001847,0.0091258,-0.0022516,0.0018483,0.0090742
-0.001905,0.001854,0.0090918,-0.0019064,0.0018554,0.0090402
-0.002254,0.001844,0.0094988,-0.0022555,0.0018453,0.0094465
0.000151,0.001864,0.0083848,0.0001512,0.0018659,0.0083343
0.000475,0.001871,0.0083618,0.0004755,0.0018729,0.0083114
0.000126,0.001816,0.0087428,0.0001261,0.0018177,0.0086915
0.0001,0.002589,0.0090258,0.0001001,0.002591,0.0089743
0.000193,0.002534,0.0093958,0.0001932,0.0025358,0.0093436
0.000928,0.002839,0.0090458,0.0009287,0.0028411,0.0089944
0.001625,0.002042,0.0139038,0.001625,0.0020421,0.0138444
0.00199,0.002105,0.0138198,0.0019901,0.0021051,0.0137604
0.001235,0.002533,0.0116338,0.0012354,0.0025339,0.0115775
0.000945,0.002474,0.0118668,0.0009452,0.0024746,0.0118098
0.000922,0.001464,0.0119018,0.0009221,0.0014642,0.0118442
0.000887,0.00175,0.0119828,0.0008871,0.0017502,0.0119252
0.000949,0.001464,0.0121778,0.0009491,0.0014642,0.01212
0.000294,0.001977,0.0116828,0.000294,0.0019773,0.0116256
0.00056,0.002093,0.0116258,0.0005601,0.0020934,0.0115688
4.9e-05,0.0021,0.0116218,4.9e-05,0.0021004,0.0115647
-0.000181,0.002612,0.0117048,-0.0001811,0.0026127,0.0116481
0.000468,0.002834,0.0116818,0.0004682,0.0028349,0.0116254
0.000508,0.002506,0.0118978,0.0005081,0.0025065,0.0118407
0.000481,0.001927,0.0118548,0.0004811,0.0019273,0.0117974
0.000127,0.001833,0.0122508,0.000127,0.0018332,0.012193
0.000503,0.001842,0.0126748,0.0005031,0.0018422,0.0126167
0.000469,-0.002128,0.0141848,0.000469,-0.002128,0.0141252
0.000159,-0.00223,0.0143968,0.000159,-0.00223,0.014337
0.000148,-0.002688,0.0145378,0.000148,-0.002688,0.014478
0.000128,-0.00265,0.0138488,0.000128,-0.0026501,0.0137894
0.000923,-0.001849,0.0117848,0.0009231,-0.0018493,0.0117274
0.000914,-0.00158,0.0118078,0.0009141,-0.0015802,0.0117503
0.001273,-0.002547,0.0124218,0.0012732,-0.0025475,0.0123642
0.000948,-0.002249,0.0123798,0.0009481,-0.0022493,0.012322
0.000553,-0.002321,0.0124178,0.0005531,-0.0023213,0.01236
0.000595,-0.001756,0.0124528,0.0005951,-0.0017562,0.0123949
0.001378,-0.002381,0.0144888,0.001378,-0.002381,0.014429
0.00012,-0.001223,0.0158938,0.00012,-0.001223,0.0158338
0.000426,-0.001565,0.0148788,0.000426,-0.001565,0.0148189
0.001321,-0.001534,0.0083288,0.0013223,-0.0015355,0.0082785
0.001272,-0.001244,0.0083538,0.0012733,-0.0012453,0.0083033
0.001295,-0.00158,0.0086368,0.0012962,-0.0015814,0.0085858
0.001,-0.001238,0.0084058,0.0010011,-0.0012393,0.008355
0.001355,-0.000797,0.0083828,0.0013565,-0.0007979,0.0083321
0.00129,-0.000499,0.0083998,0.0012915,-0.0004996,0.0083489
0.001308,-0.000817,0.0087288,0.0013094,-0.0008179,0.0086773
0.001268,-0.001164,0.0087498,0.0012692,-0.0011651,0.0086983
0.001299,-0.001234,0.0090788,0.0013002,-0.0012351,0.0090267
0.001258,-0.00153,0.0090558,0.0012591,-0.0015313,0.0090039
0.001242,-0.001507,0.0093788,0.001243,-0.0015082,0.0093262
0.000928,-0.000408,0.0083758,0.0009293,-0.0004086,0.0083246
0.000929,-0.00155,0.0089998,0.0009298,-0.0015514,0.0089479
0.000922,-0.001206,0.0090188,0.0009229,-0.0012072,0.0089665
0.000916,-0.001479,0.0093468,0.0009168,-0.0014802,0.009294
0.000885,-0.000304,0.0102198,0.0008852,-0.0003041,0.010164
0.001219,-0.000289,0.0102878,0.0012193,-0.0002891,0.0102321
0.000879,-0.00035,0.0105038,0.0008791,-0.0003501,0.0104476
0.000992,-0.000782,0.0108158,0.0009922,-0.0007821,0.0107594
0.001261,-0.000841,0.0112548,0.0012612,-0.0008411,0.011198
0.000895,-0.000435,0.0112348,0.0008951,-0.000435,0.011178
0.000982,-0.000773,0.0115228,0.0009821,-0.0007731,0.0114656
0.000461,-0.000455,0.0105158,0.0004611,-0.0004551,0.0104595
0.000515,-0.000769,0.0105748,0.0005151,-0.0007691,0.0105185
0.000581,-0.000876,0.0111958,0.0005811,-0.0008761,0.011139
0.00264,-0.001447,0.0098768,0.0026417,-0.0014479,0.0098239
0.002789,-0.000876,0.0098068,0.0027908,-0.0008766,0.009754
0.002746,-0.00048,0.0098008,0.0027478,-0.0004803,0.009748
0.002835,-0.000916,0.0101258,0.0028367,-0.0009165,0.0100724
0.002352,-0.001898,0.0101348,0.0023534,-0.0018991,0.0100814
0.002622,-0.002005,0.0101428,0.0026235,-0.0020062,0.0100895
-0.000689,0.002439,0.0141388,-0.000689,0.002439,0.0140792
-0.000279,0.002483,0.0141028,-0.000279,0.002483,0.0140432
-0.000682,0.002521,0.0144868,-0.000682,0.002521,0.014427
-0.001433,0.002483,0.0140918,-0.001433,0.002483,0.0140322
-0.001132,0.002445,0.0141248,-0.001132,0.002445,0.0140652
-0.001369,0.002477,0.0143858,-0.001369,0.002477,0.014326
-0.001121,0.002877,0.0141268,-0.001121,0.0028771,0.0140671
-0.000736,0.002799,0.0142548,-0.000736,0.002799,0.0141951
-0.000719,0.002428,0.0133828,-0.000719,0.0024282,0.013324
-0.000265,0.002504,0.0133808,-0.000265,0.0025042,0.013322
-0.001458,0.00247,0.0137408,-0.0014581,0.0024701,0.0136815
-0.000591,0.002541,0.0116058,-0.0005912,0.0025417,0.0115493
0.000318,0.002605,0.0117318,0.0003181,0.0026057,0.011675
-0.000306,0.002133,0.0120458,-0.000306,0.0021333,0.0119882
-0.001418,0.001837,0.0119388,-0.0014182,0.0018373,0.0118814
-0.001438,0.00184,0.0122608,-0.0014382,0.0018403,0.0122031
-0.000983,0.001393,0.0119758,-0.0009831,0.0013932,0.0119181
-0.000659,0.001433,0.0120158,-0.0006591,0.0014332,0.0119581
-0.000678,0.001886,0.0123248,-0.0006781,0.0018862,0.0122669
-0.000595,-0.000298,0.0080148,-0.000596,-0.0002985,0.0079642
-0.000648,-0.000218,0.0086508,-0.0006488,-0.0002183,0.0085981
-0.001117,5e-05,0.0083288,-0.0011185,5e-05,0.0082778
-0.001374,-0.000317,0.0087328,-0.0013755,-0.0003174,0.0086811
-0.000573,0.000645,0.0108638,-0.0005731,0.0006451,0.0108073
-0.000582,0.000682,0.0113278,-0.0005821,0.0006821,0.0112709
-0.000606,-2.8e-05,0.0106148,-0.0006061,-2.8e-05,0.0105584
-0.000274,-3.6e-05,0.0104988,-0.000274,-3.6e-05,0.0104425
-0.000993,0.001147,0.0102908,-0.0009934,0.0011474,0.0102354
-0.000694,0.001182,0.0103028,-0.0006942,0.0011824,0.0102471
-0.000989,0.000283,0.0110128,-0.0009891,0.000283,0.0109562
-0.002087,-0.00034,0.0094918,-0.0020886,-0.0003403,0.0094391
0.001222,0.000969,0.0083288,0.0012233,0.0009701,0.0082782
0.002721,0.001044,0.0098308,0.0027228,0.0010447,0.009778
0.002394,0.001097,0.0098368,0.0023956,0.0010977,0.0097838
0.000458,0.002507,0.0140738,0.000458,0.002507,0.0140142
0.000149,0.002431,0.0144638,0.000149,0.002431,0.014404
-0.002647,0.001459,0.0099988,-0.0026486,0.0014599,0.0099457
0.001618,0.001812,0.0141498,0.001618,0.001812,0.0140902
0.001526,0.00184,0.0144218,0.001526,0.00184,0.014362
0.000925,-0.000419,0.0154748,0.000925,-0.000419,0.0154148
-0.001068,0.002881,0.0090988,-0.0010688,0.0028831,0.0090473
-0.000717,0.002837,0.0091308,-0.0007175,0.0028391,0.0090792
-0.001416,0.00246,0.0097888,-0.0014169,0.0024616,0.009736
-0.001071,0.002445,0.0098118,-0.0010717,0.0024466,0.0097589
-0.001363,0.002454,0.0101688,-0.0013638,0.0024555,0.0101153
-0.001016,0.002031,0.0097998,-0.0010167,0.0020324,0.0097466
-0.000652,0.002379,0.0097968,-0.0006524,0.0023806,0.0097438
-0.000696,0.002562,0.0102338,-0.0006964,0.0025635,0.0101801
-0.001043,0.000758,0.0083618,-0.0010443,0.0007589,0.0083109
-0.001358,0.000774,0.0087088,-0.0013594,0.0007748,0.0086573
-0.001484,0.001105,0.0087468,-0.0014854,0.001106,0.0086955
-0.002257,0.001874,0.0098638,-0.0022584,0.0018752,0.0098109
-0.001871,0.001842,0.0098278,-0.0018722,0.0018432,0.0097748
-0.002279,0.001845,0.0102038,-0.0022804,0.0018461,0.0101503
0.001287,0.00183,0.0087688,0.0012881,0.0018316,0.0087177
0.001259,0.00172,0.0090498,0.0012601,0.0017214,0.008998
0.00197,0.002133,0.0094068,0.0019714,0.0021345,0.0093547
0.00135,0.002437,0.0097618,0.0013509,0.0024386,0.009709
0.001237,0.002139,0.0101728,0.0012378,0.0021403,0.010119
0.000944,0.002466,0.0097858,0.0009446,0.0024677,0.0097329
0.000923,0.002149,0.0101658,0.0009236,0.0021503,0.0101119
0.001556,0.002099,0.0101488,0.0015569,0.0021003,0.0100952
0.00186,0.002089,0.0101868,0.0018611,0.0020902,0.0101332
-0.000307,-0.00218,0.0141208,-0.000307,-0.00218,0.0140612
-0.000704,-0.002189,0.0143748,-0.000704,-0.002189,0.0143151
0.000113,-0.001873,0.0088268,0.0001131,-0.0018747,0.0087753
0.000135,-0.002642,0.0095378,0.0001351,-0.0026439,0.0094853
-0.000183,-0.002645,0.0103108,-0.0001831,-0.0026465,0.0102569
0.000136,-0.002675,0.0102398,0.0001361,-0.0026766,0.010186
-0.000272,-0.002195,0.0098258,-0.0002722,-0.0021965,0.0097725
-0.001002,-0.001577,0.0084868,-0.001003,-0.0015785,0.0084361
-0.001705,-0.002562,0.0094428,-0.0017062,-0.0025637,0.0093907
-0.001367,-0.002623,0.0094368,-0.0013679,-0.0026248,0.0093847
-0.003202,0.00059,0.0094108,-0.0032041,0.0005904,0.0093588
-0.002904,0.000644,0.0094918,-0.002906,0.0006444,0.0094396
-0.00217,0.001095,0.0098468,-0.0021714,0.0010957,0.0097936
-0.001852,0.00118,0.0097898,-0.0018533,0.0011808,0.0097366
-0.002088,0.001139,0.0101858,-0.0020893,0.0011397,0.0101319
-0.002903,0.000708,0.0105448,-0.0029046,0.0007084,0.0104906
-0.002589,0.0007,0.0105648,-0.0025904,0.0007004,0.0105104
-0.002853,0.000708,0.0108628,-0.0028544,0.0007083,0.0108081
0.0023,-0.002052,0.0141058,0.0023,-0.002052,0.0140462
0.002277,-0.001729,0.0141688,0.002277,-0.001729,0.0141091
0.002241,-0.001692,0.0144418,0.002241,-0.001692,0.014382
0.001963,-0.002603,0.0144868,0.001963,-0.002603,0.014427
0.002339,-0.002656,0.0145368,0.002339,-0.002656,0.0144769
0.001446,-0.000227,0.0080368,0.0014477,-0.0002273,0.0079868
0.000992,-0.000225,0.0081238,0.0009935,-0.0002253,0.0080733
0.00196,0.000714,0.0084298,0.0019619,0.0007147,0.0083793
0.002388,-0.001842,0.0090898,0.0023897,-0.0018433,0.0090383
0.002695,-0.001886,0.0091478,0.0026969,-0.0018873,0.0090963
0.001887,-0.001776,0.0095978,0.0018883,-0.0017772,0.0095452
0.002234,-0.001799,0.0096188,0.0022355,-0.0018002,0.0095663
0.001923,-0.002597,0.0091478,0.0019243,-0.0025988,0.0090963
0.002315,-0.002647,0.0091298,0.0023166,-0.0026488,0.0090784
0.002369,-0.002663,0.0094858,0.0023705,-0.0026647,0.0094338
0.000535,0.002515,0.0097448,0.0005354,0.0025167,0.0096919
0.000205,0.002502,0.0097898,0.0002051,0.0025037,0.0097368
0.000165,0.002446,0.0101588,0.0001651,0.0024475,0.0101051
-0.000296,-0.000871,0.0155248,-0.000296,-0.000871,0.0154648
-0.000713,-0.00047,0.0154608,-0.000713,-0.00047,0.0154008
0.000531,-0.001581,0.0084598,0.0005316,-0.0015827,0.008409
0.00194,0.001402,0.0097938,0.0019413,0.0014029,0.0097407
0.002281,0.001385,0.0098288,0.0022825,0.0013859,0.0097758
0.001543,0.001791,0.0097628,0.0015441,0.0017922,0.0097098
0.0019,0.001729,0.0097588,0.0019013,0.0017302,0.0097059
0.002306,0.001824,0.0104548,0.0023073,0.001825,0.0104008
0.002382,0.001808,0.0107278,0.0023832,0.0018089,0.0106733
-0.000225,-0.001763,0.0144358,-0.000225,-0.001763,0.014376
4.8e-05,-0.001855,0.0144698,4.8e-05,-0.001855,0.01441
-0.000661,-0.001508,0.0142388,-0.000661,-0.001508,0.0141792
-0.001098,-0.002227,0.0133548,-0.0010981,-0.0022271,0.013296
-0.001509,-0.002294,0.0136628,-0.0015091,-0.0022941,0.0136036
-0.000246,-0.000809,0.0115628,-0.000246,-0.0008091,0.0115056
6.6e-05,-0.000736,0.0116208,6.6e-05,-0.0007361,0.0115635
0.00022,-0.000862,0.0118208,0.00022,-0.0008621,0.0117632
-0.000562,-0.000249,0.0115338,-0.000562,-0.000249,0.0114766
-0.000672,-0.001516,0.0120188,-0.0006721,-0.0015162,0.0119611
-0.00101,-0.001024,0.0124938,-0.0010101,-0.0010241,0.0124358
0.001787,-0.001539,0.0098028,0.0017882,-0.00154,0.0097497
0.001806,-0.001192,0.0097858,0.0018073,-0.0011928,0.0097326
-0.002435,9e-05,0.0097518,-0.0024367,9.01e-05,0.0096988
-0.001468,0.001043,0.0141408,-0.001468,0.001043,0.0140812
-0.001028,0.001163,0.0141478,-0.001028,0.001163,0.0140882
-0.001813,0.001367,0.0141948,-0.001813,0.001367,0.0141352
-0.002127,0.00106,0.0138348,-0.0021271,0.00106,0.0137755
-0.000217,0.000795,0.0118638,-0.000217,0.0007951,0.0118062
-0.00065,0.000719,0.0122308,-0.0006501,0.0007191,0.0121729
-0.000356,9.1e-05,0.0119768,-0.000356,9.1e-05,0.0119191
-0.000635,0.00034,0.0124228,-0.0006351,0.00034,0.0123648
-0.002476,-0.000243,0.0138438,-0.0024761,-0.000243,0.0137844
-0.002149,-0.000277,0.0137048,-0.0021491,-0.000277,0.0136456
-0.002885,0.000262,0.0131298,-0.0028853,0.000262,0.0130713
-0.002922,-0.000303,0.0130138,-0.0029223,-0.000303,0.0129554
-0.001798,-0.000822,0.0141508,-0.001798,-0.000822,0.0140912
0.002242,-0.000854,0.0142258,0.002242,-0.000854,0.0141661
0.00126,-0.001439,0.0141438,0.00126,-0.001439,0.0140842
0.001337,-0.001151,0.0140838,0.001337,-0.001151,0.0140243
0.00093,-0.001442,0.0144538,0.00093,-0.001442,0.014394
0.001314,-0.002345,0.0138668,0.001314,-0.0023451,0.0138074
0.001565,0.001157,0.0141028,0.001565,0.001157,0.0140433
0.001922,0.001137,0.0141058,0.001922,0.001137,0.0140462
0.001544,0.001145,0.0144268,0.001544,0.001145,0.014367
-0.001771,-0.001537,0.0099288,-0.0017722,-0.001538,0.0098754
-0.002474,-0.001925,0.0103318,-0.0024754,-0.0019261,0.0102781
-0.002188,-0.001926,0.0101548,-0.0021893,-0.0019272,0.0101013
0.002387,0.001794,0.0134198,0.0023872,0.0017941,0.0133609
0.001585,0.001843,0.0133898,0.0015851,0.0018431,0.013331
0.001986,0.001808,0.0134018,0.0019861,0.0018081,0.0133429
0.001605,0.001719,0.0138248,0.0016051,0.0017191,0.0137655
0.002025,0.002167,0.0134538,0.0020251,0.0021671,0.0133948
0.001862,0.002596,0.0126228,0.0018624,0.0025965,0.0125651
0.001577,0.002433,0.0130438,0.0015772,0.0024333,0.0129854
-0.001438,0.001207,0.0091068,-0.0014393,0.001208,0.0090547
-0.001423,0.001143,0.0094288,-0.0014241,0.0011439,0.0093759
-0.001067,0.00067,0.0090968,-0.001068,0.0006706,0.0090439
-0.002097,0.000745,0.0098368,-0.0020984,0.0007455,0.0097835
-0.001805,0.00081,0.0098298,-0.0018062,0.0008105,0.0097762
-0.002179,0.000744,0.0101548,-0.0021803,0.0007445,0.0101009
0.002293,-0.001979,0.0133688,0.0022932,-0.0019791,0.0133099
0.00229,-0.002665,0.0137828,0.0022901,-0.0026651,0.0137235
0.001865,-0.001563,0.0138008,0.0018651,-0.0015631,0.0137415
-0.001078,-0.00217,0.0097598,-0.0010787,-0.0021715,0.0097068
-0.001324,-0.002273,0.0101528,-0.0013248,-0.0022744,0.0100992
-0.001703,-0.002512,0.0098118,-0.0017041,-0.0025136,0.009759
-0.001385,-0.002695,0.0098028,-0.0013859,-0.0026967,0.0097501
-0.00139,-0.002658,0.0101628,-0.0013908,-0.0026596,0.0101094
-0.001651,-0.000358,0.0096548,-0.0016522,-0.0003582,0.0096012
-0.002781,-0.000697,0.0104698,-0.0027825,-0.0006974,0.0104157
-0.002541,-0.000851,0.0105148,-0.0025424,-0.0008515,0.0104605
-0.00327,-0.000449,0.0111678,-0.0032715,-0.0004492,0.0111128
-0.002937,-0.000419,0.0111838,-0.0029383,-0.0004192,0.0111285
-0.00282,-0.000812,0.0107928,-0.0028214,-0.0008124,0.0107382
-0.002511,-0.000863,0.0108278,-0.0025122,-0.0008634,0.0107729
-0.002857,-0.000493,0.0108328,-0.0028584,-0.0004932,0.0107781
-0.002956,-0.000265,0.0108358,-0.0029575,-0.0002651,0.0107811
-0.001734,-0.001821,0.0103298,-0.001735,-0.001822,0.0102757
-0.001781,-0.002246,0.0105558,-0.001782,-0.0022472,0.0105016
-0.002043,-0.002303,0.0109108,-0.002044,-0.0023041,0.0108561
-0.002153,-0.001905,0.0109098,-0.002154,-0.0019059,0.0108549
0.001254,0.001367,0.0098128,0.0012548,0.0013679,0.0097591
0.001195,0.001699,0.0098098,0.0011958,0.0017002,0.0097564
0.001246,0.001364,0.0101428,0.0012467,0.0013647,0.0100883
0.000902,0.001389,0.0101838,0.0009024,0.0013896,0.0101289
5.7e-05,-0.001868,0.0094828,5.7e-05,-0.0018695,0.0094299
-0.00068,0.002467,0.0105488,-0.0006804,0.0024683,0.0104943
-0.000267,0.002533,0.0105408,-0.0002671,0.0025344,0.0104863
-0.00068,0.002476,0.0109548,-0.0006803,0.0024771,0.0108995
0.000103,0.002822,0.0112628,0.000103,0.0028232,0.0112072
0.000179,0.002826,0.0109038,0.0001791,0.0028274,0.0108489
0.000487,0.002826,0.0109088,0.0004872,0.0028274,0.0108539
-0.000252,0.002836,0.0109328,-0.0002521,0.0028374,0.0108779
0.002302,-0.000334,0.0095048,0.0023037,-0.0003342,0.0094522
0.001297,0.000466,0.0087918,0.0012984,0.0004665,0.0087399
0.001333,0.000354,0.0090898,0.0013343,0.0003543,0.0090372
0.002767,0.000295,0.0104498,0.0027685,0.0002952,0.0103957
0.000156,0.001118,0.0080688,0.0001562,0.0011196,0.0080185
-0.000202,0.001064,0.0075438,-0.0002023,0.0010655,0.0074951
7.2e-05,0.001103,0.0073778,7.21e-05,0.0011045,0.0073297
0.001505,0.00112,0.0097938,0.001506,0.0011208,0.0097402
0.001873,0.001043,0.0097598,0.0018743,0.0010437,0.0097065
0.00155,0.001114,0.0101258,0.0015509,0.0011146,0.0100715
0.002743,0.001212,0.0102178,0.0027446,0.0012127,0.0101643
0.002679,0.001126,0.0105128,0.0026805,0.0011266,0.0104586
-0.000627,0.001833,0.0141228,-0.000627,0.001833,0.0140632
-0.000257,0.001759,0.0141398,-0.000257,0.001759,0.0140802
-0.001528,0.001871,0.0140268,-0.001528,0.001871,0.0139673
-0.001158,0.001815,0.0141388,-0.001158,0.001815,0.0140792
-0.001463,0.001865,0.0144408,-0.001463,0.001865,0.014381
0.002255,-0.000244,0.0144068,0.002255,-0.000244,0.014347
0.00016,0.001897,0.0140758,0.00016,0.001897,0.0140163
0.000102,0.002489,0.0137178,0.000102,0.0024891,0.0136586
-0.001479,-0.001931,0.0138028,-0.001479,-0.0019311,0.0137435
-0.00109,-0.003084,0.0127838,-0.0010902,-0.0030846,0.0127259
-0.001484,-0.002684,0.0130628,-0.0014842,-0.0026843,0.0130044
0.002322,-0.002367,0.0100918,0.0023234,-0.0023684,0.0100387
0.000399,-0.00215,0.0098848,0.0003993,-0.0021514,0.0098314
0.00014,-0.002237,0.0101188,0.0001401,-0.0022384,0.0100649
0.001268,-0.00153,0.0097668,0.0012689,-0.001531,0.0097134
0.001218,-0.001162,0.0097688,0.0012188,-0.0011627,0.0097149
0.001192,-0.001579,0.0100758,0.0011927,-0.0015799,0.0100217
0.0012,-0.000755,0.0098428,0.0012006,-0.0007554,0.0097883
0.001284,-0.00042,0.0097628,0.0012847,-0.0004202,0.0097084
0.001222,-0.000825,0.0101268,0.0012225,-0.0008253,0.0100717
0.001217,-0.001145,0.0101628,0.0012176,-0.0011455,0.010108
0.001464,-0.001081,0.0102168,0.0014647,-0.0010815,0.0101621
0.001222,-0.001237,0.0105158,0.0012224,-0.0012375,0.0104603
0.00126,-0.001545,0.0105158,0.0012606,-0.0015457,0.0104607
0.001195,-0.001508,0.0108398,0.0011954,-0.0015085,0.0107839
0.0009,-0.000533,0.0098428,0.0009003,-0.0005332,0.0097877
0.000888,-0.000823,0.0101768,0.0008883,-0.0008232,0.0101212
0.000887,-0.001167,0.0104918,0.0008873,-0.0011673,0.010436
0.00091,-0.001577,0.0108558,0.0009103,-0.0015774,0.0107998
0.00131,-0.000797,0.0119118,0.0013102,-0.0007971,0.0118542
0.001349,-0.000461,0.0119268,0.0013491,-0.000461,0.0118692
0.001334,-0.000757,0.0122498,0.0013342,-0.0007571,0.0121919
0.000892,-0.00015,0.0115948,0.0008921,-0.00015,0.0115375
0.00104,-0.000449,0.0119768,0.0010401,-0.000449,0.0119191
0.000993,-0.000757,0.0122468,0.0009931,-0.0007571,0.0121889
0.000548,-0.000373,0.0119408,0.0005481,-0.000373,0.0118831
0.0005,-0.000742,0.0120128,0.0005001,-0.0007421,0.011955
0.000492,-0.001168,0.0126758,0.0004921,-0.0011681,0.0126178
0.000862,-0.003048,0.0111818,0.0008624,-0.0030494,0.0111266
0.000885,-0.002694,0.0112258,0.0008854,-0.0026951,0.0111703
0.000879,-0.003076,0.0115568,0.0008793,-0.0030772,0.011501
0.00089,-0.003112,0.0119218,0.0008903,-0.0031131,0.0118654
0.000939,-0.002641,0.0119638,0.0009392,-0.0026417,0.0119068
0.000946,-0.003071,0.0122598,0.0009463,-0.0030719,0.0122028
0.001937,0.002152,0.0097688,0.0019383,0.0021534,0.0097161
0.002321,0.002197,0.0097588,0.0023225,0.0021984,0.0097062
0.001908,0.001466,0.0105168,0.001909,0.0014668,0.0104622
0.002229,0.001503,0.0104708,0.0022302,0.0015038,0.0104166
0.001549,0.001897,0.0104448,0.0015499,0.0018981,0.0103904
0.001903,0.001782,0.0104168,0.0019041,0.001783,0.0103626
0.002289,0.001419,0.0109278,0.0022901,0.0014197,0.0108727
0.002578,0.001394,0.0108548,0.0025793,0.0013947,0.0108
0.002346,0.001652,0.0109468,0.0023471,0.0016528,0.0108918
0.002305,0.001802,0.0112218,0.002306,0.0018028,0.0111664
0.002556,0.002013,0.0117678,0.002557,0.0020138,0.0117117
0.002356,0.001382,0.0116708,0.0023567,0.0013824,0.0116143
0.001344,-0.001504,0.0133678,0.0013441,-0.0015041,0.0133091
0.00124,-0.001244,0.0134728,0.0012401,-0.0012441,0.013414
0.001223,-0.001481,0.0136398,0.0012231,-0.0014811,0.0135807
0.001364,-0.001914,0.0138868,0.001364,-0.0019141,0.0138274
0.000965,-0.001155,0.0133748,0.0009651,-0.0011551,0.0133161
0.00094,-0.00147,0.0136638,0.00094,-0.0014701,0.0136047
0.001377,-0.002288,0.0131268,0.0013771,-0.0022882,0.0130683
0.001254,-0.00076,0.0141308,0.001254,-0.00076,0.0140713
0.001324,-0.000433,0.0141298,0.001324,-0.000433,0.0140703
0.001268,-0.000785,0.0144168,0.001268,-0.000785,0.0143571
0.001225,-0.001104,0.0148498,0.001225,-0.001104,0.0147899
0.000927,-0.000761,0.0141338,0.000927,-0.000761,0.0140743
0.000914,-0.000451,0.0141288,0.000914,-0.000451,0.0140693
0.000923,-0.000823,0.0144208,0.000923,-0.000823,0.0143611
-0.001043,0.001418,0.0098918,-0.0010437,0.0014189,0.0098378
-0.000736,0.00143,0.0098888,-0.0007364,0.0014308,0.0098345
-0.001506,0.00182,0.0097888,-0.001507,0.0018212,0.0097357
-0.001143,0.001761,0.0097608,-0.0011438,0.0017622,0.0097075
-0.001504,0.001863,0.0101918,-0.0015049,0.0018641,0.0101379
-0.001804,0.002006,0.0102748,-0.001805,0.0020072,0.010221
-0.002243,0.001829,0.0105598,-0.0022442,0.00183,0.0105056
-0.001884,0.001873,0.0105448,-0.001885,0.001874,0.0104904
-0.00219,0.001807,0.0108968,-0.0021911,0.0018079,0.0108419
-0.001798,0.002169,0.0113288,-0.0017987,0.0021699,0.0112731
-0.00149,0.002154,0.0112698,-0.0014906,0.0021548,0.011214
-0.001434,0.002216,0.0109658,-0.0014346,0.002217,0.0109106
-0.001112,0.002157,0.0109408,-0.0011125,0.0021579,0.0108854
-0.001429,-0.002235,0.0129218,-0.0014292,-0.0022352,0.0128635
-0.002171,-0.001869,0.0130738,-0.0021712,-0.0018692,0.0130153
-0.001761,-0.002615,0.0124408,-0.0017614,-0.0026156,0.0123834
-0.001442,-0.002679,0.0124248,-0.0014423,-0.0026796,0.0123673
-0.001759,-0.002187,0.0119098,-0.0017595,-0.0021876,0.0118529
-0.002154,-0.002299,0.0121658,-0.0021546,-0.0022997,0.0121089
-0.001069,4e-05,0.0133158,-0.0010691,4e-05,0.0132572
-0.001021,0.000733,0.0133798,-0.0010211,0.000733,0.0133211
-0.001408,0.000761,0.0137318,-0.0014081,0.000761,0.0136727
-0.00103,-0.000817,0.0135168,-0.0010301,-0.000817,0.013458
-0.001762,0.000834,0.0126258,-0.0017622,0.0008341,0.0125678
-0.00219,0.00073,0.0130148,-0.0021902,0.0007301,0.0129564
-0.002042,-0.000376,0.0130438,-0.0020422,-0.000376,0.0129854
-0.002914,0.000657,0.0126438,-0.0029145,0.0006571,0.012586
-0.002606,0.000697,0.0127158,-0.0026063,0.0006971,0.0126577
-0.00285,0.000733,0.0129558,-0.0028503,0.0007331,0.0128975
-0.003265,-0.000464,0.0123978,-0.0032659,-0.0004641,0.0123406
-0.002919,-0.000446,0.0123288,-0.0029196,-0.0004461,0.0122714
0.000183,0.00184,0.0098418,0.0001831,0.0018412,0.009788
0.000172,0.001849,0.0101928,0.0001721,0.0018499,0.0101382
0.000207,0.00252,0.0106978,0.0002071,0.0025213,0.010643
0.000519,0.002849,0.0112348,0.0005192,0.0028502,0.0111794
0.000107,0.002808,0.0116658,0.000107,0.0028089,0.0116094
-0.000233,-0.001832,0.0139258,-0.000233,-0.0018321,0.0138664
0.000483,-0.002142,0.0127288,0.0004831,-0.0021422,0.0126707
0.00013,-0.002266,0.0129578,0.00013,-0.0022662,0.0128995
0.000101,-0.002706,0.0130538,0.000101,-0.0027063,0.0129953
-0.001794,7.1e-05,0.0098888,-0.0017951,7.1e-05,0.0098349
-0.002544,5e-05,0.0105158,-0.0025454,5e-05,0.0104614
-0.002911,0.0003,0.0109518,-0.0029124,0.0003001,0.0108969
0.002828,-0.000779,0.0126548,0.0028285,-0.0007791,0.0125969
0.002784,-0.000438,0.0125448,0.0027845,-0.0004381,0.012487
0.002733,-0.000834,0.0129598,0.0027333,-0.0008341,0.0129015
0.002381,-0.001733,0.0129528,0.0023813,-0.0017332,0.0128945
0.0028,-0.00116,0.0125928,0.0028005,-0.0011602,0.0125351
0.001256,0.000317,0.0147998,0.001256,0.000317,0.0147399
0.001802,-8e-05,0.0137868,0.0018021,-8e-05,0.0137276
0.000924,-0.000266,0.0137488,0.000924,-0.000266,0.0136897
0.000863,-0.000239,0.0139908,0.000863,-0.000239,0.0139314
0.000898,0.000438,0.0123098,0.0008981,0.0004381,0.0122519
0.000997,0.000348,0.0126548,0.0009971,0.000348,0.0125968
0.00054,0.001379,0.0116678,0.0005401,0.0013791,0.0116104
0.000546,0.00112,0.0118938,0.0005461,0.0011201,0.0118362
0.00051,0.000698,0.0119338,0.0005101,0.0006981,0.0118761
0.000228,0.000753,0.0121758,0.000228,0.0007531,0.0121179
0.000538,0.001242,0.0123658,0.0005381,0.0012422,0.0123079
0.002696,-0.000441,0.0133678,0.0026962,-0.000441,0.013309
0.00272,0.001069,0.0126218,0.0027205,0.0010692,0.012564
0.002385,0.001112,0.0130298,0.0023852,0.0011121,0.0129714
0.002676,0.000963,0.0133468,0.0026762,0.0009631,0.013288
0.002359,0.001364,0.0131388,0.0023592,0.0013641,0.0130802
0.001866,0.002093,0.0123478,0.0018664,0.0020934,0.0122902
-0.00247,-0.000691,0.0127128,-0.0024703,-0.0006911,0.0126547
0.00239,-0.001515,0.0108838,0.0023912,-0.0015157,0.0108289
0.002631,-0.001545,0.0109328,0.0026323,-0.0015458,0.010878
0.002406,-0.001266,0.0109368,0.0024071,-0.0012666,0.0108817
0.00276,-0.001103,0.0109688,0.0027613,-0.0011035,0.0109139
0.002304,-0.0008,0.0108998,0.002305,-0.0008003,0.0108445
0.002673,-0.00085,0.0109048,0.0026743,-0.0008504,0.0108499
0.00232,-0.001188,0.0112748,0.0023209,-0.0011884,0.0112189
0.002698,-0.001171,0.0112128,0.0026992,-0.0011715,0.0111574
0.002288,-0.001861,0.0111778,0.002289,-0.0018618,0.0111225
0.002324,-0.001512,0.0115638,0.0023248,-0.0015125,0.0115075
-0.001815,0.001401,0.0134888,-0.0018151,0.0014011,0.0134299
-0.001531,0.001453,0.0135318,-0.0015311,0.0014531,0.0134728
0.000205,0.00079,0.0086688,0.0002053,0.000791,0.0086163
0.000103,0.001141,0.0087878,0.0001031,0.0011423,0.0087356
-0.000664,0.002477,0.0127098,-0.0006641,0.0024773,0.0126517
-0.000315,0.00246,0.0126928,-0.000315,0.0024603,0.0126347
-0.000646,0.002568,0.0130528,-0.0006461,0.0025682,0.0129943
-0.001408,0.002468,0.0126588,-0.0014082,0.0024684,0.0126008
-0.001055,0.002459,0.0126328,-0.0010551,0.0024593,0.0125748
-0.001443,0.002432,0.0130548,-0.0014432,0.0024322,0.0129964
-0.000945,0.002476,0.0131628,-0.0009451,0.0024762,0.0131042
-0.000234,0.002509,0.0119978,-0.000234,0.0025095,0.0119405
-0.001096,0.002923,0.0119048,-0.0010964,0.002924,0.0118483
-0.000721,0.002871,0.0119368,-0.0007212,0.0028719,0.0118801
-0.001437,0.00248,0.0122838,-0.0014373,0.0024805,0.0122264
0.000452,-0.00078,0.0083938,0.0004526,-0.0007811,0.0083423
0.001552,0.001869,0.0126828,0.0015522,0.0018692,0.0126247
0.001891,0.001836,0.0126558,0.0018913,0.0018363,0.0125978
0.001619,0.001856,0.0130018,0.0016192,0.0018562,0.0129434
0.002289,-0.001933,0.0126248,0.0022894,-0.0019334,0.012567
0.002608,-0.001955,0.0124898,0.0026086,-0.0019555,0.0124324
0.002713,-0.002346,0.0130828,0.0027135,-0.0023464,0.0130246
0.002264,-0.00155,0.0126508,0.0022643,-0.0015502,0.0125928
-0.000685,0.001192,0.0140818,-0.000685,0.001192,0.0140223
-0.000323,0.001132,0.0140358,-0.000323,0.001132,0.0139764
-0.000567,0.001166,0.0144708,-0.000567,0.001166,0.014411
-0.001148,-7e-06,0.0106488,-0.0011482,-7e-06,0.0105926
-0.00211,-0.000444,0.0109008,-0.0021108,-0.0004441,0.0108451
-0.002482,8.2e-05,0.0112158,-0.0024829,8.2e-05,0.0111599
-0.003303,0.000629,0.0111968,-0.0033045,0.0006293,0.0111417
-0.00291,0.000291,0.0116508,-0.002911,0.0002911,0.0115946
0.002349,-0.000288,0.0101768,0.0023504,-0.0002882,0.0101229
0.001331,0.000318,0.0104888,0.0013313,0.0003181,0.0104329
0.001352,-0.000382,0.0094538,0.001353,-0.0003823,0.0094002
0.000841,-0.000226,0.0094338,0.0008414,-0.0002261,0.0093793
0.000847,-0.000294,0.0097098,0.0008473,-0.0002941,0.0096548
0.002747,-0.000863,0.0112118,0.0027482,-0.0008634,0.0111564
-0.000165,0.001784,0.0103718,-0.0001651,0.0017848,0.0103167
-0.000262,0.002121,0.0113208,-0.0002621,0.0021215,0.0112643
7.1e-05,0.002104,0.0112758,7.1e-05,0.0021045,0.0112193
-0.000233,0.002469,0.0112318,-0.0002331,0.0024699,0.0111758
0.000121,0.002472,0.0112788,0.000121,0.0024728,0.0112228
0.000101,0.002101,0.0109308,0.000101,0.0021017,0.0108749
0.000451,0.002099,0.0109688,0.0004511,0.0020997,0.0109129
0.000164,0.002431,0.0109368,0.0001641,0.002432,0.0108814
-0.000638,0.002136,0.0109118,-0.0006382,0.0021368,0.0108561
-0.000281,0.00213,0.0109348,-0.0002811,0.0021307,0.010879
-0.001045,0.002856,0.0105678,-0.0010456,0.0028575,0.0105136
-0.000709,0.002767,0.0106528,-0.0007094,0.0027685,0.0105984
-0.001062,0.002181,0.0112548,-0.0010624,0.0021817,0.0111987
-0.002121,0.001439,0.0109118,-0.002122,0.0014397,0.0108566
-0.001797,0.001372,0.0108998,-0.0017977,0.0013725,0.0108443
-0.002486,0.001421,0.0113558,-0.002487,0.0014216,0.0113001
-0.002168,0.0014,0.0112888,-0.0021688,0.0014005,0.0112329
-0.000712,0.001033,0.0094288,-0.0007125,0.0010337,0.009375
-0.001481,0.001159,0.0102728,-0.0014817,0.0011596,0.010218
-0.001799,0.001414,0.0112868,-0.0017995,0.0014144,0.0112305
-0.001831,0.001786,0.0112518,-0.0018317,0.0017867,0.0111959
-0.001466,0.001784,0.0112358,-0.0014664,0.0017845,0.0111796
-0.001267,0.001944,0.0117368,-0.0012673,0.0019444,0.0116797
-0.001441,0.001405,0.0109288,-0.0014415,0.0014054,0.0108728
-0.001105,0.001363,0.0109288,-0.0011053,0.0013633,0.0108725
-0.002235,0.001841,0.0112438,-0.002236,0.0018418,0.0111883
0.002204,-0.000364,0.0138078,0.0022041,-0.000364,0.0137485
-0.000229,-0.001872,0.0103058,-0.0002291,-0.0018729,0.010251
7.4e-05,-0.001908,0.0102618,7.4e-05,-0.001909,0.0102071
-0.000243,-0.002635,0.0112248,-0.0002431,-0.002636,0.0111691
0.000116,-0.00262,0.0112648,0.000116,-0.002621,0.011209
0.000113,-0.003017,0.0108458,0.0001131,-0.0030185,0.0107911
0.000136,-0.00267,0.0108848,0.0001361,-0.0026713,0.0108298
-0.000547,-0.002991,0.0108558,-0.0005473,-0.0029925,0.0108011
-0.00025,-0.003029,0.0108348,-0.0002501,-0.0030305,0.0107802
-0.000707,-0.002562,0.0109598,-0.0007073,-0.0025632,0.0109046
-0.00062,-0.003108,0.0115818,-0.0006202,-0.0031092,0.0115259
0.000136,-0.001066,0.0094458,0.0001361,-0.0010667,0.0093916
-0.001117,-0.00158,0.0099668,-0.0011177,-0.001581,0.0099129
-0.001389,-0.002212,0.0104768,-0.0013898,-0.0022132,0.0104225
-0.001338,-0.002254,0.0108678,-0.0013386,-0.0022551,0.0108128
-0.001393,-0.002657,0.0105468,-0.0013938,-0.0026584,0.0104927
-0.001819,-0.002607,0.0109358,-0.0018199,-0.0026083,0.0108811
-0.000254,-0.002135,0.0125938,-0.000254,-0.0021353,0.0125358
-0.000668,-0.002277,0.0129488,-0.0006681,-0.0022772,0.0128905
-0.002162,0.001041,0.0109148,-0.0021629,0.0010414,0.0108594
0.001624,0.001085,0.0105798,0.0016247,0.0010854,0.0105244
0.001906,0.001104,0.0105118,0.001907,0.0011045,0.010457
0.001579,0.000969,0.0108698,0.0015795,0.0009693,0.0108138
0.002408,0.001086,0.0112868,0.0024089,0.0010864,0.011231
0.00267,0.001094,0.0112388,0.0026711,0.0010945,0.0111833
0.002464,0.001071,0.0115388,0.0024648,0.0010714,0.0114825
0.001242,0.001028,0.0097428,0.0012428,0.0010287,0.0096889
0.001571,0.002169,0.0110038,0.0015717,0.00217,0.0109486
0.001859,0.002252,0.0108138,0.0018599,0.0022531,0.0107591
0.001931,0.002151,0.0112548,0.0019318,0.0021519,0.0111993
0.002289,0.002217,0.0112348,0.00229,0.002218,0.0111796
0.001522,0.002216,0.0116048,0.0015225,0.0022167,0.0115484
0.001865,0.002085,0.0115388,0.0018656,0.0020857,0.0114826
0.002125,0.001975,0.0117718,0.0021257,0.0019756,0.0117153
0.001245,0.001724,0.0104768,0.0012456,0.0017249,0.010422
0.001245,0.002127,0.0112638,0.0012454,0.0021277,0.0112078
0.001157,0.002416,0.0111978,0.0011575,0.002417,0.0111422
0.001218,0.002157,0.0115338,0.0012183,0.0021576,0.0114773
0.00087,0.002444,0.0112288,0.0008703,0.0024449,0.011173
0.000876,0.002114,0.0115568,0.0008762,0.0021145,0.0115
-0.001794,-0.001596,0.0105148,-0.001795,-0.0015969,0.0104602
-0.0021,-0.001527,0.0108688,-0.002101,-0.0015277,0.0108137
-0.001799,-0.001594,0.0107998,-0.0017998,-0.0015947,0.0107446
-0.002115,-0.002149,0.0111808,-0.0021159,-0.00215,0.0111255
-0.002072,-0.00228,0.0114648,-0.0020728,-0.0022809,0.0114091
-0.000974,-0.000299,0.0145528,-0.000974,-0.000299,0.014493
-0.001775,-0.000844,0.0128088,-0.0017752,-0.0008441,0.0127507
-0.00024,-2.6e-05,0.0140768,-0.00024,-2.6e-05,0.0140174
-0.001792,-3e-05,0.0127068,-0.0017922,-3e-05,0.0126487
-0.002156,-0.000268,0.0122718,-0.0021563,-0.000268,0.012214
0.000194,0.00249,0.0126358,0.000194,0.0024903,0.0125778
0.000513,0.002476,0.0126138,0.0005131,0.0024763,0.0125558
0.000218,0.002455,0.0129668,0.000218,0.0024552,0.0129084
0.002383,-0.001932,0.0104738,0.0023843,-0.0019331,0.0104198
0.002756,-0.001972,0.0104538,0.0027575,-0.0019731,0.0104
0.001995,-0.001819,0.0110178,0.0019959,-0.0018198,0.0109626
0.001506,-0.001513,0.0109918,0.0015065,-0.0015135,0.0109359
0.001575,-0.001175,0.0109308,0.0015755,-0.0011754,0.0108748
-0.000751,-0.00035,0.0093718,-0.0007514,-0.0003502,0.0093174
-0.000564,3e-05,0.0083998,-0.0005648,3e-05,0.0083477
-0.000225,2.8e-05,0.0083778,-0.0002254,2.8e-05,0.0083253
-0.0014,0.0025,0.0112218,-0.0014006,0.0025011,0.0111663
-0.001096,0.002485,0.0112518,-0.0010964,0.002486,0.0111961
-0.001481,0.002143,0.0116378,-0.0014814,0.0021436,0.0115812
-0.001033,0.002116,0.0116688,-0.0010332,0.0021164,0.0116118
-0.002199,-0.001602,0.0112068,-0.0021999,-0.0016027,0.0111512
-0.002553,-0.001177,0.0111938,-0.0025541,-0.0011775,0.0111383
-0.002148,-0.00194,0.0116538,-0.0021487,-0.0019407,0.0115975
0.002003,0.001855,0.0112358,0.0020038,0.0018558,0.0111802
0.001703,0.001784,0.0112368,0.0017036,0.0017846,0.0111808
0.001701,0.001967,0.0117608,0.0017014,0.0019675,0.0117039
0.001913,0.001458,0.0108828,0.0019138,0.0014586,0.0108275
0.001521,0.001703,0.0109528,0.0015216,0.0017037,0.0108972
0.001888,0.00143,0.0112618,0.0018886,0.0014305,0.0112057
0.002291,0.001437,0.0112428,0.0022919,0.0014376,0.0111871
0.001488,0.001379,0.0116418,0.0014882,0.0013792,0.0115846
8.6e-05,-0.001187,0.0144428,8.6e-05,-0.001187,0.0143831
0.000463,-0.000811,0.0141898,0.000463,-0.000811,0.0141302
0.000482,-0.001527,0.0100258,0.0004822,-0.0015278,0.0099711
0.000541,-0.003036,0.0111868,0.0005412,-0.0030374,0.0111316
0.000499,-0.002682,0.0112538,0.0004992,-0.0026831,0.0111981
0.000173,-0.00304,0.0116038,0.0001731,-0.0030412,0.0115478
0.001315,-0.00151,0.0126918,0.0013151,-0.0015102,0.0126337
0.000907,-0.001148,0.0126478,0.0009071,-0.0011481,0.0125898
0.001239,0.001068,0.0140748,0.001239,0.001068,0.0140153
-0.00143,0.001875,0.0126408,-0.0014302,0.0018752,0.0125827
-0.001009,0.001831,0.0125898,-0.0010091,0.0018312,0.0125318
-0.001486,0.001824,0.0129918,-0.0014861,0.0018242,0.0129334
-0.002218,0.001832,0.0126168,-0.0022184,0.0018323,0.0125589
-0.002175,0.00185,0.0129428,-0.0021753,0.0018502,0.0128845
-0.002211,0.001913,0.0119498,-0.0022116,0.0019135,0.011893
-0.001903,0.001886,0.0119828,-0.0019034,0.0018864,0.0119256
-0.002193,0.001838,0.0122498,-0.0021935,0.0018384,0.0121924
-0.001376,0.001223,0.0126518,-0.0013762,0.0012231,0.0125937
-0.001039,0.001226,0.0126548,-0.0010391,0.0012261,0.0125968
-0.001407,0.001246,0.0130178,-0.0014071,0.0012461,0.0129595
-0.002189,0.001065,0.0123698,-0.0021893,0.0010652,0.012312
0.00193,-0.000255,0.0131258,0.0019302,-0.000255,0.0130673
0.002289,-0.000313,0.0129408,0.0022892,-0.000313,0.0128825
0.000397,-0.001573,0.0135328,0.000397,-0.0015731,0.0134739
0.000109,-0.001059,0.0136968,0.000109,-0.001059,0.0136378
-0.000602,-0.001527,0.0127268,-0.0006021,-0.0015272,0.0126687
0.000128,-0.002721,0.0123688,0.000128,-0.0027215,0.0123112
-0.001042,-0.002182,0.0119558,-0.0010422,-0.0021824,0.0118984
-0.001383,-0.002227,0.0123258,-0.0013832,-0.0022274,0.0122681
0.000475,-0.001527,0.0127398,0.0004751,-0.0015272,0.0126817
0.001932,0.001043,0.0111678,0.0019326,0.0010433,0.0111116
0.001509,0.001027,0.0115078,0.0015092,0.0010271,0.0114508
0.002343,-0.001965,0.0118918,0.0023437,-0.0019656,0.0118353
0.002727,-0.001891,0.0118818,0.002728,-0.0018917,0.0118255
0.000525,0.002477,0.0112678,0.0005252,0.0024779,0.0112119
0.001021,0.002608,0.0110678,0.0010215,0.0026092,0.0110126
-0.00023,0.001439,0.0112068,-0.00023,0.0014392,0.01115
0.000104,0.001351,0.0112738,0.000104,0.0013512,0.011217
-0.000243,0.001739,0.0112498,-0.000243,0.0017393,0.0111931
5.7e-05,0.001711,0.0112498,5.7e-05,0.0017113,0.0111931
-0.000484,0.001681,0.0112088,-0.0004841,0.0016813,0.0111522
0.000127,0.001383,0.0108938,0.000127,0.0013832,0.0108374
0.000449,0.001393,0.0109118,0.0004491,0.0013933,0.0108554
-0.000604,0.001421,0.0108738,-0.0006041,0.0014213,0.0108174
-0.00027,0.001369,0.0108978,-0.00027,0.0013692,0.0108414
-0.000548,0.001685,0.0109558,-0.0005481,0.0016854,0.0108995
-0.001027,0.001501,0.0112468,-0.0010272,0.0015013,0.0111901
-0.000692,0.001481,0.0112108,-0.0006921,0.0014812,0.0111541
-0.000699,0.001453,0.0116028,-0.0006991,0.0014532,0.0115456
-0.000284,0.001389,0.0116548,-0.000284,0.0013891,0.0115975
-0.001013,0.00076,0.0105158,-0.0010132,0.0007602,0.0104598
-0.00136,0.000663,0.0108398,-0.0013603,0.0006631,0.0107835
-0.001427,0.001007,0.0109468,-0.0014273,0.0010072,0.0108905
-0.001818,0.001023,0.0112638,-0.0018184,0.0010232,0.0112073
-0.002139,0.000701,0.0112828,-0.0021396,0.0007012,0.0112265
-0.00188,0.000743,0.0113538,-0.0018804,0.0007431,0.0112971
-0.002099,0.000695,0.0115928,-0.0020994,0.0006951,0.0115359
-0.000186,-0.001954,0.0110588,-0.0001861,-0.0019545,0.0110026
9.4e-05,-0.001995,0.0109808,9.4e-05,-0.0019956,0.0109247
0.000455,-0.00161,0.0109218,0.0004551,-0.0016104,0.0108655
0.000134,-0.001203,0.0108648,0.000134,-0.0012032,0.0108084
0.00022,-0.002233,0.0115938,0.00022,-0.0022334,0.0115369
-0.000559,-0.00155,0.0108558,-0.0005591,-0.0015504,0.0107996
-0.000237,-0.001574,0.0108278,-0.000237,-0.0015744,0.0107716
-0.000609,-0.002248,0.0112228,-0.0006092,-0.0022487,0.0111667
-0.000298,-0.002237,0.0112678,-0.0002981,-0.0022376,0.0112115
-0.000559,-0.002239,0.0114848,-0.0005591,-0.0022395,0.0114281
0.001535,0.001215,0.0127028,0.0015352,0.0012151,0.0126447
0.001887,0.001178,0.0126408,0.0018872,0.0011781,0.0125827
0.001583,0.001152,0.0130218,0.0015832,0.0011521,0.0129635
-0.001324,-0.001507,0.0108518,-0.0013244,-0.0015075,0.010796
-0.001437,-0.001166,0.0108738,-0.0014374,-0.0011663,0.0108178
-0.001376,-0.002268,0.0115758,-0.0013764,-0.0022687,0.0115194
-0.001727,-0.001532,0.0112878,-0.0017275,-0.0015324,0.0112315
-0.001669,-0.001341,0.0117658,-0.0016693,-0.0013412,0.0117085
-0.002141,-0.000834,0.0108478,-0.0021419,-0.0008343,0.0107924
-0.001853,-0.000825,0.0109748,-0.0018536,-0.0008252,0.0109188
-0.002155,-0.001226,0.0112738,-0.0021557,-0.0012264,0.0112178
-0.002011,-0.001508,0.0116768,-0.0020115,-0.0015084,0.01162
-0.00227,-0.00156,0.0115548,-0.0022708,-0.0015605,0.0114986
-0.001763,-0.001885,0.0117958,-0.0017634,-0.0018855,0.0117388
-0.001443,-0.001886,0.0116328,-0.0014433,-0.0018864,0.0115759
-0.001783,-0.002694,0.0117078,-0.0017837,-0.002695,0.0116518
-0.001412,-0.002658,0.0116598,-0.0014125,-0.002659,0.0116036
-0.002498,-0.000779,0.0112078,-0.002499,-0.0007793,0.0111521
-0.002848,-0.000827,0.0116378,-0.002849,-0.0008273,0.0115816
0.002405,0.001817,0.0119778,0.0024057,0.0018176,0.0119211
0.001513,0.001782,0.0119118,0.0015133,0.0017823,0.0118545
0.001884,0.001777,0.0119218,0.0018844,0.0017774,0.0118646
0.001489,0.001649,0.0122158,0.0014892,0.0016492,0.012158
0.001927,0.002156,0.0119588,0.0019275,0.0021566,0.0119019
0.001929,-0.001525,0.0112078,0.0019297,-0.0015255,0.0111519
0.00231,-0.001505,0.0112138,0.002311,-0.0015056,0.0111582
0.001941,-0.00119,0.0112058,0.0019416,-0.0011904,0.0111496
0.001644,-0.000808,0.0110278,0.0016444,-0.0008082,0.0109715
0.001943,-0.00083,0.0109138,0.0019437,-0.0008303,0.010858
0.001872,-0.001552,0.0115018,0.0018725,-0.0015524,0.0114452
0.000128,0.00189,0.0126378,0.000128,0.0018902,0.0125797
-0.000624,0.001834,0.0126648,-0.0006241,0.0018342,0.0126067
-0.000279,0.001831,0.0126398,-0.000279,0.0018312,0.0125817
0.00017,0.002518,0.0119338,0.00017,0.0025185,0.0118766
-0.001069,-3.9e-05,0.0126948,-0.0010691,-3.9e-05,0.0126368
-0.001453,0.001422,0.0116958,-0.0014532,0.0014222,0.0116386
-0.00104,0.001435,0.0116098,-0.0010401,0.0014352,0.0115526
-0.001408,-0.000333,0.0123628,-0.0014082,-0.000333,0.0123049
-0.000989,-0.000336,0.0124838,-0.0009891,-0.000336,0.0124258
-0.000666,-0.000392,0.0123888,-0.0006661,-0.000392,0.0123309
-0.001055,0.000668,0.0119218,-0.0010551,0.0006681,0.0118642
-0.001823,-1.4e-05,0.0113298,-0.0018233,-1.4e-05,0.011273
-0.00287,-0.000369,0.0116318,-0.002871,-0.0003691,0.0115756
-0.000644,0.001102,0.0097928,-0.0006443,0.0011025,0.0097382
-0.000267,0.001199,0.0097698,-0.0002671,0.0011996,0.0097152
-0.0005,0.001218,0.0100938,-0.0005002,0.0012184,0.0100385
-0.000635,0.000767,0.0098148,-0.0006352,0.0007673,0.0097597
-0.000275,0.000771,0.0097768,-0.0002751,0.0007712,0.0097216
-0.000701,0.000711,0.0101148,-0.0007012,0.0007112,0.0100592
0.002644,-0.002385,0.0116278,0.0026451,-0.002386,0.0115721
0.002009,-0.002622,0.0115478,0.0020098,-0.0026231,0.0114921
0.002305,-0.002711,0.0115668,0.002306,-0.0027121,0.0115112
6.4e-05,-0.001184,0.0131298,6.4e-05,-0.0011841,0.0130714
-0.000268,-0.000782,0.0126878,-0.000268,-0.0007821,0.0126298
-0.000204,-0.001791,0.0123588,-0.000204,-0.0017912,0.0123009
0.000106,-0.001796,0.0122548,0.000106,-0.0017962,0.012197
0.001345,-0.001541,0.0123558,0.0013452,-0.0015412,0.0122979
0.00132,-0.000728,0.0127218,0.0013201,-0.0007281,0.0126637
0.001343,-0.000385,0.0127188,0.0013432,-0.0003851,0.0126607
0.0013,-0.000749,0.0129798,0.0013001,-0.0007491,0.0129215
0.001268,-0.001093,0.0133118,0.0012681,-0.0010931,0.0132532
0.000921,-0.000366,0.0126528,0.0009211,-0.000366,0.0125948
0.00091,-0.000814,0.0130088,0.0009101,-0.0008141,0.0129505
0.002205,-0.000297,0.0122348,0.0022053,-0.000297,0.012177
0.001254,0.001787,0.0112228,0.0012543,0.0017875,0.0111665
0.00121,0.001443,0.0115208,0.0012102,0.0014432,0.0114638
0.000845,0.001423,0.0112168,0.0008451,0.0014232,0.0111601
0.000894,0.001712,0.0112758,0.0008942,0.0017123,0.0112192
0.000898,0.001472,0.0115298,0.0008981,0.0014722,0.0114727
0.00124,-0.001527,0.0112098,0.0012403,-0.0015273,0.0111533
0.001226,-0.001155,0.0112628,0.0012262,-0.0011552,0.011206
0.001223,-0.001532,0.0115758,0.0012232,-0.0015322,0.0115187
0.000873,-0.001515,0.0112378,0.0008732,-0.0015153,0.0111811
0.000894,-0.001222,0.0112918,0.0008941,-0.0012222,0.011235
0.000865,-0.001441,0.0115478,0.0008651,-0.0014412,0.0114906
-0.000217,0.001194,0.0137288,-0.000217,0.0011941,0.0136697
0.000121,0.001178,0.0137438,0.000121,0.001178,0.0136847
-0.000634,0.000774,0.0140838,-0.000634,0.000774,0.0140243
-0.000304,0.00078,0.0140678,-0.000304,0.00078,0.0140084
-0.000677,0.000665,0.0143598,-0.000677,0.000665,0.0143001
0.001121,0.001181,0.0126778,0.0011211,0.0011811,0.0126197
0.000491,0.001393,0.0112488,0.0004911,0.0013932,0.011192
0.00047,-0.000817,0.0126988,0.0004701,-0.0008171,0.0126408
0.000438,-0.001554,0.0120618,0.000438,-0.0015542,0.0120041
-0.00141,-0.000375,0.0109678,-0.0014102,-0.0003751,0.0109114
-0.001037,-0.000374,0.0110888,-0.0010371,-0.000374,0.0110321
-0.000674,-0.000251,0.0109558,-0.0006741,-0.000251,0.0108993
-0.001001,-0.00075,0.0106118,-0.0010012,-0.0007502,0.0105557
-0.001054,0.000163,0.0113098,-0.0010541,0.000163,0.0112529
-0.001331,-0.000812,0.0109118,-0.0013313,-0.0008122,0.0108555
-0.000972,-0.000849,0.0109918,-0.0009721,-0.0008491,0.0109353
-0.000694,0.001195,0.0126118,-0.0006941,0.0011951,0.0125538
-0.000336,0.001236,0.0126388,-0.000336,0.0012361,0.0125808
-0.00054,0.001231,0.0129768,-0.0005401,0.0012311,0.0129186
-0.001397,0.001133,0.0123068,-0.0013972,0.0011331,0.0122489
-0.000995,-0.001426,0.0112938,-0.0009952,-0.0014262,0.011237
-0.000686,-0.001465,0.0111838,-0.0006861,-0.0014652,0.0111271
-0.001401,-0.001532,0.0116968,-0.0014012,-0.0015322,0.0116396
-0.001056,-0.001546,0.0116748,-0.0010561,-0.0015462,0.0116175
-0.001088,0.000756,0.0112698,-0.0010881,0.0007561,0.0112129
-0.00136,0.00078,0.0116118,-0.0013602,0.0007801,0.0115545
-0.001434,0.001064,0.0116728,-0.0014342,0.0010641,0.0116155
-0.000193,-0.001465,0.0112498,-0.000193,-0.0014652,0.011193
-0.000245,-0.001838,0.0118308,-0.000245,-0.0018382,0.0117733
-0.000259,-0.00253,0.0117518,-0.0002591,-0.0025306,0.0116949
0.000116,-0.002646,0.0116058,0.000116,-0.0026468,0.0115493
-0.000192,-0.001068,0.0111878,-0.000192,-0.0010681,0.011131
0.00012,-0.001055,0.0111988,0.00012,-0.0010551,0.011142
-0.000258,-0.000814,0.0108708,-0.000258,-0.0008141,0.0108143
-0.000523,-0.000533,0.0109668,-0.0005231,-0.0005331,0.0109102
0.001244,0.001871,0.0115538,0.0012443,0.0018714,0.011497
0.001513,0.001791,0.0116148,0.0015133,0.0017914,0.0115579
0.001159,0.001832,0.0119158,0.0011592,0.0018323,0.0118584
0.001223,-0.000341,0.0110368,0.0012232,-0.000341,0.0109802
0.0005,-0.00153,0.0112608,0.0005001,-0.0015302,0.011204
0.000515,-0.001186,0.0112428,0.0005151,-0.0011861,0.011186
0.000125,-0.001473,0.0116058,0.000125,-0.0014732,0.0115485
0.000488,-0.001538,0.0116168,0.0004881,-0.0015382,0.0115595
0.001343,-0.001131,0.0119228,0.0013432,-0.0011311,0.0118652
0.000516,0.001151,0.0098428,0.0005162,0.0011515,0.009788
0.000202,0.001179,0.0101048,0.0002021,0.0011794,0.0100494
0.00021,-0.000871,0.0109458,0.00021,-0.0008711,0.0108893
0.000485,-0.00078,0.0108998,0.0004851,-0.0007801,0.0108433
0.000188,-0.000519,0.0110018,0.000188,-0.0005191,0.0109452
0.001404,-0.000212,0.0122598,0.0014042,-0.000212,0.0122019
0.000948,-0.000263,0.0123498,0.0009481,-0.000263,0.0122919
-0.001065,0.001249,0.0123348,-0.0010651,0.0012492,0.0122769
-0.000972,0.000996,0.0110578,-0.0009721,0.0009961,0.0110012
-0.00064,0.001007,0.0110258,-0.0006401,0.0010071,0.0109692
0.000581,-0.000389,0.0112788,0.000581,-0.000389,0.0112219
0.001398,0.000367,0.0118938,0.0013981,0.0003671,0.0118362
0.000112,0.001127,0.0122478,0.000112,0.0011271,0.0121899
-0.000631,0.000768,0.0126398,-0.0006311,0.0007681,0.0125818
-0.000259,0.000809,0.0126218,-0.000259,0.0008091,0.0125638
-0.000637,0.00072,0.0129868,-0.0006371,0.0007201,0.0129286
-0.002208,0.001836,0.0116288,-0.0022088,0.0018366,0.0115726
-0.001871,0.001978,0.0116598,-0.0018716,0.0019786,0.0116033
0.002276,0.001793,0.0008528,0.0022769,0.0017936,0.000821
6e-05,0.001009,0.0008788,6e-05,0.0010093,0.0008473
7.9e-05,0.000946,0.0012448,7.9e-05,0.0009463,0.0012125
0.000482,0.000951,0.0012358,0.0004822,0.0009513,0.0012035
8.4e-05,0.000914,0.0016298,8.4e-05,0.0009142,0.0015967
0.000413,0.000649,0.0012868,0.0004131,0.0006492,0.0012544
0.000182,0.000556,0.0015488,0.0001821,0.0005561,0.0015159
0.001893,-0.001573,0.0011678,0.0018937,-0.0015735,0.0011354
0.002295,-0.001577,0.0012008,0.0022958,-0.0015776,0.0011682
-0.000257,-0.000523,0.0011778,-0.0002571,-0.0005231,0.0011456
7e-05,-0.000458,0.0011848,7e-05,-0.0004581,0.0011527
9.8e-05,-0.000415,0.0008448,9.8e-05,-0.0004151,0.0008133
5.6e-05,0.000294,0.0008468,5.6e-05,0.0002941,0.0008153
-0.000244,0.000991,0.0017538,-0.0002441,0.0009913,0.0017204
7.6e-05,0.001328,0.0016958,7.6e-05,0.0013284,0.0016625
0.002228,0.00105,0.0009048,0.0022288,0.0010504,0.000873
-0.000296,0.00134,0.0016778,-0.0002961,0.0013405,0.0016446
6e-05,0.00024,0.0016388,6e-05,0.0002401,0.0016058
0.000107,0.000973,0.0022618,0.000107,0.0009733,0.0022274
0.000135,0.001006,0.0026608,0.0001351,0.0010063,0.0026256
0.000459,0.000983,0.0026468,0.0004592,0.0009833,0.0026116
0.00018,0.001007,0.0029538,0.0001801,0.0010074,0.002918
9.3e-05,0.00066,0.0026608,9.3e-05,0.0006602,0.0026258
0.00043,0.000648,0.0026698,0.0004302,0.0006482,0.0026347
0.000136,0.000698,0.0030158,0.0001361,0.0006983,0.0029801
-0.000677,0.00106,0.0022618,-0.0006772,0.0010604,0.0022273
0.000413,4.2e-05,0.0026608,0.0004131,4.2e-05,0.0026259
-0.001705,0.002013,0.0219298,-0.001705,0.002013,0.0218698
-0.001398,0.001882,0.0219488,-0.001398,0.001882,0.0218888
7.3e-05,-0.000427,0.0223128,7.3e-05,-0.000427,0.0222528
-0.000169,0.001048,0.0217598,-0.000169,0.001048,0.0216998
2.6e-05,-0.000415,0.0217148,2.6e-05,-0.000415,0.0216548
0.000599,-0.000404,0.0209448,0.000599,-0.000404,0.0208848
0.000104,-0.000413,0.0209668,0.000104,-0.000413,0.0209068
-0.000186,-0.000724,0.0040688,-0.0001861,-0.0007245,0.0040308
9.9e-05,-0.000714,0.0040088,9.91e-05,-0.0007144,0.003971
6.7e-05,0.00034,0.0030948,6.7e-05,0.0003402,0.0030591
4.4e-05,-0.00038,0.0030198,4.4e-05,-0.0003802,0.0029842
0.000468,-7e-05,0.0033978,0.0004682,-7e-05,0.0033614
8.6e-05,-0.001176,0.0015498,8.6e-05,-0.0011764,0.0015169
-0.000191,0.001019,0.0032188,-0.0001911,0.0010195,0.0031825
7.2e-05,0.000987,0.0031858,7.2e-05,0.0009874,0.0031496
0.000148,-3.1e-05,0.0041018,0.0001481,-3.1e-05,0.0040638
0.000134,-0.000302,0.0044158,0.0001341,-0.0003022,0.0043771
0.000394,-5.1e-05,0.0048738,0.0003944,-5.11e-05,0.004834
0.000101,0.001008,0.0037048,0.000101,0.0010085,0.0036675
-0.000187,-0.000326,0.0052608,-0.0001873,-0.0003264,0.0052198
0.001091,0.001717,0.0033018,0.0010915,0.0017178,0.0032646
-0.000179,0.00101,0.0053298,-0.0001792,0.001011,0.0052885
0.000116,0.001011,0.0051918,0.0001161,0.0010119,0.0051509
0.000118,0.001033,0.0054878,0.0001181,0.001034,0.005446
0.00043,0.000981,0.0055318,0.0004304,0.000982,0.0054898
0.000211,0.000992,0.0057728,0.0002113,0.0009931,0.0057302
0.000475,0.000638,0.0054838,0.0004755,0.0006387,0.0054422
8e-06,0.000339,0.0058488,8e-06,0.0003394,0.005806
0.000102,-0.00037,0.0058658,0.0001021,-0.0003704,0.005823
0.002179,0.001816,0.0016358,0.0021798,0.0018167,0.0016021
0.001287,0.001804,0.0017388,0.0012875,0.0018047,0.0017051
8.7e-05,0.002508,0.0016958,8.71e-05,0.0025089,0.0016621
0.000177,0.001808,0.0030428,0.0001771,0.0018088,0.0030064
-0.000237,0.001072,0.0060328,-0.0002373,0.0010733,0.0059893
0.000123,0.002543,0.0030688,0.0001231,0.0025442,0.0030318
8.3e-05,0.001747,0.0044668,8.31e-05,0.0017481,0.004427
-0.001468,0.0018,0.0015738,-0.0014685,0.0018006,0.0015404
-0.000647,-0.000345,0.0065998,-0.0006478,-0.0003455,0.0065546
5.9e-05,0.000954,0.0194968,5.9e-05,0.000954,0.0194368
-0.000178,-0.000266,0.0187708,-0.000178,-0.000266,0.0187108
0.000116,-0.000348,0.0187418,0.000116,-0.000348,0.0186818
0.00012,-0.000371,0.0195028,0.00012,-0.000371,0.0194428
0.000569,-0.00036,0.0194918,0.000569,-0.00036,0.0194318
0.000553,-0.000222,0.0197878,0.000553,-0.000222,0.0197278
-0.000207,0.001078,0.0181418,-0.000207,0.001078,0.0180818
0.000118,0.001106,0.0180908,0.000118,0.001106,0.0180308
0.00012,0.002479,0.0044918,0.0001201,0.0024806,0.0044512
-0.000214,0.001242,0.0066438,-0.0002143,0.0012436,0.0065981
0.000117,0.001134,0.0066288,0.0001172,0.0011355,0.0065832
-0.001396,0.00179,0.0030078,-0.0013966,0.0017908,0.0029711
0.000108,-0.000396,0.0172908,0.000108,-0.000396,0.0172308
0.000563,-0.000386,0.0180798,0.000563,-0.000386,0.0180198
0.000475,-0.000257,0.0183118,0.000475,-0.000257,0.0182518
-0.000704,-0.000235,0.0160088,-0.000704,-0.000235,0.0159488
-0.000624,-0.000196,0.0151178,-0.000624,-0.000196,0.0150579
9.5e-05,-0.00034,0.0158918,9.5e-05,-0.00034,0.0158318
0.000128,-0.000372,0.0152398,0.000128,-0.000372,0.0151798
0.000149,-0.000432,0.0167378,0.000149,-0.000432,0.0166778
-0.000157,0.000292,0.0159268,-0.000157,0.000292,0.0158668
0.002336,0.001814,0.0044268,0.0023375,0.0018152,0.0043859
9e-05,0.000746,0.0069638,9.01e-05,0.0007471,0.0069173
0.000448,0.000743,0.0069918,0.0004487,0.0007441,0.0069451
9.9e-05,0.000731,0.0072928,9.92e-05,0.0007322,0.0072451
0.000514,-0.000449,0.0069028,0.0005148,-0.0004497,0.0068565
0.000467,-3.2e-05,0.0069828,0.0004678,-3.2e-05,0.0069364
9.3e-05,0.001768,0.0058158,9.31e-05,0.0017697,0.0057722
0.000177,-0.001165,0.0044968,0.0001771,-0.0011659,0.0044575
9.1e-05,0.002501,0.0058208,9.11e-05,0.0025032,0.0057767
-0.001465,0.001759,0.0043958,-0.0014659,0.0017601,0.0043556
0.000579,-0.000425,0.0083378,0.0005799,-0.0004257,0.0082862
-0.000194,-0.000349,0.0081268,-0.0001943,-0.0003496,0.0080754
0.000156,-0.000322,0.0080928,0.0001563,-0.0003226,0.0080415
0.000531,6e-06,0.0084458,0.0005318,6e-06,0.0083935
0.000449,3e-05,0.0090838,0.0004493,3e-05,0.0090295
-0.000207,0.001246,0.0094638,-0.0002071,0.0012469,0.00941
0.000137,0.001181,0.0094188,0.0001371,0.0011818,0.009365
-0.000248,0.001187,0.0153308,-0.000248,0.001187,0.0152708
-0.001449,0.001819,0.0058268,-0.0014503,0.0018207,0.0057828
0.000218,7e-05,0.0148218,0.000218,7e-05,0.0147619
0.000507,2.3e-05,0.0147858,0.000507,2.3e-05,0.0147259
0.000456,-5.9e-05,0.0140798,0.000456,-5.9e-05,0.0140204
0.000447,0.000754,0.0141988,0.000447,0.000754,0.0141392
9.9e-05,0.000703,0.0144528,9.9e-05,0.000703,0.0143931
0.000143,-0.000313,0.0129658,0.000143,-0.000313,0.0129077
-0.000561,2e-06,0.0126658,-0.0005611,2e-06,0.0126078
-0.000237,2e-06,0.0126028,-0.000237,2e-06,0.0125448
0.000161,-0.000392,0.0137048,0.000161,-0.000392,0.0136458
0.000457,-1.7e-05,0.0133318,0.000457,-1.7e-05,0.0132733
-0.000534,-2.7e-05,0.0098838,-0.0005341,-2.7e-05,0.0098283
-0.000244,-2e-05,0.0097908,-0.0002441,-2e-05,0.0097353
0.000526,-0.000461,0.0097458,0.0005262,-0.0004611,0.0096905
0.000444,-4.9e-05,0.0098598,0.0004441,-4.9e-05,0.0098043
0.000111,0.000746,0.0098248,0.000111,0.0007462,0.0097695
0.000452,0.000708,0.0099158,0.0004521,0.0007082,0.0098604
0.000142,0.000756,0.0101418,0.000142,0.0007561,0.010086
0.00015,0.000989,0.0108858,0.00015,0.0009891,0.0108293
0.000427,-8e-06,0.0105438,0.0004271,-8e-06,0.0104875
0.000541,-0.000463,0.0140468,0.000541,-0.000463,0.0139874
-0.000571,1e-05,0.0112158,-0.0005711,1e-05,0.011159
-0.000247,2.2e-05,0.0111728,-0.000247,2.2e-05,0.0111161
0.000232,0.000765,0.0129228,0.000232,0.0007651,0.0128646
0.00015,0.001014,0.0112268,0.00015,0.0010141,0.01117
0.000498,0.001028,0.0112378,0.0004981,0.0010281,0.011181
0.000149,0.001055,0.0115278,0.000149,0.0010551,0.0114706
0.000165,0.000675,0.0112828,0.000165,0.0006751,0.0112259
0.000478,0.000641,0.0112558,0.0004781,0.0006411,0.0111989
0.00049,-1.7e-05,0.0113128,0.00049,-1.7e-05,0.0112559
7e-05,0.000302,0.0116618,7e-05,0.000302,0.0116044
0.000105,-0.000392,0.0116658,0.000105,-0.000392,0.0116084
0.000502,2.3e-05,0.0119478,0.0005021,2.3e-05,0.0118901
0.000163,-0.000427,0.0123028,0.000163,-0.000427,0.0122449
0.000599,-0.000505,0.0126428,0.0005991,-0.0005051,0.0125848
9.9e-05,0.001749,0.0115978,9.9e-05,0.0017492,0.0115406
0.000134,0.002467,0.0116178,0.000134,0.0024676,0.0115611
0.000151,-0.001131,0.0117238,0.000151,-0.0011311,0.0116663
0.002331,0.001803,0.0115998,0.0023319,0.0018037,0.0115437
-0.001441,0.001778,0.0115948,-0.0014413,0.0017784,0.0115379
